target_id	length	eff_length	est_counts	tpm
lcl|NC_052664.1_mrna_XM_011174403.3_1	1632	1433	0	0
lcl|NC_052664.1_ncrna_XR_005576014.1_2	2422	2223	7.83933	0.990501
lcl|NC_052664.1_mrna_XM_039455859.1_3	2231	2032	0	0
lcl|NC_052664.1_mrna_XM_039455852.1_4	3668	3469	1.39713e-08	1.13123e-09
lcl|NC_052664.1_mrna_XM_039455850.1_5	3651	3452	1.9282e-06	1.5689e-07
lcl|NC_052664.1_mrna_XM_039455857.1_6	3601	3402	4.37158	0.360927
lcl|NC_052664.1_mrna_XM_039455813.1_7	1505	1306	127.416	27.4029
lcl|NC_052664.1_ncrna_XR_005576018.1_8	258	59.1108	0	0
lcl|NC_052664.1_mrna_XM_039455819.1_9	2627	2428	4	0.462729
lcl|NC_052664.1_mrna_XM_039455797.1_10	1689	1490	0	0
lcl|NC_052664.1_mrna_XM_039455795.1_11	1695	1496	0	0
lcl|NC_052664.1_mrna_XM_011164094.3_12	2847	2648	1	0.106071
lcl|NC_052664.1_ncrna_XR_005576019.1_13	1451	1252	1	0.224342
lcl|NC_052664.1_mrna_XM_039455840.1_14	1196	997	0	0
lcl|NC_052664.1_mrna_XM_026141784.2_15	927	728	0	0
lcl|NC_052664.1_mrna_XM_039455828.1_16	2681	2482	0	0
lcl|NC_052664.1_ncrna_XR_005576016.1_17	1204	1005	3.02419	0.845199
lcl|NC_052664.1_mrna_XM_011172946.3_18	1320	1121	1	0.250559
lcl|NC_052664.1_mrna_XM_039453021.1_19	3090	2891	0	0
lcl|NC_052664.1_mrna_XM_039455798.1_20	1720	1521	0	0
lcl|NC_052664.1_mrna_XM_039453027.1_21	354	155	0	0
lcl|NC_052664.1_mrna_XM_039453175.1_22	611	412	0	0
lcl|NC_052664.1_mrna_XM_039453033.1_23	694	495	0	0
lcl|NC_052664.1_mrna_XM_039448716.1_24	2677	2478	3.62362e-05	4.10731e-06
lcl|NC_052664.1_mrna_XM_039448709.1_25	3064	2865	0	0
lcl|NC_052664.1_mrna_XM_039448726.1_26	2547	2348	0	0
lcl|NC_052664.1_mrna_XM_039448733.1_27	2115	1916	5.74357	0.84198
lcl|NC_052664.1_mrna_XM_039448696.1_28	3269	3070	0	0
lcl|NC_052664.1_mrna_XM_039448689.1_29	2980	2781	45.4317	4.58854
lcl|NC_052664.1_mrna_XM_039453962.1_30	1353	1154	0	0
lcl|NC_052664.1_mrna_XM_039451964.1_31	1863	1664	13.3029	2.24547
lcl|NC_052664.1_mrna_XM_039453094.1_32	537	338	0	0
lcl|NC_052664.1_mrna_XM_011174199.3_33	1090	891	0	0
lcl|NC_052664.1_mrna_XM_039450104.1_34	1266	1067	0.440095	0.115851
lcl|NC_052664.1_mrna_XM_039450100.1_35	1327	1128	123.204	30.6783
lcl|NC_052664.1_miscrna_XR_005574663.1_36	1316	1117	265.225	66.6924
lcl|NC_052664.1_mrna_XM_039448665.1_37	1277	1078	0.0693257	0.0180631
lcl|NC_052664.1_mrna_XM_039448666.1_38	1196	997	0	0
lcl|NC_052664.1_mrna_XM_039448668.1_39	1198	999	18.0429	5.0729
lcl|NC_052664.1_mrna_XM_039446419.1_40	1502	1303	0	0
lcl|NC_052664.1_mrna_XM_039446423.1_41	1409	1210	2	0.464259
lcl|NC_052664.1_mrna_XM_039446410.1_42	1634	1435	0	0
lcl|NC_052664.1_mrna_XM_039446426.1_43	921	722	0	0
lcl|NC_052664.1_mrna_XM_039453945.1_44	2150	1951	2	0.287931
lcl|NC_052664.1_mrna_XM_039448497.1_45	3042	2843	0	0
lcl|NC_052664.1_mrna_XM_039450125.1_46	2739	2540	0	0
lcl|NC_052664.1_mrna_XM_011165589.3_47	2134	1935	2.0103	0.291807
lcl|NC_052664.1_mrna_XM_039452417.1_48	3614	3415	0	0
lcl|NC_052664.1_mrna_XM_039452412.1_49	3574	3375	0	0
lcl|NC_052664.1_mrna_XM_039452466.1_50	967	768	0	0
lcl|NC_052664.1_mrna_XM_039452458.1_51	1446	1247	0	0
lcl|NC_052664.1_mrna_XM_039452415.1_52	3554	3355	0	0
lcl|NC_052664.1_mrna_XM_039453313.1_53	5463	5264	0	0
lcl|NC_052664.1_mrna_XM_026137695.2_54	1463	1264	0	0
lcl|NC_052664.1_miscrna_XR_005575336.1_55	2146	1947	0	0
lcl|NC_052664.1_mrna_XM_026137696.2_56	1417	1218	1	0.230605
lcl|NC_052664.1_mrna_XM_039452421.1_57	3024	2825	1	0.0994254
lcl|NC_052664.1_mrna_XM_039453383.1_58	2053	1854	0	0
lcl|NC_052664.1_ncrna_XR_005575344.1_59	728	529	0	0
lcl|NC_052664.1_mrna_XM_039452452.1_60	773	574	0	0
lcl|NC_052664.1_mrna_XM_039452442.1_61	2697	2498	0	0
lcl|NC_052664.1_mrna_XM_039452439.1_62	2360	2161	0	0
lcl|NC_052664.1_ncrna_XR_005575339.1_63	3025	2826	1	0.0993902
lcl|NC_052664.1_mrna_XM_026140391.2_64	12303	12104	8.44659	0.196005
lcl|NC_052664.1_mrna_XM_039453625.1_65	4145	3946	116.578	8.29806
lcl|NC_052664.1_mrna_XM_039453620.1_66	10354	10155	0	0
lcl|NC_052664.1_mrna_XM_039453571.1_67	2001	1802	1	0.155869
lcl|NC_052664.1_mrna_XM_039447282.1_68	1801	1602	45.3624	7.95334
lcl|NC_052664.1_mrna_XM_039447292.1_69	1642	1443	17.5469	3.41547
lcl|NC_052664.1_mrna_XM_039447296.1_70	1528	1329	0	0
lcl|NC_052664.1_mrna_XM_039447287.1_71	1780	1581	1.09064	0.19376
lcl|NC_052664.1_mrna_XM_039448347.1_72	1306	1107	0	0
lcl|NC_052664.1_mrna_XM_039448308.1_73	1304	1105	0	0
lcl|NC_052664.1_mrna_XM_039448307.1_74	1475	1276	13.958	3.07247
lcl|NC_052664.1_mrna_XM_039448336.1_75	1475	1276	13.958	3.07247
lcl|NC_052664.1_mrna_XM_039448312.1_76	1381	1182	0	0
lcl|NC_052664.1_mrna_XM_039448350.1_77	1381	1182	0	0
lcl|NC_052664.1_mrna_XM_039448342.1_78	1380	1181	12.8481	3.05566
lcl|NC_052664.1_mrna_XM_039448319.1_79	1298	1099	0	0
lcl|NC_052664.1_mrna_XM_039448326.1_80	1478	1279	222.193	48.795
lcl|NC_052664.1_mrna_XM_039448314.1_81	1325	1126	0	0
lcl|NC_052664.1_mrna_XM_039448334.1_82	1391	1192	38.3626	9.03956
lcl|NC_052664.1_mrna_XM_039448315.1_83	1309	1110	0	0
lcl|NC_052664.1_mrna_XM_039448299.1_84	1600	1401	182.725	36.6332
lcl|NC_052664.1_mrna_XM_011169660.3_85	1772	1573	1005.88	179.61
lcl|NC_052664.1_mrna_XM_011169661.3_86	1778	1579	0	0
lcl|NC_052664.1_mrna_XM_039446681.1_87	1730	1531	130.124	23.8724
lcl|NC_052664.1_mrna_XM_039446684.1_88	1591	1392	0	0
lcl|NC_052664.1_ncrna_XR_003269271.2_89	811	612	106.196	48.7386
lcl|NC_052664.1_mrna_XM_026139485.2_90	1611	1412	427.208	84.9808
lcl|NC_052664.1_mrna_XM_039454648.1_91	1453	1254	154.595	34.627
lcl|NC_052664.1_mrna_XM_039454664.1_92	1944	1745	1959.38	315.383
lcl|NC_052664.1_mrna_XM_039454660.1_93	1963	1764	98.6236	15.7035
lcl|NC_052664.1_ncrna_XR_005575778.1_94	3692	3493	4.04331	0.325128
lcl|NC_052664.1_mrna_XM_039448131.1_95	2397	2198	822.658	105.125
lcl|NC_052664.1_mrna_XM_039448129.1_96	2475	2276	482.554	59.5511
lcl|NC_052664.1_mrna_XM_039448127.1_97	2245	2046	0.00209011	0.000286933
lcl|NC_052664.1_mrna_XM_026141321.2_98	2212	2013	156.786	21.8765
lcl|NC_052664.1_mrna_XM_039447836.1_99	2039	1840	8.13091	1.24119
lcl|NC_052664.1_mrna_XM_039447850.1_100	1728	1529	0	0
lcl|NC_052664.1_mrna_XM_039447839.1_101	2036	1837	65.2014	9.96928
lcl|NC_052664.1_mrna_XM_039447857.1_102	1725	1526	3.58477e-08	6.59816e-09
lcl|NC_052664.1_mrna_XM_039447863.1_103	1628	1429	123.038	24.1838
lcl|NC_052664.1_mrna_XM_026130813.2_104	1344	1145	0	0
lcl|NC_052664.1_mrna_XM_039447868.1_105	1345	1146	14.9754	3.67036
lcl|NC_052664.1_mrna_XM_039453233.1_106	1837	1638	0.748852	0.12841
lcl|NC_052664.1_mrna_XM_039453237.1_107	1837	1638	0.748852	0.12841
lcl|NC_052664.1_mrna_XM_039447343.1_108	6600	6401	0	0
lcl|NC_052664.1_mrna_XM_039453750.1_109	237	39.4185	0	0
lcl|NC_052664.1_mrna_XM_039447429.1_110	3355	3156	0	0
lcl|NC_052664.1_mrna_XM_039447425.1_111	6541	6342	18.4815	0.818517
lcl|NC_052664.1_mrna_XM_039447428.1_112	1772	1573	89.5185	15.9845
lcl|NC_052664.1_ncrna_XR_003269473.2_113	701	502	0	0
lcl|NC_052664.1_ncrna_XR_005574428.1_114	1248	1049	0	0
lcl|NC_052664.1_ncrna_XR_005574427.1_115	1304	1105	0	0
lcl|NC_052664.1_ncrna_XR_005574430.1_116	1248	1049	0	0
lcl|NC_052664.1_ncrna_XR_005574429.1_117	1131	932	116.744	35.183
lcl|NC_052664.1_mrna_XM_039447357.1_118	9032	8833	0.0026776	8.5144e-05
lcl|NC_052664.1_mrna_XM_039447352.1_119	9097	8898	2.19731	0.0693609
lcl|NC_052664.1_mrna_XM_039447354.1_120	9066	8867	72.8	2.30606
lcl|NC_052664.1_mrna_XM_039447452.1_121	586	387	180	130.64
lcl|NC_052664.1_mrna_XM_011167394.3_122	1526	1327	675	142.872
lcl|NC_052664.1_mrna_XM_039447361.1_123	5566	5367	1.02277e-07	5.35257e-09
lcl|NC_052664.1_mrna_XM_026139306.2_124	5188	4989	40.3395	2.27108
lcl|NC_052664.1_mrna_XM_039447400.1_125	5347	5148	12.6611	0.690794
lcl|NC_052664.1_mrna_XM_039447368.1_126	5506	5307	0.00807112	0.00042717
lcl|NC_052664.1_mrna_XM_039447410.1_127	3755	3556	0	0
lcl|NC_052664.1_mrna_XM_039447364.1_128	5549	5350	2.46448e-06	1.29386e-07
lcl|NC_052664.1_mrna_XM_039447404.1_129	5922	5723	0	0
lcl|NC_052664.1_mrna_XM_039447389.1_130	6138	5939	0	0
lcl|NC_052664.1_mrna_XM_039447396.1_131	6078	5879	0	0
lcl|NC_052664.1_mrna_XM_039447391.1_132	5951	5752	0	0
lcl|NC_052664.1_mrna_XM_039447373.1_133	6140	5941	0	0
lcl|NC_052664.1_mrna_XM_039447394.1_134	6080	5881	0	0
lcl|NC_052664.1_mrna_XM_039447381.1_135	5997	5798	0	0
lcl|NC_052664.1_mrna_XM_039447380.1_136	6120	5921	0	0
lcl|NC_052664.1_mrna_XM_039447387.1_137	5977	5778	0	0
lcl|NC_052664.1_mrna_XM_039447376.1_138	6096	5897	0	0
lcl|NC_052664.1_mrna_XM_039447382.1_139	5953	5754	0	0
lcl|NC_052664.1_mrna_XM_011176999.2_140	1235	1036	486.635	131.935
lcl|NC_052664.1_mrna_XM_011176998.3_141	1305	1106	12.3118	3.12668
lcl|NC_052664.1_mrna_XM_039447526.1_142	1176	977	64.2538	18.4723
lcl|NC_052664.1_mrna_XM_011176997.3_143	1214	1015	0	0
lcl|NC_052664.1_mrna_XM_026139304.2_144	331	132	3.79979	8.08539
lcl|NC_052664.1_mrna_XM_039450990.1_145	1508	1309	0	0
lcl|NC_052664.1_mrna_XM_039450998.1_146	1477	1278	4.16742	0.915908
lcl|NC_052664.1_mrna_XM_039450983.1_147	1577	1378	0.699922	0.142665
lcl|NC_052664.1_ncrna_XR_005575088.1_148	317	118	0	0
lcl|NC_052664.1_miscrna_XR_005575060.1_149	2384	2185	0.00848281	0.00109045
lcl|NC_052664.1_miscrna_XR_005575065.1_150	2153	1954	0	0
lcl|NC_052664.1_miscrna_XR_005575064.1_151	2042	1843	71.1337	10.8409
lcl|NC_052664.1_mrna_XM_039450752.1_152	3656	3457	0	0
lcl|NC_052664.1_mrna_XM_039450803.1_153	3653	3454	0	0
lcl|NC_052664.1_mrna_XM_039450828.1_154	3641	3442	45.8778	3.74376
lcl|NC_052664.1_mrna_XM_039450868.1_155	3638	3439	429.724	35.0972
lcl|NC_052664.1_mrna_XM_039450770.1_156	3647	3448	0	0
lcl|NC_052664.1_mrna_XM_011166287.3_157	2439	2240	334.057	41.8878
lcl|NC_052664.1_mrna_XM_039451029.1_158	2525	2326	16.1998	1.95621
lcl|NC_052664.1_miscrna_XR_005575104.1_159	2976	2777	0	0
lcl|NC_052664.1_miscrna_XR_005575102.1_160	3080	2881	0	0
lcl|NC_052664.1_mrna_XM_011164525.3_161	5099	4900	0.0565071	0.00323909
lcl|NC_052664.1_mrna_XM_011164526.3_162	5090	4891	29.5717	1.69822
lcl|NC_052664.1_mrna_XM_011164527.3_163	4981	4782	0.212219	0.0124649
lcl|NC_052664.1_mrna_XM_026139619.2_164	4972	4773	128.439	7.55828
lcl|NC_052664.1_mrna_XM_039456894.1_165	4885	4686	0	0
lcl|NC_052664.1_mrna_XM_011164529.3_166	4766	4567	0.10952	0.00673562
lcl|NC_052664.1_mrna_XM_026139620.2_167	4757	4558	89.8923	5.53941
lcl|NC_052664.1_mrna_XM_026139617.2_168	5049	4850	11.7183	0.678639
lcl|NC_052664.1_mrna_XM_011164532.1_169	624	425	0	0
lcl|NC_052664.1_mrna_XM_039453953.1_170	763	564	0	0
lcl|NC_052664.1_mrna_XM_039451994.1_171	6712	6513	5.65885e-08	2.44041e-09
lcl|NC_052664.1_mrna_XM_039451990.1_172	6948	6749	0	0
lcl|NC_052664.1_mrna_XM_039452006.1_173	6008	5809	0	0
lcl|NC_052664.1_mrna_XM_039452011.1_174	5996	5797	12.7571	0.618106
lcl|NC_052664.1_mrna_XM_039452014.1_175	5827	5628	0	0
lcl|NC_052664.1_mrna_XM_039452001.1_176	4512	4313	20.3123	1.3228
lcl|NC_052664.1_miscrna_XR_005575239.1_177	4068	3869	0	0
lcl|NC_052664.1_miscrna_XR_005575240.1_178	4089	3890	0	0
lcl|NC_052664.1_ncrna_XR_003269301.2_179	9999	9800	2	0.0573218
lcl|NC_052664.1_mrna_XM_039454097.1_180	1203	1004	0	0
lcl|NC_052664.1_mrna_XM_039454364.1_181	1006	807	0	0
lcl|NC_052664.1_mrna_XM_026141863.2_182	2010	1811	0	0
lcl|NC_052664.1_mrna_XM_039451951.1_183	2119	1920	3.87342	0.566642
lcl|NC_052664.1_mrna_XM_039451949.1_184	2156	1957	1.87771e-08	2.69497e-09
lcl|NC_052664.1_mrna_XM_039451954.1_185	2146	1947	2.01827	0.291159
lcl|NC_052664.1_mrna_XM_039448516.1_186	3447	3248	1.9922	0.172279
lcl|NC_052664.1_mrna_XM_039448510.1_187	3465	3266	0.00779782	0.000670614
lcl|NC_052664.1_mrna_XM_039448499.1_188	3498	3299	3.25641e-07	2.77251e-08
lcl|NC_052664.1_mrna_XM_039448506.1_189	3520	3321	0	0
lcl|NC_052664.1_ncrna_XR_005574622.1_190	2362	2163	0	0
lcl|NC_052664.1_ncrna_XR_005574621.1_191	2374	2175	0	0
lcl|NC_052664.1_ncrna_XR_005574620.1_192	2366	2167	0	0
lcl|NC_052664.1_ncrna_XR_005575588.1_193	1649	1450	0	0
lcl|NC_052664.1_mrna_XM_039454381.1_194	2847	2648	0	0
lcl|NC_052664.1_mrna_XM_039453718.1_195	690	491	467	267.147
lcl|NC_052664.1_ncrna_XR_005575590.1_196	316	117	0	0
lcl|NC_052664.1_ncrna_XR_003269612.2_197	2806	2607	0	0
lcl|NC_052664.1_mrna_XM_039453714.1_198	3822	3623	5	0.38763
lcl|NC_052664.1_mrna_XM_039454406.1_199	1630	1431	67.4768	13.2443
lcl|NC_052664.1_mrna_XM_039453664.1_200	3258	3059	888.277	81.5614
lcl|NC_052664.1_mrna_XM_039453672.1_201	3123	2924	0	0
lcl|NC_052664.1_mrna_XM_039453677.1_202	2831	2632	6.62684	0.70719
lcl|NC_052664.1_mrna_XM_039453656.1_203	4598	4399	0	0
lcl|NC_052664.1_mrna_XM_039453647.1_204	3069	2870	0	0
lcl|NC_052664.1_mrna_XM_039453659.1_205	3733	3534	79.096	6.28643
lcl|NC_052664.1_mrna_XM_039453640.1_206	3753	3554	0	0
lcl|NC_052664.1_mrna_XM_039453669.1_207	3180	2981	0	0
lcl|NC_052664.1_mrna_XM_039453679.1_208	2819	2620	0	0
lcl|NC_052664.1_mrna_XM_039454412.1_209	3021	2822	0	0
lcl|NC_052664.1_mrna_XM_039453706.1_210	1256	1057	0	0
lcl|NC_052664.1_mrna_XM_039453693.1_211	1696	1497	0	0
lcl|NC_052664.1_mrna_XM_039453688.1_212	1839	1640	0	0
lcl|NC_052664.1_mrna_XM_039454517.1_213	807	608	0	0
lcl|NC_052664.1_mrna_XM_039454524.1_214	3297	3098	0	0
lcl|NC_052664.1_mrna_XM_011176981.1_215	1965	1766	0	0
lcl|NC_052664.1_mrna_XM_039454679.1_216	753	554	0	0
lcl|NC_052664.1_mrna_XM_026138210.2_217	674	475	139	82.1934
lcl|NC_052664.1_ncrna_XR_005576105.1_218	852	653	6.98522	3.00457
lcl|NC_052664.1_mrna_XM_011160100.1_219	378	179	0	0
lcl|NC_052664.1_ncrna_XR_005575506.1_220	804	605	2	0.928518
lcl|NC_052664.1_mrna_XM_011163356.3_221	3813	3614	0	0
lcl|NC_052664.1_mrna_XM_039450112.1_222	8715	8516	0	0
lcl|NC_052664.1_mrna_XM_039450117.1_223	8655	8456	0	0
lcl|NC_052664.1_mrna_XM_039446477.1_224	1076	877	1.75678	0.562644
lcl|NC_052664.1_mrna_XM_011165842.1_225	699	500	0	0
lcl|NC_052664.1_mrna_XM_011165841.1_226	855	656	0	0
lcl|NC_052664.1_mrna_XM_011166615.1_227	492	293	0	0
lcl|NC_052664.1_mrna_XM_011166613.2_228	849	650	0	0
lcl|NC_052664.1_mrna_XM_039446469.1_229	1030	831	0	0
lcl|NC_052664.1_mrna_XM_039446473.1_230	943	744	0	0
lcl|NC_052664.1_mrna_XM_039446453.1_231	2883	2684	0	0
lcl|NC_052664.1_mrna_XM_039459637.1_232	957	758	0	0
lcl|NC_052664.1_mrna_XM_039459686.1_233	666	467	0	0
lcl|NC_052664.1_mrna_XM_039459731.1_234	666	467	0	0
lcl|NC_052664.1_mrna_XM_026141993.2_235	820	621	0	0
lcl|NC_052664.1_mrna_XM_039446461.1_236	1549	1350	0	0
lcl|NC_052664.1_mrna_XM_039446465.1_237	1254	1055	0	0
lcl|NC_052664.1_mrna_XM_039451009.1_238	1319	1120	1.65702	0.415552
lcl|NC_052664.1_mrna_XM_039445906.1_239	6369	6170	131.44	5.98353
lcl|NC_052664.1_mrna_XM_039445911.1_240	6261	6062	0.109201	0.00505973
lcl|NC_052664.1_ncrna_XR_003269687.2_241	1159	960	113.712	33.2697
lcl|NC_052664.1_mrna_XM_026141405.2_242	1335	1136	0	0
lcl|NC_052664.1_mrna_XM_039445915.1_243	1287	1088	30.2539	7.81031
lcl|NC_052664.1_mrna_XM_026141401.2_244	1260	1061	39.9943	10.5876
lcl|NC_052664.1_mrna_XM_011176671.3_245	1115	916	121.829	37.3569
lcl|NC_052664.1_mrna_XM_011174742.3_246	2588	2389	218.3	25.6657
lcl|NC_052664.1_mrna_XM_039445940.1_247	2638	2439	0	0
lcl|NC_052664.1_mrna_XM_039445946.1_248	2017	1818	361.289	55.8183
lcl|NC_052664.1_mrna_XM_039445950.1_249	1982	1783	69.4112	10.9344
lcl|NC_052664.1_mrna_XM_039445979.1_250	657	458	0	0
lcl|NC_052664.1_mrna_XM_039446046.1_251	501	302	1.41242	1.31363
lcl|NC_052664.1_mrna_XM_039453948.1_252	1445	1246	0	0
lcl|NC_052664.1_mrna_XM_026138286.2_253	894	695	1	0.404139
lcl|NC_052664.1_mrna_XM_011174747.1_254	2253	2054	0	0
lcl|NC_052664.1_mrna_XM_011174748.2_255	2880	2681	0	0
lcl|NC_052664.1_mrna_XM_026138290.2_256	3369	3170	11.0165	0.976114
lcl|NC_052664.1_mrna_XM_039454995.1_257	3104	2905	373.899	36.1513
lcl|NC_052664.1_mrna_XM_039455000.1_258	2994	2795	0	0
lcl|NC_052664.1_ncrna_XR_005575855.1_259	347	148	0	0
lcl|NC_052664.1_ncrna_XR_005575860.1_260	1221	1022	1	0.27483
lcl|NC_052664.1_mrna_XM_039449797.1_261	3717	3518	0	0
lcl|NC_052664.1_mrna_XM_039448177.1_262	1829	1630	99.1712	17.0889
lcl|NC_052664.1_mrna_XM_039448170.1_263	1931	1732	500.829	81.2189
lcl|NC_052664.1_mrna_XM_039448181.1_264	1465	1266	0	0
lcl|NC_052664.1_mrna_XM_039449990.1_265	5341	5142	618.87	33.8052
lcl|NC_052664.1_mrna_XM_039450751.1_266	4738	4539	108.709	6.727
lcl|NC_052664.1_mrna_XM_039450367.1_267	4913	4714	378.421	22.5477
lcl|NC_052664.1_mrna_XM_011174344.3_268	835	636	308	136.022
lcl|NC_052664.1_mrna_XM_039447521.1_269	3000	2801	752.11	75.4196
lcl|NC_052664.1_mrna_XM_039447519.1_270	1963	1764	269.89	42.9738
lcl|NC_052664.1_mrna_XM_039446279.1_271	588	389	0	0
lcl|NC_052664.1_mrna_XM_026141041.2_272	2498	2299	47.1179	5.75655
lcl|NC_052664.1_mrna_XM_026141036.2_273	2675	2476	771.872	87.5609
lcl|NC_052664.1_mrna_XM_026141038.2_274	2795	2596	71.787	7.76706
lcl|NC_052664.1_mrna_XM_026141040.2_275	2567	2368	42.4114	5.03056
lcl|NC_052664.1_mrna_XM_026141037.2_276	2744	2545	138.254	15.2583
lcl|NC_052664.1_mrna_XM_026141039.2_277	2241	2042	0	0
lcl|NC_052664.1_mrna_XM_039454423.1_278	2040	1841	6.55718	1.00041
lcl|NC_052664.1_miscrna_XR_005574249.1_279	7281	7082	4.63684	0.1839
lcl|NC_052664.1_mrna_XM_011174350.3_280	2699	2500	68.3632	7.68065
lcl|NC_052664.1_mrna_XM_039450820.1_281	2983	2784	0	0
lcl|NC_052664.1_mrna_XM_039453791.1_282	2124	1925	494.011	72.0811
lcl|NC_052664.1_mrna_XM_039453917.1_283	2175	1976	13.5626	1.92784
lcl|NC_052664.1_mrna_XM_039453871.1_284	2665	2466	0	0
lcl|NC_052664.1_mrna_XM_039453728.1_285	1515	1316	384.37	82.0369
lcl|NC_052664.1_mrna_XM_039453958.1_286	1322	1123	0	0
lcl|NC_052664.1_mrna_XM_039453816.1_287	2364	2165	0	0
lcl|NC_052664.1_mrna_XM_011174356.3_288	1064	865	519	168.526
lcl|NC_052664.1_mrna_XM_039454530.1_289	7118	6919	266.246	10.8083
lcl|NC_052664.1_mrna_XM_039454535.1_290	1534	1335	2.95672	0.622077
lcl|NC_052664.1_ncrna_XR_005575757.1_291	412	213	0	0
lcl|NC_052664.1_mrna_XM_039454558.1_292	1789	1590	194.822	34.4157
lcl|NC_052664.1_mrna_XM_039454562.1_293	5913	5714	0	0
lcl|NC_052664.1_mrna_XM_039454568.1_294	5693	5494	34.89	1.78373
lcl|NC_052664.1_mrna_XM_039454573.1_295	5898	5699	208.288	10.2655
lcl|NC_052664.1_mrna_XM_039454544.1_296	5359	5160	0	0
lcl|NC_052664.1_mrna_XM_039454551.1_297	5344	5145	0	0
lcl|NC_052664.1_mrna_XM_039446315.1_298	1185	986	5	1.42432
lcl|NC_052664.1_mrna_XM_026140256.1_299	408	209	0	0
lcl|NC_052664.1_mrna_XM_039446010.1_300	1621	1422	0	0
lcl|NC_052664.1_mrna_XM_039446009.1_301	1371	1172	12.8117	3.0704
lcl|NC_052664.1_mrna_XM_026141049.2_302	1492	1293	196.188	42.6177
lcl|NC_052664.1_mrna_XM_039446442.1_303	4958	4759	0	0
lcl|NC_052664.1_mrna_XM_039446444.1_304	2107	1908	0	0
lcl|NC_052664.1_ncrna_XR_005574252.1_305	5686	5487	0	0
lcl|NC_052664.1_ncrna_XR_003269007.2_306	5388	5189	8	0.433034
lcl|NC_052664.1_ncrna_XR_005574253.1_307	5583	5384	0	0
lcl|NC_052664.1_ncrna_XR_005574254.1_308	5618	5419	0	0
lcl|NC_052664.1_mrna_XM_039446446.1_309	3870	3671	6.83613	0.523048
lcl|NC_052664.1_mrna_XM_039450373.1_310	1113	914	0	0
lcl|NC_052664.1_mrna_XM_039447702.1_311	1985	1786	353.626	55.6133
lcl|NC_052664.1_mrna_XM_039447703.1_312	1921	1722	363.647	59.3147
lcl|NC_052664.1_mrna_XM_039447704.1_313	1881	1682	152.567	25.4772
lcl|NC_052664.1_mrna_XM_039447701.1_314	1714	1515	23.2937	4.31859
lcl|NC_052664.1_mrna_XM_039448576.1_315	9003	8804	90.4353	2.88518
lcl|NC_052664.1_mrna_XM_039448566.1_316	9080	8881	1.67199e-07	5.28794e-09
lcl|NC_052664.1_mrna_XM_026139271.2_317	9137	8938	2.3787e-05	7.47508e-07
lcl|NC_052664.1_mrna_XM_026139273.2_318	9134	8935	3.33097e-05	1.04711e-06
lcl|NC_052664.1_mrna_XM_026139272.2_319	9137	8938	2.3787e-05	7.47508e-07
lcl|NC_052664.1_mrna_XM_026139270.2_320	9140	8941	1.69886e-05	5.33689e-07
lcl|NC_052664.1_mrna_XM_026139274.2_321	9790	9591	0	0
lcl|NC_052664.1_mrna_XM_039448583.1_322	8021	7822	0	0
lcl|NC_052664.1_mrna_XM_039446611.1_323	1503	1304	0	0
lcl|NC_052664.1_mrna_XM_039450133.1_324	2110	1911	0	0
lcl|NC_052664.1_mrna_XM_039453615.1_325	1910	1711	3.32929	0.546533
lcl|NC_052664.1_mrna_XM_011177481.1_326	651	452	0	0
lcl|NC_052664.1_mrna_XM_011177478.3_327	2020	1821	0	0
lcl|NC_052664.1_mrna_XM_011177482.1_328	1413	1214	0	0
lcl|NC_052664.1_mrna_XM_039446830.1_329	1281	1082	0	0
lcl|NC_052664.1_mrna_XM_039446877.1_330	3663	3464	0	0
lcl|NC_052664.1_mrna_XM_039447156.1_331	675	476	1	0.590077
lcl|NC_052664.1_mrna_XM_039451815.1_332	1399	1200	0	0
lcl|NC_052664.1_ncrna_XR_005574608.1_333	1324	1125	0	0
lcl|NC_052664.1_mrna_XM_011172141.3_334	692	493	26	14.813
lcl|NC_052664.1_mrna_XM_011172139.3_335	1584	1385	797	161.631
lcl|NC_052664.1_mrna_XM_011172140.1_336	825	626	0	0
lcl|NC_052664.1_miscrna_XR_005574403.1_337	970	771	0	0
lcl|NC_052664.1_mrna_XM_039453727.1_338	966	767	0	0
lcl|NC_052664.1_ncrna_XR_003269132.2_339	525	326	0	0
lcl|NC_052664.1_mrna_XM_039447420.1_340	720	521	1	0.539111
lcl|NC_052664.1_mrna_XM_039450574.1_341	892	693	0	0
lcl|NC_052664.1_mrna_XM_026138122.2_342	808	609	0	0
lcl|NC_052664.1_mrna_XM_039449793.1_343	4466	4267	0	0
lcl|NC_052664.1_mrna_XM_039449791.1_344	3261	3062	0	0
lcl|NC_052664.1_mrna_XM_026142073.2_345	3297	3098	0	0
lcl|NC_052664.1_mrna_XM_039448676.1_346	2071	1872	1.31667	0.197555
lcl|NC_052664.1_mrna_XM_039447548.1_347	1380	1181	0	0
lcl|NC_052664.1_mrna_XM_039447546.1_348	4407	4208	0	0
lcl|NC_052664.1_mrna_XM_039447542.1_349	1670	1471	0	0
lcl|NC_052664.1_mrna_XM_039447551.1_350	1587	1388	0	0
lcl|NC_052664.1_mrna_XM_039447554.1_351	1653	1454	0	0
lcl|NC_052664.1_mrna_XM_026141509.2_352	804	605	0	0
lcl|NC_052664.1_mrna_XM_026141508.2_353	2073	1874	0	0
lcl|NC_052664.1_mrna_XM_026134780.2_354	696	497	0	0
lcl|NC_052664.1_ncrna_XR_005574306.1_355	3249	3050	0	0
lcl|NC_052664.1_ncrna_XR_005574307.1_356	3131	2932	0	0
lcl|NC_052664.1_ncrna_XR_005574302.1_357	3225	3026	0	0
lcl|NC_052664.1_ncrna_XR_005574305.1_358	3128	2929	0	0
lcl|NC_052664.1_ncrna_XR_005574311.1_359	2418	2219	4.76667	0.603356
lcl|NC_052664.1_ncrna_XR_005574304.1_360	2866	2667	0	0
lcl|NC_052664.1_mrna_XM_039446734.1_361	2397	2198	0	0
lcl|NC_052664.1_mrna_XM_039446746.1_362	2444	2245	0	0
lcl|NC_052664.1_mrna_XM_039446723.1_363	2438	2239	0	0
lcl|NC_052664.1_mrna_XM_039446742.1_364	2469	2270	0	0
lcl|NC_052664.1_mrna_XM_039446738.1_365	2413	2214	19.9128	2.52622
lcl|NC_052664.1_mrna_XM_039446732.1_366	2484	2285	0	0
lcl|NC_052664.1_mrna_XM_039446730.1_367	2450	2251	0	0
lcl|NC_052664.1_mrna_XM_039446728.1_368	2498	2299	8.06136	0.984884
lcl|NC_052664.1_mrna_XM_039446726.1_369	2501	2302	0	0
lcl|NC_052664.1_mrna_XM_039446733.1_370	2065	1866	1.09092	0.164209
lcl|NC_052664.1_mrna_XM_039446721.1_371	2119	1920	0	0
lcl|NC_052664.1_mrna_XM_039446750.1_372	784	585	0	0
lcl|NC_052664.1_ncrna_XR_005574310.1_373	3054	2855	0	0
lcl|NC_052664.1_mrna_XM_039446717.1_374	1208	1009	0	0
lcl|NC_052664.1_mrna_XM_011171641.1_375	534	335	0	0
lcl|NC_052664.1_mrna_XM_039455239.1_376	4776	4577	0	0
lcl|NC_052664.1_mrna_XM_039454893.1_377	5142	4943	8	0.454585
lcl|NC_052664.1_trna_378	76	3.6135	0	0
lcl|NC_052664.1_mrna_XM_039448032.1_379	2970	2771	0	0
lcl|NC_052664.1_ncrna_XR_003269292.2_380	1418	1219	7	1.61291
lcl|NC_052664.1_mrna_XM_039446838.1_381	4160	3961	46.029	3.26394
lcl|NC_052664.1_ncrna_XR_005574331.1_382	1621	1422	0	0
lcl|NC_052664.1_mrna_XM_026139917.2_383	960	761	1	0.369089
lcl|NC_052664.1_mrna_XM_039446806.1_384	2030	1831	1425	218.596
lcl|NC_052664.1_mrna_XM_039446807.1_385	1575	1376	1204	245.766
lcl|NC_052664.1_mrna_XM_011172354.3_386	3036	2837	1675.88	165.92
lcl|NC_052664.1_mrna_XM_011172352.3_387	3114	2915	463.154	44.6275
lcl|NC_052664.1_mrna_XM_011172351.3_388	3183	2984	1272.51	119.778
lcl|NC_052664.1_mrna_XM_011172353.3_389	3047	2848	238.528	23.5242
lcl|NC_052664.1_mrna_XM_011172355.3_390	3218	3019	229.93	21.3919
lcl|NC_052664.1_mrna_XM_026139921.2_391	3454	3255	49.6497	4.28431
lcl|NC_052664.1_mrna_XM_039451807.1_392	3342	3143	0	0
lcl|NC_052664.1_mrna_XM_026139919.2_393	3070	2871	0	0
lcl|NC_052664.1_miscrna_XR_005575208.1_394	2065	1866	346.818	52.2042
lcl|NC_052664.1_mrna_XM_026139918.2_395	9983	9784	14.1695	0.406775
lcl|NC_052664.1_mrna_XM_026139920.2_396	3452	3253	124.363	10.738
lcl|NC_052664.1_mrna_XM_011172360.3_397	1410	1211	1539	356.952
lcl|NC_052664.1_ncrna_XR_005574618.1_398	2136	1937	3.45227e-05	5.00599e-06
lcl|NC_052664.1_ncrna_XR_005574619.1_399	2108	1909	75.992	11.1809
lcl|NC_052664.1_ncrna_XR_005574617.1_400	2176	1977	0	0
lcl|NC_052664.1_ncrna_XR_005575097.1_401	1025	826	3.03623	1.03245
lcl|NC_052664.1_mrna_XM_039448240.1_402	1944	1745	0	0
lcl|NC_052664.1_mrna_XM_026141986.2_403	2274	2075	0	0
lcl|NC_052664.1_mrna_XM_011164097.3_404	839	640	0	0
lcl|NC_052664.1_mrna_XM_011164095.3_405	2808	2609	0	0
lcl|NC_052664.1_mrna_XM_011168896.3_406	2846	2647	2	0.212223
lcl|NC_052664.1_mrna_XM_011164096.2_407	2695	2496	0	0
lcl|NC_052664.1_mrna_XM_026141821.2_408	3633	3434	1	0.0817929
lcl|NC_052664.1_mrna_XM_039450355.1_409	1889	1690	1.30583	0.217029
lcl|NC_052664.1_mrna_XM_039450338.1_410	1489	1290	8.83937	1.92463
lcl|NC_052664.1_mrna_XM_026141713.2_411	1544	1345	0	0
lcl|NC_052664.1_mrna_XM_026141712.2_412	1611	1412	104.161	20.7198
lcl|NC_052664.1_mrna_XM_026141714.2_413	1677	1478	0	0
lcl|NC_052664.1_mrna_XM_039448586.1_414	611	412	1	0.68174
lcl|NC_052664.1_ncrna_XR_005574326.1_415	546	347	0	0
lcl|NC_052664.1_mrna_XM_026140185.2_416	1568	1369	486	99.7123
lcl|NC_052664.1_mrna_XM_011158351.3_417	2118	1919	57.0213	8.34599
lcl|NC_052664.1_mrna_XM_011158350.3_418	2059	1860	245.979	37.145
lcl|NC_052664.1_mrna_XM_026140182.2_419	3026	2827	68.8536	6.84095
lcl|NC_052664.1_mrna_XM_026140181.2_420	3269	3070	161.921	14.8143
lcl|NC_052664.1_mrna_XM_039447035.1_421	4845	4646	313.225	18.9362
lcl|NC_052664.1_mrna_XM_039448557.1_422	3152	2953	2	0.190231
lcl|NC_052664.1_mrna_XM_026140183.2_423	2513	2314	0	0
lcl|NC_052664.1_mrna_XM_011158347.3_424	2119	1920	645	94.357
lcl|NC_052664.1_mrna_XM_039446793.1_425	3016	2817	33.965	3.38658
lcl|NC_052664.1_mrna_XM_039446791.1_426	3102	2903	0	0
lcl|NC_052664.1_miscrna_XR_005574317.1_427	1930	1731	40.6114	6.58971
lcl|NC_052664.1_ncrna_XR_003269690.2_428	3229	3030	4.96911	0.46063
lcl|NC_052664.1_mrna_XM_039448773.1_429	2658	2459	0	0
lcl|NC_052664.1_mrna_XM_039456275.1_430	4082	3883	3	0.217005
lcl|NC_052664.1_mrna_XM_039456289.1_431	4285	4086	2.96577	0.203871
lcl|NC_052664.1_mrna_XM_039456280.1_432	4429	4230	0	0
lcl|NC_052664.1_mrna_XM_039456311.1_433	3770	3571	0	0
lcl|NC_052664.1_mrna_XM_039456296.1_434	3929	3730	0	0
lcl|NC_052664.1_mrna_XM_039456303.1_435	4375	4176	0	0
lcl|NC_052664.1_mrna_XM_039456278.1_436	4524	4325	0	0
lcl|NC_052664.1_mrna_XM_011164937.2_437	549	350	0	0
lcl|NC_052664.1_mrna_XM_039456321.1_438	5667	5468	0	0
lcl|NC_052664.1_mrna_XM_039456326.1_439	5852	5653	0	0
lcl|NC_052664.1_mrna_XM_039456314.1_440	6036	5837	0	0
lcl|NC_052664.1_mrna_XM_026130223.1_441	1209	1010	0	0
lcl|NC_052664.1_mrna_XM_039456339.1_442	1505	1306	0	0
lcl|NC_052664.1_mrna_XM_039456331.1_443	2910	2711	182.992	18.9592
lcl|NC_052664.1_mrna_XM_039456334.1_444	2639	2440	0	0
lcl|NC_052664.1_mrna_XM_039456354.1_445	1135	936	0	0
lcl|NC_052664.1_mrna_XM_039456352.1_446	915	716	0	0
lcl|NC_052664.1_mrna_XM_039456351.1_447	1093	894	3.34598	1.05124
lcl|NC_052664.1_mrna_XM_039456343.1_448	1071	872	0	0
lcl|NC_052664.1_mrna_XM_039456366.1_449	4362	4163	0.2129	0.0143643
lcl|NC_052664.1_mrna_XM_039456382.1_450	5847	5648	2.39842e-08	1.19274e-09
lcl|NC_052664.1_mrna_XM_039456372.1_451	2748	2549	0	0
lcl|NC_052664.1_mrna_XM_039456376.1_452	2730	2531	0	0
lcl|NC_052664.1_mrna_XM_039456380.1_453	2634	2435	2.1894	0.252547
lcl|NC_052664.1_mrna_XM_039456369.1_454	5867	5668	0	0
lcl|NC_052664.1_ncrna_XR_005574954.1_455	591	392	1	0.716522
lcl|NC_052664.1_mrna_XM_039451329.1_456	937	738	1	0.380592
lcl|NC_052664.1_mrna_XM_039451334.1_457	952	753	0	0
lcl|NC_052664.1_mrna_XM_039448908.1_458	2169	1970	0	0
lcl|NC_052664.1_mrna_XM_026141463.2_459	1823	1624	0	0
lcl|NC_052664.1_mrna_XM_026141464.2_460	1719	1520	28.2233	5.21531
lcl|NC_052664.1_mrna_XM_039448594.1_461	1583	1384	88.4093	17.9423
lcl|NC_052664.1_mrna_XM_039448599.1_462	1745	1546	3.61632	0.657012
lcl|NC_052664.1_mrna_XM_039448611.1_463	1436	1237	0	0
lcl|NC_052664.1_mrna_XM_039448627.1_464	1277	1078	1	0.260554
lcl|NC_052664.1_mrna_XM_039448106.1_465	2254	2055	0	0
lcl|NC_052664.1_mrna_XM_039448110.1_466	1918	1719	0	0
lcl|NC_052664.1_mrna_XM_026139607.2_467	2764	2565	0	0
lcl|NC_052664.1_mrna_XM_039446714.1_468	2455	2256	0	0
lcl|NC_052664.1_ncrna_XR_005574861.1_469	9148	8949	0	0
lcl|NC_052664.1_mrna_XM_039449014.1_470	6339	6140	0	0
lcl|NC_052664.1_mrna_XM_039448158.1_471	1860	1661	0	0
lcl|NC_052664.1_mrna_XM_039447833.1_472	5315	5116	0	0
lcl|NC_052664.1_mrna_XM_039448515.1_473	1667	1468	0	0
lcl|NC_052664.1_mrna_XM_039447565.1_474	5123	4924	1.14402	0.0652575
lcl|NC_052664.1_mrna_XM_039447067.1_475	2440	2241	0	0
lcl|NC_052664.1_trna_476	76	3.6135	0	0
lcl|NC_052664.1_trna_477	76	3.6135	0	0
lcl|NC_052664.1_ncrna_XR_003269290.2_478	793	594	0	0
lcl|NC_052664.1_mrna_XM_039446057.1_479	6797	6598	0	0
lcl|NC_052664.1_miscrna_XR_005574171.1_480	6186	5987	34	1.59509
lcl|NC_052664.1_miscrna_XR_005574174.1_481	6135	5936	0	0
lcl|NC_052664.1_ncrna_XR_005574367.1_482	2026	1827	0	0
lcl|NC_052664.1_ncrna_XR_005574366.1_483	1230	1031	0	0
lcl|NC_052664.1_ncrna_XR_005574362.1_484	1354	1155	0	0
lcl|NC_052664.1_mrna_XM_039447059.1_485	2378	2179	1.26506	0.163069
lcl|NC_052664.1_mrna_XM_039447297.1_486	1898	1699	2.73494	0.452136
lcl|NC_052664.1_mrna_XM_039452630.1_487	8861	8662	0	0
lcl|NC_052664.1_mrna_XM_039452634.1_488	8835	8636	61.416	1.99749
lcl|NC_052664.1_mrna_XM_039452631.1_489	8836	8637	52.5949	1.7104
lcl|NC_052664.1_mrna_XM_039451133.1_490	1643	1444	1.77261	0.344796
lcl|NC_052664.1_mrna_XM_039448998.1_491	191	13.7365	0	0
lcl|NC_052664.1_mrna_XM_011173957.3_492	3092	2893	53.0311	5.1487
lcl|NC_052664.1_mrna_XM_039446117.1_493	2242	2043	4.22618	0.581026
lcl|NC_052664.1_mrna_XM_039449054.1_494	3318	3119	0	0
lcl|NC_052664.1_mrna_XM_026139683.2_495	2321	2122	0	0
lcl|NC_052664.1_mrna_XM_011175053.3_496	465	266	6.39723	6.75501
lcl|NC_052664.1_mrna_XM_011175044.3_497	458	259	13.6028	14.7517
lcl|NC_052664.1_mrna_XM_011175063.3_498	5209	5010	425	23.8269
lcl|NC_052664.1_mrna_XM_011175074.3_499	1662	1463	3470	666.194
lcl|NC_052664.1_mrna_XM_039446157.1_500	1368	1169	87.1748	20.9456
lcl|NC_052664.1_mrna_XM_039446161.1_501	1746	1547	0	0
lcl|NC_052664.1_mrna_XM_039446170.1_502	1742	1543	32.5519	5.92552
lcl|NC_052664.1_mrna_XM_039446166.1_503	1717	1518	232.088	42.9435
lcl|NC_052664.1_mrna_XM_039446176.1_504	1621	1422	7.79521	1.53973
lcl|NC_052664.1_mrna_XM_039446150.1_505	1806	1607	105.74	18.4816
lcl|NC_052664.1_mrna_XM_039446154.1_506	1563	1364	1.12416e-07	2.31488e-08
lcl|NC_052664.1_mrna_XM_039446167.1_507	2003	1804	24.7176	3.84845
lcl|NC_052664.1_mrna_XM_039446169.1_508	1777	1578	23.9318	4.25976
lcl|NC_052664.1_mrna_XM_039446174.1_509	1533	1334	0	0
lcl|NC_052664.1_mrna_XM_039446180.1_510	5392	5193	152.594	8.25342
lcl|NC_052664.1_mrna_XM_011175936.3_511	5277	5078	184.127	10.1845
lcl|NC_052664.1_ncrna_XR_003268296.2_512	3080	2881	262.035	25.5466
lcl|NC_052664.1_mrna_XM_039446187.1_513	4920	4721	11.073	0.658791
lcl|NC_052664.1_mrna_XM_026131448.2_514	4849	4650	26.1712	1.58084
lcl|NC_052664.1_mrna_XM_011175914.3_515	949	750	135	50.5578
lcl|NC_052664.1_mrna_XM_039446193.1_516	725	526	127	67.8162
lcl|NC_052664.1_mrna_XM_039446211.1_517	9018	8819	11.3525	0.361567
lcl|NC_052664.1_mrna_XM_039446203.1_518	12052	11853	55.22	1.30853
lcl|NC_052664.1_mrna_XM_026131457.2_519	11431	11232	84.8842	2.12269
lcl|NC_052664.1_mrna_XM_026131456.2_520	11343	11144	136.545	3.44151
lcl|NC_052664.1_mrna_XM_026131459.2_521	11216	11017	23.9986	0.611842
lcl|NC_052664.1_mrna_XM_011175892.2_522	2723	2524	451.828	50.2805
lcl|NC_052664.1_mrna_XM_011175896.3_523	2765	2566	0	0
lcl|NC_052664.1_mrna_XM_039446235.1_524	3127	2928	0	0
lcl|NC_052664.1_mrna_XM_039446231.1_525	2488	2289	0.172103	0.0211183
lcl|NC_052664.1_mrna_XM_011175878.3_526	2755	2556	353.386	38.8333
lcl|NC_052664.1_mrna_XM_039446243.1_527	2227	2028	154.614	21.4139
lcl|NC_052664.1_mrna_XM_039446248.1_528	1883	1684	2.97747	0.496617
lcl|NC_052664.1_mrna_XM_039446256.1_529	1085	886	0	0
lcl|NC_052664.1_mrna_XM_011175870.3_530	2801	2602	745	80.4201
lcl|NC_052664.1_mrna_XM_011175844.3_531	4627	4428	219.043	13.8943
lcl|NC_052664.1_mrna_XM_011175850.3_532	4085	3886	17.016	1.2299
lcl|NC_052664.1_mrna_XM_011175856.3_533	3530	3331	4.94064	0.416605
lcl|NC_052664.1_mrna_XM_026140684.2_534	6409	6210	41.1068	1.85925
lcl|NC_052664.1_mrna_XM_026140683.2_535	6328	6129	17.2003	0.788246
lcl|NC_052664.1_mrna_XM_026140681.2_536	6345	6146	0	0
lcl|NC_052664.1_mrna_XM_011175809.3_537	6294	6095	0	0
lcl|NC_052664.1_mrna_XM_026140682.2_538	6332	6133	0.0321844	0.00147397
lcl|NC_052664.1_mrna_XM_011175816.3_539	6281	6082	139.661	6.44976
lcl|NC_052664.1_ncrna_XR_005574210.1_540	1141	942	0	0
lcl|NC_052664.1_ncrna_XR_005574211.1_541	1066	867	0	0
lcl|NC_052664.1_mrna_XM_039446300.1_542	2129	1930	1225	178.277
lcl|NC_052664.1_mrna_XM_039446307.1_543	1350	1151	8.58955	2.09609
lcl|NC_052664.1_mrna_XM_039446313.1_544	1216	1017	19.3259	5.33745
lcl|NC_052664.1_miscrna_XR_005574224.1_545	970	771	0	0
lcl|NC_052664.1_miscrna_XR_005574222.1_546	966	767	0	0
lcl|NC_052664.1_miscrna_XR_005574223.1_547	1019	820	0	0
lcl|NC_052664.1_miscrna_XR_005574225.1_548	948	749	0	0
lcl|NC_052664.1_mrna_XM_039446339.1_549	799	600	0	0
lcl|NC_052664.1_miscrna_XR_005574227.1_550	852	653	0	0
lcl|NC_052664.1_mrna_XM_039446329.1_551	803	604	4.10798	1.91032
lcl|NC_052664.1_mrna_XM_039446323.1_552	821	622	0	0
lcl|NC_052664.1_mrna_XM_039446318.1_553	842	643	0	0
lcl|NC_052664.1_miscrna_XR_005574217.1_554	554	355	0	0
lcl|NC_052664.1_miscrna_XR_005574215.1_555	451	252	0	0
lcl|NC_052664.1_miscrna_XR_005574218.1_556	425	226	0	0
lcl|NC_052664.1_miscrna_XR_005574216.1_557	447	248	0	0
lcl|NC_052664.1_mrna_XM_039446373.1_558	2709	2510	0	0
lcl|NC_052664.1_mrna_XM_039446366.1_559	2676	2477	0	0
lcl|NC_052664.1_mrna_XM_039446362.1_560	2660	2461	79.8127	9.10912
lcl|NC_052664.1_mrna_XM_039446377.1_561	2582	2383	27.6399	3.25783
lcl|NC_052664.1_mrna_XM_039446368.1_562	4410	4211	216.547	14.4439
lcl|NC_052664.1_mrna_XM_039446382.1_563	2246	2047	40.5632	5.56583
lcl|NC_052664.1_mrna_XM_039446386.1_564	2120	1921	0	0
lcl|NC_052664.1_mrna_XM_039446387.1_565	1883	1684	0	0
lcl|NC_052664.1_mrna_XM_039446385.1_566	2084	1885	250.437	37.3166
lcl|NC_052664.1_mrna_XM_026140666.2_567	3665	3466	0	0
lcl|NC_052664.1_mrna_XM_011173545.3_568	4159	3960	383	27.1656
lcl|NC_052664.1_mrna_XM_026140662.2_569	1628	1429	126.188	24.8029
lcl|NC_052664.1_mrna_XM_026140661.2_570	1706	1507	492.755	91.8404
lcl|NC_052664.1_mrna_XM_026140663.2_571	1543	1344	35.699	7.46058
lcl|NC_052664.1_mrna_XM_039456137.1_572	1512	1313	73.1115	15.64
lcl|NC_052664.1_mrna_XM_039456133.1_573	1311	1112	139.246	35.1718
lcl|NC_052664.1_mrna_XM_011173546.3_574	1571	1372	51.5926	10.5621
lcl|NC_052664.1_mrna_XM_026141280.2_575	4189	3990	17.3915	1.22428
lcl|NC_052664.1_mrna_XM_026141279.2_576	7930	7731	60.2857	2.19025
lcl|NC_052664.1_mrna_XM_011173547.3_577	7915	7716	5.88667	0.214286
lcl|NC_052664.1_mrna_XM_026141278.2_578	7792	7593	0	0
lcl|NC_052664.1_mrna_XM_039456153.1_579	7847	7648	0	0
lcl|NC_052664.1_mrna_XM_039455069.1_580	1794	1595	818	144.048
lcl|NC_052664.1_mrna_XM_026139003.2_581	5119	4920	0	0
lcl|NC_052664.1_mrna_XM_026139001.2_582	5144	4945	0	0
lcl|NC_052664.1_miscrna_XR_003269194.2_583	5240	5041	0	0
lcl|NC_052664.1_mrna_XM_026139002.2_584	5140	4941	0	0
lcl|NC_052664.1_mrna_XM_039455050.1_585	4456	4257	1.00021	0.0659938
lcl|NC_052664.1_mrna_XM_011166685.3_586	1270	1071	89	23.3408
lcl|NC_052664.1_mrna_XM_039452495.1_587	542	343	0	0
lcl|NC_052664.1_mrna_XM_039451032.1_588	542	343	0	0
lcl|NC_052664.1_mrna_XM_039449755.1_589	790	591	0	0
lcl|NC_052664.1_mrna_XM_039449846.1_590	1949	1750	5	0.802505
lcl|NC_052664.1_mrna_XM_039453378.1_591	867	668	0	0
lcl|NC_052664.1_mrna_XM_026131714.2_592	1143	944	0	0
lcl|NC_052664.1_mrna_XM_039450011.1_593	825	626	0	0
lcl|NC_052664.1_mrna_XM_039450082.1_594	825	626	0	0
lcl|NC_052664.1_mrna_XM_039450144.1_595	825	626	0	0
lcl|NC_052664.1_mrna_XM_011165849.3_596	1975	1776	0.648194	0.102513
lcl|NC_052664.1_mrna_XM_039450194.1_597	1526	1327	0.515679	0.10915
lcl|NC_052664.1_mrna_XM_011170586.1_598	906	707	0	0
lcl|NC_052664.1_mrna_XM_039450309.1_599	456	257	0	0
lcl|NC_052664.1_ncrna_XR_005574978.1_600	1491	1292	0	0
lcl|NC_052664.1_mrna_XM_039450351.1_601	927	728	0	0
lcl|NC_052664.1_mrna_XM_039450420.1_602	2436	2237	0	0
lcl|NC_052664.1_mrna_XM_039453062.1_603	1659	1460	2	0.384763
lcl|NC_052664.1_mrna_XM_039453069.1_604	1299	1100	0	0
lcl|NC_052664.1_mrna_XM_039453081.1_605	1728	1529	0	0
lcl|NC_052664.1_mrna_XM_039453225.1_606	703	504	0	0
lcl|NC_052664.1_mrna_XM_039453232.1_607	747	548	0	0
lcl|NC_052664.1_mrna_XM_039450519.1_608	1004	805	0	0
lcl|NC_052664.1_miscrna_XR_005574906.1_609	1239	1040	0	0
lcl|NC_052664.1_miscrna_XR_005574905.1_610	1283	1084	0	0
lcl|NC_052664.1_mrna_XM_039449786.1_611	1127	928	4.0469	1.22487
lcl|NC_052664.1_mrna_XM_039449789.1_612	1237	1038	0	0
lcl|NC_052664.1_mrna_XM_026131275.2_613	957	758	1	0.37055
lcl|NC_052664.1_mrna_XM_039448912.1_614	2464	2265	0	0
lcl|NC_052664.1_mrna_XM_039448909.1_615	4316	4117	1	0.0682236
lcl|NC_052664.1_ncrna_XR_005574909.1_616	3349	3150	2.08331	0.185763
lcl|NC_052664.1_ncrna_XR_005574908.1_617	982	783	0	0
lcl|NC_052664.1_miscrna_XR_005575096.1_618	839	640	0	0
lcl|NC_052664.1_mrna_XM_026138735.2_619	1994	1795	0	0
lcl|NC_052664.1_mrna_XM_011168001.3_620	1948	1749	73	11.7233
lcl|NC_052664.1_mrna_XM_011168003.3_621	1932	1733	0	0
lcl|NC_052664.1_mrna_XM_011168002.3_622	1927	1728	0	0
lcl|NC_052664.1_mrna_XM_011168004.3_623	1739	1540	0	0
lcl|NC_052664.1_mrna_XM_011168005.3_624	1473	1274	565	124.565
lcl|NC_052664.1_mrna_XM_011168007.3_625	6523	6324	361	16.0336
lcl|NC_052664.1_mrna_XM_011168010.2_626	1019	820	0	0
lcl|NC_052664.1_mrna_XM_026138739.2_627	6260	6061	370.841	17.1854
lcl|NC_052664.1_mrna_XM_026138742.2_628	8176	7977	0	0
lcl|NC_052664.1_mrna_XM_026138738.2_629	8175	7976	0	0
lcl|NC_052664.1_mrna_XM_026138746.2_630	8016	7817	0.00135948	4.88481e-05
lcl|NC_052664.1_mrna_XM_026138743.2_631	8094	7895	0	0
lcl|NC_052664.1_mrna_XM_026138744.2_632	8016	7817	79.4778	2.85576
lcl|NC_052664.1_mrna_XM_039453185.1_633	7053	6854	0	0
lcl|NC_052664.1_mrna_XM_011159138.3_634	2875	2676	0	0
lcl|NC_052664.1_mrna_XM_039447687.1_635	2792	2593	5	0.541606
lcl|NC_052664.1_mrna_XM_026141694.2_636	1482	1283	0	0
lcl|NC_052664.1_mrna_XM_039451307.1_637	825	626	0	0
lcl|NC_052664.1_mrna_XM_039448544.1_638	2145	1946	0	0
lcl|NC_052664.1_mrna_XM_039448542.1_639	2237	2038	822.293	113.328
lcl|NC_052664.1_mrna_XM_039448550.1_640	1997	1798	177.707	27.7607
lcl|NC_052664.1_mrna_XM_026132518.2_641	3713	3514	500.984	40.044
lcl|NC_052664.1_mrna_XM_026132519.2_642	3686	3487	278.092	22.4002
lcl|NC_052664.1_mrna_XM_026132520.2_643	1758	1559	0	0
lcl|NC_052664.1_mrna_XM_011176538.3_644	1772	1573	0	0
lcl|NC_052664.1_mrna_XM_039453992.1_645	1798	1599	22.045	3.87237
lcl|NC_052664.1_mrna_XM_039453999.1_646	1891	1692	0	0
lcl|NC_052664.1_mrna_XM_011176533.3_647	1905	1706	0	0
lcl|NC_052664.1_mrna_XM_039453989.1_648	1931	1732	0	0
lcl|NC_052664.1_mrna_XM_026132521.2_649	1068	869	982	317.4
lcl|NC_052664.1_mrna_XM_039453983.1_650	1828	1629	0	0
lcl|NC_052664.1_mrna_XM_039453980.1_651	1850	1651	95	16.1619
lcl|NC_052664.1_mrna_XM_011176556.3_652	1277	1078	15	3.9083
lcl|NC_052664.1_mrna_XM_039454035.1_653	521	322	0	0
lcl|NC_052664.1_miscrna_XR_005575629.1_654	714	515	0	0
lcl|NC_052664.1_mrna_XM_039454031.1_655	615	416	3.92453	2.64978
lcl|NC_052664.1_mrna_XM_026132535.2_656	541	342	0	0
lcl|NC_052664.1_miscrna_XR_003268431.2_657	508	309	3	2.72696
lcl|NC_052664.1_miscrna_XR_005575630.1_658	403	204	0.0754717	0.103913
lcl|NC_052664.1_mrna_XM_039453967.1_659	5197	4998	228	12.8131
lcl|NC_052664.1_mrna_XM_026132525.2_660	5229	5030	3.48235e-05	1.94456e-06
lcl|NC_052664.1_mrna_XM_039453975.1_661	3527	3328	34.5991	2.92009
lcl|NC_052664.1_mrna_XM_026132529.2_662	3493	3294	1.21489e-07	1.03593e-08
lcl|NC_052664.1_mrna_XM_026132528.2_663	3721	3522	0	0
lcl|NC_052664.1_mrna_XM_026132530.2_664	3753	3554	143.401	11.3331
lcl|NC_052664.1_miscrna_XR_003268430.2_665	2244	2045	1.88295	0.25862
lcl|NC_052664.1_mrna_XM_039454013.1_666	1796	1597	0	0
lcl|NC_052664.1_mrna_XM_011176563.3_667	1702	1503	0	0
lcl|NC_052664.1_mrna_XM_039454015.1_668	1335	1136	6.41588	1.58633
lcl|NC_052664.1_mrna_XM_039454017.1_669	1155	956	2.91784	0.857273
lcl|NC_052664.1_mrna_XM_039454061.1_670	3200	3001	0	0
lcl|NC_052664.1_mrna_XM_026132532.2_671	3322	3123	331	29.7695
lcl|NC_052664.1_mrna_XM_011177774.3_672	1243	1044	374.95	100.876
lcl|NC_052664.1_mrna_XM_011177775.3_673	1289	1090	470.453	121.229
lcl|NC_052664.1_mrna_XM_011177773.3_674	1401	1202	268.38	62.7135
lcl|NC_052664.1_mrna_XM_039454065.1_675	1509	1310	1924.05	412.534
lcl|NC_052664.1_mrna_XM_039454069.1_676	1501	1302	76.9535	16.601
lcl|NC_052664.1_mrna_XM_026132526.2_677	4073	3874	502.733	36.4497
lcl|NC_052664.1_mrna_XM_026132527.2_678	4058	3859	741.267	53.953
lcl|NC_052664.1_mrna_XM_039445837.1_679	3841	3642	2.59692	0.200279
lcl|NC_052664.1_mrna_XM_039445812.1_680	3979	3780	0	0
lcl|NC_052664.1_mrna_XM_011177761.3_681	3958	3759	0	0
lcl|NC_052664.1_mrna_XM_039445832.1_682	3760	3561	0	0
lcl|NC_052664.1_mrna_XM_011177764.3_683	3739	3540	0	0
lcl|NC_052664.1_mrna_XM_011177766.3_684	3577	3378	0	0
lcl|NC_052664.1_mrna_XM_011177767.3_685	3535	3336	0	0
lcl|NC_052664.1_mrna_XM_039445826.1_686	3898	3699	0	0
lcl|NC_052664.1_mrna_XM_011177769.3_687	3496	3297	0	0
lcl|NC_052664.1_mrna_XM_011177770.3_688	3454	3255	0	0
lcl|NC_052664.1_mrna_XM_011177763.3_689	3113	2914	1.40308	0.135241
lcl|NC_052664.1_mrna_XM_039445814.1_690	2980	2781	0	0
lcl|NC_052664.1_mrna_XM_039445818.1_691	2975	2776	0	0
lcl|NC_052664.1_ncrna_XR_003268432.2_692	295	96.0001	0	0
lcl|NC_052664.1_mrna_XM_011177760.3_693	5332	5133	9	0.492478
lcl|NC_052664.1_mrna_XM_011177758.3_694	1619	1420	13	2.57141
lcl|NC_052664.1_mrna_XM_011177759.3_695	1850	1651	0	0
lcl|NC_052664.1_ncrna_XR_005574143.1_696	2282	2083	0	0
lcl|NC_052664.1_miscrna_XR_005574180.1_697	2553	2354	20.5585	2.45302
lcl|NC_052664.1_miscrna_XR_005574181.1_698	2737	2538	0	0
lcl|NC_052664.1_miscrna_XR_005574175.1_699	2481	2282	0	0
lcl|NC_052664.1_miscrna_XR_005574178.1_700	2322	2123	0	0
lcl|NC_052664.1_miscrna_XR_005574177.1_701	2217	2018	0	0
lcl|NC_052664.1_miscrna_XR_005574179.1_702	2411	2212	0	0
lcl|NC_052664.1_miscrna_XR_005574183.1_703	2227	2028	4.95223	0.685881
lcl|NC_052664.1_miscrna_XR_005574176.1_704	2209	2010	0	0
lcl|NC_052664.1_miscrna_XR_005574182.1_705	2018	1819	0	0
lcl|NC_052664.1_mrna_XM_039446085.1_706	6173	5974	9.25137	0.434967
lcl|NC_052664.1_mrna_XM_039446062.1_707	2622	2423	0	0
lcl|NC_052664.1_mrna_XM_039446068.1_708	2552	2353	1.58381	0.189059
lcl|NC_052664.1_mrna_XM_011157782.3_709	2847	2648	26.2152	2.78068
lcl|NC_052664.1_mrna_XM_039446604.1_710	1440	1241	0.652505	0.147682
lcl|NC_052664.1_mrna_XM_011157783.3_711	1502	1303	0	0
lcl|NC_052664.1_mrna_XM_011157781.3_712	2861	2662	0.132316	0.0139611
lcl|NC_052664.1_mrna_XM_026134934.2_713	3314	3115	5	0.450845
lcl|NC_052664.1_mrna_XM_011157785.3_714	3373	3174	308	27.2558
lcl|NC_052664.1_mrna_XM_011157786.3_715	3449	3250	0	0
lcl|NC_052664.1_mrna_XM_039446613.1_716	1641	1442	0	0
lcl|NC_052664.1_mrna_XM_011157787.3_717	1627	1428	0	0
lcl|NC_052664.1_miscrna_XR_005574285.1_718	1433	1234	3	0.682845
lcl|NC_052664.1_mrna_XM_039456111.1_719	6455	6256	62.124	2.78919
lcl|NC_052664.1_ncrna_XR_003268696.1_720	164	8.51793	0	0
lcl|NC_052664.1_mrna_XM_011157789.3_721	1031	832	0	0
lcl|NC_052664.1_mrna_XM_011157788.2_722	712	513	0	0
lcl|NC_052664.1_mrna_XM_039456122.1_723	1003	804	0	0
lcl|NC_052664.1_mrna_XM_011157793.3_724	9014	8815	19.3803	0.617525
lcl|NC_052664.1_mrna_XM_026134912.2_725	494	295	4.49569	4.28046
lcl|NC_052664.1_mrna_XM_011157792.3_726	6002	5803	0	0
lcl|NC_052664.1_mrna_XM_011157794.3_727	1710	1511	0	0
lcl|NC_052664.1_mrna_XM_039450395.1_728	15119	14920	0	0
lcl|NC_052664.1_mrna_XM_039450424.1_729	14457	14258	25.8434	0.509104
lcl|NC_052664.1_mrna_XM_039451380.1_730	363	164	0	0
lcl|NC_052664.1_mrna_XM_026134913.2_731	14858	14659	0	0
lcl|NC_052664.1_miscrna_XR_005574991.1_732	12305	12106	0	0
lcl|NC_052664.1_miscrna_XR_005574990.1_733	12302	12103	0	0
lcl|NC_052664.1_mrna_XM_026134914.2_734	11957	11758	23.3165	0.556987
lcl|NC_052664.1_mrna_XM_026134915.2_735	11954	11755	0	0
lcl|NC_052664.1_mrna_XM_026134917.2_736	11953	11754	15.5802	0.372309
lcl|NC_052664.1_mrna_XM_026134916.2_737	11950	11751	0	0
lcl|NC_052664.1_mrna_XM_026134921.2_738	14828	14629	0	0
lcl|NC_052664.1_mrna_XM_026134920.2_739	14846	14647	20.139	0.386194
lcl|NC_052664.1_mrna_XM_026134924.2_740	14816	14617	0	0
lcl|NC_052664.1_mrna_XM_026134919.2_741	14849	14650	0	0
lcl|NC_052664.1_mrna_XM_026134922.2_742	14819	14620	0	0
lcl|NC_052664.1_mrna_XM_039450438.1_743	14837	14638	0.147138	0.0028233
lcl|NC_052664.1_mrna_XM_039450454.1_744	14807	14608	0	0
lcl|NC_052664.1_mrna_XM_026134918.2_745	14299	14100	0	0
lcl|NC_052664.1_mrna_XM_039450429.1_746	14196	13997	0	0
lcl|NC_052664.1_mrna_XM_039450462.1_747	3622	3423	194.022	15.9206
lcl|NC_052664.1_mrna_XM_026134925.2_748	14809	14610	0	0
lcl|NC_052664.1_mrna_XM_039450458.1_749	14779	14580	56.8243	1.09469
lcl|NC_052664.1_mrna_XM_039450461.1_750	14767	14568	57.0743	1.10042
lcl|NC_052664.1_mrna_XM_039450402.1_751	18833	18634	2.99044	0.045076
lcl|NC_052664.1_mrna_XM_039450453.1_752	13413	13214	503.115	10.6942
lcl|NC_052664.1_mrna_XM_026134926.2_753	13815	13616	43.9624	0.906875
lcl|NC_052664.1_mrna_XM_011157799.3_754	1267	1068	420	110.457
lcl|NC_052664.1_mrna_XM_011157800.3_755	2631	2432	932.596	107.707
lcl|NC_052664.1_mrna_XM_011157801.3_756	1367	1168	691.404	166.267
lcl|NC_052664.1_mrna_XM_011157803.3_757	3883	3684	123.775	9.43692
lcl|NC_052664.1_mrna_XM_011157802.3_758	3873	3674	0.224642	0.0171738
lcl|NC_052664.1_mrna_XM_039450538.1_759	4378	4179	0	0
lcl|NC_052664.1_mrna_XM_026134931.2_760	4223	4024	2.07891e-05	1.45108e-06
lcl|NC_052664.1_mrna_XM_039450534.1_761	4174	3975	4.51478	0.319018
lcl|NC_052664.1_mrna_XM_026134933.2_762	4174	3975	4.51478	0.319018
lcl|NC_052664.1_mrna_XM_026134932.2_763	4186	3987	0.219587	0.0154695
lcl|NC_052664.1_mrna_XM_026134930.2_764	4224	4025	1.62031e-05	1.1307e-06
lcl|NC_052664.1_miscrna_XR_850591.3_765	3619	3420	329	27.02
lcl|NC_052664.1_mrna_XM_011157807.3_766	2983	2784	0	0
lcl|NC_052664.1_mrna_XM_011157806.3_767	1321	1122	1	0.250336
lcl|NC_052664.1_mrna_XM_039450556.1_768	1545	1346	0	0
lcl|NC_052664.1_mrna_XM_039450567.1_769	4660	4461	2	0.125925
lcl|NC_052664.1_mrna_XM_026134910.2_770	4866	4667	67.6604	4.07205
lcl|NC_052664.1_mrna_XM_026134911.2_771	4946	4747	65.3396	3.8661
lcl|NC_052664.1_mrna_XM_039450494.1_772	4691	4492	0	0
lcl|NC_052664.1_mrna_XM_011157812.3_773	4724	4525	0	0
lcl|NC_052664.1_mrna_XM_011157814.3_774	2334	2135	42.1868	5.55002
lcl|NC_052664.1_mrna_XM_011157815.3_775	2320	2121	173.813	23.0175
lcl|NC_052664.1_ncrna_XR_005575091.1_776	2739	2540	0.0653394	0.00722532
lcl|NC_052664.1_mrna_XM_039451026.1_777	3118	2919	0	0
lcl|NC_052664.1_mrna_XM_039448681.1_778	974	775	0.999997	0.362421
lcl|NC_052664.1_mrna_XM_026134940.2_779	5163	4964	0	0
lcl|NC_052664.1_mrna_XM_026134942.2_780	4787	4588	0	0
lcl|NC_052664.1_mrna_XM_011157822.3_781	5216	5017	0.00437352	0.000244852
lcl|NC_052664.1_mrna_XM_026134941.2_782	4840	4641	0	0
lcl|NC_052664.1_mrna_XM_011157816.3_783	5170	4971	44.9956	2.54239
lcl|NC_052664.1_miscrna_XR_850593.3_784	5290	5091	0	0
lcl|NC_052664.1_mrna_XM_026134936.2_785	2254	2055	14	1.91352
lcl|NC_052664.1_mrna_XM_039456093.1_786	6174	5975	26.873	1.26326
lcl|NC_052664.1_mrna_XM_039447614.1_787	3045	2846	0	0
lcl|NC_052664.1_mrna_XM_039447616.1_788	2988	2789	0	0
lcl|NC_052664.1_mrna_XM_039447620.1_789	3010	2811	0	0
lcl|NC_052664.1_mrna_XM_039447617.1_790	2978	2779	0	0
lcl|NC_052664.1_mrna_XM_039447630.1_791	2953	2754	2.29678e-05	2.34246e-06
lcl|NC_052664.1_mrna_XM_039447624.1_792	2921	2722	2.83245	0.292274
lcl|NC_052664.1_mrna_XM_039447638.1_793	1899	1700	4.57858	0.75648
lcl|NC_052664.1_mrna_XM_039447634.1_794	2068	1869	2.65243	0.398611
lcl|NC_052664.1_mrna_XM_011160287.3_795	1256	1057	820	217.899
lcl|NC_052664.1_mrna_XM_011172602.3_796	5256	5057	0	0
lcl|NC_052664.1_mrna_XM_039448907.1_797	905	706	15.924	6.33525
lcl|NC_052664.1_mrna_XM_039448897.1_798	2167	1968	5.70928	0.81484
lcl|NC_052664.1_mrna_XM_039448902.1_799	2112	1913	0	0
lcl|NC_052664.1_mrna_XM_039448900.1_800	1400	1201	0	0
lcl|NC_052664.1_mrna_XM_039446490.1_801	1810	1611	50.915	8.877
lcl|NC_052664.1_mrna_XM_011159218.3_802	1712	1513	7.63973e-05	1.41826e-05
lcl|NC_052664.1_mrna_XM_011159219.3_803	1680	1481	258.669	49.0574
lcl|NC_052664.1_mrna_XM_039446487.1_804	1713	1514	397.416	73.7285
lcl|NC_052664.1_mrna_XM_039446500.1_805	16693	16494	1	0.017029
lcl|NC_052664.1_mrna_XM_026137896.2_806	8388	8189	23	0.788883
lcl|NC_052664.1_mrna_XM_011159215.3_807	1344	1145	0	0
lcl|NC_052664.1_mrna_XM_011159214.3_808	1865	1666	24	4.04624
lcl|NC_052664.1_mrna_XM_039448538.1_809	1757	1558	0	0
lcl|NC_052664.1_mrna_XM_011159213.3_810	1169	970	410	118.721
lcl|NC_052664.1_mrna_XM_039446574.1_811	1968	1769	0	0
lcl|NC_052664.1_mrna_XM_039446577.1_812	1965	1766	0	0
lcl|NC_052664.1_mrna_XM_011159208.3_813	1897	1698	0	0
lcl|NC_052664.1_mrna_XM_011159210.3_814	1814	1615	156.239	27.1728
lcl|NC_052664.1_mrna_XM_039446586.1_815	3269	3070	326.824	29.9014
lcl|NC_052664.1_mrna_XM_039446590.1_816	1898	1699	85.9367	14.2069
lcl|NC_052664.1_mrna_XM_026137908.2_817	14756	14557	13.4479	0.259477
lcl|NC_052664.1_mrna_XM_026137907.2_818	14816	14617	0.217235	0.00417434
lcl|NC_052664.1_mrna_XM_026137902.2_819	14930	14731	8.97069e-05	1.71045e-06
lcl|NC_052664.1_mrna_XM_039453282.1_820	5241	5042	4.13415e-06	2.30303e-07
lcl|NC_052664.1_mrna_XM_039453279.1_821	5422	5223	0	0
lcl|NC_052664.1_mrna_XM_039453301.1_822	5169	4970	7.61339	0.430266
lcl|NC_052664.1_mrna_XM_026137904.2_823	8751	8552	0	0
lcl|NC_052664.1_mrna_XM_026137911.2_824	8532	8333	0	0
lcl|NC_052664.1_mrna_XM_026137906.2_825	8700	8501	0	0
lcl|NC_052664.1_mrna_XM_026137903.2_826	8760	8561	0	0
lcl|NC_052664.1_mrna_XM_026137905.2_827	8709	8510	0	0
lcl|NC_052664.1_mrna_XM_039453288.1_828	7032	6833	0	0
lcl|NC_052664.1_mrna_XM_039453286.1_829	7959	7760	0	0
lcl|NC_052664.1_mrna_XM_026137912.2_830	9031	8832	13.7214	0.43637
lcl|NC_052664.1_mrna_XM_011159207.3_831	2004	1805	2	0.311221
lcl|NC_052664.1_mrna_XM_011159206.3_832	5590	5391	4	0.208404
lcl|NC_052664.1_mrna_XM_039451468.1_833	3045	2846	2	0.197383
lcl|NC_052664.1_mrna_XM_011159205.3_834	2617	2418	9	1.04545
lcl|NC_052664.1_mrna_XM_011159202.3_835	2659	2460	2.83789e-07	3.24023e-08
lcl|NC_052664.1_mrna_XM_026137901.2_836	2699	2500	0	0
lcl|NC_052664.1_mrna_XM_039448092.1_837	2707	2508	0	0
lcl|NC_052664.1_mrna_XM_011159201.3_838	1879	1680	1	0.167189
lcl|NC_052664.1_mrna_XM_039454107.1_839	1951	1752	0	0
lcl|NC_052664.1_ncrna_XR_005574131.1_840	1352	1153	3.53609	0.86141
lcl|NC_052664.1_mrna_XM_011159198.3_841	11662	11463	489.464	11.9933
lcl|NC_052664.1_mrna_XM_011159199.3_842	11592	11393	9.82379e-05	2.4219e-06
lcl|NC_052664.1_mrna_XM_026132264.2_843	11451	11252	0	0
lcl|NC_052664.1_mrna_XM_011159195.3_844	2610	2411	173.453	20.2069
lcl|NC_052664.1_mrna_XM_011159192.3_845	2552	2353	370.547	44.2321
lcl|NC_052664.1_mrna_XM_011159197.3_846	2344	2145	713.452	93.4228
lcl|NC_052664.1_mrna_XM_011159196.3_847	2347	2148	59.5482	7.78664
lcl|NC_052664.1_mrna_XM_039454160.1_848	4224	4025	23.8634	1.66526
lcl|NC_052664.1_mrna_XM_011159188.3_849	4207	4008	0	0
lcl|NC_052664.1_mrna_XM_039454071.1_850	4252	4053	0	0
lcl|NC_052664.1_mrna_XM_011159187.3_851	4318	4119	102.974	7.02185
lcl|NC_052664.1_mrna_XM_011159189.3_852	4052	3853	0	0
lcl|NC_052664.1_mrna_XM_011159191.3_853	3847	3648	16.1413	1.2428
lcl|NC_052664.1_mrna_XM_011159190.3_854	3919	3720	32.0213	2.41775
lcl|NC_052664.1_mrna_XM_011159186.3_855	1092	893	1144	359.824
lcl|NC_052664.1_mrna_XM_011159184.3_856	3483	3284	52.3101	4.47402
lcl|NC_052664.1_mrna_XM_011159185.3_857	3479	3280	485.69	41.5912
lcl|NC_052664.1_mrna_XM_011159183.3_858	4729	4530	2.00388	0.124248
lcl|NC_052664.1_ncrna_XR_005574431.1_859	1282	1083	2	0.518701
lcl|NC_052664.1_mrna_XM_011159182.3_860	3021	2822	309	30.7551
lcl|NC_052664.1_miscrna_XR_003268386.2_861	6383	6184	0	0
lcl|NC_052664.1_miscrna_XR_003268385.2_862	6387	6188	0	0
lcl|NC_052664.1_miscrna_XR_003268384.2_863	6403	6204	0	0
lcl|NC_052664.1_miscrna_XR_003268382.2_864	6506	6307	48.0106	2.13811
lcl|NC_052664.1_miscrna_XR_003268383.2_865	6522	6323	1.81306e-07	8.05387e-09
lcl|NC_052664.1_mrna_XM_026132172.2_866	6571	6372	648.989	28.6073
lcl|NC_052664.1_mrna_XM_011159179.3_867	2681	2482	1177	133.196
lcl|NC_052664.1_mrna_XM_011159178.3_868	2167	1968	0	0
lcl|NC_052664.1_mrna_XM_026132171.2_869	3257	3058	0	0
lcl|NC_052664.1_mrna_XM_026132170.2_870	937	738	0	0
lcl|NC_052664.1_mrna_XM_039451571.1_871	840	641	0	0
lcl|NC_052664.1_mrna_XM_011159177.3_872	2992	2793	42.3832	4.26225
lcl|NC_052664.1_mrna_XM_026132193.2_873	1500	1301	21.0672	4.54826
lcl|NC_052664.1_miscrna_XR_005575573.1_874	2267	2068	0	0
lcl|NC_052664.1_mrna_XM_011159176.3_875	4964	4765	4	0.235783
lcl|NC_052664.1_mrna_XM_039453574.1_876	6845	6646	0	0
lcl|NC_052664.1_mrna_XM_039453576.1_877	7430	7231	0	0
lcl|NC_052664.1_mrna_XM_039453578.1_878	6282	6083	0	0
lcl|NC_052664.1_miscrna_XR_003268387.2_879	1329	1130	19.5496	4.85932
lcl|NC_052664.1_mrna_XM_039451618.1_880	3229	3030	0	0
lcl|NC_052664.1_rrna_XR_003268397.1_881	119	5.00576	0	0
lcl|NC_052664.1_mrna_XM_039453610.1_882	3576	3377	96.5052	8.02667
lcl|NC_052664.1_mrna_XM_039453607.1_883	3680	3481	0	0
lcl|NC_052664.1_mrna_XM_011159173.3_884	3658	3459	166.495	13.5197
lcl|NC_052664.1_mrna_XM_011159169.3_885	6106	5907	62.8463	2.98833
lcl|NC_052664.1_mrna_XM_011159170.3_886	5685	5486	23.1537	1.18544
lcl|NC_052664.1_mrna_XM_011159167.3_887	1688	1489	0	0
lcl|NC_052664.1_mrna_XM_026132190.2_888	1735	1536	14.6456	2.67813
lcl|NC_052664.1_mrna_XM_039448643.1_889	1699	1500	74.4608	13.9429
lcl|NC_052664.1_mrna_XM_039448659.1_890	1651	1452	0	0
lcl|NC_052664.1_mrna_XM_039448648.1_891	1661	1462	0.000345157	6.6311e-05
lcl|NC_052664.1_mrna_XM_039448661.1_892	1652	1453	37.4678	7.24283
lcl|NC_052664.1_mrna_XM_039448653.1_893	1662	1463	17.4255	3.34546
lcl|NC_052664.1_ncrna_XR_005575295.1_894	968	769	9	3.28724
lcl|NC_052664.1_mrna_XM_039447734.1_895	10656	10457	123	3.3038
lcl|NC_052664.1_mrna_XM_039447729.1_896	10856	10657	6.87644e-07	1.81236e-08
lcl|NC_052664.1_mrna_XM_011159164.3_897	10151	9952	0	0
lcl|NC_052664.1_mrna_XM_011159165.3_898	3512	3313	250.826	21.2651
lcl|NC_052664.1_mrna_XM_011159166.3_899	3195	2996	93.1735	8.73507
lcl|NC_052664.1_mrna_XM_026132195.2_900	3123	2924	0	0
lcl|NC_052664.1_mrna_XM_011159163.3_901	1189	990	119	33.7619
lcl|NC_052664.1_mrna_XM_011159161.3_902	1956	1757	8.4408e-07	1.34936e-07
lcl|NC_052664.1_mrna_XM_011159162.3_903	1927	1728	15	2.43817
lcl|NC_052664.1_mrna_XM_039447809.1_904	1988	1789	0	0
lcl|NC_052664.1_mrna_XM_011159159.3_905	5088	4889	13	0.74686
lcl|NC_052664.1_mrna_XM_011159158.3_906	3673	3474	0	0
lcl|NC_052664.1_mrna_XM_039447762.1_907	5383	5184	26.6038	1.44143
lcl|NC_052664.1_mrna_XM_039447759.1_908	5396	5197	4.3962	0.237597
lcl|NC_052664.1_mrna_XM_039447754.1_909	5227	5028	0	0
lcl|NC_052664.1_mrna_XM_026132211.2_910	5074	4875	0	0
lcl|NC_052664.1_mrna_XM_039447773.1_911	5088	4889	0	0
lcl|NC_052664.1_mrna_XM_039447765.1_912	5087	4888	0	0
lcl|NC_052664.1_mrna_XM_026132214.2_913	4934	4735	0	0
lcl|NC_052664.1_mrna_XM_039447790.1_914	3264	3065	0.155315	0.0142331
lcl|NC_052664.1_mrna_XM_039447797.1_915	3246	3047	57.1364	5.26692
lcl|NC_052664.1_mrna_XM_039447793.1_916	3531	3332	19.7082	1.66134
lcl|NC_052664.1_mrna_XM_039447815.1_917	3382	3183	0	0
lcl|NC_052664.1_mrna_XM_011159224.3_918	3301	3102	0	0
lcl|NC_052664.1_mrna_XM_011159157.3_919	1287	1088	2	0.516317
lcl|NC_052664.1_mrna_XM_026132218.2_920	3920	3721	42	3.17034
lcl|NC_052664.1_mrna_XM_026132209.2_921	6068	5869	0	0
lcl|NC_052664.1_mrna_XM_039447716.1_922	6327	6128	0	0
lcl|NC_052664.1_mrna_XM_039447714.1_923	5786	5587	0	0
lcl|NC_052664.1_mrna_XM_026132194.2_924	2021	1822	26	4.00812
lcl|NC_052664.1_mrna_XM_011159155.3_925	1618	1419	45	8.9073
lcl|NC_052664.1_mrna_XM_011159154.3_926	2978	2779	46	4.64927
lcl|NC_052664.1_mrna_XM_026132174.2_927	3105	2906	0	0
lcl|NC_052664.1_mrna_XM_011159152.3_928	4370	4171	815	54.8824
lcl|NC_052664.1_mrna_XM_011159151.3_929	2526	2327	473	57.0927
lcl|NC_052664.1_mrna_XM_011159150.3_930	1502	1303	2225	479.624
lcl|NC_052664.1_mrna_XM_039452086.1_931	585	386	0	0
lcl|NC_052664.1_mrna_XM_039452084.1_932	691	492	0	0
lcl|NC_052664.1_mrna_XM_011159146.3_933	974	775	131.311	47.5898
lcl|NC_052664.1_mrna_XM_011159148.3_934	2038	1839	49.8279	7.61038
lcl|NC_052664.1_mrna_XM_011159147.3_935	1911	1712	28.561	4.68581
lcl|NC_052664.1_mrna_XM_026132206.2_936	1866	1667	0	0
lcl|NC_052664.1_mrna_XM_011166284.3_937	1869	1670	410	68.9578
lcl|NC_052664.1_ncrna_XR_005575256.1_938	384	185	0	0
lcl|NC_052664.1_mrna_XM_026142185.2_939	282	83.0016	0	0
lcl|NC_052664.1_mrna_XM_039452101.1_940	393	194	0	0
lcl|NC_052664.1_mrna_XM_039452068.1_941	1689	1490	17.6359	3.3245
lcl|NC_052664.1_mrna_XM_039452064.1_942	1555	1356	94.5493	19.5846
lcl|NC_052664.1_mrna_XM_039452072.1_943	1522	1323	25.0924	5.32719
lcl|NC_052664.1_mrna_XM_039452077.1_944	1366	1167	13.7224	3.30274
lcl|NC_052664.1_mrna_XM_026132202.2_945	2315	2116	149	19.7782
lcl|NC_052664.1_mrna_XM_011161562.3_946	1353	1154	408.58	99.4459
lcl|NC_052664.1_mrna_XM_039452121.1_947	1326	1127	0	0
lcl|NC_052664.1_miscrna_XR_005575278.1_948	1267	1068	268.42	70.5927
lcl|NC_052664.1_mrna_XM_026132167.2_949	1669	1470	154.487	29.5183
lcl|NC_052664.1_mrna_XM_026132169.2_950	1528	1329	94.55	19.9826
lcl|NC_052664.1_mrna_XM_011161566.3_951	1539	1340	335.963	70.421
lcl|NC_052664.1_ncrna_XR_003268381.2_952	717	518	18	9.76019
lcl|NC_052664.1_mrna_XM_011161567.3_953	746	547	5	2.56743
lcl|NC_052664.1_mrna_XM_011161569.3_954	2576	2377	231.028	27.2992
lcl|NC_052664.1_mrna_XM_011161568.3_955	2600	2401	113.972	13.3328
lcl|NC_052664.1_mrna_XM_011161571.3_956	2614	2415	724	84.2049
lcl|NC_052664.1_mrna_XM_011161570.3_957	1778	1579	538	95.7009
lcl|NC_052664.1_mrna_XM_039452159.1_958	967	768	91	33.281
lcl|NC_052664.1_mrna_XM_026132198.2_959	1987	1788	1781	279.777
lcl|NC_052664.1_mrna_XM_011161572.3_960	3047	2848	704	69.4302
lcl|NC_052664.1_mrna_XM_011161573.3_961	3013	2814	5.19128e-05	5.18162e-06
lcl|NC_052664.1_mrna_XM_026132229.2_962	860	661	478	203.115
lcl|NC_052664.1_mrna_XM_039455222.1_963	2727	2528	0	0
lcl|NC_052664.1_mrna_XM_039455212.1_964	2943	2744	0	0
lcl|NC_052664.1_mrna_XM_026132220.2_965	2875	2676	0	0
lcl|NC_052664.1_mrna_XM_039455217.1_966	2454	2255	29	3.61216
lcl|NC_052664.1_miscrna_XR_005575915.1_967	2707	2508	0	0
lcl|NC_052664.1_ncrna_XR_003268398.1_968	215	23.5677	2	23.8357
lcl|NC_052664.1_trna_969	73	3.5471	0	0
lcl|NC_052664.1_ncrna_XR_003268395.2_970	1186	987	0	0
lcl|NC_052664.1_mrna_XM_039455665.1_971	868	669	1	0.419846
lcl|NC_052664.1_mrna_XM_026132222.2_972	6921	6722	107.718	4.50098
lcl|NC_052664.1_mrna_XM_026132223.2_973	8442	8243	5.48802	0.187002
lcl|NC_052664.1_mrna_XM_026132224.2_974	6940	6741	15.7937	0.658075
lcl|NC_052664.1_mrna_XM_039455596.1_975	7239	7040	3	0.119692
lcl|NC_052664.1_mrna_XM_039455646.1_976	1752	1553	0	0
lcl|NC_052664.1_mrna_XM_039455660.1_977	1478	1279	0	0
lcl|NC_052664.1_mrna_XM_039455661.1_978	1458	1259	0	0
lcl|NC_052664.1_mrna_XM_039455657.1_979	1196	997	0	0
lcl|NC_052664.1_mrna_XM_039455654.1_980	1338	1139	0	0
lcl|NC_052664.1_mrna_XM_039455648.1_981	898	699	0	0
lcl|NC_052664.1_mrna_XM_039455366.1_982	2479	2280	1	0.123192
lcl|NC_052664.1_mrna_XM_039455364.1_983	1524	1325	0	0
lcl|NC_052664.1_mrna_XM_039455359.1_984	1653	1454	0	0
lcl|NC_052664.1_mrna_XM_026132257.2_985	2615	2416	0	0
lcl|NC_052664.1_mrna_XM_039455398.1_986	1928	1729	0	0
lcl|NC_052664.1_mrna_XM_039455396.1_987	2312	2113	0	0
lcl|NC_052664.1_mrna_XM_039455526.1_988	2238	2039	0	0
lcl|NC_052664.1_mrna_XM_039455523.1_989	2439	2240	0	0
lcl|NC_052664.1_mrna_XM_039455373.1_990	2797	2598	0	0
lcl|NC_052664.1_mrna_XM_039455370.1_991	2914	2715	0	0
lcl|NC_052664.1_mrna_XM_039455348.1_992	2478	2279	0	0
lcl|NC_052664.1_miscrna_XR_005575958.1_993	1813	1614	1	0.174025
lcl|NC_052664.1_mrna_XM_026132240.2_994	3229	3030	0	0
lcl|NC_052664.1_mrna_XM_039455173.1_995	5181	4982	0	0
lcl|NC_052664.1_mrna_XM_039455171.1_996	5184	4985	0	0
lcl|NC_052664.1_mrna_XM_039455178.1_997	4576	4377	0	0
lcl|NC_052664.1_mrna_XM_039455162.1_998	4825	4626	0	0
lcl|NC_052664.1_mrna_XM_039455192.1_999	5438	5239	0	0
lcl|NC_052664.1_mrna_XM_039455198.1_1000	3717	3518	0	0
lcl|NC_052664.1_mrna_XM_039455169.1_1001	6569	6370	1.23184	0.0543162
lcl|NC_052664.1_mrna_XM_039455164.1_1002	6572	6373	0.768163	0.0338552
lcl|NC_052664.1_mrna_XM_039455203.1_1003	6006	5807	0	0
lcl|NC_052664.1_mrna_XM_039455185.1_1004	4760	4561	0	0
lcl|NC_052664.1_mrna_XM_039455672.1_1005	1323	1124	0	0
lcl|NC_052664.1_mrna_XM_039455491.1_1006	2781	2582	0	0
lcl|NC_052664.1_mrna_XM_039455411.1_1007	1788	1589	0	0
lcl|NC_052664.1_mrna_XM_039455414.1_1008	1568	1369	0	0
lcl|NC_052664.1_mrna_XM_039455418.1_1009	1888	1689	0	0
lcl|NC_052664.1_mrna_XM_039455509.1_1010	2438	2239	2	0.250895
lcl|NC_052664.1_mrna_XM_039455504.1_1011	2510	2311	0	0
lcl|NC_052664.1_mrna_XM_039455548.1_1012	2836	2637	0	0
lcl|NC_052664.1_mrna_XM_026132260.2_1013	1244	1045	0	0
lcl|NC_052664.1_mrna_XM_039455671.1_1014	510	311	3	2.70942
lcl|NC_052664.1_mrna_XM_039455607.1_1015	1642	1443	0	0
lcl|NC_052664.1_mrna_XM_011164563.3_1016	3765	3566	0	0
lcl|NC_052664.1_miscrna_XR_005575929.1_1017	7359	7160	0	0
lcl|NC_052664.1_miscrna_XR_005575928.1_1018	6916	6717	0	0
lcl|NC_052664.1_mrna_XM_039455334.1_1019	7490	7291	0	0
lcl|NC_052664.1_mrna_XM_039455489.1_1020	3177	2978	0	0
lcl|NC_052664.1_miscrna_XR_005575932.1_1021	3641	3442	0	0
lcl|NC_052664.1_mrna_XM_039455389.1_1022	3717	3518	0	0
lcl|NC_052664.1_miscrna_XR_005575931.1_1023	3723	3524	0	0
lcl|NC_052664.1_mrna_XM_039455385.1_1024	3799	3600	0	0
lcl|NC_052664.1_miscrna_XR_005575937.1_1025	2898	2699	1	0.104067
lcl|NC_052664.1_mrna_XM_026132247.2_1026	3198	2999	0	0
lcl|NC_052664.1_ncrna_XR_005575964.1_1027	417	218	0	0
lcl|NC_052664.1_mrna_XM_039455329.1_1028	1699	1500	0	0
lcl|NC_052664.1_mrna_XM_039455252.1_1029	2903	2704	1.50507	0.156338
lcl|NC_052664.1_mrna_XM_039455251.1_1030	2906	2707	0.49493	0.0513536
lcl|NC_052664.1_mrna_XM_039455248.1_1031	2955	2756	0	0
lcl|NC_052664.1_mrna_XM_026132228.2_1032	3023	2824	0	0
lcl|NC_052664.1_mrna_XM_039455703.1_1033	3049	2850	0	0
lcl|NC_052664.1_mrna_XM_039455495.1_1034	2235	2036	0	0
lcl|NC_052664.1_mrna_XM_039455429.1_1035	2720	2521	0	0
lcl|NC_052664.1_mrna_XM_039455422.1_1036	2825	2626	0	0
lcl|NC_052664.1_mrna_XM_039455476.1_1037	2388	2189	0	0
lcl|NC_052664.1_mrna_XM_039455468.1_1038	2466	2267	0	0
lcl|NC_052664.1_mrna_XM_039455500.1_1039	2453	2254	1	0.124613
lcl|NC_052664.1_miscrna_XR_005575930.1_1040	1423	1224	0	0
lcl|NC_052664.1_mrna_XM_039455377.1_1041	1561	1362	0	0
lcl|NC_052664.1_mrna_XM_039455380.1_1042	1698	1499	0	0
lcl|NC_052664.1_mrna_XM_039455584.1_1043	2673	2474	0	0
lcl|NC_052664.1_mrna_XM_039455355.1_1044	2364	2165	1	0.129735
lcl|NC_052664.1_mrna_XM_039455532.1_1045	2797	2598	0	0
lcl|NC_052664.1_mrna_XM_026132231.2_1046	2800	2601	0	0
lcl|NC_052664.1_mrna_XM_039455436.1_1047	1451	1252	0	0
lcl|NC_052664.1_mrna_XM_039455331.1_1048	1790	1591	0	0
lcl|NC_052664.1_mrna_XM_039455330.1_1049	1871	1672	0	0
lcl|NC_052664.1_mrna_XM_039455408.1_1050	2400	2201	0	0
lcl|NC_052664.1_mrna_XM_039455402.1_1051	2472	2273	0	0
lcl|NC_052664.1_mrna_XM_039455575.1_1052	1984	1785	0	0
lcl|NC_052664.1_mrna_XM_039455568.1_1053	2134	1935	0	0
lcl|NC_052664.1_miscrna_XR_005575952.1_1054	888	689	0.894374	0.364599
lcl|NC_052664.1_mrna_XM_039455309.1_1055	4574	4375	0	0
lcl|NC_052664.1_mrna_XM_039455268.1_1056	8095	7896	0	0
lcl|NC_052664.1_mrna_XM_039455277.1_1057	7411	7212	1.10563	0.0430594
lcl|NC_052664.1_mrna_XM_039455311.1_1058	8136	7937	0	0
lcl|NC_052664.1_mrna_XM_039455260.1_1059	8163	7964	0	0
lcl|NC_052664.1_mrna_XM_039455299.1_1060	7780	7581	0	0
lcl|NC_052664.1_mrna_XM_039455290.1_1061	7828	7629	0	0
lcl|NC_052664.1_mrna_XM_039455287.1_1062	7946	7747	0	0
lcl|NC_052664.1_mrna_XM_039455286.1_1063	7989	7790	0	0
lcl|NC_052664.1_mrna_XM_039455281.1_1064	8059	7860	0	0
lcl|NC_052664.1_mrna_XM_039455272.1_1065	8107	7908	0	0
lcl|NC_052664.1_mrna_XM_039455264.1_1066	8163	7964	0	0
lcl|NC_052664.1_mrna_XM_039455256.1_1067	8225	8026	0	0
lcl|NC_052664.1_mrna_XM_039455319.1_1068	4048	3849	0	0
lcl|NC_052664.1_mrna_XM_039455324.1_1069	4517	4318	0	0
lcl|NC_052664.1_mrna_XM_039455315.1_1070	4628	4429	0	0
lcl|NC_052664.1_mrna_XM_039455444.1_1071	2077	1878	0	0
lcl|NC_052664.1_mrna_XM_039455455.1_1072	1985	1786	1	0.157266
lcl|NC_052664.1_mrna_XM_039455484.1_1073	4100	3901	0	0
lcl|NC_052664.1_mrna_XM_039455538.1_1074	3416	3217	1	0.0873101
lcl|NC_052664.1_mrna_XM_039455637.1_1075	637	438	0	0
lcl|NC_052664.1_mrna_XM_039455630.1_1076	706	507	0	0
lcl|NC_052664.1_mrna_XM_026132245.2_1077	2745	2546	0	0
lcl|NC_052664.1_ncrna_XR_005575970.1_1078	1183	984	0	0
lcl|NC_052664.1_mrna_XM_039455240.1_1079	16233	16034	24.0022	0.42046
lcl|NC_052664.1_trna_1080	73	3.5471	0	0
lcl|NC_052664.1_trna_1081	72	3.52559	0	0
lcl|NC_052664.1_trna_1082	74	3.56892	0	0
lcl|NC_052664.1_trna_1083	72	3.52559	0	0
lcl|NC_052664.1_trna_1084	72	3.52559	0	0
lcl|NC_052664.1_mrna_XM_011164556.3_1085	7502	7303	19.6902	0.757295
lcl|NC_052664.1_mrna_XM_039446857.1_1086	6973	6774	0	0
lcl|NC_052664.1_mrna_XM_039446854.1_1087	9262	9063	6.30978	0.19555
lcl|NC_052664.1_trna_1088	72	3.52559	0	0
lcl|NC_052664.1_trna_1089	72	3.52559	0	0
lcl|NC_052664.1_ncrna_XR_005575972.1_1090	2962	2763	0	0
lcl|NC_052664.1_mrna_XM_011164555.3_1091	2129	1930	930	135.345
lcl|NC_052664.1_mrna_XM_039455736.1_1092	4243	4044	0	0
lcl|NC_052664.1_mrna_XM_026132196.2_1093	4217	4018	125	8.73808
lcl|NC_052664.1_mrna_XM_011164545.3_1094	3149	2950	439	41.7983
lcl|NC_052664.1_mrna_XM_011164547.3_1095	2547	2348	91.2669	10.9177
lcl|NC_052664.1_mrna_XM_011164546.3_1096	2575	2376	84.8603	10.0317
lcl|NC_052664.1_mrna_XM_026132165.2_1097	2482	2283	0	0
lcl|NC_052664.1_mrna_XM_011164549.3_1098	2342	2143	67.8728	8.89589
lcl|NC_052664.1_mrna_XM_011164551.3_1099	2618	2419	1623.08	188.46
lcl|NC_052664.1_mrna_XM_011164550.3_1100	2586	2387	2988.87	351.699
lcl|NC_052664.1_mrna_XM_011164552.3_1101	2681	2482	667.048	75.4868
lcl|NC_052664.1_mrna_XM_026132185.2_1102	6420	6221	208.987	9.43571
lcl|NC_052664.1_mrna_XM_026132183.2_1103	6482	6283	195.709	8.74902
lcl|NC_052664.1_mrna_XM_039449840.1_1104	7488	7289	6.54772	0.252312
lcl|NC_052664.1_mrna_XM_039449829.1_1105	8668	8469	0	0
lcl|NC_052664.1_mrna_XM_026132175.2_1106	8766	8567	0	0
lcl|NC_052664.1_mrna_XM_026132178.2_1107	8670	8471	0	0
lcl|NC_052664.1_mrna_XM_026132176.2_1108	8694	8495	0	0
lcl|NC_052664.1_mrna_XM_026132177.2_1109	8678	8479	0	0
lcl|NC_052664.1_mrna_XM_026132179.2_1110	8600	8401	0	0
lcl|NC_052664.1_mrna_XM_011164540.3_1111	8512	8313	19.7273	0.66654
lcl|NC_052664.1_mrna_XM_039449808.1_1112	7009	6810	0	0
lcl|NC_052664.1_mrna_XM_026132184.2_1113	7160	6961	16.2124	0.65417
lcl|NC_052664.1_mrna_XM_026132186.2_1114	6074	5875	2.52034e-05	1.20495e-06
lcl|NC_052664.1_mrna_XM_026132187.2_1115	5088	4889	33.1887	1.90672
lcl|NC_052664.1_mrna_XM_026132188.2_1116	5447	5248	107.628	5.76033
lcl|NC_052664.1_mrna_XM_039449871.1_1117	2094	1895	594	88.0426
lcl|NC_052664.1_mrna_XM_011169174.2_1118	1853	1654	322	54.681
lcl|NC_052664.1_mrna_XM_011169175.3_1119	766	567	373	184.774
lcl|NC_052664.1_mrna_XM_026132880.2_1120	7639	7440	0	0
lcl|NC_052664.1_mrna_XM_039456848.1_1121	4887	4688	10.4232	0.624495
lcl|NC_052664.1_mrna_XM_039456856.1_1122	4792	4593	0	0
lcl|NC_052664.1_mrna_XM_026132891.2_1123	4189	3990	0	0
lcl|NC_052664.1_mrna_XM_011169170.3_1124	4095	3896	0	0
lcl|NC_052664.1_mrna_XM_039456860.1_1125	4517	4318	0	0
lcl|NC_052664.1_mrna_XM_026132890.2_1126	2990	2791	0	0
lcl|NC_052664.1_mrna_XM_026132888.2_1127	2578	2379	0	0
lcl|NC_052664.1_mrna_XM_039451358.1_1128	1229	1030	0	0
lcl|NC_052664.1_mrna_XM_039451354.1_1129	2932	2733	0	0
lcl|NC_052664.1_mrna_XM_039451349.1_1130	3026	2827	0	0
lcl|NC_052664.1_mrna_XM_039451351.1_1131	2855	2656	0	0
lcl|NC_052664.1_mrna_XM_026132887.2_1132	2346	2147	1170	153.063
lcl|NC_052664.1_mrna_XM_011169166.3_1133	5677	5478	115.788	5.93686
lcl|NC_052664.1_mrna_XM_011169167.3_1134	5302	5103	2.93001	0.161272
lcl|NC_052664.1_mrna_XM_011169165.3_1135	5723	5524	0	0
lcl|NC_052664.1_mrna_XM_011169164.3_1136	5752	5553	0	0
lcl|NC_052664.1_mrna_XM_039446871.1_1137	5596	5397	36.2821	1.88823
lcl|NC_052664.1_mrna_XM_039446873.1_1138	7036	6837	0	0
lcl|NC_052664.1_mrna_XM_011169163.3_1139	2950	2751	508.438	51.9115
lcl|NC_052664.1_miscrna_XR_851012.3_1140	2559	2360	67.5617	8.04089
lcl|NC_052664.1_mrna_XM_011169162.3_1141	2345	2146	644	84.2892
lcl|NC_052664.1_mrna_XM_011169161.3_1142	2204	2005	615.877	86.277
lcl|NC_052664.1_mrna_XM_011169160.3_1143	1709	1510	373.646	69.5022
lcl|NC_052664.1_mrna_XM_011169159.3_1144	5172	4973	225.478	12.7351
lcl|NC_052664.1_mrna_XM_011169158.3_1145	15147	14948	225.339	4.23418
lcl|NC_052664.1_mrna_XM_039446904.1_1146	15195	14996	47.8582	0.89639
lcl|NC_052664.1_mrna_XM_026132886.2_1147	3121	2922	1343.95	129.187
lcl|NC_052664.1_mrna_XM_011169156.3_1148	2988	2789	0.0446259	0.00449422
lcl|NC_052664.1_mrna_XM_039447003.1_1149	3000	2801	0.00300667	0.0003015
lcl|NC_052664.1_mrna_XM_011167763.3_1150	2000	1801	176.752	27.5655
lcl|NC_052664.1_mrna_XM_011169154.3_1151	752	553	323	164.056
lcl|NC_052664.1_mrna_XM_039447010.1_1152	3260	3061	210.187	19.2867
lcl|NC_052664.1_mrna_XM_011169153.3_1153	3180	2981	1714.81	161.574
lcl|NC_052664.1_mrna_XM_026132874.2_1154	4630	4431	734.853	46.5816
lcl|NC_052664.1_mrna_XM_011175516.3_1155	1285	1086	3.01647	0.780163
lcl|NC_052664.1_mrna_XM_011169151.3_1156	13975	13776	537.174	10.9524
lcl|NC_052664.1_mrna_XM_026132865.2_1157	7582	7383	19.1563	0.728777
lcl|NC_052664.1_mrna_XM_026132864.2_1158	7590	7391	3.96336e-07	1.50618e-08
lcl|NC_052664.1_mrna_XM_039446992.1_1159	7371	7172	0.0235168	0.000920987
lcl|NC_052664.1_mrna_XM_026132867.2_1160	7560	7361	0	0
lcl|NC_052664.1_mrna_XM_011169150.3_1161	7587	7388	37.8202	1.43785
lcl|NC_052664.1_mrna_XM_026132863.2_1162	7380	7181	0	0
lcl|NC_052664.1_mrna_XM_039446988.1_1163	6013	5814	0	0
lcl|NC_052664.1_mrna_XM_026132868.2_1164	6039	5840	0	0
lcl|NC_052664.1_mrna_XM_026132866.2_1165	5664	5465	0	0
lcl|NC_052664.1_miscrna_XR_003268487.2_1166	5932	5733	0	0
lcl|NC_052664.1_ncrna_XR_003268497.1_1167	107	4.51079	0	0
lcl|NC_052664.1_mrna_XM_026132845.2_1168	764	565	0	0
lcl|NC_052664.1_mrna_XM_039449015.1_1169	9520	9321	0.0203219	0.000612374
lcl|NC_052664.1_mrna_XM_011169148.3_1170	9541	9342	0.00212656	6.3937e-05
lcl|NC_052664.1_mrna_XM_011169149.3_1171	9522	9323	13.9045	0.418906
lcl|NC_052664.1_mrna_XM_026132919.2_1172	9500	9301	148.688	4.49015
lcl|NC_052664.1_mrna_XM_026132920.2_1173	1350	1151	0	0
lcl|NC_052664.1_mrna_XM_039449040.1_1174	4305	4106	17.3967	1.19004
lcl|NC_052664.1_mrna_XM_039449044.1_1175	4227	4028	0	0
lcl|NC_052664.1_mrna_XM_011169146.3_1176	3640	3441	319.603	26.0881
lcl|NC_052664.1_mrna_XM_011169196.3_1177	1541	1342	0	0
lcl|NC_052664.1_mrna_XM_039451894.1_1178	2447	2248	0	0
lcl|NC_052664.1_mrna_XM_011169195.3_1179	2198	1999	10	1.40509
lcl|NC_052664.1_mrna_XM_026132918.2_1180	1378	1179	0	0
lcl|NC_052664.1_mrna_XM_011169139.3_1181	2185	1986	563.205	79.6532
lcl|NC_052664.1_mrna_XM_011169141.3_1182	2548	2349	5.63217e-06	6.73455e-07
lcl|NC_052664.1_mrna_XM_039449056.1_1183	2508	2309	170.662	20.7601
lcl|NC_052664.1_mrna_XM_011169142.3_1184	2578	2379	69.1327	8.16216
lcl|NC_052664.1_mrna_XM_011169143.3_1185	4101	3902	0	0
lcl|NC_052664.1_mrna_XM_011169144.3_1186	3999	3800	159.522	11.791
lcl|NC_052664.1_mrna_XM_011169145.3_1187	2287	2088	31.8192	4.28031
lcl|NC_052664.1_mrna_XM_039449075.1_1188	4090	3891	27.6593	1.99662
lcl|NC_052664.1_mrna_XM_011169136.3_1189	3604	3405	0	0
lcl|NC_052664.1_mrna_XM_039449096.1_1190	3551	3352	0	0
lcl|NC_052664.1_mrna_XM_011169137.3_1191	5161	4962	0	0
lcl|NC_052664.1_mrna_XM_039449082.1_1192	2728	2529	8	0.888499
lcl|NC_052664.1_rrna_XR_003268495.1_1193	119	5.00576	0	0
lcl|NC_052664.1_mrna_XM_011169135.3_1194	896	697	2344	944.584
lcl|NC_052664.1_mrna_XM_011175770.3_1195	1075	876	0.55788	0.178876
lcl|NC_052664.1_mrna_XM_026132917.2_1196	1133	934	47.4421	14.267
lcl|NC_052664.1_mrna_XM_026132913.2_1197	7145	6946	124.987	5.05414
lcl|NC_052664.1_mrna_XM_039449149.1_1198	7652	7453	0	0
lcl|NC_052664.1_mrna_XM_026132914.2_1199	7591	7392	0	0
lcl|NC_052664.1_mrna_XM_011169131.3_1200	7465	7266	38.0126	1.46943
lcl|NC_052664.1_mrna_XM_011169132.3_1201	6795	6596	1.02572e-05	4.36781e-07
lcl|NC_052664.1_mrna_XM_026132915.2_1202	6927	6728	0	0
lcl|NC_052664.1_mrna_XM_039449214.1_1203	2375	2176	0	0
lcl|NC_052664.1_mrna_XM_039449212.1_1204	674	475	1	0.591319
lcl|NC_052664.1_mrna_XM_039449183.1_1205	4273	4074	45.4671	3.13467
lcl|NC_052664.1_mrna_XM_039449181.1_1206	3257	3058	0	0
lcl|NC_052664.1_mrna_XM_039449189.1_1207	10019	9820	134.182	3.83795
lcl|NC_052664.1_mrna_XM_039449194.1_1208	10013	9814	0	0
lcl|NC_052664.1_mrna_XM_039449196.1_1209	2195	1996	51.3506	7.22605
lcl|NC_052664.1_mrna_XM_011169124.3_1210	3262	3063	0	0
lcl|NC_052664.1_mrna_XM_039449239.1_1211	8324	8125	0	0
lcl|NC_052664.1_miscrna_XR_005574769.1_1212	8582	8383	0	0
lcl|NC_052664.1_mrna_XM_039449218.1_1213	8504	8305	0	0
lcl|NC_052664.1_mrna_XM_039449230.1_1214	8315	8116	0	0
lcl|NC_052664.1_mrna_XM_039449222.1_1215	8489	8290	0	0
lcl|NC_052664.1_mrna_XM_039449234.1_1216	7078	6879	2	0.0816621
lcl|NC_052664.1_mrna_XM_026132911.2_1217	8609	8410	0	0
lcl|NC_052664.1_mrna_XM_026132903.2_1218	2893	2694	431	44.9361
lcl|NC_052664.1_mrna_XM_039451953.1_1219	1364	1165	225	54.2466
lcl|NC_052664.1_mrna_XM_026132901.2_1220	780	581	27	13.0528
lcl|NC_052664.1_mrna_XM_011169118.3_1221	981	782	2705	971.575
lcl|NC_052664.1_mrna_XM_039449269.1_1222	7642	7443	158.73	5.98998
lcl|NC_052664.1_mrna_XM_039449264.1_1223	7550	7351	0	0
lcl|NC_052664.1_mrna_XM_039449276.1_1224	7418	7219	119.458	4.64787
lcl|NC_052664.1_miscrna_XR_005574772.1_1225	4397	4198	11.7729	0.787693
lcl|NC_052664.1_mrna_XM_011169111.3_1226	4375	4176	69.0689	4.64556
lcl|NC_052664.1_ncrna_XR_005574791.1_1227	625	426	0	0
lcl|NC_052664.1_mrna_XM_039449281.1_1228	7331	7132	0.0144401	0.00056869
lcl|NC_052664.1_mrna_XM_011169114.3_1229	2918	2719	0	0
lcl|NC_052664.1_mrna_XM_026132899.2_1230	3000	2801	0	0
lcl|NC_052664.1_mrna_XM_011169115.3_1231	2412	2213	64.9561	8.2443
lcl|NC_052664.1_mrna_XM_011169116.3_1232	1861	1662	4.12733	0.697515
lcl|NC_052664.1_ncrna_XR_005574792.1_1233	1862	1663	0	0
lcl|NC_052664.1_ncrna_XR_005574796.1_1234	1865	1666	6.87267	1.15869
lcl|NC_052664.1_mrna_XM_026132900.2_1235	777	578	48.2693	23.4563
lcl|NC_052664.1_mrna_XM_011169117.3_1236	760	561	503.731	252.204
lcl|NC_052664.1_mrna_XM_039449288.1_1237	6202	6003	12.1335	0.567719
lcl|NC_052664.1_mrna_XM_039449292.1_1238	6208	6009	0	0
lcl|NC_052664.1_miscrna_XR_005574780.1_1239	5635	5436	12.8665	0.664809
lcl|NC_052664.1_mrna_XM_011169109.3_1240	2412	2213	310.368	39.3923
lcl|NC_052664.1_mrna_XM_026132834.2_1241	2415	2216	780.632	98.9446
lcl|NC_052664.1_mrna_XM_011169106.3_1242	853	654	1314	564.33
lcl|NC_052664.1_mrna_XM_011169108.3_1243	870	671	1101	460.872
lcl|NC_052664.1_mrna_XM_011169100.3_1244	2997	2798	2.47627	0.24858
lcl|NC_052664.1_mrna_XM_039449380.1_1245	2976	2777	62.7036	6.34209
lcl|NC_052664.1_mrna_XM_011169103.3_1246	2915	2716	59.3886	6.1417
lcl|NC_052664.1_mrna_XM_011169104.3_1247	2908	2709	25.4316	2.63682
lcl|NC_052664.1_mrna_XM_039449328.1_1248	10890	10691	6.88426	0.180865
lcl|NC_052664.1_mrna_XM_039449333.1_1249	10887	10688	9.12237	0.239732
lcl|NC_052664.1_mrna_XM_039449355.1_1250	2693	2494	0	0
lcl|NC_052664.1_mrna_XM_039449390.1_1251	3065	2866	0	0
lcl|NC_052664.1_mrna_XM_039449388.1_1252	2985	2786	27.9808	2.82095
lcl|NC_052664.1_mrna_XM_039449350.1_1253	5397	5198	157.37	8.50355
lcl|NC_052664.1_mrna_XM_039449359.1_1254	5311	5112	342.064	18.7946
lcl|NC_052664.1_mrna_XM_039449344.1_1255	5311	5112	0	0
lcl|NC_052664.1_mrna_XM_011169097.3_1256	5340	5141	0	0
lcl|NC_052664.1_mrna_XM_039449360.1_1257	5523	5324	19.5584	1.03184
lcl|NC_052664.1_mrna_XM_011169098.3_1258	5021	4822	0.00772437	0.000449937
lcl|NC_052664.1_mrna_XM_039449384.1_1259	2347	2148	0	0
lcl|NC_052664.1_mrna_XM_011169092.3_1260	2600	2401	218.116	25.5159
lcl|NC_052664.1_mrna_XM_011169095.3_1261	1310	1111	277.904	70.258
lcl|NC_052664.1_mrna_XM_011169090.3_1262	1647	1448	342	66.3397
lcl|NC_052664.1_mrna_XM_011169091.3_1263	2993	2794	327	32.8728
lcl|NC_052664.1_miscrna_XR_005574842.1_1264	2175	1976	0	0
lcl|NC_052664.1_miscrna_XR_005574841.1_1265	2051	1852	2	0.303323
lcl|NC_052664.1_mrna_XM_039449529.1_1266	2277	2078	0	0
lcl|NC_052664.1_mrna_XM_039449523.1_1267	5189	4990	0.00145173	8.1715e-05
lcl|NC_052664.1_mrna_XM_011169089.3_1268	5384	5185	43.809	2.37318
lcl|NC_052664.1_mrna_XM_039449452.1_1269	7634	7435	0.000108135	4.08507e-06
lcl|NC_052664.1_mrna_XM_011169088.3_1270	7617	7418	412	15.6001
lcl|NC_052664.1_mrna_XM_026132849.2_1271	3786	3587	0	0
lcl|NC_052664.1_mrna_XM_026132851.2_1272	3668	3469	14	1.13355
lcl|NC_052664.1_mrna_XM_039449460.1_1273	3635	3436	0	0
lcl|NC_052664.1_mrna_XM_039449475.1_1274	3261	3062	0	0
lcl|NC_052664.1_mrna_XM_039449490.1_1275	2590	2391	0.000207867	2.44186e-05
lcl|NC_052664.1_mrna_XM_011169083.3_1276	2561	2362	194.56	23.1361
lcl|NC_052664.1_mrna_XM_011169081.3_1277	2574	2375	194.32	22.9811
lcl|NC_052664.1_mrna_XM_011169082.3_1278	2507	2308	616.119	74.9799
lcl|NC_052664.1_mrna_XM_039449484.1_1279	2342	2143	149.249	19.5616
lcl|NC_052664.1_mrna_XM_039449537.1_1280	914	715	490	192.489
lcl|NC_052664.1_mrna_XM_011169080.3_1281	1911	1712	1961.66	321.836
lcl|NC_052664.1_mrna_XM_039449606.1_1282	3236	3037	466.156	43.1124
lcl|NC_052664.1_mrna_XM_039449611.1_1283	3253	3054	260.189	23.9296
lcl|NC_052664.1_ncrna_XR_005574886.1_1284	1114	915	44.2479	13.5827
lcl|NC_052664.1_mrna_XM_011169079.3_1285	3651	3452	433.134	35.2426
lcl|NC_052664.1_mrna_XM_026132882.2_1286	3564	3365	0.106441	0.00888467
lcl|NC_052664.1_mrna_XM_026132884.2_1287	3534	3335	80.3519	6.76731
lcl|NC_052664.1_mrna_XM_026132883.2_1288	3531	3332	198.159	16.7042
lcl|NC_052664.1_mrna_XM_011169078.3_1289	2184	1985	1786	252.718
lcl|NC_052664.1_mrna_XM_011169073.3_1290	2586	2387	148.002	17.4152
lcl|NC_052664.1_mrna_XM_011169074.3_1291	2537	2338	1055	126.743
lcl|NC_052664.1_miscrna_XR_005574853.1_1292	3035	2836	81.5184	8.07356
lcl|NC_052664.1_mrna_XM_039449571.1_1293	3262	3063	393.165	36.0532
lcl|NC_052664.1_mrna_XM_039449573.1_1294	2658	2459	207.316	23.6805
lcl|NC_052664.1_mrna_XM_039449620.1_1295	2240	2041	1008	138.718
lcl|NC_052664.1_mrna_XM_011169071.3_1296	1121	922	5009	1525.93
lcl|NC_052664.1_mrna_XM_011169070.3_1297	2647	2448	261	29.9464
lcl|NC_052664.1_mrna_XM_026132825.2_1298	3689	3490	162.074	13.0438
lcl|NC_052664.1_mrna_XM_026132826.2_1299	3043	2844	79.9257	7.89355
lcl|NC_052664.1_mrna_XM_039449558.1_1300	4961	4762	86.57	5.10615
lcl|NC_052664.1_mrna_XM_026132827.2_1301	3193	2994	351.353	32.9616
lcl|NC_052664.1_mrna_XM_039449561.1_1302	3226	3027	358.077	33.2261
lcl|NC_052664.1_mrna_XM_011169063.3_1303	5075	4876	215.542	12.4161
lcl|NC_052664.1_mrna_XM_026132824.2_1304	5053	4854	19.4577	1.12592
lcl|NC_052664.1_mrna_XM_026132821.2_1305	1423	1224	394.472	90.5213
lcl|NC_052664.1_mrna_XM_011169065.3_1306	1610	1411	350.655	69.8021
lcl|NC_052664.1_mrna_XM_026132822.2_1307	1539	1340	65.1686	13.66
lcl|NC_052664.1_mrna_XM_011169066.3_1308	1519	1320	45.2116	9.62037
lcl|NC_052664.1_mrna_XM_011169067.3_1309	1045	846	528.603	175.499
lcl|NC_052664.1_mrna_XM_026132823.2_1310	931	732	95.8897	36.794
lcl|NC_052664.1_mrna_XM_011169062.3_1311	2819	2620	520	55.7465
lcl|NC_052664.1_mrna_XM_026132817.2_1312	2216	2017	56.7026	7.89611
lcl|NC_052664.1_mrna_XM_026132818.2_1313	2213	2014	29.5555	4.12187
lcl|NC_052664.1_mrna_XM_026132819.2_1314	2028	1829	157.742	24.2242
lcl|NC_052664.1_mrna_XM_011169061.3_1315	2787	2588	694	75.3201
lcl|NC_052664.1_mrna_XM_011169059.3_1316	1084	885	397.932	126.294
lcl|NC_052664.1_mrna_XM_039449723.1_1317	1070	871	0.0102307	0.00329917
lcl|NC_052664.1_mrna_XM_011169058.3_1318	1165	966	54.0579	15.718
lcl|NC_052664.1_mrna_XM_011169055.3_1319	2845	2646	135	14.3304
lcl|NC_052664.1_mrna_XM_011169057.3_1320	657	458	25	15.3317
lcl|NC_052664.1_mrna_XM_026132930.2_1321	5162	4963	0	0
lcl|NC_052664.1_mrna_XM_026132929.2_1322	5165	4966	0	0
lcl|NC_052664.1_mrna_XM_026132931.2_1323	5149	4950	0	0
lcl|NC_052664.1_mrna_XM_026132932.2_1324	5019	4820	0	0
lcl|NC_052664.1_mrna_XM_026132933.2_1325	4810	4611	16.3771	0.997604
lcl|NC_052664.1_mrna_XM_026132935.2_1326	4752	4553	66.5692	4.10669
lcl|NC_052664.1_mrna_XM_026132936.2_1327	3674	3475	101.018	8.16508
lcl|NC_052664.1_mrna_XM_026132934.2_1328	3686	3487	59.0355	4.75529
lcl|NC_052664.1_mrna_XM_039459681.1_1329	1920	1721	0	0
lcl|NC_052664.1_mrna_XM_011169051.3_1330	2475	2276	13	1.6043
lcl|NC_052664.1_mrna_XM_039459675.1_1331	2201	2002	4.24224	0.595178
lcl|NC_052664.1_mrna_XM_039459666.1_1332	2187	1988	702.559	99.2618
lcl|NC_052664.1_mrna_XM_011169052.3_1333	2805	2606	160.072	17.2527
lcl|NC_052664.1_mrna_XM_039459671.1_1334	2980	2781	19.1581	1.93493
lcl|NC_052664.1_mrna_XM_011169049.3_1335	1520	1321	354.969	75.4749
lcl|NC_052664.1_mrna_XM_011169047.3_1336	1139	940	460	137.45
lcl|NC_052664.1_mrna_XM_026132856.2_1337	6637	6438	118.479	5.16898
lcl|NC_052664.1_mrna_XM_026132854.2_1338	6903	6704	0	0
lcl|NC_052664.1_mrna_XM_026132857.2_1339	6842	6643	0	0
lcl|NC_052664.1_mrna_XM_039459712.1_1340	8370	8171	20.3797	0.700547
lcl|NC_052664.1_mrna_XM_039459749.1_1341	2555	2356	0.00214367	0.000255563
lcl|NC_052664.1_mrna_XM_039459744.1_1342	2576	2377	28.9242	3.41782
lcl|NC_052664.1_mrna_XM_026132858.2_1343	2544	2345	12.6689	1.51744
lcl|NC_052664.1_mrna_XM_039459765.1_1344	2646	2447	15.5465	1.78449
lcl|NC_052664.1_mrna_XM_039459756.1_1345	1316	1117	0	0
lcl|NC_052664.1_ncrna_XR_005574126.1_1346	413	214	0	0
lcl|NC_052664.1_mrna_XM_011169044.3_1347	5843	5644	134.509	6.69393
lcl|NC_052664.1_mrna_XM_011169046.3_1348	5738	5539	149.919	7.60225
lcl|NC_052664.1_mrna_XM_026132853.2_1349	5831	5632	24.5713	1.22541
lcl|NC_052664.1_mrna_XM_011169040.3_1350	9066	8867	44	1.39377
lcl|NC_052664.1_mrna_XM_039445738.1_1351	9457	9258	0	0
lcl|NC_052664.1_mrna_XM_011169042.3_1352	18503	18304	0	0
lcl|NC_052664.1_mrna_XM_026132872.2_1353	18727	18528	19.3999	0.294095
lcl|NC_052664.1_mrna_XM_026132871.2_1354	18740	18541	9.60007	0.145431
lcl|NC_052664.1_mrna_XM_011169038.3_1355	1921	1722	494	80.5767
lcl|NC_052664.1_mrna_XM_011169182.3_1356	1905	1706	319	52.5203
lcl|NC_052664.1_mrna_XM_011169037.3_1357	3522	3323	1429	120.786
lcl|NC_052664.1_mrna_XM_011169036.3_1358	2874	2675	894.98	93.9734
lcl|NC_052664.1_mrna_XM_026132861.2_1359	5167	4968	154	8.70673
lcl|NC_052664.1_mrna_XM_026132862.2_1360	4786	4587	0	0
lcl|NC_052664.1_mrna_XM_011169034.3_1361	1053	854	372	122.349
lcl|NC_052664.1_mrna_XM_011169033.3_1362	1689	1490	2811	529.896
lcl|NC_052664.1_mrna_XM_011169032.3_1363	4500	4301	819	53.4848
lcl|NC_052664.1_mrna_XM_026132877.2_1364	1635	1436	71	13.8874
lcl|NC_052664.1_mrna_XM_011169028.3_1365	1658	1459	0	0
lcl|NC_052664.1_mrna_XM_026132875.2_1366	1629	1430	0	0
lcl|NC_052664.1_mrna_XM_011169029.3_1367	3491	3292	5	0.426605
lcl|NC_052664.1_mrna_XM_026132878.2_1368	3242	3043	18.0312	1.66432
lcl|NC_052664.1_mrna_XM_011169027.3_1369	3243	3044	12.9688	1.19666
lcl|NC_052664.1_mrna_XM_011169026.3_1370	3006	2807	681	68.1429
lcl|NC_052664.1_mrna_XM_011169018.3_1371	2524	2325	1471	177.707
lcl|NC_052664.1_mrna_XM_039456919.1_1372	833	634	5.15864	2.2854
lcl|NC_052664.1_mrna_XM_039456926.1_1373	838	639	14.9882	6.58817
lcl|NC_052664.1_miscrna_XR_005576235.1_1374	577	378	0	0
lcl|NC_052664.1_miscrna_XR_005576234.1_1375	582	383	0	0
lcl|NC_052664.1_miscrna_XR_851007.3_1376	488	289	0.00929333	0.00903211
lcl|NC_052664.1_miscrna_XR_851006.3_1377	486	287	9.84385	9.63383
lcl|NC_052664.1_miscrna_XR_005576232.1_1378	491	292	0	0
lcl|NC_052664.1_miscrna_XR_005576236.1_1379	1788	1589	0	0
lcl|NC_052664.1_mrna_XM_011169024.3_1380	5539	5340	431	22.67
lcl|NC_052664.1_mrna_XM_011169025.3_1381	2346	2147	239	31.2667
lcl|NC_052664.1_mrna_XM_026132832.2_1382	11933	11734	0.230281	0.00551223
lcl|NC_052664.1_mrna_XM_026132831.2_1383	11871	11672	46.7697	1.12547
lcl|NC_052664.1_mrna_XM_026132842.2_1384	9325	9126	0.184927	0.00569163
lcl|NC_052664.1_mrna_XM_026132836.2_1385	9364	9165	0	0
lcl|NC_052664.1_mrna_XM_026132840.2_1386	9286	9087	14.1179	0.436381
lcl|NC_052664.1_mrna_XM_026132839.2_1387	9325	9126	0	0
lcl|NC_052664.1_mrna_XM_026132835.2_1388	9367	9168	0	0
lcl|NC_052664.1_mrna_XM_039451471.1_1389	9294	9095	0	0
lcl|NC_052664.1_mrna_XM_026132837.2_1390	9330	9131	0	0
lcl|NC_052664.1_mrna_XM_026132838.2_1391	9327	9128	14.4942	0.446
lcl|NC_052664.1_mrna_XM_026132841.2_1392	9260	9061	3.31237	0.102678
lcl|NC_052664.1_mrna_XM_039451482.1_1393	5107	4908	220.891	12.6412
lcl|NC_052664.1_mrna_XM_039451483.1_1394	8066	7867	0	0
lcl|NC_052664.1_mrna_XM_039451486.1_1395	8026	7827	0	0
lcl|NC_052664.1_ncrna_XR_005575184.1_1396	8298	8099	2	0.0693608
lcl|NC_052664.1_ncrna_XR_003268481.2_1397	3329	3130	0	0
lcl|NC_052664.1_mrna_XM_026132843.2_1398	483	284	1.02182	1.01058
lcl|NC_052664.1_mrna_XM_039451585.1_1399	1031	832	0	0
lcl|NC_052664.1_miscrna_XR_005575181.1_1400	1455	1256	4.35783	0.974533
lcl|NC_052664.1_mrna_XM_039451582.1_1401	1153	954	5.49116	1.61671
lcl|NC_052664.1_miscrna_XR_005575182.1_1402	909	710	1.76187	0.696998
lcl|NC_052664.1_mrna_XM_026141523.2_1403	1455	1256	3	0.670884
lcl|NC_052664.1_mrna_XM_039451607.1_1404	5638	5439	0	0
lcl|NC_052664.1_miscrna_XR_005575179.1_1405	1492	1293	3.00939	0.653725
lcl|NC_052664.1_mrna_XM_039451619.1_1406	1431	1232	40	9.11937
lcl|NC_052664.1_mrna_XM_039451592.1_1407	1969	1770	0	0
lcl|NC_052664.1_mrna_XM_039451589.1_1408	2090	1891	24.3891	3.6226
lcl|NC_052664.1_mrna_XM_039451508.1_1409	2846	2647	0	0
lcl|NC_052664.1_mrna_XM_039451509.1_1410	2622	2423	0	0
lcl|NC_052664.1_mrna_XM_039451501.1_1411	3068	2869	0	0
lcl|NC_052664.1_mrna_XM_039451498.1_1412	2861	2662	0	0
lcl|NC_052664.1_mrna_XM_039451500.1_1413	2637	2438	6	0.691247
lcl|NC_052664.1_mrna_XM_039451495.1_1414	3083	2884	0	0
lcl|NC_052664.1_mrna_XM_026131286.2_1415	2978	2779	0	0
lcl|NC_052664.1_mrna_XM_039451556.1_1416	1823	1624	0	0
lcl|NC_052664.1_mrna_XM_039451557.1_1417	1789	1590	0	0
lcl|NC_052664.1_mrna_XM_026131287.2_1418	1845	1646	0	0
lcl|NC_052664.1_mrna_XM_011162352.3_1419	1595	1396	0	0
lcl|NC_052664.1_mrna_XM_039451532.1_1420	2137	1938	0	0
lcl|NC_052664.1_mrna_XM_039451539.1_1421	2079	1880	0	0
lcl|NC_052664.1_mrna_XM_039451549.1_1422	2076	1877	0	0
lcl|NC_052664.1_mrna_XM_039451543.1_1423	2005	1806	0	0
lcl|NC_052664.1_mrna_XM_039451552.1_1424	2002	1803	0	0
lcl|NC_052664.1_mrna_XM_039451614.1_1425	904	705	0	0
lcl|NC_052664.1_mrna_XM_039451626.1_1426	343	144	0	0
lcl|NC_052664.1_mrna_XM_011159935.3_1427	1750	1551	0	0
lcl|NC_052664.1_mrna_XM_011159805.3_1428	1155	956	139.78	41.068
lcl|NC_052664.1_mrna_XM_011159806.3_1429	1058	859	1.33361	0.436066
lcl|NC_052664.1_mrna_XM_039451577.1_1430	1177	978	2.74476e-07	7.88282e-08
lcl|NC_052664.1_mrna_XM_026131289.2_1431	1167	968	6.88616	1.9981
lcl|NC_052664.1_mrna_XM_011159810.3_1432	7877	7678	7.95061	0.290849
lcl|NC_052664.1_mrna_XM_011159812.3_1433	7974	7775	2.70242e-05	9.76268e-07
lcl|NC_052664.1_mrna_XM_011159811.3_1434	7916	7717	0.0493636	0.00179669
lcl|NC_052664.1_mrna_XM_011159809.2_1435	1024	825	57	19.406
lcl|NC_052664.1_mrna_XM_011159808.3_1436	1822	1623	742	128.411
lcl|NC_052664.1_mrna_XM_011159807.3_1437	1825	1626	4.40877e-08	7.61576e-09
lcl|NC_052664.1_mrna_XM_026131324.2_1438	1789	1590	249.405	44.0579
lcl|NC_052664.1_mrna_XM_026131323.2_1439	1818	1619	26.5951	4.61392
lcl|NC_052664.1_mrna_XM_039455025.1_1440	4585	4386	515.215	32.9941
lcl|NC_052664.1_mrna_XM_039455018.1_1441	4588	4389	2211.32	141.515
lcl|NC_052664.1_mrna_XM_039455015.1_1442	4564	4365	0.000140945	9.06944e-06
lcl|NC_052664.1_mrna_XM_039455010.1_1443	4564	4365	0.00127192	8.18451e-05
lcl|NC_052664.1_mrna_XM_039455017.1_1444	4463	4264	146.465	9.64788
lcl|NC_052664.1_mrna_XM_011159816.2_1445	1261	1062	1285	339.856
lcl|NC_052664.1_mrna_XM_026131416.1_1446	1492	1293	1407.46	305.74
lcl|NC_052664.1_mrna_XM_026131415.2_1447	1143	944	21.5413	6.40939
lcl|NC_052664.1_mrna_XM_039449930.1_1448	4562	4363	129	8.30463
lcl|NC_052664.1_mrna_XM_011159817.3_1449	1832	1633	2020	347.441
lcl|NC_052664.1_mrna_XM_011159827.3_1450	1918	1719	264.19	43.1675
lcl|NC_052664.1_mrna_XM_011159825.3_1451	5450	5251	50	2.67451
lcl|NC_052664.1_mrna_XM_026131279.2_1452	940	741	575	217.954
lcl|NC_052664.1_mrna_XM_011159820.3_1453	1153	954	110.014	32.3902
lcl|NC_052664.1_mrna_XM_011159823.1_1454	1011	812	503.117	174.032
lcl|NC_052664.1_mrna_XM_011159821.2_1455	1041	842	98.8697	32.9812
lcl|NC_052664.1_miscrna_XR_005574944.1_1456	4719	4520	0	0
lcl|NC_052664.1_miscrna_XR_005574945.1_1457	4116	3917	0	0
lcl|NC_052664.1_miscrna_XR_005574943.1_1458	4708	4509	0	0
lcl|NC_052664.1_miscrna_XR_003268283.2_1459	4705	4506	4.4645	0.27829
lcl|NC_052664.1_mrna_XM_026131307.2_1460	4766	4567	0	0
lcl|NC_052664.1_mrna_XM_039450000.1_1461	792	593	2.33421	1.10561
lcl|NC_052664.1_miscrna_XR_005574941.1_1462	4884	4685	29.2407	1.75305
lcl|NC_052664.1_mrna_XM_039449952.1_1463	1579	1380	128.761	26.2072
lcl|NC_052664.1_mrna_XM_039449960.1_1464	1589	1390	0.0921857	0.0186279
lcl|NC_052664.1_mrna_XM_026131306.2_1465	1247	1048	102.147	27.3766
lcl|NC_052664.1_mrna_XM_011159829.3_1466	1376	1177	0	0
lcl|NC_052664.1_mrna_XM_011159831.3_1467	1493	1294	0	0
lcl|NC_052664.1_mrna_XM_039449924.1_1468	9912	9713	0	0
lcl|NC_052664.1_mrna_XM_026131305.2_1469	6586	6387	3	0.131929
lcl|NC_052664.1_mrna_XM_039449927.1_1470	5116	4917	0	0
lcl|NC_052664.1_mrna_XM_039445991.1_1471	8386	8187	35.5843	1.22081
lcl|NC_052664.1_mrna_XM_026131308.2_1472	1838	1639	8.41566	1.4422
lcl|NC_052664.1_mrna_XM_039445987.1_1473	4003	3804	0	0
lcl|NC_052664.1_mrna_XM_039445999.1_1474	1347	1148	0	0
lcl|NC_052664.1_mrna_XM_011159838.3_1475	6228	6029	61.9974	2.88831
lcl|NC_052664.1_mrna_XM_011159836.3_1476	6349	6150	545.771	24.9259
lcl|NC_052664.1_mrna_XM_011159837.3_1477	6321	6122	32.8961	1.50927
lcl|NC_052664.1_mrna_XM_011159839.3_1478	6190	5991	59.7619	2.80182
lcl|NC_052664.1_mrna_XM_011159834.3_1479	1444	1245	617.021	139.202
lcl|NC_052664.1_mrna_XM_011159840.3_1480	1941	1742	30.979	4.995
lcl|NC_052664.1_mrna_XM_011159841.3_1481	2292	2093	100	13.4198
lcl|NC_052664.1_mrna_XM_011159842.3_1482	1315	1116	1605.68	404.121
lcl|NC_052664.1_mrna_XM_011159848.3_1483	2783	2584	19.3153	2.09954
lcl|NC_052664.1_mrna_XM_039455903.1_1484	2618	2419	0	0
lcl|NC_052664.1_mrna_NM_001304582.1_1485	3026	2827	2.18202	0.216795
lcl|NC_052664.1_mrna_XM_011159844.3_1486	2060	1861	50.818	7.66985
lcl|NC_052664.1_mrna_XM_039459627.1_1487	1985	1786	0	0
lcl|NC_052664.1_mrna_XM_039445879.1_1488	1900	1701	0	0
lcl|NC_052664.1_mrna_XM_026131411.2_1489	2443	2244	55	6.88423
lcl|NC_052664.1_mrna_XM_039455913.1_1490	2293	2094	0	0
lcl|NC_052664.1_mrna_XM_039455923.1_1491	2202	2003	0	0
lcl|NC_052664.1_mrna_XM_011159849.3_1492	854	655	227	97.342
lcl|NC_052664.1_mrna_XM_011159853.3_1493	3626	3427	1569.01	128.596
lcl|NC_052664.1_mrna_XM_039455936.1_1494	2900	2701	2030.99	211.202
lcl|NC_052664.1_mrna_XM_011159851.3_1495	3496	3297	119	10.1378
lcl|NC_052664.1_mrna_XM_039451658.1_1496	9938	9739	0	0
lcl|NC_052664.1_mrna_XM_039451661.1_1497	9454	9255	28	0.849762
lcl|NC_052664.1_mrna_XM_011159854.3_1498	2397	2198	7	0.894512
lcl|NC_052664.1_mrna_XM_039451701.1_1499	4763	4564	0	0
lcl|NC_052664.1_mrna_XM_039451704.1_1500	2831	2632	1	0.106716
lcl|NC_052664.1_mrna_XM_039451700.1_1501	2972	2773	0	0
lcl|NC_052664.1_mrna_XM_039451690.1_1502	3090	2891	0	0
lcl|NC_052664.1_mrna_XM_039451694.1_1503	2965	2766	0	0
lcl|NC_052664.1_mrna_XM_026131360.2_1504	9811	9612	0	0
lcl|NC_052664.1_mrna_XM_026131361.2_1505	9808	9609	0	0
lcl|NC_052664.1_mrna_XM_026131362.2_1506	9637	9438	0	0
lcl|NC_052664.1_mrna_XM_039451666.1_1507	9634	9435	0	0
lcl|NC_052664.1_mrna_XM_039451682.1_1508	9559	9360	0	0
lcl|NC_052664.1_mrna_XM_039451673.1_1509	9586	9387	0	0
lcl|NC_052664.1_mrna_XM_026131363.2_1510	9634	9435	0	0
lcl|NC_052664.1_mrna_XM_026131364.2_1511	9153	8954	0	0
lcl|NC_052664.1_mrna_XM_039451667.1_1512	9627	9428	0	0
lcl|NC_052664.1_mrna_XM_039451754.1_1513	1102	903	0	0
lcl|NC_052664.1_mrna_XM_011159855.3_1514	1670	1471	1201	229.322
lcl|NC_052664.1_mrna_XM_011159858.3_1515	15813	15614	102.555	1.84484
lcl|NC_052664.1_mrna_XM_039451653.1_1516	15693	15494	80.8864	1.46632
lcl|NC_052664.1_mrna_XM_039451640.1_1517	15837	15638	21.9746	0.39469
lcl|NC_052664.1_ncrna_XR_003268288.2_1518	2179	1980	27	3.83014
lcl|NC_052664.1_mrna_XM_026131374.2_1519	4336	4137	167.916	11.4005
lcl|NC_052664.1_mrna_XM_026131375.2_1520	4384	4185	235.084	15.7777
lcl|NC_052664.1_mrna_XM_039451765.1_1521	1387	1188	21.0216	4.97011
lcl|NC_052664.1_mrna_XM_026131432.2_1522	1031	832	3.97835	1.34306
lcl|NC_052664.1_mrna_XM_011159862.3_1523	4894	4695	45	2.69211
lcl|NC_052664.1_mrna_XM_026131431.2_1524	1606	1407	2	0.399256
lcl|NC_052664.1_mrna_XM_026131430.2_1525	2275	2076	0	0
lcl|NC_052664.1_mrna_XM_011159863.3_1526	4841	4642	0	0
lcl|NC_052664.1_mrna_XM_026131428.2_1527	4802	4603	0	0
lcl|NC_052664.1_mrna_XM_026131427.2_1528	4816	4617	0	0
lcl|NC_052664.1_mrna_XM_026131429.2_1529	4777	4578	0	0
lcl|NC_052664.1_trna_1530	74	3.56892	0	0
lcl|NC_052664.1_mrna_XM_011159865.3_1531	1606	1407	413	82.4464
lcl|NC_052664.1_mrna_XM_011159868.3_1532	5012	4813	633.404	36.9642
lcl|NC_052664.1_mrna_XM_011159869.3_1533	4495	4296	0.595648	0.038944
lcl|NC_052664.1_mrna_XM_011159871.3_1534	3573	3374	627.908	52.2717
lcl|NC_052664.1_mrna_XM_011159872.3_1535	3292	3093	621.036	56.3966
lcl|NC_052664.1_ncrna_XR_005575698.1_1536	4301	4102	5.09701	0.349008
lcl|NC_052664.1_mrna_XM_011159870.2_1537	757	558	2151	1082.73
lcl|NC_052664.1_mrna_XM_026131383.2_1538	4090	3891	97.8531	7.06365
lcl|NC_052664.1_mrna_XM_026131385.2_1539	4102	3903	58.5358	4.21249
lcl|NC_052664.1_mrna_XM_026131391.2_1540	4161	3962	169.271	12
lcl|NC_052664.1_mrna_XM_026131390.2_1541	4176	3977	0.0189534	0.00133859
lcl|NC_052664.1_mrna_XM_039454291.1_1542	4080	3881	196.101	14.1922
lcl|NC_052664.1_mrna_XM_039454288.1_1543	4083	3884	253.56	18.3365
lcl|NC_052664.1_mrna_XM_026131389.2_1544	4182	3983	22.6028	1.59392
lcl|NC_052664.1_mrna_XM_026131388.2_1545	4185	3986	0	0
lcl|NC_052664.1_mrna_XM_026131394.2_1546	4095	3896	0.018308	0.00131989
lcl|NC_052664.1_mrna_XM_026131393.2_1547	4098	3899	0.0241079	0.00173669
lcl|NC_052664.1_mrna_XM_026131387.2_1548	4197	3998	0.0024917	0.000175053
lcl|NC_052664.1_mrna_XM_026131382.2_1549	4200	4001	0	0
lcl|NC_052664.1_mrna_XM_026131386.2_1550	4108	3909	0	0
lcl|NC_052664.1_mrna_XM_026131384.2_1551	4206	4007	24.765	1.73594
lcl|NC_052664.1_mrna_XM_039454325.1_1552	866	667	229.898	96.8112
lcl|NC_052664.1_mrna_XM_039454328.1_1553	847	648	47.1017	20.4163
lcl|NC_052664.1_mrna_XM_011159874.3_1554	1812	1613	87.3872	15.217
lcl|NC_052664.1_mrna_XM_011159873.3_1555	1863	1664	11.6128	1.96019
lcl|NC_052664.1_mrna_XM_026131259.2_1556	9304	9105	0.0109764	0.000338607
lcl|NC_052664.1_mrna_XM_026131263.2_1557	9279	9080	278.745	8.62256
lcl|NC_052664.1_mrna_XM_026131262.2_1558	9396	9197	103.143	3.15
lcl|NC_052664.1_mrna_XM_026131260.2_1559	9448	9249	0.000787024	2.39006e-05
lcl|NC_052664.1_mrna_XM_039454357.1_1560	9423	9224	17.5871	0.53554
lcl|NC_052664.1_mrna_XM_026131261.2_1561	9282	9083	21.5133	0.665263
lcl|NC_052664.1_mrna_XM_026131264.2_1562	9256	9057	0	0
lcl|NC_052664.1_mrna_XM_011159880.3_1563	3501	3302	0.00575717	0.00048972
lcl|NC_052664.1_mrna_XM_039455086.1_1564	3520	3321	131.448	11.1173
lcl|NC_052664.1_mrna_XM_026131320.2_1565	3427	3228	146.407	12.7392
lcl|NC_052664.1_mrna_XM_011159881.3_1566	3419	3220	102.375	8.93006
lcl|NC_052664.1_mrna_XM_011159878.3_1567	3628	3429	25.7645	2.11043
lcl|NC_052664.1_mrna_XM_011159882.3_1568	1456	1257	161	35.9755
lcl|NC_052664.1_mrna_XM_011159885.3_1569	2803	2604	143.255	15.452
lcl|NC_052664.1_mrna_XM_011159884.3_1570	2827	2628	651.745	69.6575
lcl|NC_052664.1_mrna_XM_026131413.2_1571	2914	2715	302.591	31.3041
lcl|NC_052664.1_mrna_XM_039455141.1_1572	2840	2641	1.77707e-06	1.88996e-07
lcl|NC_052664.1_mrna_XM_011159886.3_1573	2911	2712	679.067	70.3297
lcl|NC_052664.1_mrna_XM_026131412.2_1574	3367	3168	140.214	12.4314
lcl|NC_052664.1_mrna_XM_039455146.1_1575	2594	2395	144.128	16.9029
lcl|NC_052664.1_mrna_XM_011159888.3_1576	3145	2946	537.591	51.2549
lcl|NC_052664.1_mrna_XM_039455121.1_1577	3008	2809	206.409	20.6392
lcl|NC_052664.1_mrna_XM_039455151.1_1578	1550	1351	8	1.66322
lcl|NC_052664.1_mrna_XM_011159890.3_1579	5228	5029	0	0
lcl|NC_052664.1_mrna_XM_039452125.1_1580	444	245	0	0
lcl|NC_052664.1_mrna_XM_011159945.3_1581	715	516	7	3.81034
lcl|NC_052664.1_mrna_XM_026131256.2_1582	6160	5961	13.7377	0.647306
lcl|NC_052664.1_mrna_XM_026131257.2_1583	6142	5943	285.262	13.482
lcl|NC_052664.1_mrna_XM_039451192.1_1584	12147	11948	35.0198	0.823254
lcl|NC_052664.1_mrna_XM_039451188.1_1585	5511	5312	0	0
lcl|NC_052664.1_mrna_XM_039451179.1_1586	5586	5387	0	0
lcl|NC_052664.1_mrna_XM_039451177.1_1587	5774	5575	0	0
lcl|NC_052664.1_mrna_XM_011159896.3_1588	5406	5207	2.98023	0.16076
lcl|NC_052664.1_mrna_XM_039451197.1_1589	6370	6171	0	0
lcl|NC_052664.1_mrna_XM_011159895.3_1590	979	780	0	0
lcl|NC_052664.1_trna_1591	73	3.5471	0	0
lcl|NC_052664.1_trna_1592	73	3.5471	0	0
lcl|NC_052664.1_mrna_XM_011159894.3_1593	1520	1321	302	64.2125
lcl|NC_052664.1_mrna_XM_011159893.3_1594	4833	4634	192	11.6375
lcl|NC_052664.1_mrna_XM_026131274.2_1595	672	473	17	10.0949
lcl|NC_052664.1_mrna_XM_039451224.1_1596	1806	1607	120.311	21.0284
lcl|NC_052664.1_mrna_XM_011159899.3_1597	1218	1019	1176.41	324.264
lcl|NC_052664.1_mrna_XM_026131273.2_1598	3888	3689	795	60.5305
lcl|NC_052664.1_mrna_XM_011159903.3_1599	962	763	690.15	254.059
lcl|NC_052664.1_mrna_XM_011159904.3_1600	4217	4018	158	11.0449
lcl|NC_052664.1_mrna_XM_011159905.3_1601	2897	2698	1162	120.971
lcl|NC_052664.1_mrna_XM_039451217.1_1602	2914	2715	8.1614e-08	8.44326e-09
lcl|NC_052664.1_mrna_XM_039451241.1_1603	1751	1552	81	14.6592
lcl|NC_052664.1_ncrna_XR_005575127.1_1604	616	417	6	4.04139
lcl|NC_052664.1_mrna_XM_039451265.1_1605	1147	948	7	2.07398
lcl|NC_052664.1_mrna_XM_026131277.2_1606	831	632	4	1.7777
lcl|NC_052664.1_mrna_XM_011159910.3_1607	2361	2162	168.622	21.9065
lcl|NC_052664.1_miscrna_XR_005574678.1_1608	4881	4682	1.21471e-08	7.28713e-10
lcl|NC_052664.1_miscrna_XR_005574676.1_1609	4910	4711	37.1722	2.21626
lcl|NC_052664.1_miscrna_XR_003268282.2_1610	4021	3822	0	0
lcl|NC_052664.1_miscrna_XR_005574680.1_1611	3468	3269	181.783	15.619
lcl|NC_052664.1_miscrna_XR_850671.3_1612	6046	5847	12.1601	0.584146
lcl|NC_052664.1_mrna_XM_011159911.3_1613	6123	5924	74.8786	3.55024
lcl|NC_052664.1_mrna_XM_011159948.3_1614	2168	1969	81.3445	11.6037
lcl|NC_052664.1_mrna_XM_026131302.2_1615	1989	1790	307.692	48.2812
lcl|NC_052664.1_mrna_XM_026131300.2_1616	1794	1595	11.4591	2.01792
lcl|NC_052664.1_mrna_XM_039448804.1_1617	2890	2691	0	0
lcl|NC_052664.1_mrna_XM_039448812.1_1618	2513	2314	1.89737	0.230306
lcl|NC_052664.1_mrna_XM_039448824.1_1619	2272	2073	57.7542	7.82528
lcl|NC_052664.1_mrna_XM_026131296.2_1620	4614	4415	76.1227	4.84283
lcl|NC_052664.1_mrna_XM_039448796.1_1621	4508	4309	0	0
lcl|NC_052664.1_mrna_XM_039448808.1_1622	3385	3186	0	0
lcl|NC_052664.1_mrna_XM_026131295.2_1623	4396	4197	0	0
lcl|NC_052664.1_mrna_XM_026131297.2_1624	2350	2151	172.037	22.4645
lcl|NC_052664.1_mrna_XM_039448820.1_1625	4159	3960	13.9986	0.992901
lcl|NC_052664.1_mrna_XM_026131298.2_1626	3885	3686	12.8286	0.977549
lcl|NC_052664.1_mrna_XM_039448785.1_1627	3238	3039	0	0
lcl|NC_052664.1_mrna_XM_011159915.3_1628	3156	2957	801	76.0846
lcl|NC_052664.1_mrna_XM_011159916.3_1629	2769	2570	62	6.77601
lcl|NC_052664.1_mrna_XM_011159917.3_1630	1884	1685	817	136.188
lcl|NC_052664.1_mrna_XM_011159926.3_1631	3535	3336	246.484	20.7529
lcl|NC_052664.1_mrna_XM_011159929.3_1632	2568	2369	210	24.8983
lcl|NC_052664.1_mrna_XM_011159925.3_1633	3122	2923	653.417	62.7881
lcl|NC_052664.1_mrna_XM_011159922.3_1634	5815	5616	0	0
lcl|NC_052664.1_mrna_XM_011159923.3_1635	5720	5521	94	4.78218
lcl|NC_052664.1_mrna_XM_011159918.3_1636	4907	4708	27.9447	1.66717
lcl|NC_052664.1_mrna_XM_011159921.3_1637	4835	4636	181.698	11.0083
lcl|NC_052664.1_mrna_XM_039448767.1_1638	4888	4689	97.4563	5.83775
lcl|NC_052664.1_mrna_XM_026131380.2_1639	3940	3741	33.2957	2.49986
lcl|NC_052664.1_mrna_XM_026131379.2_1640	3935	3736	69.5996	5.23258
lcl|NC_052664.1_mrna_XM_011159930.3_1641	3929	3730	300.105	22.5985
lcl|NC_052664.1_mrna_XM_011159931.3_1642	2409	2210	1314	167.001
lcl|NC_052664.1_mrna_XM_011159932.3_1643	1453	1254	242.697	54.3603
lcl|NC_052664.1_mrna_XM_026131381.2_1644	1425	1226	55.3034	12.67
lcl|NC_052664.1_mrna_XM_011159934.3_1645	1435	1236	670	152.255
lcl|NC_052664.1_mrna_XM_026131315.2_1646	2085	1886	13.7928	2.05413
lcl|NC_052664.1_mrna_XM_011159933.3_1647	2009	1810	715.207	110.986
lcl|NC_052664.1_mrna_XM_039456509.1_1648	47087	46888	0	0
lcl|NC_052664.1_mrna_XM_039456513.1_1649	46720	46521	0	0
lcl|NC_052664.1_mrna_XM_039456516.1_1650	42177	41978	3.32954e-07	2.22781e-09
lcl|NC_052664.1_mrna_XM_039456520.1_1651	42174	41975	3.57697e-07	2.39354e-09
lcl|NC_052664.1_mrna_XM_039456526.1_1652	41391	41192	57	0.388667
lcl|NC_052664.1_ncrna_XR_005576135.1_1653	1789	1590	1	0.176652
lcl|NC_052664.1_mrna_XM_026131421.2_1654	1681	1482	48.5506	9.20157
lcl|NC_052664.1_mrna_XM_039451978.1_1655	1620	1421	6.14698	1.21502
lcl|NC_052664.1_mrna_XM_039447306.1_1656	1694	1495	8.30242	1.55984
lcl|NC_052664.1_mrna_XM_039447336.1_1657	2023	1824	0	0
lcl|NC_052664.1_mrna_XM_011172651.3_1658	2158	1959	0	0
lcl|NC_052664.1_mrna_XM_026131319.2_1659	2390	2191	396.586	50.8406
lcl|NC_052664.1_mrna_XM_026131318.2_1660	2477	2278	107.14	13.2104
lcl|NC_052664.1_mrna_XM_026131317.2_1661	2536	2337	276.231	33.1994
lcl|NC_052664.1_mrna_XM_039447333.1_1662	2386	2187	0.0421705	0.00541596
lcl|NC_052664.1_mrna_XM_039447313.1_1663	4841	4642	9.83734e-09	5.95235e-10
lcl|NC_052664.1_mrna_XM_039447317.1_1664	4746	4547	10	0.617719
lcl|NC_052664.1_mrna_XM_026131316.2_1665	4888	4689	0	0
lcl|NC_052664.1_mrna_XM_011172638.3_1666	5630	5431	100	5.17173
lcl|NC_052664.1_mrna_XM_011172635.3_1667	524	325	198	171.119
lcl|NC_052664.1_mrna_XM_026131354.2_1668	4112	3913	9	0.646024
lcl|NC_052664.1_mrna_XM_011172633.3_1669	2501	2302	537	65.5216
lcl|NC_052664.1_mrna_XM_011172632.3_1670	4474	4275	0	0
lcl|NC_052664.1_mrna_XM_039446567.1_1671	4181	3982	10	0.705366
lcl|NC_052664.1_mrna_XM_039457111.1_1672	2113	1914	13	1.90773
lcl|NC_052664.1_mrna_XM_039457106.1_1673	2212	2013	0	0
lcl|NC_052664.1_mrna_XM_026131327.2_1674	2870	2671	0	0
lcl|NC_052664.1_mrna_XM_026131404.2_1675	3701	3502	23	1.84471
lcl|NC_052664.1_mrna_XM_039456993.1_1676	16261	16062	109.358	1.91235
lcl|NC_052664.1_mrna_XM_039456989.1_1677	16276	16077	42.879	0.749127
lcl|NC_052664.1_mrna_XM_026131406.2_1678	16203	16004	225.604	3.95944
lcl|NC_052664.1_mrna_XM_026131405.2_1679	16218	16019	88.1591	1.54578
lcl|NC_052664.1_mrna_XM_026131407.2_1680	7086	6887	45	1.83526
lcl|NC_052664.1_mrna_XM_011172630.3_1681	1779	1580	516	91.7294
lcl|NC_052664.1_mrna_XM_011172629.3_1682	5066	4867	0.650103	0.0375178
lcl|NC_052664.1_mrna_XM_011172627.3_1683	5069	4870	0.3504	0.0202093
lcl|NC_052664.1_mrna_XM_011172624.3_1684	5777	5578	0.166494	0.00838369
lcl|NC_052664.1_mrna_XM_039457010.1_1685	5753	5554	0.000913548	4.61999e-05
lcl|NC_052664.1_mrna_XM_011172626.3_1686	6008	5809	90.0695	4.35504
lcl|NC_052664.1_mrna_XM_039457014.1_1687	5693	5494	49.2157	2.51611
lcl|NC_052664.1_mrna_XM_011172623.3_1688	5791	5592	0.0134735	0.000676749
lcl|NC_052664.1_mrna_XM_039457042.1_1689	5773	5574	0.341884	0.0172277
lcl|NC_052664.1_mrna_XM_026131357.2_1690	6246	6047	12.1921	0.56631
lcl|NC_052664.1_mrna_XM_026131358.2_1691	1494	1295	859	186.311
lcl|NC_052664.1_mrna_XM_026131356.2_1692	3363	3164	1309.38	116.237
lcl|NC_052664.1_mrna_XM_026131355.2_1693	3591	3392	1232.62	102.068
lcl|NC_052664.1_mrna_XM_011172620.3_1694	1796	1597	796	139.999
lcl|NC_052664.1_mrna_XM_026131329.2_1695	2052	1853	10.7941	1.63616
lcl|NC_052664.1_mrna_XM_026131328.2_1696	1609	1410	509.206	101.436
lcl|NC_052664.1_mrna_XM_011172622.3_1697	14997	14798	41.0743	0.779619
lcl|NC_052664.1_mrna_XM_026131265.2_1698	2500	2301	1005	122.678
lcl|NC_052664.1_mrna_XM_011172612.3_1699	1223	1024	290.058	79.5609
lcl|NC_052664.1_mrna_XM_011172611.3_1700	1315	1116	77.7796	19.5757
lcl|NC_052664.1_mrna_XM_011172610.3_1701	1332	1133	698.163	173.078
lcl|NC_052664.1_mrna_XM_011172615.3_1702	1346	1147	88.6396	21.706
lcl|NC_052664.1_mrna_XM_039457076.1_1703	1645	1446	0	0
lcl|NC_052664.1_mrna_XM_011172613.3_1704	1634	1435	0	0
lcl|NC_052664.1_mrna_XM_011172614.3_1705	1616	1417	445.36	88.279
lcl|NC_052664.1_mrna_XM_011172617.3_1706	1576	1377	377.944	77.0919
lcl|NC_052664.1_mrna_XM_011172618.3_1707	1566	1367	1302.06	267.533
lcl|NC_052664.1_mrna_XM_011172608.3_1708	1187	988	308	87.5608
lcl|NC_052664.1_mrna_XM_039457180.1_1709	2595	2396	0	0
lcl|NC_052664.1_mrna_XM_026131424.2_1710	2757	2558	107.007	11.7497
lcl|NC_052664.1_mrna_XM_039457176.1_1711	2607	2408	0	0
lcl|NC_052664.1_mrna_XM_011172607.3_1712	2769	2570	306.993	33.5515
lcl|NC_052664.1_mrna_XM_039457172.1_1713	2745	2546	4.5953e-05	5.06958e-06
lcl|NC_052664.1_mrna_XM_026131422.2_1714	6737	6538	0	0
lcl|NC_052664.1_miscrna_XR_005576260.1_1715	6565	6366	54	2.38255
lcl|NC_052664.1_mrna_XM_011172642.3_1716	2233	2034	0	0
lcl|NC_052664.1_mrna_XM_039457142.1_1717	5410	5211	0	0
lcl|NC_052664.1_mrna_XM_039457135.1_1718	6221	6022	0	0
lcl|NC_052664.1_mrna_XM_026131423.2_1719	3944	3745	0	0
lcl|NC_052664.1_mrna_XM_039457153.1_1720	4467	4268	11	0.723909
lcl|NC_052664.1_mrna_XM_011172605.3_1721	1244	1045	188	50.5309
lcl|NC_052664.1_mrna_XM_026131425.2_1722	490	291	0	0
lcl|NC_052664.1_mrna_XM_026131426.2_1723	494	295	0	0
lcl|NC_052664.1_mrna_XM_039452177.1_1724	384	185	0	0
lcl|NC_052664.1_mrna_XM_011172604.3_1725	3296	3097	0	0
lcl|NC_052664.1_mrna_XM_039457161.1_1726	7352	7153	28.0182	1.10019
lcl|NC_052664.1_ncrna_XR_003268280.2_1727	2032	1833	7.27383	1.11459
lcl|NC_052664.1_mrna_XM_026131281.2_1728	4401	4202	6	0.401061
lcl|NC_052664.1_mrna_XM_039459634.1_1729	3872	3673	0	0
lcl|NC_052664.1_mrna_XM_026131280.2_1730	3262	3063	445	40.8064
lcl|NC_052664.1_mrna_XM_011176787.3_1731	1818	1619	2.54147	0.440915
lcl|NC_052664.1_mrna_XM_011176786.3_1732	1842	1643	9.89006e-07	1.69074e-07
lcl|NC_052664.1_mrna_XM_011176788.3_1733	3061	2862	2.62884	0.257995
lcl|NC_052664.1_mrna_XM_026131283.2_1734	2388	2189	1.82968	0.234771
lcl|NC_052664.1_mrna_XM_011157629.3_1735	1094	895	995	312.26
lcl|NC_052664.1_mrna_XM_011157633.3_1736	3585	3386	0	0
lcl|NC_052664.1_mrna_XM_011157631.3_1737	2941	2742	94.5522	9.68545
lcl|NC_052664.1_mrna_XM_011157630.3_1738	2895	2696	65.7568	6.85073
lcl|NC_052664.1_mrna_XM_011157632.3_1739	3697	3498	417.691	33.5391
lcl|NC_052664.1_ncrna_XR_005575213.1_1740	1290	1091	3.57331	0.919945
lcl|NC_052664.1_ncrna_XR_005575211.1_1741	1366	1167	0	0
lcl|NC_052664.1_mrna_XM_011157634.3_1742	8775	8576	23.1374	0.757783
lcl|NC_052664.1_mrna_XM_011157703.1_1743	498	299	0	0
lcl|NC_052664.1_mrna_XM_026131248.2_1744	3677	3478	526.703	42.5355
lcl|NC_052664.1_mrna_XM_026131249.2_1745	2725	2526	894.304	99.4415
lcl|NC_052664.1_mrna_XM_026131251.2_1746	2258	2059	367.675	50.156
lcl|NC_052664.1_mrna_XM_026131250.2_1747	2953	2754	1865.83	190.293
lcl|NC_052664.1_mrna_XM_026131252.2_1748	4624	4425	186.492	11.8376
lcl|NC_052664.1_mrna_XM_026131255.2_1749	7176	6977	3	0.120773
lcl|NC_052664.1_mrna_XM_039447209.1_1750	3104	2905	329	31.8101
lcl|NC_052664.1_mrna_XM_039447217.1_1751	2069	1870	55	8.26108
lcl|NC_052664.1_mrna_XM_039452274.1_1752	969	770	235	85.7221
lcl|NC_052664.1_mrna_XM_011157636.3_1753	1876	1677	69	11.5566
lcl|NC_052664.1_mrna_XM_039447223.1_1754	1755	1556	42	7.5815
lcl|NC_052664.1_mrna_XM_011157709.2_1755	789	590	62	29.5159
lcl|NC_052664.1_mrna_XM_011157640.3_1756	1830	1631	1	0.172211
lcl|NC_052664.1_mrna_XM_011157641.3_1757	2453	2254	0	0
lcl|NC_052664.1_mrna_XM_011157642.3_1758	2413	2214	25.3367	3.21431
lcl|NC_052664.1_mrna_XM_039447158.1_1759	2027	1828	12.5577	1.92952
lcl|NC_052664.1_mrna_XM_011157644.3_1760	1814	1615	25.048	4.35629
lcl|NC_052664.1_mrna_XM_026131400.2_1761	1846	1647	7.30609	1.24597
lcl|NC_052664.1_mrna_XM_011157643.3_1762	2253	2054	78.3314	10.7115
lcl|NC_052664.1_mrna_XM_026131398.2_1763	2317	2118	33.0938	4.3887
lcl|NC_052664.1_mrna_XM_011157645.3_1764	2268	2069	5.67758	0.770758
lcl|NC_052664.1_ncrna_XR_850584.3_1765	2676	2477	15.3161	1.73676
lcl|NC_052664.1_mrna_XM_011157646.3_1766	1452	1253	151	33.8487
lcl|NC_052664.1_mrna_XM_039447164.1_1767	2183	1984	94.771	13.4168
lcl|NC_052664.1_mrna_XM_026131403.2_1768	2086	1887	35.4714	5.27986
lcl|NC_052664.1_mrna_XM_039447171.1_1769	2951	2752	647.862	66.1226
lcl|NC_052664.1_mrna_XM_011157648.3_1770	2683	2484	833.895	94.2922
lcl|NC_052664.1_mrna_XM_039447134.1_1771	6193	5994	9.28618	0.435147
lcl|NC_052664.1_mrna_XM_039447108.1_1772	6318	6119	0	0
lcl|NC_052664.1_mrna_XM_039447101.1_1773	6442	6243	0	0
lcl|NC_052664.1_mrna_XM_039447123.1_1774	6665	6466	0	0
lcl|NC_052664.1_mrna_XM_039447104.1_1775	5832	5633	0	0
lcl|NC_052664.1_mrna_XM_039447120.1_1776	5851	5652	0	0
lcl|NC_052664.1_mrna_XM_039447114.1_1777	5940	5741	0	0
lcl|NC_052664.1_mrna_XM_039447093.1_1778	8666	8467	2.18576	0.0725086
lcl|NC_052664.1_mrna_XM_026131396.2_1779	8678	8479	0.528059	0.0174926
lcl|NC_052664.1_mrna_XM_039447247.1_1780	902	703	5	1.9977
lcl|NC_052664.1_mrna_XM_011157651.3_1781	1042	843	0	0
lcl|NC_052664.1_mrna_XM_039452369.1_1782	1592	1393	0	0
lcl|NC_052664.1_mrna_XM_026131312.2_1783	874	675	0	0
lcl|NC_052664.1_mrna_XM_039452427.1_1784	1746	1547	0	0
lcl|NC_052664.1_mrna_XM_039447244.1_1785	1003	804	1	0.349349
lcl|NC_052664.1_mrna_XM_011157656.3_1786	2457	2258	18	2.23905
lcl|NC_052664.1_mrna_XM_026131418.2_1787	1709	1510	1	0.186011
lcl|NC_052664.1_mrna_XM_011157657.3_1788	1833	1634	649	111.56
lcl|NC_052664.1_mrna_XM_011157658.3_1789	3256	3057	978.813	89.9332
lcl|NC_052664.1_mrna_XM_039447277.1_1790	2912	2713	98.0936	10.1556
lcl|NC_052664.1_mrna_XM_026131419.2_1791	4168	3969	549.093	38.858
lcl|NC_052664.1_mrna_XM_011157660.3_1792	1586	1387	2647	536.035
lcl|NC_052664.1_mrna_XM_039454436.1_1793	5899	5700	26.8343	1.3223
lcl|NC_052664.1_mrna_XM_026131331.2_1794	10800	10601	0	0
lcl|NC_052664.1_mrna_XM_039454444.1_1795	10692	10493	0	0
lcl|NC_052664.1_mrna_XM_039454429.1_1796	10712	10513	0	0
lcl|NC_052664.1_mrna_XM_039454445.1_1797	10673	10474	0	0
lcl|NC_052664.1_mrna_XM_039454470.1_1798	10571	10372	5.61716	0.152114
lcl|NC_052664.1_mrna_XM_039454438.1_1799	10702	10503	0	0
lcl|NC_052664.1_mrna_XM_039454476.1_1800	10561	10362	14.7807	0.400651
lcl|NC_052664.1_mrna_XM_039454433.1_1801	10707	10508	0	0
lcl|NC_052664.1_mrna_XM_039454454.1_1802	10569	10370	7.86495e-08	2.13026e-09
lcl|NC_052664.1_mrna_XM_039454462.1_1803	10559	10360	2.06992e-07	5.6119e-09
lcl|NC_052664.1_mrna_XM_039454466.1_1804	10412	10213	44.707	1.22953
lcl|NC_052664.1_mrna_XM_026131330.2_1805	10574	10375	0	0
lcl|NC_052664.1_mrna_XM_026131332.2_1806	10177	9978	0	0
lcl|NC_052664.1_mrna_XM_026131341.2_1807	5271	5072	0	0
lcl|NC_052664.1_mrna_XM_039454434.1_1808	5352	5153	0	0
lcl|NC_052664.1_mrna_XM_026131350.2_1809	4969	4770	0.000243912	1.43625e-05
lcl|NC_052664.1_mrna_XM_026131351.2_1810	4759	4560	51.866	3.19473
lcl|NC_052664.1_mrna_XM_026131348.2_1811	3565	3366	504.195	42.0726
lcl|NC_052664.1_mrna_XM_039454512.1_1812	1157	958	73.8217	21.6438
lcl|NC_052664.1_mrna_XM_011157672.3_1813	1127	928	203.146	61.4859
lcl|NC_052664.1_mrna_XM_011157673.3_1814	1121	922	203.033	61.8515
lcl|NC_052664.1_mrna_XM_026131326.2_1815	1285	1086	0	0
lcl|NC_052664.1_mrna_XM_011157675.3_1816	1270	1071	444	116.442
lcl|NC_052664.1_mrna_XM_026131325.2_1817	1730	1531	339	62.1928
lcl|NC_052664.1_mrna_NM_001304588.1_1818	1080	881	6623	2111.52
lcl|NC_052664.1_mrna_XM_026131304.2_1819	1137	938	944	282.673
lcl|NC_052664.1_mrna_XM_011157678.3_1820	1162	963	99	28.8752
lcl|NC_052664.1_mrna_XM_039445862.1_1821	1801	1602	1002	175.679
lcl|NC_052664.1_mrna_XM_011157679.3_1822	8225	8026	244	8.53899
lcl|NC_052664.1_mrna_XM_011157680.3_1823	1945	1746	265	42.6302
lcl|NC_052664.1_mrna_XM_011157720.3_1824	2828	2629	0	0
lcl|NC_052664.1_mrna_XM_011176991.3_1825	1851	1652	2683	456.17
lcl|NC_052664.1_ncrna_XR_003268292.2_1826	1963	1764	0	0
lcl|NC_052664.1_ncrna_XR_005574315.1_1827	1851	1652	0	0
lcl|NC_052664.1_ncrna_XR_851445.3_1828	1901	1702	0	0
lcl|NC_052664.1_ncrna_XR_005574316.1_1829	1690	1491	12.1524	2.28928
lcl|NC_052664.1_mrna_XM_026131310.2_1830	2859	2660	0	0
lcl|NC_052664.1_mrna_XM_011157681.3_1831	7820	7621	3.08976	0.113875
lcl|NC_052664.1_mrna_XM_011157683.3_1832	7793	7594	0	0
lcl|NC_052664.1_mrna_XM_011157684.3_1833	2127	1928	3017	439.525
lcl|NC_052664.1_mrna_XM_011157685.3_1834	3659	3460	243	19.7263
lcl|NC_052664.1_miscrna_XR_005575375.1_1835	1571	1372	36.971	7.56872
lcl|NC_052664.1_mrna_XM_039452589.1_1836	2765	2566	0	0
lcl|NC_052664.1_mrna_XM_039452575.1_1837	2766	2567	0	0
lcl|NC_052664.1_mrna_XM_011157686.3_1838	2584	2385	185.288	21.821
lcl|NC_052664.1_mrna_XM_039452587.1_1839	3194	2995	46.0163	4.31549
lcl|NC_052664.1_mrna_XM_039452581.1_1840	3413	3214	0	0
lcl|NC_052664.1_mrna_XM_039452599.1_1841	3239	3040	0	0
lcl|NC_052664.1_mrna_XM_039452582.1_1842	2911	2712	73.7244	7.63549
lcl|NC_052664.1_mrna_XM_011157691.3_1843	2007	1808	5.16571	0.802505
lcl|NC_052664.1_mrna_XM_039452548.1_1844	1657	1458	25.8343	4.97685
lcl|NC_052664.1_mrna_XM_011157692.3_1845	804	605	132	61.2822
lcl|NC_052664.1_mrna_XM_039452524.1_1846	1786	1587	16.5465	2.9285
lcl|NC_052664.1_mrna_XM_011157697.3_1847	5114	4915	301.453	17.2271
lcl|NC_052664.1_mrna_XM_011157694.3_1848	1767	1568	538.001	96.3725
lcl|NC_052664.1_mrna_XM_039452534.1_1849	1922	1723	56.1406	9.15182
lcl|NC_052664.1_mrna_XM_011157695.3_1850	2011	1812	331.858	51.4411
lcl|NC_052664.1_mrna_XM_011157698.3_1851	6800	6601	0	0
lcl|NC_052664.1_mrna_XM_039452508.1_1852	4495	4296	0	0
lcl|NC_052664.1_mrna_XM_039452510.1_1853	4320	4121	0	0
lcl|NC_052664.1_mrna_XM_039452567.1_1854	1781	1582	29.333	5.20794
lcl|NC_052664.1_mrna_XM_011157700.3_1855	1780	1581	0	0
lcl|NC_052664.1_mrna_XM_039452556.1_1856	2173	1974	0	0
lcl|NC_052664.1_mrna_XM_011157699.3_1857	1989	1790	5.66698	0.889231
lcl|NC_052664.1_miscrna_XR_005575371.1_1858	5271	5072	36	1.9936
lcl|NC_052664.1_mrna_XM_011157723.1_1859	693	494	46	26.1545
lcl|NC_052664.1_mrna_XM_039446691.1_1860	6817	6618	0	0
lcl|NC_052664.1_mrna_XM_039446687.1_1861	9099	8900	2.8662	0.090455
lcl|NC_052664.1_mrna_XM_039446693.1_1862	6390	6191	0	0
lcl|NC_052664.1_mrna_XM_039446690.1_1863	6391	6192	0	0
lcl|NC_052664.1_mrna_XM_039454586.1_1864	969	770	0	0
lcl|NC_052664.1_mrna_XM_039454582.1_1865	7263	7064	15.236	0.60581
lcl|NC_052664.1_mrna_XM_039454617.1_1866	1630	1431	300	58.884
lcl|NC_052664.1_mrna_XM_011170486.2_1867	2111	1912	1879	276.029
lcl|NC_052664.1_mrna_XM_039454626.1_1868	2102	1903	0.000343534	5.07045e-05
lcl|NC_052664.1_mrna_XM_026139010.2_1869	565	366	0	0
lcl|NC_052664.1_mrna_XM_026139016.2_1870	6275	6076	0	0
lcl|NC_052664.1_miscrna_XR_005575774.1_1871	4293	4094	9.04751	0.620722
lcl|NC_052664.1_mrna_XM_026139015.2_1872	6295	6096	0	0
lcl|NC_052664.1_mrna_XM_011170482.2_1873	3388	3189	6.95249	0.612352
lcl|NC_052664.1_miscrna_XR_005575770.1_1874	3616	3417	0	0
lcl|NC_052664.1_mrna_XM_039454597.1_1875	5597	5398	0	0
lcl|NC_052664.1_mrna_XM_026139017.2_1876	431	232	0	0
lcl|NC_052664.1_mrna_XM_011170481.3_1877	673	474	414	245.323
lcl|NC_052664.1_mrna_XM_039454591.1_1878	7044	6845	305	12.5153
lcl|NC_052664.1_mrna_XM_011170479.3_1879	1675	1476	124	23.5967
lcl|NC_052664.1_mrna_XM_011170476.3_1880	3868	3669	136	10.4113
lcl|NC_052664.1_mrna_XM_039448246.1_1881	1561	1362	1	0.206224
lcl|NC_052664.1_ncrna_XR_851077.3_1882	892	693	2	0.810611
lcl|NC_052664.1_mrna_XM_026139008.2_1883	2025	1826	0	0
lcl|NC_052664.1_mrna_XM_026139009.2_1884	3231	3032	3	0.277912
lcl|NC_052664.1_mrna_XM_011170477.3_1885	3149	2950	0	0
lcl|NC_052664.1_mrna_XM_039448229.1_1886	5962	5763	42	2.04699
lcl|NC_052664.1_mrna_XM_011170475.3_1887	4437	4238	80	5.30206
lcl|NC_052664.1_mrna_XM_026139011.2_1888	4482	4283	141.251	9.26319
lcl|NC_052664.1_mrna_XM_026139012.2_1889	4311	4112	47.7486	3.26154
lcl|NC_052664.1_mrna_XM_039448191.1_1890	4392	4193	0	0
lcl|NC_052664.1_mrna_XM_011170474.3_1891	1247	1048	102	27.3372
lcl|NC_052664.1_mrna_XM_039448207.1_1892	7509	7310	0	0
lcl|NC_052664.1_mrna_XM_039448224.1_1893	7354	7155	386.044	15.1545
lcl|NC_052664.1_mrna_XM_039448219.1_1894	7429	7230	0	0
lcl|NC_052664.1_mrna_XM_039448212.1_1895	8168	7969	12.8503	0.452923
lcl|NC_052664.1_mrna_XM_011170469.3_1896	2311	2112	27.3683	3.63973
lcl|NC_052664.1_mrna_XM_026132430.2_1897	2231	2032	190.851	26.3807
lcl|NC_052664.1_miscrna_XR_005576083.1_1898	2888	2689	44.9752	4.69783
lcl|NC_052664.1_mrna_XM_026132431.2_1899	2987	2788	234.193	23.5938
lcl|NC_052664.1_mrna_XM_026132435.2_1900	2198	1999	214.423	30.1283
lcl|NC_052664.1_mrna_XM_039456196.1_1901	2462	2263	0	0
lcl|NC_052664.1_mrna_XM_039456191.1_1902	2625	2426	64.1887	7.43162
lcl|NC_052664.1_mrna_XM_026132432.2_1903	2269	2070	0	0
lcl|NC_052664.1_mrna_XM_011170468.3_1904	6436	6237	2.28046e-05	1.02698e-06
lcl|NC_052664.1_mrna_XM_026132386.2_1905	6440	6241	66.4361	2.98996
lcl|NC_052664.1_mrna_XM_026132384.2_1906	6510	6311	230.248	10.2474
lcl|NC_052664.1_mrna_XM_011170467.3_1907	6514	6315	0.703486	0.0312894
lcl|NC_052664.1_mrna_XM_039456221.1_1908	7000	6801	0	0
lcl|NC_052664.1_mrna_XM_039456215.1_1909	7002	6803	0	0
lcl|NC_052664.1_mrna_XM_039456210.1_1910	7006	6807	0	0
lcl|NC_052664.1_mrna_XM_039456222.1_1911	7254	7055	106.612	4.24449
lcl|NC_052664.1_mrna_XM_039456250.1_1912	6452	6253	0	0
lcl|NC_052664.1_mrna_XM_039456245.1_1913	6456	6257	0	0
lcl|NC_052664.1_mrna_XM_039456257.1_1914	6292	6093	0	0
lcl|NC_052664.1_mrna_XM_026132385.2_1915	6298	6099	0	0
lcl|NC_052664.1_mrna_XM_011170466.3_1916	2623	2424	635	73.5795
lcl|NC_052664.1_mrna_XM_011170465.3_1917	2002	1803	953	148.461
lcl|NC_052664.1_mrna_XM_011170461.3_1918	2436	2237	1346.24	169.034
lcl|NC_052664.1_mrna_XM_011170463.3_1919	3261	3062	0.000379731	3.48327e-05
lcl|NC_052664.1_mrna_XM_011170464.3_1920	3227	3028	27.7549	2.57454
lcl|NC_052664.1_mrna_XM_039446626.1_1921	1177	978	26.3744	7.5746
lcl|NC_052664.1_ncrna_XR_005574286.1_1922	766	567	123.904	61.3787
lcl|NC_052664.1_mrna_XM_039446669.1_1923	1615	1416	624.626	123.9
lcl|NC_052664.1_mrna_XM_039446644.1_1924	3442	3243	0	0
lcl|NC_052664.1_mrna_XM_039446659.1_1925	1077	878	6.8038	2.17657
lcl|NC_052664.1_mrna_XM_011170459.3_1926	3571	3372	278.422	23.1917
lcl|NC_052664.1_mrna_XM_039446657.1_1927	3462	3263	173.578	14.9415
lcl|NC_052664.1_mrna_XM_011170457.3_1928	4409	4210	55.0323	3.67157
lcl|NC_052664.1_mrna_XM_011170458.3_1929	4341	4142	243.644	16.522
lcl|NC_052664.1_mrna_XM_039452384.1_1930	2901	2702	76.1632	7.91727
lcl|NC_052664.1_mrna_XM_026132448.2_1931	3008	2809	78.757	7.87505
lcl|NC_052664.1_mrna_XM_011170456.3_1932	2885	2686	62.4031	6.52554
lcl|NC_052664.1_mrna_XM_026132449.2_1933	3822	3623	0	0
lcl|NC_052664.1_mrna_XM_039452361.1_1934	2486	2287	134.252	16.488
lcl|NC_052664.1_mrna_XM_011170453.3_1935	2981	2782	133.891	13.5179
lcl|NC_052664.1_mrna_XM_011170454.3_1936	2738	2539	11.8579	1.31177
lcl|NC_052664.1_mrna_XM_011170448.3_1937	1998	1799	13.9464	2.17745
lcl|NC_052664.1_mrna_XM_011170449.3_1938	1921	1722	26.5832	4.336
lcl|NC_052664.1_mrna_XM_011170452.3_1939	1809	1610	168.682	29.4279
lcl|NC_052664.1_mrna_XM_011170446.3_1940	2061	1862	167.503	25.2672
lcl|NC_052664.1_mrna_XM_011170451.3_1941	2143	1944	21.2852	3.07536
lcl|NC_052664.1_mrna_XM_026132452.2_1942	3095	2896	313.234	30.3799
lcl|NC_052664.1_mrna_XM_039452328.1_1943	2803	2604	63.7656	6.87799
lcl|NC_052664.1_mrna_XM_026132454.2_1944	3201	3002	0	0
lcl|NC_052664.1_mrna_XM_026132455.2_1945	3148	2949	0	0
lcl|NC_052664.1_mrna_XM_026132450.2_1946	3267	3068	0	0
lcl|NC_052664.1_mrna_XM_026132451.2_1947	10915	10716	56.5812	1.48305
lcl|NC_052664.1_mrna_XM_039452312.1_1948	3359	3160	4.41877	0.392762
lcl|NC_052664.1_mrna_XM_039452313.1_1949	7499	7300	0	0
lcl|NC_052664.1_mrna_XM_011170444.3_1950	2322	2123	43.4532	5.74894
lcl|NC_052664.1_mrna_XM_039452373.1_1951	1980	1781	37.5468	5.9214
lcl|NC_052664.1_ncrna_XR_005575314.1_1952	6878	6679	1.00007	0.0420567
lcl|NC_052664.1_mrna_XM_026132436.2_1953	4247	4048	619.763	43.0032
lcl|NC_052664.1_mrna_XM_039456411.1_1954	3412	3213	255.956	22.3753
lcl|NC_052664.1_mrna_XM_039456390.1_1955	8390	8191	0.0306781	0.00105198
lcl|NC_052664.1_mrna_XM_011170441.3_1956	8835	8636	157.014	5.1067
lcl|NC_052664.1_mrna_XM_039456394.1_1957	4924	4725	0	0
lcl|NC_052664.1_mrna_XM_039456400.1_1958	3958	3759	1.67275e-05	1.2499e-06
lcl|NC_052664.1_mrna_XM_011170439.3_1959	4129	3930	430	30.7321
lcl|NC_052664.1_mrna_XM_011170437.3_1960	3867	3668	597	45.7152
lcl|NC_052664.1_mrna_XM_011170436.3_1961	1503	1304	1531	329.772
lcl|NC_052664.1_mrna_XM_011170434.3_1962	1387	1188	323.934	76.5871
lcl|NC_052664.1_mrna_XM_039447879.1_1963	1283	1084	218.481	56.611
lcl|NC_052664.1_mrna_XM_011170435.3_1964	697	498	2351.76	1326.42
lcl|NC_052664.1_mrna_XM_026132485.2_1965	3361	3162	165	14.6568
lcl|NC_052664.1_mrna_XM_026132490.2_1966	1616	1417	31	6.1448
lcl|NC_052664.1_trna_1967	73	3.5471	0	0
lcl|NC_052664.1_mrna_XM_039448020.1_1968	8697	8498	275.238	9.09719
lcl|NC_052664.1_mrna_XM_011170420.3_1969	2943	2744	18	1.84249
lcl|NC_052664.1_mrna_XM_026132489.2_1970	4418	4219	109.988	7.32239
lcl|NC_052664.1_mrna_XM_039448007.1_1971	2462	2263	2.26651	0.281312
lcl|NC_052664.1_mrna_XM_011170424.2_1972	3712	3513	0	0
lcl|NC_052664.1_miscrna_XR_005574501.1_1973	3314	3115	6.73349	0.607153
lcl|NC_052664.1_mrna_XM_039448036.1_1974	2124	1925	0	0
lcl|NC_052664.1_mrna_XM_011170425.3_1975	7030	6831	21	0.863477
lcl|NC_052664.1_mrna_XM_039447917.1_1976	7324	7125	0	0
lcl|NC_052664.1_mrna_XM_039447895.1_1977	5150	4951	0	0
lcl|NC_052664.1_mrna_XM_039447898.1_1978	5035	4836	3	0.174241
lcl|NC_052664.1_mrna_XM_039447902.1_1979	5148	4949	0	0
lcl|NC_052664.1_mrna_XM_011170429.3_1980	4626	4427	81	5.13915
lcl|NC_052664.1_mrna_XM_039447906.1_1981	4166	3967	0	0
lcl|NC_052664.1_mrna_XM_026132484.2_1982	4151	3952	0	0
lcl|NC_052664.1_mrna_XM_011170432.3_1983	1815	1616	462.212	80.337
lcl|NC_052664.1_mrna_XM_011170415.3_1984	2761	2562	2583.93	283.281
lcl|NC_052664.1_miscrna_XR_005574505.1_1985	2330	2131	0.000179626	2.36756e-05
lcl|NC_052664.1_mrna_XM_039448045.1_1986	2676	2477	130.859	14.8386
lcl|NC_052664.1_mrna_XM_011170413.3_1987	454	255	590	649.872
lcl|NC_052664.1_mrna_XM_011170411.3_1988	4524	4325	61.7175	4.00809
lcl|NC_052664.1_mrna_XM_026132488.2_1989	4585	4386	0	0
lcl|NC_052664.1_mrna_XM_026132486.2_1990	4576	4377	206.674	13.2625
lcl|NC_052664.1_mrna_XM_039447939.1_1991	4158	3959	584.427	41.463
lcl|NC_052664.1_mrna_XM_026132487.2_1992	4564	4365	11.1812	0.719483
lcl|NC_052664.1_mrna_XM_039447930.1_1993	5408	5209	0	0
lcl|NC_052664.1_mrna_XM_011170406.3_1994	7355	7156	26.3317	1.03353
lcl|NC_052664.1_mrna_XM_011170408.3_1995	5305	5106	115.668	6.36281
lcl|NC_052664.1_mrna_XM_011170407.3_1996	7363	7164	0.000172024	6.7445e-06
lcl|NC_052664.1_mrna_XM_011170410.3_1997	3077	2878	2.56083	0.249922
lcl|NC_052664.1_mrna_XM_011170409.3_1998	3172	2973	2.43917	0.230443
lcl|NC_052664.1_ncrna_XR_005574506.1_1999	2130	1931	6	0.87274
lcl|NC_052664.1_mrna_XM_011170401.3_2000	4241	4042	30.4967	2.1192
lcl|NC_052664.1_mrna_XM_011170399.3_2001	3976	3777	2.50331	0.186159
lcl|NC_052664.1_mrna_XM_039447972.1_2002	4079	3880	0	0
lcl|NC_052664.1_mrna_XM_011170404.3_2003	4130	3931	0	0
lcl|NC_052664.1_mrna_XM_011170403.3_2004	4176	3977	0	0
lcl|NC_052664.1_mrna_XM_011170405.3_2005	4085	3886	0	0
lcl|NC_052664.1_mrna_XM_011170398.3_2006	2201	2002	921	129.215
lcl|NC_052664.1_ncrna_XR_005574507.1_2007	2267	2068	25	3.39551
lcl|NC_052664.1_mrna_XM_011170397.3_2008	4668	4469	414	26.0199
lcl|NC_052664.1_mrna_XM_026132399.2_2009	4386	4187	0	0
lcl|NC_052664.1_mrna_XM_026132400.2_2010	4372	4173	0	0
lcl|NC_052664.1_mrna_XM_011170395.3_2011	4376	4177	6.02417	0.405087
lcl|NC_052664.1_mrna_XM_011170396.3_2012	4372	4173	15.7484	1.05999
lcl|NC_052664.1_mrna_XM_011170393.3_2013	4802	4603	37.0854	2.26296
lcl|NC_052664.1_mrna_XM_011170394.3_2014	4502	4303	67.1098	4.38057
lcl|NC_052664.1_mrna_XM_039450626.1_2015	2049	1850	562	85.3258
lcl|NC_052664.1_mrna_XM_011170389.3_2016	1395	1196	22.9775	5.39619
lcl|NC_052664.1_mrna_XM_039450679.1_2017	1196	997	659	185.655
lcl|NC_052664.1_mrna_XM_039450715.1_2018	581	382	0	0
lcl|NC_052664.1_mrna_XM_039450644.1_2019	1403	1204	8.92729	2.08261
lcl|NC_052664.1_mrna_XM_039450631.1_2020	2870	2671	96.4619	10.1437
lcl|NC_052664.1_mrna_XM_039450637.1_2021	2823	2624	0.00741216	0.000793408
lcl|NC_052664.1_mrna_XM_039450641.1_2022	2690	2491	0	0
lcl|NC_052664.1_mrna_XM_011170386.3_2023	9060	8861	600.917	19.0479
lcl|NC_052664.1_mrna_XM_039450657.1_2024	2426	2227	13.6865	1.72619
lcl|NC_052664.1_mrna_XM_039450650.1_2025	3539	3340	0	0
lcl|NC_052664.1_mrna_XM_011170384.3_2026	1063	864	100	32.5089
lcl|NC_052664.1_mrna_XM_011170385.3_2027	1162	963	9	2.62502
lcl|NC_052664.1_ncrna_XR_005575028.1_2028	1576	1377	17	3.46761
lcl|NC_052664.1_ncrna_XR_005575031.1_2029	1457	1258	0	0
lcl|NC_052664.1_ncrna_XR_005575030.1_2030	1391	1192	0	0
lcl|NC_052664.1_mrna_XM_011170377.3_2031	867	668	1279	537.786
lcl|NC_052664.1_mrna_XM_026132421.2_2032	9610	9411	56.5045	1.68641
lcl|NC_052664.1_mrna_XM_039450608.1_2033	15637	15438	17.8528	0.324811
lcl|NC_052664.1_mrna_XM_039450582.1_2034	15675	15476	0	0
lcl|NC_052664.1_mrna_XM_026132418.2_2035	12257	12058	0	0
lcl|NC_052664.1_mrna_XM_026132419.2_2036	12250	12051	0	0
lcl|NC_052664.1_mrna_XM_026132420.2_2037	12163	11964	0	0
lcl|NC_052664.1_mrna_XM_026132415.2_2038	12274	12075	0	0
lcl|NC_052664.1_mrna_XM_026132416.2_2039	12268	12069	0	0
lcl|NC_052664.1_mrna_XM_026132417.2_2040	12265	12066	6.64271	0.154631
lcl|NC_052664.1_mrna_XM_026132414.2_2041	12280	12081	0	0
lcl|NC_052664.1_mrna_XM_026132422.2_2042	9898	9699	0	0
lcl|NC_052664.1_mrna_XM_011170375.3_2043	4606	4407	52.8843	3.37054
lcl|NC_052664.1_mrna_XM_011170376.3_2044	4160	3961	346.116	24.5433
lcl|NC_052664.1_mrna_XM_011170373.3_2045	10733	10534	18.1623	0.484275
lcl|NC_052664.1_mrna_XM_011170374.3_2046	10718	10519	75.8377	2.02501
lcl|NC_052664.1_mrna_XM_026132478.2_2047	10702	10503	9.60261e-08	2.56798e-09
lcl|NC_052664.1_mrna_XM_011170372.3_2048	3443	3244	420	36.365
lcl|NC_052664.1_mrna_XM_011170370.3_2049	4069	3870	1488	107.996
lcl|NC_052664.1_mrna_XM_011170368.3_2050	1713	1514	16	2.96831
lcl|NC_052664.1_mrna_XM_011170369.3_2051	2399	2200	298	38.046
lcl|NC_052664.1_mrna_XM_011170363.3_2052	1968	1769	1435	227.845
lcl|NC_052664.1_mrna_XM_011170365.3_2053	2966	2767	37.1151	3.76753
lcl|NC_052664.1_mrna_XM_011170364.3_2054	2805	2606	623.885	67.2428
lcl|NC_052664.1_mrna_XM_039451043.1_2055	5083	4884	509.95	29.327
lcl|NC_052664.1_mrna_XM_011170367.3_2056	4440	4241	111.05	7.35469
lcl|NC_052664.1_mrna_XM_011170362.3_2057	2379	2180	5.27015	0.679019
lcl|NC_052664.1_miscrna_XR_005575112.1_2058	2988	2789	0	0
lcl|NC_052664.1_mrna_XM_026132482.2_2059	10697	10498	6.71864	0.179759
lcl|NC_052664.1_mrna_XM_011170360.3_2060	2977	2778	0	0
lcl|NC_052664.1_mrna_XM_011170361.3_2061	2884	2685	2.01147	0.210419
lcl|NC_052664.1_mrna_XM_011170358.3_2062	8050	7851	0.000113702	4.06778e-06
lcl|NC_052664.1_mrna_XM_026132364.2_2063	7954	7755	25.9999	0.941684
lcl|NC_052664.1_mrna_XM_039452719.1_2064	1277	1078	0	0
lcl|NC_052664.1_mrna_XM_039445894.1_2065	7122	6923	0	0
lcl|NC_052664.1_mrna_XM_039445901.1_2066	7041	6842	0	0
lcl|NC_052664.1_mrna_XM_011170357.3_2067	4563	4364	209	13.4517
lcl|NC_052664.1_mrna_XM_011170356.3_2068	4899	4700	0	0
lcl|NC_052664.1_mrna_XM_011170355.3_2069	4207	4008	2	0.140158
lcl|NC_052664.1_mrna_XM_011170354.3_2070	2419	2220	5	0.632605
lcl|NC_052664.1_mrna_XM_011170353.3_2071	5260	5061	70	3.88488
lcl|NC_052664.1_mrna_XM_039451828.1_2072	6650	6451	37.1509	1.61755
lcl|NC_052664.1_mrna_XM_026132371.2_2073	6289	6090	0	0
lcl|NC_052664.1_mrna_XM_026132372.2_2074	5932	5733	0	0
lcl|NC_052664.1_mrna_XM_026132373.2_2075	5813	5614	179.849	8.99811
lcl|NC_052664.1_mrna_XM_039451846.1_2076	4837	4638	197.014	11.9311
lcl|NC_052664.1_mrna_XM_011170346.3_2077	4716	4517	1958.44	121.78
lcl|NC_052664.1_mrna_XM_011170345.3_2078	4699	4500	0.00930436	0.000580751
lcl|NC_052664.1_mrna_XM_039451856.1_2079	4578	4379	256.539	16.4549
lcl|NC_052664.1_mrna_XM_011170342.3_2080	3757	3558	398.401	31.4507
lcl|NC_052664.1_mrna_XM_011170344.3_2081	3549	3350	0	0
lcl|NC_052664.1_mrna_XM_011170343.3_2082	4447	4248	49.5993	3.27949
lcl|NC_052664.1_mrna_XM_011170340.3_2083	1858	1659	686	116.143
lcl|NC_052664.1_mrna_XM_039451915.1_2084	1582	1383	63.7753	12.9523
lcl|NC_052664.1_mrna_XM_026132375.2_2085	3146	2947	82.3711	7.85074
lcl|NC_052664.1_mrna_XM_039451926.1_2086	1421	1222	18.7461	4.30879
lcl|NC_052664.1_mrna_XM_011170338.3_2087	1453	1254	367.971	82.4199
lcl|NC_052664.1_mrna_XM_039451924.1_2088	1322	1123	421.136	105.332
lcl|NC_052664.1_mrna_XM_011170335.3_2089	4256	4057	168	11.6311
lcl|NC_052664.1_mrna_XM_039451897.1_2090	2865	2666	323	34.0297
lcl|NC_052664.1_ncrna_XR_005575236.1_2091	971	772	111	40.3851
lcl|NC_052664.1_mrna_XM_011170334.3_2092	6799	6600	170.543	7.2578
lcl|NC_052664.1_mrna_XM_039451939.1_2093	6025	5826	191.457	9.23033
lcl|NC_052664.1_mrna_XM_026132428.2_2094	2939	2740	384	39.3637
lcl|NC_052664.1_mrna_XM_026132429.2_2095	1325	1126	375	93.5424
lcl|NC_052664.1_mrna_XM_011170331.3_2096	1659	1460	289	55.5982
lcl|NC_052664.1_mrna_XM_026132405.2_2097	2514	2315	1616	196.068
lcl|NC_052664.1_mrna_XM_026132409.2_2098	698	499	0.0702392	0.0395362
lcl|NC_052664.1_mrna_XM_026132407.2_2099	742	543	0	0
lcl|NC_052664.1_mrna_XM_026132408.2_2100	747	548	24.0907	12.3476
lcl|NC_052664.1_mrna_XM_026132406.2_2101	799	600	0	0
lcl|NC_052664.1_mrna_XM_011170505.3_2102	865	666	101.839	42.9493
lcl|NC_052664.1_mrna_XM_039448397.1_2103	1595	1396	21.087	4.24273
lcl|NC_052664.1_mrna_XM_011170328.3_2104	1742	1543	211.223	38.4496
lcl|NC_052664.1_mrna_XM_011170330.3_2105	1013	814	484.69	167.246
lcl|NC_052664.1_ncrna_XR_003268422.2_2106	325	126	2.27346	5.06795
lcl|NC_052664.1_mrna_XM_011170327.3_2107	1132	933	44.7265	13.4648
lcl|NC_052664.1_mrna_XM_011170324.3_2108	7038	6839	6	0.246419
lcl|NC_052664.1_mrna_XM_011170325.3_2109	1282	1083	5	1.29675
lcl|NC_052664.1_mrna_XM_039452764.1_2110	1254	1055	1	0.266234
lcl|NC_052664.1_mrna_XM_039448437.1_2111	4023	3824	29	2.13008
lcl|NC_052664.1_mrna_XM_026132394.2_2112	8257	8058	37.5091	1.30745
lcl|NC_052664.1_mrna_XM_026132397.2_2113	8427	8228	123.491	4.21557
lcl|NC_052664.1_ncrna_XR_005574607.1_2114	3490	3291	1	0.0853469
lcl|NC_052664.1_ncrna_XR_851067.3_2115	961	762	25	9.21512
lcl|NC_052664.1_mrna_XM_039448355.1_2116	5311	5112	4.50061	0.247284
lcl|NC_052664.1_mrna_XM_026132390.2_2117	5260	5061	0	0
lcl|NC_052664.1_mrna_XM_039448359.1_2118	5846	5647	20.0044	0.995
lcl|NC_052664.1_mrna_XM_011170320.3_2119	5477	5278	0	0
lcl|NC_052664.1_mrna_XM_039448381.1_2120	5902	5703	23.767	1.17054
lcl|NC_052664.1_mrna_XM_039448367.1_2121	5459	5260	0	0
lcl|NC_052664.1_mrna_XM_011170317.3_2122	5936	5737	11.728	0.574188
lcl|NC_052664.1_mrna_XM_011170323.3_2123	7330	7131	0	0
lcl|NC_052664.1_mrna_XM_039448373.1_2124	5317	5118	0	0
lcl|NC_052664.1_mrna_XM_011170321.3_2125	5610	5411	0	0
lcl|NC_052664.1_mrna_XM_039447540.1_2126	13071	12872	0	0
lcl|NC_052664.1_mrna_XM_011170316.3_2127	14671	14472	22	0.426982
lcl|NC_052664.1_mrna_XM_011170314.3_2128	2430	2231	384	48.3445
lcl|NC_052664.1_mrna_XM_039446762.1_2129	4270	4071	0	0
lcl|NC_052664.1_mrna_XM_011170315.3_2130	4179	3980	608	42.9078
lcl|NC_052664.1_mrna_XM_011170313.3_2131	2307	2108	818	108.993
lcl|NC_052664.1_mrna_XM_011170310.3_2132	2481	2282	77	9.47743
lcl|NC_052664.1_mrna_XM_011170311.3_2133	3752	3553	546	43.1632
lcl|NC_052664.1_mrna_XM_026132365.2_2134	4657	4458	5.20794	0.328127
lcl|NC_052664.1_mrna_XM_011170307.3_2135	5326	5127	0	0
lcl|NC_052664.1_mrna_XM_011170305.3_2136	680	481	227	132.555
lcl|NC_052664.1_mrna_XM_011170302.3_2137	4478	4279	0	0
lcl|NC_052664.1_mrna_XM_011170304.3_2138	4424	4225	0	0
lcl|NC_052664.1_mrna_XM_039454217.1_2139	3804	3605	0.690242	0.0537789
lcl|NC_052664.1_mrna_XM_039454216.1_2140	3800	3601	2.10182	0.163941
lcl|NC_052664.1_mrna_XM_011170301.3_2141	3981	3782	428.707	31.8387
lcl|NC_052664.1_mrna_XM_011170300.3_2142	3990	3791	643.293	47.6618
lcl|NC_052664.1_mrna_XM_011170299.3_2143	1178	979	14.277	4.0961
lcl|NC_052664.1_mrna_XM_011170298.3_2144	1156	957	513.723	150.776
lcl|NC_052664.1_mrna_XM_011170297.3_2145	3327	3128	1376	123.557
lcl|NC_052664.1_mrna_XM_011170294.3_2146	4397	4198	25.1618	1.68351
lcl|NC_052664.1_mrna_XM_011170295.3_2147	3894	3695	14.8382	1.12793
lcl|NC_052664.1_mrna_XM_011170293.3_2148	3303	3104	0	0
lcl|NC_052664.1_mrna_XM_039455988.1_2149	3214	3015	563	52.449
lcl|NC_052664.1_mrna_XM_011170292.3_2150	1877	1678	1306	218.608
lcl|NC_052664.1_mrna_XM_011170291.3_2151	2722	2523	646	71.9169
lcl|NC_052664.1_mrna_XM_039455981.1_2152	5617	5418	0	0
lcl|NC_052664.1_mrna_XM_039455975.1_2153	5686	5487	553.96	28.3569
lcl|NC_052664.1_mrna_XM_026132369.2_2154	5821	5622	63.0554	3.15026
lcl|NC_052664.1_mrna_XM_026132370.2_2155	5809	5610	107.985	5.40648
lcl|NC_052664.1_mrna_XM_026132425.2_2156	3325	3126	518.575	46.5949
lcl|NC_052664.1_mrna_XM_026132427.2_2157	2546	2347	1046.1	125.192
lcl|NC_052664.1_mrna_XM_026132426.2_2158	1931	1732	70.3245	11.4044
lcl|NC_052664.1_mrna_XM_011170280.3_2159	1907	1708	691.754	113.757
lcl|NC_052664.1_mrna_XM_026132476.2_2160	1562	1363	14.4012	2.96769
lcl|NC_052664.1_mrna_XM_026132477.2_2161	1462	1263	66.0101	14.6799
lcl|NC_052664.1_mrna_XM_011170281.3_2162	1525	1326	114.72	24.3004
lcl|NC_052664.1_mrna_XM_011170283.3_2163	3267	3068	5.11434	0.46822
lcl|NC_052664.1_mrna_XM_011170284.3_2164	1817	1618	242.437	42.0858
lcl|NC_052664.1_mrna_XM_011170285.3_2165	1752	1553	204.109	36.9153
lcl|NC_052664.1_mrna_XM_011170286.3_2166	1690	1491	214.454	40.3992
lcl|NC_052664.1_mrna_XM_039455878.1_2167	3744	3545	0	0
lcl|NC_052664.1_mrna_XM_039455973.1_2168	3364	3165	504.466	44.7687
lcl|NC_052664.1_mrna_XM_039455912.1_2169	2086	1887	2.06996	0.30811
lcl|NC_052664.1_mrna_XM_039456015.1_2170	2110	1911	12.5481	1.84431
lcl|NC_052664.1_mrna_XM_011170278.3_2171	3684	3485	931.916	75.1086
lcl|NC_052664.1_mrna_XM_026132475.2_2172	1977	1778	0	0
lcl|NC_052664.1_mrna_XM_011170277.3_2173	1688	1489	142	26.7861
lcl|NC_052664.1_mrna_XM_011170276.2_2174	2524	2325	130.705	15.7901
lcl|NC_052664.1_mrna_XM_026132437.2_2175	2539	2340	445.685	53.4968
lcl|NC_052664.1_mrna_XM_011170275.3_2176	2526	2327	1245.61	150.349
lcl|NC_052664.1_mrna_XM_026132440.2_2177	3063	2864	326	31.9713
lcl|NC_052664.1_mrna_XM_039452670.1_2178	13053	12854	7.27486	0.158965
lcl|NC_052664.1_mrna_XM_011170271.3_2179	5546	5347	0.0250571	0.00131624
lcl|NC_052664.1_mrna_XM_039452707.1_2180	5574	5375	0	0
lcl|NC_052664.1_mrna_XM_011170272.3_2181	5641	5442	43.6236	2.25153
lcl|NC_052664.1_mrna_XM_011170269.3_2182	5478	5279	50.1588	2.66877
lcl|NC_052664.1_mrna_XM_026132377.2_2183	5291	5092	0.19255	0.0106212
lcl|NC_052664.1_mrna_XM_011170274.3_2184	4877	4678	0	0
lcl|NC_052664.1_mrna_XM_039452665.1_2185	13134	12935	0	0
lcl|NC_052664.1_mrna_XM_039452676.1_2186	13113	12914	0	0
lcl|NC_052664.1_mrna_XM_039452678.1_2187	12963	12764	0	0
lcl|NC_052664.1_mrna_XM_039452683.1_2188	11455	11256	1.19991e-06	2.9942e-08
lcl|NC_052664.1_mrna_XM_039452686.1_2189	11299	11100	1.44025	0.0364444
lcl|NC_052664.1_mrna_XM_026132376.2_2190	11283	11084	6.12039	0.155095
lcl|NC_052664.1_mrna_XM_026132441.2_2191	8913	8714	119.278	3.84467
lcl|NC_052664.1_mrna_XM_026132442.2_2192	3714	3515	15.8863	1.26944
lcl|NC_052664.1_mrna_XM_011170268.3_2193	5603	5404	564.486	29.3396
lcl|NC_052664.1_mrna_XM_011170266.3_2194	1563	1364	2810	578.639
lcl|NC_052664.1_mrna_XM_039452734.1_2195	2156	1957	733.238	105.237
lcl|NC_052664.1_mrna_XM_011170267.3_2196	2159	1960	157.762	22.608
lcl|NC_052664.1_mrna_XM_011170264.3_2197	1953	1754	545.415	87.3399
lcl|NC_052664.1_mrna_XM_011170265.3_2198	1864	1665	37.5854	6.34046
lcl|NC_052664.1_mrna_XM_026132363.2_2199	5664	5465	418.542	21.5112
lcl|NC_052664.1_ncrna_XR_005575398.1_2200	4501	4302	1	0.0652898
lcl|NC_052664.1_miscrna_XR_005575397.1_2201	5772	5573	0	0
lcl|NC_052664.1_mrna_XM_039452742.1_2202	5336	5137	4.00233	0.218836
lcl|NC_052664.1_miscrna_XR_005575396.1_2203	5709	5510	0	0
lcl|NC_052664.1_miscrna_XR_005575395.1_2204	5759	5560	0	0
lcl|NC_052664.1_mrna_XM_011170261.3_2205	1778	1579	844	150.133
lcl|NC_052664.1_rrna_XR_003268427.1_2206	120	5.05223	0	0
lcl|NC_052664.1_mrna_XM_011170255.3_2207	2292	2093	61	8.18609
lcl|NC_052664.1_miscrna_XR_005575413.1_2208	1279	1080	35.9447	9.34817
lcl|NC_052664.1_mrna_XM_039452824.1_2209	1586	1387	4.11516	0.833348
lcl|NC_052664.1_mrna_XM_011170256.3_2210	919	720	255.94	99.8439
lcl|NC_052664.1_mrna_XM_039452838.1_2211	1074	875	38.007	12.2003
lcl|NC_052664.1_mrna_XM_011170249.3_2212	6271	6072	1.97813	0.0915038
lcl|NC_052664.1_mrna_XM_039452783.1_2213	6275	6076	1.02187	0.0472381
lcl|NC_052664.1_mrna_XM_039452792.1_2214	3909	3710	0	0
lcl|NC_052664.1_mrna_XM_039452790.1_2215	3965	3766	0	0
lcl|NC_052664.1_mrna_XM_026132465.2_2216	3975	3776	0	0
lcl|NC_052664.1_mrna_XM_026132466.2_2217	4031	3832	0	0
lcl|NC_052664.1_mrna_XM_026132462.2_2218	4050	3851	0	0
lcl|NC_052664.1_mrna_XM_026132461.2_2219	4224	4025	0	0
lcl|NC_052664.1_mrna_XM_011170250.3_2220	2709	2510	79.6431	8.91231
lcl|NC_052664.1_mrna_XM_026132457.2_2221	2715	2516	514.161	57.399
lcl|NC_052664.1_mrna_XM_039452769.1_2222	2567	2368	0.195712	0.0232141
lcl|NC_052664.1_mrna_XM_011170251.3_2223	2948	2749	280	28.6088
lcl|NC_052664.1_mrna_XM_011170252.3_2224	2838	2639	37	3.93802
lcl|NC_052664.1_mrna_XM_026132458.2_2225	2902	2703	794	82.5069
lcl|NC_052664.1_mrna_XM_011170253.3_2226	5204	5005	994.943	55.8354
lcl|NC_052664.1_mrna_XM_039452831.1_2227	1112	913	507.993	156.28
lcl|NC_052664.1_mrna_XM_011161594.3_2228	1728	1529	246	45.1901
lcl|NC_052664.1_mrna_XM_026132468.2_2229	3228	3029	32.9861	3.05877
lcl|NC_052664.1_mrna_XM_011170240.3_2230	4934	4735	0	0
lcl|NC_052664.1_mrna_XM_011170242.3_2231	4886	4687	8.47964e-06	5.08157e-07
lcl|NC_052664.1_mrna_XM_011170244.3_2232	5104	4905	729.394	41.7676
lcl|NC_052664.1_mrna_XM_026132469.2_2233	2378	2179	30.4845	3.9295
lcl|NC_052664.1_mrna_XM_026132470.2_2234	2399	2200	206.383	26.3492
lcl|NC_052664.1_mrna_XM_026132471.2_2235	2662	2463	312.752	35.6658
lcl|NC_052664.1_mrna_XM_011170245.3_2236	7821	7622	181.052	6.67193
lcl|NC_052664.1_mrna_XM_011170247.3_2237	7817	7618	46.3401	1.70857
lcl|NC_052664.1_mrna_XM_039452847.1_2238	7608	7409	2.44978e-06	9.28716e-08
lcl|NC_052664.1_mrna_XM_039452935.1_2239	1813	1614	5.60741	0.975831
lcl|NC_052664.1_mrna_XM_026132472.2_2240	1499	1300	2	0.432118
lcl|NC_052664.1_mrna_XM_039452987.1_2241	469	270	1	1.04028
lcl|NC_052664.1_mrna_XM_039452990.1_2242	372	173	0	0
lcl|NC_052664.1_mrna_XM_011170234.3_2243	4306	4107	347.472	23.7635
lcl|NC_052664.1_mrna_XM_011170236.3_2244	2048	1849	628.366	95.4535
lcl|NC_052664.1_mrna_XM_011170235.3_2245	2021	1822	877.162	135.222
lcl|NC_052664.1_mrna_XM_011170238.3_2246	1052	853	360	118.541
lcl|NC_052664.1_mrna_XM_011170239.3_2247	1731	1532	807	147.955
lcl|NC_052664.1_mrna_XM_011170233.3_2248	712	513	177	96.9107
lcl|NC_052664.1_mrna_XM_011170231.3_2249	7953	7754	116.31	4.21315
lcl|NC_052664.1_mrna_XM_039452864.1_2250	7153	6954	940.69	37.9951
lcl|NC_052664.1_mrna_XM_011170230.3_2251	2181	1982	0	0
lcl|NC_052664.1_mrna_XM_011170232.3_2252	577	378	1362	1012.05
lcl|NC_052664.1_mrna_XM_011177493.3_2253	2289	2090	1665	223.761
lcl|NC_052664.1_miscrna_XR_005575459.1_2254	2949	2750	32.4368	3.313
lcl|NC_052664.1_mrna_XM_039452968.1_2255	3050	2851	0	0
lcl|NC_052664.1_ncrna_XR_005575466.1_2256	1407	1208	52.6062	12.2317
lcl|NC_052664.1_mrna_XM_011170229.3_2257	2607	2408	8558.96	998.344
lcl|NC_052664.1_mrna_XM_011170225.3_2258	2640	2441	754.33	86.7979
lcl|NC_052664.1_mrna_XM_011170224.3_2259	2779	2580	954.67	103.932
lcl|NC_052664.1_miscrna_XR_005575452.1_2260	2738	2539	52.7271	5.83293
lcl|NC_052664.1_mrna_XM_011170223.3_2261	2544	2345	60.9332	7.29838
lcl|NC_052664.1_mrna_XM_011170222.3_2262	3093	2894	1099.9	106.751
lcl|NC_052664.1_mrna_XM_026132444.2_2263	3153	2954	17.4375	1.65802
lcl|NC_052664.1_mrna_XM_011170219.3_2264	602	403	61.8631	43.1164
lcl|NC_052664.1_mrna_XM_011170220.3_2265	534	335	33.8204	28.3563
lcl|NC_052664.1_mrna_XM_011170221.3_2266	475	276	25.3166	25.7639
lcl|NC_052664.1_mrna_XM_011170218.3_2267	1069	870	467	150.769
lcl|NC_052664.1_mrna_XM_011170217.3_2268	2178	1979	1620.61	230.011
lcl|NC_052664.1_mrna_XM_039452963.1_2269	2365	2166	1306.31	169.396
lcl|NC_052664.1_mrna_XM_011170215.3_2270	2225	2026	482.082	66.834
lcl|NC_052664.1_mrna_XM_011170213.3_2271	3575	3376	594	49.4197
lcl|NC_052664.1_mrna_XM_011170212.3_2272	2433	2234	55	6.91505
lcl|NC_052664.1_mrna_XM_011170211.3_2273	2963	2764	415	42.1722
lcl|NC_052664.1_mrna_XM_011170208.3_2274	2707	2508	296.992	33.2609
lcl|NC_052664.1_mrna_XM_011170210.3_2275	3880	3681	708.985	54.0987
lcl|NC_052664.1_mrna_XM_011170209.3_2276	2725	2526	33.3075	3.7036
lcl|NC_052664.1_ncrna_XR_005575467.1_2277	729	530	1	0.529956
lcl|NC_052664.1_mrna_XM_011170206.3_2278	2892	2693	4165.71	434.479
lcl|NC_052664.1_mrna_XM_039452909.1_2279	7699	7500	209.682	7.85264
lcl|NC_052664.1_mrna_XM_011170204.3_2280	1806	1607	86.3181	15.087
lcl|NC_052664.1_mrna_XM_011170202.3_2281	6922	6723	2763	115.434
lcl|NC_052664.1_mrna_XM_039452804.1_2282	1378	1179	2	0.476466
lcl|NC_052664.1_mrna_XM_039452293.1_2283	1164	965	0	0
lcl|NC_052664.1_mrna_XM_039451442.1_2284	4489	4290	2.23954	0.146628
lcl|NC_052664.1_mrna_XM_039451439.1_2285	2184	1985	0	0
lcl|NC_052664.1_mrna_XM_039451437.1_2286	4499	4300	0.216752	0.0141583
lcl|NC_052664.1_mrna_XM_026138387.2_2287	9452	9253	36.9086	1.12037
lcl|NC_052664.1_mrna_XM_039451376.1_2288	9814	9615	0.00172467	5.03816e-05
lcl|NC_052664.1_mrna_XM_026138388.2_2289	9765	9566	177.087	5.19963
lcl|NC_052664.1_mrna_XM_026138386.2_2290	9810	9611	0.00261794	7.65079e-05
lcl|NC_052664.1_miscrna_XR_005575157.1_2291	10472	10273	0	0
lcl|NC_052664.1_miscrna_XR_005575156.1_2292	10586	10387	0	0
lcl|NC_052664.1_miscrna_XR_005575155.1_2293	10659	10460	0	0
lcl|NC_052664.1_miscrna_XR_005575163.1_2294	10605	10406	0	0
lcl|NC_052664.1_miscrna_XR_005575164.1_2295	10602	10403	0	0
lcl|NC_052664.1_miscrna_XR_005575161.1_2296	10629	10430	0	0
lcl|NC_052664.1_miscrna_XR_005575165.1_2297	10575	10376	0	0
lcl|NC_052664.1_miscrna_XR_005575166.1_2298	10572	10373	0	0
lcl|NC_052664.1_mrna_XM_039451410.1_2299	4642	4443	0.0263704	0.00166708
lcl|NC_052664.1_miscrna_XR_005575167.1_2300	9586	9387	4.00026e-05	1.19695e-06
lcl|NC_052664.1_miscrna_XR_005575168.1_2301	9469	9270	11.6282	0.35233
lcl|NC_052664.1_miscrna_XR_005575158.1_2302	10515	10316	0	0
lcl|NC_052664.1_mrna_XM_026138373.2_2303	8676	8477	10.3663	0.343478
lcl|NC_052664.1_mrna_XM_026138375.2_2304	3828	3629	1.98784	0.153855
lcl|NC_052664.1_mrna_XM_026138383.2_2305	5099	4900	8	0.458574
lcl|NC_052664.1_mrna_XM_011164027.3_2306	3838	3639	770.822	59.496
lcl|NC_052664.1_mrna_XM_011164029.3_2307	2068	1869	2354.12	353.781
lcl|NC_052664.1_mrna_XM_039451432.1_2308	2153	1954	133.885	19.2452
lcl|NC_052664.1_mrna_XM_039453207.1_2309	1481	1282	0	0
lcl|NC_052664.1_trna_2310	73	3.5471	0	0
lcl|NC_052664.1_mrna_XM_011164035.3_2311	3684	3485	97.1734	7.83178
lcl|NC_052664.1_mrna_XM_011164034.3_2312	4324	4125	0	0
lcl|NC_052664.1_mrna_XM_011164031.3_2313	4902	4703	9.91952	0.592423
lcl|NC_052664.1_mrna_XM_011164032.3_2314	4581	4382	28.6189	1.83441
lcl|NC_052664.1_mrna_XM_011164033.3_2315	4370	4171	216.288	14.5649
lcl|NC_052664.1_mrna_XM_039446038.1_2316	4246	4047	3.54451e-06	2.46002e-07
lcl|NC_052664.1_mrna_XM_039449545.1_2317	8885	8686	0.000664399	2.14845e-05
lcl|NC_052664.1_mrna_XM_039449587.1_2318	8803	8604	8.99934	0.293782
lcl|NC_052664.1_mrna_XM_011164037.3_2319	6542	6343	218.028	9.65457
lcl|NC_052664.1_mrna_XM_011164036.3_2320	7119	6920	47.9723	1.94715
lcl|NC_052664.1_mrna_XM_026138365.2_2321	15336	15137	10.5008	0.194849
lcl|NC_052664.1_mrna_XM_039453123.1_2322	15323	15124	24.859	0.461672
lcl|NC_052664.1_mrna_XM_026138364.2_2323	14936	14737	31.71	0.60437
lcl|NC_052664.1_mrna_XM_039453121.1_2324	14874	14675	0	0
lcl|NC_052664.1_mrna_XM_039453129.1_2325	10494	10295	45	1.22773
lcl|NC_052664.1_mrna_XM_011164045.3_2326	1232	1033	844	229.487
lcl|NC_052664.1_mrna_XM_011164046.3_2327	3462	3263	165	14.2031
lcl|NC_052664.1_mrna_XM_039453171.1_2328	1858	1659	38.893	6.58477
lcl|NC_052664.1_mrna_XM_011164048.3_2329	1935	1736	1059.11	171.359
lcl|NC_052664.1_mrna_XM_011164049.3_2330	2932	2733	505	51.9
lcl|NC_052664.1_mrna_XM_039452897.1_2331	3075	2876	4	0.390649
lcl|NC_052664.1_mrna_XM_039453164.1_2332	3851	3652	0	0
lcl|NC_052664.1_mrna_XM_039453161.1_2333	4963	4764	0	0
lcl|NC_052664.1_mrna_XM_039453147.1_2334	5151	4952	5.52917	0.313614
lcl|NC_052664.1_mrna_XM_039453159.1_2335	4982	4783	0	0
lcl|NC_052664.1_mrna_XM_039453152.1_2336	5151	4952	0	0
lcl|NC_052664.1_mrna_XM_039453155.1_2337	5070	4871	0.00225173	0.000129842
lcl|NC_052664.1_mrna_XM_039453142.1_2338	5170	4971	0	0
lcl|NC_052664.1_mrna_XM_039453150.1_2339	5184	4985	0	0
lcl|NC_052664.1_mrna_XM_039453145.1_2340	5254	5055	15.8886	0.882835
lcl|NC_052664.1_mrna_XM_039451316.1_2341	2142	1943	0	0
lcl|NC_052664.1_mrna_XM_039451322.1_2342	1019	820	0	0
lcl|NC_052664.1_mrna_XM_039446512.1_2343	1683	1484	15.8789	3.00541
lcl|NC_052664.1_mrna_XM_039446507.1_2344	2345	2146	0	0
lcl|NC_052664.1_miscrna_XR_005574266.1_2345	1291	1092	0	0
lcl|NC_052664.1_mrna_XM_039446526.1_2346	987	788	0	0
lcl|NC_052664.1_mrna_XM_039446522.1_2347	1058	859	0	0
lcl|NC_052664.1_mrna_XM_039446517.1_2348	1061	862	0	0
lcl|NC_052664.1_mrna_XM_039446520.1_2349	1052	853	0	0
lcl|NC_052664.1_mrna_XM_039446560.1_2350	752	553	1.44178	0.732303
lcl|NC_052664.1_mrna_XM_039446542.1_2351	1480	1281	6.97343	1.52902
lcl|NC_052664.1_mrna_XM_039446551.1_2352	2136	1937	0	0
lcl|NC_052664.1_mrna_XM_026134219.2_2353	1402	1203	648	151.295
lcl|NC_052664.1_mrna_XM_039454147.1_2354	602	403	227	158.211
lcl|NC_052664.1_mrna_XM_039454134.1_2355	943	744	448.247	169.223
lcl|NC_052664.1_mrna_XM_026134220.2_2356	922	723	714.997	277.767
lcl|NC_052664.1_mrna_XM_026134217.2_2357	2962	2763	399	40.5609
lcl|NC_052664.1_mrna_XM_011172456.3_2358	1803	1604	1304	228.344
lcl|NC_052664.1_mrna_XM_026134218.2_2359	1678	1479	471.736	89.5873
lcl|NC_052664.1_mrna_XM_039454125.1_2360	1675	1476	70.4649	13.4092
lcl|NC_052664.1_mrna_XM_039454128.1_2361	1616	1417	61.7991	12.2498
lcl|NC_052664.1_mrna_XM_011172457.3_2362	3477	3278	244.926	20.9865
lcl|NC_052664.1_mrna_XM_039454115.1_2363	3474	3275	56.959	4.88503
lcl|NC_052664.1_mrna_XM_011172458.3_2364	3453	3254	275.558	23.7854
lcl|NC_052664.1_mrna_XM_011172459.3_2365	3390	3191	71.5576	6.29861
lcl|NC_052664.1_mrna_XM_026134222.2_2366	2404	2205	6375	812.059
lcl|NC_052664.1_mrna_XM_011172460.3_2367	2916	2717	459	47.4503
lcl|NC_052664.1_mrna_XM_039454167.1_2368	1912	1713	44	7.21458
lcl|NC_052664.1_mrna_XM_011172463.3_2369	1559	1360	1393	287.692
lcl|NC_052664.1_mrna_XM_026134192.2_2370	1603	1404	0	0
lcl|NC_052664.1_mrna_XM_011172468.3_2371	1265	1066	783	206.31
lcl|NC_052664.1_mrna_XM_011172467.3_2372	1628	1429	462.018	90.8117
lcl|NC_052664.1_mrna_XM_011172466.3_2373	1515	1316	170.982	36.4932
lcl|NC_052664.1_mrna_XM_039447653.1_2374	2130	1931	0	0
lcl|NC_052664.1_mrna_XM_039447651.1_2375	2191	1992	0	0
lcl|NC_052664.1_miscrna_XR_005574436.1_2376	2092	1893	271	40.21
lcl|NC_052664.1_mrna_XM_011158897.3_2377	461	262	536	574.618
lcl|NC_052664.1_mrna_XM_039456536.1_2378	7867	7668	0	0
lcl|NC_052664.1_mrna_XM_039456541.1_2379	7864	7665	20.4128	0.748007
lcl|NC_052664.1_mrna_XM_039456544.1_2380	7768	7569	0	0
lcl|NC_052664.1_mrna_XM_039456549.1_2381	7113	6914	21.9962	0.893583
lcl|NC_052664.1_mrna_XM_039456623.1_2382	12284	12085	54.5909	1.26879
lcl|NC_052664.1_mrna_XM_026134163.2_2383	12458	12259	3.23672e-05	7.41593e-07
lcl|NC_052664.1_mrna_XM_039456650.1_2384	1890	1691	8.42137	1.3988
lcl|NC_052664.1_mrna_XM_039456643.1_2385	1904	1705	112.456	18.5257
lcl|NC_052664.1_mrna_XM_039456735.1_2386	284	85.0011	0	0
lcl|NC_052664.1_mrna_XM_039456713.1_2387	6030	5831	3.00228	0.144619
lcl|NC_052664.1_mrna_XM_039456586.1_2388	9123	8924	167.138	5.26055
lcl|NC_052664.1_mrna_XM_039456593.1_2389	11961	11762	0	0
lcl|NC_052664.1_mrna_XM_039456581.1_2390	10036	9837	7.31124	0.208758
lcl|NC_052664.1_mrna_XM_039456560.1_2391	10213	10014	1.24693e-07	3.49743e-09
lcl|NC_052664.1_mrna_XM_026134203.2_2392	10330	10131	1.18385e-08	3.28218e-10
lcl|NC_052664.1_mrna_XM_039456563.1_2393	10152	9953	0	0
lcl|NC_052664.1_mrna_XM_039456566.1_2394	9015	8816	0	0
lcl|NC_052664.1_mrna_XM_026134208.2_2395	8453	8254	54.3812	1.85055
lcl|NC_052664.1_mrna_XM_026134206.2_2396	8570	8371	2.52445	0.0847041
lcl|NC_052664.1_mrna_XM_026134201.2_2397	8837	8638	0.0505406	0.0016434
lcl|NC_052664.1_mrna_XM_039456612.1_2398	8747	8548	0	0
lcl|NC_052664.1_mrna_XM_039456554.1_2399	10250	10051	0	0
lcl|NC_052664.1_mrna_XM_039456573.1_2400	11033	10834	6.97371	0.180797
lcl|NC_052664.1_mrna_XM_039456606.1_2401	9720	9521	9.62103	0.283828
lcl|NC_052664.1_mrna_XM_011172476.3_2402	1867	1668	736	123.936
lcl|NC_052664.1_mrna_XM_011172474.3_2403	1961	1762	295.803	47.1534
lcl|NC_052664.1_mrna_XM_011172475.3_2404	1337	1138	298.197	73.5997
lcl|NC_052664.1_mrna_XM_026134172.2_2405	1939	1740	9	1.45281
lcl|NC_052664.1_mrna_XM_026134171.2_2406	430	231	2146	2609.36
lcl|NC_052664.1_mrna_XM_039456708.1_2407	1429	1230	545	124.453
lcl|NC_052664.1_mrna_XM_011172481.3_2408	2029	1830	36	5.52544
lcl|NC_052664.1_mrna_XM_011172485.3_2409	2445	2246	403	50.3977
lcl|NC_052664.1_mrna_XM_039456702.1_2410	1169	970	156.652	45.3607
lcl|NC_052664.1_mrna_XM_011172487.3_2411	1440	1241	457.348	103.512
lcl|NC_052664.1_mrna_XM_011172490.3_2412	1644	1445	124.741	24.247
lcl|NC_052664.1_mrna_XM_039456724.1_2413	1327	1128	172.871	43.0456
lcl|NC_052664.1_miscrna_XR_005576163.1_2414	1349	1150	2.23171	0.545074
lcl|NC_052664.1_mrna_XM_011172489.3_2415	1604	1405	297.088	59.3915
lcl|NC_052664.1_mrna_XM_011172488.3_2416	2372	2173	427.068	55.2018
lcl|NC_052664.1_mrna_XM_039456718.1_2417	1208	1009	2	0.556743
lcl|NC_052664.1_mrna_XM_026134161.2_2418	1658	1459	38	7.3155
lcl|NC_052664.1_miscrna_XR_005576154.1_2419	3364	3165	0	0
lcl|NC_052664.1_mrna_XM_026134160.2_2420	3652	3453	27	2.19626
lcl|NC_052664.1_mrna_XM_039456627.1_2421	3408	3209	0	0
lcl|NC_052664.1_mrna_XM_039456821.1_2422	1006	807	0	0
lcl|NC_052664.1_mrna_XM_011172494.3_2423	1003	804	0	0
lcl|NC_052664.1_mrna_XM_026134185.2_2424	1733	1534	122.441	22.419
lcl|NC_052664.1_mrna_XM_026134186.2_2425	1730	1531	356.559	65.4143
lcl|NC_052664.1_mrna_XM_011172498.3_2426	4323	4124	206.449	14.0608
lcl|NC_052664.1_mrna_XM_011172499.3_2427	1637	1438	502.551	98.1605
lcl|NC_052664.1_mrna_XM_026134178.2_2428	6170	5971	6.67511	0.313998
lcl|NC_052664.1_mrna_XM_026134176.2_2429	5559	5360	5.8036	0.304122
lcl|NC_052664.1_mrna_XM_026134175.2_2430	5567	5368	1.30028	0.0680362
lcl|NC_052664.1_mrna_XM_026134183.2_2431	6016	5817	2.93742	0.141835
lcl|NC_052664.1_mrna_XM_026134177.2_2432	5552	5353	21.5252	1.12944
lcl|NC_052664.1_mrna_XM_026134182.2_2433	5413	5214	0.496783	0.0267616
lcl|NC_052664.1_mrna_XM_026134179.2_2434	5421	5222	0.10674	0.00574127
lcl|NC_052664.1_mrna_XM_026134181.2_2435	5397	5198	10.8373	0.585602
lcl|NC_052664.1_mrna_XM_026134180.2_2436	5405	5206	2.31756	0.125038
lcl|NC_052664.1_rrna_XR_003268629.1_2437	119	5.00576	0	0
lcl|NC_052664.1_mrna_XM_011172507.3_2438	1369	1170	1193.85	286.603
lcl|NC_052664.1_mrna_XM_011172506.3_2439	1911	1712	298.146	48.9148
lcl|NC_052664.1_mrna_XM_026134184.2_2440	1553	1354	0.000137203	2.84616e-05
lcl|NC_052664.1_mrna_XM_026134212.2_2441	9303	9104	0	0
lcl|NC_052664.1_mrna_XM_026134213.2_2442	9294	9095	0.000250603	7.73924e-06
lcl|NC_052664.1_mrna_XM_026134211.2_2443	9305	9106	54.5255	1.68185
lcl|NC_052664.1_mrna_XM_026134214.2_2444	8971	8772	22.4742	0.719618
lcl|NC_052664.1_mrna_XM_026134215.2_2445	8958	8759	0	0
lcl|NC_052664.1_mrna_XM_039453367.1_2446	735	536	0	0
lcl|NC_052664.1_mrna_XM_039453373.1_2447	691	492	6	3.42533
lcl|NC_052664.1_mrna_XM_026134216.2_2448	3177	2978	31	2.92383
lcl|NC_052664.1_mrna_XM_011172511.3_2449	2686	2487	316.661	35.763
lcl|NC_052664.1_mrna_XM_039453354.1_2450	2512	2313	0	0
lcl|NC_052664.1_mrna_XM_039453352.1_2451	2706	2507	0	0
lcl|NC_052664.1_mrna_XM_039453341.1_2452	2675	2476	787.79	89.3667
lcl|NC_052664.1_mrna_XM_026134158.2_2453	2706	2507	1.358e-05	1.52147e-06
lcl|NC_052664.1_mrna_XM_011172509.3_2454	2773	2574	1123.22	122.567
lcl|NC_052664.1_mrna_XM_011172512.3_2455	2410	2211	929.324	118.058
lcl|NC_052664.1_mrna_XM_039452936.1_2456	3944	3745	1	0.0750005
lcl|NC_052664.1_mrna_XM_011172513.3_2457	4566	4367	197	12.6706
lcl|NC_052664.1_mrna_XM_011172514.3_2458	1470	1271	0	0
lcl|NC_052664.1_mrna_XM_026134145.2_2459	6805	6606	0	0
lcl|NC_052664.1_mrna_XM_039445770.1_2460	6605	6406	0	0
lcl|NC_052664.1_mrna_XM_011172516.3_2461	6763	6564	0	0
lcl|NC_052664.1_mrna_XM_026134144.2_2462	7478	7279	6.45757	0.24918
lcl|NC_052664.1_mrna_XM_011172515.3_2463	6430	6231	78.6673	3.54611
lcl|NC_052664.1_mrna_XM_026134146.2_2464	6421	6222	0.00113789	5.13671e-05
lcl|NC_052664.1_mrna_XM_039445789.1_2465	554	355	2.21003	1.74858
lcl|NC_052664.1_mrna_XM_011172518.3_2466	6749	6550	21.7494	0.932656
lcl|NC_052664.1_mrna_XM_011172520.3_2467	6662	6463	211.251	9.18078
lcl|NC_052664.1_mrna_XM_011172521.3_2468	2560	2361	962	114.444
lcl|NC_052664.1_mrna_XM_011172523.3_2469	2426	2227	140.395	17.707
lcl|NC_052664.1_mrna_XM_026134187.2_2470	6738	6539	1	0.0429541
lcl|NC_052664.1_mrna_XM_011172526.3_2471	2189	1990	0	0
lcl|NC_052664.1_mrna_XM_011172527.3_2472	4861	4662	186	11.2061
lcl|NC_052664.1_mrna_XM_026134188.2_2473	2111	1912	0	0
lcl|NC_052664.1_mrna_XM_026134190.2_2474	1872	1673	16.4034	2.75393
lcl|NC_052664.1_mrna_XM_039450758.1_2475	2742	2543	7.20207	0.795476
lcl|NC_052664.1_mrna_XM_026134189.2_2476	1793	1594	0	0
lcl|NC_052664.1_mrna_XM_011172522.3_2477	1789	1590	0	0
lcl|NC_052664.1_mrna_XM_026134150.2_2478	2556	2357	1	0.119167
lcl|NC_052664.1_mrna_XM_026134191.2_2479	1862	1663	26	4.39134
lcl|NC_052664.1_mrna_XM_011172536.3_2480	3858	3659	15	1.15145
lcl|NC_052664.1_mrna_XM_011172535.3_2481	3590	3391	167	13.8326
lcl|NC_052664.1_mrna_XM_039450781.1_2482	12210	12011	0	0
lcl|NC_052664.1_mrna_XM_039450807.1_2483	1195	996	400.881	113.05
lcl|NC_052664.1_mrna_XM_011172538.3_2484	1296	1097	95.0273	24.3309
lcl|NC_052664.1_mrna_XM_011172539.3_2485	1423	1224	495.837	113.782
lcl|NC_052664.1_mrna_XM_011172537.3_2486	1296	1097	95.0273	24.3309
lcl|NC_052664.1_mrna_XM_011172540.3_2487	1501	1302	55.8142	12.0406
lcl|NC_052664.1_mrna_XM_011172544.3_2488	2010	1811	448.39	69.543
lcl|NC_052664.1_mrna_XM_011172542.3_2489	2235	2036	481.61	66.4405
lcl|NC_052664.1_mrna_XM_026134142.2_2490	2652	2453	947	108.435
lcl|NC_052664.1_ncrna_XR_005574922.1_2491	406	207	2	2.71378
lcl|NC_052664.1_ncrna_XR_005574457.1_2492	1129	930	0	0
lcl|NC_052664.1_mrna_XM_039447708.1_2493	1714	1515	8	1.48318
lcl|NC_052664.1_mrna_XM_011176345.3_2494	1297	1098	0	0
lcl|NC_052664.1_mrna_XM_039451283.1_2495	821	622	35.494	16.028
lcl|NC_052664.1_mrna_XM_039451286.1_2496	930	731	59.6481	22.919
lcl|NC_052664.1_mrna_XM_011177867.1_2497	885	686	0	0
lcl|NC_052664.1_mrna_XM_039448894.1_2498	2887	2688	35.4003	3.69907
lcl|NC_052664.1_mrna_XM_011175974.3_2499	1015	816	19.9053	6.85164
lcl|NC_052664.1_mrna_XM_011177818.3_2500	2689	2490	603.957	68.1275
lcl|NC_052664.1_mrna_XM_011177819.3_2501	2219	2020	102.336	14.2297
lcl|NC_052664.1_mrna_XM_026134148.2_2502	1282	1083	173.285	44.9416
lcl|NC_052664.1_mrna_XM_011177820.3_2503	1515	1316	504.421	107.66
lcl|NC_052664.1_mrna_XM_011177823.3_2504	2126	1927	45	6.55913
lcl|NC_052664.1_mrna_XM_011177824.3_2505	3282	3083	164	14.9412
lcl|NC_052664.1_mrna_XM_011177825.3_2506	2599	2400	3720	435.359
lcl|NC_052664.1_mrna_XM_011177827.3_2507	1466	1267	538	119.267
lcl|NC_052664.1_mrna_XM_026134140.2_2508	1839	1640	1120	191.818
lcl|NC_052664.1_mrna_XM_026134139.2_2509	7200	7001	16	0.641912
lcl|NC_052664.1_ncrna_XR_005575745.1_2510	383	184	0	0
lcl|NC_052664.1_mrna_XM_026134195.2_2511	10965	10766	0	0
lcl|NC_052664.1_mrna_XM_026134194.2_2512	11192	10993	0	0
lcl|NC_052664.1_mrna_XM_026134196.2_2513	10903	10704	35	0.918412
lcl|NC_052664.1_mrna_XM_039452203.1_2514	6202	6003	0	0
lcl|NC_052664.1_mrna_XM_039452211.1_2515	6080	5881	0	0
lcl|NC_052664.1_mrna_XM_026134197.2_2516	6226	6027	0	0
lcl|NC_052664.1_mrna_XM_026134151.2_2517	441	242	0	0
lcl|NC_052664.1_mrna_XM_011177829.3_2518	1046	847	338	112.085
lcl|NC_052664.1_mrna_XM_011177830.3_2519	1714	1515	960	177.981
lcl|NC_052664.1_mrna_XM_011177831.3_2520	2126	1927	6414	934.895
lcl|NC_052664.1_mrna_XM_039452219.1_2521	3723	3524	0	0
lcl|NC_052664.1_mrna_XM_039452216.1_2522	3269	3070	190.53	17.4317
lcl|NC_052664.1_mrna_XM_039452226.1_2523	3515	3316	65.041	5.50919
lcl|NC_052664.1_mrna_XM_039452222.1_2524	4195	3996	39.9485	2.80796
lcl|NC_052664.1_mrna_XM_039452229.1_2525	2922	2723	431.428	44.5017
lcl|NC_052664.1_mrna_XM_039452230.1_2526	2828	2629	36.053	3.85183
lcl|NC_052664.1_mrna_XM_026134223.2_2527	6654	6455	690	30.024
lcl|NC_052664.1_mrna_XM_011177837.3_2528	5522	5323	86	4.53793
lcl|NC_052664.1_mrna_XM_039452265.1_2529	3924	3725	96.0293	7.24091
lcl|NC_052664.1_mrna_XM_011177838.3_2530	3505	3306	55.7529	4.73675
lcl|NC_052664.1_mrna_XM_011177839.3_2531	3484	3285	137.218	11.7325
lcl|NC_052664.1_mrna_XM_011177841.3_2532	1167	968	1854.28	538.041
lcl|NC_052664.1_mrna_XM_011177842.3_2533	1057	858	27.7223	9.07525
lcl|NC_052664.1_mrna_XM_026134155.2_2534	1049	850	0	0
lcl|NC_052664.1_mrna_XM_039452270.1_2535	1868	1669	158.234	26.6293
lcl|NC_052664.1_mrna_XM_011177844.3_2536	2338	2139	474.818	62.3494
lcl|NC_052664.1_mrna_XM_011177843.3_2537	4098	3899	583.948	42.0665
lcl|NC_052664.1_ncrna_XR_005576710.1_2538	410	211	0	0
lcl|NC_052664.1_ncrna_XR_005575095.1_2539	1407	1208	0	0
lcl|NC_052664.1_mrna_XM_039448948.1_2540	2344	2145	147	19.2489
lcl|NC_052664.1_ncrna_XR_005574724.1_2541	1332	1133	45	11.1557
lcl|NC_052664.1_ncrna_XR_003268975.2_2542	26371	26172	50.0555	0.537193
lcl|NC_052664.1_ncrna_XR_005574723.1_2543	7494	7295	0	0
lcl|NC_052664.1_ncrna_XR_005574727.1_2544	5110	4911	1	0.0571934
lcl|NC_052664.1_ncrna_XR_005574719.1_2545	8769	8570	0	0
lcl|NC_052664.1_ncrna_XR_005574721.1_2546	8625	8426	0	0
lcl|NC_052664.1_ncrna_XR_005574722.1_2547	7840	7641	0	0
lcl|NC_052664.1_ncrna_XR_005574720.1_2548	7983	7784	0	0
lcl|NC_052664.1_ncrna_XR_005574714.1_2549	8498	8299	0	0
lcl|NC_052664.1_ncrna_XR_005574717.1_2550	8415	8216	0	0
lcl|NC_052664.1_ncrna_XR_005574716.1_2551	8350	8151	0	0
lcl|NC_052664.1_ncrna_XR_005574709.1_2552	8493	8294	0	0
lcl|NC_052664.1_ncrna_XR_005574718.1_2553	6609	6410	0	0
lcl|NC_052664.1_ncrna_XR_005574715.1_2554	6593	6394	1	0.0439282
lcl|NC_052664.1_mrna_XM_011177848.3_2555	4452	4253	296	19.5484
lcl|NC_052664.1_mrna_XM_011177846.3_2556	2210	2011	149.906	20.9375
lcl|NC_052664.1_mrna_XM_011177847.3_2557	2207	2008	317.094	44.3547
lcl|NC_052664.1_mrna_XM_039448941.1_2558	3325	3126	169.269	15.2091
lcl|NC_052664.1_mrna_XM_011177852.3_2559	2625	2426	386.993	44.8052
lcl|NC_052664.1_mrna_XM_011177851.3_2560	2716	2517	1151.74	128.525
lcl|NC_052664.1_mrna_XM_011177853.3_2561	1470	1271	5	1.10494
lcl|NC_052664.1_mrna_XM_011177854.3_2562	2112	1913	562	82.5158
lcl|NC_052664.1_mrna_XM_011177855.3_2563	2775	2576	596	64.9854
lcl|NC_052664.1_mrna_XM_011177856.3_2564	2252	2053	683	93.4432
lcl|NC_052664.1_mrna_XM_039448990.1_2565	3028	2829	0	0
lcl|NC_052664.1_mrna_XM_011177857.3_2566	3100	2901	465	45.0216
lcl|NC_052664.1_mrna_XM_011177858.3_2567	8583	8384	79	2.64662
lcl|NC_052664.1_mrna_XM_011177860.3_2568	4024	3825	395	29.0056
lcl|NC_052664.1_mrna_XM_039447665.1_2569	5252	5053	20.0267	1.11321
lcl|NC_052664.1_mrna_XM_026137340.2_2570	5156	4957	31.906	1.80788
lcl|NC_052664.1_mrna_XM_039447668.1_2571	5180	4981	0.0672287	0.003791
lcl|NC_052664.1_mrna_XM_011177873.3_2572	5144	4945	2	0.1136
lcl|NC_052664.1_mrna_XM_011177862.3_2573	2045	1846	118.063	17.9638
lcl|NC_052664.1_mrna_XM_039455255.1_2574	2251	2052	36.2787	4.96581
lcl|NC_052664.1_mrna_XM_039455225.1_2575	3346	3147	839.133	74.8945
lcl|NC_052664.1_mrna_XM_039455289.1_2576	2203	2004	68.525	9.60433
lcl|NC_052664.1_mrna_XM_011177865.3_2577	3342	3143	114	10.1877
lcl|NC_052664.1_mrna_XM_011177864.3_2578	3342	3143	95	8.48975
lcl|NC_052664.1_mrna_XM_039455410.1_2579	2933	2734	102.166	10.496
lcl|NC_052664.1_mrna_XM_039455460.1_2580	2876	2677	53.4955	5.61287
lcl|NC_052664.1_mrna_XM_039455501.1_2581	2880	2681	3.77022e-08	3.94989e-09
lcl|NC_052664.1_mrna_XM_039455382.1_2582	3015	2816	58.3385	5.81887
lcl|NC_052664.1_mrna_XM_039455536.1_2583	2812	2613	7.37101e-06	7.92324e-07
lcl|NC_052664.1_mrna_XM_039455352.1_2584	2859	2660	0	0
lcl|NC_052664.1_mrna_XM_039455726.1_2585	1931	1732	62.5013	10.1358
lcl|NC_052664.1_mrna_XM_026137348.2_2586	2255	2056	13.1013	1.78981
lcl|NC_052664.1_mrna_XM_039455702.1_2587	2235	2036	0	0
lcl|NC_052664.1_mrna_XM_026137347.2_2588	2139	1940	47.3973	6.86227
lcl|NC_052664.1_mrna_XM_026137338.2_2589	1607	1408	0	0
lcl|NC_052664.1_mrna_XM_026137339.2_2590	1514	1315	5	1.06797
lcl|NC_052664.1_ncrna_XR_005575077.1_2591	2771	2572	0	0
lcl|NC_052664.1_mrna_XM_039450841.1_2592	12075	11876	0	0
lcl|NC_052664.1_mrna_XM_039450845.1_2593	11820	11621	0	0
lcl|NC_052664.1_mrna_XM_039450836.1_2594	12225	12026	0	0
lcl|NC_052664.1_mrna_XM_011169994.3_2595	12273	12074	0	0
lcl|NC_052664.1_mrna_XM_039450829.1_2596	12533	12334	19	0.432679
lcl|NC_052664.1_mrna_XM_039450834.1_2597	12370	12171	0	0
lcl|NC_052664.1_mrna_XM_039450964.1_2598	2992	2793	0	0
lcl|NC_052664.1_ncrna_XR_003268981.2_2599	2786	2587	0	0
lcl|NC_052664.1_mrna_XM_039450953.1_2600	1439	1240	7.48079	1.6945
lcl|NC_052664.1_mrna_XM_039450940.1_2601	1490	1291	55.6383	12.1049
lcl|NC_052664.1_mrna_XM_039450947.1_2602	1450	1251	7.40977	1.66365
lcl|NC_052664.1_mrna_XM_026137335.2_2603	1706	1507	0	0
lcl|NC_052664.1_mrna_XM_011169970.3_2604	1709	1510	116.471	21.6649
lcl|NC_052664.1_mrna_XM_039450959.1_2605	1496	1297	0	0
lcl|NC_052664.1_mrna_XM_039450951.1_2606	1470	1271	0	0
lcl|NC_052664.1_mrna_XM_039450865.1_2607	5285	5086	64.3076	3.55141
lcl|NC_052664.1_mrna_XM_039450869.1_2608	3999	3800	389.692	28.8041
lcl|NC_052664.1_mrna_XM_039450899.1_2609	6183	5984	0	0
lcl|NC_052664.1_mrna_XM_039450877.1_2610	8090	7891	0	0
lcl|NC_052664.1_mrna_XM_039450873.1_2611	6415	6216	0	0
lcl|NC_052664.1_mrna_XM_039450886.1_2612	4708	4509	0	0
lcl|NC_052664.1_mrna_XM_039450881.1_2613	2588	2389	0	0
lcl|NC_052664.1_mrna_XM_011169930.3_2614	6384	6185	0	0
lcl|NC_052664.1_mrna_XM_026134432.2_2615	4677	4478	0	0
lcl|NC_052664.1_mrna_XM_039450911.1_2616	2310	2111	6.80961	0.906045
lcl|NC_052664.1_mrna_XM_039450905.1_2617	4347	4148	1.97749e-05	1.33903e-06
lcl|NC_052664.1_mrna_XM_026134434.2_2618	4295	4096	6.18514	0.424136
lcl|NC_052664.1_mrna_XM_011169948.3_2619	4324	4125	0.0052258	0.000355832
lcl|NC_052664.1_mrna_XM_011169880.3_2620	1067	868	0	0
lcl|NC_052664.1_mrna_XM_026134435.2_2621	994	795	0	0
lcl|NC_052664.1_ncrna_XR_005575079.1_2622	674	475	0	0
lcl|NC_052664.1_mrna_XM_011169826.3_2623	2175	1976	53	7.53364
lcl|NC_052664.1_mrna_XM_039450855.1_2624	11299	11100	90.0764	2.27931
lcl|NC_052664.1_mrna_XM_026134428.2_2625	11337	11138	2.92364	0.0737279
lcl|NC_052664.1_mrna_XM_026134429.2_2626	10501	10302	0	0
lcl|NC_052664.1_mrna_XM_039453215.1_2627	1917	1718	1	0.163491
lcl|NC_052664.1_mrna_XM_011169785.3_2628	2078	1879	680.544	101.729
lcl|NC_052664.1_mrna_XM_011169793.3_2629	1975	1776	192.644	30.4669
lcl|NC_052664.1_mrna_XM_039459629.1_2630	1968	1769	40.8122	6.48005
lcl|NC_052664.1_mrna_XM_011169703.3_2631	9617	9418	5.17909	0.154458
lcl|NC_052664.1_mrna_XM_039456451.1_2632	9922	9723	407.937	11.7844
lcl|NC_052664.1_mrna_XM_039456484.1_2633	9080	8881	0	0
lcl|NC_052664.1_mrna_XM_011169695.3_2634	8959	8760	21.1289	0.677467
lcl|NC_052664.1_mrna_XM_011169763.3_2635	8628	8429	7.69359	0.256371
lcl|NC_052664.1_mrna_XM_026134492.2_2636	8417	8218	0	0
lcl|NC_052664.1_mrna_XM_026134495.2_2637	8375	8176	10.8494	0.372719
lcl|NC_052664.1_mrna_XM_026134489.2_2638	8673	8474	0	0
lcl|NC_052664.1_mrna_XM_026134490.2_2639	8658	8459	0	0
lcl|NC_052664.1_mrna_XM_026134497.2_2640	8274	8075	111.435	3.87611
lcl|NC_052664.1_mrna_XM_026134496.2_2641	8598	8399	71.6877	2.39736
lcl|NC_052664.1_mrna_XM_026134493.2_2642	8634	8435	285.089	9.49317
lcl|NC_052664.1_mrna_XM_039456608.1_2643	8585	8386	0	0
lcl|NC_052664.1_mrna_XM_011169665.3_2644	1468	1269	11	2.43471
lcl|NC_052664.1_mrna_XM_011169673.3_2645	1419	1220	0	0
lcl|NC_052664.1_mrna_XM_011169652.3_2646	3151	2952	458.837	43.6574
lcl|NC_052664.1_mrna_XM_011169657.3_2647	1755	1556	2.16282	0.390415
lcl|NC_052664.1_mrna_XM_039457163.1_2648	7368	7169	11.8079	0.462627
lcl|NC_052664.1_ncrna_XR_003268661.1_2649	149	6.9214	0	0
lcl|NC_052664.1_mrna_XM_039457574.1_2650	6832	6633	0	0
lcl|NC_052664.1_mrna_XM_026134478.2_2651	7634	7435	0	0
lcl|NC_052664.1_mrna_XM_039457059.1_2652	7571	7372	0	0
lcl|NC_052664.1_mrna_XM_039457094.1_2653	7559	7360	0	0
lcl|NC_052664.1_mrna_XM_026134479.2_2654	7496	7297	32.6179	1.25553
lcl|NC_052664.1_mrna_XM_039457037.1_2655	7592	7393	0	0
lcl|NC_052664.1_mrna_XM_039457208.1_2656	7147	6948	0	0
lcl|NC_052664.1_mrna_XM_039457245.1_2657	7376	7177	0	0
lcl|NC_052664.1_mrna_XM_039457270.1_2658	7313	7114	0	0
lcl|NC_052664.1_mrna_XM_039457338.1_2659	7258	7059	0	0
lcl|NC_052664.1_mrna_XM_039457416.1_2660	7195	6996	0	0
lcl|NC_052664.1_mrna_XM_026134480.2_2661	7431	7232	0	0
lcl|NC_052664.1_mrna_XM_026134482.2_2662	7368	7169	0	0
lcl|NC_052664.1_mrna_XM_039457545.1_2663	6639	6440	26.542	1.15761
lcl|NC_052664.1_mrna_XM_039457318.1_2664	6931	6732	0	0
lcl|NC_052664.1_mrna_XM_039457371.1_2665	6867	6668	0	0
lcl|NC_052664.1_mrna_XM_026134481.2_2666	7876	7677	0	0
lcl|NC_052664.1_rrna_XR_003268660.1_2667	118	4.96017	0	0
lcl|NC_052664.1_mrna_XM_039459155.1_2668	2604	2405	3.47305e-06	4.05613e-07
lcl|NC_052664.1_mrna_XM_039459127.1_2669	2643	2444	10.5374	1.21101
lcl|NC_052664.1_mrna_XM_026134486.2_2670	1862	1663	0	0
lcl|NC_052664.1_mrna_XM_039459088.1_2671	1896	1697	0	0
lcl|NC_052664.1_mrna_XM_039459183.1_2672	19224	19025	3.08344	0.0455225
lcl|NC_052664.1_mrna_XM_039459228.1_2673	1616	1417	0	0
lcl|NC_052664.1_mrna_XM_039459204.1_2674	9513	9314	0	0
lcl|NC_052664.1_miscrna_XR_005576645.1_2675	2222	2023	0	0
lcl|NC_052664.1_mrna_XM_039456992.1_2676	6635	6436	0	0
lcl|NC_052664.1_mrna_XM_011169597.3_2677	9456	9257	28.0322	0.850557
lcl|NC_052664.1_mrna_XM_039459286.1_2678	672	473	4.37913	2.60041
lcl|NC_052664.1_mrna_XM_039457797.1_2679	14118	13919	15.5851	0.314498
lcl|NC_052664.1_mrna_XM_039457901.1_2680	14200	14001	0	0
lcl|NC_052664.1_mrna_XM_039457758.1_2681	14286	14087	0	0
lcl|NC_052664.1_mrna_XM_039457958.1_2682	14172	13973	0	0
lcl|NC_052664.1_mrna_XM_039457868.1_2683	14258	14059	6.8613	0.137078
lcl|NC_052664.1_mrna_XM_039457829.1_2684	11905	11706	0	0
lcl|NC_052664.1_mrna_XM_039457929.1_2685	11255	11056	0	0
lcl|NC_052664.1_mrna_XM_039457665.1_2686	13874	13675	0.960491	0.0197279
lcl|NC_052664.1_mrna_XM_039457615.1_2687	13882	13683	0	0
lcl|NC_052664.1_miscrna_XR_005576379.1_2688	13789	13590	0	0
lcl|NC_052664.1_mrna_XM_039457720.1_2689	13850	13651	5.59307	0.11508
lcl|NC_052664.1_mrna_XM_039457692.1_2690	13858	13659	0	0
lcl|NC_052664.1_mrna_XM_011159259.3_2691	3586	3387	424	35.1614
lcl|NC_052664.1_mrna_XM_039458071.1_2692	5826	5627	0	0
lcl|NC_052664.1_mrna_XM_039458033.1_2693	5825	5626	0	0
lcl|NC_052664.1_mrna_XM_039458428.1_2694	5762	5563	0	0
lcl|NC_052664.1_mrna_XM_039458449.1_2695	5756	5557	0	0
lcl|NC_052664.1_mrna_XM_039458149.1_2696	5813	5614	0	0
lcl|NC_052664.1_mrna_XM_039458574.1_2697	3914	3715	71.2943	5.39029
lcl|NC_052664.1_mrna_XM_039458203.1_2698	5090	4891	0	0
lcl|NC_052664.1_mrna_XM_039458478.1_2699	5728	5529	0	0
lcl|NC_052664.1_mrna_XM_039458514.1_2700	4994	4795	2.59212e-05	1.51839e-06
lcl|NC_052664.1_mrna_XM_039458112.1_2701	5818	5619	0	0
lcl|NC_052664.1_mrna_XM_039458637.1_2702	5659	5460	0	0
lcl|NC_052664.1_mrna_XM_039458252.1_2703	5797	5598	0	0
lcl|NC_052664.1_mrna_XM_039458312.1_2704	5785	5586	0	0
lcl|NC_052664.1_mrna_XM_039458548.1_2705	4987	4788	47.4516	2.78363
lcl|NC_052664.1_mrna_XM_039458729.1_2706	4924	4725	0.0474594	0.00282121
lcl|NC_052664.1_mrna_XM_039458169.1_2707	5808	5609	0	0
lcl|NC_052664.1_mrna_XM_039458600.1_2708	9714	9515	0.0728423	0.00215026
lcl|NC_052664.1_mrna_XM_039458765.1_2709	9651	9452	1.54016	0.0457674
lcl|NC_052664.1_mrna_XM_039458670.1_2710	9708	9509	90.8045	2.68218
lcl|NC_052664.1_mrna_XM_039458811.1_2711	9645	9446	2.91181	0.0865828
lcl|NC_052664.1_mrna_XM_039458340.1_2712	5780	5581	0	0
lcl|NC_052664.1_mrna_XM_026134458.2_2713	5039	4840	93.1322	5.40468
lcl|NC_052664.1_mrna_XM_039458370.1_2714	5061	4862	0	0
lcl|NC_052664.1_mrna_XM_039458400.1_2715	5049	4850	68.295	3.95515
lcl|NC_052664.1_mrna_XM_026134454.2_2716	2691	2492	46.7796	5.2726
lcl|NC_052664.1_mrna_XM_039459374.1_2717	4193	3994	77.7346	5.46666
lcl|NC_052664.1_miscrna_XR_005576661.1_2718	2815	2616	11.5591	1.24109
lcl|NC_052664.1_miscrna_XR_005576657.1_2719	3008	2809	407.562	40.7528
lcl|NC_052664.1_mrna_XM_026134444.2_2720	2006	1807	1225	190.412
lcl|NC_052664.1_mrna_XM_039459001.1_2721	1995	1796	0	0
lcl|NC_052664.1_mrna_XM_026134532.2_2722	1964	1765	2057.7	327.456
lcl|NC_052664.1_mrna_XM_026134531.2_2723	1928	1729	164.299	26.6905
lcl|NC_052664.1_mrna_XM_026134530.2_2724	3579	3380	438	36.3976
lcl|NC_052664.1_mrna_XM_039456087.1_2725	2418	2219	35.3479	4.47427
lcl|NC_052664.1_mrna_XM_039456083.1_2726	2609	2410	10.8554	1.26516
lcl|NC_052664.1_mrna_XM_039456079.1_2727	2600	2401	462.811	54.1412
lcl|NC_052664.1_mrna_XM_039456072.1_2728	2624	2425	0.021521	0.00249268
lcl|NC_052664.1_mrna_XM_026134503.2_2729	2180	1981	9.35867	1.32692
lcl|NC_052664.1_mrna_XM_039456037.1_2730	2181	1982	5.64133	0.799455
lcl|NC_052664.1_mrna_XM_011169534.3_2731	3864	3665	2234.96	171.282
lcl|NC_052664.1_mrna_XM_011169524.3_2732	2096	1897	1111	164.499
lcl|NC_052664.1_mrna_XM_011169489.3_2733	3159	2960	126.517	12.0053
lcl|NC_052664.1_mrna_XM_011169497.3_2734	3037	2838	101.392	10.0348
lcl|NC_052664.1_mrna_XM_011169505.3_2735	3091	2892	12.5914	1.2229
lcl|NC_052664.1_mrna_XM_011169456.3_2736	3906	3707	527.44	39.9637
lcl|NC_052664.1_mrna_XM_011169465.3_2737	1794	1595	298.694	52.5994
lcl|NC_052664.1_mrna_XM_026134445.2_2738	2230	2031	162.367	22.4545
lcl|NC_052664.1_mrna_XM_011169446.3_2739	4228	4029	315	21.9598
lcl|NC_052664.1_mrna_XM_011169435.3_2740	681	482	719	418.984
lcl|NC_052664.1_mrna_XM_026134404.2_2741	13944	13745	44.963	0.91881
lcl|NC_052664.1_mrna_XM_026134403.2_2742	14388	14189	0	0
lcl|NC_052664.1_mrna_XM_026134405.2_2743	14123	13924	0	0
lcl|NC_052664.1_mrna_XM_026134406.2_2744	13564	13365	0	0
lcl|NC_052664.1_mrna_XM_026134409.2_2745	11390	11191	2.65649e-08	6.66738e-10
lcl|NC_052664.1_mrna_XM_026134411.2_2746	11243	11044	0.0152768	0.000388529
lcl|NC_052664.1_mrna_XM_026134412.2_2747	11144	10945	127.761	3.27867
lcl|NC_052664.1_mrna_XM_039453781.1_2748	13298	13099	0	0
lcl|NC_052664.1_miscrna_XR_003268653.2_2749	9409	9210	0	0
lcl|NC_052664.1_mrna_XM_039453797.1_2750	9075	8876	0	0
lcl|NC_052664.1_mrna_XM_026134408.2_2751	12666	12467	0	0
lcl|NC_052664.1_mrna_XM_026134407.2_2752	17011	16812	9.261	0.154723
lcl|NC_052664.1_mrna_XM_011169416.3_2753	5500	5301	9	0.47687
lcl|NC_052664.1_mrna_XM_011169399.3_2754	526	327	283.195	243.251
lcl|NC_052664.1_mrna_XM_011169391.3_2755	495	296	83.0673	78.8233
lcl|NC_052664.1_mrna_XM_011169406.1_2756	458	259	409.737	444.346
lcl|NC_052664.1_mrna_XM_039453812.1_2757	4725	4526	1.28929e-07	8.00112e-09
lcl|NC_052664.1_mrna_XM_011169340.3_2758	4657	4458	111.823	7.04541
lcl|NC_052664.1_mrna_XM_011169345.3_2759	4654	4455	280.373	17.6768
lcl|NC_052664.1_mrna_XM_039453814.1_2760	4704	4505	2.0342e-07	1.26828e-08
lcl|NC_052664.1_mrna_XM_011169353.3_2761	4636	4437	193.992	12.2803
lcl|NC_052664.1_mrna_XM_011169360.3_2762	4633	4434	487.427	30.8766
lcl|NC_052664.1_mrna_XM_039453832.1_2763	4538	4339	0	0
lcl|NC_052664.1_mrna_XM_039453835.1_2764	4470	4271	0.385321	0.0253401
lcl|NC_052664.1_mrna_XM_011169380.3_2765	1691	1492	476	89.6095
lcl|NC_052664.1_mrna_XM_039453865.1_2766	2213	2014	0	0
lcl|NC_052664.1_mrna_XM_039453877.1_2767	2199	2000	0	0
lcl|NC_052664.1_mrna_XM_039453888.1_2768	1910	1711	45	7.38717
lcl|NC_052664.1_mrna_XM_011169321.3_2769	1900	1701	0	0
lcl|NC_052664.1_mrna_XM_011169305.3_2770	1263	1064	996	262.926
lcl|NC_052664.1_mrna_XM_039453906.1_2771	1518	1319	1	0.212947
lcl|NC_052664.1_mrna_XM_011169294.3_2772	605	406	1291	893.133
lcl|NC_052664.1_mrna_XM_039454096.1_2773	1519	1320	2	0.425571
lcl|NC_052664.1_mrna_XM_026134447.2_2774	1423	1224	0	0
lcl|NC_052664.1_mrna_XM_026134446.2_2775	1419	1220	588.463	135.48
lcl|NC_052664.1_mrna_XM_026134534.2_2776	5654	5455	0.00163096	8.39778e-05
lcl|NC_052664.1_mrna_XM_026134533.2_2777	5793	5594	1547.99	77.7253
lcl|NC_052664.1_mrna_XM_039454870.1_2778	5648	5449	0.0049184	0.000253526
lcl|NC_052664.1_ncrna_XR_005575850.1_2779	846	647	0	0
lcl|NC_052664.1_ncrna_XR_851437.3_2780	755	556	2	1.01035
lcl|NC_052664.1_mrna_XM_011165397.3_2781	3043	2844	1686.65	166.576
lcl|NC_052664.1_mrna_XM_039454924.1_2782	620	421	25.3451	16.9094
lcl|NC_052664.1_mrna_XM_011165396.3_2783	1659	1460	887.628	170.763
lcl|NC_052664.1_mrna_XM_039454904.1_2784	1585	1386	113.372	22.9751
lcl|NC_052664.1_mrna_XM_039453298.1_2785	663	464	255	154.361
lcl|NC_052664.1_mrna_XM_011165398.2_2786	3621	3422	108	8.86461
lcl|NC_052664.1_mrna_XM_011165399.3_2787	3464	3265	1758	151.235
lcl|NC_052664.1_mrna_XM_011165400.3_2788	1234	1035	2156	585.092
lcl|NC_052664.1_mrna_XM_011165401.3_2789	1199	1000	895	251.385
lcl|NC_052664.1_mrna_XM_026134401.2_2790	1695	1496	677	127.108
lcl|NC_052664.1_trna_2791	73	3.5471	0	0
lcl|NC_052664.1_miscrna_XR_005575827.1_2792	2679	2480	1.66443	0.188508
lcl|NC_052664.1_mrna_XM_011165404.3_2793	1189	990	7.61363	2.16009
lcl|NC_052664.1_ncrna_XR_005575851.1_2794	987	788	3.72194	1.32666
lcl|NC_052664.1_mrna_XM_039454802.1_2795	3622	3423	138.039	11.3269
lcl|NC_052664.1_mrna_XM_039454804.1_2796	3275	3076	30.9608	2.8271
lcl|NC_052664.1_mrna_XM_039454799.1_2797	3340	3141	0	0
lcl|NC_052664.1_mrna_XM_011165405.3_2798	1911	1712	442	72.5161
lcl|NC_052664.1_mrna_XM_039454828.1_2799	2240	2041	2729.85	375.674
lcl|NC_052664.1_mrna_XM_026134439.2_2800	2249	2050	52.4499	7.18632
lcl|NC_052664.1_mrna_XM_039454824.1_2801	2314	2115	15.7022	2.08529
lcl|NC_052664.1_mrna_XM_026134436.2_2802	4723	4524	4.62252	0.286993
lcl|NC_052664.1_mrna_XM_039454897.1_2803	4726	4527	2.37748	0.14751
lcl|NC_052664.1_mrna_XM_026134437.2_2804	4752	4553	0	0
lcl|NC_052664.1_mrna_XM_011165407.3_2805	4803	4604	0	0
lcl|NC_052664.1_mrna_XM_011165408.3_2806	4455	4256	0	0
lcl|NC_052664.1_mrna_XM_011165409.3_2807	8650	8451	147	4.88568
lcl|NC_052664.1_mrna_XM_011165413.3_2808	2813	2614	2186	234.888
lcl|NC_052664.1_mrna_XM_039454795.1_2809	2822	2623	106.868	11.4436
lcl|NC_052664.1_mrna_XM_011165411.3_2810	2292	2093	207.132	27.7968
lcl|NC_052664.1_mrna_XM_026134535.2_2811	1833	1634	167.523	28.7964
lcl|NC_052664.1_mrna_XM_026134536.2_2812	1839	1640	546.477	93.5931
lcl|NC_052664.1_mrna_XM_011165417.3_2813	2964	2765	2415	245.323
lcl|NC_052664.1_mrna_XM_026134500.2_2814	1032	833	1	0.337187
lcl|NC_052664.1_mrna_XM_011175221.3_2815	5875	5676	303.091	14.9984
lcl|NC_052664.1_mrna_XM_011165418.3_2816	1284	1085	369	95.524
lcl|NC_052664.1_mrna_XM_011165420.3_2817	2792	2593	51.1177	5.53712
lcl|NC_052664.1_mrna_XM_026134476.2_2818	2881	2682	47.2113	4.94428
lcl|NC_052664.1_mrna_XM_039454810.1_2819	2747	2548	197.512	21.7726
lcl|NC_052664.1_mrna_XM_011165419.3_2820	2810	2611	362.674	39.0144
lcl|NC_052664.1_mrna_XM_039454744.1_2821	5551	5352	26.8166	1.40736
lcl|NC_052664.1_mrna_XM_039454740.1_2822	5554	5355	13.3158	0.698429
lcl|NC_052664.1_mrna_XM_039454721.1_2823	5734	5535	67.8754	3.44438
lcl|NC_052664.1_mrna_XM_039454716.1_2824	5737	5538	0	0
lcl|NC_052664.1_mrna_XM_039454735.1_2825	5568	5369	49.4688	2.58794
lcl|NC_052664.1_mrna_XM_039454726.1_2826	5706	5507	41.0033	2.09131
lcl|NC_052664.1_mrna_XM_039454714.1_2827	5751	5552	0	0
lcl|NC_052664.1_mrna_XM_039454732.1_2828	5710	5511	173.162	8.82546
lcl|NC_052664.1_mrna_XM_039454723.1_2829	5719	5520	35.3877	1.80065
lcl|NC_052664.1_mrna_XM_026134470.2_2830	5475	5276	1.89414e-07	1.00837e-08
lcl|NC_052664.1_mrna_XM_026134474.2_2831	5434	5235	395.455	21.2176
lcl|NC_052664.1_mrna_XM_039454752.1_2832	5017	4818	0	0
lcl|NC_052664.1_mrna_XM_011165429.3_2833	7584	7385	69.1803	2.63116
lcl|NC_052664.1_mrna_XM_039454692.1_2834	7157	6958	93.8197	3.78726
lcl|NC_052664.1_mrna_XM_011165430.3_2835	6537	6338	138	6.11565
lcl|NC_052664.1_mrna_XM_026134421.2_2836	6439	6240	4.14781e-05	1.86702e-06
lcl|NC_052664.1_mrna_XM_011165433.3_2837	1301	1102	47.4007	12.0815
lcl|NC_052664.1_mrna_XM_011165434.3_2838	1221	1022	314.599	86.4614
lcl|NC_052664.1_mrna_XM_039454703.1_2839	4183	3984	138.631	9.77363
lcl|NC_052664.1_mrna_XM_039454701.1_2840	4186	3987	388.642	27.3791
lcl|NC_052664.1_mrna_XM_011165432.3_2841	4130	3931	1337.84	95.5912
lcl|NC_052664.1_mrna_XM_011165431.3_2842	4127	3928	1356.88	97.0257
lcl|NC_052664.1_mrna_XM_026134426.2_2843	2529	2330	1191	143.573
lcl|NC_052664.1_miscrna_XR_003268656.2_2844	2153	1954	292.696	42.0735
lcl|NC_052664.1_mrna_XM_011165440.3_2845	2235	2036	1601.3	220.908
lcl|NC_052664.1_mrna_XM_011165444.3_2846	816	617	61	27.769
lcl|NC_052664.1_mrna_XM_011165442.3_2847	4014	3815	314	23.118
lcl|NC_052664.1_mrna_XM_011165441.3_2848	3514	3315	36	3.05024
lcl|NC_052664.1_ncrna_XR_003268657.2_2849	390	191	0	0
lcl|NC_052664.1_mrna_XM_039454762.1_2850	4003	3804	0	0
lcl|NC_052664.1_mrna_XM_039454765.1_2851	3940	3741	1.06181e-07	7.97211e-09
lcl|NC_052664.1_mrna_XM_039454768.1_2852	3931	3732	0	0
lcl|NC_052664.1_mrna_XM_011165526.3_2853	3868	3669	31	2.37317
lcl|NC_052664.1_mrna_XM_011165445.3_2854	2146	1947	943	136.038
lcl|NC_052664.1_mrna_XM_011165447.3_2855	1501	1302	61.263	13.2161
lcl|NC_052664.1_mrna_XM_011165446.3_2856	1497	1298	882.737	191.017
lcl|NC_052664.1_mrna_XM_011165527.3_2857	2001	1802	1	0.155869
lcl|NC_052664.1_mrna_XM_026134423.2_2858	1697	1498	3	0.562503
lcl|NC_052664.1_mrna_XM_011165448.3_2859	2974	2775	91	9.21073
lcl|NC_052664.1_mrna_XM_011165461.3_2860	2265	2066	1404.58	190.955
lcl|NC_052664.1_mrna_XM_039453435.1_2861	4440	4241	44.5043	2.94747
lcl|NC_052664.1_mrna_XM_039453430.1_2862	4776	4577	0	0
lcl|NC_052664.1_mrna_XM_039453441.1_2863	4548	4349	0	0
lcl|NC_052664.1_mrna_XM_039453440.1_2864	4596	4397	0.00723404	0.000462104
lcl|NC_052664.1_mrna_XM_039453457.1_2865	4440	4241	46.7003	3.09291
lcl|NC_052664.1_mrna_XM_011165452.3_2866	3758	3559	662.999	52.324
lcl|NC_052664.1_mrna_XM_039453450.1_2867	3896	3697	2.70221	0.205298
lcl|NC_052664.1_mrna_XM_039453445.1_2868	4319	4120	0.00411829	0.00028076
lcl|NC_052664.1_mrna_XM_011165450.3_2869	4163	3964	48.011	3.40191
lcl|NC_052664.1_mrna_XM_039453524.1_2870	3912	3713	0	0
lcl|NC_052664.1_mrna_XM_039453474.1_2871	5136	4937	0	0
lcl|NC_052664.1_mrna_XM_039453466.1_2872	5288	5089	0	0
lcl|NC_052664.1_mrna_XM_039453508.1_2873	4990	4791	0	0
lcl|NC_052664.1_mrna_XM_039453494.1_2874	5142	4943	13.1345	0.746346
lcl|NC_052664.1_mrna_XM_011165454.3_2875	5159	4960	0.419639	0.0237635
lcl|NC_052664.1_mrna_XM_011165455.3_2876	3819	3620	0	0
lcl|NC_052664.1_mrna_XM_026134507.2_2877	3903	3704	28.0267	2.12529
lcl|NC_052664.1_mrna_XM_026134506.2_2878	4001	3802	38.7955	2.86606
lcl|NC_052664.1_mrna_XM_011165465.3_2879	4539	4340	12.1149	0.784053
lcl|NC_052664.1_mrna_XM_011165464.3_2880	4729	4530	0	0
lcl|NC_052664.1_mrna_XM_011165463.3_2881	4824	4625	0	0
lcl|NC_052664.1_mrna_XM_039453551.1_2882	2472	2273	8.98598	1.11041
lcl|NC_052664.1_miscrna_XR_005575563.1_2883	1351	1152	8.01402	1.95395
lcl|NC_052664.1_mrna_XM_011165466.3_2884	1041	842	389	129.764
lcl|NC_052664.1_mrna_XM_026134400.2_2885	1094	895	144	45.1913
lcl|NC_052664.1_mrna_XM_011165473.3_2886	4330	4131	340.425	23.1463
lcl|NC_052664.1_mrna_XM_011165471.3_2887	4459	4260	20.5632	1.3558
lcl|NC_052664.1_mrna_XM_026134399.2_2888	4465	4266	5.01192	0.329989
lcl|NC_052664.1_mrna_XM_039453536.1_2889	2766	2567	0	0
lcl|NC_052664.1_mrna_XM_011165474.3_2890	2996	2797	60	6.02524
lcl|NC_052664.1_mrna_XM_011165475.3_2891	1369	1170	1162	278.956
lcl|NC_052664.1_mrna_XM_026134450.2_2892	6814	6615	47	1.99565
lcl|NC_052664.1_mrna_XM_011165480.3_2893	1162	963	158.897	46.3451
lcl|NC_052664.1_mrna_XM_011165528.3_2894	3781	3582	32.2375	2.52786
lcl|NC_052664.1_mrna_XM_011165478.3_2895	6486	6287	213.436	9.53541
lcl|NC_052664.1_mrna_XM_011165477.3_2896	6507	6308	5.63666e-05	2.50984e-06
lcl|NC_052664.1_mrna_XM_011165479.3_2897	1566	1367	142.43	29.265
lcl|NC_052664.1_mrna_XM_011165483.3_2898	1141	942	0	0
lcl|NC_052664.1_mrna_XM_026134449.2_2899	1078	879	22.0629	7.05001
lcl|NC_052664.1_mrna_XM_026134448.2_2900	3999	3800	1650	121.96
lcl|NC_052664.1_mrna_XM_011165487.3_2901	1400	1201	187.985	43.9638
lcl|NC_052664.1_mrna_XM_011165484.3_2902	4482	4283	192.015	12.5923
lcl|NC_052664.1_mrna_XM_039453253.1_2903	1673	1474	122.998	23.4378
lcl|NC_052664.1_mrna_XM_011165490.3_2904	1583	1384	694.002	140.845
lcl|NC_052664.1_mrna_XM_011165491.3_2905	1464	1265	839.623	186.427
lcl|NC_052664.1_mrna_XM_026134452.2_2906	1440	1241	1133.38	256.518
lcl|NC_052664.1_mrna_XM_039450142.1_2907	3930	3731	0	0
lcl|NC_052664.1_mrna_XM_039450143.1_2908	3574	3375	0.000393202	3.27234e-05
lcl|NC_052664.1_mrna_XM_039450147.1_2909	3542	3343	5.55174	0.466453
lcl|NC_052664.1_mrna_XM_039450145.1_2910	3538	3339	18.4479	1.55184
lcl|NC_052664.1_mrna_XM_011165530.3_2911	2667	2468	47	5.34895
lcl|NC_052664.1_mrna_XM_039450161.1_2912	3388	3189	0	0
lcl|NC_052664.1_mrna_XM_039450158.1_2913	3402	3203	0	0
lcl|NC_052664.1_mrna_XM_026134527.2_2914	3480	3281	20	1.71214
lcl|NC_052664.1_mrna_XM_026134528.2_2915	2528	2329	0	0
lcl|NC_052664.1_mrna_XM_039450167.1_2916	2531	2332	0	0
lcl|NC_052664.1_mrna_XM_039450169.1_2917	2331	2132	0	0
lcl|NC_052664.1_mrna_XM_026134529.2_2918	609	410	445	304.854
lcl|NC_052664.1_mrna_XM_011165495.3_2919	2956	2757	11294.1	1150.62
lcl|NC_052664.1_mrna_XM_039450251.1_2920	2329	2130	1441.01	190.021
lcl|NC_052664.1_mrna_XM_039450255.1_2921	2261	2062	45.8562	6.24633
lcl|NC_052664.1_mrna_XM_039450227.1_2922	6452	6253	215.934	9.69948
lcl|NC_052664.1_mrna_XM_039450208.1_2923	5855	5656	0	0
lcl|NC_052664.1_mrna_XM_039450205.1_2924	5844	5645	0	0
lcl|NC_052664.1_mrna_XM_039450213.1_2925	6410	6211	0	0
lcl|NC_052664.1_mrna_XM_039450225.1_2926	6397	6198	4.54375	0.205911
lcl|NC_052664.1_mrna_XM_039450198.1_2927	5406	5207	0	0
lcl|NC_052664.1_mrna_XM_039450188.1_2928	6301	6102	0	0
lcl|NC_052664.1_mrna_XM_039450192.1_2929	5057	4858	350.959	20.2915
lcl|NC_052664.1_mrna_XM_039450219.1_2930	6401	6202	0	0
lcl|NC_052664.1_mrna_XM_026134524.2_2931	3857	3658	0	0
lcl|NC_052664.1_mrna_XM_026134525.2_2932	3845	3646	284.439	21.9123
lcl|NC_052664.1_mrna_XM_026134520.2_2933	4375	4176	192	12.9139
lcl|NC_052664.1_mrna_XM_039450263.1_2934	2333	2134	1.99956	0.263182
lcl|NC_052664.1_mrna_XM_039450261.1_2935	2351	2152	0.000438671	5.72549e-05
lcl|NC_052664.1_mrna_XM_026134512.2_2936	2015	1816	0	0
lcl|NC_052664.1_mrna_XM_026134513.2_2937	1979	1780	0	0
lcl|NC_052664.1_mrna_XM_026134515.2_2938	2085	1886	69.0889	10.2892
lcl|NC_052664.1_mrna_XM_039450279.1_2939	2130	1931	42.9111	6.24171
lcl|NC_052664.1_mrna_XM_011165509.3_2940	2136	1937	2004.03	290.597
lcl|NC_052664.1_mrna_XM_026134516.2_2941	1737	1538	43.9664	8.02935
lcl|NC_052664.1_mrna_XM_011165508.3_2942	1186	987	61.5466	17.5147
lcl|NC_052664.1_mrna_XM_026134517.2_2943	1170	971	21.7423	6.28929
lcl|NC_052664.1_mrna_XM_011165504.3_2944	2734	2535	0	0
lcl|NC_052664.1_mrna_XM_011165502.3_2945	2623	2424	0	0
lcl|NC_052664.1_mrna_XM_011165505.3_2946	2619	2420	21.7111	2.5199
lcl|NC_052664.1_mrna_XM_011165503.3_2947	2615	2416	0	0
lcl|NC_052664.1_mrna_XM_011165506.3_2948	1853	1654	0	0
lcl|NC_052664.1_mrna_XM_011165501.3_2949	1831	1632	0	0
lcl|NC_052664.1_mrna_XM_026134509.2_2950	4335	4136	190.434	12.9324
lcl|NC_052664.1_mrna_XM_026134508.2_2951	4350	4151	28.566	1.93291
lcl|NC_052664.1_mrna_XM_039450325.1_2952	2278	2079	696	94.0309
lcl|NC_052664.1_mrna_XM_011165512.3_2953	1722	1523	1315	242.517
lcl|NC_052664.1_ncrna_XR_850888.3_2954	586	387	55	39.9179
lcl|NC_052664.1_ncrna_XR_003268662.1_2955	107	4.51079	0	0
lcl|NC_052664.1_mrna_XM_011165513.3_2956	1600	1401	757	151.766
lcl|NC_052664.1_mrna_XM_011165514.3_2957	1180	981	669	191.546
lcl|NC_052664.1_mrna_XM_026134438.2_2958	671	472	2560	1523.4
lcl|NC_052664.1_mrna_XM_039456470.1_2959	2416	2217	15.4082	1.95209
lcl|NC_052664.1_mrna_XM_039456462.1_2960	2473	2274	61.9479	7.65159
lcl|NC_052664.1_mrna_XM_039456478.1_2961	2823	2624	6.30874	0.675296
lcl|NC_052664.1_mrna_XM_039456465.1_2962	2459	2260	43.5109	5.40762
lcl|NC_052664.1_mrna_XM_039456473.1_2963	2515	2316	0	0
lcl|NC_052664.1_mrna_XM_039456448.1_2964	3836	3637	17.0273	1.31498
lcl|NC_052664.1_mrna_XM_039456455.1_2965	2985	2786	6.21992	0.627075
lcl|NC_052664.1_mrna_XM_039456460.1_2966	2994	2795	36.577	3.67572
lcl|NC_052664.1_mrna_XM_039456452.1_2967	3098	2899	0	0
lcl|NC_052664.1_mrna_XM_011165517.3_2968	1752	1553	21.1513	3.82544
lcl|NC_052664.1_mrna_XM_011165516.3_2969	4737	4538	314.43	19.4614
lcl|NC_052664.1_mrna_XM_026134419.2_2970	1789	1590	0	0
lcl|NC_052664.1_mrna_XM_026134414.2_2971	2317	2118	0.54934	0.0728503
lcl|NC_052664.1_mrna_XM_026134416.2_2972	2312	2113	5.88003	0.78162
lcl|NC_052664.1_mrna_XM_026134413.2_2973	1655	1456	19.0895	3.68255
lcl|NC_052664.1_mrna_XM_026134417.2_2974	2076	1877	3.90451	0.584275
lcl|NC_052664.1_mrna_XM_039456506.1_2975	3052	2853	27.9297	2.74967
lcl|NC_052664.1_mrna_XM_039456503.1_2976	3046	2847	148.051	14.6063
lcl|NC_052664.1_mrna_XM_011165522.3_2977	2695	2496	82.9454	9.33391
lcl|NC_052664.1_mrna_XM_011159962.3_2978	2394	2195	3	0.383886
lcl|NC_052664.1_mrna_XM_011159966.3_2979	1650	1451	687.727	133.126
lcl|NC_052664.1_mrna_XM_011159965.3_2980	1190	991	22.9213	6.49652
lcl|NC_052664.1_mrna_XM_026140129.2_2981	1193	994	32.9604	9.31369
lcl|NC_052664.1_mrna_XM_011159963.3_2982	1264	1065	1048.39	276.497
lcl|NC_052664.1_mrna_XM_011159792.3_2983	1618	1419	103.449	20.4766
lcl|NC_052664.1_mrna_XM_011159793.3_2984	1588	1389	0	0
lcl|NC_052664.1_mrna_XM_011159794.3_2985	1582	1383	29.4996	5.99115
lcl|NC_052664.1_mrna_XM_011159791.3_2986	1602	1403	388.076	77.6918
lcl|NC_052664.1_mrna_XM_011159796.3_2987	1375	1176	576	137.572
lcl|NC_052664.1_mrna_XM_026139853.1_2988	2663	2464	1005	114.562
lcl|NC_052664.1_mrna_XM_026139849.2_2989	1532	1333	1320	278.137
lcl|NC_052664.1_mrna_XM_026139850.2_2990	1792	1593	12	2.11583
lcl|NC_052664.1_mrna_XM_039454869.1_2991	4260	4061	0	0
lcl|NC_052664.1_mrna_XM_039454951.1_2992	4097	3898	0	0
lcl|NC_052664.1_mrna_XM_039454914.1_2993	4151	3952	114.144	8.11244
lcl|NC_052664.1_mrna_XM_039454894.1_2994	1701	1502	141.996	26.5534
lcl|NC_052664.1_mrna_XM_039454998.1_2995	1538	1339	334.86	70.2423
lcl|NC_052664.1_mrna_XM_039447582.1_2996	2874	2675	2.45955e-07	2.58254e-08
lcl|NC_052664.1_mrna_XM_039447576.1_2997	2877	2678	15.5638	1.63237
lcl|NC_052664.1_mrna_XM_039447586.1_2998	1422	1223	5.40788	1.24199
lcl|NC_052664.1_ncrna_XR_005574433.1_2999	1477	1278	67.9399	14.9317
lcl|NC_052664.1_miscrna_XR_005574432.1_3000	974	775	19.538	7.08101
lcl|NC_052664.1_mrna_XM_039451308.1_3001	848	649	0	0
lcl|NC_052664.1_mrna_XM_039448143.1_3002	6535	6336	0	0
lcl|NC_052664.1_mrna_XM_039448145.1_3003	6315	6116	0	0
lcl|NC_052664.1_mrna_XM_039448159.1_3004	3840	3641	0	0
lcl|NC_052664.1_mrna_XM_039448156.1_3005	3863	3664	0	0
lcl|NC_052664.1_mrna_XM_039448151.1_3006	3908	3709	0	0
lcl|NC_052664.1_mrna_XM_039448167.1_3007	3643	3444	0	0
lcl|NC_052664.1_mrna_XM_039448164.1_3008	3711	3512	0	0
lcl|NC_052664.1_mrna_XM_039453681.1_3009	849	650	0	0
lcl|NC_052664.1_mrna_XM_011176298.3_3010	1718	1519	0	0
lcl|NC_052664.1_mrna_XM_039448283.1_3011	1179	980	0.0108438	0.00310794
lcl|NC_052664.1_miscrna_XR_003269728.2_3012	957	758	0	0
lcl|NC_052664.1_mrna_XM_026142238.2_3013	790	591	0	0
lcl|NC_052664.1_mrna_XM_039453390.1_3014	811	612	0	0
lcl|NC_052664.1_miscrna_XR_005575530.1_3015	965	766	0	0
lcl|NC_052664.1_miscrna_XR_005575531.1_3016	858	659	0	0
lcl|NC_052664.1_miscrna_XR_005575529.1_3017	804	605	0	0
lcl|NC_052664.1_miscrna_XR_005575528.1_3018	875	676	0	0
lcl|NC_052664.1_mrna_XM_039453397.1_3019	826	627	0	0
lcl|NC_052665.1_mrna_XM_039446381.1_3020	1101	902	1	0.311393
lcl|NC_052665.1_mrna_XM_011176060.2_3021	375	176	0	0
lcl|NC_052665.1_mrna_XM_039445775.1_3022	740	541	0	0
lcl|NC_052665.1_mrna_XM_039445776.1_3023	713	514	1	0.546453
lcl|NC_052665.1_mrna_XM_039459775.1_3024	816	617	1.53305	0.697889
lcl|NC_052665.1_mrna_XM_039459776.1_3025	597	398	0	0
lcl|NC_052665.1_mrna_XM_039445774.1_3026	3014	2815	0	0
lcl|NC_052665.1_mrna_XM_039445773.1_3027	2522	2323	2	0.241822
lcl|NC_052665.1_mrna_XM_039445721.1_3028	1149	950	0	0
lcl|NC_052665.1_mrna_XM_011173258.3_3029	2262	2063	0	0
lcl|NC_052665.1_mrna_XM_039446033.1_3030	1181	982	0	0
lcl|NC_052665.1_mrna_XM_039458856.1_3031	1969	1770	22.0656	3.50153
lcl|NC_052665.1_mrna_XM_039446026.1_3032	1419	1220	0	0
lcl|NC_052665.1_mrna_XM_039446025.1_3033	1488	1289	0	0
lcl|NC_052665.1_mrna_XM_011164110.3_3034	1466	1267	0	0
lcl|NC_052665.1_mrna_XM_039445964.1_3035	4627	4428	0	0
lcl|NC_052665.1_mrna_XM_039445963.1_3036	4696	4497	0	0
lcl|NC_052665.1_mrna_XM_039445731.1_3037	1461	1262	0	0
lcl|NC_052665.1_mrna_XM_039445966.1_3038	3141	2942	0	0
lcl|NC_052665.1_mrna_XM_039445965.1_3039	3210	3011	0	0
lcl|NC_052665.1_mrna_XM_039445732.1_3040	1461	1262	0	0
lcl|NC_052665.1_mrna_XM_039458460.1_3041	2475	2276	0	0
lcl|NC_052665.1_mrna_XM_039458464.1_3042	2405	2206	2	0.254648
lcl|NC_052665.1_mrna_XM_011171421.3_3043	2155	1956	26.8827	3.86028
lcl|NC_052665.1_mrna_XM_039458453.1_3044	1614	1415	24.8102	4.92481
lcl|NC_052665.1_mrna_XM_039458455.1_3045	1537	1338	8.85318	1.85848
lcl|NC_052665.1_ncrna_XR_005576502.1_3046	2701	2502	0	0
lcl|NC_052665.1_mrna_XM_026140334.2_3047	1908	1709	0	0
lcl|NC_052665.1_mrna_XM_039458467.1_3048	1207	1008	16.4559	4.58539
lcl|NC_052665.1_mrna_XM_039445743.1_3049	517	318	0	0
lcl|NC_052665.1_mrna_XM_011165494.3_3050	4984	4785	281.72	16.5368
lcl|NC_052665.1_ncrna_XR_005574204.1_3051	410	211	1.28029	1.70429
lcl|NC_052665.1_mrna_XM_011165482.3_3052	1720	1521	25	4.61665
lcl|NC_052665.1_mrna_XM_011165457.3_3053	4631	4432	3	0.190124
lcl|NC_052665.1_mrna_XM_026136493.2_3054	3376	3177	2	0.176819
lcl|NC_052665.1_mrna_XM_039446250.1_3055	2805	2606	200.745	21.6364
lcl|NC_052665.1_mrna_XM_011165422.3_3056	887	688	233	95.1225
lcl|NC_052665.1_mrna_XM_039446242.1_3057	4801	4602	40.3637	2.46354
lcl|NC_052665.1_mrna_XM_026136497.2_3058	4703	4504	14.2907	0.891188
lcl|NC_052665.1_mrna_XM_026136495.1_3059	4304	4105	4.85234	0.332012
lcl|NC_052665.1_mrna_XM_011165410.3_3060	4414	4215	17.5526	1.16966
lcl|NC_052665.1_mrna_XM_011165394.3_3061	4445	4246	38.7646	2.56431
lcl|NC_052665.1_mrna_XM_011165387.3_3062	4505	4306	39.7598	2.5935
lcl|NC_052665.1_mrna_XM_011165402.3_3063	4570	4371	35.4163	2.27582
lcl|NC_052665.1_mrna_XM_011165373.3_3064	1652	1453	55.8297	10.7923
lcl|NC_052665.1_mrna_XM_011165285.3_3065	1780	1581	143.183	25.4376
lcl|NC_052665.1_mrna_XM_026136501.2_3066	1755	1556	0	0
lcl|NC_052665.1_mrna_XM_011165281.3_3067	1784	1585	164.541	29.1582
lcl|NC_052665.1_mrna_XM_039446246.1_3068	1722	1523	0	0
lcl|NC_052665.1_mrna_XM_011165310.3_3069	2302	2103	327.637	43.7593
lcl|NC_052665.1_mrna_XM_011165294.3_3070	1824	1625	0	0
lcl|NC_052665.1_mrna_XM_011165274.3_3071	1786	1587	86.1525	15.2478
lcl|NC_052665.1_mrna_XM_011165303.3_3072	1782	1583	0	0
lcl|NC_052665.1_mrna_XM_039446249.1_3073	1656	1457	0	0
lcl|NC_052665.1_mrna_XM_039446247.1_3074	1738	1539	0	0
lcl|NC_052665.1_mrna_XM_026136499.2_3075	1744	1545	80.6559	14.663
lcl|NC_052665.1_mrna_XM_039446244.1_3076	1894	1695	1313.83	217.713
lcl|NC_052665.1_mrna_XM_039446245.1_3077	1476	1277	303.172	66.6829
lcl|NC_052665.1_mrna_XM_011159973.3_3078	2168	1969	140	19.9709
lcl|NC_052665.1_mrna_XM_011165254.3_3079	5258	5059	69	3.83089
lcl|NC_052665.1_mrna_XM_011165242.2_3080	1218	1019	0	0
lcl|NC_052665.1_mrna_XM_011165266.3_3081	1946	1747	183	29.4221
lcl|NC_052665.1_mrna_XM_039446135.1_3082	3623	3424	116.103	9.52413
lcl|NC_052665.1_mrna_XM_039446136.1_3083	4017	3818	9.85444	0.724956
lcl|NC_052665.1_mrna_XM_011165230.3_3084	4058	3859	54.0426	3.93348
lcl|NC_052665.1_mrna_XM_026136540.2_3085	2398	2199	0	0
lcl|NC_052665.1_mrna_XM_011165209.3_3086	2030	1831	106	16.2605
lcl|NC_052665.1_mrna_XM_026136531.2_3087	6860	6661	6.87946	0.290089
lcl|NC_052665.1_mrna_XM_026136533.2_3088	6574	6375	9.34415	0.411695
lcl|NC_052665.1_mrna_XM_026136534.2_3089	6583	6384	0	0
lcl|NC_052665.1_mrna_XM_039446143.1_3090	6393	6194	0	0
lcl|NC_052665.1_mrna_XM_026136535.2_3091	6302	6103	0	0
lcl|NC_052665.1_mrna_XM_026136536.2_3092	6288	6089	0	0
lcl|NC_052665.1_mrna_XM_026136537.2_3093	6277	6078	0	0
lcl|NC_052665.1_mrna_XM_039446137.1_3094	6880	6681	0	0
lcl|NC_052665.1_mrna_XM_039446138.1_3095	6874	6675	0	0
lcl|NC_052665.1_mrna_XM_039446139.1_3096	6867	6668	0	0
lcl|NC_052665.1_mrna_XM_039446140.1_3097	6828	6629	0	0
lcl|NC_052665.1_mrna_XM_039446142.1_3098	6949	6750	0	0
lcl|NC_052665.1_mrna_XM_039446141.1_3099	7047	6848	0	0
lcl|NC_052665.1_mrna_XM_039446144.1_3100	6893	6694	4.77639	0.200415
lcl|NC_052665.1_mrna_XM_026136530.2_3101	8563	8364	0	0
lcl|NC_052665.1_mrna_XM_011165158.3_3102	8503	8304	0	0
lcl|NC_052665.1_mrna_XM_026136539.2_3103	2240	2041	45	6.19277
lcl|NC_052665.1_mrna_XM_026136546.2_3104	1261	1062	0	0
lcl|NC_052665.1_mrna_XM_026136524.2_3105	2076	1877	0	0
lcl|NC_052665.1_mrna_XM_026136521.2_3106	2108	1909	0	0
lcl|NC_052665.1_mrna_XM_026136525.2_3107	2072	1873	0	0
lcl|NC_052665.1_mrna_XM_039446302.1_3108	1965	1766	8.02081	1.27568
lcl|NC_052665.1_mrna_XM_011165116.3_3109	1598	1399	1	0.20077
lcl|NC_052665.1_mrna_XM_026136522.2_3110	2093	1894	0	0
lcl|NC_052665.1_miscrna_XR_005574208.1_3111	2040	1841	393.426	60.024
lcl|NC_052665.1_mrna_XM_011165092.3_3112	2419	2220	1366.55	172.898
lcl|NC_052665.1_mrna_XM_011165105.3_3113	1217	1018	0	0
lcl|NC_052665.1_ncrna_XR_005574209.1_3114	1299	1100	7.15672	1.82742
lcl|NC_052665.1_mrna_XM_011165080.3_3115	2376	2177	799.2	103.113
lcl|NC_052665.1_mrna_XM_011165067.3_3116	2648	2449	0	0
lcl|NC_052665.1_mrna_XM_011165073.3_3117	2512	2313	269.643	32.7439
lcl|NC_052665.1_mrna_XM_039446303.1_3118	2107	1908	82.4997	12.1448
lcl|NC_052665.1_mrna_XM_011165058.3_3119	1692	1493	253.5	47.6908
lcl|NC_052665.1_mrna_XM_011165052.3_3120	1084	885	17	5.39537
lcl|NC_052665.1_mrna_XM_026136528.2_3121	2974	2775	0	0
lcl|NC_052665.1_mrna_XM_011165041.3_3122	2790	2591	21.0393	2.28076
lcl|NC_052665.1_mrna_XM_026136529.2_3123	2667	2468	1.9607	0.223142
lcl|NC_052665.1_mrna_XM_011162710.3_3124	2161	1962	450.049	64.4283
lcl|NC_052665.1_mrna_XM_011165029.3_3125	1491	1292	0	0
lcl|NC_052665.1_mrna_XM_011165021.3_3126	1455	1256	10	2.23628
lcl|NC_052665.1_mrna_XM_011165010.3_3127	2659	2460	0	0
lcl|NC_052665.1_miscrna_XR_005574212.1_3128	2693	2494	0	0
lcl|NC_052665.1_mrna_XM_039446306.1_3129	2971	2772	0	0
lcl|NC_052665.1_mrna_XM_026136512.2_3130	1804	1605	0	0
lcl|NC_052665.1_mrna_XM_039446304.1_3131	1605	1406	0	0
lcl|NC_052665.1_mrna_XM_039446305.1_3132	1502	1303	2.60225	0.560945
lcl|NC_052665.1_mrna_XM_039459716.1_3133	1526	1327	0	0
lcl|NC_052665.1_mrna_XM_039459715.1_3134	1554	1355	0	0
lcl|NC_052665.1_mrna_XM_039459717.1_3135	383	184	0	0
lcl|NC_052665.1_mrna_XM_039459713.1_3136	1679	1480	0	0
lcl|NC_052665.1_mrna_XM_039459714.1_3137	1372	1173	6.81498	1.63186
lcl|NC_052665.1_mrna_XM_039445895.1_3138	1399	1200	1.58277	0.370469
lcl|NC_052665.1_mrna_XM_011164948.3_3139	1651	1452	0	0
lcl|NC_052665.1_mrna_XM_011164939.3_3140	2201	2002	12	1.68358
lcl|NC_052665.1_mrna_XM_011164934.3_3141	1443	1244	1364	307.971
lcl|NC_052665.1_mrna_XM_039458836.1_3142	923	724	698	270.79
lcl|NC_052665.1_mrna_XM_026136517.2_3143	961	762	0	0
lcl|NC_052665.1_mrna_XM_026136516.2_3144	991	792	14	4.96499
lcl|NC_052665.1_mrna_XM_039445758.1_3145	579	380	1	0.739149
lcl|NC_052665.1_mrna_XM_011164893.3_3146	3982	3783	1	0.0742471
lcl|NC_052665.1_mrna_XM_039446308.1_3147	2375	2176	2	0.258159
lcl|NC_052665.1_mrna_XM_011164888.3_3148	4184	3985	0	0
lcl|NC_052665.1_mrna_XM_011164882.3_3149	4186	3987	0	0
lcl|NC_052665.1_mrna_XM_026136503.2_3150	3838	3639	1.38075e-08	1.06573e-09
lcl|NC_052665.1_mrna_XM_026136504.2_3151	3766	3567	7	0.551202
lcl|NC_052665.1_mrna_XM_039446314.1_3152	1795	1596	264.591	46.5648
lcl|NC_052665.1_mrna_XM_039446310.1_3153	3246	3047	0	0
lcl|NC_052665.1_mrna_XM_039446309.1_3154	3249	3050	102.577	9.44642
lcl|NC_052665.1_miscrna_XR_005574213.1_3155	3221	3022	6.21349e-08	5.77507e-09
lcl|NC_052665.1_mrna_XM_039446311.1_3156	3286	3087	96.0014	8.73487
lcl|NC_052665.1_mrna_XM_039446312.1_3157	3114	2915	41.4213	3.99118
lcl|NC_052665.1_mrna_XM_011164859.3_3158	1376	1177	723	172.535
lcl|NC_052665.1_mrna_XM_011164870.2_3159	942	743	1132	427.931
lcl|NC_052665.1_mrna_XM_011164833.3_3160	1186	987	1007.39	286.68
lcl|NC_052665.1_mrna_XM_011164841.3_3161	3757	3558	372.608	29.4146
lcl|NC_052665.1_mrna_XM_026136520.2_3162	3042	2843	197	19.4628
lcl|NC_052665.1_mrna_XM_039445759.1_3163	1521	1322	0	0
lcl|NC_052665.1_mrna_XM_039445760.1_3164	456	257	0	0
lcl|NC_052665.1_mrna_XM_039446030.1_3165	2005	1806	600.941	93.4609
lcl|NC_052665.1_mrna_XM_026136515.1_3166	1377	1178	0	0
lcl|NC_052665.1_mrna_XM_039446045.1_3167	3023	2824	271.059	26.9597
lcl|NC_052665.1_mrna_XM_011162389.3_3168	1055	856	0	0
lcl|NC_052665.1_mrna_XM_039446048.1_3169	15354	15155	4.05188	0.075096
lcl|NC_052665.1_mrna_XM_039446047.1_3170	15357	15158	3.32229	0.0615618
lcl|NC_052665.1_mrna_XM_039446051.1_3171	15329	15130	21.2237	0.394001
lcl|NC_052665.1_mrna_XM_039446049.1_3172	15347	15148	6.44026	0.119416
lcl|NC_052665.1_mrna_XM_039446050.1_3173	10293	10094	0	0
lcl|NC_052665.1_mrna_XM_039446052.1_3174	8142	7943	0	0
lcl|NC_052665.1_mrna_XM_026136510.2_3175	8968	8769	0	0
lcl|NC_052665.1_mrna_XM_026136511.2_3176	10050	9851	0	0
lcl|NC_052665.1_mrna_XM_039445761.1_3177	1050	851	0	0
lcl|NC_052665.1_mrna_XM_026139158.2_3178	7471	7272	8	0.308995
lcl|NC_052665.1_mrna_XM_039445765.1_3179	2085	1886	1	0.148927
lcl|NC_052665.1_mrna_XM_039446120.1_3180	2711	2512	1.8634	0.208354
lcl|NC_052665.1_mrna_XM_039446119.1_3181	3020	2821	0	0
lcl|NC_052665.1_mrna_XM_039446121.1_3182	3502	3303	0	0
lcl|NC_052665.1_mrna_XM_026140233.2_3183	3411	3212	3.1366	0.274284
lcl|NC_052665.1_mrna_XM_039446122.1_3184	2537	2338	22.5324	2.70695
lcl|NC_052665.1_mrna_XM_011162394.3_3185	2508	2309	679.468	82.6534
lcl|NC_052665.1_mrna_XM_011162397.3_3186	5935	5736	969	47.4494
lcl|NC_052665.1_mrna_XM_011162395.3_3187	4196	3997	100.51	7.06306
lcl|NC_052665.1_mrna_XM_011162396.3_3188	4674	4475	12.4895	0.783913
lcl|NC_052665.1_mrna_XM_039446123.1_3189	740	541	491	254.918
lcl|NC_052665.1_mrna_XM_039446124.1_3190	796	597	0	0
lcl|NC_052665.1_mrna_XM_039446125.1_3191	764	565	12	5.96552
lcl|NC_052665.1_mrna_XM_039446127.1_3192	758	559	0	0
lcl|NC_052665.1_mrna_XM_039446128.1_3193	671	472	1	0.595078
lcl|NC_052665.1_mrna_XM_039446126.1_3194	751	552	6	3.05301
lcl|NC_052665.1_mrna_XM_026140236.2_3195	761	562	9.06821e-08	4.53212e-08
lcl|NC_052665.1_mrna_XM_026135355.2_3196	799	600	0	0
lcl|NC_052665.1_mrna_XM_026135352.2_3197	4631	4432	0	0
lcl|NC_052665.1_mrna_XM_011162399.3_3198	4569	4370	166.126	10.6775
lcl|NC_052665.1_mrna_XM_011162400.3_3199	2586	2387	4.87435	0.573561
lcl|NC_052665.1_mrna_XM_039459628.1_3200	4555	4356	1.44321e-07	9.30588e-09
lcl|NC_052665.1_mrna_XM_011162401.2_3201	1574	1375	1255	256.364
lcl|NC_052665.1_mrna_XM_039459677.1_3202	2108	1909	8	1.17706
lcl|NC_052665.1_mrna_XM_026135361.2_3203	17776	17577	0	0
lcl|NC_052665.1_mrna_XM_026135358.2_3204	12975	12776	0	0
lcl|NC_052665.1_mrna_XM_039459670.1_3205	12954	12755	0	0
lcl|NC_052665.1_mrna_XM_026135359.2_3206	12924	12725	0	0
lcl|NC_052665.1_mrna_XM_026135360.2_3207	17745	17546	10.0673	0.161158
lcl|NC_052665.1_mrna_XM_026135356.2_3208	14749	14550	0	0
lcl|NC_052665.1_mrna_XM_039459672.1_3209	14638	14439	0	0
lcl|NC_052665.1_mrna_XM_039459673.1_3210	14386	14187	111.927	2.21596
lcl|NC_052665.1_mrna_XM_039459674.1_3211	14275	14076	0.00539488	0.000107651
lcl|NC_052665.1_mrna_XM_026135357.2_3212	9897	9698	0	0
lcl|NC_052665.1_mrna_XM_011162405.3_3213	1508	1309	0	0
lcl|NC_052665.1_ncrna_XR_005576713.1_3214	2952	2753	66.5442	6.78922
lcl|NC_052665.1_ncrna_XR_005576712.1_3215	3075	2876	6.3173	0.616962
lcl|NC_052665.1_ncrna_XR_005576714.1_3216	2590	2391	27.5667	3.23833
lcl|NC_052665.1_ncrna_XR_005576711.1_3217	3079	2880	0	0
lcl|NC_052665.1_mrna_XM_011162404.3_3218	2776	2577	192	20.9268
lcl|NC_052665.1_mrna_XM_011162403.3_3219	1926	1727	21	3.41541
lcl|NC_052665.1_mrna_XM_011162408.3_3220	4129	3930	0	0
lcl|NC_052665.1_mrna_XM_039459676.1_3221	1513	1314	0	0
lcl|NC_052665.1_mrna_XM_011162409.3_3222	3816	3617	108.225	8.40419
lcl|NC_052665.1_mrna_XM_011162411.3_3223	2375	2176	37.8258	4.88253
lcl|NC_052665.1_mrna_XM_011162410.3_3224	2379	2180	70.8633	9.13021
lcl|NC_052665.1_mrna_XM_011162412.3_3225	4273	4074	4.08561	0.281677
lcl|NC_052665.1_mrna_XM_011162414.3_3226	2252	2053	0	0
lcl|NC_052665.1_mrna_XM_026135350.2_3227	2119	1920	2	0.29258
lcl|NC_052665.1_mrna_XM_011162413.3_3228	2230	2031	0	0
lcl|NC_052665.1_mrna_XM_026135346.2_3229	2762	2563	0	0
lcl|NC_052665.1_miscrna_XR_003268748.2_3230	2682	2483	0	0
lcl|NC_052665.1_miscrna_XR_003268747.2_3231	3017	2818	0	0
lcl|NC_052665.1_mrna_XM_011162417.3_3232	3235	3036	6.99639	0.647274
lcl|NC_052665.1_mrna_XM_011162416.3_3233	3258	3059	0.00360854	0.000331335
lcl|NC_052665.1_ncrna_XR_005574184.1_3234	19954	19755	9.41292	0.133833
lcl|NC_052665.1_mrna_XM_039446081.1_3235	12562	12363	111	2.52182
lcl|NC_052665.1_mrna_XM_011162419.3_3236	2705	2506	64.0092	7.17426
lcl|NC_052665.1_mrna_XM_039446083.1_3237	2814	2615	23.9906	2.57683
lcl|NC_052665.1_mrna_XM_011162420.3_3238	2846	2647	0.000120767	1.28147e-05
lcl|NC_052665.1_mrna_XM_039446082.1_3239	2950	2751	0	0
lcl|NC_052665.1_mrna_XM_011162424.3_3240	4555	4356	1.51732	0.0978373
lcl|NC_052665.1_mrna_XM_011162423.3_3241	4761	4562	1.48268	0.0912869
lcl|NC_052665.1_mrna_XM_039459630.1_3242	2161	1962	843.669	120.778
lcl|NC_052665.1_mrna_XM_011162425.3_3243	2337	2138	387.294	50.8803
lcl|NC_052665.1_mrna_XM_026135347.2_3244	2569	2370	109.662	12.9964
lcl|NC_052665.1_mrna_XM_039459631.1_3245	2666	2467	67.1781	7.64846
lcl|NC_052665.1_mrna_XM_011162426.3_3246	2629	2430	94.5301	10.9265
lcl|NC_052665.1_mrna_XM_026135348.2_3247	1228	1029	162.666	44.4016
lcl|NC_052665.1_mrna_XM_011162428.3_3248	553	354	1201	952.918
lcl|NC_052665.1_mrna_XM_039445841.1_3249	2620	2421	340.544	39.5088
lcl|NC_052665.1_mrna_XM_039445842.1_3250	1831	1632	0	0
lcl|NC_052665.1_mrna_XM_039446041.1_3251	14176	13977	0	0
lcl|NC_052665.1_mrna_XM_039446040.1_3252	15562	15363	15.4895	0.28319
lcl|NC_052665.1_mrna_XM_026135345.2_3253	15793	15594	4.88759e-06	8.80345e-08
lcl|NC_052665.1_mrna_XM_039446035.1_3254	15702	15503	0.00173182	3.13764e-05
lcl|NC_052665.1_mrna_XM_039446036.1_3255	15681	15482	0.00674455	0.000122361
lcl|NC_052665.1_mrna_XM_039446037.1_3256	15678	15479	0.00819159	0.000148642
lcl|NC_052665.1_mrna_XM_039446039.1_3257	15590	15391	2.49378	0.0455101
lcl|NC_052665.1_mrna_XM_039446130.1_3258	2367	2168	79.3952	10.2861
lcl|NC_052665.1_mrna_XM_026133045.2_3259	2537	2338	57.0372	6.85219
lcl|NC_052665.1_mrna_XM_011165868.3_3260	3044	2845	186.568	18.4192
lcl|NC_052665.1_mrna_XM_026133046.2_3261	1695	1496	3559	668.209
lcl|NC_052665.1_mrna_XM_011158798.3_3262	2233	2034	236.344	32.6369
lcl|NC_052665.1_mrna_XM_011158799.3_3263	2221	2022	2280.66	316.807
lcl|NC_052665.1_mrna_XM_011165869.3_3264	4826	4627	589	35.7546
lcl|NC_052665.1_mrna_XM_039446133.1_3265	3209	3010	5.05046e-07	4.71281e-08
lcl|NC_052665.1_mrna_XM_039446131.1_3266	3320	3121	19.9267	1.79332
lcl|NC_052665.1_mrna_XM_011165872.3_3267	3238	3039	855.208	79.0418
lcl|NC_052665.1_mrna_XM_011165870.3_3268	3256	3057	0	0
lcl|NC_052665.1_mrna_XM_039446132.1_3269	3239	3040	28.7965	2.66062
lcl|NC_052665.1_mrna_XM_039446134.1_3270	2796	2597	13.0684	1.4134
lcl|NC_052665.1_mrna_XM_011165874.3_3271	3224	3025	82.0839	7.62164
lcl|NC_052665.1_mrna_XM_011165875.3_3272	3067	2868	614.916	60.2216
lcl|NC_052665.1_mrna_XM_039445988.1_3273	3199	3000	0	0
lcl|NC_052665.1_mrna_XM_039445977.1_3274	13867	13668	15.921	0.327175
lcl|NC_052665.1_mrna_XM_039445978.1_3275	13922	13723	0.283559	0.00580377
lcl|NC_052665.1_mrna_XM_039445980.1_3276	13440	13241	12.5948	0.26717
lcl|NC_052665.1_mrna_XM_039445986.1_3277	16479	16280	6.33192	0.109244
lcl|NC_052665.1_mrna_XM_039445981.1_3278	13368	13169	0	0
lcl|NC_052665.1_mrna_XM_039445982.1_3279	14303	14104	0	0
lcl|NC_052665.1_mrna_XM_039445976.1_3280	14315	14116	0	0
lcl|NC_052665.1_mrna_XM_026133056.2_3281	13978	13779	0.000849049	1.73074e-05
lcl|NC_052665.1_mrna_XM_026133051.2_3282	13990	13791	0.000354601	7.22204e-06
lcl|NC_052665.1_mrna_XM_039445985.1_3283	13113	12914	8.52016	0.185312
lcl|NC_052665.1_mrna_XM_039445984.1_3284	13565	13366	5.34737	0.112371
lcl|NC_052665.1_mrna_XM_039445983.1_3285	14172	13973	0	0
lcl|NC_052665.1_mrna_XM_039445975.1_3286	14059	13860	0	0
lcl|NC_052665.1_mrna_XM_039445973.1_3287	14086	13887	0	0
lcl|NC_052665.1_mrna_XM_039445974.1_3288	14071	13872	0	0
lcl|NC_052665.1_mrna_XM_039445989.1_3289	3598	3399	0	0
lcl|NC_052665.1_mrna_XM_011165877.3_3290	2412	2213	2.24571	0.285029
lcl|NC_052665.1_mrna_XM_011165878.3_3291	3247	3048	29.045	2.67653
lcl|NC_052665.1_mrna_XM_011165879.3_3292	2407	2208	21.7093	2.76161
lcl|NC_052665.1_mrna_XM_011165881.3_3293	434	235	0	0
lcl|NC_052665.1_ncrna_XR_005574189.1_3294	266	67.0317	1.92216	8.05423
lcl|NC_052665.1_mrna_XM_011165882.3_3295	5544	5345	6	0.315297
lcl|NC_052665.1_mrna_XM_011165883.3_3296	2146	1947	25	3.60653
lcl|NC_052665.1_mrna_XM_026133063.2_3297	7452	7253	0.156655	0.00606655
lcl|NC_052665.1_mrna_XM_026133064.2_3298	7445	7246	0.0284442	0.00110258
lcl|NC_052665.1_mrna_XM_026133065.2_3299	7405	7206	106.373	4.14624
lcl|NC_052665.1_mrna_XM_039459279.1_3300	6377	6178	114.51	5.20609
lcl|NC_052665.1_mrna_XM_011165884.3_3301	1559	1360	7.19577	1.48612
lcl|NC_052665.1_mrna_XM_039459296.1_3302	1370	1171	2.73551	0.65614
lcl|NC_052665.1_mrna_XM_011165888.2_3303	4907	4708	8	0.477276
lcl|NC_052665.1_mrna_XM_039459657.1_3304	3342	3143	0	0
lcl|NC_052665.1_mrna_XM_039459656.1_3305	3353	3154	0	0
lcl|NC_052665.1_mrna_XM_039459659.1_3306	3305	3106	10.5578	0.954749
lcl|NC_052665.1_mrna_XM_039459658.1_3307	3049	2850	0	0
lcl|NC_052665.1_mrna_XM_039459660.1_3308	2988	2789	0	0
lcl|NC_052665.1_mrna_XM_039459664.1_3309	1575	1376	0	0
lcl|NC_052665.1_mrna_XM_039459661.1_3310	2508	2309	105.979	12.8917
lcl|NC_052665.1_mrna_XM_039459663.1_3311	2447	2248	31.3538	3.91751
lcl|NC_052665.1_mrna_XM_039459662.1_3312	2306	2107	59.7478	7.96477
lcl|NC_052665.1_mrna_XM_039459667.1_3313	2207	2008	0	0
lcl|NC_052665.1_mrna_XM_039459665.1_3314	2146	1947	12.4692	1.79882
lcl|NC_052665.1_mrna_XM_039459669.1_3315	2593	2394	18.8926	2.21658
lcl|NC_052665.1_mrna_XM_039459668.1_3316	4893	4694	2	0.119675
lcl|NC_052665.1_mrna_XM_039445766.1_3317	930	731	2	0.768473
lcl|NC_052665.1_mrna_XM_039445767.1_3318	14808	14609	511	9.82463
lcl|NC_052665.1_ncrna_XR_003268519.2_3319	9928	9729	3.00733	0.0868218
lcl|NC_052665.1_mrna_XM_011165890.3_3320	2644	2445	293.204	33.6826
lcl|NC_052665.1_mrna_XM_011165893.3_3321	6990	6791	202.433	8.37266
lcl|NC_052665.1_mrna_XM_011165894.3_3322	6974	6775	6.05958	0.251217
lcl|NC_052665.1_mrna_XM_026133080.2_3323	7060	6861	48.8868	2.00134
lcl|NC_052665.1_mrna_XM_026133081.2_3324	6982	6783	33.464	1.38571
lcl|NC_052665.1_mrna_XM_039446316.1_3325	6296	6097	0	0
lcl|NC_052665.1_mrna_XM_011165899.3_3326	1540	1341	1385	290.093
lcl|NC_052665.1_mrna_XM_039446319.1_3327	5821	5622	481.515	24.0566
lcl|NC_052665.1_ncrna_XR_005574214.1_3328	939	740	1	0.379563
lcl|NC_052665.1_mrna_XM_039446320.1_3329	5685	5486	260.441	13.3343
lcl|NC_052665.1_mrna_XM_039446317.1_3330	6323	6124	0	0
lcl|NC_052665.1_mrna_XM_026133082.2_3331	6311	6112	267.044	12.272
lcl|NC_052665.1_mrna_XM_026133077.2_3332	1874	1675	0	0
lcl|NC_052665.1_mrna_XM_039446379.1_3333	1947	1748	90.3608	14.5196
lcl|NC_052665.1_mrna_XM_026133039.2_3334	2109	1910	1.05255	0.154783
lcl|NC_052665.1_mrna_XM_011165901.3_3335	1913	1714	65.2364	10.6904
lcl|NC_052665.1_mrna_XM_011165900.3_3336	1917	1718	6.29668	1.02945
lcl|NC_052665.1_mrna_XM_011165902.3_3337	2132	1933	53.0535	7.709
lcl|NC_052665.1_mrna_XM_011165903.3_3338	4068	3869	792.614	57.5412
lcl|NC_052665.1_mrna_XM_026133038.2_3339	4032	3833	81.5844	5.97839
lcl|NC_052665.1_mrna_XM_011165904.3_3340	4002	3803	66.9786	4.94681
lcl|NC_052665.1_mrna_XM_011165905.3_3341	3954	3755	410.823	30.7298
lcl|NC_052665.1_mrna_XM_039445768.1_3342	876	677	79.5916	33.0213
lcl|NC_052665.1_mrna_XM_039446378.1_3343	2835	2636	18187.4	1937.94
lcl|NC_052665.1_mrna_XM_039446375.1_3344	8137	7938	0	0
lcl|NC_052665.1_mrna_XM_039446374.1_3345	7714	7515	7.90325e-06	2.95388e-07
lcl|NC_052665.1_mrna_XM_039446376.1_3346	7600	7401	36	1.36624
lcl|NC_052665.1_mrna_XM_026133024.2_3347	3926	3727	1.99994	0.150721
lcl|NC_052665.1_miscrna_XR_003268513.2_3348	3965	3766	5.8416e-05	4.35679e-06
lcl|NC_052665.1_mrna_XM_011165907.3_3349	4053	3854	0	0
lcl|NC_052665.1_mrna_XM_011165909.3_3350	3359	3160	2	0.17777
lcl|NC_052665.1_mrna_XM_039457981.1_3351	3985	3786	0	0
lcl|NC_052665.1_mrna_XM_011165910.3_3352	2197	1998	586	82.3793
lcl|NC_052665.1_ncrna_XR_003268514.2_3353	367	168	1	1.67189
lcl|NC_052665.1_mrna_XM_011165912.3_3354	1027	828	0	0
lcl|NC_052665.1_mrna_XM_011165913.3_3355	625	426	3	1.978
lcl|NC_052665.1_mrna_XM_011166091.3_3356	1222	1023	6	1.64737
lcl|NC_052665.1_mrna_XM_026133103.2_3357	4336	4137	258.527	17.5524
lcl|NC_052665.1_mrna_XM_011165915.3_3358	4282	4083	154.929	10.6579
lcl|NC_052665.1_mrna_XM_011165914.3_3359	4336	4137	0.00179338	0.000121759
lcl|NC_052665.1_mrna_XM_011165919.3_3360	4266	4067	552.542	38.1598
lcl|NC_052665.1_mrna_XM_011165921.3_3361	1720	1521	434.743	80.2823
lcl|NC_052665.1_mrna_XM_026133107.2_3362	1651	1452	31.2565	6.0463
lcl|NC_052665.1_mrna_XM_011165922.3_3363	2379	2180	615	79.2382
lcl|NC_052665.1_mrna_XM_011165923.3_3364	3710	3511	1114.93	89.193
lcl|NC_052665.1_mrna_XM_026133106.2_3365	10294	10095	182.659	5.08219
lcl|NC_052665.1_mrna_XM_011165926.3_3366	10421	10222	0	0
lcl|NC_052665.1_mrna_XM_039446091.1_3367	11090	10891	36.2208	0.934127
lcl|NC_052665.1_mrna_XM_039446092.1_3368	11090	10891	12.1461	0.313246
lcl|NC_052665.1_mrna_XM_039446090.1_3369	11093	10894	0	0
lcl|NC_052665.1_mrna_XM_026133105.2_3370	9837	9638	534.949	15.5898
lcl|NC_052665.1_mrna_XM_011165925.3_3371	1795	1596	559	98.3772
lcl|NC_052665.1_mrna_XM_011165924.3_3372	3479	3280	549.1	47.0212
lcl|NC_052665.1_mrna_XM_011165932.3_3373	1670	1471	1	0.190943
lcl|NC_052665.1_mrna_XM_026133109.2_3374	1047	848	0	0
lcl|NC_052665.1_mrna_XM_026133110.2_3375	1346	1147	1	0.244879
lcl|NC_052665.1_mrna_XM_011166097.3_3376	2787	2588	4	0.434122
lcl|NC_052665.1_mrna_XM_039459718.1_3377	1653	1454	0	0
lcl|NC_052665.1_ncrna_XR_005576724.1_3378	2247	2048	1.20665	0.165489
lcl|NC_052665.1_mrna_XM_011165933.3_3379	3083	2884	45.3977	4.42135
lcl|NC_052665.1_mrna_XM_039459719.1_3380	3086	2887	43.3956	4.22197
lcl|NC_052665.1_mrna_XM_011165934.3_3381	3044	2845	6	0.592359
lcl|NC_052665.1_mrna_XM_026133031.2_3382	1055	856	3	0.984381
lcl|NC_052665.1_mrna_XM_039446288.1_3383	3963	3764	1	0.0746219
lcl|NC_052665.1_mrna_XM_011165941.3_3384	5506	5307	6	0.317554
lcl|NC_052665.1_mrna_XM_026133033.2_3385	2464	2265	0	0
lcl|NC_052665.1_mrna_XM_011165940.3_3386	3720	3521	1	0.0797719
lcl|NC_052665.1_mrna_XM_039445769.1_3387	1566	1367	0	0
lcl|NC_052665.1_mrna_XM_011165937.3_3388	2095	1896	1739.82	257.739
lcl|NC_052665.1_mrna_XM_011165938.3_3389	1664	1465	358.296	68.6943
lcl|NC_052665.1_mrna_XM_011165939.3_3390	2290	2091	0	0
lcl|NC_052665.1_mrna_XM_026133030.2_3391	2389	2190	8.88798	1.13992
lcl|NC_052665.1_mrna_XM_011166100.3_3392	3067	2868	33.0516	3.2369
lcl|NC_052665.1_mrna_XM_039446286.1_3393	3148	2949	0.00150597	0.000143435
lcl|NC_052665.1_mrna_XM_039446287.1_3394	3117	2918	313.282	30.1554
lcl|NC_052665.1_mrna_XM_011165945.3_3395	3036	2837	298.476	29.5506
lcl|NC_052665.1_mrna_XM_011165944.3_3396	3036	2837	746.189	73.8763
lcl|NC_052665.1_mrna_XM_026133037.2_3397	1002	803	21.018	7.35177
lcl|NC_052665.1_mrna_XM_026133036.2_3398	1155	956	649.982	190.967
lcl|NC_052665.1_mrna_XM_039446289.1_3399	1005	806	120.161	41.8739
lcl|NC_052665.1_mrna_XM_026133034.2_3400	1162	963	302.096	88.1119
lcl|NC_052665.1_mrna_XM_011165946.3_3401	1890	1691	194.743	32.347
lcl|NC_052665.1_mrna_XM_011165947.3_3402	2666	2467	919	104.631
lcl|NC_052665.1_mrna_XM_039446226.1_3403	15339	15140	79.6908	1.47842
lcl|NC_052665.1_mrna_XM_039446227.1_3404	14697	14498	33.0298	0.639902
lcl|NC_052665.1_mrna_XM_039446225.1_3405	14165	13966	40.3789	0.812078
lcl|NC_052665.1_mrna_XM_039446213.1_3406	15094	14895	0	0
lcl|NC_052665.1_miscrna_XR_005574203.1_3407	15172	14973	0	0
lcl|NC_052665.1_mrna_XM_039446218.1_3408	14895	14696	0	0
lcl|NC_052665.1_mrna_XM_039446214.1_3409	15075	14876	0	0
lcl|NC_052665.1_mrna_XM_039446230.1_3410	14595	14396	0	0
lcl|NC_052665.1_mrna_XM_039446212.1_3411	15096	14897	0	0
lcl|NC_052665.1_mrna_XM_039446229.1_3412	14535	14336	40.0099	0.78389
lcl|NC_052665.1_mrna_XM_039446228.1_3413	16076	15877	0.0440476	0.000779237
lcl|NC_052665.1_mrna_XM_039446217.1_3414	14226	14027	0	0
lcl|NC_052665.1_mrna_XM_039446215.1_3415	14245	14046	0	0
lcl|NC_052665.1_mrna_XM_039446216.1_3416	14346	14147	26.8508	0.5331
lcl|NC_052665.1_mrna_XM_039446221.1_3417	14724	14525	0	0
lcl|NC_052665.1_mrna_XM_039446220.1_3418	14727	14528	0	0
lcl|NC_052665.1_mrna_XM_039446219.1_3419	14759	14560	0	0
lcl|NC_052665.1_mrna_XM_039446224.1_3420	14578	14379	0	0
lcl|NC_052665.1_mrna_XM_039446223.1_3421	14581	14382	0	0
lcl|NC_052665.1_mrna_XM_039446222.1_3422	14613	14414	0	0
lcl|NC_052665.1_mrna_XM_026133132.2_3423	1447	1248	410.354	92.3549
lcl|NC_052665.1_mrna_XM_011165948.3_3424	1524	1325	742.646	157.428
lcl|NC_052665.1_mrna_XM_011165949.3_3425	2974	2775	530.99	53.7452
lcl|NC_052665.1_mrna_XM_026133128.2_3426	1484	1285	1361.06	297.503
lcl|NC_052665.1_mrna_XM_026133127.2_3427	1181	982	19.0482	5.44826
lcl|NC_052665.1_mrna_XM_026133129.2_3428	957	758	2.89698	1.07347
lcl|NC_052665.1_ncrna_XR_005574169.1_3429	2172	1973	0	0
lcl|NC_052665.1_ncrna_XR_003268518.2_3430	2075	1876	12	1.79665
lcl|NC_052665.1_mrna_XM_026133130.2_3431	1113	914	0	0
lcl|NC_052665.1_mrna_XM_011165951.3_3432	1091	892	295	92.8908
lcl|NC_052665.1_mrna_XM_011165952.3_3433	4629	4430	190.738	12.0934
lcl|NC_052665.1_mrna_XM_026133125.2_3434	2900	2701	0	0
lcl|NC_052665.1_mrna_XM_039446055.1_3435	2968	2769	0	0
lcl|NC_052665.1_mrna_XM_026133126.2_3436	3171	2972	3.2623	0.308313
lcl|NC_052665.1_mrna_XM_011165960.3_3437	5718	5519	24	1.22142
lcl|NC_052665.1_ncrna_XR_005574168.1_3438	2145	1946	0	0
lcl|NC_052665.1_ncrna_XR_005574167.1_3439	2527	2328	6	0.723909
lcl|NC_052665.1_mrna_XM_011165957.3_3440	1822	1623	4	0.692241
lcl|NC_052665.1_mrna_XM_011165956.3_3441	1651	1452	3.46667	0.670597
lcl|NC_052665.1_mrna_XM_011165954.3_3442	2514	2315	598.482	72.6132
lcl|NC_052665.1_mrna_XM_011165955.3_3443	1755	1556	122.052	22.0318
lcl|NC_052665.1_mrna_XM_039446054.1_3444	7397	7198	286	11.1601
lcl|NC_052665.1_mrna_XM_011165962.3_3445	1607	1408	301	60.0454
lcl|NC_052665.1_mrna_XM_011165964.3_3446	2990	2791	968	97.4162
lcl|NC_052665.1_mrna_XM_011165966.3_3447	1618	1419	0	0
lcl|NC_052665.1_mrna_XM_039457838.1_3448	1636	1437	0	0
lcl|NC_052665.1_mrna_XM_011165965.3_3449	1600	1401	0	0
lcl|NC_052665.1_mrna_XM_011165967.3_3450	1561	1362	0	0
lcl|NC_052665.1_mrna_XM_011165969.3_3451	2136	1937	724	104.984
lcl|NC_052665.1_mrna_XM_011165970.3_3452	1563	1364	654.122	134.698
lcl|NC_052665.1_mrna_XM_039457848.1_3453	1674	1475	189.878	36.1575
lcl|NC_052665.1_mrna_XM_011165973.3_3454	2181	1982	2841	402.609
lcl|NC_052665.1_mrna_XM_011165974.3_3455	3388	3189	484	42.6291
lcl|NC_052665.1_mrna_XM_011165975.3_3456	3376	3177	7.69065e-06	6.79926e-07
lcl|NC_052665.1_mrna_XM_026133112.2_3457	5476	5277	70.1956	3.73627
lcl|NC_052665.1_mrna_XM_011166106.3_3458	5076	4877	0	0
lcl|NC_052665.1_mrna_XM_026133113.2_3459	5087	4888	7.95252	0.456972
lcl|NC_052665.1_mrna_XM_039446333.1_3460	5492	5293	3.3695	0.178805
lcl|NC_052665.1_mrna_XM_039446334.1_3461	2018	1819	0	0
lcl|NC_052665.1_mrna_XM_011165979.3_3462	4644	4445	118.107	7.46313
lcl|NC_052665.1_mrna_XM_026133116.2_3463	5375	5176	18.375	0.997124
lcl|NC_052665.1_mrna_XM_039446336.1_3464	2225	2026	2	0.277272
lcl|NC_052665.1_mrna_XM_039445772.1_3465	3150	2951	31	2.95059
lcl|NC_052665.1_mrna_XM_011165982.3_3466	6405	6206	35.9196	1.62568
lcl|NC_052665.1_mrna_XM_011165981.3_3467	6416	6217	6.08035	0.274703
lcl|NC_052665.1_ncrna_XR_005574221.1_3468	244	45.6799	0	0
lcl|NC_052665.1_ncrna_XR_005574219.1_3469	475	276	0	0
lcl|NC_052665.1_ncrna_XR_005574220.1_3470	1655	1456	0	0
lcl|NC_052665.1_mrna_XM_039446335.1_3471	3063	2864	0	0
lcl|NC_052665.1_mrna_XM_011165980.3_3472	2852	2653	2	0.211743
lcl|NC_052665.1_mrna_XM_011165983.3_3473	1986	1787	1566	246.14
lcl|NC_052665.1_mrna_XM_011165984.3_3474	681	482	1547.51	901.782
lcl|NC_052665.1_mrna_XM_026133124.2_3475	633	434	244.873	158.477
lcl|NC_052665.1_mrna_XM_011165986.3_3476	640	441	1022.62	651.315
lcl|NC_052665.1_mrna_XM_011165987.3_3477	1515	1316	667	142.359
lcl|NC_052665.1_mrna_XM_026133068.2_3478	4032	3833	7.95168e-06	5.82687e-07
lcl|NC_052665.1_mrna_XM_026133069.2_3479	4025	3826	464	34.0635
lcl|NC_052665.1_mrna_XM_039458986.1_3480	4085	3886	0	0
lcl|NC_052665.1_mrna_XM_026133071.2_3481	2834	2635	1371	146.141
lcl|NC_052665.1_mrna_XM_011165989.3_3482	2868	2669	91	9.57654
lcl|NC_052665.1_mrna_XM_011165988.3_3483	1424	1225	569	130.464
lcl|NC_052665.1_mrna_XM_039458963.1_3484	7970	7771	2	0.0722884
lcl|NC_052665.1_mrna_XM_011165991.3_3485	6502	6303	0	0
lcl|NC_052665.1_mrna_XM_039458978.1_3486	6475	6276	0	0
lcl|NC_052665.1_ncrna_XR_005576613.1_3487	637	438	0	0
lcl|NC_052665.1_mrna_XM_039459020.1_3488	5242	5043	0	0
lcl|NC_052665.1_mrna_XM_011165990.3_3489	5160	4961	550	31.1393
lcl|NC_052665.1_mrna_XM_039445777.1_3490	3820	3621	126	9.77367
lcl|NC_052665.1_mrna_XM_011165998.3_3491	2733	2534	77.8474	8.62886
lcl|NC_052665.1_mrna_XM_039459059.1_3492	1282	1083	0	0
lcl|NC_052665.1_mrna_XM_011165997.3_3493	1397	1198	144.153	33.7973
lcl|NC_052665.1_mrna_XM_039459063.1_3494	2207	2008	0	0
lcl|NC_052665.1_mrna_XM_011165994.3_3495	1410	1211	58.2761	13.5164
lcl|NC_052665.1_mrna_XM_011165993.3_3496	1411	1212	134.65	31.2047
lcl|NC_052665.1_mrna_XM_011165995.3_3497	1375	1176	0	0
lcl|NC_052665.1_mrna_XM_011165996.3_3498	1442	1243	379.074	85.658
lcl|NC_052665.1_mrna_XM_011165999.3_3499	1959	1760	80.0283	12.7716
lcl|NC_052665.1_mrna_XM_011166000.3_3500	1926	1727	1116.97	181.663
lcl|NC_052665.1_mrna_XM_011166003.3_3501	1449	1250	161.945	36.3893
lcl|NC_052665.1_mrna_XM_011166002.3_3502	1595	1396	86.0548	17.3143
lcl|NC_052665.1_mrna_XM_011166005.3_3503	1510	1311	515	110.337
lcl|NC_052665.1_mrna_XM_011166010.3_3504	6112	5913	799	37.9537
lcl|NC_052665.1_mrna_XM_011166008.3_3505	2964	2765	98.2675	9.9823
lcl|NC_052665.1_mrna_XM_011166009.3_3506	2779	2580	431.353	46.9601
lcl|NC_052665.1_mrna_XM_011166006.3_3507	4283	4084	311.379	21.4151
lcl|NC_052665.1_miscrna_XR_850910.3_3508	2799	2600	0	0
lcl|NC_052665.1_miscrna_XR_005576615.1_3509	3216	3017	3.2969	0.306935
lcl|NC_052665.1_miscrna_XR_005576614.1_3510	3309	3110	127.709	11.5339
lcl|NC_052665.1_mrna_XM_011166019.3_3511	2751	2552	99.6118	10.9634
lcl|NC_052665.1_mrna_XM_011166020.3_3512	2770	2571	37.8638	4.13654
lcl|NC_052665.1_mrna_XM_011166021.3_3513	2639	2440	268.488	30.9066
lcl|NC_052665.1_miscrna_XR_005576618.1_3514	2232	2033	0	0
lcl|NC_052665.1_miscrna_XR_005576617.1_3515	2438	2239	0.0250826	0.00314655
lcl|NC_052665.1_miscrna_XR_005576616.1_3516	2465	2266	0.00587407	0.000728106
lcl|NC_052665.1_miscrna_XR_005576619.1_3517	2139	1940	0	0
lcl|NC_052665.1_mrna_XM_011166023.3_3518	3331	3132	40.6283	3.64353
lcl|NC_052665.1_mrna_XM_011166025.3_3519	3319	3120	1917.37	172.611
lcl|NC_052665.1_mrna_XM_011166022.3_3520	1971	1772	1107	175.469
lcl|NC_052665.1_ncrna_XR_005576637.1_3521	1161	962	7.13113	2.08209
lcl|NC_052665.1_mrna_XM_011166030.3_3522	5566	5367	218	11.4088
lcl|NC_052665.1_mrna_XM_011166029.3_3523	1651	1452	825	159.589
lcl|NC_052665.1_mrna_XM_011166027.3_3524	1360	1161	403.962	97.7291
lcl|NC_052665.1_mrna_XM_026133092.2_3525	1438	1239	1173.24	265.969
lcl|NC_052665.1_mrna_XM_026133091.2_3526	1459	1260	424.667	94.6659
lcl|NC_052665.1_mrna_XM_011166026.3_3527	2211	2012	317.298	44.2951
lcl|NC_052665.1_mrna_XM_026133087.2_3528	2166	1967	739.702	105.625
lcl|NC_052665.1_mrna_XM_011166031.3_3529	2001	1802	356	55.4895
lcl|NC_052665.1_mrna_XM_011166113.3_3530	7410	7211	35.2696	1.37379
lcl|NC_052665.1_mrna_XM_011166032.3_3531	1869	1670	2809.73	472.568
lcl|NC_052665.1_mrna_XM_011166039.3_3532	1994	1795	114.89	17.9777
lcl|NC_052665.1_mrna_XM_011166037.3_3533	1968	1769	1017.11	161.494
lcl|NC_052665.1_mrna_XM_026133089.2_3534	2565	2366	60.8591	7.22482
lcl|NC_052665.1_mrna_XM_011166034.3_3535	1389	1190	203.931	48.1339
lcl|NC_052665.1_mrna_XM_011166033.3_3536	1493	1294	739.21	160.454
lcl|NC_052665.1_mrna_XM_011166035.3_3537	1217	1018	0	0
lcl|NC_052665.1_mrna_XM_011166042.3_3538	3699	3500	146	11.7166
lcl|NC_052665.1_mrna_XM_011166041.3_3539	3344	3145	22	1.9648
lcl|NC_052665.1_mrna_XM_011166040.3_3540	3161	2962	39	3.69824
lcl|NC_052665.1_mrna_XM_011166043.3_3541	1659	1460	342	65.7944
lcl|NC_052665.1_mrna_XM_011166045.3_3542	3783	3584	382	29.9372
lcl|NC_052665.1_mrna_XM_011166059.3_3543	2865	2666	15.6028	1.64383
lcl|NC_052665.1_mrna_XM_011166055.3_3544	887	688	65.4634	26.7255
lcl|NC_052665.1_mrna_XM_011166054.3_3545	1866	1667	122.934	20.7134
lcl|NC_052665.1_mrna_XM_011166060.3_3546	1404	1205	1477	344.278
lcl|NC_052665.1_mrna_XM_011166062.3_3547	2987	2788	0	0
lcl|NC_052665.1_mrna_XM_026133111.2_3548	7104	6905	0	0
lcl|NC_052665.1_mrna_XM_011166063.3_3549	8202	8003	3	0.105289
lcl|NC_052665.1_mrna_XM_011166064.3_3550	1166	967	1384	401.999
lcl|NC_052665.1_mrna_XM_039446207.1_3551	10668	10469	348	9.33662
lcl|NC_052665.1_mrna_XM_011166066.3_3552	1917	1718	870	142.237
lcl|NC_052665.1_mrna_XM_011166067.3_3553	2386	2187	509	65.3709
lcl|NC_052665.1_mrna_XM_011166068.3_3554	2993	2794	4793	481.833
lcl|NC_052665.1_mrna_XM_011166069.3_3555	809	610	656	302.058
lcl|NC_052665.1_mrna_XM_011166070.3_3556	2111	1912	760	111.646
lcl|NC_052665.1_mrna_XM_026133040.2_3557	4427	4228	4.33948	0.288282
lcl|NC_052665.1_mrna_XM_026133043.2_3558	4423	4224	11.2135	0.745644
lcl|NC_052665.1_mrna_XM_026133042.2_3559	4412	4213	6.25917	0.417293
lcl|NC_052665.1_mrna_XM_039446209.1_3560	4384	4185	0	0
lcl|NC_052665.1_mrna_XM_011166071.3_3561	4930	4731	32.1879	1.91098
lcl|NC_052665.1_mrna_XM_039446208.1_3562	4122	3923	0	0
lcl|NC_052665.1_mrna_XM_039446210.1_3563	3603	3404	0	0
lcl|NC_052665.1_mrna_XM_011166075.3_3564	3759	3560	391	30.8491
lcl|NC_052665.1_mrna_XM_011166114.2_3565	475	276	0	0
lcl|NC_052665.1_mrna_XM_011166074.3_3566	1156	957	1	0.293497
lcl|NC_052665.1_mrna_XM_011166076.2_3567	965	766	0	0
lcl|NC_052665.1_mrna_XM_011166077.3_3568	3271	3072	812	74.2421
lcl|NC_052665.1_mrna_XM_011166078.3_3569	1093	894	4668	1466.59
lcl|NC_052665.1_mrna_XM_011166079.3_3570	2853	2654	2162.42	228.852
lcl|NC_052665.1_mrna_XM_039458498.1_3571	1900	1701	6.58345	1.08709
lcl|NC_052665.1_mrna_XM_011168641.3_3572	1092	893	381	119.837
lcl|NC_052665.1_mrna_XM_011168642.3_3573	1370	1171	1084	260.009
lcl|NC_052665.1_mrna_XM_011168640.3_3574	1194	995	18	5.08119
lcl|NC_052665.1_mrna_XM_011168637.3_3575	7932	7733	0	0
lcl|NC_052665.1_mrna_XM_039459633.1_3576	7592	7393	1.38414e-08	5.25866e-10
lcl|NC_052665.1_mrna_XM_039459632.1_3577	7430	7231	62	2.40829
lcl|NC_052665.1_ncrna_XR_005576709.1_3578	2431	2232	1	0.125841
lcl|NC_052665.1_mrna_XM_011168639.3_3579	3411	3212	220.032	19.241
lcl|NC_052665.1_mrna_XM_011168638.3_3580	3480	3281	470.968	40.3181
lcl|NC_052665.1_mrna_XM_011168635.3_3581	3149	2950	7	0.666487
lcl|NC_052665.1_mrna_XM_039459645.1_3582	1282	1083	1	0.259351
lcl|NC_052665.1_mrna_XM_039459647.1_3583	1601	1402	0	0
lcl|NC_052665.1_mrna_XM_039459646.1_3584	2254	2055	0	0
lcl|NC_052665.1_mrna_XM_026130159.2_3585	4471	4272	0	0
lcl|NC_052665.1_mrna_XM_011168634.3_3586	3690	3491	0	0
lcl|NC_052665.1_mrna_XM_026130158.2_3587	3669	3470	0	0
lcl|NC_052665.1_mrna_XM_026130160.2_3588	3534	3335	0	0
lcl|NC_052665.1_mrna_XM_011168633.3_3589	3302	3103	422	38.1985
lcl|NC_052665.1_mrna_NM_001304606.1_3590	518	319	955	840.869
lcl|NC_052665.1_mrna_XM_011168630.3_3591	5590	5391	148.991	7.76261
lcl|NC_052665.1_mrna_XM_039459640.1_3592	5446	5247	593.727	31.7828
lcl|NC_052665.1_mrna_XM_011168629.3_3593	5594	5395	0.136911	0.00712791
lcl|NC_052665.1_mrna_XM_039459642.1_3594	5380	5181	1005.17	54.4931
lcl|NC_052665.1_mrna_XM_026130200.2_3595	5528	5329	0.207396	0.0109313
lcl|NC_052665.1_mrna_XM_039459641.1_3596	5689	5490	17.7622	0.90874
lcl|NC_052665.1_mrna_XM_026130199.2_3597	5837	5638	0.00579834	0.000288865
lcl|NC_052665.1_mrna_XM_011168627.3_3598	2991	2792	441.092	44.3741
lcl|NC_052665.1_mrna_XM_011168628.3_3599	2920	2721	839.093	86.6158
lcl|NC_052665.1_mrna_XM_026130114.2_3600	8192	7993	32.893	1.15587
lcl|NC_052665.1_mrna_XM_039459639.1_3601	7949	7750	254.845	9.23615
lcl|NC_052665.1_mrna_XM_039459638.1_3602	6838	6639	0	0
lcl|NC_052665.1_mrna_XM_039459636.1_3603	7049	6850	0	0
lcl|NC_052665.1_mrna_XM_026130115.2_3604	7368	7169	0	0
lcl|NC_052665.1_mrna_XM_011169537.3_3605	1228	1029	191	52.1355
lcl|NC_052665.1_mrna_XM_039459635.1_3606	13337	13138	263	5.62267
lcl|NC_052665.1_mrna_XM_039459643.1_3607	5853	5654	0	0
lcl|NC_052665.1_mrna_XM_039459644.1_3608	5601	5402	3	0.155985
lcl|NC_052665.1_mrna_XM_011168613.3_3609	4462	4263	15.4377	1.01715
lcl|NC_052665.1_mrna_XM_011168614.3_3610	4108	3909	67.561	4.85452
lcl|NC_052665.1_mrna_XM_039459652.1_3611	4072	3873	23.3719	1.69497
lcl|NC_052665.1_mrna_XM_039459651.1_3612	4255	4056	107.343	7.43349
lcl|NC_052665.1_mrna_XM_039459653.1_3613	4013	3814	0	0
lcl|NC_052665.1_mrna_XM_039459650.1_3614	4067	3868	30.2861	2.19924
lcl|NC_052665.1_mrna_XM_011168621.3_3615	2588	2389	199.862	23.4979
lcl|NC_052665.1_mrna_XM_011168622.3_3616	2697	2498	17.2443	1.93896
lcl|NC_052665.1_mrna_XM_039459649.1_3617	2590	2391	48.8938	5.74368
lcl|NC_052665.1_mrna_XM_011168612.3_3618	2674	2475	1110	125.969
lcl|NC_052665.1_mrna_XM_011168608.3_3619	3000	2801	0.000512133	5.13553e-05
lcl|NC_052665.1_mrna_XM_011168609.3_3620	2997	2798	346.965	34.83
lcl|NC_052665.1_mrna_XM_039459648.1_3621	2860	2661	21.4247	2.26144
lcl|NC_052665.1_mrna_XM_026130056.2_3622	2110	1911	30.8133	4.52891
lcl|NC_052665.1_mrna_XM_026130054.2_3623	2272	2073	12.7963	1.73381
lcl|NC_052665.1_mrna_XM_039459654.1_3624	2824	2625	0	0
lcl|NC_052665.1_mrna_XM_011168606.3_3625	4028	3829	246	18.0454
lcl|NC_052665.1_mrna_XM_026130069.2_3626	8750	8551	0.00729692	0.000239684
lcl|NC_052665.1_mrna_XM_026130076.2_3627	8694	8495	5.31158	0.175621
lcl|NC_052665.1_mrna_XM_026130074.2_3628	8703	8504	2.42355e-06	8.0047e-08
lcl|NC_052665.1_mrna_XM_026130072.2_3629	8735	8536	0.0424548	0.00139697
lcl|NC_052665.1_mrna_XM_026130071.2_3630	8762	8563	0.00178762	5.86361e-05
lcl|NC_052665.1_mrna_XM_026130075.2_3631	8660	8461	296.576	9.84534
lcl|NC_052665.1_mrna_XM_026130073.2_3632	8732	8533	0.0604013	0.0019882
lcl|NC_052665.1_mrna_XM_011168604.3_3633	3132	2933	903	86.4752
lcl|NC_052665.1_mrna_XM_011168600.2_3634	1484	1285	787	172.023
lcl|NC_052665.1_mrna_XM_039458146.1_3635	3034	2835	39.3547	3.89905
lcl|NC_052665.1_mrna_XM_011168603.3_3636	3600	3401	193.885	16.0123
lcl|NC_052665.1_mrna_XM_039458143.1_3637	2937	2738	607.761	62.3469
lcl|NC_052665.1_mrna_XM_011168595.3_3638	802	603	0	0
lcl|NC_052665.1_mrna_XM_011168596.3_3639	939	740	0	0
lcl|NC_052665.1_mrna_XM_039458167.1_3640	792	593	3	1.42096
lcl|NC_052665.1_mrna_XM_026130287.2_3641	839	640	33	14.4827
lcl|NC_052665.1_miscrna_XR_005576447.1_3642	1325	1126	23.1798	5.78213
lcl|NC_052665.1_mrna_XM_011162807.3_3643	1397	1198	566.82	132.894
lcl|NC_052665.1_mrna_XM_026130201.2_3644	2134	1935	1502	218.024
lcl|NC_052665.1_mrna_XM_039445748.1_3645	5438	5239	137	7.34493
lcl|NC_052665.1_mrna_XM_011168594.3_3646	1997	1798	1337	208.861
lcl|NC_052665.1_mrna_XM_039445747.1_3647	10149	9950	0	0
lcl|NC_052665.1_mrna_XM_039445746.1_3648	11236	11037	0	0
lcl|NC_052665.1_mrna_XM_039445745.1_3649	11239	11040	0	0
lcl|NC_052665.1_mrna_XM_039445744.1_3650	11326	11127	0	0
lcl|NC_052665.1_mrna_XM_011168593.3_3651	11130	10931	182	4.67657
lcl|NC_052665.1_mrna_XM_026130203.2_3652	11217	11018	4.94603e-07	1.26087e-08
lcl|NC_052665.1_mrna_XM_011168592.3_3653	11307	11108	0	0
lcl|NC_052665.1_mrna_XM_011168590.3_3654	3320	3121	12.5678	1.13105
lcl|NC_052665.1_mrna_XM_026130166.2_3655	4348	4149	49.4322	3.34643
lcl|NC_052665.1_mrna_XM_011168591.3_3656	3200	3001	0	0
lcl|NC_052665.1_mrna_XM_026130167.2_3657	1736	1537	0	0
lcl|NC_052665.1_mrna_XM_039445750.1_3658	11203	11004	17	0.433924
lcl|NC_052665.1_mrna_XM_011168589.3_3659	1599	1400	43.8261	8.79266
lcl|NC_052665.1_mrna_XM_026130164.2_3660	1714	1515	7.96773	1.47719
lcl|NC_052665.1_mrna_XM_026130163.2_3661	2005	1806	6.20619	0.965212
lcl|NC_052665.1_mrna_XM_039445749.1_3662	2181	1982	0	0
lcl|NC_052665.1_mrna_XM_026130165.2_3663	1163	964	0	0
lcl|NC_052665.1_mrna_XM_011168586.3_3664	1415	1216	124.492	28.7558
lcl|NC_052665.1_mrna_XM_011168588.3_3665	1391	1192	29.5076	6.95301
lcl|NC_052665.1_mrna_XM_026130169.2_3666	2677	2478	23.1112	2.61962
lcl|NC_052665.1_mrna_XM_011168585.3_3667	2664	2465	63.8888	7.27986
lcl|NC_052665.1_mrna_XM_011168583.3_3668	689	490	481	275.718
lcl|NC_052665.1_mrna_XM_011168582.3_3669	2267	2068	411.875	55.9411
lcl|NC_052665.1_mrna_XM_011168581.3_3670	2339	2140	132.758	17.4246
lcl|NC_052665.1_mrna_XM_011168580.3_3671	2413	2214	81.5892	10.3507
lcl|NC_052665.1_mrna_XM_026130171.2_3672	2508	2309	73.4138	8.93037
lcl|NC_052665.1_mrna_XM_011168578.3_3673	2484	2285	59.85	7.35687
lcl|NC_052665.1_mrna_XM_011168579.3_3674	2496	2297	0	0
lcl|NC_052665.1_mrna_XM_011168577.3_3675	2579	2380	265.514	31.3347
lcl|NC_052665.1_mrna_XM_039445755.1_3676	4178	3979	0	0
lcl|NC_052665.1_mrna_XM_026130173.2_3677	4389	4190	123.9	8.30566
lcl|NC_052665.1_mrna_XM_011168575.3_3678	4221	4022	409.676	28.6098
lcl|NC_052665.1_ncrna_XR_005574128.1_3679	2673	2474	9.36235	1.06292
lcl|NC_052665.1_mrna_XM_039445753.1_3680	4039	3840	9.714e-07	7.10531e-08
lcl|NC_052665.1_mrna_XM_039445754.1_3681	4036	3837	102.793	7.52467
lcl|NC_052665.1_ncrna_XR_005574129.1_3682	1616	1417	4.63765	0.919272
lcl|NC_052665.1_mrna_XM_039445751.1_3683	5268	5069	28.5276	1.58073
lcl|NC_052665.1_mrna_XM_039445752.1_3684	4840	4641	51.2844	3.10377
lcl|NC_052665.1_mrna_XM_026130172.2_3685	5198	4999	29.8187	1.67541
lcl|NC_052665.1_miscrna_XR_005574127.1_3686	1468	1269	26.6489	5.89838
lcl|NC_052665.1_mrna_XM_011168574.3_3687	1172	973	4.35112	1.25604
lcl|NC_052665.1_mrna_XM_026130178.2_3688	1515	1316	0	0
lcl|NC_052665.1_mrna_XM_011168567.3_3689	4747	4548	59.5489	3.67764
lcl|NC_052665.1_mrna_XM_011168568.3_3690	4819	4620	0	0
lcl|NC_052665.1_mrna_XM_011168569.3_3691	3763	3564	0	0
lcl|NC_052665.1_mrna_XM_011168571.3_3692	4058	3859	0	0
lcl|NC_052665.1_mrna_XM_026130176.2_3693	4053	3854	8.45111	0.615911
lcl|NC_052665.1_mrna_XM_039445756.1_3694	3188	2989	0	0
lcl|NC_052665.1_mrna_XM_039445757.1_3695	1784	1585	0	0
lcl|NC_052665.1_mrna_XM_011168564.3_3696	1586	1387	6	1.21504
lcl|NC_052665.1_mrna_XM_011168565.3_3697	2062	1863	9	1.35689
lcl|NC_052665.1_mrna_XM_011168566.3_3698	2295	2096	36	4.82422
lcl|NC_052665.1_mrna_XM_026130179.2_3699	2139	1940	5.01742	0.726431
lcl|NC_052665.1_mrna_XM_011168557.3_3700	2927	2728	148.634	15.3035
lcl|NC_052665.1_mrna_XM_011168555.3_3701	2905	2706	123.182	12.786
lcl|NC_052665.1_mrna_XM_011168556.3_3702	2815	2616	167.665	18.002
lcl|NC_052665.1_mrna_XM_011168560.3_3703	1172	973	0	0
lcl|NC_052665.1_mrna_XM_011168561.3_3704	1016	817	6.51893	2.24114
lcl|NC_052665.1_mrna_XM_011168553.3_3705	910	711	388	153.277
lcl|NC_052665.1_mrna_XM_011168549.3_3706	2436	2237	200.171	25.1334
lcl|NC_052665.1_mrna_XM_011168551.3_3707	2650	2451	490.856	56.2505
lcl|NC_052665.1_mrna_XM_011168552.3_3708	2045	1846	3398	517.02
lcl|NC_052665.1_mrna_XM_011168547.3_3709	721	522	413	222.226
lcl|NC_052665.1_mrna_XM_011168548.3_3710	2364	2165	6309	818.499
lcl|NC_052665.1_mrna_XM_039457483.1_3711	3579	3380	56.1407	4.66527
lcl|NC_052665.1_mrna_XM_026130196.2_3712	4248	4049	31.4708	2.18311
lcl|NC_052665.1_mrna_XM_026130195.2_3713	4253	4054	0	0
lcl|NC_052665.1_mrna_XM_011168543.3_3714	4149	3950	233.991	16.6386
lcl|NC_052665.1_mrna_XM_026130197.2_3715	3459	3260	125.398	10.8041
lcl|NC_052665.1_mrna_XM_011168542.3_3716	1625	1426	1439	283.437
lcl|NC_052665.1_ncrna_XR_005576438.1_3717	641	442	11.4568	7.28045
lcl|NC_052665.1_mrna_XM_011168541.3_3718	1347	1148	97	23.7326
lcl|NC_052665.1_mrna_XM_011168540.3_3719	1697	1498	577.543	108.29
lcl|NC_052665.1_mrna_XM_039457935.1_3720	3869	3670	1003	76.7628
lcl|NC_052665.1_mrna_XM_011164707.3_3721	6349	6150	33.5289	1.5313
lcl|NC_052665.1_mrna_XM_011168535.3_3722	6637	6438	130	5.67163
lcl|NC_052665.1_mrna_XM_011168531.3_3723	7768	7569	0	0
lcl|NC_052665.1_mrna_XM_026130261.2_3724	7685	7486	0	0
lcl|NC_052665.1_mrna_XM_026130262.2_3725	7682	7483	0	0
lcl|NC_052665.1_mrna_XM_026130263.2_3726	7670	7471	0	0
lcl|NC_052665.1_mrna_XM_026130264.2_3727	7667	7468	0	0
lcl|NC_052665.1_mrna_XM_011168536.3_3728	7505	7306	0	0
lcl|NC_052665.1_mrna_XM_011168530.3_3729	1426	1227	1433	328.033
lcl|NC_052665.1_mrna_XM_011168526.3_3730	2216	2017	1037	144.407
lcl|NC_052665.1_mrna_XM_011168529.3_3731	1952	1753	137.127	21.9713
lcl|NC_052665.1_mrna_XM_011168528.3_3732	1890	1691	31.8732	5.29416
lcl|NC_052665.1_mrna_XM_039446070.1_3733	1942	1743	0	0
lcl|NC_052665.1_mrna_XM_039446071.1_3734	3537	3338	9	0.757307
lcl|NC_052665.1_mrna_XM_011168522.3_3735	1314	1115	39.2366	9.884
lcl|NC_052665.1_mrna_XM_011168521.3_3736	3522	3323	25.7634	2.17765
lcl|NC_052665.1_mrna_XM_039446069.1_3737	923	724	0	0
lcl|NC_052665.1_mrna_XM_026130128.2_3738	2351	2152	1	0.130519
lcl|NC_052665.1_mrna_XM_026130134.2_3739	6773	6574	0.000178511	7.62694e-06
lcl|NC_052665.1_mrna_XM_026130133.2_3740	6741	6542	0.0238332	0.00102326
lcl|NC_052665.1_mrna_XM_039446063.1_3741	6708	6509	3.80223	0.164074
lcl|NC_052665.1_mrna_XM_011168523.3_3742	6799	6600	3.40632e-06	1.44963e-07
lcl|NC_052665.1_mrna_XM_011168524.3_3743	8538	8339	11.1565	0.375777
lcl|NC_052665.1_mrna_XM_011168525.3_3744	6360	6161	2.01723	0.0919645
lcl|NC_052665.1_mrna_XM_039446067.1_3745	1762	1563	0	0
lcl|NC_052665.1_mrna_XM_039446065.1_3746	4261	4062	0	0
lcl|NC_052665.1_mrna_XM_039446064.1_3747	4009	3810	0	0
lcl|NC_052665.1_mrna_XM_039446066.1_3748	1883	1684	0	0
lcl|NC_052665.1_mrna_XM_039446059.1_3749	4483	4284	1	0.0655641
lcl|NC_052665.1_mrna_XM_026130139.2_3750	4129	3930	9	0.643229
lcl|NC_052665.1_mrna_XM_026130120.2_3751	5365	5166	9	0.489332
lcl|NC_052665.1_mrna_XM_026130130.2_3752	2667	2468	0	0
lcl|NC_052665.1_mrna_XM_011168514.3_3753	2906	2707	199.465	20.6964
lcl|NC_052665.1_mrna_XM_011168516.3_3754	2487	2288	191.718	23.5354
lcl|NC_052665.1_mrna_XM_039446061.1_3755	4008	3809	0	0
lcl|NC_052665.1_mrna_XM_039446060.1_3756	4153	3954	3.81704	0.271148
lcl|NC_052665.1_ncrna_XR_005574195.1_3757	4496	4297	2	0.130732
lcl|NC_052665.1_mrna_XM_026130127.2_3758	6121	5922	0	0
lcl|NC_052665.1_mrna_XM_026130126.2_3759	6131	5932	0	0
lcl|NC_052665.1_mrna_XM_011168510.3_3760	2378	2179	1074	138.44
lcl|NC_052665.1_mrna_XM_011168511.3_3761	6203	6004	390	18.2448
lcl|NC_052665.1_mrna_XM_039446043.1_3762	2265	2066	0	0
lcl|NC_052665.1_mrna_XM_011168507.3_3763	2459	2260	0	0
lcl|NC_052665.1_mrna_XM_039445778.1_3764	3181	2982	0	0
lcl|NC_052665.1_mrna_XM_011168506.3_3765	1388	1189	0	0
lcl|NC_052665.1_mrna_XM_039446053.1_3766	2200	2001	0	0
lcl|NC_052665.1_mrna_XM_011168737.2_3767	1345	1146	0	0
lcl|NC_052665.1_mrna_XM_011168736.3_3768	1101	902	0	0
lcl|NC_052665.1_mrna_XM_011168503.3_3769	2978	2779	0	0
lcl|NC_052665.1_mrna_XM_011168504.3_3770	2884	2685	8	0.836877
lcl|NC_052665.1_ncrna_XR_005576659.1_3771	2481	2282	9	1.10775
lcl|NC_052665.1_mrna_XM_026130124.2_3772	2156	1957	0	0
lcl|NC_052665.1_mrna_XM_026130125.2_3773	1470	1271	0	0
lcl|NC_052665.1_mrna_XM_011168502.3_3774	2212	2013	0	0
lcl|NC_052665.1_miscrna_XR_003268192.2_3775	2005	1806	639.92	99.523
lcl|NC_052665.1_mrna_XM_026130129.2_3776	1624	1425	24.0801	4.74635
lcl|NC_052665.1_mrna_XM_011168500.3_3777	7913	7714	2.51936	0.0917331
lcl|NC_052665.1_mrna_XM_039446380.1_3778	6702	6503	11.8799	0.513117
lcl|NC_052665.1_mrna_XM_026130058.2_3779	4198	3999	8.6007	0.604085
lcl|NC_052665.1_mrna_XM_011168499.3_3780	1823	1624	3	0.518861
lcl|NC_052665.1_mrna_XM_011168734.3_3781	1644	1445	1	0.194378
lcl|NC_052665.1_mrna_XM_011168498.3_3782	915	716	1	0.392286
lcl|NC_052665.1_mrna_XM_011168496.3_3783	1179	980	0	0
lcl|NC_052665.1_mrna_XM_011168494.3_3784	4481	4282	0	0
lcl|NC_052665.1_mrna_XM_011168492.3_3785	4377	4178	0.46191	0.0310531
lcl|NC_052665.1_mrna_XM_039458175.1_3786	4363	4164	13.3858	0.902923
lcl|NC_052665.1_miscrna_XR_005576449.1_3787	3803	3604	2.15225	0.167735
lcl|NC_052665.1_mrna_XM_026130038.2_3788	2502	2303	0	0
lcl|NC_052665.1_mrna_XM_011168490.3_3789	1971	1772	0	0
lcl|NC_052665.1_mrna_XM_039459702.1_3790	1942	1743	0	0
lcl|NC_052665.1_mrna_XM_026130148.2_3791	1875	1676	47.602	7.9775
lcl|NC_052665.1_mrna_XM_026130149.2_3792	1854	1655	0.00150291	0.000255064
lcl|NC_052665.1_mrna_XM_011168489.3_3793	1824	1625	2.68228e-05	4.63624e-06
lcl|NC_052665.1_mrna_XM_011168488.3_3794	1839	1640	0	0
lcl|NC_052665.1_mrna_XM_011168486.3_3795	1806	1607	1.90768	0.33343
lcl|NC_052665.1_mrna_XM_039459700.1_3796	1755	1556	0.000465463	8.40216e-05
lcl|NC_052665.1_mrna_XM_011168487.3_3797	1788	1589	0.000234967	4.15335e-05
lcl|NC_052665.1_mrna_XM_039459701.1_3798	1737	1538	54.4881	9.95088
lcl|NC_052665.1_mrna_XM_011168485.3_3799	2441	2242	15	1.87919
lcl|NC_052665.1_mrna_XM_011168482.3_3800	2349	2150	2347.24	306.644
lcl|NC_052665.1_mrna_XM_011168484.3_3801	2353	2154	2002.76	261.155
lcl|NC_052665.1_mrna_XM_026130052.2_3802	4131	3932	50.8903	3.63528
lcl|NC_052665.1_mrna_XM_011168480.3_3803	4387	4188	79.9528	5.36219
lcl|NC_052665.1_mrna_XM_011168481.3_3804	4162	3963	133.157	9.43747
lcl|NC_052665.1_mrna_XM_011168479.3_3805	563	364	966	745.404
lcl|NC_052665.1_miscrna_XR_005576723.1_3806	11378	11179	0.00014672	3.6864e-06
lcl|NC_052665.1_mrna_XM_039459704.1_3807	10729	10530	184.422	4.91926
lcl|NC_052665.1_mrna_XM_026130085.2_3808	10710	10511	3.55009	0.094866
lcl|NC_052665.1_mrna_XM_026130084.2_3809	6915	6716	0	0
lcl|NC_052665.1_mrna_XM_039459703.1_3810	11866	11667	21.0811	0.507515
lcl|NC_052665.1_miscrna_XR_005576722.1_3811	11521	11322	0	0
lcl|NC_052665.1_mrna_XM_011168473.2_3812	881	682	263	108.315
lcl|NC_052665.1_mrna_XM_039459709.1_3813	1853	1654	186.311	31.6387
lcl|NC_052665.1_mrna_XM_039459710.1_3814	1798	1599	447.689	78.64
lcl|NC_052665.1_mrna_XM_011168471.3_3815	4701	4502	50	3.11947
lcl|NC_052665.1_mrna_XM_039459707.1_3816	4476	4277	168.8	11.0853
lcl|NC_052665.1_mrna_XM_039459705.1_3817	5009	4810	0	0
lcl|NC_052665.1_mrna_XM_039459706.1_3818	5006	4807	1.17557e-05	6.86895e-07
lcl|NC_052665.1_mrna_XM_011168468.3_3819	4937	4738	7.78852e-05	4.61717e-06
lcl|NC_052665.1_mrna_XM_039459708.1_3820	4931	4732	83.1999	4.93849
lcl|NC_052665.1_mrna_XM_011168467.3_3821	1623	1424	1423	280.679
lcl|NC_052665.1_mrna_XM_011168466.3_3822	2255	2056	1617	220.904
lcl|NC_052665.1_mrna_XM_011168732.3_3823	4786	4587	0	0
lcl|NC_052665.1_mrna_XM_039445779.1_3824	471	272	0	0
lcl|NC_052665.1_mrna_XM_011168465.2_3825	1140	941	0	0
lcl|NC_052665.1_mrna_XM_039459711.1_3826	16102	15903	9.00641	0.15907
lcl|NC_052665.1_mrna_XM_011168462.3_3827	6120	5921	2403	113.992
lcl|NC_052665.1_mrna_XM_011168461.3_3828	1192	993	206	58.2685
lcl|NC_052665.1_mrna_NM_001304596.1_3829	5764	5565	463	23.3685
lcl|NC_052665.1_mrna_XM_011168459.3_3830	2306	2107	1280.62	170.715
lcl|NC_052665.1_ncrna_XR_005574133.1_3831	1931	1732	17.4395	2.82814
lcl|NC_052665.1_mrna_XM_011168458.3_3832	2449	2250	27.1817	3.3932
lcl|NC_052665.1_mrna_XM_011168457.3_3833	2510	2311	0	0
lcl|NC_052665.1_mrna_XM_011168454.3_3834	5629	5430	28	1.44835
lcl|NC_052665.1_mrna_XM_011168453.2_3835	3121	2922	187	17.9753
lcl|NC_052665.1_mrna_XM_011168451.3_3836	5652	5453	252.029	12.9817
lcl|NC_052665.1_mrna_XM_039445801.1_3837	5414	5215	241.971	13.0324
lcl|NC_052665.1_mrna_XM_011168450.3_3838	5878	5679	15.1432	0.748964
lcl|NC_052665.1_mrna_XM_011168449.3_3839	6265	6066	38.8039	1.79675
lcl|NC_052665.1_mrna_XM_011168448.3_3840	6260	6061	40.053	1.85612
lcl|NC_052665.1_mrna_XM_039445799.1_3841	7207	7008	0	0
lcl|NC_052665.1_mrna_XM_026130237.2_3842	7395	7196	0	0
lcl|NC_052665.1_mrna_XM_026130244.2_3843	1170	971	0	0
lcl|NC_052665.1_mrna_XM_026130248.2_3844	1077	878	0	0
lcl|NC_052665.1_mrna_XM_026130249.2_3845	1070	871	0	0
lcl|NC_052665.1_mrna_XM_011168445.3_3846	1189	990	10153.2	2880.61
lcl|NC_052665.1_mrna_XM_011168443.3_3847	1203	1004	7711.71	2157.41
lcl|NC_052665.1_mrna_XM_011168444.3_3848	1216	1017	10114.9	2793.56
lcl|NC_052665.1_mrna_XM_011168447.3_3849	1155	956	1024.81	301.092
lcl|NC_052665.1_mrna_XM_011168446.3_3850	1168	969	1247.73	361.671
lcl|NC_052665.1_mrna_XM_039445813.1_3851	1171	972	1100.6	318.038
lcl|NC_052665.1_mrna_XM_039445811.1_3852	1390	1191	33.7133	7.95069
lcl|NC_052665.1_mrna_XM_011168442.3_3853	1533	1334	93.2867	19.6417
lcl|NC_052665.1_mrna_XM_039445807.1_3854	5395	5196	0	0
lcl|NC_052665.1_mrna_XM_039445808.1_3855	4937	4738	0	0
lcl|NC_052665.1_mrna_XM_039445804.1_3856	5581	5382	0	0
lcl|NC_052665.1_mrna_XM_039445806.1_3857	5518	5319	0	0
lcl|NC_052665.1_mrna_XM_039445805.1_3858	5122	4923	0	0
lcl|NC_052665.1_miscrna_XR_005574132.1_3859	1206	1007	0	0
lcl|NC_052665.1_mrna_XM_039445815.1_3860	1133	934	0	0
lcl|NC_052665.1_mrna_XM_039445809.1_3861	2975	2776	0	0
lcl|NC_052665.1_mrna_XM_039445810.1_3862	2270	2071	0	0
lcl|NC_052665.1_mrna_XM_026130241.2_3863	1051	852	0	0
lcl|NC_052665.1_mrna_XM_039445816.1_3864	470	271	0	0
lcl|NC_052665.1_mrna_XM_026130240.2_3865	1077	878	0	0
lcl|NC_052665.1_mrna_XM_026130242.2_3866	937	738	0	0
lcl|NC_052665.1_mrna_XM_026130245.2_3867	1059	860	0	0
lcl|NC_052665.1_mrna_XM_026130247.2_3868	1057	858	0	0
lcl|NC_052665.1_mrna_XM_011168441.3_3869	1372	1173	17	4.07068
lcl|NC_052665.1_mrna_XM_011168440.3_3870	1867	1668	0	0
lcl|NC_052665.1_mrna_XM_039445800.1_3871	6865	6666	2.40464	0.101321
lcl|NC_052665.1_mrna_XM_026130238.2_3872	4609	4410	0	0
lcl|NC_052665.1_mrna_XM_039445802.1_3873	4349	4150	19.6628	1.3308
lcl|NC_052665.1_mrna_XM_039445803.1_3874	3927	3728	0.932532	0.0702593
lcl|NC_052665.1_mrna_XM_011168438.3_3875	2357	2158	6	0.780936
lcl|NC_052665.1_mrna_XM_026130207.2_3876	8658	8459	0	0
lcl|NC_052665.1_mrna_XM_039446261.1_3877	9017	8818	36.9888	1.17819
lcl|NC_052665.1_mrna_XM_011168435.3_3878	9186	8987	16.0112	0.50041
lcl|NC_052665.1_mrna_XM_039446258.1_3879	4464	4265	0	0
lcl|NC_052665.1_mrna_XM_039446260.1_3880	4374	4175	0	0
lcl|NC_052665.1_mrna_XM_039446259.1_3881	3547	3348	19.9635	1.67481
lcl|NC_052665.1_mrna_XM_011168432.3_3882	2195	1996	5320	748.629
lcl|NC_052665.1_mrna_XM_039446262.1_3883	1238	1039	3	0.811001
lcl|NC_052665.1_ncrna_XR_005574228.1_3884	3288	3089	1.06734	0.0970513
lcl|NC_052665.1_mrna_XM_026130144.2_3885	2536	2337	346.933	41.6967
lcl|NC_052665.1_mrna_XM_026130259.2_3886	2311	2112	2	0.265982
lcl|NC_052665.1_mrna_XM_039445786.1_3887	2040	1841	1	0.152567
lcl|NC_052665.1_mrna_XM_011168427.3_3888	3959	3760	197.913	14.7844
lcl|NC_052665.1_mrna_XM_011168428.3_3889	3190	2991	4.08685	0.383785
lcl|NC_052665.1_mrna_XM_011168426.3_3890	3258	3059	437	40.1252
lcl|NC_052665.1_ncrna_XR_005574229.1_3891	1521	1322	4	0.849854
lcl|NC_052665.1_mrna_XM_011168423.3_3892	5224	5025	148.443	8.29736
lcl|NC_052665.1_mrna_XM_039446363.1_3893	2719	2520	49.5569	5.52356
lcl|NC_052665.1_mrna_XM_011168422.3_3894	1008	809	516	179.15
lcl|NC_052665.1_mrna_XM_026130059.2_3895	2405	2206	0	0
lcl|NC_052665.1_mrna_XM_011168721.3_3896	2448	2249	5	0.624448
lcl|NC_052665.1_mrna_XM_026130061.2_3897	10086	9887	160.284	4.55346
lcl|NC_052665.1_mrna_XM_026130060.2_3898	9969	9770	0	0
lcl|NC_052665.1_mrna_XM_039446005.1_3899	10566	10367	0	0
lcl|NC_052665.1_mrna_XM_039446006.1_3900	9758	9559	0	0
lcl|NC_052665.1_mrna_XM_039446007.1_3901	8914	8715	25.7159	0.8288
lcl|NC_052665.1_mrna_XM_011168421.3_3902	1136	937	943	282.675
lcl|NC_052665.1_mrna_XM_011168420.3_3903	1557	1358	1236.54	255.756
lcl|NC_052665.1_miscrna_XR_850991.3_3904	1467	1268	95.4571	21.1449
lcl|NC_052665.1_mrna_XM_039445992.1_3905	9131	8932	690.257	21.7059
lcl|NC_052665.1_mrna_XM_011168419.3_3906	8989	8790	168.743	5.39204
lcl|NC_052665.1_ncrna_XR_005574158.1_3907	760	561	0	0
lcl|NC_052665.1_ncrna_XR_005574159.1_3908	605	406	27	18.679
lcl|NC_052665.1_miscrna_XR_003268207.2_3909	3123	2924	3.07869e-07	2.95737e-08
lcl|NC_052665.1_mrna_XM_011168413.2_3910	3109	2910	328	31.659
lcl|NC_052665.1_mrna_XM_011168415.3_3911	1625	1426	423.69	83.4535
lcl|NC_052665.1_mrna_XM_011168416.3_3912	1646	1447	162.854	31.6116
lcl|NC_052665.1_mrna_XM_026130236.2_3913	1354	1155	81.4559	19.8087
lcl|NC_052665.1_mrna_XM_011168401.3_3914	2066	1867	53.4113	8.03535
lcl|NC_052665.1_mrna_XM_011168398.3_3915	2830	2631	689.051	73.5607
lcl|NC_052665.1_mrna_XM_011168402.3_3916	1289	1090	75.6854	19.503
lcl|NC_052665.1_mrna_XM_011168399.3_3917	2812	2613	226.514	24.3484
lcl|NC_052665.1_mrna_XM_011168400.3_3918	2731	2532	29.9298	3.32014
lcl|NC_052665.1_mrna_XM_039446004.1_3919	4066	3867	0	0
lcl|NC_052665.1_mrna_XM_026130233.2_3920	4071	3872	0	0
lcl|NC_052665.1_mrna_XM_026130230.2_3921	4122	3923	133.465	9.55578
lcl|NC_052665.1_mrna_XM_026130229.2_3922	4128	3929	0.0470762	0.00336539
lcl|NC_052665.1_mrna_XM_026130234.2_3923	4067	3868	59.8738	4.34777
lcl|NC_052665.1_mrna_XM_011168408.3_3924	2794	2595	204.39	22.1226
lcl|NC_052665.1_mrna_XM_026130232.2_3925	2798	2599	97.2461	10.5095
lcl|NC_052665.1_mrna_XM_026130235.2_3926	2603	2404	148.387	17.3371
lcl|NC_052665.1_mrna_XM_011168412.3_3927	3728	3529	174.817	13.9139
lcl|NC_052665.1_mrna_XM_039446002.1_3928	3090	2891	0	0
lcl|NC_052665.1_mrna_XM_039445994.1_3929	3383	3184	9.574	0.844571
lcl|NC_052665.1_mrna_XM_039445997.1_3930	3186	2987	10.996	1.03399
lcl|NC_052665.1_mrna_XM_039445996.1_3931	3288	3089	11.8032	1.07324
lcl|NC_052665.1_mrna_XM_039445995.1_3932	3288	3089	8.26721	0.751721
lcl|NC_052665.1_mrna_XM_039445993.1_3933	3390	3191	0	0
lcl|NC_052665.1_mrna_XM_039445998.1_3934	3089	2890	0	0
lcl|NC_052665.1_mrna_XM_039446000.1_3935	2986	2787	4.26868	0.430202
lcl|NC_052665.1_mrna_XM_039446001.1_3936	3100	2901	9.09094	0.880191
lcl|NC_052665.1_mrna_XM_039446003.1_3937	2741	2542	0	0
lcl|NC_052665.1_trna_3938	73	3.5471	0	0
lcl|NC_052665.1_mrna_XM_039446008.1_3939	3989	3790	0	0
lcl|NC_052665.1_mrna_XM_011168411.3_3940	3810	3611	220.183	17.1266
lcl|NC_052665.1_mrna_XM_039458045.1_3941	2652	2453	16	1.83205
lcl|NC_052665.1_mrna_XM_026130106.2_3942	8070	7871	228.613	8.15804
lcl|NC_052665.1_mrna_XM_039458031.1_3943	8538	8339	58.3873	1.96662
lcl|NC_052665.1_mrna_XM_039458026.1_3944	8574	8375	0	0
lcl|NC_052665.1_mrna_XM_026130108.2_3945	1759	1560	71.5304	12.879
lcl|NC_052665.1_mrna_XM_026130109.2_3946	1710	1511	377.47	70.1671
lcl|NC_052665.1_mrna_XM_039458042.1_3947	2435	2236	921.662	115.775
lcl|NC_052665.1_mrna_XM_011168391.3_3948	2561	2362	90.7376	10.79
lcl|NC_052665.1_mrna_XM_039445825.1_3949	3170	2971	0	0
lcl|NC_052665.1_mrna_XM_039445823.1_3950	3199	3000	0	0
lcl|NC_052665.1_mrna_XM_039445824.1_3951	3174	2975	0	0
lcl|NC_052665.1_mrna_XM_011168390.3_3952	4595	4396	0	0
lcl|NC_052665.1_mrna_XM_039445938.1_3953	9098	8899	12	0.378753
lcl|NC_052665.1_ncrna_XR_005574151.1_3954	1676	1477	0	0
lcl|NC_052665.1_ncrna_XR_005574150.1_3955	1865	1666	0	0
lcl|NC_052665.1_ncrna_XR_005574149.1_3956	3525	3326	3	0.253346
lcl|NC_052665.1_ncrna_XR_005574152.1_3957	2754	2555	0	0
lcl|NC_052665.1_mrna_XM_011168387.3_3958	1536	1337	576.645	121.141
lcl|NC_052665.1_mrna_XM_039445939.1_3959	1274	1075	423.355	110.614
lcl|NC_052665.1_mrna_XM_011168388.3_3960	1390	1191	0	0
lcl|NC_052665.1_mrna_XM_026138486.2_3961	1386	1187	0	0
lcl|NC_052665.1_mrna_XM_039445941.1_3962	1152	953	1	0.294729
lcl|NC_052665.1_mrna_XM_039446241.1_3963	3696	3497	2	0.160639
lcl|NC_052665.1_ncrna_XR_005574200.1_3964	293	94.0001	0	0
lcl|NC_052665.1_mrna_XM_011168384.3_3965	2099	1900	67	9.9046
lcl|NC_052665.1_mrna_XM_011168383.3_3966	2035	1836	27.7945	4.25208
lcl|NC_052665.1_mrna_XM_039457676.1_3967	1969	1770	4.20552	0.667363
lcl|NC_052665.1_mrna_XM_011168381.3_3968	5381	5182	65.4854	3.54947
lcl|NC_052665.1_mrna_XM_011168380.3_3969	5376	5177	787.369	42.7185
lcl|NC_052665.1_mrna_XM_011168379.3_3970	5453	5254	660.045	35.2857
lcl|NC_052665.1_mrna_XM_011168377.3_3971	3359	3160	128.717	11.441
lcl|NC_052665.1_mrna_XM_011168378.3_3972	3348	3149	6.45117	0.575415
lcl|NC_052665.1_mrna_XM_039457693.1_3973	3342	3143	43.6921	3.90458
lcl|NC_052665.1_mrna_XM_011168375.3_3974	3374	3175	214.888	19.0101
lcl|NC_052665.1_mrna_XM_011168374.3_3975	3431	3232	865.404	75.2079
lcl|NC_052665.1_mrna_XM_039457695.1_3976	3408	3209	51.2169	4.4829
lcl|NC_052665.1_mrna_XM_026138489.2_3977	5148	4949	431.997	24.5177
lcl|NC_052665.1_mrna_XM_026138482.2_3978	5046	4847	87	5.04153
lcl|NC_052665.1_mrna_XM_039459725.1_3979	5717	5518	3.1622e-05	1.60962e-06
lcl|NC_052665.1_mrna_XM_026138484.2_3980	5649	5450	7.9678	0.410637
lcl|NC_052665.1_mrna_XM_039459727.1_3981	4656	4457	0	0
lcl|NC_052665.1_mrna_XM_039459726.1_3982	4965	4766	11.0322	0.650163
lcl|NC_052665.1_mrna_XM_011168372.3_3983	2197	1998	116.245	16.3417
lcl|NC_052665.1_mrna_XM_011168373.3_3984	2203	2004	97.7546	13.7011
lcl|NC_052665.1_ncrna_XR_005576708.1_3985	1275	1076	0	0
lcl|NC_052665.1_ncrna_XR_005574161.1_3986	270	71.016	0	0
lcl|NC_052665.1_mrna_XM_011168370.3_3987	5156	4957	60.515	3.42894
lcl|NC_052665.1_mrna_XM_039458830.1_3988	5143	4944	42.485	2.41364
lcl|NC_052665.1_mrna_XM_026141287.2_3989	9494	9295	465.17	14.0565
lcl|NC_052665.1_mrna_XM_039446360.1_3990	9783	9584	15.5204	0.454854
lcl|NC_052665.1_mrna_XM_039446361.1_3991	10114	9915	3.35069	0.09492
lcl|NC_052665.1_mrna_XM_039446359.1_3992	10117	9918	0	0
lcl|NC_052665.1_mrna_XM_039457358.1_3993	2908	2709	0	0
lcl|NC_052665.1_mrna_XM_039457354.1_3994	2724	2525	0	0
lcl|NC_052665.1_mrna_XM_039457363.1_3995	2668	2469	13.0583	1.48552
lcl|NC_052665.1_mrna_XM_039457369.1_3996	2396	2197	20.6968	2.64599
lcl|NC_052665.1_mrna_XM_039457373.1_3997	2767	2568	0	0
lcl|NC_052665.1_mrna_XM_039457372.1_3998	2583	2384	0	0
lcl|NC_052665.1_mrna_XM_039457368.1_3999	2739	2540	0	0
lcl|NC_052665.1_ncrna_XR_005576311.1_4000	347	148	3.9307	7.45974
lcl|NC_052665.1_mrna_XM_039457378.1_4001	2016	1817	0	0
lcl|NC_052665.1_mrna_XM_039457343.1_4002	8552	8353	0	0
lcl|NC_052665.1_mrna_XM_039457337.1_4003	8694	8495	321.066	10.6156
lcl|NC_052665.1_mrna_XM_039457347.1_4004	8560	8361	0	0
lcl|NC_052665.1_mrna_XM_039457340.1_4005	8702	8503	232.248	7.67178
lcl|NC_052665.1_mrna_XM_039457349.1_4006	8091	7892	0	0
lcl|NC_052665.1_mrna_XM_039457609.1_4007	1053	854	92.1827	30.3185
lcl|NC_052665.1_mrna_XM_039457606.1_4008	1052	853	298.549	98.3065
lcl|NC_052665.1_mrna_XM_039457611.1_4009	1786	1587	0	0
lcl|NC_052665.1_ncrna_XR_005576371.1_4010	583	384	1.83367	1.34124
lcl|NC_052665.1_mrna_XM_039457604.1_4011	867	668	481.292	202.371
lcl|NC_052665.1_mrna_XM_026140879.2_4012	1932	1733	921.031	149.276
lcl|NC_052665.1_mrna_XM_026140874.2_4013	1950	1751	0	0
lcl|NC_052665.1_mrna_XM_026140876.2_4014	1969	1770	376.433	59.7352
lcl|NC_052665.1_mrna_XM_026140875.2_4015	2054	1855	1107.76	167.733
lcl|NC_052665.1_mrna_XM_026140877.2_4016	2032	1833	94.7767	14.5229
lcl|NC_052665.1_mrna_XM_026140873.2_4017	519	320	510	447.647
lcl|NC_052665.1_mrna_XM_039457628.1_4018	5626	5427	9.28706e-07	4.80656e-08
lcl|NC_052665.1_mrna_XM_011158336.3_4019	4941	4742	74.0839	4.38812
lcl|NC_052665.1_mrna_XM_039457620.1_4020	5631	5432	24.6136	1.27272
lcl|NC_052665.1_mrna_XM_011158337.3_4021	5675	5476	0.00753332	0.000386401
lcl|NC_052665.1_miscrna_XR_005576376.1_4022	7011	6812	14.2949	0.589417
lcl|NC_052665.1_mrna_XM_026140871.2_4023	4746	4547	0	0
lcl|NC_052665.1_mrna_XM_039445962.1_4024	1412	1213	0	0
lcl|NC_052665.1_mrna_XM_039445961.1_4025	735	536	12.3763	6.48545
lcl|NC_052665.1_mrna_XM_039445787.1_4026	2484	2285	0	0
lcl|NC_052665.1_mrna_XM_039445788.1_4027	582	383	0	0
lcl|NC_052665.1_mrna_XM_039445790.1_4028	447	248	0	0
lcl|NC_052665.1_mrna_XM_039458075.1_4029	5499	5300	1.696e-07	8.98806e-09
lcl|NC_052665.1_mrna_XM_039458070.1_4030	5562	5363	1.99074e-06	1.04261e-07
lcl|NC_052665.1_mrna_XM_039458063.1_4031	5619	5420	8.28664e-05	4.29432e-06
lcl|NC_052665.1_mrna_XM_039458073.1_4032	5512	5313	40.4203	2.13686
lcl|NC_052665.1_mrna_XM_039458080.1_4033	5550	5351	31.5796	1.65763
lcl|NC_052665.1_mrna_XM_011158215.3_4034	1725	1526	1003	184.613
lcl|NC_052665.1_mrna_XM_011158217.3_4035	3215	3016	14.335	1.335
lcl|NC_052665.1_mrna_XM_011158216.3_4036	3080	2881	22.478	2.19144
lcl|NC_052665.1_mrna_XM_011158214.3_4037	1678	1479	583	110.717
lcl|NC_052665.1_mrna_XM_039446100.1_4038	1471	1272	8.62373	1.90425
lcl|NC_052665.1_mrna_XM_011175524.3_4039	1176	977	17.9839	5.17018
lcl|NC_052665.1_mrna_XM_039446099.1_4040	1464	1265	4.39236	0.975266
lcl|NC_052665.1_mrna_XM_039446098.1_4041	1168	969	1062	307.834
lcl|NC_052665.1_mrna_XM_011158210.3_4042	1625	1426	1670.64	329.062
lcl|NC_052665.1_mrna_XM_011158212.3_4043	2946	2747	1542.36	157.704
lcl|NC_052665.1_mrna_XM_039446101.1_4044	2516	2317	8.07663	0.979084
lcl|NC_052665.1_mrna_XM_039446104.1_4045	3043	2844	0	0
lcl|NC_052665.1_mrna_XM_026135578.2_4046	3478	3279	0	0
lcl|NC_052665.1_mrna_XM_039446103.1_4047	3400	3201	1.10213	0.0967083
lcl|NC_052665.1_mrna_XM_039446102.1_4048	3419	3220	0.0029129	0.000254089
lcl|NC_052665.1_mrna_XM_026135580.2_4049	3110	2911	8.96748	0.865254
lcl|NC_052665.1_mrna_XM_026135579.2_4050	1850	1651	19.0752	3.24517
lcl|NC_052665.1_mrna_XM_011158208.3_4051	1739	1540	619.925	113.067
lcl|NC_052665.1_mrna_XM_026135538.2_4052	12511	12312	129	2.94291
lcl|NC_052665.1_mrna_XM_011158205.3_4053	2072	1873	0	0
lcl|NC_052665.1_mrna_XM_011158206.3_4054	1915	1716	0	0
lcl|NC_052665.1_mrna_XM_039446107.1_4055	1837	1638	10	1.71475
lcl|NC_052665.1_mrna_XM_011158204.3_4056	1162	963	769	224.293
lcl|NC_052665.1_mrna_XM_011158219.3_4057	6869	6670	3.89135	0.163867
lcl|NC_052665.1_mrna_XM_039446105.1_4058	6866	6667	6.11034	0.257425
lcl|NC_052665.1_mrna_XM_039446106.1_4059	4917	4718	0	0
lcl|NC_052665.1_mrna_XM_011158202.3_4060	707	508	5	2.76453
lcl|NC_052665.1_mrna_XM_011158201.3_4061	826	627	3	1.34391
lcl|NC_052665.1_mrna_XM_039445730.1_4062	4072	3873	0	0
lcl|NC_052665.1_ncrna_XR_005574125.1_4063	2686	2487	3.06726	0.34641
lcl|NC_052665.1_mrna_XM_039445882.1_4064	7097	6898	0	0
lcl|NC_052665.1_mrna_XM_039445886.1_4065	6816	6617	0	0
lcl|NC_052665.1_mrna_XM_026135567.2_4066	6885	6686	1.96447e-06	8.25267e-08
lcl|NC_052665.1_mrna_XM_039445885.1_4067	6864	6665	4.24225e-05	1.78777e-06
lcl|NC_052665.1_mrna_XM_026135565.2_4068	6921	6722	1.0184e-08	4.25536e-10
lcl|NC_052665.1_mrna_XM_026135563.2_4069	6933	6734	10.3312	0.430915
lcl|NC_052665.1_mrna_XM_039445884.1_4070	6966	6767	21.5155	0.89304
lcl|NC_052665.1_mrna_XM_039445883.1_4071	6721	6522	13.1533	0.56646
lcl|NC_052665.1_mrna_XM_039445887.1_4072	3382	3183	0	0
lcl|NC_052665.1_mrna_XM_039445888.1_4073	9957	9758	0	0
lcl|NC_052665.1_mrna_XM_026135561.2_4074	9082	8883	193.688	6.12432
lcl|NC_052665.1_mrna_XM_026135560.2_4075	8859	8660	87.3173	2.83203
lcl|NC_052665.1_mrna_XM_026135559.2_4076	9036	8837	0	0
lcl|NC_052665.1_mrna_XM_011158192.3_4077	10393	10194	100	2.75531
lcl|NC_052665.1_mrna_XM_011158189.3_4078	5585	5386	87.1234	4.54343
lcl|NC_052665.1_mrna_XM_011158190.3_4079	5637	5438	184.66	9.53785
lcl|NC_052665.1_mrna_XM_026135558.2_4080	5642	5443	73.2162	3.7782
lcl|NC_052665.1_mrna_XM_011158184.3_4081	955	756	235.817	87.6132
lcl|NC_052665.1_mrna_XM_011158183.3_4082	827	628	37.1827	16.6302
lcl|NC_052665.1_mrna_XM_011158185.3_4083	881	682	159	65.483
lcl|NC_052665.1_mrna_XM_011158186.3_4084	2369	2170	0.012578	0.00162806
lcl|NC_052665.1_mrna_XM_039445892.1_4085	2435	2236	27.4055	3.44256
lcl|NC_052665.1_mrna_XM_011158187.3_4086	2383	2184	738.093	94.9236
lcl|NC_052665.1_mrna_XM_011158188.3_4087	2206	2007	241.489	33.7961
lcl|NC_052665.1_trna_4088	77	3.63627	0	0
lcl|NC_052665.1_mrna_XM_026135581.2_4089	1810	1611	191	33.3007
lcl|NC_052665.1_mrna_XM_011158175.3_4090	4860	4661	470	28.3227
lcl|NC_052665.1_mrna_XM_026135613.2_4091	3935	3736	0.017649	0.00132687
lcl|NC_052665.1_mrna_XM_026135614.2_4092	3013	2814	19.502	1.94658
lcl|NC_052665.1_mrna_XM_039445890.1_4093	2690	2491	0	0
lcl|NC_052665.1_mrna_XM_039445891.1_4094	2432	2233	0	0
lcl|NC_052665.1_mrna_XM_039445889.1_4095	3908	3709	25.4803	1.92959
lcl|NC_052665.1_mrna_XM_039445893.1_4096	1157	958	313.246	91.8407
lcl|NC_052665.1_mrna_XM_011158179.3_4097	1152	953	344.767	101.613
lcl|NC_052665.1_mrna_XM_011158181.3_4098	3095	2896	354.987	34.4294
lcl|NC_052665.1_mrna_XM_039445791.1_4099	1739	1540	702.37	128.103
lcl|NC_052665.1_mrna_XM_011158173.3_4100	1072	873	828	266.399
lcl|NC_052665.1_mrna_XM_011158171.3_4101	2403	2204	30.5052	3.88757
lcl|NC_052665.1_mrna_XM_039445904.1_4102	2114	1915	12.4948	1.83264
lcl|NC_052665.1_mrna_XM_011176280.3_4103	2678	2479	191.955	21.749
lcl|NC_052665.1_mrna_XM_011176274.3_4104	2614	2415	237.045	27.5695
lcl|NC_052665.1_mrna_XM_011169296.3_4105	2322	2123	516	68.2677
lcl|NC_052665.1_mrna_XM_039445903.1_4106	2037	1838	0	0
lcl|NC_052665.1_mrna_XM_026135610.2_4107	3238	3039	63.1577	5.83729
lcl|NC_052665.1_mrna_XM_011169298.3_4108	2420	2221	481.842	60.9357
lcl|NC_052665.1_mrna_XM_039445905.1_4109	2906	2707	0	0
lcl|NC_052665.1_mrna_XM_039445907.1_4110	2535	2336	3	0.360715
lcl|NC_052665.1_miscrna_XR_003268780.2_4111	2901	2702	0	0
lcl|NC_052665.1_mrna_XM_026135619.2_4112	3247	3048	169.693	15.6374
lcl|NC_052665.1_mrna_XM_026135620.2_4113	3564	3365	337.307	28.155
lcl|NC_052665.1_mrna_XM_039445902.1_4114	7707	7508	11.2121	0.419448
lcl|NC_052665.1_mrna_XM_039445900.1_4115	7998	7799	0	0
lcl|NC_052665.1_mrna_XM_039445899.1_4116	8000	7801	33.3083	1.19927
lcl|NC_052665.1_mrna_XM_039445896.1_4117	9639	9440	0	0
lcl|NC_052665.1_mrna_XM_039445898.1_4118	9626	9427	118.593	3.53346
lcl|NC_052665.1_mrna_XM_039445897.1_4119	9545	9346	24.8871	0.747935
lcl|NC_052665.1_mrna_XM_039445927.1_4120	1934	1735	0	0
lcl|NC_052665.1_mrna_XM_011160237.3_4121	1914	1715	1175	192.437
lcl|NC_052665.1_mrna_XM_039445923.1_4122	1574	1375	1049	214.283
lcl|NC_052665.1_mrna_XM_011169299.3_4123	1383	1184	1866	442.665
lcl|NC_052665.1_mrna_XM_011169309.3_4124	4686	4487	120.742	7.55818
lcl|NC_052665.1_mrna_XM_011169307.3_4125	4639	4440	180.232	11.4016
lcl|NC_052665.1_mrna_XM_011169306.3_4126	4637	4438	30.4369	1.92632
lcl|NC_052665.1_mrna_XM_011169310.3_4127	4639	4440	0	0
lcl|NC_052665.1_mrna_XM_011169308.3_4128	4625	4426	46.3359	2.94051
lcl|NC_052665.1_mrna_XM_026135617.2_4129	4892	4693	52.2323	3.12611
lcl|NC_052665.1_mrna_XM_011169301.3_4130	4910	4711	131.857	7.86153
lcl|NC_052665.1_mrna_XM_011169304.3_4131	4749	4550	28.4668	1.75729
lcl|NC_052665.1_mrna_XM_039445914.1_4132	4974	4775	53.3146	3.13609
lcl|NC_052665.1_mrna_XM_011169311.3_4133	3864	3665	6.08804	0.466573
lcl|NC_052665.1_mrna_XM_011169312.3_4134	3843	3644	0	0
lcl|NC_052665.1_mrna_XM_039445922.1_4135	2068	1869	0	0
lcl|NC_052665.1_mrna_XM_011169300.3_4136	2329	2130	128.294	16.9178
lcl|NC_052665.1_mrna_XM_039445918.1_4137	4773	4574	45	2.76333
lcl|NC_052665.1_mrna_XM_039445917.1_4138	4797	4598	0	0
lcl|NC_052665.1_mrna_XM_039445919.1_4139	4758	4559	0	0
lcl|NC_052665.1_miscrna_XR_005574146.1_4140	4777	4578	0	0
lcl|NC_052665.1_mrna_XM_039445916.1_4141	4809	4610	0	0
lcl|NC_052665.1_mrna_XM_039445921.1_4142	4667	4468	0	0
lcl|NC_052665.1_mrna_XM_039445920.1_4143	4718	4519	0	0
lcl|NC_052665.1_mrna_XM_039445929.1_4144	2079	1880	3	0.448208
lcl|NC_052665.1_mrna_XM_039445928.1_4145	3658	3459	0	0
lcl|NC_052665.1_mrna_XM_039445930.1_4146	4558	4359	3.00305	0.193505
lcl|NC_052665.1_miscrna_XR_005574147.1_4147	1496	1297	32.4655	7.03069
lcl|NC_052665.1_mrna_XM_039445926.1_4148	2266	2067	0	0
lcl|NC_052665.1_mrna_XM_039445925.1_4149	2352	2153	0	0
lcl|NC_052665.1_mrna_XM_039445924.1_4150	1406	1207	0	0
lcl|NC_052665.1_mrna_XM_039445908.1_4151	7329	7130	0	0
lcl|NC_052665.1_mrna_XM_039445909.1_4152	7073	6874	3	0.122582
lcl|NC_052665.1_mrna_XM_011160225.3_4153	7916	7717	0	0
lcl|NC_052665.1_mrna_XM_026135529.2_4154	7901	7702	0.000123492	4.50352e-06
lcl|NC_052665.1_mrna_XM_026135528.2_4155	8039	7840	0	0
lcl|NC_052665.1_mrna_XM_039445912.1_4156	8842	8643	34.0408	1.10624
lcl|NC_052665.1_mrna_XM_039445910.1_4157	8941	8742	0.000372282	1.19613e-05
lcl|NC_052665.1_mrna_XM_039445913.1_4158	8075	7876	0	0
lcl|NC_052665.1_mrna_XM_026135526.2_4159	11337	11138	2.9587	0.0746122
lcl|NC_052665.1_mrna_XM_026135527.2_4160	13640	13441	0	0
lcl|NC_052665.1_miscrna_XR_003268773.2_4161	7825	7626	0	0
lcl|NC_052665.1_mrna_XM_011160221.3_4162	1142	943	625	186.159
lcl|NC_052665.1_mrna_XM_039445931.1_4163	1258	1059	0	0
lcl|NC_052665.1_mrna_XM_011160223.3_4164	1350	1151	189.988	46.3624
lcl|NC_052665.1_mrna_XM_011160224.3_4165	1270	1071	61.0125	16.0009
lcl|NC_052665.1_miscrna_XR_005574148.1_4166	1429	1230	8.49741	1.94043
lcl|NC_052665.1_mrna_XM_039445932.1_4167	850	651	24.5026	10.5717
lcl|NC_052665.1_mrna_XM_026135588.2_4168	3465	3266	154.872	13.319
lcl|NC_052665.1_mrna_XM_026135587.1_4169	3686	3487	174.128	14.026
lcl|NC_052665.1_mrna_XM_011160219.3_4170	3142	2943	2340	223.327
lcl|NC_052665.1_mrna_XM_011160218.3_4171	3006	2807	995	99.5626
lcl|NC_052665.1_mrna_XM_039459766.1_4172	4653	4454	19.2922	1.2166
lcl|NC_052665.1_mrna_XM_039445792.1_4173	6784	6585	28.3702	1.2101
lcl|NC_052665.1_mrna_XM_026135546.2_4174	4878	4679	0	0
lcl|NC_052665.1_ncrna_XR_005576728.1_4175	1984	1785	8.70785	1.37021
lcl|NC_052665.1_mrna_XM_011157221.3_4176	5051	4852	13.0266	0.754097
lcl|NC_052665.1_mrna_XM_011157215.2_4177	1416	1217	2432	561.292
lcl|NC_052665.1_mrna_XM_039459758.1_4178	1494	1295	0	0
lcl|NC_052665.1_mrna_XM_039459759.1_4179	1477	1278	0	0
lcl|NC_052665.1_mrna_XM_039459762.1_4180	1779	1580	0	0
lcl|NC_052665.1_mrna_XM_039459761.1_4181	1308	1109	0	0
lcl|NC_052665.1_mrna_XM_026135624.2_4182	1404	1205	1	0.233093
lcl|NC_052665.1_mrna_XM_011160217.2_4183	1219	1020	0	0
lcl|NC_052665.1_mrna_XM_011160214.3_4184	3899	3700	114.381	8.68297
lcl|NC_052665.1_mrna_XM_011160215.3_4185	3883	3684	321.102	24.4816
lcl|NC_052665.1_mrna_XM_039459734.1_4186	2828	2629	163.517	17.4698
lcl|NC_052665.1_mrna_XM_026135545.2_4187	954	755	3.98041	1.4808
lcl|NC_052665.1_mrna_XM_011160213.3_4188	4752	4553	97.202	5.99644
lcl|NC_052665.1_mrna_XM_026135540.2_4189	4368	4169	0	0
lcl|NC_052665.1_mrna_XM_026135539.2_4190	4212	4013	0	0
lcl|NC_052665.1_mrna_XM_039459728.1_4191	3882	3683	22.8176	1.74014
lcl|NC_052665.1_mrna_XM_026135544.2_4192	945	746	27.6597	10.4142
lcl|NC_052665.1_mrna_XM_011160210.3_4193	1007	808	236.948	82.3677
lcl|NC_052665.1_mrna_XM_039459760.1_4194	2532	2333	1716.79	206.689
lcl|NC_052665.1_mrna_XM_026135542.2_4195	3225	3026	23.864	2.21508
lcl|NC_052665.1_mrna_XM_011160204.3_4196	4097	3898	25.9821	1.87218
lcl|NC_052665.1_mrna_XM_011160205.3_4197	3815	3616	1228.13	95.3966
lcl|NC_052665.1_mrna_XM_026135541.2_4198	3455	3256	117.674	10.151
lcl|NC_052665.1_mrna_XM_011160209.3_4199	2552	2353	151.106	18.0374
lcl|NC_052665.1_mrna_XM_039459757.1_4200	2154	1955	70.1164	10.0737
lcl|NC_052665.1_miscrna_XR_005576725.1_4201	2241	2042	235.989	32.4603
lcl|NC_052665.1_mrna_XM_039459753.1_4202	2860	2661	0.0679247	0.00716967
lcl|NC_052665.1_mrna_XM_039459752.1_4203	3514	3315	0.399529	0.0338517
lcl|NC_052665.1_mrna_XM_039459748.1_4204	3504	3305	8.27091	0.702906
lcl|NC_052665.1_mrna_XM_039459750.1_4205	3189	2990	3.44989e-08	3.24078e-09
lcl|NC_052665.1_mrna_XM_039459751.1_4206	3127	2928	46.2616	4.43778
lcl|NC_052665.1_mrna_XM_039459754.1_4207	3360	3161	0	0
lcl|NC_052665.1_mrna_XM_039459755.1_4208	3298	3099	0	0
lcl|NC_052665.1_mrna_XM_011160199.3_4209	2800	2601	45	4.85946
lcl|NC_052665.1_mrna_XM_011160229.2_4210	1161	962	3	0.875915
lcl|NC_052665.1_ncrna_XR_005576730.1_4211	638	439	0	0
lcl|NC_052665.1_mrna_XM_011160192.3_4212	2725	2526	0	0
lcl|NC_052665.1_mrna_XM_039459745.1_4213	2979	2780	0	0
lcl|NC_052665.1_mrna_XM_011160191.3_4214	2899	2700	0	0
lcl|NC_052665.1_mrna_XM_039459746.1_4215	2501	2302	8.00209	0.976369
lcl|NC_052665.1_mrna_XM_039459747.1_4216	2522	2323	0.000886097	0.000107139
lcl|NC_052665.1_mrna_XM_026135549.2_4217	2271	2072	0	0
lcl|NC_052665.1_mrna_XM_011160193.3_4218	2830	2631	7.99703	0.853736
lcl|NC_052665.1_ncrna_XR_005576729.1_4219	1952	1753	0	0
lcl|NC_052665.1_mrna_XM_039459764.1_4220	1674	1475	0	0
lcl|NC_052665.1_mrna_XM_011160195.3_4221	1640	1441	19	3.70344
lcl|NC_052665.1_mrna_XM_011160196.3_4222	1646	1447	0	0
lcl|NC_052665.1_mrna_XM_039459763.1_4223	1713	1514	0	0
lcl|NC_052665.1_mrna_XM_039459743.1_4224	3150	2951	441	41.9745
lcl|NC_052665.1_ncrna_XR_005576727.1_4225	524	325	0	0
lcl|NC_052665.1_mrna_XM_011160190.3_4226	2299	2100	1462.76	195.646
lcl|NC_052665.1_mrna_XM_011160189.3_4227	2293	2094	1418.24	190.234
lcl|NC_052665.1_mrna_XM_039459770.1_4228	1504	1305	0	0
lcl|NC_052665.1_mrna_XM_039459769.1_4229	1466	1267	29.7083	6.58593
lcl|NC_052665.1_mrna_XM_039459768.1_4230	1357	1158	61.1276	14.8267
lcl|NC_052665.1_mrna_XM_039459771.1_4231	1220	1021	19.1641	5.27203
lcl|NC_052665.1_mrna_XM_026135554.2_4232	1128	929	74	22.3734
lcl|NC_052665.1_mrna_XM_039459732.1_4233	4059	3860	0	0
lcl|NC_052665.1_mrna_XM_011160180.3_4234	5876	5677	44.2715	2.19039
lcl|NC_052665.1_mrna_XM_011160182.3_4235	4420	4221	0	0
lcl|NC_052665.1_mrna_XM_011160187.3_4236	4256	4057	0	0
lcl|NC_052665.1_mrna_XM_011160184.3_4237	4230	4031	3.57744	0.249273
lcl|NC_052665.1_mrna_XM_039459730.1_4238	4285	4086	0	0
lcl|NC_052665.1_mrna_XM_011160181.3_4239	4138	3939	0	0
lcl|NC_052665.1_mrna_XM_039459729.1_4240	4820	4621	6.85393e-08	4.166e-09
lcl|NC_052665.1_mrna_XM_026135547.2_4241	4740	4541	2.77434	0.171603
lcl|NC_052665.1_mrna_XM_039459733.1_4242	4982	4783	0	0
lcl|NC_052665.1_mrna_XM_011160170.3_4243	3783	3584	0	0
lcl|NC_052665.1_mrna_XM_011160171.3_4244	3771	3572	21.2079	1.66764
lcl|NC_052665.1_mrna_XM_011160176.3_4245	3749	3550	0	0
lcl|NC_052665.1_mrna_XM_011160173.3_4246	3763	3564	62.6774	4.93957
lcl|NC_052665.1_mrna_XM_039459742.1_4247	3729	3530	8.55757e-06	6.80913e-07
lcl|NC_052665.1_mrna_XM_039459735.1_4248	3484	3285	0	0
lcl|NC_052665.1_mrna_XM_039459738.1_4249	3466	3267	80.1469	6.89054
lcl|NC_052665.1_mrna_XM_039459736.1_4250	3472	3273	45.6382	3.9165
lcl|NC_052665.1_mrna_XM_039459737.1_4251	3469	3270	22.1703	1.90431
lcl|NC_052665.1_mrna_XM_039459739.1_4252	3463	3264	61.1594	5.26294
lcl|NC_052665.1_mrna_XM_039459740.1_4253	3451	3252	0	0
lcl|NC_052665.1_mrna_XM_039459741.1_4254	3448	3249	0	0
lcl|NC_052665.1_mrna_XM_011160169.3_4255	1833	1634	5537.3	951.835
lcl|NC_052665.1_mrna_XM_039459767.1_4256	1666	1467	4921.7	942.326
lcl|NC_052665.1_mrna_XM_011160165.2_4257	1202	1003	466.93	130.758
lcl|NC_052665.1_mrna_XM_011160164.3_4258	1202	1003	6679.13	1870.4
lcl|NC_052665.1_mrna_XM_011160167.2_4259	1228	1029	40.9386	11.1746
lcl|NC_052665.1_mrna_XM_026135630.2_4260	4989	4790	55.7587	3.26959
lcl|NC_052665.1_mrna_XM_026135628.2_4261	5112	4913	0	0
lcl|NC_052665.1_mrna_XM_026135631.2_4262	3124	2925	904.713	86.8762
lcl|NC_052665.1_mrna_XM_026135629.2_4263	4852	4653	246.528	14.8816
lcl|NC_052665.1_miscrna_XR_005576726.1_4264	1635	1436	1.61851e-06	3.16574e-07
lcl|NC_052665.1_mrna_XM_011168563.3_4265	1413	1214	8114	1877.29
lcl|NC_052665.1_ncrna_XR_003268785.1_4266	77	3.63627	0	0
lcl|NC_052665.1_mrna_XM_026135573.2_4267	800	601	421	196.754
lcl|NC_052665.1_mrna_XM_011160161.3_4268	7898	7699	65.8698	2.40308
lcl|NC_052665.1_mrna_XM_026135570.2_4269	7920	7721	275.309	10.0153
lcl|NC_052665.1_mrna_XM_039445847.1_4270	7497	7298	105.455	4.05862
lcl|NC_052665.1_mrna_XM_026135571.2_4271	7346	7147	228.651	8.98598
lcl|NC_052665.1_mrna_XM_026135572.2_4272	6820	6621	33.268	1.4113
lcl|NC_052665.1_mrna_XM_011160162.3_4273	6933	6734	19.5498	0.815429
lcl|NC_052665.1_mrna_XM_039445854.1_4274	1998	1799	0	0
lcl|NC_052665.1_mrna_XM_011160159.3_4275	2006	1807	131	20.3624
lcl|NC_052665.1_mrna_XM_011160158.3_4276	2021	1822	400	61.6634
lcl|NC_052665.1_mrna_XM_039445850.1_4277	5745	5546	0	0
lcl|NC_052665.1_mrna_XM_011160154.3_4278	5678	5479	144.572	7.4114
lcl|NC_052665.1_mrna_XM_026135592.2_4279	5552	5353	0	0
lcl|NC_052665.1_mrna_XM_011160155.3_4280	5801	5602	14.4275	0.723377
lcl|NC_052665.1_mrna_XM_011160156.3_4281	2864	2665	14	1.47552
lcl|NC_052665.1_mrna_XM_011160153.3_4282	2281	2082	1195	161.214
lcl|NC_052665.1_mrna_XM_026135597.2_4283	971	772	121.092	44.0571
lcl|NC_052665.1_mrna_XM_011160146.3_4284	1016	817	171.988	59.1277
lcl|NC_052665.1_mrna_XM_011160150.3_4285	1565	1366	118.624	24.3915
lcl|NC_052665.1_mrna_XM_039445853.1_4286	2181	1982	257.852	36.5411
lcl|NC_052665.1_mrna_XM_011160152.3_4287	2118	1919	78.3349	11.4656
lcl|NC_052665.1_mrna_XM_026135595.2_4288	1395	1196	48.1089	11.2982
lcl|NC_052665.1_mrna_XM_011160145.3_4289	1514	1315	4122	880.436
lcl|NC_052665.1_mrna_XM_011160144.3_4290	1985	1786	824	129.587
lcl|NC_052665.1_mrna_XM_011160143.3_4291	9053	8854	17	0.539293
lcl|NC_052665.1_mrna_XM_039445855.1_4292	3394	3195	0	0
lcl|NC_052665.1_mrna_XM_011160141.3_4293	3261	3062	6	0.550379
lcl|NC_052665.1_mrna_XM_011160138.3_4294	1472	1273	45.0114	9.93138
lcl|NC_052665.1_mrna_XM_011160137.3_4295	1416	1217	168.179	38.8147
lcl|NC_052665.1_mrna_XM_026135601.2_4296	1572	1373	62.81	12.8491
lcl|NC_052665.1_mrna_XM_011160136.3_4297	2307	2108	0	0
lcl|NC_052665.1_mrna_XM_011160134.3_4298	2151	1952	180.716	26.0035
lcl|NC_052665.1_mrna_XM_011160135.3_4299	2104	1905	903.284	133.182
lcl|NC_052665.1_mrna_XM_011160127.3_4300	3419	3220	2.67211	0.233085
lcl|NC_052665.1_mrna_XM_011160128.3_4301	2296	2097	1250.54	167.501
lcl|NC_052665.1_mrna_XM_039445851.1_4302	2603	2404	12.7397	1.48847
lcl|NC_052665.1_ncrna_XR_005574140.1_4303	315	116	1.04432	2.52866
lcl|NC_052665.1_mrna_XM_011160129.3_4304	2490	2291	834	102.248
lcl|NC_052665.1_ncrna_XR_005574141.1_4305	1793	1594	3	0.528626
lcl|NC_052665.1_mrna_XM_011160132.3_4306	6150	5951	25.0444	1.18205
lcl|NC_052665.1_mrna_XM_011160133.3_4307	2372	2173	90.9556	11.7567
lcl|NC_052665.1_mrna_XM_011160126.3_4308	1197	998	0.0257878	0.00725771
lcl|NC_052665.1_mrna_XM_011160125.3_4309	1192	993	3.97421	1.12413
lcl|NC_052665.1_mrna_XM_011160123.3_4310	4497	4298	0	0
lcl|NC_052665.1_mrna_XM_039445849.1_4311	4395	4196	0	0
lcl|NC_052665.1_mrna_XM_026135615.2_4312	4802	4603	0	0
lcl|NC_052665.1_mrna_XM_039445848.1_4313	3719	3520	12	0.957534
lcl|NC_052665.1_mrna_XM_039445852.1_4314	2295	2096	4	0.536024
lcl|NC_052665.1_mrna_XM_011160122.3_4315	2580	2381	704	83.048
lcl|NC_052665.1_ncrna_XR_850678.3_4316	1361	1162	1.08742	0.262849
lcl|NC_052665.1_mrna_XM_011160120.3_4317	2618	2419	138	16.0236
lcl|NC_052665.1_mrna_XM_011160121.3_4318	2614	2415	0	0
lcl|NC_052665.1_mrna_XM_011160112.3_4319	2709	2510	247.9	27.7407
lcl|NC_052665.1_mrna_XM_026135532.2_4320	2968	2769	481.1	48.801
lcl|NC_052665.1_mrna_XM_011160115.3_4321	2577	2378	2	0.236229
lcl|NC_052665.1_mrna_XM_039457740.1_4322	8068	7869	0	0
lcl|NC_052665.1_rrna_XR_003268784.1_4323	119	5.00576	0	0
lcl|NC_052665.1_mrna_XM_011160119.3_4324	2775	2576	55.3214	6.03203
lcl|NC_052665.1_mrna_XM_039457724.1_4325	3120	2921	59.6786	5.73856
lcl|NC_052665.1_mrna_XM_039457729.1_4326	3187	2988	0	0
lcl|NC_052665.1_mrna_XM_039457749.1_4327	790	591	5	2.37628
lcl|NC_052665.1_mrna_XM_011160110.3_4328	2113	1914	1844	270.604
lcl|NC_052665.1_mrna_XM_026135582.2_4329	5091	4892	95	5.45447
lcl|NC_052665.1_mrna_XM_011160108.3_4330	5419	5220	0	0
lcl|NC_052665.1_mrna_XM_011160109.3_4331	4747	4548	0	0
lcl|NC_052665.1_mrna_XM_011160107.3_4332	2369	2170	136.063	17.6115
lcl|NC_052665.1_mrna_XM_011160105.3_4333	2474	2275	301.505	37.2244
lcl|NC_052665.1_mrna_XM_011160106.3_4334	2522	2323	27.0975	3.27639
lcl|NC_052665.1_mrna_XM_039458219.1_4335	2694	2495	20.3349	2.28922
lcl|NC_052665.1_mrna_XM_011160098.3_4336	4010	3811	390.909	28.8106
lcl|NC_052665.1_mrna_XM_011160099.3_4337	4098	3899	886.046	63.8291
lcl|NC_052665.1_mrna_XM_026135585.2_4338	4037	3838	129.277	9.46092
lcl|NC_052665.1_mrna_XM_011160101.3_4339	4003	3804	1.26307e-07	9.32616e-09
lcl|NC_052665.1_mrna_XM_011160103.3_4340	3890	3691	0	0
lcl|NC_052665.1_mrna_XM_011160102.3_4341	4000	3801	85.4407	6.31368
lcl|NC_052665.1_mrna_XM_039446290.1_4342	3931	3732	84.326	6.34652
lcl|NC_052665.1_mrna_XM_026135607.2_4343	3894	3695	77	5.85318
lcl|NC_052665.1_mrna_XM_011160227.1_4344	339	140	0	0
lcl|NC_052665.1_mrna_XM_026135623.2_4345	6121	5922	0	0
lcl|NC_052665.1_mrna_XM_039446291.1_4346	5995	5796	0	0
lcl|NC_052665.1_mrna_XM_039446292.1_4347	5176	4977	12	0.677219
lcl|NC_052665.1_mrna_XM_011160092.3_4348	1583	1384	402	81.5841
lcl|NC_052665.1_mrna_XM_011160096.3_4349	1072	873	80.1736	25.7948
lcl|NC_052665.1_mrna_XM_011160093.3_4350	1219	1020	149.878	41.2717
lcl|NC_052665.1_mrna_XM_026135609.2_4351	984	785	2.69196e-07	9.63196e-08
lcl|NC_052665.1_mrna_XM_011160095.3_4352	974	775	15.9489	5.78021
lcl|NC_052665.1_mrna_XM_011162948.3_4353	2053	1854	1968.77	298.264
lcl|NC_052665.1_mrna_XM_026135608.2_4354	1843	1644	846.229	144.578
lcl|NC_052665.1_mrna_XM_011162947.3_4355	1018	819	773	265.101
lcl|NC_052665.1_mrna_XM_039446294.1_4356	2544	2345	0	0
lcl|NC_052665.1_mrna_XM_011162941.3_4357	2592	2393	0	0
lcl|NC_052665.1_mrna_XM_011162946.3_4358	2456	2257	0	0
lcl|NC_052665.1_mrna_XM_011162942.3_4359	2556	2357	605.154	72.1144
lcl|NC_052665.1_mrna_XM_039446295.1_4360	4063	3864	823.753	59.8792
lcl|NC_052665.1_mrna_XM_039446293.1_4361	5187	4988	390.401	21.9837
lcl|NC_052665.1_mrna_XM_011162945.3_4362	2727	2528	0	0
lcl|NC_052665.1_mrna_XM_011162943.3_4363	3851	3652	0	0
lcl|NC_052665.1_mrna_XM_011162944.3_4364	3815	3616	798.357	62.0133
lcl|NC_052665.1_mrna_XM_039446296.1_4365	1662	1463	0	0
lcl|NC_052665.1_mrna_XM_039446297.1_4366	1574	1375	0	0
lcl|NC_052665.1_mrna_XM_011162940.3_4367	624	425	2474.33	1635.25
lcl|NC_052665.1_mrna_XM_011162938.3_4368	3886	3687	112	8.53219
lcl|NC_052665.1_mrna_XM_011162937.3_4369	782	583	493	237.517
lcl|NC_052665.1_mrna_XM_011162936.3_4370	1864	1665	288.364	48.6456
lcl|NC_052665.1_mrna_XM_039445856.1_4371	1660	1461	44.6356	8.58118
lcl|NC_052665.1_mrna_XM_011162935.3_4372	11856	11657	103.596	2.49616
lcl|NC_052665.1_mrna_XM_011162934.3_4373	11862	11663	71.7371	1.72762
lcl|NC_052665.1_ncrna_XR_003268783.2_4374	2893	2694	16	1.66816
lcl|NC_052665.1_mrna_XM_011162932.3_4375	6101	5902	144.411	6.87254
lcl|NC_052665.1_mrna_XM_011162933.3_4376	6094	5895	351.256	16.7361
lcl|NC_052665.1_mrna_XM_039445864.1_4377	2121	1922	0	0
lcl|NC_052665.1_mrna_XM_011162931.3_4378	2105	1906	706.511	104.115
lcl|NC_052665.1_mrna_XM_039445865.1_4379	2132	1933	23.4892	3.41313
lcl|NC_052665.1_mrna_XM_026135632.2_4380	5212	5013	480.322	26.9123
lcl|NC_052665.1_mrna_XM_011162928.3_4381	2632	2433	149.803	17.2939
lcl|NC_052665.1_mrna_XM_039445860.1_4382	2673	2474	8.81254	1.0005
lcl|NC_052665.1_mrna_XM_039445861.1_4383	3091	2892	0	0
lcl|NC_052665.1_mrna_XM_039445863.1_4384	3541	3342	0	0
lcl|NC_052665.1_mrna_XM_011162927.3_4385	3314	3115	15.0631	1.35823
lcl|NC_052665.1_ncrna_XR_005574144.1_4386	487	288	0	0
lcl|NC_052665.1_mrna_XM_011162925.3_4387	2419	2220	2082	263.417
lcl|NC_052665.1_mrna_XM_011162924.3_4388	1201	1002	656	183.887
lcl|NC_052665.1_mrna_XM_011162921.3_4389	2892	2693	589.516	61.4858
lcl|NC_052665.1_mrna_XM_011162920.3_4390	3699	3500	379.473	30.4529
lcl|NC_052665.1_mrna_XM_011162919.3_4391	8106	7907	348	12.3618
lcl|NC_052665.1_mrna_XM_011162916.3_4392	3932	3733	0	0
lcl|NC_052665.1_mrna_XM_026135604.2_4393	3800	3601	0	0
lcl|NC_052665.1_mrna_XM_026135605.2_4394	3796	3597	0	0
lcl|NC_052665.1_miscrna_XR_005574142.1_4395	4046	3847	0	0
lcl|NC_052665.1_mrna_XM_039445857.1_4396	3879	3680	0	0
lcl|NC_052665.1_mrna_XM_011162915.3_4397	3833	3634	0	0
lcl|NC_052665.1_mrna_XM_039445858.1_4398	3859	3660	0	0
lcl|NC_052665.1_mrna_XM_039445859.1_4399	3515	3316	15	1.27055
lcl|NC_052665.1_mrna_XM_026135606.2_4400	1457	1258	0	0
lcl|NC_052665.1_mrna_XM_026135574.2_4401	5236	5037	39	2.17475
lcl|NC_052665.1_mrna_XM_011162909.3_4402	1238	1039	28.5316	7.71306
lcl|NC_052665.1_mrna_XM_011162908.3_4403	1197	998	219.468	61.7671
lcl|NC_052665.1_mrna_XM_011162910.3_4404	1514	1315	856	182.837
lcl|NC_052665.1_mrna_XM_011162958.3_4405	2633	2434	1	0.115397
lcl|NC_052665.1_mrna_XM_026135444.2_4406	10830	10631	0	0
lcl|NC_052665.1_mrna_XM_026135438.2_4407	12320	12121	2.19333e-07	5.08255e-09
lcl|NC_052665.1_mrna_XM_026135436.2_4408	12340	12141	4.19709e-08	9.70978e-10
lcl|NC_052665.1_mrna_XM_026135441.2_4409	12243	12044	0.000130952	3.05391e-06
lcl|NC_052665.1_mrna_XM_026135443.2_4410	12196	11997	0.00661141	0.000154788
lcl|NC_052665.1_mrna_XM_026135445.2_4411	12099	11900	22.7284	0.53646
lcl|NC_052665.1_mrna_XM_026135439.2_4412	12266	12067	1.93224e-05	4.49755e-07
lcl|NC_052665.1_mrna_XM_026135440.2_4413	12257	12058	4.08381e-05	9.51274e-07
lcl|NC_052665.1_mrna_XM_026135437.2_4414	5921	5722	5.40573e-08	2.65352e-09
lcl|NC_052665.1_mrna_XM_026135442.2_4415	5818	5619	4.41919	0.220902
lcl|NC_052665.1_ncrna_XR_005576572.1_4416	8930	8731	0	0
lcl|NC_052665.1_mrna_XM_011162905.3_4417	9977	9778	484.278	13.9111
lcl|NC_052665.1_mrna_XM_011162906.3_4418	9568	9369	27.7138	0.830843
lcl|NC_052665.1_mrna_XM_011162904.3_4419	5046	4847	1.00789	0.0584059
lcl|NC_052665.1_mrna_XM_039445794.1_4420	399	200	0	0
lcl|NC_052665.1_mrna_XM_039445795.1_4421	3433	3234	0	0
lcl|NC_052665.1_mrna_XM_011162903.3_4422	5565	5366	13.1688	0.689305
lcl|NC_052665.1_mrna_XM_011162902.3_4423	3526	3327	18.3863	1.55224
lcl|NC_052665.1_mrna_XM_011162901.3_4424	4384	4185	27.4449	1.84197
lcl|NC_052665.1_mrna_XM_026135433.2_4425	3280	3081	0	0
lcl|NC_052665.1_mrna_XM_011162896.3_4426	4920	4721	0.0685535	0.0040786
lcl|NC_052665.1_mrna_XM_011162897.3_4427	4656	4457	59.5585	3.75333
lcl|NC_052665.1_mrna_XM_011162895.3_4428	4924	4725	0.0293166	0.00174272
lcl|NC_052665.1_mrna_XM_011162900.3_4429	4787	4588	38.2145	2.33949
lcl|NC_052665.1_mrna_XM_011162899.3_4430	4611	4412	22.1186	1.40811
lcl|NC_052665.1_mrna_XM_011162898.3_4431	4879	4680	0.0106042	0.000636423
lcl|NC_052665.1_mrna_XM_039445796.1_4432	1100	901	0	0
lcl|NC_052665.1_mrna_XM_011162894.3_4433	3917	3718	180	13.5981
lcl|NC_052665.1_mrna_XM_011162893.3_4434	7544	7345	8	0.305924
lcl|NC_052665.1_rrna_XR_003268767.1_4435	119	5.00576	0	0
lcl|NC_052665.1_mrna_XM_011162892.3_4436	5727	5528	17.6206	0.895297
lcl|NC_052665.1_mrna_XM_026135426.2_4437	5851	5652	45.5511	2.26367
lcl|NC_052665.1_mrna_XM_011162891.3_4438	6593	6394	73.8284	3.24314
lcl|NC_052665.1_mrna_XM_011162889.3_4439	3017	2818	26	2.59148
lcl|NC_052665.1_mrna_XM_011162888.3_4440	1026	827	6	2.0378
lcl|NC_052665.1_mrna_XM_011162887.3_4441	738	539	478	249.089
lcl|NC_052665.1_mrna_XM_039446383.1_4442	3144	2945	0	0
lcl|NC_052665.1_mrna_XM_039446384.1_4443	2873	2674	2	0.21008
lcl|NC_052665.1_mrna_XM_011162886.3_4444	6148	5949	50.6189	2.38992
lcl|NC_052665.1_mrna_XM_011162885.3_4445	7124	6925	28.3811	1.15113
lcl|NC_052665.1_mrna_XM_039459687.1_4446	2312	2113	434.529	57.761
lcl|NC_052665.1_mrna_XM_011162882.3_4447	1264	1065	235.471	62.1018
lcl|NC_052665.1_mrna_XM_011162883.3_4448	2829	2630	13	1.38836
lcl|NC_052665.1_mrna_XM_011162881.3_4449	2100	1901	2007	296.538
lcl|NC_052665.1_ncrna_XR_005576715.1_4450	553	354	0	0
lcl|NC_052665.1_ncrna_XR_005576716.1_4451	492	293	0	0
lcl|NC_052665.1_mrna_XM_011162880.3_4452	2906	2707	40	4.15038
lcl|NC_052665.1_ncrna_XR_003268766.2_4453	587	388	1	0.723909
lcl|NC_052665.1_mrna_XM_026135454.2_4454	11054	10855	59.0188	1.52713
lcl|NC_052665.1_mrna_XM_026135455.2_4455	10955	10756	0.00665159	0.000173696
lcl|NC_052665.1_mrna_XM_039457860.1_4456	5487	5288	0	0
lcl|NC_052665.1_mrna_XM_011162877.3_4457	1889	1690	816.886	135.766
lcl|NC_052665.1_mrna_XM_011162878.3_4458	1926	1727	8.11367	1.3196
lcl|NC_052665.1_mrna_XM_011162876.3_4459	1738	1539	42.457	7.74865
lcl|NC_052665.1_mrna_XM_011162875.2_4460	1778	1579	103.543	18.4185
lcl|NC_052665.1_mrna_XM_011162874.3_4461	2961	2762	0	0
lcl|NC_052665.1_mrna_XM_039458129.1_4462	5904	5705	0	0
lcl|NC_052665.1_mrna_XM_026135460.2_4463	6235	6036	0	0
lcl|NC_052665.1_mrna_XM_026135461.2_4464	3890	3691	0	0
lcl|NC_052665.1_mrna_XM_011162870.3_4465	7771	7572	40.0047	1.48394
lcl|NC_052665.1_mrna_XM_011162867.3_4466	2068	1869	18.7832	2.82277
lcl|NC_052665.1_mrna_XM_011162865.3_4467	2121	1922	100.824	14.7341
lcl|NC_052665.1_trna_4468	71	3.50437	0	0
lcl|NC_052665.1_trna_4469	72	3.52559	0	0
lcl|NC_052665.1_trna_4470	72	3.52559	0	0
lcl|NC_052665.1_trna_4471	72	3.52559	0	0
lcl|NC_052665.1_trna_4472	72	3.52559	0	0
lcl|NC_052665.1_trna_4473	72	3.52559	0	0
lcl|NC_052665.1_trna_4474	72	3.52559	0	0
lcl|NC_052665.1_mrna_XM_011162864.3_4475	3337	3138	130.302	11.6631
lcl|NC_052665.1_mrna_XM_039446156.1_4476	2620	2421	75.825	8.79697
lcl|NC_052665.1_mrna_XM_011162863.3_4477	3331	3132	101.882	9.13679
lcl|NC_052665.1_mrna_XM_011162868.3_4478	2029	1830	364.143	55.8904
lcl|NC_052665.1_mrna_XM_039446155.1_4479	2167	1968	99.2406	14.1638
lcl|NC_052665.1_mrna_XM_039446152.1_4480	2520	2321	0	0
lcl|NC_052665.1_mrna_XM_039446153.1_4481	2481	2282	0	0
lcl|NC_052665.1_mrna_XM_011162866.3_4482	2101	1902	5.35084e-07	7.90182e-08
lcl|NC_052665.1_mrna_XM_011162869.2_4483	1920	1721	0	0
lcl|NC_052665.1_mrna_XM_026135427.2_4484	3174	2975	5.9845	0.565011
lcl|NC_052665.1_mrna_XM_011162862.3_4485	2677	2478	11.0141	1.24843
lcl|NC_052665.1_mrna_XM_011162860.3_4486	3199	3000	0.00135469	0.000126834
lcl|NC_052665.1_mrna_XM_011162861.3_4487	3194	2995	0	0
lcl|NC_052665.1_mrna_XM_039446146.1_4488	2968	2769	0	0
lcl|NC_052665.1_mrna_XM_039446147.1_4489	2936	2737	0	0
lcl|NC_052665.1_mrna_XM_011162858.3_4490	2893	2694	9	0.938341
lcl|NC_052665.1_mrna_XM_011162857.3_4491	1070	871	255	82.2314
lcl|NC_052665.1_mrna_XM_011162849.3_4492	5933	5734	2	0.0979689
lcl|NC_052665.1_mrna_XM_039446148.1_4493	3592	3393	16	1.3245
lcl|NC_052665.1_mrna_XM_039446151.1_4494	4093	3894	0	0
lcl|NC_052665.1_mrna_XM_026135428.2_4495	3741	3542	0	0
lcl|NC_052665.1_mrna_XM_039446149.1_4496	3763	3564	0	0
lcl|NC_052665.1_mrna_XM_026135431.2_4497	3713	3514	0	0
lcl|NC_052665.1_mrna_XM_026135429.2_4498	3728	3529	0	0
lcl|NC_052665.1_mrna_XM_026135430.2_4499	3724	3525	0	0
lcl|NC_052665.1_mrna_XM_011162856.3_4500	2041	1842	63	9.60653
lcl|NC_052665.1_ncrna_XR_005574199.1_4501	1111	912	2	0.615958
lcl|NC_052665.1_mrna_XM_011162848.3_4502	3235	3036	5	0.462577
lcl|NC_052665.1_mrna_XM_026135456.2_4503	7237	7038	0.894297	0.0356901
lcl|NC_052665.1_mrna_XM_011162847.3_4504	7252	7053	0.105703	0.00420948
lcl|NC_052665.1_mrna_XM_011162846.3_4505	3242	3043	269.775	24.9009
lcl|NC_052665.1_mrna_XM_026135462.2_4506	3103	2904	48.2252	4.66437
lcl|NC_052665.1_mrna_XM_039459774.1_4507	2936	2737	0	0
lcl|NC_052665.1_mrna_XM_011162845.3_4508	3970	3771	6	0.4469
lcl|NC_052665.1_mrna_XM_011162844.3_4509	2092	1893	0	0
lcl|NC_052665.1_mrna_XM_011162843.3_4510	3498	3299	118	10.0465
lcl|NC_052665.1_mrna_XM_011162842.3_4511	3278	3079	3	0.27367
lcl|NC_052665.1_mrna_XM_026135453.2_4512	3079	2880	0	0
lcl|NC_052665.1_mrna_XM_039446236.1_4513	3006	2807	0	0
lcl|NC_052665.1_mrna_XM_039446234.1_4514	3160	2961	0	0
lcl|NC_052665.1_mrna_XM_011162841.3_4515	3155	2956	0	0
lcl|NC_052665.1_mrna_XM_011162840.3_4516	3193	2994	0	0
lcl|NC_052665.1_mrna_XM_039446237.1_4517	2976	2777	0	0
lcl|NC_052665.1_mrna_XM_026135449.2_4518	2305	2106	0	0
lcl|NC_052665.1_mrna_XM_026135451.2_4519	2202	2003	0.0697186	0.0097765
lcl|NC_052665.1_mrna_XM_039446233.1_4520	2322	2123	0	0
lcl|NC_052665.1_mrna_XM_039446232.1_4521	2835	2636	24.9303	2.65642
lcl|NC_052665.1_mrna_XM_026135450.2_4522	2760	2561	1.95202e-05	2.14087e-06
lcl|NC_052665.1_mrna_XM_026135448.2_4523	2547	2348	2.47027e-06	2.95503e-07
lcl|NC_052665.1_mrna_XM_026135452.2_4524	2371	2172	0	0
lcl|NC_052665.1_mrna_XM_026135447.2_4525	3273	3074	287.86	26.3023
lcl|NC_052665.1_mrna_XM_026135446.2_4526	3291	3092	423.14	38.4379
lcl|NC_052665.1_mrna_XM_011162837.3_4527	1312	1113	15.9004	4.01263
lcl|NC_052665.1_mrna_XM_039446239.1_4528	1244	1045	0.0995926	0.0267687
lcl|NC_052665.1_mrna_XM_011162838.3_4529	1959	1760	860	137.247
lcl|NC_052665.1_mrna_XM_039446238.1_4530	2031	1832	0	0
lcl|NC_052665.1_mrna_XM_011162834.2_4531	1460	1261	163.584	36.4368
lcl|NC_052665.1_mrna_XM_011162836.2_4532	1439	1240	287.416	65.1037
lcl|NC_052665.1_mrna_XM_011162833.3_4533	1654	1455	129.147	24.9308
lcl|NC_052665.1_mrna_XM_039458947.1_4534	1846	1647	688.853	117.476
lcl|NC_052665.1_mrna_XM_039458946.1_4535	4378	4179	74	4.97365
lcl|NC_052665.1_mrna_XM_011162830.3_4536	4428	4229	0	0
lcl|NC_052665.1_mrna_XM_039459685.1_4537	1714	1515	2.13592e-05	3.95993e-06
lcl|NC_052665.1_mrna_XM_039459684.1_4538	1744	1545	29.7116	5.40148
lcl|NC_052665.1_mrna_XM_039459683.1_4539	1692	1493	50.2884	9.46071
lcl|NC_052665.1_mrna_XM_011162829.3_4540	2114	1915	400	58.6688
lcl|NC_052665.1_mrna_XM_039459377.1_4541	3534	3335	41	3.45306
lcl|NC_052665.1_mrna_XM_039459366.1_4542	2534	2335	0	0
lcl|NC_052665.1_mrna_XM_011162828.3_4543	2895	2696	69	7.18861
lcl|NC_052665.1_mrna_XM_011162825.3_4544	1711	1512	817.015	151.773
lcl|NC_052665.1_mrna_XM_011162826.3_4545	1626	1427	294.985	58.0619
lcl|NC_052665.1_mrna_XM_011177087.3_4546	3433	3234	554.407	48.1509
lcl|NC_052665.1_mrna_XM_011177088.3_4547	3257	3058	152.524	14.0093
lcl|NC_052665.1_mrna_XM_026131141.2_4548	3136	2937	194.069	18.5595
lcl|NC_052665.1_ncrna_XR_005574197.1_4549	937	738	0	0
lcl|NC_052665.1_mrna_XM_011177089.3_4550	5370	5171	141.13	7.66585
lcl|NC_052665.1_mrna_XM_039446332.1_4551	3538	3339	104.853	8.82023
lcl|NC_052665.1_mrna_XM_011177090.3_4552	3298	3099	744.017	67.4337
lcl|NC_052665.1_mrna_XM_026131242.2_4553	2529	2330	415.194	50.0508
lcl|NC_052665.1_mrna_XM_039446331.1_4554	2512	2313	9.69058	1.17677
lcl|NC_052665.1_mrna_XM_026131245.2_4555	2832	2633	5.74035	0.612355
lcl|NC_052665.1_mrna_XM_026131244.2_4556	2828	2629	26.375	2.81785
lcl|NC_052665.1_mrna_XM_026131062.2_4557	1150	951	7.78532	2.29939
lcl|NC_052665.1_mrna_NM_001304583.1_4558	970	771	37.2147	13.5574
lcl|NC_052665.1_mrna_XM_039458553.1_4559	13085	12886	0.0500698	0.00109137
lcl|NC_052665.1_mrna_XM_039458551.1_4560	13118	12919	0.0038501	8.37065e-05
lcl|NC_052665.1_mrna_XM_039458537.1_4561	14565	14366	0	0
lcl|NC_052665.1_mrna_XM_039458546.1_4562	14067	13868	0	0
lcl|NC_052665.1_mrna_XM_039458543.1_4563	14301	14102	0.0299346	0.000596223
lcl|NC_052665.1_mrna_XM_039458542.1_4564	14490	14291	4.75247e-08	9.34055e-10
lcl|NC_052665.1_mrna_XM_039458528.1_4565	14598	14399	0	0
lcl|NC_052665.1_mrna_XM_039458532.1_4566	16934	16735	0	0
lcl|NC_052665.1_mrna_XM_039458549.1_4567	14096	13897	25.3485	0.512327
lcl|NC_052665.1_mrna_XM_039458534.1_4568	7296	7097	11.6665	0.461721
lcl|NC_052665.1_mrna_XM_039458593.1_4569	1866	1667	0	0
lcl|NC_052665.1_mrna_XM_026131153.2_4570	1758	1559	0	0
lcl|NC_052665.1_ncrna_XR_005576552.1_4571	9400	9201	1	0.0305268
lcl|NC_052665.1_ncrna_XR_005576551.1_4572	9596	9397	0	0
lcl|NC_052665.1_mrna_XM_039458630.1_4573	1846	1647	0	0
lcl|NC_052665.1_mrna_XM_039458656.1_4574	1557	1358	0	0
lcl|NC_052665.1_mrna_XM_026131146.2_4575	433	234	0	0
lcl|NC_052665.1_mrna_XM_039458595.1_4576	1548	1349	0	0
lcl|NC_052665.1_mrna_XM_039458624.1_4577	1750	1551	0	0
lcl|NC_052665.1_mrna_XM_039458607.1_4578	2623	2424	1	0.115873
lcl|NC_052665.1_mrna_XM_039458601.1_4579	1826	1627	0	0
lcl|NC_052665.1_mrna_XM_026131156.2_4580	1224	1025	0	0
lcl|NC_052665.1_mrna_XM_026131151.2_4581	3542	3343	0	0
lcl|NC_052665.1_mrna_XM_039458636.1_4582	1507	1308	0	0
lcl|NC_052665.1_mrna_XM_039458682.1_4583	6276	6077	0	0
lcl|NC_052665.1_mrna_XM_011163678.3_4584	2728	2529	1551	172.258
lcl|NC_052665.1_mrna_XM_026131223.2_4585	14555	14356	86.667	1.69565
lcl|NC_052665.1_mrna_XM_011163679.3_4586	14499	14300	0	0
lcl|NC_052665.1_mrna_XM_039458523.1_4587	15309	15110	21.333	0.396555
lcl|NC_052665.1_mrna_XM_039458516.1_4588	15309	15110	0	0
lcl|NC_052665.1_mrna_XM_026131225.2_4589	1505	1306	16.8189	3.61718
lcl|NC_052665.1_mrna_XM_011163685.3_4590	1196	997	1165	328.206
lcl|NC_052665.1_mrna_XM_039458648.1_4591	1890	1691	113.545	18.86
lcl|NC_052665.1_mrna_XM_039458646.1_4592	2432	2233	414.2	52.1
lcl|NC_052665.1_mrna_XM_039458666.1_4593	2577	2378	104.824	12.3813
lcl|NC_052665.1_mrna_XM_039458663.1_4594	2292	2093	17.6111	2.36338
lcl|NC_052665.1_mrna_XM_039458676.1_4595	2945	2746	1.17121	0.119798
lcl|NC_052665.1_mrna_XM_039458671.1_4596	4011	3812	1403.83	103.437
lcl|NC_052665.1_ncrna_XR_005576553.1_4597	1221	1022	0	0
lcl|NC_052665.1_mrna_XM_039458571.1_4598	5512	5313	103.928	5.49426
lcl|NC_052665.1_mrna_XM_039458575.1_4599	5413	5214	21.9785	1.18397
lcl|NC_052665.1_mrna_XM_011163686.3_4600	5257	5058	17.8043	0.988692
lcl|NC_052665.1_mrna_XM_011163687.3_4601	3684	3485	0.00896724	0.000722723
lcl|NC_052665.1_mrna_XM_039458573.1_4602	3656	3457	29.2801	2.37897
lcl|NC_052665.1_miscrna_XR_005576523.1_4603	5301	5102	5.07467e-08	2.79372e-09
lcl|NC_052665.1_mrna_XM_011163690.3_4604	5102	4903	195.286	11.1873
lcl|NC_052665.1_mrna_XM_026131070.2_4605	4793	4594	83.4089	5.09961
lcl|NC_052665.1_mrna_XM_039458580.1_4606	3266	3067	0	0
lcl|NC_052665.1_mrna_XM_011163688.3_4607	3205	3006	204.305	19.09
lcl|NC_052665.1_mrna_XM_011163691.3_4608	2896	2697	0	0
lcl|NC_052665.1_mrna_XM_039458613.1_4609	2769	2570	10	1.09291
lcl|NC_052665.1_mrna_XM_026131101.2_4610	5918	5719	0	0
lcl|NC_052665.1_mrna_XM_026131102.2_4611	6003	5804	0	0
lcl|NC_052665.1_mrna_XM_011163693.3_4612	1793	1594	0	0
lcl|NC_052665.1_mrna_XM_011163694.3_4613	4113	3914	2	0.143524
lcl|NC_052665.1_mrna_XM_011163695.3_4614	788	589	38	18.1211
lcl|NC_052665.1_mrna_XM_011163696.3_4615	542	343	0	0
lcl|NC_052665.1_mrna_XM_039445797.1_4616	1507	1308	1.22581	0.263228
lcl|NC_052665.1_mrna_XM_011163698.3_4617	1119	920	6.77419	2.06816
lcl|NC_052665.1_mrna_XM_039458755.1_4618	876	677	0	0
lcl|NC_052665.1_mrna_XM_039446264.1_4619	4278	4079	0	0
lcl|NC_052665.1_mrna_XM_026131115.2_4620	4053	3854	11	0.801672
lcl|NC_052665.1_mrna_XM_011163697.3_4621	935	736	424	161.809
lcl|NC_052665.1_mrna_XM_011163700.3_4622	460	261	42	45.1986
lcl|NC_052665.1_mrna_XM_026131111.2_4623	1981	1782	7	1.10333
lcl|NC_052665.1_mrna_XM_026131110.2_4624	2352	2153	0	0
lcl|NC_052665.1_mrna_XM_039446268.1_4625	2397	2198	0	0
lcl|NC_052665.1_mrna_XM_039446269.1_4626	2111	1912	0	0
lcl|NC_052665.1_trna_4627	74	3.56892	0	0
lcl|NC_052665.1_mrna_XM_039446263.1_4628	5041	4842	11.3781	0.660025
lcl|NC_052665.1_mrna_XM_011163702.3_4629	5026	4827	255.622	14.8743
lcl|NC_052665.1_mrna_XM_026131113.2_4630	1855	1656	1412.96	239.655
lcl|NC_052665.1_mrna_XM_026131114.2_4631	1832	1633	1.03179e-05	1.77468e-06
lcl|NC_052665.1_mrna_XM_039446272.1_4632	926	727	75.4944	29.1673
lcl|NC_052665.1_mrna_XM_011163704.3_4633	978	779	298.543	107.643
lcl|NC_052665.1_mrna_XM_039446270.1_4634	2076	1877	261.907	39.1921
lcl|NC_052665.1_mrna_XM_039446271.1_4635	1001	802	17.4718	6.11898
lcl|NC_052665.1_mrna_XM_011163708.3_4636	2864	2665	281.236	29.6407
lcl|NC_052665.1_mrna_XM_039446267.1_4637	2842	2643	0	0
lcl|NC_052665.1_mrna_XM_011163709.3_4638	2941	2742	83.9901	8.60352
lcl|NC_052665.1_mrna_XM_039446265.1_4639	2928	2729	0	0
lcl|NC_052665.1_mrna_XM_039446266.1_4640	2880	2681	38.5274	4.03635
lcl|NC_052665.1_mrna_XM_011163710.3_4641	2795	2596	97.4926	10.5483
lcl|NC_052665.1_mrna_XM_026131105.2_4642	2750	2551	387.754	42.6935
lcl|NC_052665.1_mrna_XM_011163714.3_4643	1024	825	3202.42	1090.29
lcl|NC_052665.1_mrna_XM_011163711.3_4644	1030	831	2156.22	728.798
lcl|NC_052665.1_mrna_XM_011163713.3_4645	1231	1032	6.18887	1.68441
lcl|NC_052665.1_mrna_XM_011163715.3_4646	1222	1023	165.174	45.3506
lcl|NC_052665.1_mrna_XM_011163716.3_4647	2093	1894	2174	322.4
lcl|NC_052665.1_mrna_XM_039446273.1_4648	3010	2811	1299	129.797
lcl|NC_052665.1_mrna_XM_026131106.2_4649	1737	1538	121.9	22.262
lcl|NC_052665.1_mrna_XM_026131104.2_4650	6412	6213	0	0
lcl|NC_052665.1_trna_4651	73	3.5471	0	0
lcl|NC_052665.1_mrna_XM_039446326.1_4652	2163	1964	0	0
lcl|NC_052665.1_mrna_XM_039446324.1_4653	3800	3601	0.988296	0.0770867
lcl|NC_052665.1_mrna_XM_039446325.1_4654	3794	3595	5.26364	0.411247
lcl|NC_052665.1_mrna_XM_026131207.2_4655	3801	3602	0.748063	0.0583324
lcl|NC_052665.1_mrna_XM_039446321.1_4656	16038	15839	27.3498	0.485001
lcl|NC_052665.1_mrna_XM_039446322.1_4657	15974	15775	286.079	5.09369
lcl|NC_052665.1_mrna_XM_011163719.3_4658	14999	14800	43.5697	0.826873
lcl|NC_052665.1_mrna_XM_011163718.3_4659	15002	14803	2.61656e-07	4.96475e-09
lcl|NC_052665.1_mrna_XM_026131230.2_4660	15055	14856	471.688	8.91802
lcl|NC_052665.1_mrna_XM_011163720.3_4661	15026	14827	938.427	17.7772
lcl|NC_052665.1_mrna_XM_039446327.1_4662	762	563	0	0
lcl|NC_052665.1_mrna_XM_039446328.1_4663	737	538	4.83063	2.52195
lcl|NC_052665.1_mrna_XM_039446330.1_4664	710	511	18.1694	9.98699
lcl|NC_052665.1_mrna_XM_011163721.3_4665	1962	1763	0	0
lcl|NC_052665.1_mrna_XM_011163722.3_4666	2092	1893	11.7368	1.74147
lcl|NC_052665.1_mrna_XM_039446160.1_4667	3560	3361	91.2632	7.62681
lcl|NC_052665.1_mrna_XM_039445798.1_4668	1719	1520	0	0
lcl|NC_052665.1_mrna_XM_011163724.3_4669	8314	8115	216.234	7.4843
lcl|NC_052665.1_mrna_XM_039446158.1_4670	9017	8818	0	0
lcl|NC_052665.1_mrna_XM_039446159.1_4671	8537	8338	24.7659	0.834272
lcl|NC_052665.1_mrna_XM_026131240.2_4672	12747	12548	0	0
lcl|NC_052665.1_mrna_XM_011163723.3_4673	8558	8359	0	0
lcl|NC_052665.1_mrna_XM_026131241.2_4674	8978	8779	0	0
lcl|NC_052665.1_mrna_XM_011163726.3_4675	8659	8460	0	0
lcl|NC_052665.1_mrna_XM_026131198.2_4676	2669	2470	0	0
lcl|NC_052665.1_ncrna_XR_005574198.1_4677	1199	1000	4	1.12351
lcl|NC_052665.1_mrna_XM_039459359.1_4678	12846	12647	188	4.17528
lcl|NC_052665.1_ncrna_XR_005574194.1_4679	2173	1974	0	0
lcl|NC_052665.1_ncrna_XR_003268272.2_4680	943	744	0	0
lcl|NC_052665.1_mrna_XM_039445817.1_4681	4174	3975	7	0.494626
lcl|NC_052665.1_mrna_XM_039459678.1_4682	1922	1723	1	0.163016
lcl|NC_052665.1_ncrna_XR_005576718.1_4683	791	592	0.431862	0.204899
lcl|NC_052665.1_ncrna_XR_005576717.1_4684	2575	2376	0	0
lcl|NC_052665.1_mrna_XM_039445819.1_4685	813	614	0	0
lcl|NC_052665.1_mrna_XM_039459682.1_4686	1495	1296	0	0
lcl|NC_052665.1_mrna_XM_039445820.1_4687	1845	1646	0	0
lcl|NC_052665.1_mrna_XM_011163730.3_4688	2041	1842	0	0
lcl|NC_052665.1_mrna_XM_039459680.1_4689	1989	1790	0	0
lcl|NC_052665.1_mrna_XM_011163731.3_4690	2022	1823	0	0
lcl|NC_052665.1_mrna_XM_011163732.3_4691	1976	1777	0	0
lcl|NC_052665.1_mrna_XM_039459679.1_4692	2173	1974	0	0
lcl|NC_052665.1_mrna_XM_026131197.2_4693	3636	3437	1.03186	0.084325
lcl|NC_052665.1_mrna_XM_039446058.1_4694	9265	9066	16.9669	0.525658
lcl|NC_052665.1_mrna_XM_026131231.2_4695	7662	7463	3.04818	0.114721
lcl|NC_052665.1_mrna_XM_026131196.2_4696	1090	891	0	0
lcl|NC_052665.1_mrna_XM_026131189.2_4697	747	548	143.699	73.6528
lcl|NC_052665.1_mrna_XM_026131187.2_4698	1850	1651	9.65468	1.6425
lcl|NC_052665.1_mrna_XM_011163739.3_4699	1745	1546	257.646	46.8091
lcl|NC_052665.1_mrna_XM_011163743.3_4700	4359	4160	71	4.79381
lcl|NC_052665.1_mrna_XM_039457401.1_4701	4326	4127	1.95072e-08	1.32763e-09
lcl|NC_052665.1_mrna_XM_039457404.1_4702	4323	4124	4.04534e-08	2.75519e-09
lcl|NC_052665.1_mrna_XM_039457408.1_4703	2655	2456	82.5562	9.44142
lcl|NC_052665.1_mrna_XM_011163744.3_4704	2765	2566	2285.95	250.222
lcl|NC_052665.1_mrna_XM_026131220.2_4705	2609	2410	615.493	71.7335
lcl|NC_052665.1_mrna_XM_011163745.3_4706	6104	5905	42	1.99777
lcl|NC_052665.1_mrna_XM_011163750.3_4707	4025	3826	4.89885	0.359637
lcl|NC_052665.1_mrna_XM_011163751.3_4708	3244	3045	20.1012	1.85417
lcl|NC_052665.1_mrna_XM_026131218.2_4709	3196	2997	38.5931	3.61692
lcl|NC_052665.1_mrna_XM_011163748.3_4710	2362	2163	874.407	113.546
lcl|NC_052665.1_mrna_XM_011163754.3_4711	2284	2085	24.1013	3.24676
lcl|NC_052665.1_mrna_XM_011163753.3_4712	2384	2185	4.89867	0.629713
lcl|NC_052665.1_mrna_XM_011163756.3_4713	2729	2530	945	104.912
lcl|NC_052665.1_mrna_XM_011163758.3_4714	1211	1012	1	0.277546
lcl|NC_052665.1_mrna_XM_011163757.3_4715	3180	2981	1371	129.179
lcl|NC_052665.1_mrna_XM_039459416.1_4716	4717	4518	0	0
lcl|NC_052665.1_mrna_XM_039459410.1_4717	11510	11311	10.7561	0.267096
lcl|NC_052665.1_mrna_XM_026131093.2_4718	11513	11314	8.24395	0.204661
lcl|NC_052665.1_mrna_XM_011163761.3_4719	4052	3853	519	37.8342
lcl|NC_052665.1_mrna_XM_039459481.1_4720	2532	2333	0.000135876	1.63585e-05
lcl|NC_052665.1_mrna_XM_039459463.1_4721	3702	3503	179.571	14.3983
lcl|NC_052665.1_mrna_XM_039459471.1_4722	3297	3098	0	0
lcl|NC_052665.1_mrna_XM_039459477.1_4723	3003	2804	9.47654	0.949265
lcl|NC_052665.1_mrna_XM_039459485.1_4724	2932	2733	0	0
lcl|NC_052665.1_mrna_XM_011163762.3_4725	2948	2749	79.8834	8.16201
lcl|NC_052665.1_mrna_XM_011163763.3_4726	2431	2232	96.0691	12.0894
lcl|NC_052665.1_mrna_XM_026131092.2_4727	2814	2615	490	52.6308
lcl|NC_052665.1_mrna_XM_011163765.3_4728	2416	2217	1477.06	187.132
lcl|NC_052665.1_mrna_XM_026131090.2_4729	2333	2134	204.533	26.9206
lcl|NC_052665.1_mrna_XM_011163766.3_4730	2375	2176	1276.41	164.758
lcl|NC_052665.1_mrna_XM_011163768.3_4731	2266	2067	864	117.406
lcl|NC_052665.1_mrna_XM_026131091.2_4732	1451	1252	99.1218	22.2372
lcl|NC_052665.1_mrna_XM_011163767.3_4733	1381	1182	941.878	223.817
lcl|NC_052665.1_mrna_XM_011163774.3_4734	1892	1693	44.8446	7.43992
lcl|NC_052665.1_mrna_XM_011163770.3_4735	1941	1742	0	0
lcl|NC_052665.1_mrna_XM_011163771.3_4736	1898	1699	44.351	7.33206
lcl|NC_052665.1_mrna_XM_011163769.3_4737	1894	1695	893.804	148.111
lcl|NC_052665.1_mrna_XM_011163777.3_4738	2136	1937	63.7034	9.23738
lcl|NC_052665.1_mrna_XM_011163776.3_4739	2153	1954	824.359	118.497
lcl|NC_052665.1_mrna_XM_011163775.3_4740	3421	3222	283.938	24.7522
lcl|NC_052665.1_mrna_XM_011163778.3_4741	2120	1921	2977	435.278
lcl|NC_052665.1_mrna_XM_011163779.3_4742	4201	4002	827	58.0422
lcl|NC_052665.1_mrna_XM_011163780.3_4743	1999	1800	92	14.3559
lcl|NC_052665.1_mrna_XM_026131086.2_4744	2076	1877	0	0
lcl|NC_052665.1_mrna_XM_039459514.1_4745	2604	2405	0	0
lcl|NC_052665.1_mrna_XM_039459437.1_4746	5423	5224	59.6902	3.20934
lcl|NC_052665.1_mrna_XM_039459424.1_4747	5272	5073	45.4751	2.51782
lcl|NC_052665.1_mrna_XM_039459429.1_4748	4421	4222	1.83468	0.122056
lcl|NC_052665.1_mrna_XM_039459592.1_4749	1887	1688	9.49094e-07	1.57926e-07
lcl|NC_052665.1_mrna_XM_039459608.1_4750	821	622	10.3184	4.65949
lcl|NC_052665.1_mrna_XM_026131087.2_4751	1860	1661	10.026	1.6954
lcl|NC_052665.1_mrna_XM_039459612.1_4752	834	635	13.9837	6.18535
lcl|NC_052665.1_mrna_XM_026131085.2_4753	4506	4307	125	8.15175
lcl|NC_052665.1_mrna_XM_011163787.3_4754	4266	4067	0	0
lcl|NC_052665.1_mrna_XM_026131088.2_4755	1930	1731	89.0418	14.4482
lcl|NC_052665.1_mrna_XM_011163785.3_4756	1999	1800	1114.97	173.983
lcl|NC_052665.1_mrna_XM_011163784.3_4757	1146	947	925.657	274.547
lcl|NC_052665.1_mrna_XM_011163788.3_4758	3392	3193	1435.99	126.319
lcl|NC_052665.1_mrna_XM_011163789.3_4759	3380	3181	447.006	39.4698
lcl|NC_052665.1_mrna_XM_026131099.2_4760	1808	1609	35.8036	6.25009
lcl|NC_052665.1_mrna_XM_011163792.3_4761	1033	834	0	0
lcl|NC_052665.1_mrna_XM_011163791.3_4762	1937	1738	7.19639	1.163
lcl|NC_052665.1_mrna_XM_026131170.2_4763	6378	6179	67.2174	3.05548
lcl|NC_052665.1_mrna_XM_026131169.2_4764	6377	6178	271.783	12.3563
lcl|NC_052665.1_ncrna_XR_003268268.2_4765	2122	1923	23	3.35942
lcl|NC_052665.1_mrna_XM_039457807.1_4766	1388	1189	871	205.756
lcl|NC_052665.1_mrna_XM_039457771.1_4767	3428	3229	0	0
lcl|NC_052665.1_mrna_XM_039457778.1_4768	3278	3079	24.227	2.21007
lcl|NC_052665.1_mrna_XM_039457798.1_4769	4204	4005	3.94517	0.276681
lcl|NC_052665.1_mrna_XM_039457786.1_4770	4299	4100	54.0933	3.70575
lcl|NC_052665.1_mrna_XM_039457789.1_4771	4149	3950	1.73655	0.123483
lcl|NC_052665.1_mrna_XM_039457767.1_4772	3372	3173	0	0
lcl|NC_052665.1_mrna_XM_039457776.1_4773	3222	3023	11.998	1.11477
lcl|NC_052665.1_mrna_XM_039457782.1_4774	3985	3786	0	0
lcl|NC_052665.1_mrna_XM_011163798.3_4775	2038	1839	1181	180.378
lcl|NC_052665.1_mrna_XM_011163799.3_4776	5661	5462	937	48.1841
lcl|NC_052665.1_mrna_XM_011163800.3_4777	1954	1755	433	69.2989
lcl|NC_052665.1_mrna_XM_011163801.3_4778	3164	2965	464	43.9551
lcl|NC_052665.1_mrna_XM_026131076.2_4779	1234	1035	17	4.61343
lcl|NC_052665.1_mrna_XM_011163802.3_4780	1182	983	38	10.8579
lcl|NC_052665.1_mrna_XM_011163807.3_4781	1808	1609	263.789	46.0487
lcl|NC_052665.1_mrna_XM_011163806.3_4782	1859	1660	1156.21	195.634
lcl|NC_052665.1_mrna_XM_011163808.3_4783	5085	4886	290.194	16.6821
lcl|NC_052665.1_mrna_XM_011163809.3_4784	5052	4853	2.17448	0.125852
lcl|NC_052665.1_mrna_XM_011163810.3_4785	4000	3801	8.6602	0.63995
lcl|NC_052665.1_miscrna_XR_003268263.2_4786	3027	2828	0	0
lcl|NC_052665.1_miscrna_XR_003268266.2_4787	3047	2848	0	0
lcl|NC_052665.1_miscrna_XR_003268265.2_4788	3088	2889	0	0
lcl|NC_052665.1_miscrna_XR_003268264.2_4789	3138	2939	0	0
lcl|NC_052665.1_ncrna_XR_850817.3_4790	192	14.0216	1	20.0317
lcl|NC_052665.1_ncrna_XR_003268278.1_4791	137	6.00353	0	0
lcl|NC_052665.1_mrna_XM_011163811.3_4792	4362	4163	0	0
lcl|NC_052665.1_mrna_XM_039458253.1_4793	4151	3952	93.9326	6.67598
lcl|NC_052665.1_mrna_XM_011163814.3_4794	4344	4145	0	0
lcl|NC_052665.1_mrna_XM_011163813.3_4795	4728	4529	7.84922	0.486788
lcl|NC_052665.1_mrna_XM_011163817.3_4796	4359	4160	34.2564	2.31294
lcl|NC_052665.1_mrna_XM_011163816.3_4797	4368	4169	31.9618	2.15335
lcl|NC_052665.1_mrna_XM_011163819.3_4798	2164	1965	293.718	41.984
lcl|NC_052665.1_mrna_XM_011163818.3_4799	2203	2004	221.282	31.0145
lcl|NC_052665.1_mrna_XM_011163820.3_4800	1132	933	77	23.1806
lcl|NC_052665.1_mrna_XM_026131078.2_4801	1158	959	0	0
lcl|NC_052665.1_mrna_XM_011163821.3_4802	1910	1711	16	2.62655
lcl|NC_052665.1_mrna_XM_039458248.1_4803	3326	3127	0	0
lcl|NC_052665.1_mrna_XM_011163826.3_4804	1455	1256	3	0.670884
lcl|NC_052665.1_mrna_XM_011163825.3_4805	1506	1307	0	0
lcl|NC_052665.1_mrna_XM_039458320.1_4806	1073	874	0	0
lcl|NC_052665.1_mrna_XM_026131074.2_4807	1440	1241	56.1126	12.7
lcl|NC_052665.1_mrna_XM_039458351.1_4808	2816	2617	155.694	16.7103
lcl|NC_052665.1_mrna_XM_011163827.3_4809	3016	2817	74.7081	7.44898
lcl|NC_052665.1_mrna_XM_039458345.1_4810	2997	2798	49.5981	4.97889
lcl|NC_052665.1_mrna_XM_011163831.3_4811	3021	2822	1416	140.936
lcl|NC_052665.1_mrna_XM_011163834.3_4812	4337	4138	127	8.62043
lcl|NC_052665.1_ncrna_XR_005576481.1_4813	2771	2572	0	0
lcl|NC_052665.1_ncrna_XR_005576482.1_4814	1584	1385	36.4599	7.39403
lcl|NC_052665.1_mrna_XM_011163841.3_4815	3227	3028	281.54	26.1156
lcl|NC_052665.1_mrna_XM_026131139.2_4816	3925	3726	43.922	3.31097
lcl|NC_052665.1_mrna_XM_011163838.3_4817	3851	3652	4.80508e-05	3.6956e-06
lcl|NC_052665.1_mrna_XM_011163836.3_4818	3889	3690	226.695	17.2557
lcl|NC_052665.1_mrna_XM_039458383.1_4819	3608	3409	84.4517	6.9582
lcl|NC_052665.1_mrna_XM_039458399.1_4820	3506	3307	80.931	6.87379
lcl|NC_052665.1_mrna_XM_011163844.3_4821	3061	2862	1207.77	118.531
lcl|NC_052665.1_mrna_XM_011163843.3_4822	3144	2945	488.364	46.5773
lcl|NC_052665.1_mrna_XM_011163842.3_4823	3231	3032	313.865	29.0757
lcl|NC_052665.1_mrna_XM_011163850.3_4824	1034	835	8	2.69103
lcl|NC_052665.1_mrna_XM_011163851.3_4825	1333	1134	0	0
lcl|NC_052665.1_mrna_XM_026131138.2_4826	1315	1116	0	0
lcl|NC_052665.1_mrna_XM_011163846.3_4827	905	706	11	4.37627
lcl|NC_052665.1_mrna_XM_011163845.3_4828	1527	1328	1029	217.637
lcl|NC_052665.1_ncrna_XR_005576497.1_4829	1317	1118	28.9538	7.27411
lcl|NC_052665.1_mrna_XM_011163852.3_4830	4778	4579	503.046	30.8569
lcl|NC_052665.1_mrna_XM_039458424.1_4831	506	307	3	2.74472
lcl|NC_052665.1_mrna_XM_026131124.2_4832	5948	5749	5.1262e-05	2.50449e-06
lcl|NC_052665.1_mrna_XM_026131125.2_4833	5933	5734	0.000704401	3.45047e-05
lcl|NC_052665.1_mrna_XM_026131128.2_4834	5846	5647	2.78301	0.138424
lcl|NC_052665.1_mrna_XM_026131126.2_4835	5921	5722	10.2744	0.504343
lcl|NC_052665.1_mrna_XM_026131127.2_4836	5906	5707	142.942	7.03505
lcl|NC_052665.1_mrna_XM_026131134.2_4837	5181	4982	0	0
lcl|NC_052665.1_mrna_XM_026131131.2_4838	8656	8457	0	0
lcl|NC_052665.1_mrna_XM_026131130.2_4839	8655	8456	41.7987	1.3884
lcl|NC_052665.1_mrna_XM_026131133.2_4840	8643	8444	19.7675	0.657535
lcl|NC_052665.1_mrna_XM_026131136.2_4841	8630	8431	0.00383337	0.000127708
lcl|NC_052665.1_mrna_XM_026131135.2_4842	8619	8420	50.743	1.6927
lcl|NC_052665.1_mrna_XM_026131129.2_4843	8105	7906	3.68694	0.130986
lcl|NC_052665.1_mrna_XM_011163854.3_4844	3142	2943	5137	490.27
lcl|NC_052665.1_mrna_XM_011163855.3_4845	2882	2683	33.5791	3.51531
lcl|NC_052665.1_mrna_XM_011163856.3_4846	2864	2665	344.421	36.3001
lcl|NC_052665.1_mrna_XM_011163857.3_4847	1850	1651	1216	206.872
lcl|NC_052665.1_mrna_XM_011163858.3_4848	645	446	2131	1342.04
lcl|NC_052665.1_mrna_XM_011163861.3_4849	2924	2725	114.013	11.7518
lcl|NC_052665.1_mrna_XM_026131237.2_4850	2918	2719	555.673	57.4019
lcl|NC_052665.1_mrna_XM_011163862.3_4851	3001	2802	365.314	36.6196
lcl|NC_052665.1_mrna_XM_039446371.1_4852	2941	2742	0	0
lcl|NC_052665.1_miscrna_XR_005574233.1_4853	2582	2383	0	0
lcl|NC_052665.1_miscrna_XR_005574232.1_4854	2837	2638	0	0
lcl|NC_052665.1_miscrna_XR_005574234.1_4855	2478	2279	0	0
lcl|NC_052665.1_mrna_XM_039446370.1_4856	2699	2500	0	0
lcl|NC_052665.1_miscrna_XR_005574231.1_4857	2340	2141	1	0.131189
lcl|NC_052665.1_mrna_XM_039446372.1_4858	1801	1602	0	0
lcl|NC_052665.1_mrna_XM_011163863.3_4859	1629	1430	2962	581.788
lcl|NC_052665.1_mrna_XM_039446369.1_4860	1794	1595	31.2726	5.50706
lcl|NC_052665.1_mrna_XM_011163864.3_4861	1797	1598	236.727	41.609
lcl|NC_052665.1_mrna_XM_011163866.3_4862	3197	2998	23.063	2.16073
lcl|NC_052665.1_mrna_XM_011163868.3_4863	3247	3048	20.7453	1.9117
lcl|NC_052665.1_mrna_XM_011163867.3_4864	3722	3523	402.192	32.0654
lcl|NC_052665.1_mrna_XM_026131066.2_4865	13729	13530	91.0224	1.88958
lcl|NC_052665.1_mrna_XM_039457559.1_4866	11823	11624	0	0
lcl|NC_052665.1_mrna_XM_039457553.1_4867	11911	11712	0	0
lcl|NC_052665.1_mrna_XM_039457561.1_4868	11632	11433	1.97763	0.0485847
lcl|NC_052665.1_mrna_XM_039457562.1_4869	11679	11480	0	0
lcl|NC_052665.1_mrna_XM_026131067.2_4870	5925	5726	7	0.34337
lcl|NC_052665.1_mrna_XM_011163872.3_4871	2023	1824	1824	280.877
lcl|NC_052665.1_miscrna_XR_850821.3_4872	5331	5132	0	0
lcl|NC_052665.1_mrna_XM_011163875.3_4873	5124	4925	123	7.01479
lcl|NC_052665.1_mrna_XM_011163877.3_4874	2093	1894	850.92	126.19
lcl|NC_052665.1_mrna_XM_011163882.3_4875	2210	2011	1797.72	251.088
lcl|NC_052665.1_mrna_XM_011163876.3_4876	2180	1981	14.6617	2.07882
lcl|NC_052665.1_mrna_XM_039446342.1_4877	2168	1969	0.584392	0.0833632
lcl|NC_052665.1_mrna_XM_039446347.1_4878	2102	1903	26.9737	3.98123
lcl|NC_052665.1_mrna_XM_039446340.1_4879	2174	1975	4.17222	0.593356
lcl|NC_052665.1_mrna_XM_039446343.1_4880	2144	1945	25.3329	3.65832
lcl|NC_052665.1_mrna_XM_039446337.1_4881	2216	2017	0	0
lcl|NC_052665.1_mrna_XM_039446338.1_4882	2121	1922	0.648932	0.0948334
lcl|NC_052665.1_mrna_XM_039446346.1_4883	2285	2086	41.9892	5.65379
lcl|NC_052665.1_mrna_XM_039446345.1_4884	2291	2092	251.34	33.7454
lcl|NC_052665.1_mrna_XM_039446341.1_4885	2333	2134	0	0
lcl|NC_052665.1_mrna_XM_039446344.1_4886	2238	2039	50.1402	6.90692
lcl|NC_052665.1_mrna_XM_039446350.1_4887	2212	2013	19.4984	2.72063
lcl|NC_052665.1_mrna_XM_039446349.1_4888	2218	2019	49.3843	6.87018
lcl|NC_052665.1_mrna_XM_039446348.1_4889	2260	2061	231.637	31.5678
lcl|NC_052665.1_mrna_XM_026131195.2_4890	2462	2263	2	0.248234
lcl|NC_052665.1_mrna_XM_011163891.3_4891	10861	10662	0	0
lcl|NC_052665.1_mrna_XM_026131185.2_4892	2760	2561	0	0
lcl|NC_052665.1_ncrna_XR_005574134.1_4893	1954	1755	0	0
lcl|NC_052665.1_ncrna_XR_005574135.1_4894	1843	1644	0	0
lcl|NC_052665.1_mrna_XM_011163892.3_4895	7276	7077	4	0.158755
lcl|NC_052665.1_mrna_XM_026131194.2_4896	9319	9120	0.36047	0.0111017
lcl|NC_052665.1_mrna_XM_039445838.1_4897	9298	9099	3.63953	0.112349
lcl|NC_052665.1_ncrna_XR_005574137.1_4898	220	26.5685	0	0
lcl|NC_052665.1_ncrna_XR_005574136.1_4899	572	373	1	0.753021
lcl|NC_052665.1_mrna_XM_011163894.3_4900	5594	5395	159	8.27792
lcl|NC_052665.1_mrna_XM_011163896.3_4901	1993	1794	107.765	16.8721
lcl|NC_052665.1_mrna_XM_011163895.3_4902	1957	1758	53.8958	8.61097
lcl|NC_052665.1_mrna_XM_039445839.1_4903	1551	1352	1.00323	0.208421
lcl|NC_052665.1_mrna_XM_026131065.2_4904	1584	1385	22.3364	4.5298
lcl|NC_052665.1_mrna_XM_011163898.3_4905	3749	3550	248.021	19.6235
lcl|NC_052665.1_mrna_XM_011163899.3_4906	3716	3517	5.75529e-08	4.59632e-09
lcl|NC_052665.1_mrna_XM_026131184.2_4907	4500	4301	70.7407	4.61972
lcl|NC_052665.1_mrna_XM_039446299.1_4908	3600	3401	164.238	13.5638
lcl|NC_052665.1_mrna_XM_026131180.2_4909	2377	2178	75.9884	9.79953
lcl|NC_052665.1_mrna_XM_011163901.3_4910	2394	2195	2.34488e-08	3.00055e-09
lcl|NC_052665.1_mrna_XM_011163900.3_4911	2397	2198	0	0
lcl|NC_052665.1_mrna_XM_026131181.2_4912	2418	2219	20.8383	2.63767
lcl|NC_052665.1_mrna_XM_026131176.2_4913	3686	3487	26.3321	2.12105
lcl|NC_052665.1_mrna_XM_026131177.2_4914	3683	3484	115.848	9.33952
lcl|NC_052665.1_mrna_XM_026131179.2_4915	3595	3396	105.152	8.69696
lcl|NC_052665.1_mrna_XM_039446301.1_4916	3547	3348	0	0
lcl|NC_052665.1_mrna_XM_026131173.2_4917	3677	3478	48.4473	3.91251
lcl|NC_052665.1_mrna_XM_026131172.2_4918	3676	3477	1170.55	94.5588
lcl|NC_052665.1_miscrna_XR_005574156.1_4919	3069	2870	8	0.782932
lcl|NC_052665.1_mrna_XM_039446013.1_4920	2586	2387	0	0
lcl|NC_052665.1_mrna_XM_039445972.1_4921	4133	3934	11	0.785369
lcl|NC_052665.1_mrna_XM_026131175.2_4922	4289	4090	0	0
lcl|NC_052665.1_mrna_XM_039445970.1_4923	4210	4011	3.96124e-08	2.77392e-09
lcl|NC_052665.1_mrna_XM_039445971.1_4924	4200	4001	4.84389e-07	3.40049e-08
lcl|NC_052665.1_mrna_XM_011163905.3_4925	1005	806	71.1034	24.7783
lcl|NC_052665.1_mrna_XM_011163906.3_4926	1289	1090	239.897	61.8178
lcl|NC_052665.1_mrna_XM_039445785.1_4927	914	715	1.16519	0.457728
lcl|NC_052665.1_mrna_XM_011163908.3_4928	827	628	184.835	82.6685
lcl|NC_052665.1_mrna_XM_011163907.3_4929	7471	7272	0	0
lcl|NC_052665.1_mrna_XM_039445780.1_4930	7452	7253	27.697	1.07258
lcl|NC_052665.1_mrna_XM_039445781.1_4931	7493	7294	24.083	0.927384
lcl|NC_052665.1_mrna_XM_039445782.1_4932	7358	7159	23.2201	0.911018
lcl|NC_052665.1_ncrna_XR_005574130.1_4933	4154	3955	0	0
lcl|NC_052665.1_mrna_XM_011163910.3_4934	2033	1834	7075.99	1083.69
lcl|NC_052665.1_mrna_XM_011163911.3_4935	1716	1517	18.6135	3.44634
lcl|NC_052665.1_mrna_XM_011163913.3_4936	1553	1354	21.3937	4.43796
lcl|NC_052665.1_mrna_XM_011163915.3_4937	6966	6767	1022	42.42
lcl|NC_052665.1_mrna_XM_011163916.3_4938	2899	2700	1303	135.549
lcl|NC_052665.1_mrna_XM_011163917.3_4939	2431	2232	0	0
lcl|NC_052665.1_mrna_XM_011163919.3_4940	2187	1988	0	0
lcl|NC_052665.1_mrna_XM_011163918.3_4941	2748	2549	0	0
lcl|NC_052665.1_mrna_XM_026131221.2_4942	10811	10612	119.229	3.15573
lcl|NC_052665.1_mrna_XM_011163920.3_4943	10812	10613	11.4838	0.303923
lcl|NC_052665.1_mrna_XM_011163924.3_4944	1181	982	4.92561	1.40885
lcl|NC_052665.1_mrna_XM_011163921.3_4945	3072	2873	0	0
lcl|NC_052665.1_mrna_XM_011163925.3_4946	1755	1556	9.36163	1.68989
lcl|NC_052665.1_mrna_XM_039445783.1_4947	3057	2858	0	0
lcl|NC_052665.1_mrna_XM_039445784.1_4948	2973	2774	0	0
lcl|NC_052665.1_trna_4949	72	3.52559	0	0
lcl|NC_052665.1_mrna_XM_011163927.3_4950	3112	2913	19.1914	1.85047
lcl|NC_052665.1_mrna_XM_011163926.3_4951	4115	3916	7.80857	0.560073
lcl|NC_052665.1_mrna_XM_026131215.2_4952	5211	5012	0	0
lcl|NC_052665.1_mrna_XM_026131214.2_4953	5081	4882	0	0
lcl|NC_052665.1_mrna_XM_026131212.2_4954	5080	4881	30.2694	1.74185
lcl|NC_052665.1_miscrna_XR_005574186.1_4955	6087	5888	0	0
lcl|NC_052665.1_miscrna_XR_003268273.2_4956	5980	5781	0	0
lcl|NC_052665.1_miscrna_XR_005574185.1_4957	6086	5887	0	0
lcl|NC_052665.1_miscrna_XR_005574187.1_4958	6116	5917	0	0
lcl|NC_052665.1_mrna_XM_039446086.1_4959	2303	2104	2.73056	0.36452
lcl|NC_052665.1_mrna_XM_039446087.1_4960	693	494	1	0.568576
lcl|NC_052665.1_mrna_XM_011163930.3_4961	5920	5721	977.363	47.9844
lcl|NC_052665.1_mrna_XM_011163933.3_4962	2854	2655	33.6326	3.55805
lcl|NC_052665.1_mrna_XM_039446084.1_4963	3076	2877	0	0
lcl|NC_052665.1_mrna_XM_011163931.3_4964	3115	2916	129.65	12.4882
lcl|NC_052665.1_mrna_XM_011163932.3_4965	3039	2840	765.123	75.6709
lcl|NC_052665.1_mrna_XM_026131071.2_4966	3934	3735	1066	80.1645
lcl|NC_052665.1_ncrna_XR_005574188.1_4967	687	488	1	0.575567
lcl|NC_052665.1_mrna_XM_011163934.3_4968	3578	3379	13.7464	1.14266
lcl|NC_052665.1_mrna_XM_026131122.2_4969	3504	3305	346.254	29.4265
lcl|NC_052665.1_mrna_XM_039445942.1_4970	3524	3325	0	0
lcl|NC_052665.1_mrna_XM_026131117.2_4971	3589	3390	0	0
lcl|NC_052665.1_mrna_XM_011163935.3_4972	3173	2974	0	0
lcl|NC_052665.1_mrna_XM_039445943.1_4973	2959	2760	0	0
lcl|NC_052665.1_mrna_XM_011163937.3_4974	4549	4350	142.64	9.21019
lcl|NC_052665.1_mrna_XM_026131116.2_4975	4428	4229	13.6499	0.906585
lcl|NC_052665.1_mrna_XM_026131120.2_4976	8078	7879	0	0
lcl|NC_052665.1_mrna_XM_039445945.1_4977	8365	8166	28.3255	0.974281
lcl|NC_052665.1_mrna_XM_039445947.1_4978	8197	7998	0	0
lcl|NC_052665.1_mrna_XM_039445944.1_4979	4993	4794	0	0
lcl|NC_052665.1_mrna_XM_011163938.3_4980	4992	4793	1.38432	0.0811234
lcl|NC_052665.1_mrna_XM_026131119.2_4981	5136	4937	0	0
lcl|NC_052665.1_ncrna_XR_850823.3_4982	1879	1680	5	0.835943
lcl|NC_052665.1_ncrna_XR_850824.3_4983	4368	4169	8	0.538981
lcl|NC_052665.1_mrna_XM_011163939.3_4984	4283	4084	49	3.36997
lcl|NC_052665.1_mrna_XM_011163942.3_4985	1872	1673	205.782	34.5484
lcl|NC_052665.1_mrna_XM_039445958.1_4986	1803	1604	47.3368	8.28915
lcl|NC_052665.1_mrna_XM_011163940.3_4987	2091	1892	93.2501	13.8434
lcl|NC_052665.1_mrna_XM_026131171.2_4988	1888	1689	1611.63	268.01
lcl|NC_052665.1_mrna_XM_026131234.2_4989	1529	1330	0	0
lcl|NC_052665.1_mrna_XM_026131233.2_4990	1945	1746	0	0
lcl|NC_052665.1_mrna_XM_039445955.1_4991	2910	2711	0	0
lcl|NC_052665.1_mrna_XM_039445956.1_4992	2814	2615	0	0
lcl|NC_052665.1_mrna_XM_039445957.1_4993	2245	2046	0	0
lcl|NC_052665.1_mrna_XM_039445953.1_4994	1986	1787	0	0
lcl|NC_052665.1_mrna_XM_039445954.1_4995	1982	1783	0	0
lcl|NC_052665.1_mrna_XM_039445821.1_4996	1867	1668	0	0
lcl|NC_052665.1_mrna_XM_026131081.2_4997	2381	2182	0	0
lcl|NC_052665.1_mrna_XM_039445949.1_4998	2220	2021	0	0
lcl|NC_052665.1_mrna_XM_039445948.1_4999	2071	1872	0	0
lcl|NC_052665.1_mrna_XM_039445951.1_5000	2067	1868	0	0
lcl|NC_052665.1_mrna_XM_039445952.1_5001	1880	1681	0	0
lcl|NC_052665.1_ncrna_XR_005574155.1_5002	884	685	0	0
lcl|NC_052665.1_miscrna_XR_005574153.1_5003	5911	5712	0	0
lcl|NC_052665.1_miscrna_XR_005574154.1_5004	5784	5585	0	0
lcl|NC_052665.1_mrna_XM_039445959.1_5005	2135	1936	0	0
lcl|NC_052665.1_mrna_XM_026131192.2_5006	3185	2986	0	0
lcl|NC_052665.1_mrna_XM_026131064.2_5007	3126	2927	0	0
lcl|NC_052665.1_miscrna_XR_005574170.1_5008	2071	1872	0	0
lcl|NC_052665.1_mrna_XM_039446056.1_5009	1940	1741	0	0
lcl|NC_052665.1_mrna_XM_011163977.3_5010	1889	1690	2	0.332398
lcl|NC_052665.1_mrna_XM_039459772.1_5011	3257	3058	0	0
lcl|NC_052665.1_mrna_XM_026131069.2_5012	3155	2956	0	0
lcl|NC_052665.1_mrna_XM_026131206.2_5013	1829	1630	8	1.37854
lcl|NC_052665.1_mrna_XM_011164829.3_5014	995	796	898	316.868
lcl|NC_052665.1_mrna_XM_011163947.3_5015	658	459	103	63.029
lcl|NC_052665.1_mrna_XM_039459720.1_5016	1007	808	274.598	95.4558
lcl|NC_052665.1_mrna_XM_039459721.1_5017	606	407	80.4016	55.4863
lcl|NC_052665.1_mrna_XM_039445822.1_5018	1250	1051	1	0.267247
lcl|NC_052665.1_mrna_XM_011159564.3_5019	16267	16068	32	0.559376
lcl|NC_052665.1_mrna_XM_039457425.1_5020	3738	3539	1	0.0793661
lcl|NC_052665.1_mrna_XM_026135637.2_5021	1999	1800	0	0
lcl|NC_052665.1_mrna_XM_039457430.1_5022	2103	1904	0	0
lcl|NC_052665.1_mrna_XM_039457422.1_5023	2242	2043	0	0
lcl|NC_052665.1_mrna_XM_026135636.2_5024	2351	2152	0	0
lcl|NC_052665.1_mrna_XM_026135638.2_5025	2347	2148	0	0
lcl|NC_052665.1_mrna_XM_011159539.3_5026	3081	2882	970.395	94.5737
lcl|NC_052665.1_mrna_XM_011159540.3_5027	3238	3039	36.6045	3.38314
lcl|NC_052665.1_mrna_XM_026135642.2_5028	2172	1973	76.7178	10.9216
lcl|NC_052665.1_miscrna_XR_005576719.1_5029	1816	1617	0	0
lcl|NC_052665.1_mrna_XM_026135643.2_5030	2160	1961	345.282	49.4552
lcl|NC_052665.1_mrna_XM_039446044.1_5031	1448	1249	9	2.02393
lcl|NC_052665.1_mrna_XM_011159542.3_5032	876	677	1074	445.586
lcl|NC_052665.1_mrna_XM_011159541.3_5033	1817	1618	2030	352.398
lcl|NC_052665.1_ncrna_XR_003268787.2_5034	2440	2241	0	0
lcl|NC_052665.1_mrna_XM_011159543.3_5035	11736	11537	1	0.0243457
lcl|NC_052665.1_ncrna_XR_005574165.1_5036	766	567	9.62006	4.76552
lcl|NC_052665.1_ncrna_XR_005574164.1_5037	781	582	4.37994	2.11378
lcl|NC_052665.1_ncrna_XR_005574162.1_5038	785	586	0	0
lcl|NC_052665.1_ncrna_XR_005574163.1_5039	1030	831	0	0
lcl|NC_052665.1_mrna_XM_011159544.3_5040	5934	5735	0	0
lcl|NC_052665.1_mrna_XM_039446015.1_5041	5934	5735	0	0
lcl|NC_052665.1_mrna_XM_039446014.1_5042	7126	6927	5.4674	0.221693
lcl|NC_052665.1_mrna_XM_026135647.2_5043	7111	6912	48.091	1.95423
lcl|NC_052665.1_mrna_XM_039446016.1_5044	5731	5532	4.44161	0.225514
lcl|NC_052665.1_mrna_XM_011159549.3_5045	4616	4417	0	0
lcl|NC_052665.1_mrna_XM_026135650.2_5046	305	106	0	0
lcl|NC_052665.1_mrna_XM_039446017.1_5047	10901	10702	3	0.0787358
lcl|NC_052665.1_ncrna_XR_850652.3_5048	734	535	0	0
lcl|NC_052665.1_ncrna_XR_850653.3_5049	682	483	0	0
lcl|NC_052665.1_mrna_XM_011159545.3_5050	9336	9137	2.00371	0.0615953
lcl|NC_052665.1_mrna_XM_026135651.2_5051	4231	4032	104	7.24484
lcl|NC_052665.1_mrna_XM_026135652.2_5052	1662	1463	1	0.191987
lcl|NC_052665.1_mrna_XM_011159551.2_5053	2464	2265	7875.55	976.626
lcl|NC_052665.1_mrna_XM_039446073.1_5054	2334	2135	1111.25	146.194
lcl|NC_052665.1_mrna_XM_039446072.1_5055	2335	2136	1663.2	218.705
lcl|NC_052665.1_mrna_XM_039446076.1_5056	5105	4906	0	0
lcl|NC_052665.1_mrna_XM_039446077.1_5057	5087	4888	14.0886	0.809566
lcl|NC_052665.1_mrna_XM_011159553.3_5058	3969	3770	234.428	17.4656
lcl|NC_052665.1_mrna_XM_011159555.3_5059	1379	1180	13.2437	3.1524
lcl|NC_052665.1_mrna_XM_011159554.2_5060	1410	1211	400.24	92.8307
lcl|NC_052665.1_mrna_XM_026135635.2_5061	2587	2388	251.446	29.5752
lcl|NC_052665.1_mrna_XM_011159556.3_5062	2609	2410	3232.18	376.699
lcl|NC_052665.1_mrna_XM_039446075.1_5063	3531	3332	232	19.5568
lcl|NC_052665.1_mrna_XM_011159557.3_5064	3648	3449	0	0
lcl|NC_052665.1_mrna_XM_039446074.1_5065	3631	3432	0	0
lcl|NC_052665.1_mrna_XM_026135656.2_5066	1006	807	205	71.3503
lcl|NC_052665.1_mrna_XM_026135655.2_5067	1453	1254	662	148.278
lcl|NC_052665.1_mrna_XM_011159563.3_5068	4387	4188	40.9126	2.74389
lcl|NC_052665.1_mrna_XM_039446078.1_5069	1689	1490	7.50629	1.41499
lcl|NC_052665.1_mrna_XM_011159561.3_5070	1381	1182	212.494	50.4945
lcl|NC_052665.1_mrna_XM_026135653.2_5071	1336	1137	291.591	72.0327
lcl|NC_052665.1_mrna_XM_011159558.3_5072	1201	1002	2195.8	615.517
lcl|NC_052665.1_mrna_XM_039457998.1_5073	3140	2941	0	0
lcl|NC_052665.1_mrna_XM_011158107.3_5074	3195	2996	0	0
lcl|NC_052665.1_mrna_XM_039458021.1_5075	1222	1023	1.67524	0.459956
lcl|NC_052665.1_mrna_XM_011158137.3_5076	10672	10473	3.32476	0.0891672
lcl|NC_052665.1_mrna_XM_026135410.2_5077	2776	2577	1064	115.969
lcl|NC_052665.1_mrna_XM_011158154.3_5078	1005	806	6390	2226.8
lcl|NC_052665.1_mrna_XM_039458785.1_5079	1938	1739	19.7249	3.18589
lcl|NC_052665.1_mrna_XM_039458776.1_5080	1938	1739	0	0
lcl|NC_052665.1_mrna_XM_039458792.1_5081	1866	1667	0	0
lcl|NC_052665.1_mrna_XM_039458801.1_5082	1828	1629	48.3726	8.34054
lcl|NC_052665.1_mrna_XM_026135411.2_5083	1852	1653	57.3201	9.7398
lcl|NC_052665.1_mrna_XM_039458781.1_5084	1893	1694	117.74	19.5222
lcl|NC_052665.1_mrna_XM_011158170.3_5085	896	697	65.9024	26.5573
lcl|NC_052665.1_mrna_XM_039458815.1_5086	1201	1002	498.94	139.861
lcl|NC_052665.1_mrna_XM_011158203.3_5087	1299	1100	190.047	48.527
lcl|NC_052665.1_mrna_XM_011158211.3_5088	1293	1094	1201.95	308.593
lcl|NC_052665.1_ncrna_XR_005576556.1_5089	1050	851	26.898	8.87783
lcl|NC_052665.1_mrna_XM_011158223.3_5090	2796	2597	619.419	66.9928
lcl|NC_052665.1_mrna_XM_039445827.1_5091	738	539	8	4.16886
lcl|NC_052665.1_mrna_XM_039446298.1_5092	9605	9406	8.76788	0.261821
lcl|NC_052665.1_mrna_XM_011158243.3_5093	9692	9493	17.2321	0.50986
lcl|NC_052665.1_ncrna_XR_003268763.2_5094	2694	2495	3.46236	0.389778
lcl|NC_052665.1_mrna_XM_026135424.2_5095	1429	1230	0	0
lcl|NC_052665.1_mrna_XM_026135425.2_5096	1747	1548	0	0
lcl|NC_052665.1_mrna_XM_039446162.1_5097	10615	10416	18	0.485386
lcl|NC_052665.1_mrna_XM_026135414.2_5098	9585	9386	0	0
lcl|NC_052665.1_mrna_XM_039446163.1_5099	9505	9306	0	0
lcl|NC_052665.1_mrna_XM_011158280.3_5100	1698	1499	4	0.749504
lcl|NC_052665.1_mrna_XM_011158270.3_5101	11322	11123	1.99987	0.0505004
lcl|NC_052665.1_mrna_XM_039446165.1_5102	11466	11267	4.98752e-06	1.24335e-07
lcl|NC_052665.1_mrna_XM_026135415.2_5103	11453	11254	1.58771e-05	3.96261e-07
lcl|NC_052665.1_mrna_XM_039446164.1_5104	11431	11232	0.000113015	2.82616e-06
lcl|NC_052665.1_mrna_XM_011158257.3_5105	2277	2078	3334	450.646
lcl|NC_052665.1_mrna_XM_011158305.3_5106	2505	2306	147	17.905
lcl|NC_052665.1_mrna_XM_011158312.3_5107	1668	1469	0	0
lcl|NC_052665.1_mrna_XM_011158323.3_5108	6182	5983	15	0.704187
lcl|NC_052665.1_mrna_NM_001304587.1_5109	672	473	1	0.59382
lcl|NC_052665.1_mrna_XM_011158346.2_5110	1208	1009	1	0.278371
lcl|NC_052665.1_mrna_XM_011158380.3_5111	7574	7375	411.118	15.6574
lcl|NC_052665.1_mrna_XM_026135419.2_5112	7644	7445	0.0315487	0.00119023
lcl|NC_052665.1_mrna_XM_011158364.3_5113	7713	7514	3.02324e-06	1.1301e-07
lcl|NC_052665.1_mrna_XM_026135418.2_5114	7660	7461	0.00366308	0.0001379
lcl|NC_052665.1_mrna_XM_011158371.3_5115	8415	8216	48.847	1.66991
lcl|NC_052665.1_ncrna_XR_005574173.1_5116	535	336	0	0
lcl|NC_052665.1_ncrna_XR_005574172.1_5117	223	28.546	0	0
lcl|NC_052665.1_ncrna_XR_005574202.1_5118	2007	1808	1.23767	0.192274
lcl|NC_052665.1_mrna_XM_026135413.2_5119	2194	1995	1	0.14079
lcl|NC_052665.1_mrna_XM_011158393.3_5120	2319	2120	0	0
lcl|NC_052665.1_mrna_XM_039459693.1_5121	1284	1085	0	0
lcl|NC_052665.1_mrna_XM_039459692.1_5122	2166	1967	1	0.142794
lcl|NC_052665.1_mrna_XM_011158434.3_5123	2255	2056	0	0
lcl|NC_052665.1_mrna_XM_011158443.3_5124	2253	2054	0	0
lcl|NC_052665.1_mrna_XM_011158451.3_5125	3563	3364	0	0
lcl|NC_052665.1_mrna_XM_039459691.1_5126	3820	3621	0	0
lcl|NC_052665.1_mrna_XM_011158425.3_5127	3692	3493	0	0
lcl|NC_052665.1_mrna_XM_039459690.1_5128	3949	3750	0	0
lcl|NC_052665.1_mrna_XM_011158417.3_5129	4724	4525	0	0
lcl|NC_052665.1_mrna_XM_026135420.2_5130	1862	1663	0	0
lcl|NC_052665.1_mrna_XM_039459773.1_5131	1766	1567	23.0771	4.13645
lcl|NC_052665.1_mrna_XM_011158468.3_5132	1833	1634	314.923	54.1337
lcl|NC_052665.1_mrna_XM_039446274.1_5133	13757	13558	0	0
lcl|NC_052665.1_mrna_XM_026135422.2_5134	8950	8751	0	0
lcl|NC_052665.1_mrna_XM_026135421.2_5135	8053	7854	0	0
lcl|NC_052665.1_mrna_XM_039446281.1_5136	3490	3291	6.91263	0.589972
lcl|NC_052665.1_mrna_XM_039446280.1_5137	3940	3741	72.0362	5.40853
lcl|NC_052665.1_mrna_XM_039446275.1_5138	13672	13473	1.98508e-08	4.13837e-10
lcl|NC_052665.1_mrna_XM_039446278.1_5139	13577	13378	3.65045e-06	7.66427e-08
lcl|NC_052665.1_mrna_XM_039446277.1_5140	13672	13473	97.6663	2.03609
lcl|NC_052665.1_mrna_XM_039446276.1_5141	14054	13855	166.443	3.37423
lcl|NC_052665.1_miscrna_XR_005574230.1_5142	6097	5898	0	0
lcl|NC_052665.1_mrna_XM_039446365.1_5143	8741	8542	37	1.21663
lcl|NC_052665.1_mrna_XM_039446364.1_5144	9840	9641	0	0
lcl|NC_052665.1_mrna_XM_011158533.3_5145	2291	2092	0	0
lcl|NC_052665.1_mrna_XM_011158525.3_5146	2313	2114	0	0
lcl|NC_052665.1_mrna_XM_039446367.1_5147	2171	1972	0	0
lcl|NC_052665.1_mrna_XM_039445828.1_5148	921	722	0	0
lcl|NC_052665.1_mrna_XM_011158552.3_5149	5896	5697	1245	61.3817
lcl|NC_052665.1_mrna_XM_011158592.3_5150	2907	2708	282.372	29.2879
lcl|NC_052665.1_mrna_XM_011158595.3_5151	3294	3095	605	54.9048
lcl|NC_052665.1_mrna_XM_011158605.3_5152	1893	1694	161.251	26.7366
lcl|NC_052665.1_mrna_XM_011158612.3_5153	4252	4053	168.403	11.6705
lcl|NC_052665.1_mrna_XM_011158621.3_5154	937	738	642.223	244.425
lcl|NC_052665.1_mrna_XM_011178075.3_5155	843	644	1481	645.929
lcl|NC_052665.1_mrna_XM_011178073.3_5156	2629	2430	401.417	46.3986
lcl|NC_052665.1_mrna_XM_011178074.3_5157	2821	2622	1588.58	170.174
lcl|NC_052665.1_mrna_XM_011178072.3_5158	1191	992	310	87.774
lcl|NC_052665.1_mrna_XM_026141265.2_5159	2878	2679	860.95	90.2653
lcl|NC_052665.1_mrna_XM_039445870.1_5160	3550	3351	0	0
lcl|NC_052665.1_mrna_XM_026141262.2_5161	3828	3629	61.0497	4.72512
lcl|NC_052665.1_mrna_XM_011174872.3_5162	3213	3014	548.416	51.1073
lcl|NC_052665.1_mrna_XM_011174870.3_5163	3508	3309	83.5553	7.09239
lcl|NC_052665.1_mrna_XM_039445876.1_5164	3229	3030	132.931	12.3225
lcl|NC_052665.1_mrna_XM_039445877.1_5165	2927	2728	131.974	13.5882
lcl|NC_052665.1_miscrna_XR_005574145.1_5166	488	289	1.07428	1.04408
lcl|NC_052665.1_mrna_XM_039445880.1_5167	1847	1648	4.04909	0.690107
lcl|NC_052665.1_mrna_XM_039445829.1_5168	1797	1598	0	0
lcl|NC_052665.1_mrna_XM_039445830.1_5169	3357	3158	0	0
lcl|NC_052665.1_mrna_XM_039445872.1_5170	1870	1671	9.12076	1.5331
lcl|NC_052665.1_mrna_XM_039445873.1_5171	1394	1195	0	0
lcl|NC_052665.1_mrna_XM_039445874.1_5172	1485	1286	35.8479	7.82957
lcl|NC_052665.1_mrna_XM_011174217.3_5173	2000	1801	491.031	76.5793
lcl|NC_052665.1_mrna_XM_039445875.1_5174	1174	975	0	0
lcl|NC_052665.1_mrna_XM_039445871.1_5175	1535	1336	0	0
lcl|NC_052665.1_mrna_XM_039445881.1_5176	1920	1721	1	0.163206
lcl|NC_052665.1_mrna_XM_039445878.1_5177	3116	2917	3.74374	0.360483
lcl|NC_052665.1_mrna_XM_039445734.1_5178	6216	6017	0	0
lcl|NC_052665.1_mrna_XM_039445742.1_5179	1109	910	0	0
lcl|NC_052665.1_mrna_XM_039445733.1_5180	4657	4458	11	0.693056
lcl|NC_052665.1_mrna_XM_039445739.1_5181	1734	1535	8.98852	1.64473
lcl|NC_052665.1_mrna_XM_039445736.1_5182	1624	1425	6.15427	1.21305
lcl|NC_052665.1_mrna_XM_039445737.1_5183	1507	1308	0	0
lcl|NC_052665.1_mrna_XM_039445740.1_5184	1212	1013	0	0
lcl|NC_052665.1_mrna_XM_039445741.1_5185	1720	1521	1.85721	0.342963
lcl|NC_052665.1_mrna_XM_026137210.2_5186	3372	3173	0	0
lcl|NC_052665.1_mrna_XM_039445735.1_5187	3740	3541	0	0
lcl|NC_052665.1_mrna_XM_011177082.2_5188	939	740	0	0
lcl|NC_052665.1_mrna_XM_039445831.1_5189	1392	1193	0	0
lcl|NC_052665.1_ncrna_XR_003269169.2_5190	938	739	1	0.380077
lcl|NC_052665.1_mrna_XM_026136090.2_5191	1719	1520	9.60947	1.77571
lcl|NC_052665.1_mrna_XM_011171882.2_5192	963	764	0	0
lcl|NC_052665.1_mrna_XM_011177314.1_5193	915	716	0	0
lcl|NC_052665.1_ncrna_XR_003269579.2_5194	645	446	3	1.88931
lcl|NC_052665.1_ncrna_XR_005574201.1_5195	543	344	0	0
lcl|NC_052665.1_mrna_XM_039446031.1_5196	2740	2541	8	0.884303
lcl|NC_052665.1_mrna_XM_039446032.1_5197	2769	2570	0	0
lcl|NC_052665.1_mrna_XM_039445834.1_5198	1311	1112	9	2.27328
lcl|NC_052665.1_mrna_XM_039445933.1_5199	1333	1134	0	0
lcl|NC_052665.1_mrna_XM_039445867.1_5200	869	670	2	0.838438
lcl|NC_052665.1_mrna_XM_039445866.1_5201	4207	4008	0	0
lcl|NC_052665.1_mrna_XM_039445835.1_5202	1203	1004	0	0
lcl|NC_052665.1_mrna_XM_011164730.1_5203	459	260	0	0
lcl|NC_052665.1_miscrna_XR_005576720.1_5204	2078	1879	0	0
lcl|NC_052665.1_mrna_XM_039459699.1_5205	792	593	0	0
lcl|NC_052665.1_mrna_XM_026141118.2_5206	840	641	0	0
lcl|NC_052665.1_mrna_XM_039445836.1_5207	2483	2284	0	0
lcl|NC_052665.1_mrna_XM_011172185.1_5208	915	716	0	0
lcl|NC_052665.1_mrna_XM_011172184.2_5209	1482	1283	0	0
lcl|NC_052665.1_mrna_XM_011172183.2_5210	2331	2132	0	0
lcl|NC_052665.1_mrna_XM_026141418.2_5211	1194	995	0	0
lcl|NC_052665.1_mrna_XM_039446168.1_5212	621	422	0	0
lcl|NC_052665.1_ncrna_XR_005576721.1_5213	288	89.0004	1.25474	3.95984
lcl|NC_052665.1_mrna_XM_026139669.2_5214	1221	1022	0	0
lcl|NC_052665.1_mrna_XM_026139672.2_5215	2286	2087	1.05529	0.142025
lcl|NC_052665.1_mrna_XM_039459698.1_5216	1402	1203	0	0
lcl|NC_052665.1_mrna_XM_026139673.2_5217	7296	7097	2.11072	0.0835357
lcl|NC_052665.1_mrna_XM_011173480.2_5218	1827	1628	0	0
lcl|NC_052665.1_mrna_XM_039459696.1_5219	6466	6267	58.3327	2.61438
lcl|NC_052665.1_mrna_XM_039459695.1_5220	4942	4743	0	0
lcl|NC_052665.1_mrna_XM_039459694.1_5221	5175	4976	0	0
lcl|NC_052665.1_mrna_XM_026139763.2_5222	5159	4960	0	0
lcl|NC_052665.1_mrna_XM_026139764.2_5223	5138	4939	0	0
lcl|NC_052665.1_mrna_XM_039459697.1_5224	1551	1352	5.39443	1.12069
lcl|NC_052665.1_mrna_XM_039445935.1_5225	3036	2837	0	0
lcl|NC_052665.1_mrna_XM_039445934.1_5226	3041	2842	0	0
lcl|NC_052665.1_mrna_XM_026130457.2_5227	810	611	0	0
lcl|NC_052665.1_mrna_XM_026130458.2_5228	815	616	15.4398	7.04007
lcl|NC_052665.1_mrna_XM_039445936.1_5229	2014	1815	6	0.928518
lcl|NC_052665.1_ncrna_XR_003268360.2_5230	3801	3602	7.28446	0.568028
lcl|NC_052665.1_mrna_XM_039445726.1_5231	3277	3078	0	0
lcl|NC_052665.1_mrna_XM_039445725.1_5232	3280	3081	3.32372	0.303004
lcl|NC_052665.1_mrna_XM_039445723.1_5233	3170	2971	0	0
lcl|NC_052665.1_mrna_XM_039445724.1_5234	3170	2971	0	0
lcl|NC_052665.1_mrna_XM_039445727.1_5235	3022	2823	38.5067	3.83126
lcl|NC_052665.1_mrna_XM_039445722.1_5236	3173	2974	0	0
lcl|NC_052665.1_mrna_XM_039445728.1_5237	1098	899	0	0
lcl|NC_052665.1_mrna_XM_039445729.1_5238	1074	875	2.21654	0.711512
lcl|NC_052665.1_mrna_XM_026142013.2_5239	1380	1181	0	0
lcl|NC_052665.1_mrna_XM_026142014.2_5240	1389	1190	0	0
lcl|NC_052665.1_mrna_XM_026141273.2_5241	663	464	0	0
lcl|NC_052665.1_mrna_XM_011173250.1_5242	864	665	0	0
lcl|NC_052665.1_mrna_XM_011173251.1_5243	957	758	0	0
lcl|NC_052665.1_mrna_XM_026133801.2_5244	972	773	2	0.726719
lcl|NC_052665.1_mrna_XM_026141095.2_5245	777	578	0.0312849	0.0152028
lcl|NC_052665.1_mrna_XM_039445937.1_5246	893	694	0	0
lcl|NC_052665.1_mrna_XM_039446171.1_5247	554	355	0	0
lcl|NC_052665.1_miscrna_XR_005574166.1_5248	4486	4287	2.71554	0.177917
lcl|NC_052665.1_mrna_XM_026141094.2_5249	4598	4399	0	0
lcl|NC_052665.1_mrna_XM_039446172.1_5250	1074	875	0	0
lcl|NC_052665.1_mrna_XM_039446173.1_5251	1563	1364	0	0
lcl|NC_052665.1_mrna_XM_039457872.1_5252	2795	2596	0	0
lcl|NC_052665.1_mrna_XM_039457879.1_5253	2656	2457	0	0
lcl|NC_052665.1_mrna_XM_039457888.1_5254	2474	2275	2.18472	0.269731
lcl|NC_052665.1_mrna_XM_039457890.1_5255	1807	1608	6.81528	1.19046
lcl|NC_052665.1_mrna_XM_039459689.1_5256	1505	1306	1.9936	0.428757
lcl|NC_052665.1_mrna_XM_039459688.1_5257	1554	1355	0	0
lcl|NC_052665.1_mrna_XM_039446145.1_5258	1045	846	1	0.332006
lcl|NC_052665.1_mrna_XM_011168363.1_5259	1203	1004	0	0
lcl|NC_052665.1_mrna_XM_011168362.1_5260	1233	1034	0	0
lcl|NC_052665.1_mrna_XM_039446175.1_5261	5166	4967	0	0
lcl|NC_052665.1_mrna_XM_039445968.1_5262	1879	1680	0	0
lcl|NC_052665.1_mrna_XM_039446177.1_5263	1134	935	0	0
lcl|NC_052665.1_mrna_XM_039445969.1_5264	1097	898	0	0
lcl|NC_052665.1_ncrna_XR_005574139.1_5265	570	371	9.98444	7.55902
lcl|NC_052665.1_ncrna_XR_851191.3_5266	555	356	8.28615	6.5376
lcl|NC_052665.1_miscrna_XR_005574138.1_5267	2153	1954	14.203	2.0416
lcl|NC_052665.1_mrna_XM_039445840.1_5268	2437	2238	0	0
lcl|NC_052665.1_mrna_XM_026141305.2_5269	1630	1431	48.8003	9.57852
lcl|NC_052665.1_mrna_XM_026141304.2_5270	1639	1440	177.104	34.5447
lcl|NC_052665.1_mrna_XM_039446115.1_5271	1486	1287	74.4443	16.2468
lcl|NC_052665.1_mrna_XM_039446114.1_5272	1492	1293	63.6517	13.827
lcl|NC_052665.1_ncrna_XR_005574193.1_5273	481	282	1	0.996017
lcl|NC_052665.1_mrna_XM_026141306.2_5274	1290	1091	1413.55	363.916
lcl|NC_052665.1_mrna_XM_011174271.3_5275	1041	842	706.07	235.533
lcl|NC_052665.1_mrna_XM_039446116.1_5276	836	637	3.73629	1.64747
lcl|NC_052665.1_mrna_XM_026140046.2_5277	3130	2931	1163.28	111.477
lcl|NC_052665.1_mrna_XM_026140047.2_5278	2239	2040	250.399	34.4761
lcl|NC_052665.1_mrna_XM_039446118.1_5279	2856	2657	23.4663	2.48067
lcl|NC_052665.1_mrna_XM_026140048.2_5280	2303	2104	23.8543	3.18446
lcl|NC_052665.1_mrna_XM_039446178.1_5281	3837	3638	0	0
lcl|NC_052665.1_mrna_XM_026139873.2_5282	776	577	1218	592.908
lcl|NC_052665.1_mrna_XM_039446257.1_5283	5819	5620	0	0
lcl|NC_052665.1_mrna_XM_011174417.3_5284	5518	5319	0	0
lcl|NC_052665.1_mrna_XM_039446254.1_5285	5315	5116	1.28657e-07	7.06346e-09
lcl|NC_052665.1_mrna_XM_011174416.3_5286	5479	5280	263	13.9906
lcl|NC_052665.1_mrna_XM_039446251.1_5287	5313	5114	1.90438e-07	1.04595e-08
lcl|NC_052665.1_mrna_XM_039446252.1_5288	5360	5161	6.71199e-08	3.65286e-09
lcl|NC_052665.1_mrna_XM_039446253.1_5289	5590	5391	0	0
lcl|NC_052665.1_ncrna_XR_005574205.1_5290	1500	1301	0	0
lcl|NC_052665.1_mrna_XM_039446255.1_5291	6473	6274	0	0
lcl|NC_052665.1_mrna_XM_026139871.2_5292	1394	1195	1111	261.133
lcl|NC_052665.1_mrna_XM_011169218.3_5293	2051	1852	434	65.821
lcl|NC_052665.1_mrna_XM_026139868.2_5294	2707	2508	15.0296	1.68319
lcl|NC_052665.1_mrna_XM_026139869.2_5295	2668	2469	231.357	26.3194
lcl|NC_052665.1_mrna_XM_026139870.2_5296	2728	2529	39.6137	4.39959
lcl|NC_052665.1_mrna_XM_011168798.1_5297	501	302	0	0
lcl|NC_052665.1_mrna_XM_039446240.1_5298	1091	892	1	0.314884
lcl|NC_052665.1_mrna_XM_011176364.2_5299	2733	2534	0	0
lcl|NC_052665.1_mrna_XM_039458482.1_5300	550	351	0	0
lcl|NC_052665.1_mrna_XM_039446029.1_5301	841	642	0	0
lcl|NC_052665.1_mrna_XM_039446179.1_5302	3267	3068	1	0.0915504
lcl|NC_052665.1_mrna_XM_026139464.2_5303	3819	3620	8	0.620722
lcl|NC_052665.1_mrna_XM_039446011.1_5304	3321	3122	0	0
lcl|NC_052665.1_mrna_XM_039446012.1_5305	3215	3016	0	0
lcl|NC_052665.1_mrna_XM_011159786.3_5306	1579	1380	2.73019	0.555686
lcl|NC_052665.1_mrna_XM_039446181.1_5307	1050	851	0	0
lcl|NC_052665.1_ncrna_XR_003269549.2_5308	438	239	0	0
lcl|NC_052665.1_ncrna_XR_005574196.1_5309	351	152	0	0
lcl|NC_052665.1_mrna_XM_039446182.1_5310	1662	1463	0	0
lcl|NC_052665.1_mrna_XM_039446183.1_5311	2688	2489	0	0
lcl|NC_052665.1_mrna_XM_039446184.1_5312	339	140	0	0
lcl|NC_052665.1_ncrna_XR_005574157.1_5313	676	477	0	0
lcl|NC_052665.1_mrna_XM_039445843.1_5314	1117	918	0	0
lcl|NC_052665.1_mrna_XM_039445846.1_5315	566	367	1	0.765332
lcl|NC_052665.1_mrna_XM_039445845.1_5316	888	689	0	0
lcl|NC_052665.1_mrna_XM_039445844.1_5317	1065	866	0	0
lcl|NC_052665.1_mrna_XM_011173454.2_5318	432	233	0	0
lcl|NC_052665.1_mrna_XM_039457532.1_5319	1886	1687	0	0
lcl|NC_052665.1_ncrna_XR_005576345.1_5320	3098	2899	0	0
lcl|NC_052665.1_trna_5321	76	3.6135	0	0
lcl|NC_052665.1_mrna_XM_039457544.1_5322	1706	1507	0	0
lcl|NC_052665.1_mrna_XM_039457539.1_5323	1119	920	0	0
lcl|NC_052665.1_mrna_XM_039445990.1_5324	6877	6678	1	0.04206
lcl|NC_052665.1_mrna_XM_039446185.1_5325	2562	2363	0	0
lcl|NC_052665.1_mrna_XM_039446186.1_5326	2917	2718	0	0
lcl|NC_052665.1_mrna_XM_039445833.1_5327	1412	1213	0	0
lcl|NC_052665.1_mrna_XM_011176402.2_5328	1863	1664	0	0
lcl|NC_052665.1_mrna_XM_039445793.1_5329	897	698	3	1.20721
lcl|NC_052665.1_mrna_XM_039446206.1_5330	1411	1212	0	0
lcl|NC_052665.1_mrna_XM_011171138.1_5331	642	443	0	0
lcl|NC_052665.1_mrna_XM_039459722.1_5332	3343	3144	0	0
lcl|NC_052665.1_mrna_XM_039459723.1_5333	4788	4589	0	0
lcl|NC_052665.1_mrna_XM_039459724.1_5334	4772	4573	0	0
lcl|NC_052665.1_mrna_XM_011174809.3_5335	1183	984	823	234.92
lcl|NC_052665.1_mrna_XM_039446358.1_5336	1147	948	0	0
lcl|NC_052665.1_mrna_XM_026139666.2_5337	1781	1582	392.666	69.7159
lcl|NC_052665.1_mrna_XM_026139668.2_5338	1759	1560	0	0
lcl|NC_052665.1_mrna_XM_039446357.1_5339	2741	2542	2.33441	0.25794
lcl|NC_052665.1_mrna_XM_039446354.1_5340	1909	1710	0	0
lcl|NC_052665.1_mrna_XM_039446353.1_5341	1982	1783	0	0
lcl|NC_052665.1_mrna_XM_039446351.1_5342	1973	1774	0	0
lcl|NC_052665.1_mrna_XM_039446356.1_5343	1939	1740	0	0
lcl|NC_052665.1_mrna_XM_039446352.1_5344	1957	1758	0	0
lcl|NC_052665.1_mrna_XM_039446355.1_5345	2425	2226	0	0
lcl|NC_052665.1_ncrna_XR_005574226.1_5346	6137	5938	1.02537	0.0485016
lcl|NC_052665.1_mrna_XM_011167467.1_5347	1305	1106	0	0
lcl|NC_052665.1_mrna_XM_011167466.1_5348	864	665	0	0
lcl|NC_052665.1_mrna_XM_026139665.2_5349	2937	2738	0	0
lcl|NC_052665.1_mrna_XM_039446188.1_5350	594	395	0	0
lcl|NC_052665.1_mrna_XM_011164813.1_5351	654	455	0	0
lcl|NC_052665.1_mrna_XM_039446189.1_5352	4740	4541	0	0
lcl|NC_052665.1_mrna_XM_039446109.1_5353	3995	3796	14.4631	1.07017
lcl|NC_052665.1_mrna_XM_039446108.1_5354	4086	3887	0	0
lcl|NC_052665.1_mrna_XM_039446112.1_5355	3662	3463	0	0
lcl|NC_052665.1_mrna_XM_039446111.1_5356	4032	3833	0	0
lcl|NC_052665.1_mrna_XM_039446110.1_5357	4068	3869	0	0
lcl|NC_052665.1_mrna_XM_026140356.2_5358	4013	3814	1.47388e-07	1.08542e-08
lcl|NC_052665.1_mrna_XM_039446113.1_5359	3297	3098	0	0
lcl|NC_052665.1_mrna_XM_026140359.2_5360	3963	3764	4.1736e-08	3.11442e-09
lcl|NC_052665.1_mrna_XM_026140358.2_5361	3999	3800	68.5978	5.0704
lcl|NC_052665.1_mrna_XM_026140360.2_5362	3937	3738	633.939	47.6348
lcl|NC_052665.1_ncrna_XR_005574192.1_5363	616	417	1	0.673565
lcl|NC_052665.1_ncrna_XR_005574160.1_5364	805	606	2.25592	1.0456
lcl|NC_052665.1_mrna_XM_039459655.1_5365	686	487	1125	648.842
lcl|NC_052665.1_mrna_XM_039446034.1_5366	1117	918	1.34948	0.412894
lcl|NC_052665.1_mrna_XM_039446027.1_5367	2846	2647	0	0
lcl|NC_052665.1_mrna_XM_039446028.1_5368	2845	2646	0	0
lcl|NC_052665.1_mrna_XM_026139379.2_5369	864	665	984.807	415.954
lcl|NC_052665.1_mrna_XM_039459777.1_5370	1033	834	0	0
lcl|NC_052665.1_mrna_XM_039459779.1_5371	931	732	0	0
lcl|NC_052665.1_mrna_XM_039459778.1_5372	1003	804	0	0
lcl|NC_052665.1_mrna_XM_039459780.1_5373	901	702	0	0
lcl|NC_052665.1_ncrna_XR_005576731.1_5374	747	548	31.1425	15.962
lcl|NC_052665.1_mrna_XM_039459785.1_5375	4616	4417	0	0
lcl|NC_052665.1_mrna_XM_039459783.1_5376	4612	4413	0	0
lcl|NC_052665.1_mrna_XM_039459782.1_5377	4976	4777	44.1296	2.59472
lcl|NC_052665.1_mrna_XM_039459781.1_5378	5008	4809	0.0545124	0.00318388
lcl|NC_052665.1_mrna_XM_039459786.1_5379	4141	3942	104.246	7.42777
lcl|NC_052665.1_mrna_XM_039459784.1_5380	4647	4448	1.59586	0.100773
lcl|NC_052665.1_mrna_XM_039459787.1_5381	4180	3981	0	0
lcl|NC_052665.1_mrna_XM_026139991.2_5382	2381	2182	0	0
lcl|NC_052665.1_mrna_XM_011169525.3_5383	2144	1945	2	0.288819
lcl|NC_052665.1_mrna_XM_011169523.3_5384	2484	2285	0	0
lcl|NC_052665.1_mrna_XM_039459789.1_5385	1111	912	0	0
lcl|NC_052665.1_mrna_XM_039459788.1_5386	1101	902	2.83642e-06	8.83243e-07
lcl|NC_052665.1_mrna_XM_039459790.1_5387	1087	888	18.4809	5.84556
lcl|NC_052665.1_mrna_XM_026139990.2_5388	1254	1055	0	0
lcl|NC_052665.1_mrna_XM_026139989.2_5389	1731	1532	13.974	2.56199
lcl|NC_052665.1_ncrna_XR_005574122.1_5390	2129	1930	0	0
lcl|NC_052665.1_mrna_XM_039445720.1_5391	2955	2756	0	0
lcl|NC_052665.1_mrna_XM_039445718.1_5392	2838	2639	1.7696	0.188344
lcl|NC_052665.1_mrna_XM_039459791.1_5393	2739	2540	0	0
lcl|NC_052665.1_mrna_XM_039445719.1_5394	2204	2005	253.085	35.4541
lcl|NC_052665.1_miscrna_XR_005574121.1_5395	3827	3628	4.34641	0.336496
lcl|NC_052665.1_miscrna_XR_005574120.1_5396	4030	3831	0	0
lcl|NC_052665.1_mrna_XM_039459792.1_5397	3049	2850	223.799	22.0562
lcl|NC_052665.1_ncrna_XR_005574123.1_5398	1513	1314	0	0
lcl|NC_052665.1_ncrna_XR_005574124.1_5399	1133	934	0	0
lcl|NC_052665.1_mrna_XM_026132266.2_5400	1907	1708	0	0
lcl|NC_052665.1_mrna_XM_039446190.1_5401	2016	1817	0	0
lcl|NC_052665.1_mrna_XM_039446191.1_5402	1449	1250	0	0
lcl|NC_052665.1_mrna_XM_039445771.1_5403	996	797	0	0
lcl|NC_052665.1_mrna_XM_039446192.1_5404	984	785	15.4	5.51019
lcl|NC_052665.1_mrna_XM_011172088.1_5405	1230	1031	0	0
lcl|NC_052665.1_mrna_XM_011172089.1_5406	912	713	0	0
lcl|NC_052665.1_mrna_XM_039446282.1_5407	6960	6761	87.0508	3.61641
lcl|NC_052665.1_mrna_XM_039446283.1_5408	4811	4612	244.939	14.9171
lcl|NC_052665.1_mrna_XM_039446284.1_5409	4863	4664	44.0102	2.6504
lcl|NC_052665.1_ncrna_XR_005574206.1_5410	570	371	1.22864	0.930183
lcl|NC_052665.1_ncrna_XR_005574207.1_5411	377	178	5	7.8898
lcl|NC_052665.1_mrna_XM_039446194.1_5412	1365	1166	0	0
lcl|NC_052665.1_mrna_XM_039445868.1_5413	1543	1344	0	0
lcl|NC_052665.1_mrna_XM_039445869.1_5414	832	633	1.15768e-07	5.13691e-08
lcl|NC_052665.1_mrna_XM_039446205.1_5415	2255	2056	12.3581	1.68827
lcl|NC_052665.1_mrna_XM_039446204.1_5416	2625	2426	0	0
lcl|NC_052665.1_mrna_XM_039446093.1_5417	1158	959	0	0
lcl|NC_052665.1_mrna_XM_039446195.1_5418	2059	1860	0	0
lcl|NC_052665.1_mrna_XM_011171978.1_5419	477	278	1	1.01035
lcl|NC_052665.1_mrna_XM_039457522.1_5420	2931	2732	0	0
lcl|NC_052665.1_mrna_XM_039457517.1_5421	2755	2556	36	3.95601
lcl|NC_052665.1_mrna_XM_039445960.1_5422	2286	2087	0	0
lcl|NC_052665.1_mrna_XM_039446097.1_5423	4844	4645	15.8031	0.955593
lcl|NC_052665.1_mrna_XM_039446095.1_5424	5149	4950	0	0
lcl|NC_052665.1_mrna_XM_039446094.1_5425	5154	4955	35.4697	2.01062
lcl|NC_052665.1_miscrna_XR_005574190.1_5426	5426	5227	7.24014	0.389054
lcl|NC_052665.1_mrna_XM_039446096.1_5427	2828	2629	112.487	12.0179
lcl|NC_052665.1_ncrna_XR_005574191.1_5428	5991	5792	2	0.0969878
lcl|NC_052665.1_mrna_XM_039446285.1_5429	2784	2585	0	0
lcl|NC_052665.1_mrna_XM_039446089.1_5430	4561	4362	0	0
lcl|NC_052665.1_mrna_XM_039446088.1_5431	4431	4232	1	0.0663697
lcl|NC_052665.1_mrna_XM_039446196.1_5432	4542	4343	0	0
lcl|NC_052665.1_mrna_XM_039446197.1_5433	3819	3620	0	0
lcl|NC_052665.1_mrna_XM_039445764.1_5434	505	306	0	0
lcl|NC_052665.1_mrna_XM_039445763.1_5435	586	387	0	0
lcl|NC_052665.1_mrna_XM_039445762.1_5436	575	376	0	0
lcl|NC_052665.1_mrna_XM_039446198.1_5437	1254	1055	0	0
lcl|NC_052665.1_mrna_XM_039446199.1_5438	1220	1021	0	0
lcl|NC_052665.1_mrna_XM_039446129.1_5439	971	772	0	0
lcl|NC_052665.1_mrna_XM_039446200.1_5440	1183	984	0	0
lcl|NC_052665.1_mrna_XM_039446201.1_5441	5505	5306	4.6478	0.246034
lcl|NC_052665.1_ncrna_XR_851266.3_5442	1681	1482	0	0
lcl|NC_052665.1_mrna_XM_026141210.2_5443	2193	1994	0	0
lcl|NC_052665.1_ncrna_XR_003269514.2_5444	930	731	0	0
lcl|NC_052665.1_mrna_XM_026132217.2_5445	2608	2409	59.6732	6.95758
lcl|NC_052665.1_mrna_XM_026132210.2_5446	2568	2369	12.1837	1.44454
lcl|NC_052665.1_mrna_XM_039457900.1_5447	1219	1020	64.9184	17.8765
lcl|NC_052665.1_mrna_XM_039457897.1_5448	1233	1034	190.15	51.6526
lcl|NC_052665.1_mrna_XM_039457906.1_5449	2022	1823	7	1.07852
lcl|NC_052665.1_mrna_XM_011172938.3_5450	3177	2978	178.655	16.8503
lcl|NC_052665.1_mrna_XM_039446202.1_5451	1002	803	0	0
lcl|NC_052665.1_mrna_XM_039457642.1_5452	7752	7553	0	0
lcl|NC_052665.1_mrna_XM_039457646.1_5453	5813	5614	0	0
lcl|NC_052665.1_ncrna_XR_005576386.1_5454	1172	973	3.73779	1.07899
lcl|NC_052665.1_ncrna_XR_003269595.2_5455	3801	3602	0	0
lcl|NC_052665.1_ncrna_XR_005576381.1_5456	4624	4425	0.450126	0.0285717
lcl|NC_052665.1_ncrna_XR_005576384.1_5457	4591	4392	61.3907	3.92605
lcl|NC_052665.1_ncrna_XR_005576382.1_5458	4565	4366	2.12837e-05	1.36924e-06
lcl|NC_052665.1_ncrna_XR_005576380.1_5459	4652	4453	0.653143	0.0411975
lcl|NC_052665.1_mrna_XM_039446080.1_5460	1781	1582	0	0
lcl|NC_052665.1_mrna_XM_039446079.1_5461	1473	1274	0	0
lcl|NC_052665.1_mrna_XM_039445967.1_5462	1833	1634	0	0
lcl|NC_052665.1_mrna_XM_026141612.2_5463	816	617	0	0
lcl|NC_052665.1_mrna_XM_039446024.1_5464	1943	1744	0	0
lcl|NC_052665.1_mrna_XM_039446023.1_5465	2033	1834	1	0.15315
lcl|NC_052665.1_mrna_XM_039446020.1_5466	3196	2997	0	0
lcl|NC_052665.1_mrna_XM_039446021.1_5467	3205	3006	0	0
lcl|NC_052665.1_mrna_XM_039446018.1_5468	2998	2799	0	0
lcl|NC_052665.1_mrna_XM_039446022.1_5469	2998	2799	0	0
lcl|NC_052665.1_mrna_XM_039446019.1_5470	3060	2861	2.46822	0.242316
lcl|NC_052665.1_mrna_XM_039446042.1_5471	752	553	0	0
lcl|NC_052665.1_mrna_XM_026141844.2_5472	961	762	0	0
lcl|NC_052666.1_mrna_XM_039446609.1_5473	3055	2856	23.6473	2.32562
lcl|NC_052666.1_mrna_XM_039446608.1_5474	3067	2868	0.352675	0.0345392
lcl|NC_052666.1_mrna_XM_039446607.1_5475	2762	2563	1115	122.192
lcl|NC_052666.1_mrna_XM_011172066.3_5476	2299	2100	276	36.9152
lcl|NC_052666.1_mrna_XM_026137217.2_5477	4386	4187	85.6292	5.74427
lcl|NC_052666.1_mrna_XM_026137219.2_5478	3718	3519	33.1756	2.64798
lcl|NC_052666.1_mrna_XM_039446768.1_5479	3806	3607	0	0
lcl|NC_052666.1_mrna_XM_026137218.2_5480	3802	3603	0	0
lcl|NC_052666.1_mrna_XM_011172067.3_5481	6351	6152	92	4.20037
lcl|NC_052666.1_mrna_XM_026137220.2_5482	6344	6145	3.52125e-08	1.6095e-09
lcl|NC_052666.1_mrna_XM_039446769.1_5483	6121	5922	0	0
lcl|NC_052666.1_mrna_XM_011172068.3_5484	4461	4262	55	3.62464
lcl|NC_052666.1_mrna_XM_026137221.2_5485	1492	1293	926	201.154
lcl|NC_052666.1_mrna_XM_011172069.3_5486	771	572	37	18.1686
lcl|NC_052666.1_mrna_XM_011172074.3_5487	3233	3034	638	59.0637
lcl|NC_052666.1_mrna_XM_026137223.2_5488	8900	8701	240	7.74743
lcl|NC_052666.1_mrna_XM_011172076.3_5489	856	657	359	153.478
lcl|NC_052666.1_mrna_XM_011172075.3_5490	2478	2279	320	39.4386
lcl|NC_052666.1_mrna_XM_011172077.3_5491	1471	1272	606	133.814
lcl|NC_052666.1_mrna_XM_039446770.1_5492	3118	2919	702.025	67.5513
lcl|NC_052666.1_mrna_XM_011172078.3_5493	5392	5193	374.086	20.2334
lcl|NC_052666.1_mrna_XM_039446771.1_5494	1167	968	33.8954	9.83515
lcl|NC_052666.1_mrna_XM_011157254.3_5495	1153	954	82.1046	24.1732
lcl|NC_052666.1_mrna_XM_039446774.1_5496	802	603	25	11.645
lcl|NC_052666.1_mrna_XM_039446772.1_5497	765	566	16.5206	8.19833
lcl|NC_052666.1_mrna_XM_039446773.1_5498	1881	1682	39.4548	6.58855
lcl|NC_052666.1_mrna_XM_039446775.1_5499	7020	6821	638	26.2717
lcl|NC_052666.1_mrna_XM_011157260.3_5500	1814	1615	874.092	152.02
lcl|NC_052666.1_mrna_XM_011157262.3_5501	3802	3603	147.832	11.5245
lcl|NC_052666.1_mrna_XM_026137237.2_5502	3456	3257	0	0
lcl|NC_052666.1_mrna_XM_039447660.1_5503	3562	3363	15.0758	1.25913
lcl|NC_052666.1_mrna_XM_011157263.3_5504	3581	3382	0	0
lcl|NC_052666.1_mrna_XM_039447661.1_5505	3549	3350	0	0
lcl|NC_052666.1_mrna_XM_011157267.3_5506	2151	1952	33.6912	4.84789
lcl|NC_052666.1_mrna_XM_011157273.3_5507	1888	1689	5.82861	0.969284
lcl|NC_052666.1_mrna_XM_039447667.1_5508	1905	1706	0.863453	0.142159
lcl|NC_052666.1_mrna_XM_026137239.2_5509	2164	1965	3.40118	0.486164
lcl|NC_052666.1_mrna_XM_011157270.3_5510	1939	1740	66.6401	10.7573
lcl|NC_052666.1_mrna_XM_011157271.3_5511	1956	1757	10.2626	1.64059
lcl|NC_052666.1_mrna_XM_039447666.1_5512	1971	1772	4.47144	0.70876
lcl|NC_052666.1_mrna_XM_011157268.3_5513	2215	2016	28.282	3.94036
lcl|NC_052666.1_mrna_XM_039447664.1_5514	2233	2034	17.2219	2.37819
lcl|NC_052666.1_mrna_XM_039447662.1_5515	2354	2155	203.807	26.5636
lcl|NC_052666.1_mrna_XM_039447663.1_5516	2369	2170	103.362	13.3788
lcl|NC_052666.1_mrna_XM_011157269.3_5517	1832	1633	273.169	46.9851
lcl|NC_052666.1_mrna_XM_011157274.3_5518	1815	1616	60	10.4286
lcl|NC_052666.1_mrna_XM_026137240.2_5519	2515	2316	37.4607	4.54311
lcl|NC_052666.1_mrna_XM_039447659.1_5520	2423	2224	140.539	17.7492
lcl|NC_052666.1_mrna_XM_011157277.3_5521	2616	2417	2723.17	316.456
lcl|NC_052666.1_mrna_XM_011157278.3_5522	1718	1519	894	165.309
lcl|NC_052666.1_mrna_XM_011163363.3_5523	1493	1294	377	81.8319
lcl|NC_052666.1_mrna_XM_026137245.2_5524	2498	2299	637	77.8245
lcl|NC_052666.1_mrna_XM_026137246.2_5525	2423	2224	1846	233.138
lcl|NC_052666.1_mrna_XM_011157281.3_5526	3188	2989	1376	129.303
lcl|NC_052666.1_mrna_XM_039446725.1_5527	2446	2247	91	11.3751
lcl|NC_052666.1_mrna_XM_011157286.3_5528	1302	1103	190.898	48.6117
lcl|NC_052666.1_mrna_XM_011157288.3_5529	1165	966	311	90.4271
lcl|NC_052666.1_mrna_XM_011157287.3_5530	1065	866	0.000292142	9.47529e-05
lcl|NC_052666.1_mrna_XM_011157285.3_5531	922	723	352.102	136.787
lcl|NC_052666.1_mrna_XM_011157284.3_5532	2854	2655	207.97	22.0015
lcl|NC_052666.1_mrna_XM_039446719.1_5533	2827	2628	546.021	58.3579
lcl|NC_052666.1_mrna_XM_039446720.1_5534	1167	968	70.0092	20.314
lcl|NC_052666.1_mrna_XM_011157289.3_5535	4276	4077	267.478	18.4274
lcl|NC_052666.1_mrna_XM_026137228.2_5536	4725	4526	0	0
lcl|NC_052666.1_mrna_XM_026137229.2_5537	5171	4972	16.5216	0.933335
lcl|NC_052666.1_mrna_XM_011157290.3_5538	4504	4305	0	0
lcl|NC_052666.1_mrna_XM_011157291.3_5539	4409	4210	0	0
lcl|NC_052666.1_mrna_XM_011157296.3_5540	1105	906	476	147.569
lcl|NC_052666.1_mrna_XM_011157294.3_5541	2547	2348	23.2046	2.77582
lcl|NC_052666.1_mrna_XM_011157295.3_5542	2535	2336	0	0
lcl|NC_052666.1_miscrna_XR_003268958.2_5543	2257	2058	0	0
lcl|NC_052666.1_miscrna_XR_850563.3_5544	1910	1711	0	0
lcl|NC_052666.1_miscrna_XR_005574298.1_5545	1949	1750	6.79539	1.09067
lcl|NC_052666.1_miscrna_XR_005574299.1_5546	1867	1668	0	0
lcl|NC_052666.1_miscrna_XR_850564.3_5547	1825	1626	0	0
lcl|NC_052666.1_mrna_XM_011157297.3_5548	2197	1998	2915.47	409.853
lcl|NC_052666.1_mrna_XM_039446722.1_5549	2332	2133	19.5346	2.57235
lcl|NC_052666.1_mrna_XM_011157298.3_5550	2785	2586	3002	326.06
lcl|NC_052666.1_trna_5551	72	3.52559	0	0
lcl|NC_052666.1_trna_5552	71	3.50437	0	0
lcl|NC_052666.1_mrna_XM_011157299.3_5553	2289	2090	316.878	42.5854
lcl|NC_052666.1_mrna_XM_011157300.3_5554	2467	2268	86.0042	10.651
lcl|NC_052666.1_mrna_XM_011157301.3_5555	3098	2899	6316.96	612.034
lcl|NC_052666.1_mrna_XM_011157303.3_5556	9966	9767	364.628	10.4859
lcl|NC_052666.1_mrna_XM_011157302.3_5557	9731	9532	2.25449e-07	6.64324e-09
lcl|NC_052666.1_mrna_XM_011157306.3_5558	3149	2950	0	0
lcl|NC_052666.1_mrna_XM_011157305.3_5559	3155	2956	428.655	40.7305
lcl|NC_052666.1_mrna_XM_039446716.1_5560	9960	9761	0	0
lcl|NC_052666.1_mrna_XM_039446715.1_5561	4029	3830	686	50.3085
lcl|NC_052666.1_mrna_XM_011157308.3_5562	4209	4010	685	47.9802
lcl|NC_052666.1_mrna_XM_039446718.1_5563	2845	2646	188.103	19.9674
lcl|NC_052666.1_mrna_XM_011157309.3_5564	2836	2637	696.897	74.2291
lcl|NC_052666.1_mrna_XM_011157310.3_5565	636	437	196	125.977
lcl|NC_052666.1_mrna_XM_011157316.3_5566	3181	2982	2102.88	198.072
lcl|NC_052666.1_mrna_XM_011157314.3_5567	2312	2113	1798.12	239.02
lcl|NC_052666.1_mrna_XM_011157313.3_5568	2750	2551	1160	127.721
lcl|NC_052666.1_mrna_XM_039446724.1_5569	1340	1141	0	0
lcl|NC_052666.1_mrna_XM_011157312.3_5570	1499	1300	70	15.1241
lcl|NC_052666.1_mrna_XM_026137226.2_5571	1067	868	0	0
lcl|NC_052666.1_mrna_XM_011157317.3_5572	1693	1494	7	1.31602
lcl|NC_052666.1_mrna_XM_026137227.2_5573	1905	1706	24.8565	4.09239
lcl|NC_052666.1_mrna_XM_039447118.1_5574	2251	2052	12.7383	1.74361
lcl|NC_052666.1_mrna_XM_039447240.1_5575	1879	1680	17.7773	2.97215
lcl|NC_052666.1_mrna_XM_039447239.1_5576	2182	1983	26.1782	3.70794
lcl|NC_052666.1_mrna_XM_039447241.1_5577	2209	2010	17.1049	2.39023
lcl|NC_052666.1_ncrna_XR_005574308.1_5578	1278	1079	17.2152	4.48132
lcl|NC_052666.1_ncrna_XR_005574309.1_5579	1577	1378	22.4386	4.57363
lcl|NC_052666.1_mrna_XM_011157319.3_5580	1291	1092	1131	290.908
lcl|NC_052666.1_mrna_XM_011157320.3_5581	2387	2188	122.989	15.7883
lcl|NC_052666.1_mrna_XM_011157321.3_5582	2388	2189	0.0111079	0.00142528
lcl|NC_052666.1_mrna_XM_039446758.1_5583	1741	1542	3	0.546453
lcl|NC_052666.1_mrna_XM_039446757.1_5584	1774	1575	0	0
lcl|NC_052666.1_mrna_XM_039446756.1_5585	2623	2424	0	0
lcl|NC_052666.1_mrna_XM_039446755.1_5586	2616	2417	0	0
lcl|NC_052666.1_mrna_XM_011157322.3_5587	3681	3482	19	1.53264
lcl|NC_052666.1_mrna_XM_011157324.3_5588	2116	1917	5539.98	811.712
lcl|NC_052666.1_miscrna_XR_850567.3_5589	2585	2386	501.273	59.0092
lcl|NC_052666.1_mrna_XM_011157323.3_5590	2784	2585	1578.74	171.54
lcl|NC_052666.1_mrna_XM_039446759.1_5591	1071	872	0	0
lcl|NC_052666.1_mrna_XM_011157328.3_5592	1227	1028	205.079	56.033
lcl|NC_052666.1_mrna_XM_011157327.3_5593	1203	1004	53.5912	14.9925
lcl|NC_052666.1_mrna_XM_011157325.3_5594	1612	1413	1909.33	379.537
lcl|NC_052666.1_mrna_XM_011157330.3_5595	3126	2927	179.739	17.2479
lcl|NC_052666.1_mrna_XM_011157329.3_5596	2964	2765	63.2606	6.42619
lcl|NC_052666.1_mrna_XM_011157331.3_5597	11775	11576	0.492772	0.0119565
lcl|NC_052666.1_miscrna_XR_005574303.1_5598	11709	11510	152.507	3.72161
lcl|NC_052666.1_mrna_XM_011157333.3_5599	4233	4034	58	4.03839
lcl|NC_052666.1_mrna_XM_026137231.2_5600	4223	4024	2	0.139601
lcl|NC_052666.1_mrna_XM_039446744.1_5601	10519	10320	0.000243483	6.62681e-06
lcl|NC_052666.1_mrna_XM_039446743.1_5602	10421	10222	3.48916	0.095874
lcl|NC_052666.1_mrna_XM_039446745.1_5603	10299	10100	1.07472	0.0298874
lcl|NC_052666.1_mrna_XM_026137212.2_5604	10292	10093	2.15426	0.0599506
lcl|NC_052666.1_mrna_XM_026137214.2_5605	8316	8117	29.5111	1.02119
lcl|NC_052666.1_mrna_XM_026137213.2_5606	8334	8135	3.19955	0.110471
lcl|NC_052666.1_mrna_XM_039446747.1_5607	9717	9518	5.02111	0.148173
lcl|NC_052666.1_mrna_XM_039446748.1_5608	7602	7403	19.5498	0.741739
lcl|NC_052666.1_mrna_XM_026137215.2_5609	4861	4662	528.996	31.871
lcl|NC_052666.1_mrna_XM_011175699.3_5610	2212	2013	383	53.4405
lcl|NC_052666.1_mrna_XM_039446752.1_5611	1879	1680	4.136	0.691492
lcl|NC_052666.1_mrna_XM_011175668.3_5612	1646	1447	58.485	11.3525
lcl|NC_052666.1_mrna_XM_039446751.1_5613	1695	1496	0	0
lcl|NC_052666.1_mrna_XM_026137235.2_5614	7199	7000	13.8609	0.556172
lcl|NC_052666.1_mrna_XM_039446753.1_5615	2476	2277	524.838	64.7408
lcl|NC_052666.1_mrna_XM_039446754.1_5616	1549	1350	0	0
lcl|NC_052666.1_mrna_XM_011175664.3_5617	1458	1259	35.7723	7.98063
lcl|NC_052666.1_mrna_XM_039446427.1_5618	450	251	0	0
lcl|NC_052666.1_mrna_XM_039446749.1_5619	3151	2952	459.2	43.6919
lcl|NC_052666.1_mrna_XM_011175662.3_5620	3061	2862	949.8	93.2134
lcl|NC_052666.1_mrna_XM_011175706.3_5621	2330	2131	558	73.5473
lcl|NC_052666.1_mrna_XM_026137224.2_5622	2320	2121	3129	414.363
lcl|NC_052666.1_mrna_XM_011175726.3_5623	1287	1088	1318	340.253
lcl|NC_052666.1_ncrna_XR_005574293.1_5624	7377	7178	0	0
lcl|NC_052666.1_ncrna_XR_005574292.1_5625	6994	6795	11.7776	0.486836
lcl|NC_052666.1_mrna_XM_039446685.1_5626	2598	2399	0	0
lcl|NC_052666.1_ncrna_XR_005574251.1_5627	1840	1641	74.0589	12.6761
lcl|NC_052666.1_ncrna_XR_003269088.2_5628	1625	1426	0	0
lcl|NC_052666.1_mrna_XM_011178044.3_5629	6585	6386	681.38	29.9693
lcl|NC_052666.1_mrna_XM_011178042.3_5630	5898	5699	8.62037	0.424857
lcl|NC_052666.1_mrna_XM_011178041.3_5631	2570	2371	1179	139.668
lcl|NC_052666.1_mrna_XM_011178040.3_5632	3044	2845	2363	233.291
lcl|NC_052666.1_mrna_XM_011178038.3_5633	1219	1020	404	111.249
lcl|NC_052666.1_mrna_XM_026138097.2_5634	3510	3311	241.756	20.5085
lcl|NC_052666.1_mrna_XM_039447377.1_5635	3283	3084	43.1985	3.93432
lcl|NC_052666.1_mrna_XM_039447379.1_5636	3171	2972	0.000618795	5.84809e-05
lcl|NC_052666.1_mrna_XM_039447378.1_5637	3252	3053	0	0
lcl|NC_052666.1_mrna_XM_026138098.2_5638	3232	3033	33.0454	3.06023
lcl|NC_052666.1_mrna_XM_026138095.2_5639	973	774	953	345.834
lcl|NC_052666.1_mrna_XM_011169266.3_5640	590	391	429	308.174
lcl|NC_052666.1_mrna_XM_026138094.2_5641	1894	1695	8406.76	1393.08
lcl|NC_052666.1_mrna_XM_011178036.3_5642	1979	1780	482.773	76.1796
lcl|NC_052666.1_mrna_XM_011178037.3_5643	1903	1704	222.465	36.6698
lcl|NC_052666.1_mrna_XM_026138100.2_5644	4111	3912	2.01127	0.144406
lcl|NC_052666.1_mrna_XM_026138096.2_5645	3198	2999	9	0.842911
lcl|NC_052666.1_rrna_XR_003269095.1_5646	119	5.00576	0	0
lcl|NC_052666.1_mrna_XM_011178033.3_5647	4107	3908	593	42.6202
lcl|NC_052666.1_mrna_XM_039447013.1_5648	1768	1569	78.6552	14.0806
lcl|NC_052666.1_mrna_XM_039447011.1_5649	1643	1444	53.7157	10.4484
lcl|NC_052666.1_mrna_XM_026138108.2_5650	501	302	0	0
lcl|NC_052666.1_mrna_XM_011178032.3_5651	2931	2732	320.71	32.9722
lcl|NC_052666.1_ncrna_XR_003269093.2_5652	1302	1103	2.11623	0.538893
lcl|NC_052666.1_ncrna_XR_005574355.1_5653	1486	1287	0	0
lcl|NC_052666.1_ncrna_XR_005574354.1_5654	1436	1237	0	0
lcl|NC_052666.1_mrna_XM_039447012.1_5655	2311	2112	7	0.930936
lcl|NC_052666.1_mrna_XM_039447014.1_5656	1068	869	3	0.969655
lcl|NC_052666.1_ncrna_XR_005574356.1_5657	295	96.0001	0	0
lcl|NC_052666.1_ncrna_XR_005574357.1_5658	1654	1455	6.99091	1.34954
lcl|NC_052666.1_mrna_XM_039447015.1_5659	1416	1217	0	0
lcl|NC_052666.1_mrna_XM_039447016.1_5660	1276	1077	0	0
lcl|NC_052666.1_mrna_XM_039447019.1_5661	1203	1004	0	0
lcl|NC_052666.1_mrna_XM_039447018.1_5662	1347	1148	0	0
lcl|NC_052666.1_mrna_XM_039447017.1_5663	1329	1130	0	0
lcl|NC_052666.1_ncrna_XR_005574358.1_5664	293	94.0001	0	0
lcl|NC_052666.1_mrna_XM_039446852.1_5665	1239	1040	2.68612	0.725451
lcl|NC_052666.1_mrna_XM_039446853.1_5666	756	557	0	0
lcl|NC_052666.1_mrna_XM_039447020.1_5667	822	623	0	0
lcl|NC_052666.1_mrna_XM_011174838.3_5668	946	747	0	0
lcl|NC_052666.1_mrna_XM_039447021.1_5669	745	546	0.669468	0.344392
lcl|NC_052666.1_mrna_XM_039447025.1_5670	1345	1146	0	0
lcl|NC_052666.1_mrna_XM_011172567.3_5671	3560	3361	36	3.0085
lcl|NC_052666.1_mrna_XM_039447027.1_5672	1031	832	9	3.03833
lcl|NC_052666.1_mrna_XM_039447024.1_5673	1395	1196	56.2397	13.2077
lcl|NC_052666.1_mrna_XM_039447023.1_5674	1395	1196	56.2397	13.2077
lcl|NC_052666.1_mrna_XM_039447026.1_5675	809	610	0	0
lcl|NC_052666.1_mrna_XM_039447022.1_5676	3551	3352	15.0433	1.26053
lcl|NC_052666.1_mrna_XM_026141735.2_5677	905	706	0	0
lcl|NC_052666.1_mrna_XM_026141955.2_5678	2106	1907	33.5739	4.94501
lcl|NC_052666.1_mrna_XM_039447028.1_5679	1822	1623	16.4261	2.8427
lcl|NC_052666.1_mrna_XM_039447029.1_5680	1676	1477	1.1919	0.226661
lcl|NC_052666.1_mrna_XM_039447030.1_5681	1587	1388	1.13823	0.230334
lcl|NC_052666.1_mrna_XM_026141224.2_5682	1299	1100	0.156745	0.0400237
lcl|NC_052666.1_mrna_XM_039447031.1_5683	1010	811	61.9751	21.4641
lcl|NC_052666.1_mrna_XM_039447032.1_5684	1105	906	0	0
lcl|NC_052666.1_mrna_XM_039447062.1_5685	1471	1272	0	0
lcl|NC_052666.1_mrna_XM_039447063.1_5686	1503	1304	26.1318	5.6287
lcl|NC_052666.1_mrna_XM_039447061.1_5687	1454	1255	11.5747	2.59049
lcl|NC_052666.1_mrna_XM_039447060.1_5688	1454	1255	18.502	4.14085
lcl|NC_052666.1_mrna_XM_039447048.1_5689	1804	1605	0	0
lcl|NC_052666.1_mrna_XM_039447052.1_5690	2022	1823	36.4649	5.61829
lcl|NC_052666.1_mrna_XM_039447050.1_5691	2119	1920	0	0
lcl|NC_052666.1_mrna_XM_039447049.1_5692	2122	1923	1.96396e-07	2.86859e-08
lcl|NC_052666.1_mrna_XM_039447051.1_5693	2135	1936	3.4429e-08	4.995e-09
lcl|NC_052666.1_mrna_XM_039447046.1_5694	2432	2233	0.135342	0.017024
lcl|NC_052666.1_mrna_XM_039447045.1_5695	2435	2236	143.251	17.9946
lcl|NC_052666.1_mrna_XM_039447047.1_5696	2448	2249	30.6595	3.82905
lcl|NC_052666.1_miscrna_XR_005574359.1_5697	1147	948	123.348	36.546
lcl|NC_052666.1_mrna_XM_039447064.1_5698	797	598	47.1022	22.1236
lcl|NC_052666.1_mrna_XM_039447065.1_5699	790	591	0	0
lcl|NC_052666.1_mrna_XM_039447066.1_5700	752	553	3.34125	1.69707
lcl|NC_052666.1_mrna_XM_039447044.1_5701	1495	1296	0	0
lcl|NC_052666.1_mrna_XM_039447056.1_5702	2374	2175	0.0604571	0.00780735
lcl|NC_052666.1_mrna_XM_039447054.1_5703	2361	2162	24.7075	3.20989
lcl|NC_052666.1_mrna_XM_039447053.1_5704	2391	2192	2.45479e-05	3.1455e-06
lcl|NC_052666.1_mrna_XM_039447055.1_5705	2095	1896	0	0
lcl|NC_052666.1_mrna_XM_039446855.1_5706	1990	1791	4.04138	0.633796
lcl|NC_052666.1_mrna_XM_026141055.2_5707	1005	806	0	0
lcl|NC_052666.1_mrna_XM_039446856.1_5708	723	524	0	0
lcl|NC_052666.1_mrna_XM_039446858.1_5709	709	510	0	0
lcl|NC_052666.1_mrna_XM_039447033.1_5710	4910	4711	370.919	22.1147
lcl|NC_052666.1_mrna_XM_011171553.3_5711	1098	899	36.3258	11.3494
lcl|NC_052666.1_mrna_XM_011171554.3_5712	952	753	27.6456	10.3121
lcl|NC_052666.1_mrna_XM_039447042.1_5713	2346	2147	21.1729	2.76989
lcl|NC_052666.1_mrna_XM_039447043.1_5714	2150	1951	13.5994	1.95785
lcl|NC_052666.1_mrna_XM_011171549.3_5715	2528	2329	192.695	23.2389
lcl|NC_052666.1_mrna_XM_011171551.3_5716	2332	2133	868.624	114.382
lcl|NC_052666.1_ncrna_XR_005574363.1_5717	409	210	0	0
lcl|NC_052666.1_mrna_XM_039447041.1_5718	1996	1797	286.909	44.8448
lcl|NC_052666.1_mrna_NM_001304605.1_5719	502	303	986	914.008
lcl|NC_052666.1_mrna_XM_026141052.2_5720	2695	2496	1710	192.428
lcl|NC_052666.1_ncrna_XR_005574360.1_5721	239	41.1625	0.64527	4.40307
lcl|NC_052666.1_mrna_XM_039447040.1_5722	2953	2754	0	0
lcl|NC_052666.1_mrna_XM_039447038.1_5723	2942	2743	0	0
lcl|NC_052666.1_mrna_XM_039447039.1_5724	2277	2078	0.359749	0.0486261
lcl|NC_052666.1_mrna_XM_039447037.1_5725	2266	2067	73.7873	10.0267
lcl|NC_052666.1_ncrna_XR_005574361.1_5726	779	580	0	0
lcl|NC_052666.1_mrna_XM_039447036.1_5727	4753	4554	0	0
lcl|NC_052666.1_mrna_XM_039447034.1_5728	4742	4543	0	0
lcl|NC_052666.1_mrna_XM_039447058.1_5729	2008	1809	0	0
lcl|NC_052666.1_mrna_XM_039447057.1_5730	2151	1952	52.432	7.54453
lcl|NC_052666.1_mrna_XM_011167001.3_5731	953	754	0	0
lcl|NC_052666.1_mrna_XM_011166993.3_5732	1476	1277	455.236	100.129
lcl|NC_052666.1_mrna_XM_011166992.3_5733	1857	1658	593.764	100.588
lcl|NC_052666.1_mrna_XM_011166994.3_5734	3335	3136	1420	127.183
lcl|NC_052666.1_mrna_XM_039446860.1_5735	1837	1638	0	0
lcl|NC_052666.1_mrna_XM_039446707.1_5736	2842	2643	1	0.106272
lcl|NC_052666.1_mrna_XM_039446861.1_5737	1050	851	0	0
lcl|NC_052666.1_mrna_XM_026140115.2_5738	1874	1675	0	0
lcl|NC_052666.1_mrna_XM_039446708.1_5739	3950	3751	0	0
lcl|NC_052666.1_mrna_XM_026140101.2_5740	2715	2516	1	0.111636
lcl|NC_052666.1_mrna_XM_039446820.1_5741	3181	2982	0	0
lcl|NC_052666.1_mrna_XM_026140106.2_5742	2516	2317	0	0
lcl|NC_052666.1_mrna_XM_026140107.2_5743	2601	2402	0	0
lcl|NC_052666.1_mrna_XM_026140110.2_5744	2971	2772	0	0
lcl|NC_052666.1_mrna_XM_039446821.1_5745	2983	2784	0	0
lcl|NC_052666.1_mrna_XM_026140114.2_5746	2488	2289	0	0
lcl|NC_052666.1_mrna_XM_011177011.3_5747	862	663	0	0
lcl|NC_052666.1_mrna_XM_011177012.3_5748	2294	2095	2	0.26814
lcl|NC_052666.1_mrna_XM_011177013.3_5749	2482	2283	0	0
lcl|NC_052666.1_mrna_XM_011177015.3_5750	2430	2231	0	0
lcl|NC_052666.1_mrna_XM_011177014.3_5751	2490	2291	0	0
lcl|NC_052666.1_mrna_XM_039447358.1_5752	3067	2868	0	0
lcl|NC_052666.1_ncrna_XR_003269360.2_5753	766	567	35	17.3381
lcl|NC_052666.1_mrna_XM_039446862.1_5754	1292	1093	32.1383	8.25882
lcl|NC_052666.1_mrna_XM_039446869.1_5755	753	554	2	1.014
lcl|NC_052666.1_mrna_XM_039446814.1_5756	2806	2607	2	0.215479
lcl|NC_052666.1_miscrna_XR_005574321.1_5757	1432	1233	0	0
lcl|NC_052666.1_miscrna_XR_005574320.1_5758	1354	1155	0	0
lcl|NC_052666.1_mrna_XM_039446815.1_5759	1049	850	1	0.330443
lcl|NC_052666.1_miscrna_XR_005574412.1_5760	2107	1908	1.97424	0.290628
lcl|NC_052666.1_mrna_XM_039447350.1_5761	1184	985	11.7222	3.34264
lcl|NC_052666.1_mrna_XM_011158127.1_5762	369	170	0	0
lcl|NC_052666.1_mrna_XM_039447385.1_5763	1170	971	0	0
lcl|NC_052666.1_mrna_XM_039446870.1_5764	1530	1331	0	0
lcl|NC_052666.1_ncrna_XR_005574353.1_5765	1562	1363	0	0
lcl|NC_052666.1_mrna_XM_039447009.1_5766	2463	2264	3	0.372186
lcl|NC_052666.1_mrna_XM_039446505.1_5767	2647	2448	25.6162	2.93913
lcl|NC_052666.1_mrna_XM_026140803.2_5768	2295	2096	18.3838	2.46354
lcl|NC_052666.1_ncrna_XR_851018.3_5769	1741	1542	152	27.6869
lcl|NC_052666.1_ncrna_XR_851019.3_5770	1517	1318	0	0
lcl|NC_052666.1_mrna_XM_039446506.1_5771	835	636	26	11.4824
lcl|NC_052666.1_ncrna_XR_003269446.2_5772	1689	1490	0	0
lcl|NC_052666.1_ncrna_XR_003269447.2_5773	1293	1094	1	0.256743
lcl|NC_052666.1_mrna_XM_039447257.1_5774	2144	1945	3	0.433229
lcl|NC_052666.1_mrna_XM_039446979.1_5775	3360	3161	0.162529	0.0144418
lcl|NC_052666.1_mrna_XM_039446982.1_5776	3192	2993	0	0
lcl|NC_052666.1_mrna_XM_039446980.1_5777	3351	3152	2.83747	0.252849
lcl|NC_052666.1_mrna_XM_039446981.1_5778	2366	2167	0	0
lcl|NC_052666.1_mrna_XM_039447312.1_5779	1283	1084	0	0
lcl|NC_052666.1_mrna_XM_039447647.1_5780	2206	2007	4	0.559794
lcl|NC_052666.1_mrna_XM_026141244.2_5781	4132	3933	26	1.8568
lcl|NC_052666.1_mrna_XM_011166703.3_5782	3375	3176	2.96317	0.262054
lcl|NC_052666.1_mrna_XM_011166704.3_5783	3355	3156	7.62533e-06	6.78637e-07
lcl|NC_052666.1_mrna_XM_011166705.3_5784	3366	3167	51.0368	4.52638
lcl|NC_052666.1_mrna_XM_011166706.3_5785	3335	3136	0	0
lcl|NC_052666.1_mrna_XM_039447103.1_5786	2196	1997	5	0.703247
lcl|NC_052666.1_mrna_XM_026141372.2_5787	1085	886	3.61098	1.14474
lcl|NC_052666.1_mrna_XM_039446878.1_5788	405	206	0	0
lcl|NC_052666.1_mrna_XM_039446879.1_5789	505	306	0	0
lcl|NC_052666.1_mrna_XM_039446880.1_5790	2090	1891	1	0.148533
lcl|NC_052666.1_mrna_XM_011158146.3_5791	1451	1252	0	0
lcl|NC_052666.1_mrna_XM_039446818.1_5792	5706	5507	0	0
lcl|NC_052666.1_miscrna_XR_005574323.1_5793	3204	3005	1	0.0934698
lcl|NC_052666.1_miscrna_XR_005574322.1_5794	5710	5511	0	0
lcl|NC_052666.1_ncrna_XR_005574324.1_5795	3437	3238	0	0
lcl|NC_052666.1_mrna_XM_011158145.3_5796	838	639	0	0
lcl|NC_052666.1_mrna_XM_011158148.3_5797	843	644	359.921	156.978
lcl|NC_052666.1_mrna_XM_011158147.3_5798	827	628	12.0786	5.40224
lcl|NC_052666.1_ncrna_XR_005574325.1_5799	18171	17972	0	0
lcl|NC_052666.1_mrna_XM_039446819.1_5800	10826	10627	0	0
lcl|NC_052666.1_mrna_XM_026139038.2_5801	10807	10608	0	0
lcl|NC_052666.1_rrna_XR_003269201.2_5802	119	5.00576	0	0
lcl|NC_052666.1_mrna_XM_026141995.2_5803	321	122	0	0
lcl|NC_052666.1_mrna_XM_039447218.1_5804	1055	856	1	0.328127
lcl|NC_052666.1_mrna_XM_039446936.1_5805	3250	3051	0.239827	0.0220786
lcl|NC_052666.1_mrna_XM_039446935.1_5806	3235	3036	33.6325	3.11153
lcl|NC_052666.1_mrna_XM_039446934.1_5807	5467	5268	11.0093	0.586988
lcl|NC_052666.1_mrna_XM_039446932.1_5808	5428	5229	0	0
lcl|NC_052666.1_mrna_XM_039446931.1_5809	5382	5183	0	0
lcl|NC_052666.1_mrna_XM_039446929.1_5810	5414	5215	0	0
lcl|NC_052666.1_mrna_XM_039446933.1_5811	5361	5162	0	0
lcl|NC_052666.1_mrna_XM_039446930.1_5812	5347	5148	0	0
lcl|NC_052666.1_mrna_XM_039446928.1_5813	5407	5208	0	0
lcl|NC_052666.1_mrna_XM_039446927.1_5814	5495	5296	0	0
lcl|NC_052666.1_mrna_XM_039446960.1_5815	1433	1234	2.15495	0.490499
lcl|NC_052666.1_mrna_XM_026140779.2_5816	1069	870	0	0
lcl|NC_052666.1_mrna_XM_039446943.1_5817	2823	2624	0	0
lcl|NC_052666.1_mrna_XM_039446944.1_5818	2745	2546	0	0
lcl|NC_052666.1_mrna_XM_026131994.2_5819	2994	2795	0	0
lcl|NC_052666.1_mrna_XM_039446970.1_5820	1269	1070	0	0
lcl|NC_052666.1_mrna_XM_039446909.1_5821	18103	17904	0	0
lcl|NC_052666.1_mrna_XM_039446908.1_5822	19129	18930	0	0
lcl|NC_052666.1_mrna_XM_039446906.1_5823	19082	18883	0	0
lcl|NC_052666.1_mrna_XM_039446903.1_5824	19124	18925	0	0
lcl|NC_052666.1_mrna_XM_039446905.1_5825	19243	19044	2.1966	0.0323972
lcl|NC_052666.1_mrna_XM_039446907.1_5826	20232	20033	1.89112	0.0265149
lcl|NC_052666.1_mrna_XM_039446902.1_5827	20333	20134	0.0121926	0.000170091
lcl|NC_052666.1_mrna_XM_039446963.1_5828	961	762	0	0
lcl|NC_052666.1_mrna_XM_039446901.1_5829	2759	2560	2.67817	0.293842
lcl|NC_052666.1_mrna_XM_039446951.1_5830	1302	1103	5.33664	1.35896
lcl|NC_052666.1_mrna_XM_026139367.2_5831	1338	1139	10	2.46599
lcl|NC_052666.1_miscrna_XR_005574337.1_5832	1394	1195	0.493429	0.115977
lcl|NC_052666.1_ncrna_XR_005574346.1_5833	1541	1342	0	0
lcl|NC_052666.1_mrna_XM_039446884.1_5834	1062	863	0	0
lcl|NC_052666.1_mrna_XM_039446969.1_5835	844	645	0	0
lcl|NC_052666.1_mrna_XM_039446968.1_5836	916	717	0	0
lcl|NC_052666.1_mrna_XM_039446947.1_5837	1223	1024	0	0
lcl|NC_052666.1_mrna_XM_039446948.1_5838	1592	1393	0	0
lcl|NC_052666.1_mrna_XM_039446946.1_5839	1817	1618	0	0
lcl|NC_052666.1_mrna_XM_039446945.1_5840	2662	2463	0	0
lcl|NC_052666.1_mrna_XM_039446949.1_5841	2346	2147	0	0
lcl|NC_052666.1_mrna_XM_039446950.1_5842	5780	5581	0	0
lcl|NC_052666.1_mrna_XM_039446976.1_5843	1303	1104	0	0
lcl|NC_052666.1_mrna_XM_039446961.1_5844	1078	879	0	0
lcl|NC_052666.1_mrna_XM_039446885.1_5845	747	548	0	0
lcl|NC_052666.1_mrna_XM_039446886.1_5846	756	557	0	0
lcl|NC_052666.1_mrna_XM_039446965.1_5847	1594	1395	0	0
lcl|NC_052666.1_mrna_XM_039446887.1_5848	2319	2120	0	0
lcl|NC_052666.1_mrna_XM_039446955.1_5849	1506	1307	0	0
lcl|NC_052666.1_mrna_XM_039446954.1_5850	1693	1494	0	0
lcl|NC_052666.1_mrna_XM_039446941.1_5851	1859	1660	0	0
lcl|NC_052666.1_ncrna_XR_005574341.1_5852	2567	2368	3.96872	0.470743
lcl|NC_052666.1_ncrna_XR_005574342.1_5853	1614	1415	0	0
lcl|NC_052666.1_ncrna_XR_005574340.1_5854	1753	1554	0	0
lcl|NC_052666.1_ncrna_XR_005574344.1_5855	1540	1341	0	0
lcl|NC_052666.1_ncrna_XR_005574343.1_5856	1666	1467	0	0
lcl|NC_052666.1_miscrna_XR_005574339.1_5857	1996	1797	0	0
lcl|NC_052666.1_mrna_XM_039446971.1_5858	387	188	0	0
lcl|NC_052666.1_miscrna_XR_005574338.1_5859	8471	8272	3.50657	0.119066
lcl|NC_052666.1_mrna_XM_039446966.1_5860	668	469	0	0
lcl|NC_052666.1_mrna_XM_039446967.1_5861	639	440	0	0
lcl|NC_052666.1_mrna_XM_039446939.1_5862	3157	2958	0	0
lcl|NC_052666.1_mrna_XM_039446897.1_5863	5612	5413	3.84009	0.19926
lcl|NC_052666.1_mrna_XM_039446898.1_5864	4586	4387	0	0
lcl|NC_052666.1_mrna_XM_039446899.1_5865	4552	4353	0	0
lcl|NC_052666.1_mrna_XM_039446900.1_5866	4376	4177	0	0
lcl|NC_052666.1_mrna_XM_039446895.1_5867	4755	4556	0	0
lcl|NC_052666.1_mrna_XM_039446892.1_5868	6031	5832	6.05999	0.291857
lcl|NC_052666.1_mrna_XM_039446890.1_5869	5929	5730	0	0
lcl|NC_052666.1_mrna_XM_039446893.1_5870	5888	5689	0	0
lcl|NC_052666.1_mrna_XM_039446891.1_5871	5870	5671	0	0
lcl|NC_052666.1_mrna_XM_039446894.1_5872	5828	5629	0	0
lcl|NC_052666.1_mrna_XM_039446896.1_5873	4813	4614	0	0
lcl|NC_052666.1_ncrna_XR_005574347.1_5874	2372	2173	0	0
lcl|NC_052666.1_mrna_XM_011171590.3_5875	2532	2333	671	80.7837
lcl|NC_052666.1_mrna_XM_039446938.1_5876	2387	2188	1	0.128371
lcl|NC_052666.1_mrna_XM_039446942.1_5877	3703	3504	0	0
lcl|NC_052666.1_mrna_XM_011163636.1_5878	1209	1010	0	0
lcl|NC_052666.1_ncrna_XR_005574345.1_5879	6103	5904	5.04454	0.239989
lcl|NC_052666.1_mrna_XM_026141381.2_5880	676	477	0	0
lcl|NC_052666.1_mrna_XM_039446923.1_5881	2240	2041	0	0
lcl|NC_052666.1_mrna_XM_039446924.1_5882	2290	2091	0	0
lcl|NC_052666.1_mrna_XM_039446922.1_5883	3263	3064	0	0
lcl|NC_052666.1_mrna_XM_026142030.2_5884	3563	3364	27.5359	2.29911
lcl|NC_052666.1_mrna_XM_039446957.1_5885	1337	1138	0	0
lcl|NC_052666.1_mrna_XM_039446956.1_5886	1337	1138	0	0
lcl|NC_052666.1_mrna_XM_039446977.1_5887	1866	1667	0	0
lcl|NC_052666.1_mrna_XM_039446972.1_5888	817	618	0	0
lcl|NC_052666.1_mrna_XM_039446973.1_5889	899	700	0	0
lcl|NC_052666.1_mrna_XM_039446975.1_5890	899	700	0	0
lcl|NC_052666.1_mrna_XM_039446974.1_5891	817	618	0	0
lcl|NC_052666.1_mrna_XM_039446952.1_5892	2151	1952	0	0
lcl|NC_052666.1_mrna_XM_039446953.1_5893	2130	1931	0	0
lcl|NC_052666.1_mrna_XM_039446964.1_5894	761	562	0	0
lcl|NC_052666.1_mrna_XM_039446926.1_5895	2068	1869	0	0
lcl|NC_052666.1_mrna_XM_039446962.1_5896	1213	1014	0	0
lcl|NC_052666.1_mrna_XM_039446978.1_5897	1488	1289	4.69583	1.02324
lcl|NC_052666.1_mrna_XM_039446925.1_5898	3041	2842	4.3226	0.427206
lcl|NC_052666.1_mrna_XM_011174374.3_5899	1449	1250	0	0
lcl|NC_052666.1_mrna_XM_026139971.2_5900	2748	2549	0	0
lcl|NC_052666.1_mrna_XM_039446937.1_5901	2211	2012	0	0
lcl|NC_052666.1_mrna_XM_039446940.1_5902	1766	1567	0	0
lcl|NC_052666.1_mrna_XM_039446983.1_5903	2748	2549	0	0
lcl|NC_052666.1_mrna_XM_039446984.1_5904	1449	1250	0	0
lcl|NC_052666.1_mrna_XM_039446916.1_5905	2379	2180	6.6774	0.860333
lcl|NC_052666.1_mrna_XM_039446913.1_5906	2383	2184	0	0
lcl|NC_052666.1_mrna_XM_039446920.1_5907	2264	2065	0	0
lcl|NC_052666.1_mrna_XM_039446914.1_5908	2268	2069	0	0
lcl|NC_052666.1_mrna_XM_039446918.1_5909	2228	2029	0	0
lcl|NC_052666.1_mrna_XM_039446919.1_5910	2266	2067	0	0
lcl|NC_052666.1_mrna_XM_039446915.1_5911	2278	2079	0	0
lcl|NC_052666.1_mrna_XM_039446912.1_5912	2276	2077	0	0
lcl|NC_052666.1_mrna_XM_039446910.1_5913	5353	5154	0	0
lcl|NC_052666.1_mrna_XM_039446917.1_5914	4698	4499	0	0
lcl|NC_052666.1_mrna_XM_039446911.1_5915	3312	3113	0	0
lcl|NC_052666.1_mrna_XM_039446921.1_5916	2283	2084	0	0
lcl|NC_052666.1_mrna_XM_039446959.1_5917	1326	1127	0	0
lcl|NC_052666.1_mrna_XM_039446958.1_5918	1327	1128	0	0
lcl|NC_052666.1_ncrna_XR_005574348.1_5919	1308	1109	2	0.50654
lcl|NC_052666.1_mrna_XM_039447159.1_5920	1565	1366	0	0
lcl|NC_052666.1_mrna_XM_039446434.1_5921	3119	2920	0	0
lcl|NC_052666.1_mrna_XM_039446995.1_5922	1713	1514	1	0.18552
lcl|NC_052666.1_ncrna_XR_005574244.1_5923	4620	4421	1.11499	0.0708382
lcl|NC_052666.1_ncrna_XR_005574246.1_5924	4586	4387	44.9726	2.87936
lcl|NC_052666.1_ncrna_XR_005574245.1_5925	4559	4360	0	0
lcl|NC_052666.1_ncrna_XR_005574243.1_5926	4653	4454	105.779	6.67062
lcl|NC_052666.1_ncrna_XR_005574248.1_5927	1172	973	3.73779	1.07899
lcl|NC_052666.1_ncrna_XR_005574247.1_5928	2703	2504	3.2407	0.363513
lcl|NC_052666.1_mrna_XM_039446432.1_5929	5468	5269	7.07086	0.376929
lcl|NC_052666.1_mrna_XM_039446433.1_5930	3534	3335	0	0
lcl|NC_052666.1_mrna_XM_039446996.1_5931	5262	5063	0	0
lcl|NC_052666.1_mrna_XM_039447430.1_5932	2695	2496	0	0
lcl|NC_052666.1_mrna_XM_039447007.1_5933	1222	1023	9.20283	2.52674
lcl|NC_052666.1_mrna_XM_039447008.1_5934	1261	1062	0	0
lcl|NC_052666.1_mrna_XM_039447006.1_5935	1303	1104	175.595	44.6744
lcl|NC_052666.1_mrna_XM_039446842.1_5936	2116	1917	0	0
lcl|NC_052666.1_mrna_XM_039446841.1_5937	2139	1940	0	0
lcl|NC_052666.1_mrna_XM_039446843.1_5938	2036	1837	0	0
lcl|NC_052666.1_mrna_XM_039447431.1_5939	765	566	0	0
lcl|NC_052666.1_mrna_XM_039447432.1_5940	654	455	1	0.617311
lcl|NC_052666.1_mrna_XM_011173587.2_5941	1359	1160	0	0
lcl|NC_052666.1_mrna_XM_039447433.1_5942	2445	2246	0	0
lcl|NC_052666.1_mrna_XM_039447434.1_5943	603	404	0	0
lcl|NC_052666.1_mrna_XM_039446997.1_5944	470	271	0	0
lcl|NC_052666.1_mrna_XM_039447109.1_5945	1527	1328	0	0
lcl|NC_052666.1_ncrna_XR_005574379.1_5946	490	291	4.89691	4.72656
lcl|NC_052666.1_mrna_XM_039446993.1_5947	1348	1149	0	0
lcl|NC_052666.1_mrna_XM_039447435.1_5948	5232	5033	0	0
lcl|NC_052666.1_mrna_XM_039447221.1_5949	3471	3272	5	0.429213
lcl|NC_052666.1_ncrna_XR_005574242.1_5950	155	7.48819	0	0
lcl|NC_052666.1_miscrna_XR_005574241.1_5951	1733	1534	2.69577	0.493598
lcl|NC_052666.1_miscrna_XR_005574240.1_5952	1791	1592	0	0
lcl|NC_052666.1_mrna_XM_039447436.1_5953	271	72.0134	1	3.90034
lcl|NC_052666.1_mrna_XM_011177494.2_5954	714	515	0	0
lcl|NC_052666.1_mrna_XM_039447437.1_5955	491	292	0	0
lcl|NC_052666.1_mrna_XM_039447438.1_5956	2976	2777	0	0
lcl|NC_052666.1_mrna_XM_039447439.1_5957	540	341	0	0
lcl|NC_052666.1_mrna_XM_039447440.1_5958	1296	1097	0	0
lcl|NC_052666.1_mrna_XM_039447441.1_5959	1938	1739	0	0
lcl|NC_052666.1_mrna_XM_039447442.1_5960	1190	991	0	0
lcl|NC_052666.1_mrna_XM_039446425.1_5961	2513	2314	2.19758	0.266746
lcl|NC_052666.1_mrna_XM_039447443.1_5962	1098	899	0	0
lcl|NC_052666.1_mrna_XM_026141014.2_5963	379	180	0	0
lcl|NC_052666.1_mrna_XM_026141013.2_5964	778	579	0	0
lcl|NC_052666.1_mrna_XM_039446424.1_5965	3049	2850	55.3723	5.45712
lcl|NC_052666.1_mrna_XM_039447238.1_5966	1895	1696	6.35362	1.05223
lcl|NC_052666.1_mrna_XM_039447444.1_5967	624	425	8.35632	5.52258
lcl|NC_052666.1_mrna_XM_039446801.1_5968	2725	2526	2.62232	0.291587
lcl|NC_052666.1_mrna_XM_039447445.1_5969	1038	839	0	0
lcl|NC_052666.1_mrna_XM_039447276.1_5970	3053	2854	0	0
lcl|NC_052666.1_mrna_XM_039447278.1_5971	977	778	0	0
lcl|NC_052666.1_mrna_XM_026129985.2_5972	696	497	0	0
lcl|NC_052666.1_mrna_XM_039447446.1_5973	1871	1672	0	0
lcl|NC_052666.1_mrna_XM_039447077.1_5974	603	404	0	0
lcl|NC_052666.1_mrna_XM_026140638.2_5975	1173	974	0	0
lcl|NC_052666.1_mrna_XM_039447447.1_5976	1179	980	1	0.286609
lcl|NC_052666.1_mrna_XM_039447448.1_5977	1012	813	0	0
lcl|NC_052666.1_mrna_XM_039447386.1_5978	1186	987	0	0
lcl|NC_052666.1_mrna_XM_039446620.1_5979	1712	1513	0	0
lcl|NC_052666.1_mrna_XM_039446622.1_5980	1653	1454	0	0
lcl|NC_052666.1_mrna_XM_039446621.1_5981	1644	1445	0	0
lcl|NC_052666.1_mrna_XM_039447449.1_5982	1730	1531	1.06982	0.196268
lcl|NC_052666.1_mrna_XM_039446623.1_5983	1309	1110	8.39146	2.12339
lcl|NC_052666.1_mrna_XM_039446624.1_5984	1080	881	0	0
lcl|NC_052666.1_mrna_XM_039447450.1_5985	5232	5033	0	0
lcl|NC_052666.1_mrna_XM_039446874.1_5986	4416	4217	2.4323e-06	1.62005e-07
lcl|NC_052666.1_mrna_XM_039446875.1_5987	4362	4163	0.999998	0.0674696
lcl|NC_052666.1_mrna_XM_011173414.1_5988	687	488	0	0
lcl|NC_052666.1_mrna_XM_039447451.1_5989	3268	3069	0	0
lcl|NC_052666.1_mrna_XM_011157390.1_5990	1104	905	0	0
lcl|NC_052666.1_mrna_XM_039447453.1_5991	438	239	0	0
lcl|NC_052666.1_mrna_XM_039447105.1_5992	1025	826	0	0
lcl|NC_052666.1_mrna_XM_039447454.1_5993	321	122	0	0
lcl|NC_052666.1_mrna_XM_026139585.2_5994	1002	803	0	0
lcl|NC_052666.1_mrna_XM_039447359.1_5995	871	672	0	0
lcl|NC_052666.1_mrna_XM_039447455.1_5996	3051	2852	0	0
lcl|NC_052666.1_mrna_XM_026142106.2_5997	1623	1424	0	0
lcl|NC_052666.1_mrna_XM_039447456.1_5998	3825	3626	0	0
lcl|NC_052666.1_mrna_XM_039447457.1_5999	450	251	0	0
lcl|NC_052666.1_mrna_XM_039447458.1_6000	2487	2288	0.5	0.0613804
lcl|NC_052666.1_mrna_XM_039447459.1_6001	2487	2288	0.5	0.0613804
lcl|NC_052666.1_mrna_XM_039447460.1_6002	1209	1010	0	0
lcl|NC_052666.1_mrna_XM_039447461.1_6003	1710	1511	0	0
lcl|NC_052666.1_mrna_XM_039446777.1_6004	2253	2054	0	0
lcl|NC_052666.1_mrna_XM_039447462.1_6005	1092	893	0	0
lcl|NC_052666.1_mrna_XM_011172941.2_6006	1338	1139	3	0.739798
lcl|NC_052666.1_mrna_XM_011172942.1_6007	456	257	0	0
lcl|NC_052666.1_mrna_XM_039447463.1_6008	3984	3785	0	0
lcl|NC_052666.1_mrna_XM_039447464.1_6009	3984	3785	0	0
lcl|NC_052666.1_mrna_XM_039447465.1_6010	3984	3785	0	0
lcl|NC_052666.1_mrna_XM_039447466.1_6011	3984	3785	0	0
lcl|NC_052666.1_mrna_XM_039447467.1_6012	3984	3785	0	0
lcl|NC_052666.1_mrna_XM_039447468.1_6013	3984	3785	0	0
lcl|NC_052666.1_mrna_XM_039447469.1_6014	3984	3785	0	0
lcl|NC_052666.1_mrna_XM_011172095.2_6015	3984	3785	0	0
lcl|NC_052666.1_mrna_XM_039447470.1_6016	3639	3440	0	0
lcl|NC_052666.1_mrna_XM_039447471.1_6017	768	569	0	0
lcl|NC_052666.1_mrna_XM_026141519.2_6018	2115	1916	0	0
lcl|NC_052666.1_mrna_XM_039447472.1_6019	957	758	0	0
lcl|NC_052666.1_mrna_XM_039446999.1_6020	3246	3047	1.48128	0.136547
lcl|NC_052666.1_mrna_XM_039447473.1_6021	759	560	0	0
lcl|NC_052666.1_ncrna_XR_005574349.1_6022	688	489	0	0
lcl|NC_052666.1_mrna_XM_026139716.2_6023	484	285	0	0
lcl|NC_052666.1_mrna_XM_026140826.2_6024	740	541	4	2.07672
lcl|NC_052666.1_mrna_XM_039446876.1_6025	1474	1275	0	0
lcl|NC_052666.1_mrna_XM_039447474.1_6026	597	398	0	0
lcl|NC_052666.1_mrna_XM_039447475.1_6027	3193	2994	11.0722	1.03872
lcl|NC_052666.1_mrna_XM_039446797.1_6028	6321	6122	53.8705	2.47157
lcl|NC_052666.1_mrna_XM_039446798.1_6029	2245	2046	109.283	15.0025
lcl|NC_052666.1_mrna_XM_011158328.1_6030	438	239	0	0
lcl|NC_052666.1_mrna_XM_011174645.3_6031	927	728	0	0
lcl|NC_052666.1_mrna_XM_011171226.2_6032	918	719	0	0
lcl|NC_052666.1_mrna_XM_039447476.1_6033	2688	2489	0	0
lcl|NC_052666.1_mrna_XM_039447477.1_6034	993	794	0	0
lcl|NC_052666.1_mrna_XM_039447478.1_6035	1422	1223	9	2.06696
lcl|NC_052666.1_mrna_XM_011176456.3_6036	3663	3464	0	0
lcl|NC_052666.1_mrna_XM_026141745.2_6037	1868	1669	2	0.336581
lcl|NC_052666.1_mrna_XM_039447479.1_6038	2013	1814	0	0
lcl|NC_052666.1_ncrna_XR_005574387.1_6039	1114	915	2	0.613938
lcl|NC_052666.1_mrna_XM_039447480.1_6040	821	622	0	0
lcl|NC_052666.1_mrna_XM_039447360.1_6041	1161	962	0	0
lcl|NC_052666.1_mrna_XM_039447250.1_6042	582	383	0	0
lcl|NC_052666.1_ncrna_XR_005574445.1_6043	502	303	0	0
lcl|NC_052666.1_mrna_XM_039447481.1_6044	2241	2042	0	0
lcl|NC_052666.1_mrna_XM_039447482.1_6045	480	281	0	0
lcl|NC_052666.1_mrna_XM_039447119.1_6046	309	110	0	0
lcl|NC_052666.1_ncrna_XR_005574336.1_6047	999	800	0	0
lcl|NC_052666.1_ncrna_XR_005574335.1_6048	1086	887	0	0
lcl|NC_052666.1_mrna_XM_039446850.1_6049	1169	970	0.00572339	0.00165729
lcl|NC_052666.1_mrna_XM_039446849.1_6050	2432	2233	3.63589	0.457339
lcl|NC_052666.1_mrna_XM_039447483.1_6051	1047	848	0	0
lcl|NC_052666.1_mrna_XM_039447484.1_6052	921	722	0	0
lcl|NC_052666.1_mrna_XM_039447485.1_6053	594	395	0	0
lcl|NC_052666.1_mrna_XM_026140743.2_6054	5262	5063	0	0
lcl|NC_052666.1_mrna_XM_039447268.1_6055	614	415	1	0.676811
lcl|NC_052666.1_mrna_XM_039447486.1_6056	660	461	0	0
lcl|NC_052666.1_mrna_XM_039447261.1_6057	1668	1469	9.55351	1.82666
lcl|NC_052666.1_mrna_XM_039447259.1_6058	2537	2338	6.33427	0.760971
lcl|NC_052666.1_mrna_XM_039447487.1_6059	921	722	0	0
lcl|NC_052666.1_ncrna_XR_005574400.1_6060	1773	1574	0	0
lcl|NC_052666.1_ncrna_XR_005574399.1_6061	1853	1654	0	0
lcl|NC_052666.1_mrna_XM_026141590.2_6062	2601	2402	0	0
lcl|NC_052666.1_mrna_XM_026141318.1_6063	975	776	0	0
lcl|NC_052666.1_mrna_XM_039447488.1_6064	1170	971	0	0
lcl|NC_052666.1_mrna_XM_039447489.1_6065	489	290	0	0
lcl|NC_052666.1_miscrna_XR_003269607.2_6066	1736	1537	0	0
lcl|NC_052666.1_miscrna_XR_005574396.1_6067	1732	1533	0	0
lcl|NC_052666.1_miscrna_XR_005574397.1_6068	1593	1394	0	0
lcl|NC_052666.1_miscrna_XR_003269606.2_6069	1426	1227	3.01109	0.689278
lcl|NC_052666.1_miscrna_XR_005574398.1_6070	1095	896	0	0
lcl|NC_052666.1_miscrna_XR_005574395.1_6071	789	590	0	0
lcl|NC_052666.1_mrna_XM_039447275.1_6072	383	184	0	0
lcl|NC_052666.1_mrna_XM_039447270.1_6073	1029	830	3	1.01522
lcl|NC_052666.1_mrna_XM_039447269.1_6074	645	446	0	0
lcl|NC_052666.1_mrna_XM_026136561.2_6075	1017	818	0	0
lcl|NC_052666.1_ncrna_XR_005574402.1_6076	159	7.91627	0	0
lcl|NC_052666.1_mrna_XM_039447258.1_6077	3329	3130	73.052	6.55547
lcl|NC_052666.1_mrna_XM_039447262.1_6078	1463	1264	0	0
lcl|NC_052666.1_mrna_XM_039447263.1_6079	822	623	1	0.450845
lcl|NC_052666.1_mrna_XM_039447272.1_6080	802	603	5.93486	2.76445
lcl|NC_052666.1_mrna_XM_039447490.1_6081	1824	1625	0	0
lcl|NC_052666.1_mrna_XM_039447491.1_6082	1512	1313	0	0
lcl|NC_052666.1_mrna_XM_039447492.1_6083	981	782	0	0
lcl|NC_052666.1_mrna_XM_039447493.1_6084	1062	863	0	0
lcl|NC_052666.1_mrna_XM_039447260.1_6085	2620	2421	1.93832	0.224877
lcl|NC_052666.1_mrna_XM_039447494.1_6086	2301	2102	0	0
lcl|NC_052666.1_mrna_XM_039447495.1_6087	1299	1100	0	0
lcl|NC_052666.1_mrna_XM_039447266.1_6088	1427	1228	0	0
lcl|NC_052666.1_mrna_XM_039447267.1_6089	1367	1168	13.5561	3.25993
lcl|NC_052666.1_mrna_XM_039447496.1_6090	2553	2354	2	0.238638
lcl|NC_052666.1_mrna_XM_039447497.1_6091	832	633	0	0
lcl|NC_052666.1_mrna_XM_039447498.1_6092	1014	815	0	0
lcl|NC_052666.1_mrna_XM_039447499.1_6093	1437	1238	0	0
lcl|NC_052666.1_mrna_XM_039447500.1_6094	1560	1361	10.719	2.21215
lcl|NC_052666.1_mrna_XM_039447271.1_6095	525	326	0	0
lcl|NC_052666.1_mrna_XM_039447501.1_6096	2463	2264	0	0
lcl|NC_052666.1_mrna_XM_011174826.1_6097	921	722	0	0
lcl|NC_052666.1_mrna_XM_026141451.2_6098	2114	1915	108	15.8406
lcl|NC_052666.1_mrna_XM_039447273.1_6099	548	349	13.2711	10.6806
lcl|NC_052666.1_miscrna_XR_005574394.1_6100	1769	1570	0	0
lcl|NC_052666.1_mrna_XM_039447274.1_6101	1169	970	6.63105	1.92011
lcl|NC_052666.1_ncrna_XR_005574401.1_6102	146	6.66748	0	0
lcl|NC_052666.1_mrna_XM_039447502.1_6103	432	233	8.40799	10.1357
lcl|NC_052666.1_mrna_XM_039447264.1_6104	1749	1550	0	0
lcl|NC_052666.1_mrna_XM_039447265.1_6105	1108	909	0	0
lcl|NC_052666.1_mrna_XM_039447503.1_6106	1431	1232	9.7245	2.21703
lcl|NC_052666.1_mrna_XM_039447504.1_6107	567	368	0	0
lcl|NC_052666.1_mrna_XM_039447505.1_6108	1538	1339	4.1753	0.875836
lcl|NC_052666.1_ncrna_XR_005574409.1_6109	458	259	0	0
lcl|NC_052666.1_mrna_XM_039447506.1_6110	1308	1109	0	0
lcl|NC_052666.1_mrna_XM_011173254.3_6111	3579	3380	0	0
lcl|NC_052666.1_mrna_XM_039447334.1_6112	2276	2077	4	0.540928
lcl|NC_052666.1_mrna_XM_039447507.1_6113	639	440	0	0
lcl|NC_052666.1_mrna_XM_039447508.1_6114	1473	1274	0	0
lcl|NC_052666.1_mrna_XM_039447220.1_6115	1033	834	20.3447	6.85175
lcl|NC_052666.1_mrna_XM_039447509.1_6116	675	476	0	0
lcl|NC_052666.1_mrna_XM_039446985.1_6117	945	746	0	0
lcl|NC_052666.1_mrna_XM_026130912.1_6118	1017	818	0	0
lcl|NC_052666.1_mrna_XM_039447510.1_6119	672	473	0	0
lcl|NC_052666.1_mrna_XM_039447511.1_6120	3555	3356	0	0
lcl|NC_052666.1_mrna_XM_039447512.1_6121	2751	2552	0	0
lcl|NC_052666.1_mrna_XM_026141442.2_6122	2157	1958	0	0
lcl|NC_052666.1_mrna_XM_039447673.1_6123	1178	979	0	0
lcl|NC_052666.1_mrna_XM_039447513.1_6124	2244	2045	0	0
lcl|NC_052666.1_mrna_XM_011175022.3_6125	411	212	0	0
lcl|NC_052666.1_mrna_XM_011175020.1_6126	759	560	0	0
lcl|NC_052666.1_mrna_XM_011175019.2_6127	297	98.0001	0	0
lcl|NC_052666.1_mrna_XM_039447514.1_6128	1602	1403	0	0
lcl|NC_052666.1_ncrna_XR_005574377.1_6129	446	247	66.1768	75.2531
lcl|NC_052666.1_ncrna_XR_005574376.1_6130	452	253	25.0965	27.8618
lcl|NC_052666.1_mrna_XM_039447515.1_6131	858	659	0	0
lcl|NC_052666.1_mrna_XM_026141574.2_6132	564	365	0	0
lcl|NC_052666.1_mrna_XM_039447516.1_6133	957	758	0	0
lcl|NC_052666.1_mrna_XM_039446740.1_6134	4614	4415	0	0
lcl|NC_052666.1_mrna_XM_039446741.1_6135	795	596	0	0
lcl|NC_052666.1_mrna_XM_039447517.1_6136	546	347	0	0
lcl|NC_052666.1_mrna_XM_039447367.1_6137	2690	2491	0	0
lcl|NC_052666.1_mrna_XM_039447518.1_6138	1686	1487	0	0
lcl|NC_052666.1_mrna_XM_026134718.2_6139	953	754	1	0.372516
lcl|NC_052666.1_mrna_XM_011167772.2_6140	2883	2684	0	0
lcl|NC_052666.1_mrna_XM_039446800.1_6141	852	653	0	0
lcl|NC_052666.1_mrna_XM_039446737.1_6142	1333	1134	0	0
lcl|NC_052666.1_mrna_XM_039446736.1_6143	1208	1009	0	0
lcl|NC_052666.1_mrna_XM_039446739.1_6144	1314	1115	0	0
lcl|NC_052666.1_miscrna_XR_005574300.1_6145	1670	1471	0	0
lcl|NC_052666.1_miscrna_XR_005574301.1_6146	1836	1637	0	0
lcl|NC_052666.1_mrna_XM_039446735.1_6147	1624	1425	7.39226	1.45706
lcl|NC_052666.1_mrna_XM_011176519.2_6148	1305	1106	0	0
lcl|NC_052666.1_mrna_XM_011171685.1_6149	762	563	0	0
lcl|NC_052666.1_mrna_XM_039447520.1_6150	2340	2141	0	0
lcl|NC_052666.1_mrna_XM_026135013.2_6151	1462	1263	0	0
lcl|NC_052666.1_mrna_XM_039447522.1_6152	776	577	0	0
lcl|NC_052666.1_mrna_XM_039447523.1_6153	501	302	0	0
lcl|NC_052666.1_mrna_XM_026141772.2_6154	703	504	0	0
lcl|NC_052666.1_mrna_XM_039447524.1_6155	1152	953	0	0
lcl|NC_052666.1_mrna_XM_011165375.1_6156	975	776	0	0
lcl|NC_052666.1_mrna_XM_026141368.1_6157	4641	4442	0	0
lcl|NC_052666.1_mrna_XM_011164768.1_6158	681	482	0	0
lcl|NC_052666.1_ncrna_XR_005574424.1_6159	581	382	15	11.0292
lcl|NC_052666.1_mrna_XM_039446502.1_6160	1824	1625	0	0
lcl|NC_052666.1_mrna_XM_039446504.1_6161	2175	1976	0	0
lcl|NC_052666.1_mrna_XM_039447525.1_6162	1050	851	0	0
lcl|NC_052666.1_mrna_XM_026139994.1_6163	2505	2306	0	0
lcl|NC_052666.1_mrna_XM_039447527.1_6164	714	515	0	0
lcl|NC_052666.1_mrna_XM_026140481.1_6165	2682	2483	0	0
lcl|NC_052666.1_mrna_XM_039446503.1_6166	1733	1534	0	0
lcl|NC_052666.1_mrna_XM_039446882.1_6167	4198	3999	1	0.0702367
lcl|NC_052666.1_mrna_XM_039446816.1_6168	2089	1890	17.8333	2.65025
lcl|NC_052666.1_mrna_XM_039447174.1_6169	1585	1386	0	0
lcl|NC_052666.1_mrna_XM_011169270.1_6170	789	590	0	0
lcl|NC_052666.1_mrna_XM_011169271.1_6171	810	611	0	0
lcl|NC_052666.1_mrna_XM_039446706.1_6172	493	294	119	113.688
lcl|NC_052666.1_mrna_XM_011176462.3_6173	5211	5012	0	0
lcl|NC_052666.1_mrna_XM_039447528.1_6174	1450	1251	1	0.224522
lcl|NC_052666.1_mrna_XM_039447529.1_6175	828	629	0	0
lcl|NC_052666.1_mrna_XM_039447215.1_6176	1543	1344	0	0
lcl|NC_052666.1_mrna_XM_039447214.1_6177	1829	1630	0	0
lcl|NC_052666.1_mrna_XM_039447213.1_6178	1904	1705	0	0
lcl|NC_052666.1_mrna_XM_039447216.1_6179	1408	1209	0	0
lcl|NC_052666.1_mrna_XM_039447530.1_6180	6423	6224	0	0
lcl|NC_052666.1_mrna_XM_039447531.1_6181	962	763	0	0
lcl|NC_052666.1_mrna_XM_039446391.1_6182	2356	2157	3.71664	0.483967
lcl|NC_052666.1_mrna_XM_039447532.1_6183	984	785	0	0
lcl|NC_052666.1_mrna_XM_039446394.1_6184	1110	911	0	0
lcl|NC_052666.1_mrna_XM_039447533.1_6185	2445	2246	0	0
lcl|NC_052666.1_mrna_XM_039447534.1_6186	726	527	0	0
lcl|NC_052666.1_mrna_XM_039446392.1_6187	1610	1411	0	0
lcl|NC_052666.1_mrna_XM_026142033.2_6188	951	752	0	0
lcl|NC_052666.1_mrna_XM_039446390.1_6189	5303	5104	0	0
lcl|NC_052666.1_mrna_XM_026140450.2_6190	391	192	0	0
lcl|NC_052666.1_mrna_XM_039446393.1_6191	1784	1585	0	0
lcl|NC_052666.1_mrna_XM_039446395.1_6192	674	475	0	0
lcl|NC_052666.1_mrna_XM_026140449.2_6193	1143	944	0	0
lcl|NC_052666.1_mrna_XM_039447535.1_6194	1103	904	0	0
lcl|NC_052666.1_mrna_XM_026140491.2_6195	1041	842	1	0.333583
lcl|NC_052666.1_mrna_XM_026140487.2_6196	1080	881	0	0
lcl|NC_052666.1_mrna_XM_039447369.1_6197	1061	862	0	0
lcl|NC_052666.1_mrna_XM_039447536.1_6198	981	782	0	0
lcl|NC_052666.1_mrna_XM_039447537.1_6199	1200	1001	0	0
lcl|NC_052666.1_mrna_XM_039447538.1_6200	1569	1370	0	0
lcl|NC_052666.1_mrna_XM_039447539.1_6201	2643	2444	1.06895	0.122849
lcl|NC_052666.1_mrna_XM_039447231.1_6202	1114	915	0	0
lcl|NC_052666.1_mrna_XM_039446711.1_6203	2113	1914	0	0
lcl|NC_052666.1_mrna_XM_039446710.1_6204	2242	2043	0	0
lcl|NC_052666.1_mrna_XM_039446709.1_6205	2440	2241	0	0
lcl|NC_052666.1_mrna_XM_039446713.1_6206	2079	1880	0	0
lcl|NC_052666.1_mrna_XM_039446712.1_6207	2065	1866	1	0.150523
lcl|NC_052666.1_mrna_XM_039447541.1_6208	612	413	0	0
lcl|NC_052666.1_mrna_XM_026134338.2_6209	1782	1583	0	0
lcl|NC_052666.1_mrna_XM_039447219.1_6210	2151	1952	0	0
lcl|NC_052666.1_mrna_XM_039447374.1_6211	1978	1779	0	0
lcl|NC_052666.1_mrna_XM_039447543.1_6212	1340	1141	0	0
lcl|NC_052666.1_mrna_XM_039446991.1_6213	1262	1063	2.67707	0.707362
lcl|NC_052666.1_mrna_XM_026140679.2_6214	552	353	2	1.59137
lcl|NC_052666.1_ncrna_XR_005574384.1_6215	773	574	0	0
lcl|NC_052666.1_ncrna_XR_005574385.1_6216	753	554	12.312	6.24218
lcl|NC_052666.1_ncrna_XR_005574418.1_6217	1421	1222	0	0
lcl|NC_052666.1_mrna_XM_039447544.1_6218	681	482	0	0
lcl|NC_052666.1_mrna_XM_039446998.1_6219	1852	1653	0	0
lcl|NC_052666.1_mrna_XM_011173895.3_6220	1122	923	2.68314	0.816502
lcl|NC_052666.1_mrna_XM_039446846.1_6221	687	488	1.16007	0.667697
lcl|NC_052666.1_mrna_XM_011176757.3_6222	1457	1258	1	0.223272
lcl|NC_052666.1_mrna_XM_039447545.1_6223	756	557	0	0
lcl|NC_052666.1_mrna_XM_039447362.1_6224	3454	3255	5.13865	0.443419
lcl|NC_052666.1_mrna_XM_039447363.1_6225	1247	1048	8.10601	2.17251
lcl|NC_052666.1_mrna_XM_039447547.1_6226	720	521	0	0
lcl|NC_052666.1_mrna_XM_026130041.2_6227	474	275	0	0
lcl|NC_052666.1_mrna_XM_039446889.1_6228	1331	1132	0	0
lcl|NC_052666.1_mrna_XM_039447549.1_6229	558	359	0	0
lcl|NC_052666.1_mrna_XM_039447550.1_6230	5169	4970	0	0
lcl|NC_052666.1_mrna_XM_011172949.2_6231	1251	1052	0	0
lcl|NC_052666.1_mrna_XM_039447552.1_6232	987	788	0	0
lcl|NC_052666.1_mrna_XM_011172569.3_6233	1671	1472	0	0
lcl|NC_052666.1_mrna_XM_039447553.1_6234	1316	1117	0	0
lcl|NC_052666.1_mrna_XM_039447555.1_6235	627	428	0	0
lcl|NC_052666.1_ncrna_XR_005574284.1_6236	413	214	20.4822	26.883
lcl|NC_052666.1_mrna_XM_039447556.1_6237	464	265	13.7278	14.5502
lcl|NC_052666.1_mrna_XM_039447557.1_6238	771	572	0	0
lcl|NC_052666.1_mrna_XM_011171542.3_6239	978	779	0	0
lcl|NC_052666.1_mrna_XM_039447558.1_6240	1200	1001	0	0
lcl|NC_052666.1_mrna_XM_039447559.1_6241	1050	851	0	0
lcl|NC_052666.1_miscrna_XR_003269453.2_6242	5233	5034	3.10933	0.173488
lcl|NC_052666.1_mrna_XM_026140855.2_6243	1995	1796	18.8907	2.95432
lcl|NC_052666.1_mrna_XM_011159278.1_6244	450	251	0	0
lcl|NC_052666.1_mrna_XM_039447560.1_6245	1035	836	0	0
lcl|NC_052666.1_mrna_XM_039447561.1_6246	1000	801	0	0
lcl|NC_052666.1_mrna_XM_026141687.1_6247	606	407	2	1.38023
lcl|NC_052666.1_mrna_XM_039447562.1_6248	1089	890	0	0
lcl|NC_052666.1_mrna_XM_039447563.1_6249	5169	4970	0	0
lcl|NC_052666.1_mrna_XM_039447401.1_6250	889	690	0	0
lcl|NC_052666.1_mrna_XM_011157462.1_6251	1296	1097	0	0
lcl|NC_052666.1_mrna_XM_039447564.1_6252	1143	944	0	0
lcl|NC_052666.1_mrna_XM_026135862.2_6253	2634	2435	0	0
lcl|NC_052666.1_mrna_XM_026135854.2_6254	981	782	0	0
lcl|NC_052666.1_mrna_XM_039447566.1_6255	1125	926	0	0
lcl|NC_052666.1_mrna_XM_039447397.1_6256	5759	5560	0	0
lcl|NC_052666.1_mrna_XM_039447398.1_6257	1393	1194	0	0
lcl|NC_052666.1_mrna_XM_039447399.1_6258	1216	1017	32	8.83781
lcl|NC_052666.1_mrna_XM_039447567.1_6259	1491	1292	0	0
lcl|NC_052666.1_mrna_XM_039447568.1_6260	1491	1292	0	0
lcl|NC_052666.1_mrna_XM_039447402.1_6261	1089	890	0	0
lcl|NC_052666.1_mrna_XM_039447569.1_6262	1107	908	0	0
lcl|NC_052666.1_mrna_XM_039447570.1_6263	1986	1787	0	0
lcl|NC_052666.1_mrna_XM_039447322.1_6264	1499	1300	1	0.216059
lcl|NC_052666.1_mrna_XM_039447571.1_6265	1350	1151	0	0
lcl|NC_052666.1_mrna_XM_039447572.1_6266	744	545	0	0
lcl|NC_052666.1_mrna_XM_026140219.1_6267	504	305	1	0.920907
lcl|NC_052666.1_mrna_XM_039447573.1_6268	609	410	0	0
lcl|NC_052666.1_mrna_XM_039447111.1_6269	1690	1491	0	0
lcl|NC_052666.1_mrna_XM_011171646.2_6270	972	773	0	0
lcl|NC_052666.1_mrna_XM_011171647.1_6271	894	695	0	0
lcl|NC_052666.1_mrna_XM_011171642.1_6272	594	395	0	0
lcl|NC_052666.1_mrna_XM_011171643.1_6273	927	728	0	0
lcl|NC_052666.1_mrna_XM_039447574.1_6274	957	758	0	0
lcl|NC_052666.1_mrna_XM_039447575.1_6275	708	509	0	0
lcl|NC_052666.1_ncrna_XR_005574420.1_6276	1214	1015	0	0
lcl|NC_052666.1_mrna_XM_039447577.1_6277	3450	3251	0	0
lcl|NC_052666.1_mrna_XM_039447578.1_6278	900	701	0	0
lcl|NC_052666.1_mrna_XM_039447372.1_6279	1281	1082	1	0.25959
lcl|NC_052666.1_mrna_XM_039446994.1_6280	2180	1981	0	0
lcl|NC_052666.1_miscrna_XR_005574411.1_6281	1310	1111	1.16242	0.293875
lcl|NC_052666.1_mrna_XM_039447349.1_6282	698	499	0	0
lcl|NC_052666.1_mrna_XM_039447579.1_6283	1707	1508	0	0
lcl|NC_052666.1_mrna_XM_039447580.1_6284	1572	1373	0	0
lcl|NC_052666.1_mrna_XM_039447581.1_6285	699	500	0	0
lcl|NC_052666.1_mrna_XM_011173597.2_6286	528	329	0	0
lcl|NC_052666.1_mrna_XM_039447583.1_6287	927	728	0	0
lcl|NC_052666.1_mrna_XM_026141478.2_6288	796	597	0	0
lcl|NC_052666.1_mrna_XM_039446803.1_6289	722	523	0	0
lcl|NC_052666.1_mrna_XM_039446802.1_6290	3771	3572	0	0
lcl|NC_052666.1_mrna_XM_039447584.1_6291	957	758	0	0
lcl|NC_052666.1_mrna_XM_039447585.1_6292	683	484	0	0
lcl|NC_052666.1_mrna_XM_039447644.1_6293	1809	1610	1	0.174458
lcl|NC_052666.1_mrna_XM_039447348.1_6294	1069	870	0	0
lcl|NC_052666.1_mrna_XM_039447587.1_6295	1170	971	0	0
lcl|NC_052666.1_mrna_XM_039447588.1_6296	1272	1073	0	0
lcl|NC_052666.1_mrna_XM_039447589.1_6297	786	587	0	0
lcl|NC_052666.1_mrna_XM_039447590.1_6298	588	389	0	0
lcl|NC_052666.1_mrna_XM_039447591.1_6299	564	365	0	0
lcl|NC_052666.1_mrna_XM_011173227.1_6300	390	191	0	0
lcl|NC_052666.1_mrna_XM_039447592.1_6301	1626	1427	0	0
lcl|NC_052666.1_mrna_XM_011173224.3_6302	2269	2070	26.7863	3.63461
lcl|NC_052666.1_mrna_XM_026141256.2_6303	2061	1862	11.8562	1.78847
lcl|NC_052666.1_mrna_XM_026141257.2_6304	1622	1423	3.35754	0.662723
lcl|NC_052666.1_mrna_XM_039447370.1_6305	313	114	0	0
lcl|NC_052666.1_mrna_XM_011158692.2_6306	1149	950	0	0
lcl|NC_052666.1_mrna_XM_011158693.1_6307	1137	938	0	0
lcl|NC_052666.1_mrna_XM_039447593.1_6308	1080	881	0	0
lcl|NC_052666.1_mrna_XM_039447594.1_6309	1325	1126	0	0
lcl|NC_052666.1_mrna_XM_011158696.1_6310	4332	4133	0	0
lcl|NC_052666.1_mrna_XM_011158691.3_6311	1142	943	1	0.297854
lcl|NC_052666.1_mrna_XM_011157838.1_6312	537	338	0	0
lcl|NC_052666.1_mrna_XM_039447595.1_6313	1071	872	0	0
lcl|NC_052666.1_mrna_XM_039447068.1_6314	698	499	0	0
lcl|NC_052666.1_mrna_XM_039447092.1_6315	2647	2448	0	0
lcl|NC_052666.1_mrna_XM_039447596.1_6316	1305	1106	0	0
lcl|NC_052666.1_mrna_XM_039447321.1_6317	1067	868	0	0
lcl|NC_052666.1_mrna_XM_039446859.1_6318	1536	1337	0	0
lcl|NC_052666.1_trna_6319	72	3.52559	0	0
lcl|NC_052666.1_mrna_XM_039447597.1_6320	662	463	0	0
lcl|NC_052666.1_mrna_XM_039447598.1_6321	1226	1027	0	0
lcl|NC_052666.1_mrna_XM_039447599.1_6322	5193	4994	0	0
lcl|NC_052666.1_mrna_XM_026141802.2_6323	581	382	0	0
lcl|NC_052666.1_mrna_XM_039447600.1_6324	5025	4826	0	0
lcl|NC_052666.1_mrna_XM_026140659.2_6325	1644	1445	0	0
lcl|NC_052666.1_mrna_XM_039447107.1_6326	1716	1517	0	0
lcl|NC_052666.1_mrna_XM_026140660.2_6327	1734	1535	0	0
lcl|NC_052666.1_mrna_XM_039447106.1_6328	1806	1607	0	0
lcl|NC_052666.1_mrna_XM_039447601.1_6329	660	461	0	0
lcl|NC_052666.1_mrna_XM_011159267.1_6330	555	356	0	0
lcl|NC_052666.1_mrna_XM_011159269.1_6331	1092	893	0	0
lcl|NC_052666.1_mrna_XM_039447249.1_6332	1302	1103	0	0
lcl|NC_052666.1_mrna_XM_039446844.1_6333	3353	3154	0	0
lcl|NC_052666.1_mrna_XM_039446845.1_6334	3272	3073	31.0538	2.83837
lcl|NC_052666.1_mrna_XM_039446888.1_6335	2127	1928	0	0
lcl|NC_052666.1_mrna_XM_026135556.2_6336	1371	1172	1	0.239656
lcl|NC_052666.1_mrna_XM_039447371.1_6337	719	520	0	0
lcl|NC_052666.1_mrna_XM_039447602.1_6338	1308	1109	0	0
lcl|NC_052666.1_ncrna_XR_005574378.1_6339	490	291	7.23121	6.97965
lcl|NC_052666.1_ncrna_XR_005574370.1_6340	492	293	0.00751027	0.00719952
lcl|NC_052666.1_ncrna_XR_005574372.1_6341	492	293	0.00751027	0.00719952
lcl|NC_052666.1_ncrna_XR_005574371.1_6342	444	245	0	0
lcl|NC_052666.1_mrna_XM_039447603.1_6343	538	339	0	0
lcl|NC_052666.1_mrna_XM_026140035.2_6344	5145	4946	0	0
lcl|NC_052666.1_mrna_XM_026140032.2_6345	1170	971	0	0
lcl|NC_052666.1_mrna_XM_011171225.1_6346	531	332	0	0
lcl|NC_052666.1_mrna_XM_039447604.1_6347	1122	923	1	0.304308
lcl|NC_052666.1_mrna_XM_039446840.1_6348	484	285	0	0
lcl|NC_052666.1_mrna_XM_039447099.1_6349	1104	905	2	0.620722
lcl|NC_052666.1_mrna_XM_039447100.1_6350	714	515	0	0
lcl|NC_052666.1_mrna_XM_039447605.1_6351	990	791	3	1.06527
lcl|NC_052666.1_mrna_XM_039447335.1_6352	1927	1728	0	0
lcl|NC_052666.1_mrna_XM_026141432.2_6353	787	588	0	0
lcl|NC_052666.1_mrna_XM_039447606.1_6354	456	257	0	0
lcl|NC_052666.1_mrna_XM_039447607.1_6355	1542	1343	0	0
lcl|NC_052666.1_mrna_XM_039447329.1_6356	855	656	0	0
lcl|NC_052666.1_mrna_XM_039447330.1_6357	855	656	0	0
lcl|NC_052666.1_mrna_XM_011175508.3_6358	1170	971	0.00203618	0.000588995
lcl|NC_052666.1_mrna_XM_039446851.1_6359	2432	2233	3.63589	0.457339
lcl|NC_052666.1_mrna_XM_039447608.1_6360	1503	1304	2.04364	0.440193
lcl|NC_052666.1_mrna_XM_039447609.1_6361	921	722	0	0
lcl|NC_052666.1_mrna_XM_039447610.1_6362	594	395	0	0
lcl|NC_052666.1_mrna_XM_039447110.1_6363	787	588	0	0
lcl|NC_052666.1_mrna_XM_039447611.1_6364	571	372	0	0
lcl|NC_052666.1_mrna_XM_011164107.1_6365	567	368	0	0
lcl|NC_052666.1_mrna_XM_011164108.1_6366	1542	1343	0	0
lcl|NC_052666.1_mrna_XM_011164109.1_6367	858	659	0	0
lcl|NC_052666.1_mrna_XM_039446458.1_6368	4289	4090	0	0
lcl|NC_052666.1_mrna_XM_039446456.1_6369	4434	4235	4.44902e-06	2.95071e-07
lcl|NC_052666.1_mrna_XM_039446457.1_6370	4500	4301	441.084	28.805
lcl|NC_052666.1_mrna_XM_039446463.1_6371	4099	3900	0	0
lcl|NC_052666.1_mrna_XM_039446459.1_6372	4911	4712	7.02746	0.418899
lcl|NC_052666.1_mrna_XM_039446462.1_6373	4624	4425	4.19819	0.26648
lcl|NC_052666.1_mrna_XM_039446460.1_6374	3644	3445	0	0
lcl|NC_052666.1_mrna_XM_039446464.1_6375	3498	3299	0.0682008	0.00580662
lcl|NC_052666.1_trna_6376	76	3.6135	0	0
lcl|NC_052666.1_ncrna_XR_005574255.1_6377	336	137	0	0
lcl|NC_052666.1_mrna_XM_039447138.1_6378	1209	1010	0	0
lcl|NC_052666.1_mrna_XM_026139611.2_6379	1011	812	2176	752.694
lcl|NC_052666.1_ncrna_XR_003269098.2_6380	766	567	0	0
lcl|NC_052666.1_mrna_XM_039447232.1_6381	2728	2529	0	0
lcl|NC_052666.1_mrna_XM_039447235.1_6382	2587	2388	2.99987	0.352845
lcl|NC_052666.1_mrna_XM_039447233.1_6383	2611	2412	0.000132158	1.53897e-05
lcl|NC_052666.1_mrna_XM_011162446.1_6384	768	569	0	0
lcl|NC_052666.1_mrna_XM_039447237.1_6385	2482	2283	0	0
lcl|NC_052666.1_mrna_XM_039447236.1_6386	2839	2640	0	0
lcl|NC_052666.1_mrna_XM_039447234.1_6387	1996	1797	0	0
lcl|NC_052666.1_mrna_XM_039447612.1_6388	4025	3826	0	0
lcl|NC_052666.1_mrna_XM_039447613.1_6389	1197	998	0	0
lcl|NC_052666.1_mrna_XM_039446766.1_6390	2351	2152	3.43838	0.448773
lcl|NC_052666.1_mrna_XM_039446765.1_6391	2300	2101	10.9641	1.46576
lcl|NC_052666.1_mrna_XM_039446767.1_6392	1285	1086	107.95	27.9194
lcl|NC_052666.1_mrna_XM_039446764.1_6393	1487	1288	0	0
lcl|NC_052666.1_mrna_XM_039446763.1_6394	1830	1631	0	0
lcl|NC_052666.1_mrna_XM_039446761.1_6395	1944	1745	2.64795	0.426217
lcl|NC_052666.1_mrna_XM_026142109.2_6396	3816	3617	0	0
lcl|NC_052666.1_mrna_XM_026138033.2_6397	935	736	0	0
lcl|NC_052666.1_mrna_XM_026138032.2_6398	2897	2698	2	0.208211
lcl|NC_052666.1_mrna_XM_026138028.1_6399	1432	1233	0	0
lcl|NC_052666.1_mrna_XM_039447160.1_6400	1076	877	0	0
lcl|NC_052666.1_mrna_XM_026138029.2_6401	1049	850	0	0
lcl|NC_052666.1_mrna_XM_011177955.3_6402	1337	1138	3	0.740448
lcl|NC_052666.1_mrna_XM_026140202.2_6403	4633	4434	0.22632	0.0143365
lcl|NC_052666.1_mrna_XM_039446610.1_6404	4618	4419	6.77368	0.430543
lcl|NC_052666.1_ncrna_XR_005574283.1_6405	1760	1561	1.22768	0.220901
lcl|NC_052666.1_mrna_XM_026140203.2_6406	1270	1071	1.71887	0.450786
lcl|NC_052666.1_ncrna_XR_005574235.1_6407	1483	1284	4	0.875005
lcl|NC_052666.1_mrna_XM_039446389.1_6408	670	471	0	0
lcl|NC_052666.1_mrna_XM_026140422.2_6409	1829	1630	442.335	76.2219
lcl|NC_052666.1_mrna_XM_026140424.2_6410	1544	1345	57.6648	12.0422
lcl|NC_052666.1_mrna_XM_026140423.2_6411	2117	1918	0	0
lcl|NC_052666.1_mrna_XM_039446388.1_6412	2445	2246	0	0
lcl|NC_052666.1_mrna_XM_026140429.2_6413	1194	995	974.987	275.227
lcl|NC_052666.1_mrna_XM_039447615.1_6414	11336	11137	70.0127	1.76573
lcl|NC_052666.1_mrna_XM_039447095.1_6415	953	754	0	0
lcl|NC_052666.1_mrna_XM_039447098.1_6416	892	693	0	0
lcl|NC_052666.1_mrna_XM_039447096.1_6417	994	795	0.882595	0.311824
lcl|NC_052666.1_mrna_XM_039447097.1_6418	922	723	0	0
lcl|NC_052666.1_mrna_XM_039447094.1_6419	1505	1306	3.59646	0.773478
lcl|NC_052666.1_mrna_XM_039447076.1_6420	1948	1749	3.8415	0.616916
lcl|NC_052666.1_ncrna_XR_005574434.1_6421	961	762	0	0
lcl|NC_052666.1_ncrna_XR_005574435.1_6422	862	663	0	0
lcl|NC_052666.1_ncrna_XR_005574392.1_6423	2033	1834	2.36645	0.362422
lcl|NC_052666.1_miscrna_XR_005574390.1_6424	637	438	0	0
lcl|NC_052666.1_ncrna_XR_005574391.1_6425	232	35.2474	0	0
lcl|NC_052666.1_mrna_XM_039447252.1_6426	430	231	0	0
lcl|NC_052666.1_miscrna_XR_005574389.1_6427	466	267	0	0
lcl|NC_052666.1_ncrna_XR_005574393.1_6428	1258	1059	4.66246	1.23662
lcl|NC_052666.1_ncrna_XR_005574419.1_6429	1142	943	1	0.297854
lcl|NC_052666.1_mrna_XM_039447422.1_6430	1575	1376	335.017	68.3855
lcl|NC_052666.1_mrna_XM_039447421.1_6431	1688	1489	1011.43	190.79
lcl|NC_052666.1_mrna_XM_039447416.1_6432	2830	2631	27.6199	2.94861
lcl|NC_052666.1_mrna_XM_039447417.1_6433	2795	2596	348.284	37.6829
lcl|NC_052666.1_mrna_XM_039447419.1_6434	2305	2106	231.11	30.823
lcl|NC_052666.1_mrna_XM_039447418.1_6435	3551	3352	2.98645	0.250246
lcl|NC_052666.1_trna_6436	76	3.6135	0	0
lcl|NC_052666.1_mrna_XM_039446825.1_6437	1404	1205	46.6882	10.8827
lcl|NC_052666.1_miscrna_XR_005574327.1_6438	1097	898	7.26184	2.27136
lcl|NC_052666.1_mrna_XM_039446826.1_6439	784	585	9.4228	4.52418
lcl|NC_052666.1_mrna_XM_026140321.2_6440	6015	5816	0.963203	0.0465167
lcl|NC_052666.1_mrna_XM_026140322.2_6441	5988	5789	102.478	4.97211
lcl|NC_052666.1_mrna_XM_039447684.1_6442	8161	7962	2.19467	0.0774216
lcl|NC_052666.1_mrna_XM_039447685.1_6443	4478	4279	361.365	23.7202
lcl|NC_052666.1_mrna_XM_039447682.1_6444	5841	5642	0	0
lcl|NC_052666.1_mrna_XM_039447683.1_6445	5842	5643	0	0
lcl|NC_052666.1_mrna_XM_011161552.1_6446	402	203	0	0
lcl|NC_052666.1_mrna_XM_011161551.3_6447	609	410	1	0.685065
lcl|NC_052666.1_ncrna_XR_003268974.2_6448	307	108	0	0
lcl|NC_052666.1_mrna_XM_039447069.1_6449	1845	1646	0	0
lcl|NC_052666.1_mrna_XM_039447071.1_6450	1953	1754	4	0.64054
lcl|NC_052666.1_mrna_XM_039447070.1_6451	2031	1832	0	0
lcl|NC_052666.1_mrna_XM_011170578.1_6452	669	470	0	0
lcl|NC_052666.1_mrna_XM_039447676.1_6453	5170	4971	0	0
lcl|NC_052666.1_mrna_XM_039447678.1_6454	5041	4842	54.3182	3.15091
lcl|NC_052666.1_mrna_XM_039447675.1_6455	5173	4974	37.6818	2.12785
lcl|NC_052666.1_mrna_XM_039447677.1_6456	5128	4929	0	0
lcl|NC_052666.1_mrna_XM_039447674.1_6457	5319	5120	0	0
lcl|NC_052666.1_mrna_XM_039447679.1_6458	1714	1515	0	0
lcl|NC_052666.1_mrna_XM_039447680.1_6459	651	452	0	0
lcl|NC_052666.1_ncrna_XR_005574413.1_6460	567	368	0	0
lcl|NC_052666.1_miscrna_XR_005574443.1_6461	3517	3318	0	0
lcl|NC_052666.1_miscrna_XR_005574442.1_6462	3039	2840	0	0
lcl|NC_052666.1_miscrna_XR_003269457.1_6463	2141	1942	23.3416	3.37596
lcl|NC_052666.1_miscrna_XR_003269458.2_6464	5451	5252	20.5491	1.09897
lcl|NC_052666.1_mrna_XM_026140867.2_6465	3660	3461	10.1631	0.824785
lcl|NC_052666.1_trna_6466	76	3.6135	0	0
lcl|NC_052666.1_mrna_XM_039447618.1_6467	1245	1046	1	0.268525
lcl|NC_052666.1_mrna_XM_026140868.2_6468	1541	1342	390	81.6259
lcl|NC_052666.1_ncrna_XR_005574444.1_6469	2155	1956	0	0
lcl|NC_052666.1_mrna_XM_039447619.1_6470	3663	3464	0	0
lcl|NC_052666.1_mrna_XM_039446883.1_6471	2433	2234	2.00785	0.252443
lcl|NC_052666.1_mrna_XM_026141377.2_6472	4196	3997	124.57	8.7538
lcl|NC_052666.1_mrna_XM_026141376.2_6473	4292	4093	204.43	14.0287
lcl|NC_052666.1_mrna_XM_039446468.1_6474	4198	3999	4.69669e-06	3.2988e-07
lcl|NC_052666.1_mrna_XM_026141379.2_6475	642	443	0	0
lcl|NC_052666.1_ncrna_XR_005574256.1_6476	1616	1417	1.59178	0.315522
lcl|NC_052666.1_mrna_XM_039446602.1_6477	1837	1638	137	23.4921
lcl|NC_052666.1_mrna_XM_039446603.1_6478	1085	886	3.32401	1.05376
lcl|NC_052666.1_mrna_XM_026132945.2_6479	849	650	26.0247	11.2457
lcl|NC_052666.1_ncrna_XR_003269553.2_6480	786	587	19.1154	9.14664
lcl|NC_052666.1_mrna_XM_026141440.2_6481	2685	2486	1600	180.773
lcl|NC_052666.1_ncrna_XR_003268215.2_6482	2520	2321	5	0.605077
lcl|NC_052666.1_mrna_XM_039446776.1_6483	1311	1112	0	0
lcl|NC_052666.1_mrna_XM_011172812.2_6484	2262	2063	0	0
lcl|NC_052666.1_mrna_XM_026142204.2_6485	4250	4051	145.317	10.0756
lcl|NC_052666.1_ncrna_XR_005574295.1_6486	1091	892	5	1.57442
lcl|NC_052666.1_mrna_XM_011163069.3_6487	2683	2484	80	9.04595
lcl|NC_052666.1_mrna_XM_011177963.3_6488	1991	1792	226.405	35.4865
lcl|NC_052666.1_ncrna_XR_005574294.1_6489	1321	1122	11.5954	2.90274
lcl|NC_052666.1_ncrna_XR_005574333.1_6490	535	336	1.57422	1.31596
lcl|NC_052666.1_mrna_XM_039446864.1_6491	1585	1386	0	0
lcl|NC_052666.1_mrna_XM_039446865.1_6492	1483	1284	0.00476655	0.00104269
lcl|NC_052666.1_mrna_XM_039446867.1_6493	1399	1200	7.05696	1.65178
lcl|NC_052666.1_mrna_XM_039446863.1_6494	1162	963	0	0
lcl|NC_052666.1_mrna_XM_039446866.1_6495	1078	879	0	0
lcl|NC_052666.1_mrna_XM_039446868.1_6496	985	786	9.31308	3.32803
lcl|NC_052666.1_ncrna_XR_005574350.1_6497	239	41.1625	0.64527	4.40307
lcl|NC_052666.1_mrna_XM_026139786.2_6498	4008	3809	569.5	41.9951
lcl|NC_052666.1_mrna_XM_026140157.2_6499	4005	3806	86.8612	6.41022
lcl|NC_052666.1_mrna_XM_039446443.1_6500	3555	3356	771.638	64.5814
lcl|NC_052666.1_mrna_XM_011174795.3_6501	1618	1419	0	0
lcl|NC_052666.1_mrna_XM_011174796.3_6502	1591	1392	51.5451	10.4007
lcl|NC_052666.1_mrna_XM_026141705.2_6503	1721	1522	132.07	24.3728
lcl|NC_052666.1_mrna_XM_011174797.3_6504	2041	1842	601.385	91.7019
lcl|NC_052666.1_mrna_XM_011174798.3_6505	567	368	863	658.686
lcl|NC_052666.1_mrna_XM_026139249.2_6506	6619	6420	300	13.1251
lcl|NC_052666.1_mrna_XM_026134843.2_6507	1066	867	0	0
lcl|NC_052666.1_mrna_XM_039447139.1_6508	897	698	2	0.804804
lcl|NC_052666.1_mrna_XM_011164614.3_6509	981	782	665.508	239.035
lcl|NC_052666.1_mrna_XM_039446881.1_6510	1150	951	0	0
lcl|NC_052666.1_mrna_XM_039447689.1_6511	7328	7129	0	0
lcl|NC_052666.1_mrna_XM_011164612.3_6512	7086	6887	136.225	5.55576
lcl|NC_052666.1_mrna_XM_026141194.2_6513	7081	6882	2.32529e-08	9.49025e-10
lcl|NC_052666.1_mrna_XM_011164611.3_6514	964	765	2.7748	1.01879
lcl|NC_052666.1_mrna_XM_039447690.1_6515	5222	5023	41.8469	2.34
lcl|NC_052666.1_mrna_XM_039447691.1_6516	5102	4903	16.3688	0.937717
lcl|NC_052666.1_mrna_XM_011164609.3_6517	4088	3889	188.201	13.5925
lcl|NC_052666.1_mrna_XM_039447692.1_6518	4703	4504	8.58543e-05	5.35401e-06
lcl|NC_052666.1_mrna_XM_011164602.3_6519	4447	4248	140.1	9.26337
lcl|NC_052666.1_mrna_XM_026141199.2_6520	4584	4385	85.8899	5.50159
lcl|NC_052666.1_mrna_XM_011164601.3_6521	4740	4541	136.593	8.44877
lcl|NC_052666.1_mrna_XM_026141195.2_6522	7711	7512	0.767169	0.0286848
lcl|NC_052666.1_mrna_XM_026141197.2_6523	7543	7344	39.4013	1.50693
lcl|NC_052666.1_mrna_XM_026141196.2_6524	7708	7509	225.832	8.4473
lcl|NC_052666.1_mrna_XM_039446614.1_6525	2074	1875	0.305965	0.0458339
lcl|NC_052666.1_mrna_XM_039446619.1_6526	1942	1743	0	0
lcl|NC_052666.1_mrna_XM_039446617.1_6527	2033	1834	67.5072	10.3387
lcl|NC_052666.1_mrna_XM_039446615.1_6528	2046	1847	194.417	29.5653
lcl|NC_052666.1_mrna_XM_011160242.3_6529	2042	1843	399.528	60.8888
lcl|NC_052666.1_mrna_XM_039446616.1_6530	2015	1816	63.6527	9.84503
lcl|NC_052666.1_mrna_XM_039446618.1_6531	1923	1724	0	0
lcl|NC_052666.1_mrna_XM_011160244.3_6532	1540	1341	260.257	54.5116
lcl|NC_052666.1_mrna_XM_011160240.3_6533	1738	1539	907.418	165.609
lcl|NC_052666.1_mrna_XM_026133909.2_6534	1735	1536	59.9149	10.9562
lcl|NC_052666.1_mrna_XM_039447621.1_6535	786	587	0	0
lcl|NC_052666.1_miscrna_XR_005574365.1_6536	1728	1529	4.30173	0.790226
lcl|NC_052666.1_miscrna_XR_005574364.1_6537	3160	2961	0	0
lcl|NC_052666.1_mrna_XM_026141613.2_6538	3047	2848	17.2806	1.70426
lcl|NC_052666.1_ncrna_XR_005574330.1_6539	720	521	0.493561	0.266084
lcl|NC_052666.1_ncrna_XR_005574329.1_6540	672	473	0	0
lcl|NC_052666.1_mrna_XM_011171414.1_6541	807	608	0	0
lcl|NC_052666.1_mrna_XM_039446804.1_6542	1464	1265	0	0
lcl|NC_052666.1_mrna_XM_039446805.1_6543	984	785	2.6022e-06	9.3108e-07
lcl|NC_052666.1_mrna_XM_039446872.1_6544	5326	5127	14	0.766974
lcl|NC_052666.1_mrna_XM_039447622.1_6545	704	505	0	0
lcl|NC_052666.1_mrna_XM_011171423.3_6546	2218	2019	19.263	2.67981
lcl|NC_052666.1_mrna_XM_011171424.3_6547	2345	2146	490.547	64.2047
lcl|NC_052666.1_mrna_XM_011171426.3_6548	16888	16689	106	1.78399
lcl|NC_052666.1_mrna_XM_011171427.3_6549	3169	2970	36.5022	3.45206
lcl|NC_052666.1_mrna_XM_011171429.3_6550	3108	2909	2.18559e-05	2.11028e-06
lcl|NC_052666.1_mrna_XM_011171428.3_6551	3144	2945	104.498	9.96638
lcl|NC_052666.1_mrna_XM_011171430.3_6552	598	399	327	230.192
lcl|NC_052666.1_mrna_XM_026135804.2_6553	3876	3677	13	0.993037
lcl|NC_052666.1_ncrna_XR_005574454.1_6554	11531	11332	2	0.0495723
lcl|NC_052666.1_mrna_XM_011171431.3_6555	1024	825	357	121.543
lcl|NC_052666.1_mrna_XM_011171434.3_6556	6302	6103	1047.21	48.1954
lcl|NC_052666.1_mrna_XM_011171436.3_6557	6220	6021	259.141	12.0888
lcl|NC_052666.1_mrna_XM_011171435.3_6558	6097	5898	1.72463	0.082131
lcl|NC_052666.1_mrna_XM_039447699.1_6559	6289	6090	32.8923	1.51702
lcl|NC_052666.1_mrna_XM_039447698.1_6560	4027	3828	0	0
lcl|NC_052666.1_mrna_XM_039447696.1_6561	4265	4066	0	0
lcl|NC_052666.1_mrna_XM_039447697.1_6562	4294	4095	10.033	0.688165
lcl|NC_052666.1_mrna_XM_011171438.3_6563	1640	1441	0	0
lcl|NC_052666.1_mrna_XM_039447700.1_6564	1570	1371	1.62265e-05	3.32431e-06
lcl|NC_052666.1_mrna_XM_011171439.3_6565	1651	1452	15	2.90162
lcl|NC_052666.1_mrna_XM_011171440.3_6566	1661	1462	141.954	27.2719
lcl|NC_052666.1_mrna_XM_026135811.2_6567	1546	1347	545.046	113.653
lcl|NC_052666.1_mrna_XM_011171471.3_6568	1078	879	2	0.639082
lcl|NC_052666.1_mrna_XM_039447151.1_6569	7791	7592	16.8711	0.62417
lcl|NC_052666.1_mrna_XM_026135813.2_6570	6441	6242	5.12889	0.230789
lcl|NC_052666.1_mrna_XM_026135812.2_6571	7329	7130	0	0
lcl|NC_052666.1_mrna_XM_039447152.1_6572	871	672	0	0
lcl|NC_052666.1_mrna_XM_026135797.2_6573	6559	6360	4.01858	0.177472
lcl|NC_052666.1_mrna_XM_039447157.1_6574	6556	6357	6.45047	0.285006
lcl|NC_052666.1_mrna_XM_026135798.2_6575	6120	5921	4.2756	0.202823
lcl|NC_052666.1_mrna_XM_011171446.3_6576	6546	6347	0	0
lcl|NC_052666.1_mrna_XM_011171447.3_6577	6539	6340	0	0
lcl|NC_052666.1_mrna_XM_011171444.3_6578	6535	6336	0	0
lcl|NC_052666.1_mrna_XM_011171450.3_6579	3205	3006	202.515	18.9227
lcl|NC_052666.1_mrna_XM_039447155.1_6580	2954	2755	266.405	27.1605
lcl|NC_052666.1_mrna_XM_039447153.1_6581	3329	3130	0	0
lcl|NC_052666.1_mrna_XM_039447154.1_6582	3371	3172	7.07998	0.626923
lcl|NC_052666.1_mrna_XM_026135799.2_6583	7971	7772	1.25535	0.0453679
lcl|NC_052666.1_ncrna_XR_005574426.1_6584	21667	21468	26.0297	0.34056
lcl|NC_052666.1_ncrna_XR_005574425.1_6585	24575	24376	13.1107	0.15107
lcl|NC_052666.1_mrna_XM_039447427.1_6586	5832	5633	0	0
lcl|NC_052666.1_mrna_XM_039447424.1_6587	9572	9373	0	0
lcl|NC_052666.1_mrna_XM_039447426.1_6588	8602	8403	0	0
lcl|NC_052666.1_mrna_XM_039447423.1_6589	8339	8140	0	0
lcl|NC_052666.1_mrna_XM_011171443.3_6590	2034	1835	141	21.5824
lcl|NC_052666.1_mrna_XM_011171442.3_6591	2650	2451	412	47.2139
lcl|NC_052666.1_mrna_XM_011171453.3_6592	2152	1953	553.986	79.6731
lcl|NC_052666.1_mrna_XM_011171455.3_6593	1892	1693	244.791	40.612
lcl|NC_052666.1_mrna_XM_011171454.3_6594	2077	1878	410.305	61.3659
lcl|NC_052666.1_mrna_XM_011171451.3_6595	3460	3261	399.918	34.4458
lcl|NC_052666.1_mrna_XM_011171456.3_6596	600	401	1145	802.005
lcl|NC_052666.1_mrna_XM_011171457.3_6597	4772	4573	85	5.22076
lcl|NC_052666.1_mrna_XM_011171474.3_6598	2539	2340	0	0
lcl|NC_052666.1_mrna_XM_011171459.3_6599	2033	1834	0	0
lcl|NC_052666.1_mrna_XM_026135807.2_6600	1643	1444	11	2.13964
lcl|NC_052666.1_mrna_XM_011171462.3_6601	4232	4033	100.098	6.97129
lcl|NC_052666.1_mrna_XM_011171461.3_6602	8467	8268	262.057	8.90248
lcl|NC_052666.1_mrna_XM_011171463.3_6603	4080	3881	57.4207	4.15567
lcl|NC_052666.1_mrna_XM_026135801.2_6604	5212	5013	32.3178	1.81076
lcl|NC_052666.1_mrna_XM_011171464.3_6605	5103	4904	212.682	12.1814
lcl|NC_052666.1_mrna_XM_011171466.3_6606	1827	1628	1556.75	268.585
lcl|NC_052666.1_mrna_XM_011171465.3_6607	2250	2051	1237.85	169.518
lcl|NC_052666.1_mrna_XM_011171467.3_6608	1797	1598	6272.4	1102.48
lcl|NC_052666.1_mrna_XM_039447331.1_6609	4576	4377	78.1502	5.01498
lcl|NC_052666.1_mrna_XM_011177004.3_6610	1163	964	520.85	151.758
lcl|NC_052666.1_mrna_XM_039447332.1_6611	2468	2269	169	20.9203
lcl|NC_052666.1_mrna_XM_011164047.3_6612	5629	5430	0.000319365	1.65197e-05
lcl|NC_052666.1_mrna_XM_011164025.3_6613	5623	5424	176	9.11398
lcl|NC_052666.1_mrna_XM_011164056.3_6614	6777	6578	8.7127	0.372027
lcl|NC_052666.1_mrna_XM_011164063.3_6615	7510	7311	90.2556	3.46747
lcl|NC_052666.1_mrna_XM_026140914.2_6616	6573	6374	0	0
lcl|NC_052666.1_mrna_XM_011164086.3_6617	8738	8539	0	0
lcl|NC_052666.1_mrna_XM_011164077.3_6618	8126	7927	0	0
lcl|NC_052666.1_mrna_XM_011164082.3_6619	6891	6692	0	0
lcl|NC_052666.1_mrna_XM_026140916.2_6620	6592	6393	0	0
lcl|NC_052666.1_mrna_XM_011164071.3_6621	7327	7128	7.81069	0.307778
lcl|NC_052666.1_ncrna_XR_005574408.1_6622	2119	1920	5.24014	0.766581
lcl|NC_052666.1_mrna_XM_026140915.2_6623	4140	3941	34.0335	2.42558
lcl|NC_052666.1_mrna_XM_011164112.3_6624	3162	2963	159.547	15.1242
lcl|NC_052666.1_mrna_XM_011164099.3_6625	3210	3011	5.88331	0.548815
lcl|NC_052666.1_mrna_XM_011164105.3_6626	3200	3001	62.5698	5.85618
lcl|NC_052666.1_ncrna_XR_005574334.1_6627	955	756	5	1.85765
lcl|NC_052666.1_mrna_XM_039447623.1_6628	1146	947	0	0
lcl|NC_052666.1_mrna_XM_039447625.1_6629	1863	1664	0	0
lcl|NC_052666.1_mrna_XM_039447626.1_6630	469	270	0	0
lcl|NC_052666.1_ncrna_XR_003268270.2_6631	256	57.1478	0	0
lcl|NC_052666.1_mrna_XM_039447224.1_6632	3218	3019	1452.52	135.137
lcl|NC_052666.1_mrna_XM_011174607.3_6633	3158	2959	415.483	39.4388
lcl|NC_052666.1_mrna_XM_011174635.3_6634	5802	5603	94	4.71219
lcl|NC_052666.1_mrna_XM_011174617.3_6635	10985	10786	61	1.58849
lcl|NC_052666.1_mrna_XM_039447222.1_6636	8907	8708	0	0
lcl|NC_052666.1_mrna_XM_011174642.2_6637	1484	1285	1073	234.538
lcl|NC_052666.1_ncrna_XR_005574386.1_6638	542	343	28	22.9287
lcl|NC_052666.1_mrna_XM_011174651.3_6639	1840	1641	1157.15	198.06
lcl|NC_052666.1_mrna_XM_011174660.3_6640	1902	1703	453.85	74.8538
lcl|NC_052666.1_mrna_XM_011174671.3_6641	2538	2339	1448	173.882
lcl|NC_052666.1_mrna_XM_011174684.3_6642	3572	3373	810	67.4504
lcl|NC_052666.1_mrna_XM_011174689.3_6643	4824	4625	273	16.5793
lcl|NC_052666.1_mrna_XM_011174706.3_6644	1965	1766	462.936	73.6285
lcl|NC_052666.1_miscrna_XR_005574421.1_6645	3013	2814	2.06418	0.206034
lcl|NC_052666.1_mrna_XM_026139229.2_6646	8027	7828	35.7382	1.28232
lcl|NC_052666.1_mrna_XM_026139230.2_6647	7589	7390	4.26184	0.161983
lcl|NC_052666.1_mrna_XM_011174732.3_6648	4636	4437	14	0.886246
lcl|NC_052666.1_mrna_XM_011174725.3_6649	4717	4518	1.844e-07	1.14638e-08
lcl|NC_052666.1_mrna_XM_039447384.1_6650	2365	2166	65.1035	8.44231
lcl|NC_052666.1_mrna_XM_011174765.3_6651	2117	1918	38.3264	5.61261
lcl|NC_052666.1_mrna_XM_026139231.2_6652	2290	2091	0	0
lcl|NC_052666.1_mrna_XM_026139233.2_6653	1583	1384	17.5702	3.56579
lcl|NC_052666.1_mrna_XM_039447383.1_6654	1559	1360	0	0
lcl|NC_052666.1_mrna_XM_026139232.2_6655	1593	1394	0	0
lcl|NC_052666.1_mrna_XM_011174740.3_6656	3553	3354	497	41.6207
lcl|NC_052666.1_mrna_XM_026139234.2_6657	4061	3862	0	0
lcl|NC_052666.1_mrna_XM_039447627.1_6658	1631	1432	42.5475	8.3454
lcl|NC_052666.1_mrna_XM_011157342.3_6659	1370	1171	152.126	36.4891
lcl|NC_052666.1_mrna_XM_011157344.3_6660	1349	1150	82.1501	20.0644
lcl|NC_052666.1_mrna_XM_011157343.3_6661	1420	1221	221.545	50.9639
lcl|NC_052666.1_ncrna_XR_005574312.1_6662	749	550	4.62845	2.36368
lcl|NC_052666.1_ncrna_XR_850568.3_6663	2202	2003	6.37155	0.89347
lcl|NC_052666.1_mrna_XM_039446760.1_6664	2075	1876	23.0935	3.45758
lcl|NC_052666.1_mrna_XM_039446480.1_6665	2159	1960	12.3356	1.76774
lcl|NC_052666.1_mrna_XM_026139029.2_6666	3226	3027	2.78635	0.258546
lcl|NC_052666.1_mrna_XM_011157348.3_6667	3269	3070	0	0
lcl|NC_052666.1_mrna_XM_011157347.3_6668	3281	3082	0	0
lcl|NC_052666.1_mrna_XM_039446481.1_6669	2504	2305	0	0
lcl|NC_052666.1_mrna_XM_039446482.1_6670	2433	2234	0	0
lcl|NC_052666.1_miscrna_XR_850571.3_6671	2299	2100	0	0
lcl|NC_052666.1_miscrna_XR_850570.3_6672	2415	2216	0	0
lcl|NC_052666.1_miscrna_XR_850569.3_6673	2378	2179	87.5598	11.2866
lcl|NC_052666.1_mrna_XM_011157346.3_6674	2494	2295	130.318	15.9492
lcl|NC_052666.1_mrna_XM_011157350.3_6675	1064	865	1128	366.276
lcl|NC_052666.1_mrna_XM_039446483.1_6676	2084	1885	0	0
lcl|NC_052666.1_mrna_XM_026139030.2_6677	6148	5949	0	0
lcl|NC_052666.1_mrna_XM_011157352.3_6678	6023	5824	2	0.0964549
lcl|NC_052666.1_mrna_XM_011157353.3_6679	2325	2126	236	31.1792
lcl|NC_052666.1_mrna_XM_011157356.3_6680	1230	1031	581	158.283
lcl|NC_052666.1_mrna_XM_026139019.2_6681	2091	1892	607.404	90.1722
lcl|NC_052666.1_mrna_XM_026139018.2_6682	2423	2224	0	0
lcl|NC_052666.1_mrna_XM_026139020.2_6683	2409	2210	499.596	63.4954
lcl|NC_052666.1_mrna_XM_026139023.2_6684	4202	4003	502.325	35.2464
lcl|NC_052666.1_mrna_XM_026139022.2_6685	2512	2313	0	0
lcl|NC_052666.1_mrna_XM_011157358.3_6686	2427	2228	5	0.630334
lcl|NC_052666.1_mrna_XM_039447005.1_6687	4174	3975	2.67479	0.189003
lcl|NC_052666.1_mrna_XM_039447004.1_6688	4246	4047	0	0
lcl|NC_052666.1_mrna_XM_011157360.3_6689	1428	1229	1749.82	399.906
lcl|NC_052666.1_mrna_XM_011157359.3_6690	5784	5585	160.178	8.05554
lcl|NC_052666.1_mrna_XM_011157364.3_6691	1644	1445	2146	417.136
lcl|NC_052666.1_ncrna_XR_005574352.1_6692	301	102	0	0
lcl|NC_052666.1_mrna_XM_011157362.3_6693	1354	1155	0	0
lcl|NC_052666.1_mrna_XM_011157361.3_6694	1647	1448	0	0
lcl|NC_052666.1_miscrna_XR_005574351.1_6695	1532	1333	4	0.842841
lcl|NC_052666.1_mrna_XM_011157367.3_6696	5244	5045	133.283	7.42042
lcl|NC_052666.1_mrna_XM_011157366.3_6697	5295	5096	148.473	8.1834
lcl|NC_052666.1_mrna_XM_039447000.1_6698	5126	4927	0	0
lcl|NC_052666.1_mrna_XM_011157365.3_6699	1308	1109	135.244	34.2534
lcl|NC_052666.1_mrna_XM_011157368.3_6700	1173	974	357	102.95
lcl|NC_052666.1_mrna_XM_026139025.2_6701	2467	2268	12	1.48612
lcl|NC_052666.1_mrna_XM_026139027.2_6702	2813	2614	292.412	31.4199
lcl|NC_052666.1_mrna_XM_039447001.1_6703	2800	2601	0	0
lcl|NC_052666.1_mrna_XM_026139028.2_6704	2784	2585	256.497	27.8701
lcl|NC_052666.1_mrna_XM_026139026.2_6705	2803	2604	527.476	56.8955
lcl|NC_052666.1_mrna_XM_011167113.3_6706	1568	1369	244.274	50.1174
lcl|NC_052666.1_mrna_XM_011167111.3_6707	1504	1305	64.1542	13.808
lcl|NC_052666.1_mrna_XM_011167112.3_6708	1630	1431	48.8924	9.59661
lcl|NC_052666.1_mrna_XM_039447002.1_6709	2402	2203	1048.29	133.655
lcl|NC_052666.1_mrna_XM_011167110.3_6710	1573	1374	139.441	28.5049
lcl|NC_052666.1_mrna_XM_011157371.2_6711	2336	2137	717.836	94.3488
lcl|NC_052666.1_mrna_XM_011157372.3_6712	2191	1992	18.2004	2.5663
lcl|NC_052666.1_mrna_XM_039446683.1_6713	2352	2153	41.7996	5.45311
lcl|NC_052666.1_mrna_XM_011157374.3_6714	913	714	516	202.987
lcl|NC_052666.1_mrna_XM_011157373.1_6715	739	540	237	123.274
lcl|NC_052666.1_mrna_XM_011157375.3_6716	1029	830	3327	1125.88
lcl|NC_052666.1_ncrna_XR_005574291.1_6717	511	312	8.19653	7.37889
lcl|NC_052666.1_mrna_XM_039447628.1_6718	1152	953	0	0
lcl|NC_052666.1_mrna_XM_039446646.1_6719	2202	2003	194.01	27.2057
lcl|NC_052666.1_mrna_XM_039446645.1_6720	2191	1992	420.34	59.269
lcl|NC_052666.1_mrna_XM_039446647.1_6721	1749	1550	558.649	101.233
lcl|NC_052666.1_mrna_XM_039446631.1_6722	5157	4958	0	0
lcl|NC_052666.1_mrna_XM_039446632.1_6723	5144	4945	21.8289	1.23989
lcl|NC_052666.1_mrna_XM_011159511.3_6724	5213	5014	0	0
lcl|NC_052666.1_mrna_XM_039446640.1_6725	4801	4602	384.176	23.4476
lcl|NC_052666.1_mrna_XM_039446633.1_6726	4924	4725	10.7765	0.640604
lcl|NC_052666.1_mrna_XM_039446637.1_6727	4912	4713	0	0
lcl|NC_052666.1_mrna_XM_039446635.1_6728	4914	4715	44.0185	2.62222
lcl|NC_052666.1_mrna_XM_039446636.1_6729	4896	4697	0	0
lcl|NC_052666.1_mrna_XM_039446634.1_6730	4903	4704	21.5286	1.28548
lcl|NC_052666.1_mrna_XM_039446639.1_6731	5169	4970	26.0063	1.46973
lcl|NC_052666.1_mrna_XM_039446638.1_6732	4782	4583	23.8096	1.45921
lcl|NC_052666.1_mrna_XM_039446643.1_6733	4344	4145	0	0
lcl|NC_052666.1_mrna_XM_039446641.1_6734	4040	3841	10.8526	0.793609
lcl|NC_052666.1_mrna_XM_039446642.1_6735	3916	3717	0.00315186	0.000238172
lcl|NC_052666.1_mrna_XM_011159504.3_6736	1653	1454	889.693	171.867
lcl|NC_052666.1_ncrna_XR_005574287.1_6737	795	596	5.15922	2.43139
lcl|NC_052666.1_mrna_XM_011159502.3_6738	2024	1825	1306.15	201.023
lcl|NC_052666.1_mrna_XM_011159501.3_6739	2765	2566	2927	320.392
lcl|NC_052666.1_mrna_XM_011159500.3_6740	1629	1430	481	94.4767
lcl|NC_052666.1_miscrna_XR_850649.3_6741	1522	1323	1	0.212303
lcl|NC_052666.1_mrna_XM_011159498.3_6742	1404	1205	1	0.233093
lcl|NC_052666.1_miscrna_XR_005574288.1_6743	9921	9722	0	0
lcl|NC_052666.1_mrna_XM_039446653.1_6744	10997	10798	8.24872	0.214565
lcl|NC_052666.1_mrna_XM_039446651.1_6745	11349	11150	0	0
lcl|NC_052666.1_mrna_XM_039446649.1_6746	11824	11625	0	0
lcl|NC_052666.1_mrna_XM_039446650.1_6747	11247	11048	0	0
lcl|NC_052666.1_mrna_XM_039446654.1_6748	13391	13192	0	0
lcl|NC_052666.1_mrna_XM_039446648.1_6749	11637	11438	0	0
lcl|NC_052666.1_miscrna_XR_005574289.1_6750	13337	13138	0	0
lcl|NC_052666.1_mrna_XM_039446652.1_6751	13497	13298	0	0
lcl|NC_052666.1_mrna_XM_039446655.1_6752	13305	13106	0	0
lcl|NC_052666.1_mrna_XM_039446656.1_6753	7098	6899	0	0
lcl|NC_052666.1_mrna_XM_026138725.2_6754	1393	1194	0	0
lcl|NC_052666.1_ncrna_XR_005574290.1_6755	2332	2133	24	3.16036
lcl|NC_052666.1_mrna_XM_011159484.3_6756	1344	1145	0	0
lcl|NC_052666.1_mrna_XM_011159485.3_6757	1634	1435	0	0
lcl|NC_052666.1_mrna_XM_011159483.3_6758	2153	1954	0	0
lcl|NC_052666.1_mrna_XM_039446658.1_6759	2136	1937	0	0
lcl|NC_052666.1_mrna_XM_026138724.2_6760	1809	1610	0	0
lcl|NC_052666.1_mrna_XM_011159489.3_6761	1323	1124	258.621	64.6268
lcl|NC_052666.1_mrna_XM_011159488.3_6762	1140	941	223.379	66.6759
lcl|NC_052666.1_mrna_XM_011159490.3_6763	3930	3731	0	0
lcl|NC_052666.1_mrna_XM_026138729.2_6764	3800	3601	0	0
lcl|NC_052666.1_mrna_XM_026138728.2_6765	3918	3719	0	0
lcl|NC_052666.1_mrna_XM_026138730.2_6766	2462	2263	970.026	120.397
lcl|NC_052666.1_mrna_XM_011159493.3_6767	770	571	590.01	290.228
lcl|NC_052666.1_mrna_XM_026138731.2_6768	651	452	51.9641	32.291
lcl|NC_052666.1_mrna_XM_011159494.3_6769	1354	1155	768	186.765
lcl|NC_052666.1_mrna_XM_026138733.2_6770	1357	1158	12	2.91064
lcl|NC_052666.1_mrna_XM_039446827.1_6771	684	485	9.86173	5.71119
lcl|NC_052666.1_mrna_XM_011159481.3_6772	1650	1451	551.834	106.821
lcl|NC_052666.1_mrna_XM_011159482.3_6773	1609	1410	2104.17	419.157
lcl|NC_052666.1_mrna_XM_011159480.3_6774	499	300	149	139.502
lcl|NC_052666.1_miscrna_XR_005574446.1_6775	7492	7293	3.50068e-06	1.34822e-07
lcl|NC_052666.1_miscrna_XR_005574447.1_6776	7474	7275	8.64067e-06	3.33603e-07
lcl|NC_052666.1_miscrna_XR_005574448.1_6777	7369	7170	89.8197	3.51859
lcl|NC_052666.1_miscrna_XR_005574449.1_6778	7351	7152	231.343	9.0854
lcl|NC_052666.1_miscrna_XR_005574450.1_6779	7456	7257	2.53201e-07	9.79994e-09
lcl|NC_052666.1_mrna_XM_011159472.3_6780	2423	2224	0	0
lcl|NC_052666.1_mrna_XM_011159475.3_6781	2300	2101	5.79134	0.774228
lcl|NC_052666.1_mrna_XM_039447695.1_6782	2480	2281	0	0
lcl|NC_052666.1_mrna_XM_011159473.3_6783	2405	2206	0	0
lcl|NC_052666.1_mrna_XM_039447694.1_6784	2282	2083	3.07317e-05	4.14393e-06
lcl|NC_052666.1_ncrna_XR_005574453.1_6785	852	653	0	0
lcl|NC_052666.1_ncrna_XR_005574452.1_6786	1127	928	1.04625	0.316666
lcl|NC_052666.1_ncrna_XR_005574451.1_6787	3380	3181	0	0
lcl|NC_052666.1_mrna_XM_011159471.3_6788	1517	1318	567	120.832
lcl|NC_052666.1_mrna_XM_026138711.2_6789	2515	2316	210.64	25.5458
lcl|NC_052666.1_mrna_XM_011159468.3_6790	2335	2136	137.36	18.0623
lcl|NC_052666.1_mrna_XM_039446452.1_6791	2228	2029	0	0
lcl|NC_052666.1_mrna_XM_011159470.3_6792	2316	2117	167	22.157
lcl|NC_052666.1_mrna_XM_039446451.1_6793	3928	3729	428.432	32.2704
lcl|NC_052666.1_mrna_XM_011159466.3_6794	4044	3845	5.97114	0.436191
lcl|NC_052666.1_mrna_XM_039446450.1_6795	4038	3839	28.5972	2.09229
lcl|NC_052666.1_mrna_XM_011159465.3_6796	6500	6301	124.531	5.55114
lcl|NC_052666.1_mrna_XM_011159464.3_6797	6450	6251	64.4694	2.89681
lcl|NC_052666.1_mrna_XM_011172434.3_6798	751	552	336	170.968
lcl|NC_052666.1_mrna_XM_039446513.1_6799	7912	7713	38.999	1.42019
lcl|NC_052666.1_mrna_XM_039446515.1_6800	7994	7795	0.000964911	3.47686e-05
lcl|NC_052666.1_mrna_XM_039446514.1_6801	8050	7851	7.35026e-07	2.62962e-08
lcl|NC_052666.1_mrna_XM_011172433.3_6802	8106	7907	0	0
lcl|NC_052666.1_mrna_XM_039446516.1_6803	2053	1854	1982	300.268
lcl|NC_052666.1_miscrna_XR_003269184.2_6804	1879	1680	345.455	57.7561
lcl|NC_052666.1_mrna_XM_011172431.3_6805	1809	1610	0.00664479	0.00115923
lcl|NC_052666.1_mrna_XM_011172430.3_6806	1905	1706	322.54	53.1031
lcl|NC_052666.1_mrna_XM_011172429.3_6807	1909	1710	384.999	63.2381
lcl|NC_052666.1_mrna_XM_011172425.3_6808	3294	3095	445.991	40.4745
lcl|NC_052666.1_mrna_XM_011172422.3_6809	3362	3163	0	0
lcl|NC_052666.1_mrna_XM_011172423.3_6810	3335	3136	655.82	58.7387
lcl|NC_052666.1_mrna_XM_011172426.3_6811	3209	3010	30.0921	2.80803
lcl|NC_052666.1_mrna_XM_011172427.3_6812	3203	3004	222.648	20.8178
lcl|NC_052666.1_mrna_XM_011172428.3_6813	3148	2949	286.449	27.2827
lcl|NC_052666.1_mrna_XM_011172421.3_6814	318	119	680	1605.01
lcl|NC_052666.1_mrna_XM_011172420.3_6815	685	486	381	220.193
lcl|NC_052666.1_mrna_XM_011172418.3_6816	1479	1280	33.442	7.33835
lcl|NC_052666.1_mrna_XM_039446403.1_6817	1475	1276	8.55797	1.8838
lcl|NC_052666.1_mrna_XM_039446404.1_6818	1467	1268	0	0
lcl|NC_052666.1_mrna_XM_011172414.3_6819	3325	3126	417.385	37.5028
lcl|NC_052666.1_mrna_XM_011172415.3_6820	3004	2805	785.052	78.6106
lcl|NC_052666.1_mrna_XM_039446401.1_6821	3474	3275	19.6684	1.68684
lcl|NC_052666.1_mrna_XM_011172416.3_6822	3155	2956	352.895	33.5318
lcl|NC_052666.1_mrna_XM_026138951.2_6823	5234	5035	0	0
lcl|NC_052666.1_mrna_XM_039446399.1_6824	6009	5810	0	0
lcl|NC_052666.1_mrna_XM_039446400.1_6825	5346	5147	0	0
lcl|NC_052666.1_mrna_XM_026138952.2_6826	3618	3419	30	2.46455
lcl|NC_052666.1_mrna_XM_011172410.3_6827	4611	4412	14.7386	0.938287
lcl|NC_052666.1_mrna_XM_011172412.3_6828	4873	4674	35.5475	2.13617
lcl|NC_052666.1_mrna_XM_011172409.3_6829	4967	4768	21.9457	1.29279
lcl|NC_052666.1_mrna_XM_039446402.1_6830	4553	4354	11.7682	0.75917
lcl|NC_052666.1_mrna_XM_026138949.2_6831	1442	1243	70	15.8177
lcl|NC_052666.1_mrna_XM_039447301.1_6832	1942	1743	1193	192.247
lcl|NC_052666.1_mrna_XM_026138950.2_6833	920	721	100	38.9565
lcl|NC_052666.1_mrna_XM_026138947.2_6834	1927	1728	25.4855	4.14253
lcl|NC_052666.1_mrna_XM_039447302.1_6835	2514	2315	0	0
lcl|NC_052666.1_mrna_XM_039447305.1_6836	2553	2354	8.51449	1.01594
lcl|NC_052666.1_mrna_XM_039447303.1_6837	1820	1621	0	0
lcl|NC_052666.1_mrna_XM_039447304.1_6838	1685	1486	0	0
lcl|NC_052666.1_mrna_XM_011172407.3_6839	2237	2038	563	77.5925
lcl|NC_052666.1_mrna_XM_039447298.1_6840	2445	2246	0	0
lcl|NC_052666.1_mrna_XM_026138942.2_6841	2516	2317	0	0
lcl|NC_052666.1_mrna_XM_011172406.3_6842	2430	2231	336.659	42.3844
lcl|NC_052666.1_mrna_XM_011172405.3_6843	2553	2354	27.0832	3.23154
lcl|NC_052666.1_mrna_XM_039447299.1_6844	2302	2103	275.353	36.7761
lcl|NC_052666.1_mrna_XM_039447300.1_6845	2461	2262	0	0
lcl|NC_052666.1_mrna_XM_011172404.3_6846	2527	2328	485.905	58.6252
lcl|NC_052666.1_mrna_XM_011172403.3_6847	7695	7496	157.413	5.89831
lcl|NC_052666.1_mrna_XM_011172402.3_6848	7894	7695	444.587	16.2279
lcl|NC_052666.1_mrna_XM_011172396.3_6849	5598	5399	95.4062	4.9634
lcl|NC_052666.1_mrna_XM_011172401.3_6850	5455	5256	0	0
lcl|NC_052666.1_mrna_XM_011172400.3_6851	5377	5178	230.346	12.4949
lcl|NC_052666.1_mrna_XM_039447309.1_6852	5100	4901	66.2483	3.79669
lcl|NC_052666.1_mrna_XM_039447307.1_6853	1152	953	3.32289e-05	9.79353e-06
lcl|NC_052666.1_mrna_XM_011172395.3_6854	1251	1052	282	75.292
lcl|NC_052666.1_mrna_XM_039447308.1_6855	1096	897	749.548	234.705
lcl|NC_052666.1_mrna_XM_011172394.3_6856	1461	1262	227.452	50.6227
lcl|NC_052666.1_mrna_XM_039447310.1_6857	1205	1006	303.001	84.5983
lcl|NC_052666.1_miscrna_XR_851172.3_6858	4741	4542	808.825	50.0177
lcl|NC_052666.1_miscrna_XR_851173.3_6859	4856	4657	250.072	15.0826
lcl|NC_052666.1_miscrna_XR_003269183.2_6860	5112	4913	21.3215	1.21895
lcl|NC_052666.1_miscrna_XR_851174.3_6861	4797	4598	0	0
lcl|NC_052666.1_miscrna_XR_003269182.2_6862	5245	5046	0	0
lcl|NC_052666.1_miscrna_XR_851171.3_6863	5275	5076	0	0
lcl|NC_052666.1_mrna_XM_026138939.2_6864	4934	4735	0	0
lcl|NC_052666.1_mrna_XM_011172390.3_6865	4902	4703	0	0
lcl|NC_052666.1_mrna_XM_011172391.3_6866	4863	4664	503.781	30.3388
lcl|NC_052666.1_mrna_XM_039447253.1_6867	19480	19281	0.00247687	3.60819e-05
lcl|NC_052666.1_mrna_XM_039447256.1_6868	4784	4585	0.001385	8.4845e-05
lcl|NC_052666.1_mrna_XM_039447254.1_6869	21329	21130	0	0
lcl|NC_052666.1_mrna_XM_039447255.1_6870	20758	20559	71.9986	0.983644
lcl|NC_052666.1_mrna_XM_011172385.3_6871	892	693	918	372.07
lcl|NC_052666.1_ncrna_XR_005574332.1_6872	892	693	24.794	10.0492
lcl|NC_052666.1_mrna_XM_011157524.3_6873	4033	3834	489	35.8239
lcl|NC_052666.1_mrna_XM_011157523.3_6874	1092	893	3692	1161.25
lcl|NC_052666.1_mrna_XM_011157518.3_6875	2091	1892	65	9.64957
lcl|NC_052666.1_mrna_XM_026137384.2_6876	4853	4654	0.00690144	0.000416513
lcl|NC_052666.1_mrna_XM_011157520.3_6877	4830	4631	0.993099	0.0602328
lcl|NC_052666.1_mrna_XM_011157522.3_6878	950	751	1965	734.917
lcl|NC_052666.1_mrna_XM_011157516.3_6879	3918	3719	0.000222975	1.68401e-05
lcl|NC_052666.1_mrna_XM_011157514.3_6880	3890	3691	459	34.9288
lcl|NC_052666.1_mrna_XM_011157517.3_6881	3029	2830	1472	146.096
lcl|NC_052666.1_mrna_XM_011157509.3_6882	1547	1348	441	91.8892
lcl|NC_052666.1_mrna_XM_039446704.1_6883	3878	3679	0	0
lcl|NC_052666.1_mrna_XM_011157513.3_6884	3797	3598	60.3606	4.71203
lcl|NC_052666.1_mrna_XM_039446705.1_6885	3875	3676	18.6394	1.4242
lcl|NC_052666.1_mrna_XM_011157508.3_6886	3662	3463	63.2968	5.13387
lcl|NC_052666.1_mrna_XM_011157507.3_6887	3836	3637	190.733	14.7298
lcl|NC_052666.1_mrna_XM_026137382.2_6888	6066	5867	0.197858	0.00947225
lcl|NC_052666.1_mrna_XM_026137383.2_6889	5891	5692	5.78387	0.28541
lcl|NC_052666.1_ncrna_XR_850576.3_6890	2719	2520	21	2.34064
lcl|NC_052666.1_mrna_XM_011157506.3_6891	820	621	406	183.633
lcl|NC_052666.1_mrna_XM_026137375.2_6892	7655	7456	44.6771	1.68304
lcl|NC_052666.1_mrna_XM_011157505.3_6893	7664	7465	13.3229	0.501287
lcl|NC_052666.1_mrna_XM_026137376.2_6894	6781	6582	0	0
lcl|NC_052666.1_mrna_XM_026137378.2_6895	6752	6553	0	0
lcl|NC_052666.1_mrna_XM_026137377.2_6896	6992	6793	0	0
lcl|NC_052666.1_trna_6897	72	3.52559	0	0
lcl|NC_052666.1_trna_6898	72	3.52559	0	0
lcl|NC_052666.1_trna_6899	72	3.52559	0	0
lcl|NC_052666.1_trna_6900	72	3.52559	0	0
lcl|NC_052666.1_trna_6901	80	3.70659	0	0
lcl|NC_052666.1_trna_6902	72	3.52559	0	0
lcl|NC_052666.1_trna_6903	72	3.52559	0	0
lcl|NC_052666.1_trna_6904	83	3.78007	0	0
lcl|NC_052666.1_miscrna_XR_005574265.1_6905	12142	11943	48	1.12887
lcl|NC_052666.1_mrna_XM_039446486.1_6906	2379	2180	0	0
lcl|NC_052666.1_mrna_XM_011157501.3_6907	1291	1092	0	0
lcl|NC_052666.1_mrna_XM_039446488.1_6908	1121	922	0	0
lcl|NC_052666.1_miscrna_XR_005574263.1_6909	1144	945	0	0
lcl|NC_052666.1_mrna_XM_039446489.1_6910	1508	1309	0	0
lcl|NC_052666.1_mrna_XM_011157499.3_6911	3198	2999	0.000208779	1.95536e-05
lcl|NC_052666.1_mrna_XM_011157500.3_6912	3168	2969	5.00097	0.473107
lcl|NC_052666.1_mrna_XM_011157497.3_6913	7714	7515	1.00203	0.0374512
lcl|NC_052666.1_trna_6914	72	3.52559	0	0
lcl|NC_052666.1_trna_6915	72	3.52559	0	0
lcl|NC_052666.1_trna_6916	72	3.52559	0	0
lcl|NC_052666.1_trna_6917	72	3.52559	0	0
lcl|NC_052666.1_trna_6918	72	3.52559	0	0
lcl|NC_052666.1_trna_6919	72	3.52559	0	0
lcl|NC_052666.1_trna_6920	72	3.52559	0	0
lcl|NC_052666.1_trna_6921	72	3.52559	0	0
lcl|NC_052666.1_trna_6922	72	3.52559	0	0
lcl|NC_052666.1_trna_6923	72	3.52559	0	0
lcl|NC_052666.1_trna_6924	72	3.52559	0	0
lcl|NC_052666.1_trna_6925	72	3.52559	0	0
lcl|NC_052666.1_trna_6926	73	3.5471	0	0
lcl|NC_052666.1_trna_6927	72	3.52559	0	0
lcl|NC_052666.1_ncrna_XR_005574264.1_6928	528	329	2	1.70746
lcl|NC_052666.1_mrna_XM_011157496.3_6929	972	773	0	0
lcl|NC_052666.1_mrna_XM_011162360.3_6930	1310	1111	1271	321.327
lcl|NC_052666.1_mrna_XM_039447629.1_6931	4965	4766	0	0
lcl|NC_052666.1_mrna_XM_011172879.3_6932	2212	2013	465	64.8821
lcl|NC_052666.1_mrna_XM_026139103.2_6933	2110	1911	0	0
lcl|NC_052666.1_mrna_XM_011172880.3_6934	1783	1584	4	0.709285
lcl|NC_052666.1_mrna_XM_011172883.3_6935	5131	4932	0	0
lcl|NC_052666.1_mrna_XM_011172882.3_6936	4903	4704	0.000451921	2.69843e-05
lcl|NC_052666.1_mrna_XM_011172885.3_6937	4851	4652	20.586	1.24293
lcl|NC_052666.1_mrna_XM_011172884.3_6938	4853	4654	20.4136	1.23199
lcl|NC_052666.1_trna_6939	82	3.75521	0	0
lcl|NC_052666.1_mrna_XM_011172886.3_6940	2302	2103	1421	189.789
lcl|NC_052666.1_mrna_XM_011172887.3_6941	2271	2072	150	20.3337
lcl|NC_052666.1_mrna_XM_026139107.2_6942	3129	2930	170.019	16.2984
lcl|NC_052666.1_mrna_XM_011172888.3_6943	3195	2996	143.981	13.4983
lcl|NC_052666.1_mrna_XM_011172890.3_6944	1019	820	43.7714	14.9931
lcl|NC_052666.1_mrna_XM_011172889.3_6945	1020	821	389.229	133.161
lcl|NC_052666.1_mrna_XM_026139106.1_6946	2326	2127	235.366	31.0808
lcl|NC_052666.1_mrna_XM_026139105.1_6947	2399	2200	1230.63	157.117
lcl|NC_052666.1_mrna_XM_011172891.3_6948	747	548	7154	3666.77
lcl|NC_052666.1_mrna_XM_011172910.3_6949	1702	1503	56.4723	10.5534
lcl|NC_052666.1_mrna_XM_011172908.3_6950	1771	1572	131.528	23.5007
lcl|NC_052666.1_mrna_XM_011172909.3_6951	1717	1518	6.11592e-05	1.13163e-05
lcl|NC_052666.1_mrna_XM_011172907.3_6952	567	368	227	173.258
lcl|NC_052666.1_mrna_XM_026139091.2_6953	4124	3925	0	0
lcl|NC_052666.1_mrna_XM_011172895.3_6954	4236	4037	0	0
lcl|NC_052666.1_mrna_XM_039447149.1_6955	4816	4617	0	0
lcl|NC_052666.1_mrna_XM_011172902.3_6956	5019	4820	1.9179	0.111762
lcl|NC_052666.1_mrna_XM_011172892.3_6957	5109	4910	1.67598e-08	9.58744e-10
lcl|NC_052666.1_mrna_XM_039447148.1_6958	5130	4931	0	0
lcl|NC_052666.1_mrna_XM_039447147.1_6959	5220	5021	0	0
lcl|NC_052666.1_mrna_XM_011172901.3_6960	5024	4825	0.677947	0.0394652
lcl|NC_052666.1_mrna_XM_026139088.2_6961	5114	4915	0	0
lcl|NC_052666.1_mrna_XM_011172899.3_6962	5077	4878	1.18164e-05	6.8039e-07
lcl|NC_052666.1_mrna_XM_026139086.2_6963	5167	4968	0	0
lcl|NC_052666.1_mrna_XM_026139090.2_6964	5171	4972	0	0
lcl|NC_052666.1_mrna_XM_039447150.1_6965	5258	5059	0	0
lcl|NC_052666.1_mrna_XM_011172894.3_6966	5261	5062	0	0
lcl|NC_052666.1_mrna_XM_039447144.1_6967	5282	5083	0	0
lcl|NC_052666.1_mrna_XM_039447145.1_6968	3073	2874	0	0
lcl|NC_052666.1_mrna_XM_039447143.1_6969	3163	2964	11.6215	1.10129
lcl|NC_052666.1_mrna_XM_039447146.1_6970	3600	3401	7.7826	0.642738
lcl|NC_052666.1_mrna_XM_011172912.3_6971	4682	4483	13.7335	0.860453
lcl|NC_052666.1_mrna_XM_011172917.3_6972	4219	4020	0	0
lcl|NC_052666.1_mrna_XM_039447141.1_6973	3913	3714	92.1836	6.97152
lcl|NC_052666.1_mrna_XM_011172914.3_6974	3633	3434	0	0
lcl|NC_052666.1_mrna_XM_011172915.3_6975	2317	2118	3.08295	0.408843
lcl|NC_052666.1_mrna_XM_026139101.2_6976	7704	7505	0	0
lcl|NC_052666.1_mrna_XM_026139102.2_6977	7685	7486	0	0
lcl|NC_052666.1_mrna_XM_011172920.3_6978	6690	6491	115.291	4.98882
lcl|NC_052666.1_mrna_XM_039447140.1_6979	6841	6642	1.10808e-08	4.68583e-10
lcl|NC_052666.1_mrna_XM_011172918.3_6980	8689	8490	29.7299	0.98356
lcl|NC_052666.1_mrna_XM_011172921.3_6981	1653	1454	0	0
lcl|NC_052666.1_mrna_XM_011172922.3_6982	3610	3411	50.4232	4.15207
lcl|NC_052666.1_mrna_XM_039447142.1_6983	2157	1958	11.5597	1.65825
lcl|NC_052666.1_mrna_XM_026139097.2_6984	3794	3595	6.01708	0.470113
lcl|NC_052666.1_mrna_XM_026139096.2_6985	3967	3768	0	0
lcl|NC_052666.1_mrna_XM_026139098.2_6986	3931	3732	0	0
lcl|NC_052666.1_miscrna_XR_005574380.1_6987	4353	4154	237.645	16.0686
lcl|NC_052666.1_miscrna_XR_005574381.1_6988	4365	4166	13.1643	0.887553
lcl|NC_052666.1_mrna_XM_026139094.2_6989	1813	1614	3.19022	0.555179
lcl|NC_052666.1_mrna_XM_011172925.3_6990	3365	3166	1264.48	112.181
lcl|NC_052666.1_mrna_XM_039447631.1_6991	1630	1431	35.3212	6.93285
lcl|NC_052666.1_ncrna_XR_005574328.1_6992	707	508	1	0.552907
lcl|NC_052666.1_mrna_XM_011173261.3_6993	2282	2083	172.007	23.1938
lcl|NC_052666.1_mrna_XM_026133387.2_6994	1830	1631	0	0
lcl|NC_052666.1_mrna_XM_026133390.2_6995	1858	1659	0	0
lcl|NC_052666.1_mrna_XM_026133383.2_6996	1863	1664	0	0
lcl|NC_052666.1_mrna_XM_026134907.2_6997	1322	1123	235.022	58.782
lcl|NC_052666.1_mrna_XM_011162734.3_6998	1288	1089	139.978	36.1034
lcl|NC_052666.1_mrna_XM_011162732.3_6999	17250	17051	18.6832	0.307764
lcl|NC_052666.1_mrna_XM_011162733.3_7000	17216	17017	138.327	2.28318
lcl|NC_052666.1_mrna_XM_011162735.3_7001	2528	2329	5250.77	633.242
lcl|NC_052666.1_mrna_XM_039446508.1_7002	2928	2729	1242.23	127.854
lcl|NC_052666.1_mrna_XM_026134892.2_7003	1907	1708	199.627	32.8282
lcl|NC_052666.1_mrna_XM_039446509.1_7004	2488	2289	82.5526	10.1298
lcl|NC_052666.1_mrna_XM_039446510.1_7005	2644	2445	42.2924	4.85847
lcl|NC_052666.1_mrna_XM_011162739.3_7006	2372	2173	99.5281	12.8648
lcl|NC_052666.1_mrna_XM_039446511.1_7007	2192	1993	0	0
lcl|NC_052666.1_mrna_XM_011162738.3_7008	790	591	249	118.339
lcl|NC_052666.1_mrna_XM_026134893.2_7009	4477	4278	97.4144	6.39584
lcl|NC_052666.1_mrna_XM_026134894.2_7010	4558	4359	424.586	27.3586
lcl|NC_052666.1_mrna_XM_011162742.3_7011	621	422	433	288.198
lcl|NC_052666.1_mrna_XM_011162741.3_7012	1811	1612	1596	278.089
lcl|NC_052666.1_mrna_XM_026134880.2_7013	1679	1480	840	159.417
lcl|NC_052666.1_mrna_XM_011162744.3_7014	11270	11071	0	0
lcl|NC_052666.1_mrna_XM_026134887.2_7015	10109	9910	52.1742	1.47876
lcl|NC_052666.1_mrna_XM_026134886.2_7016	10212	10013	68.3619	1.91763
lcl|NC_052666.1_mrna_XM_026134885.2_7017	11348	11149	218.464	5.50376
lcl|NC_052666.1_ncrna_XR_005574280.1_7018	2722	2523	0	0
lcl|NC_052666.1_mrna_XM_011162743.3_7019	1699	1500	269	50.3706
lcl|NC_052666.1_ncrna_XR_005574279.1_7020	26466	26267	14.0081	0.149791
lcl|NC_052666.1_mrna_XM_011162746.3_7021	851	652	2	0.861585
lcl|NC_052666.1_mrna_XM_011162747.2_7022	728	529	0	0
lcl|NC_052666.1_mrna_XM_011162748.3_7023	747	548	0	0
lcl|NC_052666.1_mrna_XM_011162749.3_7024	743	544	0	0
lcl|NC_052666.1_mrna_XM_011162750.3_7025	723	524	0	0
lcl|NC_052666.1_mrna_XM_026134882.2_7026	5728	5529	7.2339	0.367487
lcl|NC_052666.1_mrna_XM_026134881.2_7027	6240	6041	1.32455	0.061585
lcl|NC_052666.1_mrna_XM_039447669.1_7028	6218	6019	51.4415	2.40052
lcl|NC_052666.1_mrna_XM_039447670.1_7029	6112	5913	0	0
lcl|NC_052666.1_mrna_XM_011162756.3_7030	3276	3077	299	27.2935
lcl|NC_052666.1_mrna_XM_011162755.3_7031	2977	2778	105	10.6163
lcl|NC_052666.1_mrna_XM_011162754.3_7032	1662	1463	2	0.383974
lcl|NC_052666.1_miscrna_XR_005574440.1_7033	1247	1048	0	0
lcl|NC_052666.1_mrna_XM_039447672.1_7034	1146	947	0	0
lcl|NC_052666.1_mrna_XM_011162752.3_7035	999	800	1	0.351096
lcl|NC_052666.1_mrna_XM_011162751.3_7036	913	714	1	0.393385
lcl|NC_052666.1_ncrna_XR_003268691.2_7037	2864	2665	0	0
lcl|NC_052666.1_mrna_XM_039447671.1_7038	5039	4840	0	0
lcl|NC_052666.1_mrna_XM_026134884.2_7039	3658	3459	0	0
lcl|NC_052666.1_ncrna_XR_005574441.1_7040	3780	3581	0	0
lcl|NC_052666.1_mrna_XM_011162766.3_7041	10209	10010	149	4.18088
lcl|NC_052666.1_mrna_XM_011162758.3_7042	8715	8516	0	0
lcl|NC_052666.1_mrna_XM_011162757.3_7043	8730	8531	0	0
lcl|NC_052666.1_mrna_XM_026134908.2_7044	8379	8180	0	0
lcl|NC_052666.1_mrna_XM_026134889.2_7045	10763	10564	137	3.64257
lcl|NC_052666.1_mrna_XM_011162771.3_7046	3001	2802	223	22.3539
lcl|NC_052666.1_mrna_XM_039447122.1_7047	2567	2368	229.972	27.2777
lcl|NC_052666.1_mrna_XM_011162769.3_7048	3794	3595	255.028	19.9253
lcl|NC_052666.1_mrna_XM_011162772.3_7049	1765	1566	184.95	33.1725
lcl|NC_052666.1_mrna_XM_011162773.3_7050	2550	2351	17.0499	2.03697
lcl|NC_052666.1_mrna_XM_011162782.3_7051	669	470	669	399.801
lcl|NC_052666.1_mrna_XM_039447133.1_7052	1613	1414	0	0
lcl|NC_052666.1_mrna_XM_039447129.1_7053	1695	1496	36.0329	6.76524
lcl|NC_052666.1_mrna_XM_011162781.3_7054	1597	1398	220.234	44.248
lcl|NC_052666.1_mrna_XM_039447135.1_7055	1646	1447	0	0
lcl|NC_052666.1_mrna_XM_039447131.1_7056	1728	1529	100.513	18.4641
lcl|NC_052666.1_mrna_XM_039447132.1_7057	1663	1464	0	0
lcl|NC_052666.1_mrna_XM_039447128.1_7058	1745	1546	43.9268	7.98061
lcl|NC_052666.1_mrna_XM_039447130.1_7059	1848	1649	5.80002	0.987926
lcl|NC_052666.1_mrna_XM_039447125.1_7060	1891	1692	28.982	4.8111
lcl|NC_052666.1_mrna_XM_039447126.1_7061	1994	1795	4.50327	0.70466
lcl|NC_052666.1_mrna_XM_039447127.1_7062	1890	1691	0	0
lcl|NC_052666.1_mrna_XM_039447124.1_7063	1972	1773	0	0
lcl|NC_052666.1_mrna_XM_026134903.2_7064	1872	1673	0	0
lcl|NC_052666.1_mrna_XM_026134900.2_7065	1954	1755	97.0082	15.5255
lcl|NC_052666.1_mrna_XM_039447121.1_7066	9577	9378	31	0.928469
lcl|NC_052666.1_mrna_XM_011162786.3_7067	2441	2242	1421.81	178.123
lcl|NC_052666.1_mrna_XM_011162785.3_7068	5208	5009	205.907	11.5461
lcl|NC_052666.1_mrna_XM_039447136.1_7069	5065	4866	12.3304	0.711738
lcl|NC_052666.1_mrna_XM_026134899.2_7070	4927	4728	288.928	17.1644
lcl|NC_052666.1_mrna_XM_039447137.1_7071	2005	1806	48.8346	7.59496
lcl|NC_052666.1_mrna_XM_039447314.1_7072	580	381	0	0
lcl|NC_052666.1_mrna_XM_039446467.1_7073	1175	976	6	1.7267
lcl|NC_052666.1_mrna_XM_011159133.3_7074	2653	2454	13.7095	1.56914
lcl|NC_052666.1_mrna_XM_039446466.1_7075	2295	2096	29.2905	3.9251
lcl|NC_052666.1_mrna_XM_011159132.3_7076	2994	2795	1555	156.266
lcl|NC_052666.1_mrna_XM_039446612.1_7077	1144	945	983	292.171
lcl|NC_052666.1_mrna_XM_011159130.3_7078	3460	3261	881	75.8824
lcl|NC_052666.1_mrna_XM_011159127.3_7079	2875	2676	2	0.209923
lcl|NC_052666.1_mrna_XM_011159126.3_7080	3217	3018	0	0
lcl|NC_052666.1_mrna_XM_011159125.3_7081	3339	3140	0	0
lcl|NC_052666.1_mrna_XM_011159124.2_7082	1151	952	0	0
lcl|NC_052666.1_mrna_XM_039446448.1_7083	3043	2844	0	0
lcl|NC_052666.1_mrna_XM_026137247.2_7084	3087	2888	0	0
lcl|NC_052666.1_mrna_XM_026137248.2_7085	3076	2877	2.21145	0.2159
lcl|NC_052666.1_mrna_XM_011159121.3_7086	2190	1991	28.7886	4.06129
lcl|NC_052666.1_mrna_XM_039446447.1_7087	1882	1683	0	0
lcl|NC_052666.1_mrna_XM_011159120.3_7088	8458	8259	174.501	5.93453
lcl|NC_052666.1_mrna_XM_011159119.3_7089	1374	1175	0	0
lcl|NC_052666.1_mrna_XM_026137256.2_7090	1391	1192	0	0
lcl|NC_052666.1_mrna_XM_026137254.2_7091	2964	2765	0	0
lcl|NC_052666.1_mrna_XM_026137255.2_7092	2897	2698	4	0.416422
lcl|NC_052666.1_mrna_XM_039446518.1_7093	2554	2355	0	0
lcl|NC_052666.1_mrna_XM_011159117.3_7094	3429	3230	0	0
lcl|NC_052666.1_mrna_XM_026137264.2_7095	5283	5084	0	0
lcl|NC_052666.1_mrna_XM_039447632.1_7096	1415	1216	0	0
lcl|NC_052666.1_mrna_XM_039446833.1_7097	6612	6413	9	0.394182
lcl|NC_052666.1_mrna_XM_026137252.2_7098	7293	7094	0	0
lcl|NC_052666.1_mrna_XM_039446832.1_7099	7372	7173	0	0
lcl|NC_052666.1_mrna_XM_026137251.2_7100	7443	7244	0	0
lcl|NC_052666.1_mrna_XM_026137250.2_7101	7450	7251	0	0
lcl|NC_052666.1_mrna_XM_026137253.2_7102	7632	7433	0	0
lcl|NC_052666.1_mrna_XM_011159116.3_7103	6358	6159	0	0
lcl|NC_052666.1_ncrna_XR_003268960.1_7104	139	6.13964	0	0
lcl|NC_052666.1_mrna_XM_011159115.3_7105	3360	3161	716	63.6216
lcl|NC_052666.1_mrna_XM_011159113.3_7106	6258	6059	395.024	18.3121
lcl|NC_052666.1_mrna_XM_011159114.3_7107	6498	6299	70.9755	3.16485
lcl|NC_052666.1_mrna_XM_011159112.3_7108	6521	6322	0	0
lcl|NC_052666.1_mrna_XM_039446836.1_7109	3170	2971	0	0
lcl|NC_052666.1_mrna_XM_026137261.2_7110	1871	1672	0	0
lcl|NC_052666.1_mrna_XM_039446834.1_7111	3353	3154	0	0
lcl|NC_052666.1_mrna_XM_039446835.1_7112	3171	2972	0	0
lcl|NC_052666.1_mrna_XM_026137260.2_7113	1861	1662	89.5437	15.1328
lcl|NC_052666.1_mrna_XM_026137257.2_7114	2248	2049	31.1435	4.26915
lcl|NC_052666.1_mrna_XM_026137258.2_7115	2301	2102	2.55926e-06	3.41977e-07
lcl|NC_052666.1_mrna_XM_039446837.1_7116	3403	3204	36.3127	3.18333
lcl|NC_052666.1_mrna_XM_011159110.3_7117	4886	4687	565.583	33.8935
lcl|NC_052666.1_mrna_XM_011159111.3_7118	7309	7110	5.07096	0.200325
lcl|NC_052666.1_mrna_XM_011159105.3_7119	2987	2788	995	100.241
lcl|NC_052666.1_mrna_XM_011159102.3_7120	2585	2386	0	0
lcl|NC_052666.1_mrna_XM_011159099.3_7121	2521	2322	12	1.45156
lcl|NC_052666.1_mrna_XM_011159100.3_7122	2567	2368	3.4209e-08	4.05765e-09
lcl|NC_052666.1_mrna_XM_011159104.3_7123	2569	2370	1.46687e-08	1.73844e-09
lcl|NC_052666.1_mrna_XM_011159103.3_7124	2623	2424	0	0
lcl|NC_052666.1_trna_7125	73	3.5471	0	0
lcl|NC_052666.1_mrna_XM_011159098.3_7126	713	514	1612.98	881.415
lcl|NC_052666.1_mrna_XM_039446839.1_7127	639	440	1155.02	737.317
lcl|NC_052666.1_mrna_XM_011168819.3_7128	1135	936	163.319	49.0091
lcl|NC_052666.1_mrna_XM_011168820.3_7129	1218	1019	134.681	37.1234
lcl|NC_052666.1_mrna_XM_011168823.3_7130	1910	1711	178.182	29.2503
lcl|NC_052666.1_mrna_XM_011168824.3_7131	1729	1530	222.818	40.9048
lcl|NC_052666.1_mrna_XM_026140255.2_7132	2177	1978	0	0
lcl|NC_052666.1_miscrna_XR_003269379.2_7133	2151	1952	0	0
lcl|NC_052666.1_mrna_XM_011168821.3_7134	2174	1975	1347	191.565
lcl|NC_052666.1_mrna_XM_011168825.3_7135	2523	2324	36	4.35093
lcl|NC_052666.1_mrna_XM_026140261.2_7136	2863	2664	0.406954	0.0429069
lcl|NC_052666.1_mrna_XM_011168826.3_7137	2862	2663	0.593046	0.0625508
lcl|NC_052666.1_mrna_XM_011168893.2_7138	2611	2412	2	0.232899
lcl|NC_052666.1_mrna_XM_011168829.2_7139	1787	1588	90	15.9187
lcl|NC_052666.1_mrna_XM_011168831.3_7140	2408	2209	0	0
lcl|NC_052666.1_mrna_XM_011168830.3_7141	2398	2199	488	62.3319
lcl|NC_052666.1_mrna_XM_026140258.2_7142	2215	2016	0	0
lcl|NC_052666.1_mrna_XM_026140257.2_7143	2179	1980	31.1349	4.4167
lcl|NC_052666.1_mrna_XM_026140260.2_7144	2152	1953	0	0
lcl|NC_052666.1_mrna_XM_026140259.2_7145	2116	1917	29.8651	4.37581
lcl|NC_052666.1_mrna_XM_011168833.3_7146	1420	1221	929	213.706
lcl|NC_052666.1_mrna_XM_011168837.3_7147	1329	1130	16.7101	4.15351
lcl|NC_052666.1_mrna_XM_026140254.2_7148	1162	963	0	0
lcl|NC_052666.1_mrna_XM_011168835.3_7149	1158	959	35.3578	10.3558
lcl|NC_052666.1_mrna_XM_011168834.3_7150	1375	1176	0	0
lcl|NC_052666.1_mrna_XM_011168836.3_7151	1370	1171	19.9322	4.78094
lcl|NC_052666.1_mrna_XM_039446497.1_7152	1106	907	18	5.57418
lcl|NC_052666.1_mrna_XM_039446499.1_7153	858	659	0	0
lcl|NC_052666.1_mrna_XM_039446501.1_7154	828	629	2.64181	1.17968
lcl|NC_052666.1_mrna_XM_039446498.1_7155	691	492	9.73345	5.5567
lcl|NC_052666.1_mrna_XM_039446630.1_7156	791	592	0	0
lcl|NC_052666.1_mrna_XM_026137995.2_7157	1011	812	0	0
lcl|NC_052666.1_mrna_XM_039446629.1_7158	1110	911	0	0
lcl|NC_052666.1_mrna_XM_011168840.3_7159	1622	1423	276	54.4778
lcl|NC_052666.1_mrna_XM_026137993.2_7160	1803	1604	0	0
lcl|NC_052666.1_mrna_XM_026137990.2_7161	1456	1257	0	0
lcl|NC_052666.1_mrna_XM_026137991.2_7162	1529	1330	0	0
lcl|NC_052666.1_mrna_XM_039446628.1_7163	1467	1268	0	0
lcl|NC_052666.1_mrna_XM_039446625.1_7164	1858	1659	0	0
lcl|NC_052666.1_mrna_XM_039446627.1_7165	1411	1212	0	0
lcl|NC_052666.1_mrna_XM_039446817.1_7166	2553	2354	0	0
lcl|NC_052666.1_mrna_XM_011168843.3_7167	2570	2371	0	0
lcl|NC_052666.1_mrna_XM_011168844.3_7168	2894	2695	0	0
lcl|NC_052666.1_mrna_XM_011168842.3_7169	2946	2747	0	0
lcl|NC_052666.1_mrna_XM_011168845.3_7170	2305	2106	0	0
lcl|NC_052666.1_mrna_XM_039447633.1_7171	576	377	0	0
lcl|NC_052666.1_mrna_XM_039447635.1_7172	681	482	0	0
lcl|NC_052666.1_mrna_XM_011168849.3_7173	4970	4771	1	0.0588717
lcl|NC_052666.1_mrna_XM_011168854.3_7174	2515	2316	0	0
lcl|NC_052666.1_mrna_XM_011168853.3_7175	2314	2115	9	1.19522
lcl|NC_052666.1_mrna_XM_011168855.3_7176	2558	2359	981	116.804
lcl|NC_052666.1_mrna_XM_011168856.3_7177	1351	1152	1108	270.149
lcl|NC_052666.1_mrna_XM_011168857.3_7178	7986	7787	0	0
lcl|NC_052666.1_mrna_XM_026137987.2_7179	3392	3193	1	0.0879664
lcl|NC_052666.1_mrna_XM_026137988.2_7180	6999	6800	0	0
lcl|NC_052666.1_mrna_XM_026137989.2_7181	6982	6783	0	0
lcl|NC_052666.1_mrna_XM_039447681.1_7182	7898	7699	14.4701	0.527902
lcl|NC_052666.1_mrna_XM_011168861.3_7183	4074	3875	0	0
lcl|NC_052666.1_mrna_XM_011168862.3_7184	3918	3719	1.00305	0.0757555
lcl|NC_052666.1_mrna_XM_011168863.3_7185	1558	1359	0	0
lcl|NC_052666.1_mrna_XM_011168865.3_7186	3040	2841	49	4.84441
lcl|NC_052666.1_ncrna_XR_005574250.1_7187	613	414	106	71.9153
lcl|NC_052666.1_mrna_XM_011168870.3_7188	2662	2463	93	10.6056
lcl|NC_052666.1_mrna_XM_011168869.3_7189	2057	1858	361	54.5729
lcl|NC_052666.1_mrna_XM_011168871.3_7190	5427	5228	178	9.56313
lcl|NC_052666.1_mrna_XM_039446606.1_7191	921	722	38	14.783
lcl|NC_052666.1_mrna_XM_011168872.3_7192	1636	1437	2747	536.93
lcl|NC_052666.1_mrna_XM_026137994.2_7193	2165	1966	1	0.142867
lcl|NC_052666.1_mrna_XM_011168879.3_7194	2745	2546	1861.33	205.344
lcl|NC_052666.1_mrna_XM_011168880.3_7195	2869	2670	179.281	18.8599
lcl|NC_052666.1_mrna_XM_011168883.3_7196	15654	15455	0.369296	0.00671152
lcl|NC_052666.1_mrna_XM_011168889.3_7197	15567	15368	106.264	1.94216
lcl|NC_052666.1_mrna_XM_011168886.3_7198	15645	15446	0.662387	0.0120451
lcl|NC_052666.1_mrna_XM_011168881.3_7199	4222	4023	0	0
lcl|NC_052666.1_mrna_XM_011168888.3_7200	15620	15421	3.36292	0.0612518
lcl|NC_052666.1_mrna_XM_011168884.3_7201	15650	15451	0.478772	0.00870337
lcl|NC_052666.1_mrna_XM_011168882.3_7202	15653	15454	0.394058	0.00716201
lcl|NC_052666.1_mrna_XM_039447388.1_7203	15462	15263	14.2229	0.261736
lcl|NC_052666.1_mrna_XM_011168887.3_7204	15432	15233	102.332	1.88688
lcl|NC_052666.1_mrna_XM_011168892.3_7205	1828	1629	894	154.146
lcl|NC_052666.1_mrna_XM_039447636.1_7206	549	350	0	0
lcl|NC_052666.1_mrna_XM_011163435.3_7207	2365	2166	932	120.857
lcl|NC_052666.1_mrna_XM_039447242.1_7208	2467	2268	0	0
lcl|NC_052666.1_mrna_XM_011163437.3_7209	3203	3004	130.215	12.1752
lcl|NC_052666.1_mrna_XM_011163438.3_7210	5083	4884	60.1376	3.45849
lcl|NC_052666.1_mrna_XM_011163441.3_7211	5091	4892	11.6472	0.668729
lcl|NC_052666.1_mrna_XM_026136848.2_7212	5122	4923	9.7905e-09	5.58587e-10
lcl|NC_052666.1_mrna_XM_039447243.1_7213	5130	4931	0	0
lcl|NC_052666.1_mrna_XM_011163549.3_7214	2036	1837	0	0
lcl|NC_052666.1_mrna_XM_026136856.2_7215	1277	1078	0	0
lcl|NC_052666.1_mrna_XM_026136854.2_7216	1295	1096	0	0
lcl|NC_052666.1_mrna_XM_039447246.1_7217	1277	1078	0	0
lcl|NC_052666.1_mrna_XM_026136855.2_7218	1295	1096	0.348932	0.0894223
lcl|NC_052666.1_mrna_XM_011163447.3_7219	1277	1078	7.52204	1.95989
lcl|NC_052666.1_mrna_XM_011163445.3_7220	1295	1096	0	0
lcl|NC_052666.1_mrna_XM_026136851.2_7221	1292	1093	0	0
lcl|NC_052666.1_mrna_XM_026136850.2_7222	1292	1093	8.49701	2.18354
lcl|NC_052666.1_mrna_XM_026136852.2_7223	1273	1074	0	0
lcl|NC_052666.1_mrna_XM_026136849.2_7224	1291	1092	0	0
lcl|NC_052666.1_mrna_XM_026136853.2_7225	1273	1074	0	0
lcl|NC_052666.1_mrna_XM_011163444.3_7226	1273	1074	329.925	86.2834
lcl|NC_052666.1_mrna_XM_011163442.3_7227	1291	1092	0	0
lcl|NC_052666.1_mrna_XM_039447245.1_7228	1200	1001	0	0
lcl|NC_052666.1_mrna_XM_026136858.2_7229	1310	1111	0	0
lcl|NC_052666.1_mrna_XM_039447248.1_7230	1310	1111	0	0
lcl|NC_052666.1_mrna_XM_011163449.3_7231	1309	1110	7.60032	1.9232
lcl|NC_052666.1_mrna_XM_026136857.2_7232	1306	1107	0	0
lcl|NC_052666.1_mrna_XM_011163448.3_7233	1306	1107	129.106	32.7579
lcl|NC_052666.1_ncrna_XR_005574236.1_7234	12935	12736	1	0.0220538
lcl|NC_052666.1_mrna_XM_011163455.3_7235	4039	3840	0	0
lcl|NC_052666.1_mrna_XM_026136830.2_7236	3945	3746	115.884	8.68902
lcl|NC_052666.1_mrna_XM_039446397.1_7237	3949	3750	39.7317	2.97593
lcl|NC_052666.1_mrna_XM_026136832.2_7238	4000	3801	64.8407	4.79144
lcl|NC_052666.1_mrna_XM_011163456.3_7239	4249	4050	147.544	10.2325
lcl|NC_052666.1_mrna_XM_011163454.3_7240	4261	4062	0	0
lcl|NC_052666.1_ncrna_XR_005574237.1_7241	519	320	0	0
lcl|NC_052666.1_mrna_XM_011163451.3_7242	1539	1340	72	15.0919
lcl|NC_052666.1_trna_7243	72	3.52559	0	0
lcl|NC_052666.1_mrna_XM_039446398.1_7244	2155	1956	101.826	14.6219
lcl|NC_052666.1_mrna_XM_026136833.2_7245	2142	1943	11.3228	1.63681
lcl|NC_052666.1_mrna_XM_011163450.3_7246	2050	1851	627.851	95.2722
lcl|NC_052666.1_mrna_XM_011163461.3_7247	1737	1538	18.6705	3.4097
lcl|NC_052666.1_mrna_XM_011163459.3_7248	1585	1386	1249.33	253.18
lcl|NC_052666.1_mrna_XM_011163465.3_7249	2491	2292	52.7349	6.46248
lcl|NC_052666.1_mrna_XM_026136843.2_7250	1596	1397	1.26508	0.254352
lcl|NC_052666.1_ncrna_XR_003268914.2_7251	2872	2673	7	0.735554
lcl|NC_052666.1_mrna_XM_011163471.3_7252	2453	2254	30.8244	3.84111
lcl|NC_052666.1_mrna_XM_026136838.2_7253	2370	2171	3.74824	0.484935
lcl|NC_052666.1_mrna_XM_026136839.2_7254	2291	2092	21.4274	2.87689
lcl|NC_052666.1_mrna_XM_011163468.3_7255	954	755	5	1.86011
lcl|NC_052666.1_mrna_XM_026136836.2_7256	3447	3248	718	62.0904
lcl|NC_052666.1_mrna_XM_011163473.3_7257	4552	4353	0	0
lcl|NC_052666.1_mrna_XM_011163474.3_7258	1661	1462	0	0
lcl|NC_052666.1_mrna_XM_039447311.1_7259	4842	4643	2	0.120989
lcl|NC_052666.1_mrna_XM_011163475.3_7260	2542	2343	0	0
lcl|NC_052666.1_mrna_XM_011163476.3_7261	2036	1837	0	0
lcl|NC_052666.1_mrna_XM_011163477.3_7262	3991	3792	548	40.5908
lcl|NC_052666.1_mrna_XM_026136864.2_7263	3797	3598	0	0
lcl|NC_052666.1_mrna_XM_039447646.1_7264	4082	3883	0	0
lcl|NC_052666.1_mrna_XM_026136865.2_7265	2769	2570	519	56.7218
lcl|NC_052666.1_mrna_XM_011163479.3_7266	1110	911	0	0
lcl|NC_052666.1_mrna_XM_039447645.1_7267	12058	11859	2	0.0473694
lcl|NC_052666.1_mrna_XM_026136846.2_7268	12121	11922	0	0
lcl|NC_052666.1_mrna_XM_011163480.3_7269	7177	6978	239	9.62017
lcl|NC_052666.1_mrna_XM_011163482.3_7270	2828	2629	756.034	80.773
lcl|NC_052666.1_mrna_XM_039446600.1_7271	2348	2149	3.66654	0.479221
lcl|NC_052666.1_mrna_XM_039446601.1_7272	2438	2239	0.210834	0.0264485
lcl|NC_052666.1_ncrna_XR_005574281.1_7273	2289	2090	9.21618	1.23857
lcl|NC_052666.1_mrna_XM_039446599.1_7274	3168	2969	7.26142	0.686953
lcl|NC_052666.1_mrna_XM_039446598.1_7275	2348	2149	18.4572	2.41238
lcl|NC_052666.1_mrna_XM_026136842.2_7276	2108	1909	0.062846	0.00924671
lcl|NC_052666.1_mrna_XM_011163481.3_7277	1814	1615	66	11.4786
lcl|NC_052666.1_mrna_XM_011163487.3_7278	5214	5015	31	1.73623
lcl|NC_052666.1_mrna_XM_011163485.3_7279	5313	5114	9.46468e-08	5.1983e-09
lcl|NC_052666.1_mrna_XM_011163486.3_7280	5293	5094	4.81942e-06	2.65736e-07
lcl|NC_052666.1_mrna_XM_011163488.3_7281	2259	2060	420	57.2661
lcl|NC_052666.1_mrna_XM_039446847.1_7282	2136	1937	667.219	96.7508
lcl|NC_052666.1_mrna_XM_039446848.1_7283	2635	2436	0	0
lcl|NC_052666.1_mrna_XM_026136845.2_7284	1934	1735	370.166	59.9257
lcl|NC_052666.1_mrna_XM_011163491.3_7285	1939	1740	20.648	3.33308
lcl|NC_052666.1_mrna_XM_011163489.3_7286	2000	1801	273.641	42.6759
lcl|NC_052666.1_mrna_XM_011163490.3_7287	2014	1815	132.763	20.5454
lcl|NC_052666.1_mrna_XM_026136844.2_7288	2331	2132	43.5629	5.73912
lcl|NC_052666.1_mrna_XM_011163494.3_7289	3288	3089	224.051	20.3725
lcl|NC_052666.1_mrna_XM_011163493.3_7290	3543	3344	177.511	14.9099
lcl|NC_052666.1_mrna_XM_011163492.3_7291	3646	3447	232.438	18.9401
lcl|NC_052666.1_mrna_XM_039446449.1_7292	3120	2921	1.33038	0.127927
lcl|NC_052666.1_mrna_XM_011163495.3_7293	3122	2923	0.669617	0.0643448
lcl|NC_052666.1_mrna_XM_039447637.1_7294	1360	1161	0	0
lcl|NC_052666.1_mrna_XM_039446521.1_7295	757	558	0	0
lcl|NC_052666.1_mrna_XM_039446519.1_7296	666	467	0	0
lcl|NC_052666.1_mrna_XM_011163497.3_7297	6785	6586	0	0
lcl|NC_052666.1_miscrna_XR_005574267.1_7298	6624	6425	53.3993	2.33442
lcl|NC_052666.1_miscrna_XR_005574268.1_7299	6572	6373	0	0
lcl|NC_052666.1_mrna_XM_011163499.3_7300	6834	6635	31.3723	1.32807
lcl|NC_052666.1_mrna_XM_011163498.3_7301	6830	6631	57.4422	2.43315
lcl|NC_052666.1_mrna_XM_011163501.3_7302	6772	6573	0	0
lcl|NC_052666.1_mrna_XM_011163502.3_7303	3725	3526	427.786	34.0769
lcl|NC_052666.1_mrna_XM_011163553.3_7304	1670	1471	0	0
lcl|NC_052666.1_mrna_XM_026136863.2_7305	630	431	0	0
lcl|NC_052666.1_ncrna_XR_005574383.1_7306	1180	981	0	0
lcl|NC_052666.1_mrna_XM_026136862.2_7307	892	693	0.5	0.202653
lcl|NC_052666.1_ncrna_XR_005574388.1_7308	1180	981	0	0
lcl|NC_052666.1_mrna_XM_039447251.1_7309	892	693	0.5	0.202653
lcl|NC_052666.1_mrna_XM_039446727.1_7310	8779	8580	1	0.0327362
lcl|NC_052666.1_mrna_XM_039446729.1_7311	9028	8829	0	0
lcl|NC_052666.1_trna_7312	72	3.52559	0	0
lcl|NC_052666.1_trna_7313	72	3.52559	0	0
lcl|NC_052666.1_trna_7314	74	3.56892	0	0
lcl|NC_052666.1_trna_7315	73	3.5471	0	0
lcl|NC_052666.1_ncrna_XR_003268526.1_7316	121	5.0996	0	0
lcl|NC_052666.1_trna_7317	72	3.52559	0	0
lcl|NC_052666.1_mrna_XM_026133181.2_7318	8947	8748	0	0
lcl|NC_052666.1_mrna_XM_026133180.2_7319	8497	8298	2.79248	0.094522
lcl|NC_052666.1_mrna_XM_026133182.2_7320	8909	8710	0	0
lcl|NC_052666.1_mrna_XM_026133183.2_7321	8900	8701	0	0
lcl|NC_052666.1_mrna_XM_026133184.2_7322	5533	5334	0.0322231	0.0016968
lcl|NC_052666.1_mrna_XM_011163503.3_7323	5524	5325	0.175294	0.0092462
lcl|NC_052666.1_mrna_XM_011163505.3_7324	4920	4721	100.907	6.0035
lcl|NC_052666.1_mrna_XM_011163507.3_7325	5723	5524	117.951	5.99742
lcl|NC_052666.1_mrna_XM_011163504.3_7326	5921	5722	0	0
lcl|NC_052666.1_mrna_XM_011163506.3_7327	4927	4728	7.14151	0.424257
lcl|NC_052666.1_mrna_XM_011163511.3_7328	1083	884	612.746	194.69
lcl|NC_052666.1_mrna_XM_011163513.3_7329	859	660	114.237	48.6159
lcl|NC_052666.1_mrna_XM_011163512.3_7330	942	743	41.0171	15.5057
lcl|NC_052666.1_mrna_XM_011163508.3_7331	3879	3680	148.755	11.3537
lcl|NC_052666.1_mrna_XM_026133210.2_7332	3108	2909	1327.23	128.149
lcl|NC_052666.1_mrna_XM_011163510.3_7333	3240	3041	207.768	19.1902
lcl|NC_052666.1_mrna_XM_039447288.1_7334	3363	3164	0	0
lcl|NC_052666.1_mrna_XM_039447286.1_7335	3081	2882	0	0
lcl|NC_052666.1_mrna_XM_039447289.1_7336	2930	2731	4.25162	0.437269
lcl|NC_052666.1_mrna_XM_011163517.3_7337	1811	1612	7.21546e-08	1.25723e-08
lcl|NC_052666.1_mrna_XM_039447293.1_7338	1910	1711	145.454	23.8776
lcl|NC_052666.1_mrna_XM_011163515.3_7339	1973	1774	389.546	61.6767
lcl|NC_052666.1_trna_7340	73	3.5471	0	0
lcl|NC_052666.1_mrna_XM_026133209.2_7341	9970	9771	4	0.114984
lcl|NC_052666.1_trna_7342	73	3.5471	0	0
lcl|NC_052666.1_mrna_XM_039447294.1_7343	3137	2938	1	0.0956013
lcl|NC_052666.1_mrna_XM_011163525.3_7344	1783	1584	0	0
lcl|NC_052666.1_mrna_XM_011163524.2_7345	848	649	0	0
lcl|NC_052666.1_mrna_XM_026133190.2_7346	11998	11799	7	0.166636
lcl|NC_052666.1_mrna_XM_039447283.1_7347	4492	4293	0	0
lcl|NC_052666.1_mrna_XM_026133206.2_7348	11354	11155	0	0
lcl|NC_052666.1_mrna_XM_026133207.2_7349	11314	11115	0	0
lcl|NC_052666.1_mrna_XM_039447281.1_7350	5224	5025	0	0
lcl|NC_052666.1_mrna_XM_026133208.2_7351	8314	8115	0	0
lcl|NC_052666.1_mrna_XM_011163521.3_7352	1748	1549	0	0
lcl|NC_052666.1_mrna_XM_039447295.1_7353	1823	1624	0	0
lcl|NC_052666.1_mrna_XM_011163520.3_7354	7072	6873	268	10.9523
lcl|NC_052666.1_mrna_XM_011163519.3_7355	6277	6078	216	9.9818
lcl|NC_052666.1_mrna_XM_026133202.2_7356	11085	10886	0	0
lcl|NC_052666.1_mrna_XM_026133197.2_7357	11351	11152	8.53602	0.21499
lcl|NC_052666.1_mrna_XM_026133205.2_7358	10882	10683	0.0114437	0.000300876
lcl|NC_052666.1_mrna_XM_026133198.2_7359	11335	11136	78.7873	1.98721
lcl|NC_052666.1_mrna_XM_026133199.2_7360	11321	11122	45.1128	1.13928
lcl|NC_052666.1_mrna_XM_026133191.2_7361	11392	11193	0	0
lcl|NC_052666.1_mrna_XM_026133194.2_7362	11438	11239	0	0
lcl|NC_052666.1_mrna_XM_026133192.2_7363	11839	11640	53.1905	1.2835
lcl|NC_052666.1_mrna_XM_039447279.1_7364	11606	11407	0	0
lcl|NC_052666.1_mrna_XM_026133200.2_7365	11232	11033	0	0
lcl|NC_052666.1_mrna_XM_026133203.2_7366	10824	10625	32.9635	0.871405
lcl|NC_052666.1_mrna_XM_026133196.2_7367	11349	11150	0	0
lcl|NC_052666.1_mrna_XM_039447280.1_7368	11189	10990	28.7491	0.734755
lcl|NC_052666.1_mrna_XM_026133195.2_7369	9832	9633	233.774	6.81632
lcl|NC_052666.1_mrna_XM_011163529.3_7370	1776	1577	99.5209	17.7255
lcl|NC_052666.1_mrna_XM_011163528.3_7371	1610	1411	213.479	42.4956
lcl|NC_052666.1_mrna_XM_026133164.2_7372	2212	2013	158.249	22.0807
lcl|NC_052666.1_mrna_XM_026133165.2_7373	2069	1870	0	0
lcl|NC_052666.1_mrna_XM_011163561.1_7374	456	257	23.7509	25.9575
lcl|NC_052666.1_mrna_XM_026133162.2_7375	2466	2267	3107	384.951
lcl|NC_052666.1_mrna_XM_011163536.3_7376	1434	1235	26.045	5.92343
lcl|NC_052666.1_mrna_XM_011163535.3_7377	1246	1047	191.955	51.4954
lcl|NC_052666.1_mrna_XM_011163533.3_7378	3165	2966	0	0
lcl|NC_052666.1_mrna_XM_011163532.3_7379	3231	3032	38.2699	3.54522
lcl|NC_052666.1_mrna_XM_039447284.1_7380	2723	2524	0.736223	0.0819286
lcl|NC_052666.1_mrna_XM_026133166.2_7381	2918	2719	7.62703e-08	7.87883e-09
lcl|NC_052666.1_mrna_XM_039447285.1_7382	2979	2780	24.9939	2.52525
lcl|NC_052666.1_mrna_XM_011163531.3_7383	919	720	542	211.438
lcl|NC_052666.1_mrna_XM_026133167.2_7384	3613	3414	612.981	50.4312
lcl|NC_052666.1_miscrna_XR_003268524.2_7385	3308	3109	1269.02	114.647
lcl|NC_052666.1_mrna_XM_026133168.2_7386	1298	1099	186.889	47.764
lcl|NC_052666.1_mrna_XM_011163540.3_7387	1162	963	396	115.501
lcl|NC_052666.1_mrna_XM_011163539.3_7388	1023	824	376.111	128.205
lcl|NC_052666.1_mrna_XM_039447291.1_7389	3104	2905	131.337	12.6986
lcl|NC_052666.1_mrna_XM_011163543.3_7390	3196	2997	2.10376e-06	1.97163e-07
lcl|NC_052666.1_mrna_XM_039447290.1_7391	3208	3009	144.663	13.5037
lcl|NC_052666.1_mrna_XM_026133151.2_7392	3140	2941	0	0
lcl|NC_052666.1_mrna_XM_011163545.3_7393	2886	2687	1460	152.616
lcl|NC_052666.1_mrna_XM_011163544.3_7394	1090	891	101	31.839
lcl|NC_052666.1_ncrna_XR_850807.3_7395	632	433	4	2.5947
lcl|NC_052666.1_mrna_XM_039447072.1_7396	8964	8765	0	0
lcl|NC_052666.1_mrna_XM_026133136.2_7397	8967	8768	0	0
lcl|NC_052666.1_mrna_XM_026133137.2_7398	4948	4749	0	0
lcl|NC_052666.1_mrna_XM_039447074.1_7399	4463	4264	4.00075	0.263536
lcl|NC_052666.1_mrna_XM_039447075.1_7400	4333	4134	83.5094	5.67389
lcl|NC_052666.1_ncrna_XR_005574369.1_7401	2569	2370	19.6773	2.33202
lcl|NC_052666.1_mrna_XM_039447073.1_7402	7770	7571	51.4898	1.91022
lcl|NC_052666.1_miscrna_XR_005574368.1_7403	9598	9399	1.42434e-05	4.25645e-07
lcl|NC_052666.1_mrna_XM_011163548.3_7404	9478	9279	5.63417	0.170547
lcl|NC_052666.1_mrna_XM_011163547.3_7405	2813	2614	399.413	42.9173
lcl|NC_052666.1_mrna_XM_039446665.1_7406	11495	11296	18.2602	0.454043
lcl|NC_052666.1_mrna_XM_039446664.1_7407	11229	11030	22.4923	0.572762
lcl|NC_052666.1_mrna_XM_039446668.1_7408	11899	11700	0	0
lcl|NC_052666.1_mrna_XM_039446660.1_7409	12159	11960	0	0
lcl|NC_052666.1_mrna_XM_039446663.1_7410	11241	11042	8.82711e-08	2.24536e-09
lcl|NC_052666.1_mrna_XM_039446661.1_7411	11614	11415	280.898	6.91177
lcl|NC_052666.1_mrna_XM_039446662.1_7412	11348	11149	14.1024	0.355282
lcl|NC_052666.1_mrna_XM_039446667.1_7413	11600	11401	46.1799	1.13769
lcl|NC_052666.1_mrna_XM_039446666.1_7414	11389	11190	0	0
lcl|NC_052666.1_mrna_XM_039447658.1_7415	1997	1798	69.3446	10.8327
lcl|NC_052666.1_mrna_XM_011177596.3_7416	1908	1709	1591.66	261.591
lcl|NC_052666.1_mrna_XM_011177595.3_7417	4484	4285	366	23.9909
lcl|NC_052666.1_mrna_XM_011177588.3_7418	3220	3021	852.646	79.2746
lcl|NC_052666.1_mrna_XM_039447657.1_7419	2293	2094	280.56	37.6326
lcl|NC_052666.1_mrna_XM_026133175.2_7420	1768	1569	13.0824	2.34197
lcl|NC_052666.1_mrna_XM_011177590.3_7421	2036	1837	180.948	27.6669
lcl|NC_052666.1_mrna_XM_011177589.3_7422	1989	1790	189.764	29.7766
lcl|NC_052666.1_miscrna_XR_005574439.1_7423	3575	3376	163.686	13.6184
lcl|NC_052666.1_mrna_XM_039447654.1_7424	2824	2625	0	0
lcl|NC_052666.1_mrna_XM_011177593.3_7425	3563	3364	395.768	33.0446
lcl|NC_052666.1_mrna_XM_011177594.3_7426	2747	2548	1464.55	161.443
lcl|NC_052666.1_mrna_XM_039447655.1_7427	6977	6778	0	0
lcl|NC_052666.1_mrna_XM_026133173.2_7428	2942	2743	0	0
lcl|NC_052666.1_mrna_XM_026133171.2_7429	3053	2854	0	0
lcl|NC_052666.1_mrna_XM_026133170.2_7430	3064	2865	0	0
lcl|NC_052666.1_mrna_XM_011177583.3_7431	3019	2820	32.8404	3.27096
lcl|NC_052666.1_mrna_XM_011177584.3_7432	3007	2808	0	0
lcl|NC_052666.1_mrna_XM_026133172.2_7433	2799	2600	0	0
lcl|NC_052666.1_mrna_XM_039447656.1_7434	2760	2561	0	0
lcl|NC_052666.1_mrna_XM_026133169.2_7435	6564	6365	75.1596	3.31666
lcl|NC_052666.1_mrna_XM_011177581.3_7436	4080	3881	99.8515	7.22648
lcl|NC_052666.1_mrna_XM_039447395.1_7437	4006	3807	1019.15	75.1918
lcl|NC_052666.1_mrna_XM_011177578.3_7438	5593	5394	653	34.0031
lcl|NC_052666.1_mrna_XM_026133213.2_7439	5765	5566	62	3.1287
lcl|NC_052666.1_mrna_XM_026133156.2_7440	2707	2508	0.0109083	0.00122165
lcl|NC_052666.1_mrna_XM_026133155.2_7441	2836	2637	85.9135	9.15097
lcl|NC_052666.1_mrna_XM_026133154.2_7442	2614	2415	22.891	2.66234
lcl|NC_052666.1_mrna_XM_026133153.2_7443	2784	2585	100.185	10.8857
lcl|NC_052666.1_ncrna_XR_003268522.2_7444	671	472	15.9326	9.48116
lcl|NC_052666.1_mrna_XM_039446676.1_7445	4582	4383	13.9211	0.892109
lcl|NC_052666.1_mrna_XM_039446677.1_7446	4578	4379	104.053	6.67414
lcl|NC_052666.1_mrna_XM_039446678.1_7447	3510	3311	0	0
lcl|NC_052666.1_mrna_XM_039446674.1_7448	3600	3401	0	0
lcl|NC_052666.1_mrna_XM_039446673.1_7449	3603	3404	0	0
lcl|NC_052666.1_mrna_XM_039446675.1_7450	3555	3356	0	0
lcl|NC_052666.1_mrna_XM_039446672.1_7451	3645	3446	485.36	39.5607
lcl|NC_052666.1_mrna_XM_039446671.1_7452	3648	3449	53.8694	4.38697
lcl|NC_052666.1_mrna_XM_026133145.2_7453	17748	17549	184	2.94497
lcl|NC_052666.1_mrna_XM_026133147.2_7454	2357	2158	2.86907e-05	3.73427e-06
lcl|NC_052666.1_mrna_XM_026133148.2_7455	2354	2155	0.000115803	1.50934e-05
lcl|NC_052666.1_mrna_XM_026133146.2_7456	2482	2283	210.339	25.878
lcl|NC_052666.1_mrna_XM_026133149.2_7457	2181	1982	0.660392	0.0935867
lcl|NC_052666.1_mrna_XM_026133139.2_7458	1767	1568	389.865	69.8367
lcl|NC_052666.1_mrna_XM_011177567.3_7459	1717	1518	2497.14	462.047
lcl|NC_052666.1_mrna_XM_011177564.3_7460	1851	1652	6	1.02013
lcl|NC_052666.1_mrna_XM_026133186.2_7461	3950	3751	0	0
lcl|NC_052666.1_mrna_XM_026133187.2_7462	3845	3646	0	0
lcl|NC_052666.1_mrna_XM_026133185.2_7463	4004	3805	0	0
lcl|NC_052666.1_mrna_XM_039446679.1_7464	4177	3978	20	1.41215
lcl|NC_052666.1_mrna_XM_011177559.3_7465	6836	6637	0	0
lcl|NC_052666.1_mrna_XM_011177557.3_7466	7005	6806	9.4721	0.390904
lcl|NC_052666.1_mrna_XM_011177558.3_7467	6644	6445	0	0
lcl|NC_052666.1_mrna_XM_011177556.3_7468	7219	7020	7.5279	0.301198
lcl|NC_052666.1_mrna_XM_039446682.1_7469	2580	2381	0	0
lcl|NC_052666.1_mrna_XM_039446680.1_7470	3383	3184	4.70895e-05	4.154e-06
lcl|NC_052666.1_mrna_XM_011177554.3_7471	3447	3248	0	0
lcl|NC_052666.1_mrna_XM_011177555.3_7472	3344	3145	11	0.982394
lcl|NC_052666.1_mrna_XM_011177551.3_7473	6733	6534	231.741	9.96183
lcl|NC_052666.1_mrna_XM_039446670.1_7474	7028	6829	42.2593	1.73812
lcl|NC_052666.1_mrna_XM_011177549.3_7475	8217	8018	159	5.56989
lcl|NC_052666.1_mrna_XM_039446986.1_7476	8938	8739	0	0
lcl|NC_052666.1_mrna_XM_026133176.2_7477	8396	8197	0	0
lcl|NC_052666.1_mrna_XM_011177548.3_7478	2393	2194	120	15.3624
lcl|NC_052666.1_mrna_XM_011177547.3_7479	3433	3234	0	0
lcl|NC_052666.1_mrna_XM_039446990.1_7480	3106	2907	0	0
lcl|NC_052666.1_mrna_XM_011177546.3_7481	2883	2684	1.20211e-08	1.25799e-09
lcl|NC_052666.1_mrna_XM_011177545.3_7482	2831	2632	4	0.426864
lcl|NC_052666.1_mrna_XM_039446989.1_7483	3384	3185	0	0
lcl|NC_052666.1_mrna_XM_039446987.1_7484	1801	1602	38.5847	6.76502
lcl|NC_052666.1_mrna_XM_011177544.2_7485	2415	2216	39.7003	5.03199
lcl|NC_052666.1_mrna_XM_011177543.3_7486	1553	1354	50	10.3721
lcl|NC_052666.1_mrna_XM_011177542.3_7487	4247	4048	1055	73.2028
lcl|NC_052666.1_mrna_XM_011177541.3_7488	3676	3477	77.0511	6.22429
lcl|NC_052666.1_mrna_XM_011177538.3_7489	3754	3555	45.5769	3.60098
lcl|NC_052666.1_mrna_XM_011177539.3_7490	2207	2008	2.37195	0.331786
lcl|NC_052666.1_mrna_XM_026133140.2_7491	4538	4339	333.213	21.5699
lcl|NC_052666.1_mrna_XM_011177537.3_7492	2923	2724	84.7872	8.74257
lcl|NC_052666.1_mrna_XM_039446485.1_7493	2531	2332	5.1594	0.621421
lcl|NC_052666.1_mrna_XM_011177536.3_7494	1818	1619	245.841	42.6503
lcl|NC_052666.1_mrna_XM_011177532.3_7495	1976	1777	449.238	71.0076
lcl|NC_052666.1_mrna_XM_011177533.3_7496	1089	890	69.9206	22.0664
lcl|NC_052666.1_mrna_XM_011177534.3_7497	1089	890	139.841	44.1328
lcl|NC_052666.1_mrna_XM_011177531.3_7498	3296	3097	37	3.35565
lcl|NC_052666.1_mrna_XM_011177530.3_7499	2553	2354	414	49.398
lcl|NC_052666.1_mrna_XM_039446484.1_7500	2494	2295	7.19657e-06	8.80762e-07
lcl|NC_052666.1_mrna_XM_039447102.1_7501	9768	9569	0	0
lcl|NC_052666.1_mrna_XM_039446435.1_7502	6088	5889	10	0.476951
lcl|NC_052666.1_mrna_XM_039446437.1_7503	5654	5455	0	0
lcl|NC_052666.1_mrna_XM_039446436.1_7504	5973	5774	0	0
lcl|NC_052666.1_mrna_XM_011177528.3_7505	1169	970	718	207.907
lcl|NC_052666.1_mrna_XM_011177520.3_7506	1532	1333	56.0746	11.8155
lcl|NC_052666.1_mrna_XM_011177517.3_7507	1618	1419	1.02772e-05	2.03427e-06
lcl|NC_052666.1_mrna_XM_011177523.3_7508	1749	1550	0	0
lcl|NC_052666.1_mrna_XM_011177526.3_7509	1743	1544	337.802	61.4513
lcl|NC_052666.1_mrna_XM_011177519.3_7510	1590	1391	40.4215	8.16208
lcl|NC_052666.1_mrna_XM_011177522.3_7511	1797	1598	0	0
lcl|NC_052666.1_mrna_XM_011177525.3_7512	1791	1592	324.206	57.1997
lcl|NC_052666.1_mrna_XM_011177521.3_7513	2170	1971	333.496	47.5247
lcl|NC_052666.1_mrna_XM_011177527.3_7514	3470	3271	15	1.28803
lcl|NC_052666.1_mrna_XM_026133133.2_7515	3539	3340	1.21052e-08	1.01798e-09
lcl|NC_052666.1_mrna_XM_011177516.3_7516	1944	1745	972	156.454
lcl|NC_052666.1_mrna_XM_011177515.3_7517	1283	1084	423	109.604
lcl|NC_052666.1_mrna_XM_011177508.3_7518	4733	4534	428.209	26.5271
lcl|NC_052666.1_mrna_XM_011177509.3_7519	743	544	314.791	162.532
lcl|NC_052666.1_mrna_XM_011177512.3_7520	9308	9109	271.199	8.36245
lcl|NC_052666.1_mrna_XM_011177511.3_7521	1195	996	10.2967	2.90371
lcl|NC_052666.1_mrna_XM_026133158.2_7522	1198	999	0.504229	0.141768
lcl|NC_052666.1_mrna_XM_011177513.3_7523	1146	947	54.8943	16.2815
lcl|NC_052666.1_mrna_XM_011177514.3_7524	1220	1021	161.052	44.3053
lcl|NC_052666.1_mrna_XM_026133157.2_7525	989	790	90.0537	32.0177
lcl|NC_052666.1_mrna_XM_026133161.2_7526	509	310	3	2.71816
lcl|NC_052666.1_mrna_XM_011177507.3_7527	2812	2613	2366	254.326
lcl|NC_052666.1_mrna_XM_011177506.3_7528	3156	2957	557.711	52.9754
lcl|NC_052666.1_mrna_XM_039446731.1_7529	2875	2676	45.2886	4.75356
lcl|NC_052666.1_mrna_XM_011177505.3_7530	1263	1064	331	87.378
lcl|NC_052666.1_mrna_XM_026133216.2_7531	12549	12350	213	4.84427
lcl|NC_052666.1_mrna_XM_011177502.3_7532	1464	1265	318	70.6077
lcl|NC_052666.1_mrna_XM_011177504.3_7533	6376	6177	5.78679	0.263133
lcl|NC_052666.1_mrna_XM_011177503.3_7534	5412	5213	655.213	35.3029
lcl|NC_052666.1_mrna_XM_011177497.3_7535	3537	3338	168	14.1364
lcl|NC_052666.1_mrna_XM_026133860.2_7536	6972	6773	167.695	6.95431
lcl|NC_052666.1_mrna_XM_026133861.2_7537	4791	4592	60.3054	3.68867
lcl|NC_052666.1_mrna_XM_011165201.3_7538	2948	2749	640.611	65.4539
lcl|NC_052666.1_mrna_XM_039447375.1_7539	2999	2800	41.389	4.15186
lcl|NC_052666.1_ncrna_XR_003268604.2_7540	4331	4132	44	2.99094
lcl|NC_052666.1_mrna_XM_026133845.2_7541	6060	5861	0	0
lcl|NC_052666.1_mrna_XM_026133847.2_7542	5996	5797	46.5806	2.25693
lcl|NC_052666.1_mrna_XM_026133848.2_7543	6391	6192	11.749	0.532949
lcl|NC_052666.1_mrna_XM_011174519.3_7544	1127	928	155.833	47.1659
lcl|NC_052666.1_mrna_XM_011174527.3_7545	1116	917	15.1668	4.64558
lcl|NC_052666.1_mrna_XM_011174540.3_7546	4355	4156	262	17.7069
lcl|NC_052666.1_mrna_XM_011174508.3_7547	2721	2522	808.33	90.0242
lcl|NC_052666.1_mrna_XM_026133820.2_7548	2523	2324	57.751	6.97974
lcl|NC_052666.1_mrna_XM_039446430.1_7549	2485	2286	5.91885	0.727238
lcl|NC_052666.1_mrna_XM_026133819.2_7550	2133	1934	568.665	82.5878
lcl|NC_052666.1_mrna_XM_039446429.1_7551	1825	1626	113.335	19.5776
lcl|NC_052666.1_mrna_XM_039446431.1_7552	6755	6556	1	0.0428427
lcl|NC_052666.1_mrna_XM_039446428.1_7553	4494	4295	30.5066	1.99502
lcl|NC_052666.1_mrna_XM_026133867.2_7554	4588	4389	229.493	14.6866
lcl|NC_052666.1_mrna_XM_011174458.3_7555	1052	853	241.095	79.3879
lcl|NC_052666.1_mrna_XM_011174468.3_7556	593	394	291.368	207.712
lcl|NC_052666.1_mrna_XM_011174462.3_7557	951	752	83.9828	31.3681
lcl|NC_052666.1_mrna_XM_011174474.3_7558	320	121	0	0
lcl|NC_052666.1_mrna_XM_011174436.3_7559	1870	1671	1272	213.809
lcl|NC_052666.1_mrna_XM_011174453.3_7560	1671	1472	170.194	32.4751
lcl|NC_052666.1_mrna_XM_026133841.2_7561	1785	1586	42.5326	7.53242
lcl|NC_052666.1_mrna_XM_026133838.1_7562	1552	1353	447.274	92.852
lcl|NC_052666.1_mrna_XM_011174429.3_7563	3118	2919	928	89.2955
lcl|NC_052666.1_mrna_XM_039447325.1_7564	15819	15620	4.05611e-08	7.29364e-10
lcl|NC_052666.1_mrna_XM_039447324.1_7565	15921	15722	0	0
lcl|NC_052666.1_mrna_XM_039447323.1_7566	15923	15724	0	0
lcl|NC_052666.1_mrna_XM_026133789.2_7567	15912	15713	0	0
lcl|NC_052666.1_mrna_XM_039447326.1_7568	15614	15415	234	4.26371
lcl|NC_052666.1_mrna_XM_039447327.1_7569	9759	9560	0	0
lcl|NC_052666.1_mrna_XM_039447328.1_7570	9753	9554	15.109	0.444187
lcl|NC_052666.1_mrna_XM_026133880.2_7571	10710	10511	89.891	2.40208
lcl|NC_052666.1_mrna_XM_011174382.3_7572	10985	10786	98.5364	2.56597
lcl|NC_052666.1_mrna_XM_011174392.3_7573	10938	10739	62.4636	1.63372
lcl|NC_052666.1_mrna_XM_011174373.3_7574	984	785	156	55.8175
lcl|NC_052666.1_mrna_XM_011174364.3_7575	828	629	1	0.446545
lcl|NC_052666.1_ncrna_XR_005574406.1_7576	2771	2572	33.7942	3.69052
lcl|NC_052666.1_ncrna_XR_005574407.1_7577	1408	1209	1.58463	0.368143
lcl|NC_052666.1_ncrna_XR_005574405.1_7578	1600	1401	4.88306	0.97897
lcl|NC_052666.1_trna_7579	73	3.5471	0	0
lcl|NC_052666.1_mrna_XM_026133931.2_7580	2201	2002	3549.94	498.049
lcl|NC_052666.1_mrna_XM_026133925.2_7581	4713	4514	181.151	11.2718
lcl|NC_052666.1_mrna_XM_026133929.2_7582	4706	4507	233.648	14.561
lcl|NC_052666.1_mrna_XM_026133928.2_7583	4713	4514	0.420567	0.0261691
lcl|NC_052666.1_mrna_XM_026133927.2_7584	4929	4730	0	0
lcl|NC_052666.1_mrna_XM_026133930.2_7585	4854	4655	0	0
lcl|NC_052666.1_mrna_XM_026133926.2_7586	4997	4798	61.8425	3.62029
lcl|NC_052666.1_mrna_XM_011174326.3_7587	1275	1076	347	90.5801
lcl|NC_052666.1_mrna_XM_011174311.3_7588	3349	3150	340.746	30.3833
lcl|NC_052666.1_mrna_XM_011174318.3_7589	2254	2055	0	0
lcl|NC_052666.1_mrna_XM_011174322.3_7590	2485	2286	6.25429	0.768453
lcl|NC_052666.1_mrna_XM_039446809.1_7591	3109	2910	0	0
lcl|NC_052666.1_mrna_XM_039446808.1_7592	3147	2948	0	0
lcl|NC_052666.1_mrna_XM_011174300.3_7593	2726	2527	0	0
lcl|NC_052666.1_mrna_XM_039446810.1_7594	2765	2566	8.34472	0.91342
lcl|NC_052666.1_mrna_XM_011174285.3_7595	2150	1951	92.6553	13.3392
lcl|NC_052666.1_mrna_XM_039446811.1_7596	2186	1987	1.00566e-06	1.42157e-07
lcl|NC_052666.1_ncrna_XR_005574318.1_7597	662	463	0	0
lcl|NC_052666.1_mrna_XM_011174262.3_7598	2402	2203	1019	129.92
lcl|NC_052666.1_mrna_XM_011174242.3_7599	3062	2863	192.276	18.8634
lcl|NC_052666.1_mrna_XM_011174237.3_7600	3027	2828	884.724	87.8707
lcl|NC_052666.1_ncrna_XR_005574319.1_7601	7735	7536	4.99582	0.186201
lcl|NC_052666.1_mrna_XM_026133956.2_7602	3958	3759	1119.98	83.6861
lcl|NC_052666.1_mrna_XM_026133952.2_7603	4042	3843	4.96402	0.36281
lcl|NC_052666.1_mrna_XM_026133954.2_7604	4001	3802	807.484	59.6537
lcl|NC_052666.1_mrna_XM_026133955.2_7605	4066	3867	85.5366	6.21289
lcl|NC_052666.1_mrna_XM_039446812.1_7606	3923	3724	2.03571	0.15354
lcl|NC_052666.1_mrna_XM_039446813.1_7607	943	744	130.625	49.314
lcl|NC_052666.1_mrna_XM_011174215.3_7608	2053	1854	798.353	120.949
lcl|NC_052666.1_mrna_XM_011174206.3_7609	2213	2014	1500	209.193
lcl|NC_052666.1_mrna_XM_039447087.1_7610	7029	6830	24.5683	1.01035
lcl|NC_052666.1_mrna_XM_011174107.3_7611	6195	5996	86.4317	4.04881
lcl|NC_052666.1_mrna_XM_011174182.3_7612	2604	2405	33.4584	3.90756
lcl|NC_052666.1_mrna_XM_011174120.3_7613	2324	2125	25.9596	3.43127
lcl|NC_052666.1_mrna_XM_011174179.3_7614	2273	2074	3.61891e-06	4.901e-07
lcl|NC_052666.1_mrna_XM_026133889.2_7615	3887	3688	0.00013328	1.01505e-05
lcl|NC_052666.1_mrna_XM_039447085.1_7616	2743	2544	0	0
lcl|NC_052666.1_mrna_XM_039447081.1_7617	3951	3752	0	0
lcl|NC_052666.1_mrna_XM_039447082.1_7618	3805	3606	0.000133911	1.04305e-05
lcl|NC_052666.1_mrna_XM_039447084.1_7619	4815	4616	0	0
lcl|NC_052666.1_mrna_XM_011174128.3_7620	3928	3729	0	0
lcl|NC_052666.1_mrna_XM_026133888.2_7621	3890	3691	0	0
lcl|NC_052666.1_mrna_XM_026133887.2_7622	3924	3725	43.482	3.27868
lcl|NC_052666.1_mrna_XM_026133886.2_7623	3782	3583	0.0820479	0.00643186
lcl|NC_052666.1_mrna_XM_011174147.3_7624	3194	2995	0	0
lcl|NC_052666.1_mrna_XM_011174155.3_7625	2880	2681	8.79137	0.921033
lcl|NC_052666.1_mrna_XM_011174177.3_7626	2842	2643	2.30562e-07	2.45022e-08
lcl|NC_052666.1_mrna_XM_039447086.1_7627	2691	2492	12.3149	1.38803
lcl|NC_052666.1_mrna_XM_039447083.1_7628	2741	2542	98.9115	10.9292
lcl|NC_052666.1_mrna_XM_039447079.1_7629	5476	5277	7.84597	0.417614
lcl|NC_052666.1_mrna_XM_039447078.1_7630	5375	5176	0	0
lcl|NC_052666.1_mrna_XM_026133858.2_7631	6021	5822	68.154	3.28802
lcl|NC_052666.1_mrna_XM_011174087.3_7632	823	624	526	236.765
lcl|NC_052666.1_mrna_XM_026133859.2_7633	656	457	80	49.1688
lcl|NC_052666.1_mrna_XM_026133865.2_7634	2382	2183	676	86.9779
lcl|NC_052666.1_mrna_XM_011174043.3_7635	3130	2931	96.6002	9.25716
lcl|NC_052666.1_mrna_XM_011174053.3_7636	3140	2941	72.9025	6.96247
lcl|NC_052666.1_mrna_XM_026133862.2_7637	3279	3080	124.741	11.3756
lcl|NC_052666.1_mrna_XM_039447080.1_7638	3064	2865	205.756	20.1718
lcl|NC_052666.1_mrna_XM_026133863.2_7639	2814	2615	0	0
lcl|NC_052666.1_mrna_XM_011174014.3_7640	1560	1361	1968	406.146
lcl|NC_052666.1_mrna_XM_011174812.3_7641	1933	1734	0	0
lcl|NC_052666.1_miscrna_XR_005574373.1_7642	789	590	0	0
lcl|NC_052666.1_mrna_XM_011174803.3_7643	771	572	0	0
lcl|NC_052666.1_mrna_XM_039447088.1_7644	754	555	0	0
lcl|NC_052666.1_mrna_XM_011174024.3_7645	1317	1118	81	20.3497
lcl|NC_052666.1_mrna_XM_011158152.3_7646	1929	1730	0	0
lcl|NC_052666.1_ncrna_XR_005574375.1_7647	839	640	0	0
lcl|NC_052666.1_mrna_XM_011173974.3_7648	6703	6504	65.1607	2.81398
lcl|NC_052666.1_mrna_XM_011173992.3_7649	6645	6446	2.4709e-05	1.07666e-06
lcl|NC_052666.1_mrna_XM_011173981.3_7650	6699	6500	67.8393	2.93146
lcl|NC_052666.1_ncrna_XR_005574374.1_7651	1103	904	1	0.310704
lcl|NC_052666.1_ncrna_XR_003268599.2_7652	1217	1018	0	0
lcl|NC_052666.1_mrna_XM_011173964.3_7653	1228	1029	0	0
lcl|NC_052666.1_mrna_XM_011173958.3_7654	1230	1031	27	7.35565
lcl|NC_052666.1_mrna_XM_011173950.3_7655	1985	1786	77	12.1095
lcl|NC_052666.1_mrna_XM_011173940.3_7656	2168	1969	207.414	29.5874
lcl|NC_052666.1_mrna_XM_011173931.3_7657	1367	1168	315	75.7501
lcl|NC_052666.1_mrna_XM_011173921.3_7658	3296	3097	748	67.8385
lcl|NC_052666.1_mrna_XM_026133879.2_7659	6064	5865	143	6.84832
lcl|NC_052666.1_mrna_XM_039447090.1_7660	6100	5901	0	0
lcl|NC_052666.1_mrna_XM_039447091.1_7661	6085	5886	0	0
lcl|NC_052666.1_mrna_XM_039447089.1_7662	6103	5904	5.52173e-08	2.6269e-09
lcl|NC_052666.1_mrna_XM_026133959.2_7663	4131	3932	38.6573	2.76143
lcl|NC_052666.1_mrna_XM_026133960.2_7664	3419	3220	72.3427	6.31037
lcl|NC_052666.1_mrna_XM_011173884.3_7665	2093	1894	9.55096	1.41639
lcl|NC_052666.1_mrna_XM_039447688.1_7666	2480	2281	0	0
lcl|NC_052666.1_mrna_XM_026133958.2_7667	2543	2344	95.449	11.4375
lcl|NC_052666.1_mrna_XM_026133957.2_7668	1961	1762	1	0.159408
lcl|NC_052666.1_mrna_XM_011173876.3_7669	1634	1435	22	4.30612
lcl|NC_052666.1_mrna_XM_011173853.3_7670	1795	1596	0	0
lcl|NC_052666.1_mrna_XM_011173844.3_7671	1708	1509	0	0
lcl|NC_052666.1_mrna_XM_011173831.3_7672	3836	3637	33	2.54851
lcl|NC_052666.1_mrna_XM_026133836.2_7673	1200	1001	0	0
lcl|NC_052666.1_mrna_NM_001304603.1_7674	656	457	1350	829.723
lcl|NC_052666.1_mrna_XM_026133835.2_7675	1450	1251	282.687	63.4694
lcl|NC_052666.1_mrna_XM_011173806.3_7676	1237	1038	15.6987	4.24796
lcl|NC_052666.1_mrna_XM_011173798.3_7677	1499	1300	971.401	209.88
lcl|NC_052666.1_mrna_XM_039446472.1_7678	1389	1190	0	0
lcl|NC_052666.1_mrna_XM_011173785.3_7679	2861	2662	1126.21	118.831
lcl|NC_052666.1_mrna_XM_039446471.1_7680	7104	6905	33.2433	1.35225
lcl|NC_052666.1_mrna_XM_039446470.1_7681	7338	7139	274.757	10.81
lcl|NC_052666.1_mrna_XM_011173762.3_7682	5830	5631	0	0
lcl|NC_052666.1_mrna_XM_039446524.1_7683	3055	2856	0	0
lcl|NC_052666.1_mrna_XM_039446523.1_7684	2990	2791	5	0.503183
lcl|NC_052666.1_mrna_XM_039446525.1_7685	3124	2925	5	0.480131
lcl|NC_052666.1_ncrna_XR_005574269.1_7686	1887	1688	0	0
lcl|NC_052666.1_mrna_XM_011173738.3_7687	3025	2826	16	1.59024
lcl|NC_052666.1_mrna_XM_011173726.3_7688	1314	1115	141.925	35.752
lcl|NC_052666.1_mrna_XM_011173713.3_7689	2525	2326	276	33.3284
lcl|NC_052666.1_mrna_XM_039446581.1_7690	1135	936	2107.81	632.515
lcl|NC_052666.1_mrna_XM_039446582.1_7691	1198	999	222.194	62.4715
lcl|NC_052666.1_mrna_XM_039446565.1_7692	3615	3416	560.442	46.0817
lcl|NC_052666.1_mrna_XM_011174785.3_7693	3722	3523	186.904	14.9013
lcl|NC_052666.1_ncrna_XR_005574278.1_7694	848	649	8.69457	3.76287
lcl|NC_052666.1_mrna_XM_011173695.3_7695	16391	16192	86.6084	1.50236
lcl|NC_052666.1_mrna_XM_026133905.2_7696	16460	16261	1.21693	0.0210201
lcl|NC_052666.1_mrna_XM_011173682.3_7697	2188	1989	981	138.532
lcl|NC_052666.1_mrna_XM_011173668.3_7698	1992	1793	2532	396.642
lcl|NC_052666.1_mrna_XM_011173646.3_7699	1340	1141	48.58	11.9588
lcl|NC_052666.1_mrna_XM_011173655.3_7700	1152	953	20.3327	5.99264
lcl|NC_052666.1_mrna_XM_039446583.1_7701	1084	885	128.087	40.6517
lcl|NC_052666.1_mrna_XM_026133906.2_7702	8975	8776	0.698232	0.022347
lcl|NC_052666.1_mrna_XM_026133908.2_7703	8945	8746	21.6572	0.695519
lcl|NC_052666.1_mrna_XM_039446527.1_7704	8771	8572	0	0
lcl|NC_052666.1_mrna_XM_026133907.2_7705	4318	4119	9.65366	0.658288
lcl|NC_052666.1_mrna_XM_039446579.1_7706	2077	1878	0	0
lcl|NC_052666.1_miscrna_XR_005574272.1_7707	2073	1874	0	0
lcl|NC_052666.1_mrna_XM_039446580.1_7708	2010	1811	14	2.17133
lcl|NC_052666.1_mrna_XM_039446552.1_7709	2914	2715	0	0
lcl|NC_052666.1_mrna_XM_011173622.3_7710	2995	2796	336	33.7534
lcl|NC_052666.1_mrna_XM_026133803.2_7711	2419	2220	1.28698e-07	1.62829e-08
lcl|NC_052666.1_mrna_XM_026133802.2_7712	2403	2204	0.000182129	2.32104e-05
lcl|NC_052666.1_mrna_XM_011173600.3_7713	2474	2275	289.696	35.7666
lcl|NC_052666.1_mrna_XM_011173605.3_7714	2448	2249	77.6284	9.69498
lcl|NC_052666.1_mrna_XM_039446550.1_7715	3549	3350	99.2872	8.32461
lcl|NC_052666.1_mrna_XM_011173585.3_7716	3379	3180	211.917	18.7178
lcl|NC_052666.1_mrna_XM_039446548.1_7717	3564	3365	0	0
lcl|NC_052666.1_mrna_XM_039446549.1_7718	3006	2807	0.0280252	0.00280428
lcl|NC_052666.1_mrna_XM_039446533.1_7719	5930	5731	0.908941	0.0445473
lcl|NC_052666.1_mrna_XM_039446532.1_7720	5942	5743	0	0
lcl|NC_052666.1_mrna_XM_039446531.1_7721	5954	5755	0.914585	0.0446369
lcl|NC_052666.1_mrna_XM_039446530.1_7722	5957	5758	225.115	10.9811
lcl|NC_052666.1_mrna_XM_039446528.1_7723	5966	5767	0	0
lcl|NC_052666.1_mrna_XM_039446529.1_7724	5965	5766	2.47378e-07	1.20504e-08
lcl|NC_052666.1_mrna_XM_039446539.1_7725	5972	5773	39.2043	1.90743
lcl|NC_052666.1_mrna_XM_039446534.1_7726	6104	5905	256.181	12.1855
lcl|NC_052666.1_mrna_XM_039446535.1_7727	6162	5963	54.3705	2.56103
lcl|NC_052666.1_mrna_XM_039446536.1_7728	5942	5743	9.21514	0.450691
lcl|NC_052666.1_mrna_XM_039446540.1_7729	5612	5413	0	0
lcl|NC_052666.1_mrna_XM_039446546.1_7730	3407	3208	81.2017	7.10962
lcl|NC_052666.1_mrna_XM_039446544.1_7731	3416	3217	4.88893	0.426853
lcl|NC_052666.1_mrna_XM_039446543.1_7732	3419	3220	0	0
lcl|NC_052666.1_mrna_XM_039446541.1_7733	3428	3229	0	0
lcl|NC_052666.1_mrna_XM_039446545.1_7734	3465	3266	0	0
lcl|NC_052666.1_mrna_XM_039446538.1_7735	3702	3503	0	0
lcl|NC_052666.1_mrna_XM_039446547.1_7736	3739	3540	0	0
lcl|NC_052666.1_mrna_XM_039446537.1_7737	3714	3515	0	0
lcl|NC_052666.1_mrna_XM_011173574.3_7738	1008	809	0	0
lcl|NC_052666.1_mrna_XM_011173566.3_7739	974	775	178.128	64.5575
lcl|NC_052666.1_mrna_XM_011173562.3_7740	1100	901	52.1485	16.2567
lcl|NC_052666.1_mrna_XM_026133814.2_7741	1068	869	15.7064	5.07659
lcl|NC_052666.1_mrna_XM_039446584.1_7742	1085	886	44.8827	14.2286
lcl|NC_052666.1_mrna_XM_039446585.1_7743	1023	824	249.117	84.9166
lcl|NC_052666.1_mrna_XM_039447639.1_7744	1987	1788	850	133.526
lcl|NC_052666.1_mrna_XM_011173498.3_7745	2852	2653	139.016	14.7178
lcl|NC_052666.1_mrna_XM_011173503.3_7746	2827	2628	157.589	16.8429
lcl|NC_052666.1_mrna_XM_039446559.1_7747	2933	2734	192.395	19.7656
lcl|NC_052666.1_mrna_XM_026133813.2_7748	3523	3324	41.4523	3.5027
lcl|NC_052666.1_mrna_XM_039446578.1_7749	3420	3221	0	0
lcl|NC_052666.1_mrna_XM_011173523.3_7750	3251	3052	110.899	10.206
lcl|NC_052666.1_mrna_XM_039446575.1_7751	4580	4381	13.5053	0.865857
lcl|NC_052666.1_mrna_XM_039446576.1_7752	3837	3638	0	0
lcl|NC_052666.1_mrna_XM_011173542.3_7753	3356	3157	15.1439	1.34734
lcl|NC_052666.1_mrna_XM_039446561.1_7754	3753	3554	0	0
lcl|NC_052666.1_mrna_XM_011173550.3_7755	2685	2486	116	13.1061
lcl|NC_052666.1_mrna_XM_026133805.2_7756	4452	4253	60.0895	3.96843
lcl|NC_052666.1_mrna_XM_039446562.1_7757	3815	3616	23.9105	1.85728
lcl|NC_052666.1_mrna_XM_011173420.3_7758	2400	2201	12.0269	1.53479
lcl|NC_052666.1_mrna_XM_039446566.1_7759	1467	1268	0	0
lcl|NC_052666.1_mrna_XM_026133810.2_7760	1633	1434	25.1066	4.91762
lcl|NC_052666.1_mrna_XM_026133811.2_7761	1163	964	0	0
lcl|NC_052666.1_mrna_XM_011173413.3_7762	1092	893	53.8665	16.9427
lcl|NC_052666.1_ncrna_XR_005574274.1_7763	1824	1625	14	2.41986
lcl|NC_052666.1_mrna_XM_026133807.2_7764	5417	5218	0	0
lcl|NC_052666.1_mrna_XM_039446563.1_7765	5354	5155	9.97981e-06	5.43763e-07
lcl|NC_052666.1_mrna_XM_026133808.2_7766	5339	5140	0.000185554	1.01396e-05
lcl|NC_052666.1_mrna_XM_039446564.1_7767	5309	5110	0.0658135	0.00361751
lcl|NC_052666.1_mrna_XM_011173442.3_7768	1929	1730	3.59078	0.582986
lcl|NC_052666.1_mrna_XM_026133806.2_7769	5272	5073	96.3432	5.33423
lcl|NC_052666.1_mrna_XM_039446553.1_7770	3978	3779	0	0
lcl|NC_052666.1_mrna_XM_039446554.1_7771	3897	3698	0	0
lcl|NC_052666.1_mrna_XM_039446555.1_7772	3801	3602	0	0
lcl|NC_052666.1_mrna_XM_039446556.1_7773	3738	3539	0	0
lcl|NC_052666.1_mrna_XM_039446557.1_7774	2832	2633	0	0
lcl|NC_052666.1_mrna_XM_039446558.1_7775	2687	2488	0	0
lcl|NC_052666.1_miscrna_XR_005574270.1_7776	3210	3011	0	0
lcl|NC_052666.1_miscrna_XR_005574271.1_7777	3033	2834	2	0.198219
lcl|NC_052666.1_ncrna_XR_005574273.1_7778	3332	3133	1	0.089651
lcl|NC_052666.1_mrna_XM_039446572.1_7779	1558	1359	0	0
lcl|NC_052666.1_mrna_XM_039446571.1_7780	2375	2176	0	0
lcl|NC_052666.1_mrna_XM_039446570.1_7781	2431	2232	0	0
lcl|NC_052666.1_ncrna_XR_005574275.1_7782	638	439	0	0
lcl|NC_052666.1_ncrna_XR_005574277.1_7783	577	378	0	0
lcl|NC_052666.1_ncrna_XR_005574276.1_7784	577	378	0	0
lcl|NC_052666.1_mrna_XM_039446568.1_7785	1436	1237	0	0
lcl|NC_052666.1_mrna_XM_039446569.1_7786	1337	1138	0	0
lcl|NC_052666.1_mrna_XM_039446587.1_7787	477	278	0	0
lcl|NC_052666.1_mrna_XM_039447640.1_7788	4393	4194	2	0.133942
lcl|NC_052666.1_mrna_XM_039446573.1_7789	2082	1883	0	0
lcl|NC_052666.1_mrna_XM_039446588.1_7790	12069	11870	43	1.0175
lcl|NC_052666.1_mrna_XM_011166468.3_7791	3265	3066	491	44.9806
lcl|NC_052666.1_mrna_XM_011166470.3_7792	921	722	656	255.201
lcl|NC_052666.1_mrna_XM_011166474.3_7793	743	544	203.909	105.282
lcl|NC_052666.1_mrna_XM_011166472.3_7794	2180	1981	587.091	83.2409
lcl|NC_052666.1_mrna_XM_026133946.2_7795	1631	1432	97	19.0259
lcl|NC_052666.1_mrna_XM_026133951.2_7796	7757	7558	1321	49.0921
lcl|NC_052666.1_mrna_XM_026133950.2_7797	1414	1215	156.143	36.0963
lcl|NC_052666.1_mrna_XM_026133949.2_7798	1435	1236	0.0520661	0.0118318
lcl|NC_052666.1_mrna_XM_011166493.3_7799	1585	1386	199.77	40.4839
lcl|NC_052666.1_mrna_XM_026133948.2_7800	1371	1172	0	0
lcl|NC_052666.1_mrna_XM_026133947.2_7801	1386	1187	70.0346	16.5721
lcl|NC_052666.1_mrna_XM_011166489.3_7802	710	511	13	7.14559
lcl|NC_052666.1_mrna_XM_026133870.2_7803	2879	2680	661.368	69.3145
lcl|NC_052666.1_mrna_XM_026133871.2_7804	2876	2677	389.632	40.881
lcl|NC_052666.1_mrna_XM_026133875.2_7805	8096	7897	58.6383	2.08562
lcl|NC_052666.1_mrna_XM_011166482.3_7806	2217	2018	0	0
lcl|NC_052666.1_mrna_XM_026133872.2_7807	1966	1767	0	0
lcl|NC_052666.1_mrna_XM_011166484.3_7808	2040	1841	11.3617	1.73342
lcl|NC_052666.1_mrna_XM_039446592.1_7809	1636	1437	0	0
lcl|NC_052666.1_mrna_XM_011166483.3_7810	1636	1437	0	0
lcl|NC_052666.1_mrna_XM_039446591.1_7811	1636	1437	0	0
lcl|NC_052666.1_mrna_XM_039446594.1_7812	1567	1368	0	0
lcl|NC_052666.1_mrna_XM_011166485.3_7813	2155	1956	0	0
lcl|NC_052666.1_mrna_XM_011166481.3_7814	2164	1965	0	0
lcl|NC_052666.1_mrna_XM_026133873.2_7815	2153	1954	0	0
lcl|NC_052666.1_mrna_XM_011166480.3_7816	2163	1964	0	0
lcl|NC_052666.1_mrna_XM_039446596.1_7817	1695	1496	0	0
lcl|NC_052666.1_mrna_XM_039446595.1_7818	1705	1506	0	0
lcl|NC_052666.1_mrna_XM_039446597.1_7819	1306	1107	0	0
lcl|NC_052666.1_mrna_XM_026133874.2_7820	1198	999	0	0
lcl|NC_052666.1_mrna_XM_039446593.1_7821	2589	2390	0	0
lcl|NC_052666.1_mrna_XM_011166479.3_7822	2028	1829	2	0.307137
lcl|NC_052666.1_mrna_XM_039446589.1_7823	2132	1933	0	0
lcl|NC_052666.1_mrna_XM_026133876.2_7824	1310	1111	313	79.1309
lcl|NC_052666.1_mrna_XM_011166477.3_7825	3171	2972	0	0
lcl|NC_052666.1_mrna_XM_011166475.3_7826	3167	2968	0.557657	0.0527738
lcl|NC_052666.1_mrna_XM_011166476.3_7827	3155	2956	32.4423	3.08264
lcl|NC_052666.1_mrna_XM_026133901.2_7828	1727	1528	107	19.6687
lcl|NC_052666.1_mrna_XM_011166498.3_7829	1814	1615	852.852	148.326
lcl|NC_052666.1_mrna_XM_026133877.2_7830	1605	1406	791.148	158.048
lcl|NC_052666.1_mrna_XM_011166500.3_7831	8394	8195	9	0.308467
lcl|NC_052666.1_mrna_XM_011166501.3_7832	8391	8192	0	0
lcl|NC_052666.1_mrna_XM_039447228.1_7833	4293	4094	0	0
lcl|NC_052666.1_mrna_XM_011166503.3_7834	1629	1430	1186	232.951
lcl|NC_052666.1_mrna_XM_026133823.2_7835	3357	3158	261	23.2137
lcl|NC_052666.1_mrna_XM_011166508.3_7836	4624	4425	381	24.184
lcl|NC_052666.1_mrna_XM_011166505.2_7837	636	437	84.9975	54.6312
lcl|NC_052666.1_mrna_XM_011166504.3_7838	631	432	188.409	122.499
lcl|NC_052666.1_mrna_XM_039447230.1_7839	493	294	178.594	170.622
lcl|NC_052666.1_mrna_XM_011166520.2_7840	2649	2450	1500	171.965
lcl|NC_052666.1_mrna_XM_011166519.3_7841	2012	1813	99.0585	15.3465
lcl|NC_052666.1_mrna_XM_039447229.1_7842	2112	1913	126.726	18.6065
lcl|NC_052666.1_mrna_XM_026133855.2_7843	8889	8690	80.5246	2.6027
lcl|NC_052666.1_mrna_XM_039447227.1_7844	8974	8775	0.0266131	0.000851852
lcl|NC_052666.1_mrna_XM_011166513.3_7845	8977	8778	50.5833	1.61855
lcl|NC_052666.1_mrna_XM_011166512.3_7846	8977	8778	0	0
lcl|NC_052666.1_mrna_XM_011166511.3_7847	8980	8781	5.86678e-06	1.8766e-07
lcl|NC_052666.1_mrna_XM_039447226.1_7848	8713	8514	0.0813216	0.0026828
lcl|NC_052666.1_mrna_XM_026133852.2_7849	8707	8508	0	0
lcl|NC_052666.1_mrna_XM_039447225.1_7850	8713	8514	0	0
lcl|NC_052666.1_mrna_XM_026133854.2_7851	8674	8475	7.31427e-07	2.42408e-08
lcl|NC_052666.1_mrna_XM_026133856.2_7852	8716	8517	0	0
lcl|NC_052666.1_mrna_XM_011166521.3_7853	3654	3455	396	32.1931
lcl|NC_052666.1_mrna_XM_011166523.3_7854	5239	5040	258.278	14.3937
lcl|NC_052666.1_mrna_XM_011166524.3_7855	5224	5025	0.82732	0.0462438
lcl|NC_052666.1_ncrna_XR_005574238.1_7856	2111	1912	14.895	2.18811
lcl|NC_052666.1_mrna_XM_011166525.3_7857	4152	3953	7	0.497378
lcl|NC_052666.1_mrna_XM_011166526.3_7858	1407	1208	1119	260.183
lcl|NC_052666.1_mrna_XM_011166535.3_7859	1421	1222	100.509	23.1019
lcl|NC_052666.1_mrna_XM_011166534.3_7860	1474	1275	997.491	219.743
lcl|NC_052666.1_mrna_XM_026133787.2_7861	1964	1765	188	29.9177
lcl|NC_052666.1_mrna_XM_011166537.3_7862	2734	2535	1167.72	129.382
lcl|NC_052666.1_mrna_XM_039447648.1_7863	2501	2302	122.284	14.9204
lcl|NC_052666.1_mrna_XM_039447652.1_7864	1721	1522	1035	191.004
lcl|NC_052666.1_mrna_XM_011166539.3_7865	2141	1942	248.053	35.8765
lcl|NC_052666.1_mrna_XM_011166540.3_7866	1983	1784	174.869	27.5318
lcl|NC_052666.1_mrna_XM_011166541.3_7867	2254	2055	6.39901	0.874615
lcl|NC_052666.1_mrna_XM_011166538.3_7868	590	391	120.679	86.6902
lcl|NC_052666.1_mrna_XM_011166544.3_7869	2921	2722	24.0188	2.47844
lcl|NC_052666.1_mrna_XM_039447649.1_7870	2339	2140	0	0
lcl|NC_052666.1_mrna_XM_039447650.1_7871	2279	2080	0.0002578	3.48125e-05
lcl|NC_052666.1_mrna_XM_011166542.3_7872	2256	2057	17.981	2.45524
lcl|NC_052666.1_mrna_XM_026133818.2_7873	2286	2087	8.86729e-06	1.19339e-06
lcl|NC_052666.1_mrna_XM_026133924.2_7874	2271	2072	2	0.271117
lcl|NC_052666.1_ncrna_XR_005574438.1_7875	401	202	0	0
lcl|NC_052666.1_ncrna_XR_005574437.1_7876	2511	2312	0	0
lcl|NC_052666.1_mrna_XM_026133902.2_7877	1544	1345	1	0.20883
lcl|NC_052666.1_mrna_XM_011166546.3_7878	3295	3096	1	0.0907225
lcl|NC_052666.1_mrna_XM_011166547.3_7879	4553	4354	2	0.12902
lcl|NC_052666.1_mrna_XM_011159316.3_7880	1609	1410	641	127.689
lcl|NC_052666.1_mrna_XM_039446478.1_7881	2160	1961	0	0
lcl|NC_052666.1_mrna_XM_039446479.1_7882	2061	1862	0	0
lcl|NC_052666.1_mrna_XM_026133850.2_7883	2163	1964	0	0
lcl|NC_052666.1_mrna_XM_039446476.1_7884	2241	2042	0	0
lcl|NC_052666.1_miscrna_XR_005574260.1_7885	1824	1625	0	0
lcl|NC_052666.1_ncrna_XR_005574262.1_7886	2409	2210	6.93486	0.881376
lcl|NC_052666.1_ncrna_XR_005574261.1_7887	2283	2084	0	0
lcl|NC_052666.1_mrna_XM_039446475.1_7888	2739	2540	46.7476	5.16941
lcl|NC_052666.1_mrna_XM_039446474.1_7889	3454	3255	132.318	11.4178
lcl|NC_052666.1_miscrna_XR_005574258.1_7890	3789	3590	0	0
lcl|NC_052666.1_miscrna_XR_003268597.2_7891	3424	3225	0	0
lcl|NC_052666.1_miscrna_XR_005574257.1_7892	3216	3017	0	0
lcl|NC_052666.1_miscrna_XR_005574259.1_7893	3242	3043	0.00115033	0.000106178
lcl|NC_052666.1_miscrna_XR_003268595.2_7894	3212	3013	23.7985	2.21854
lcl|NC_052666.1_miscrna_XR_003268596.2_7895	3141	2942	0	0
lcl|NC_052666.1_miscrna_XR_850927.3_7896	3560	3361	101.617	8.49205
lcl|NC_052666.1_mrna_XM_011166550.3_7897	2992	2793	32.3662	3.25489
lcl|NC_052666.1_mrna_XM_026133851.2_7898	2122	1923	4.21731	0.615987
lcl|NC_052666.1_mrna_XM_011166551.3_7899	2685	2486	86	9.71657
lcl|NC_052666.1_mrna_XM_039446795.1_7900	2367	2168	58.3359	7.55774
lcl|NC_052666.1_mrna_XM_026133895.2_7901	2623	2424	0	0
lcl|NC_052666.1_mrna_XM_026133893.2_7902	2571	2372	0	0
lcl|NC_052666.1_mrna_XM_026133894.2_7903	2568	2369	0	0
lcl|NC_052666.1_mrna_XM_011166553.3_7904	2489	2290	11.6641	1.43065
lcl|NC_052666.1_mrna_XM_039446794.1_7905	2344	2145	0	0
lcl|NC_052666.1_mrna_XM_039446796.1_7906	2951	2752	0	0
lcl|NC_052666.1_mrna_XM_011166557.3_7907	1437	1238	0	0
lcl|NC_052666.1_mrna_XM_026133869.2_7908	11371	11172	0	0
lcl|NC_052666.1_mrna_XM_026133831.2_7909	1854	1655	7.18965	1.22018
lcl|NC_052666.1_mrna_XM_039447344.1_7910	1404	1205	0	0
lcl|NC_052666.1_mrna_XM_011166559.3_7911	1378	1179	356	84.8109
lcl|NC_052666.1_mrna_XM_011166563.3_7912	2050	1851	67.8348	10.2935
lcl|NC_052666.1_mrna_XM_026133827.2_7913	3080	2881	0.00562392	0.000548292
lcl|NC_052666.1_mrna_XM_026133826.2_7914	3125	2926	0	0
lcl|NC_052666.1_mrna_XM_039447338.1_7915	2860	2661	461.44	48.7064
lcl|NC_052666.1_mrna_XM_039447337.1_7916	3361	3162	31.5543	2.80293
lcl|NC_052666.1_mrna_XM_039447340.1_7917	1604	1405	3.80106	0.759879
lcl|NC_052666.1_mrna_XM_039447342.1_7918	1589	1390	6	1.21242
lcl|NC_052666.1_mrna_XM_039447341.1_7919	1595	1396	0	0
lcl|NC_052666.1_mrna_XM_011166560.3_7920	1917	1718	157.762	25.7926
lcl|NC_052666.1_mrna_XM_026133829.2_7921	1904	1705	0	0
lcl|NC_052666.1_mrna_XM_011166562.3_7922	1791	1592	148.339	26.1714
lcl|NC_052666.1_mrna_XM_026133832.2_7923	1614	1415	146.074	28.9955
lcl|NC_052666.1_mrna_XM_011166565.3_7924	1046	847	1143	379.034
lcl|NC_052666.1_mrna_NM_001304590.1_7925	522	323	1340	1165.25
lcl|NC_052666.1_mrna_XM_011166567.3_7926	1106	907	462	143.071
lcl|NC_052666.1_miscrna_XR_005574410.1_7927	2243	2044	3.36152	0.461925
lcl|NC_052666.1_mrna_XM_011166570.3_7928	3289	3090	61.0943	5.55339
lcl|NC_052666.1_mrna_XM_011166571.3_7929	3252	3053	0.54417	0.0500637
lcl|NC_052666.1_mrna_XM_011166573.3_7930	5959	5760	168.309	8.20733
lcl|NC_052666.1_mrna_XM_039447339.1_7931	5211	5012	0	0
lcl|NC_052666.1_mrna_XM_011166575.3_7932	3036	2837	202.691	20.0673
lcl|NC_052666.1_mrna_XM_026133834.2_7933	3102	2903	304	29.4132
lcl|NC_052666.1_mrna_XM_011166576.3_7934	1108	909	271	83.7377
lcl|NC_052666.1_mrna_XM_026133825.2_7935	5735	5536	16.5147	0.837897
lcl|NC_052666.1_mrna_XM_011166577.3_7936	5758	5559	0	0
lcl|NC_052666.1_mrna_XM_011166578.3_7937	5604	5405	0.000194002	1.00815e-05
lcl|NC_052666.1_mrna_XM_026133824.2_7938	4739	4540	118.485	7.33033
lcl|NC_052666.1_mrna_XM_011166579.3_7939	1315	1116	912	229.534
lcl|NC_052666.1_mrna_XM_011166580.3_7940	1944	1745	2197	353.631
lcl|NC_052666.1_mrna_XM_026133911.2_7941	3197	2998	0	0
lcl|NC_052666.1_mrna_XM_026133913.2_7942	3191	2992	88	8.26108
lcl|NC_052666.1_mrna_XM_026133912.2_7943	3193	2994	0	0
lcl|NC_052666.1_mrna_XM_039447414.1_7944	2602	2403	7	0.818201
lcl|NC_052666.1_mrna_XM_026133914.2_7945	3401	3202	0	0
lcl|NC_052666.1_mrna_XM_026133903.2_7946	1735	1536	9	1.64576
lcl|NC_052666.1_mrna_XM_026133923.2_7947	1035	836	689	231.488
lcl|NC_052666.1_mrna_XM_011166587.3_7948	2698	2499	69.087	7.76508
lcl|NC_052666.1_mrna_XM_011166588.3_7949	2669	2470	0	0
lcl|NC_052666.1_mrna_XM_039447407.1_7950	2593	2394	0	0
lcl|NC_052666.1_mrna_XM_039447406.1_7951	2476	2277	1.17918	0.145457
lcl|NC_052666.1_mrna_XM_039447408.1_7952	2400	2201	299.628	38.2365
lcl|NC_052666.1_mrna_XM_026133915.1_7953	1952	1753	77.9659	12.4922
lcl|NC_052666.1_mrna_XM_026133917.2_7954	1921	1722	0	0
lcl|NC_052666.1_mrna_XM_039447405.1_7955	1956	1757	3.01594	0.482133
lcl|NC_052666.1_mrna_XM_039447403.1_7956	2198	1999	2.42429	0.340634
lcl|NC_052666.1_mrna_XM_011166586.3_7957	1898	1699	0	0
lcl|NC_052666.1_mrna_XM_011166584.3_7958	2221	2022	26.2491	3.64628
lcl|NC_052666.1_mrna_XM_011166585.3_7959	2183	1984	7.34476	1.0398
lcl|NC_052666.1_mrna_XM_026133916.2_7960	2159	1960	0	0
lcl|NC_052666.1_mrna_XM_026133918.2_7961	5617	5418	2.7216e-08	1.41091e-09
lcl|NC_052666.1_mrna_XM_039447409.1_7962	6472	6273	0	0
lcl|NC_052666.1_mrna_XM_026133919.2_7963	6508	6309	0	0
lcl|NC_052666.1_mrna_XM_026133921.2_7964	6519	6320	299.734	13.3209
lcl|NC_052666.1_mrna_XM_026133922.2_7965	5009	4810	14.5363	0.848839
lcl|NC_052666.1_mrna_XM_039447412.1_7966	4892	4693	0	0
lcl|NC_052666.1_mrna_XM_039447411.1_7967	5024	4825	0	0
lcl|NC_052666.1_mrna_XM_039447413.1_7968	2708	2509	187	20.9342
lcl|NC_052666.1_mrna_XM_011166590.3_7969	5482	5283	1.49718	0.0795992
lcl|NC_052666.1_mrna_XM_039447415.1_7970	5532	5333	302.763	15.9458
lcl|NC_052666.1_mrna_XM_011166591.3_7971	2129	1930	431.215	62.7556
lcl|NC_052666.1_mrna_XM_026133788.2_7972	9810	9611	218	6.37094
lcl|NC_052666.1_mrna_XM_011166593.3_7973	862	663	0	0
lcl|NC_052666.1_mrna_XM_011166592.3_7974	1457	1258	0	0
lcl|NC_052666.1_mrna_XM_039446445.1_7975	1630	1431	4.1962	0.82363
lcl|NC_052666.1_mrna_XM_039447641.1_7976	1431	1232	0	0
lcl|NC_052666.1_mrna_XM_011173619.3_7977	5340	5141	1.26423	0.0690708
lcl|NC_052666.1_mrna_XM_039447693.1_7978	7004	6805	11.5633	0.477276
lcl|NC_052666.1_mrna_XM_011173621.3_7979	686	487	1.17247	0.676222
lcl|NC_052666.1_mrna_XM_039446605.1_7980	5024	4825	0	0
lcl|NC_052666.1_mrna_XM_011173624.3_7981	5023	4824	4.16272	0.242374
lcl|NC_052666.1_mrna_XM_011173625.3_7982	5014	4815	27.0905	1.58029
lcl|NC_052666.1_mrna_XM_011173623.3_7983	5025	4826	2.74675	0.159863
lcl|NC_052666.1_ncrna_XR_005574282.1_7984	2321	2122	0	0
lcl|NC_052666.1_mrna_XM_039447686.1_7985	4984	4785	0.00153627	9.01781e-05
lcl|NC_052666.1_mrna_XM_026132082.2_7986	4980	4781	140.871	8.27598
lcl|NC_052666.1_mrna_XM_026132081.2_7987	2009	1810	130.127	20.1932
lcl|NC_052666.1_mrna_XM_011173629.3_7988	2004	1805	2396	372.842
lcl|NC_052666.1_mrna_XM_011173630.3_7989	1308	1109	637	161.333
lcl|NC_052666.1_mrna_XM_011173631.3_7990	4013	3814	1409	103.764
lcl|NC_052666.1_mrna_XM_026132155.2_7991	1413	1214	32	7.40367
lcl|NC_052666.1_mrna_XM_026132154.2_7992	626	427	161.336	106.126
lcl|NC_052666.1_mrna_XM_011173636.3_7993	795	596	15.0221	7.07948
lcl|NC_052666.1_mrna_XM_011173635.3_7994	834	635	330.831	146.335
lcl|NC_052666.1_mrna_XM_039446454.1_7995	777	578	3.81055	1.85172
lcl|NC_052666.1_mrna_XM_039446455.1_7996	712	513	0	0
lcl|NC_052666.1_mrna_XM_011173638.3_7997	2630	2431	366.001	42.2876
lcl|NC_052666.1_mrna_XM_011173639.3_7998	2585	2386	763.999	89.9369
lcl|NC_052666.1_mrna_XM_011173637.3_7999	737	538	412	215.095
lcl|NC_052666.1_mrna_XM_011173640.3_8000	3259	3060	1361.79	124.998
lcl|NC_052666.1_mrna_XM_011173641.3_8001	3217	3018	1019.21	94.8554
lcl|NC_052666.1_mrna_XM_011173642.3_8002	1133	934	618	185.848
lcl|NC_052666.1_rrna_XR_003268377.1_8003	121	5.0996	0	0
lcl|NC_052666.1_mrna_XM_039446831.1_8004	3007	2808	11.9847	1.1988
lcl|NC_052666.1_mrna_XM_026132142.2_8005	3004	2805	35.0153	3.50623
lcl|NC_052666.1_mrna_XM_011173643.3_8006	10510	10311	24.3492	0.663283
lcl|NC_052666.1_mrna_XM_039446491.1_8007	11238	11039	402.651	10.2451
lcl|NC_052666.1_mrna_XM_011173645.3_8008	1982	1783	240	37.8073
lcl|NC_052666.1_mrna_XM_011173647.3_8009	4393	4194	1	0.0669711
lcl|NC_052666.1_mrna_XM_039447173.1_8010	4894	4695	0	0
lcl|NC_052666.1_mrna_XM_011173648.3_8011	4566	4367	0	0
lcl|NC_052666.1_mrna_XM_026132130.2_8012	5535	5336	8.31434	0.437651
lcl|NC_052666.1_mrna_XM_026132132.2_8013	5818	5619	0	0
lcl|NC_052666.1_mrna_XM_026132128.2_8014	5821	5622	0	0
lcl|NC_052666.1_mrna_XM_026132129.2_8015	5948	5749	0	0
lcl|NC_052666.1_mrna_XM_039447170.1_8016	5278	5079	0	0
lcl|NC_052666.1_mrna_XM_039447172.1_8017	2190	1991	19.6857	2.77712
lcl|NC_052666.1_mrna_XM_011173653.3_8018	13083	12884	0.000220542	4.80791e-06
lcl|NC_052666.1_miscrna_XR_005574382.1_8019	12415	12216	0.0206968	0.000475872
lcl|NC_052666.1_mrna_XM_039447161.1_8020	12936	12737	21.9791	0.484683
lcl|NC_052666.1_mrna_XM_039447162.1_8021	3906	3707	159.44	12.0807
lcl|NC_052666.1_mrna_XM_039447163.1_8022	3811	3612	37.4471	2.91197
lcl|NC_052666.1_mrna_XM_039447165.1_8023	3773	3574	0.0106934	0.000840382
lcl|NC_052666.1_mrna_XM_039447166.1_8024	3664	3465	0	0
lcl|NC_052666.1_mrna_XM_039447167.1_8025	3670	3471	17.9712	1.45425
lcl|NC_052666.1_mrna_XM_039447168.1_8026	3632	3433	0	0
lcl|NC_052666.1_mrna_XM_011173660.3_8027	3103	2904	0	0
lcl|NC_052666.1_mrna_XM_011173658.3_8028	3135	2936	0	0
lcl|NC_052666.1_mrna_XM_039447169.1_8029	1802	1603	20.1306	3.52728
lcl|NC_052666.1_mrna_XM_011173661.3_8030	3278	3079	15.5389	1.41751
lcl|NC_052666.1_mrna_XM_011173662.3_8031	3193	2994	26.4611	2.4824
lcl|NC_052666.1_mrna_XM_039446408.1_8032	4753	4554	0.00634414	0.000391287
lcl|NC_052666.1_mrna_XM_039446409.1_8033	4723	4524	4.80191	0.298131
lcl|NC_052666.1_mrna_XM_039446413.1_8034	4255	4056	0	0
lcl|NC_052666.1_mrna_XM_039446412.1_8035	4241	4042	0	0
lcl|NC_052666.1_mrna_XM_039446407.1_8036	5307	5108	0	0
lcl|NC_052666.1_mrna_XM_039446416.1_8037	5187	4988	0	0
lcl|NC_052666.1_mrna_XM_039446411.1_8038	5058	4859	0	0
lcl|NC_052666.1_mrna_XM_039446414.1_8039	5107	4908	3.70457	0.212007
lcl|NC_052666.1_mrna_XM_039446417.1_8040	2830	2631	6.6609	0.711095
lcl|NC_052666.1_mrna_XM_039446418.1_8041	2631	2432	0	0
lcl|NC_052666.1_mrna_XM_039446405.1_8042	4549	4350	0	0
lcl|NC_052666.1_mrna_XM_039446406.1_8043	4527	4328	4.166	0.270363
lcl|NC_052666.1_mrna_XM_026132069.2_8044	3884	3685	68.4964	5.22091
lcl|NC_052666.1_mrna_XM_039446415.1_8045	3873	3674	0.000195095	1.4915e-05
lcl|NC_052666.1_mrna_XM_039446420.1_8046	779	580	17.0698	8.26638
lcl|NC_052666.1_mrna_XM_026132074.2_8047	787	588	61.9302	29.5829
lcl|NC_052666.1_mrna_XM_011173675.3_8048	1290	1091	802	206.474
lcl|NC_052666.1_mrna_XM_011173678.3_8049	784	585	512	245.827
lcl|NC_052666.1_mrna_XM_011173677.3_8050	2038	1839	576	87.9744
lcl|NC_052666.1_mrna_XM_039446421.1_8051	6308	6109	117.201	5.3886
lcl|NC_052666.1_mrna_XM_011173680.3_8052	6458	6259	31.9072	1.43186
lcl|NC_052666.1_mrna_XM_039446422.1_8053	6473	6274	2.89206	0.129473
lcl|NC_052666.1_ncrna_XR_005574239.1_8054	994	795	663.032	234.252
lcl|NC_052666.1_mrna_XM_026132044.2_8055	5278	5079	233	12.8853
lcl|NC_052666.1_mrna_XM_026132043.2_8056	889	690	218.108	88.7846
lcl|NC_052666.1_mrna_XM_026132042.2_8057	901	702	150.979	60.4081
lcl|NC_052666.1_mrna_XM_026132041.2_8058	1388	1189	469.023	110.797
lcl|NC_052666.1_mrna_XM_011173684.3_8059	1355	1156	467.891	113.685
lcl|NC_052666.1_mrna_XM_011173685.3_8060	1866	1667	647	109.015
lcl|NC_052666.1_mrna_XM_011173880.3_8061	2245	2046	4	0.549124
lcl|NC_052666.1_mrna_XM_011173686.3_8062	1979	1780	72.9778	11.5156
lcl|NC_052666.1_mrna_XM_011173688.3_8063	2136	1937	14.4945	2.1018
lcl|NC_052666.1_mrna_XM_011173687.3_8064	2005	1806	0	0
lcl|NC_052666.1_mrna_XM_026132117.2_8065	2698	2499	521.528	58.6174
lcl|NC_052666.1_mrna_XM_011173689.3_8066	3294	3095	45	4.08383
lcl|NC_052666.1_mrna_XM_011173690.3_8067	3405	3206	0	0
lcl|NC_052666.1_mrna_XM_011173693.3_8068	1942	1743	4	0.644582
lcl|NC_052666.1_mrna_XM_039446495.1_8069	2198	1999	0	0
lcl|NC_052666.1_mrna_XM_039446492.1_8070	2356	2157	0	0
lcl|NC_052666.1_mrna_XM_039446493.1_8071	2237	2038	0	0
lcl|NC_052666.1_mrna_XM_039446496.1_8072	2158	1959	3	0.430133
lcl|NC_052666.1_mrna_XM_039446494.1_8073	1761	1562	0	0
lcl|NC_052666.1_mrna_XM_011173696.3_8074	2508	2309	119	14.4757
lcl|NC_052666.1_miscrna_XR_851230.3_8075	1305	1106	432.864	109.929
lcl|NC_052666.1_mrna_XM_011173700.3_8076	1369	1170	165.136	39.6435
lcl|NC_052666.1_mrna_XM_026132063.2_8077	13341	13142	21	0.448821
lcl|NC_052666.1_mrna_XM_026132065.2_8078	5475	5276	0	0
lcl|NC_052666.1_mrna_XM_039447345.1_8079	3277	3078	0	0
lcl|NC_052666.1_mrna_XM_039447347.1_8080	3253	3054	0	0
lcl|NC_052666.1_mrna_XM_011173698.3_8081	3149	2950	0	0
lcl|NC_052666.1_mrna_XM_039447346.1_8082	3072	2873	1	0.0977643
lcl|NC_052666.1_mrna_XM_026132064.2_8083	871	672	0	0
lcl|NC_052666.1_mrna_XM_011173701.3_8084	1792	1593	30	5.28958
lcl|NC_052666.1_mrna_XM_026132139.2_8085	4544	4345	0.000418687	2.70655e-05
lcl|NC_052666.1_mrna_XM_039446829.1_8086	4501	4302	8.99958	0.587581
lcl|NC_052666.1_mrna_XM_026132138.2_8087	4626	4427	0	0
lcl|NC_052666.1_mrna_XM_011173702.3_8088	2887	2688	98.8532	10.3294
lcl|NC_052666.1_mrna_XM_011173704.3_8089	3300	3101	16.1468	1.46252
lcl|NC_052666.1_mrna_XM_011173705.3_8090	960	761	4	1.47636
lcl|NC_052666.1_mrna_XM_011173706.3_8091	1779	1580	293.103	52.1049
lcl|NC_052666.1_mrna_XM_011173707.3_8092	1770	1571	201.897	36.0969
lcl|NC_052666.1_mrna_XM_011173708.3_8093	1657	1458	1361	262.19
lcl|NC_052666.1_mrna_XM_011173709.3_8094	3804	3605	949	73.9395
lcl|NC_052666.1_mrna_XM_039447320.1_8095	13237	13038	39.7661	0.856679
lcl|NC_052666.1_mrna_XM_039447319.1_8096	9178	8979	0	0
lcl|NC_052666.1_mrna_XM_039447315.1_8097	9867	9668	0	0
lcl|NC_052666.1_miscrna_XR_005574404.1_8098	9859	9660	0	0
lcl|NC_052666.1_mrna_XM_039447318.1_8099	9776	9577	0	0
lcl|NC_052666.1_mrna_XM_039447316.1_8100	7873	7674	0	0
lcl|NC_052666.1_trna_8101	72	3.52559	0	0
lcl|NC_052666.1_mrna_XM_026132097.2_8102	3472	3273	4	0.343265
lcl|NC_052666.1_ncrna_XR_003268367.2_8103	1764	1565	0	0
lcl|NC_052666.1_ncrna_XR_003268368.2_8104	1571	1372	6	1.22832
lcl|NC_052666.1_mrna_XM_011173710.3_8105	881	682	265.037	109.153
lcl|NC_052666.1_mrna_XM_039447204.1_8106	5681	5482	77.9671	3.99474
lcl|NC_052666.1_mrna_XM_039447189.1_8107	9158	8959	0	0
lcl|NC_052666.1_mrna_XM_039447190.1_8108	8933	8734	0	0
lcl|NC_052666.1_mrna_XM_039447202.1_8109	8928	8729	0	0
lcl|NC_052666.1_mrna_XM_039447197.1_8110	8985	8786	0	0
lcl|NC_052666.1_mrna_XM_039447201.1_8111	8934	8735	0	0
lcl|NC_052666.1_mrna_XM_039447195.1_8112	8991	8792	0	0
lcl|NC_052666.1_mrna_XM_039447191.1_8113	9038	8839	3.58328	0.113866
lcl|NC_052666.1_mrna_XM_039447196.1_8114	11273	11074	0	0
lcl|NC_052666.1_mrna_XM_039447192.1_8115	9389	9190	3.26148	0.0996817
lcl|NC_052666.1_mrna_XM_039447194.1_8116	9143	8944	0	0
lcl|NC_052666.1_mrna_XM_039447193.1_8117	9200	9001	0	0
lcl|NC_052666.1_mrna_XM_039447200.1_8118	9083	8884	0	0
lcl|NC_052666.1_mrna_XM_039447199.1_8119	9140	8941	0	0
lcl|NC_052666.1_mrna_XM_039447198.1_8120	8645	8446	0	0
lcl|NC_052666.1_mrna_XM_039447203.1_8121	9243	9044	10.1552	0.315387
lcl|NC_052666.1_mrna_XM_011173715.3_8122	3131	2932	0.5	0.0478985
lcl|NC_052666.1_mrna_XM_039447205.1_8123	1609	1410	0	0
lcl|NC_052666.1_mrna_XM_039447180.1_8124	3646	3447	0.286612	0.0233544
lcl|NC_052666.1_mrna_XM_039447181.1_8125	2885	2686	19.4818	2.03722
lcl|NC_052666.1_mrna_XM_039447207.1_8126	1882	1683	0	0
lcl|NC_052666.1_mrna_XM_039447206.1_8127	1101	902	0	0
lcl|NC_052666.1_mrna_XM_039447178.1_8128	2889	2690	81.7663	8.53764
lcl|NC_052666.1_mrna_XM_039447179.1_8129	2616	2417	0.00901477	0.0010476
lcl|NC_052666.1_mrna_XM_039447182.1_8130	3919	3720	10.4563	0.789494
lcl|NC_052666.1_mrna_XM_039447187.1_8131	2938	2739	0	0
lcl|NC_052666.1_mrna_XM_039447188.1_8132	2840	2641	0.5	0.0531762
lcl|NC_052666.1_mrna_XM_039447183.1_8133	2870	2671	0	0
lcl|NC_052666.1_mrna_XM_039447185.1_8134	2938	2739	0	0
lcl|NC_052666.1_mrna_XM_039447186.1_8135	2840	2641	0.5	0.0531762
lcl|NC_052666.1_mrna_XM_039447184.1_8136	3775	3576	0	0
lcl|NC_052666.1_mrna_XM_039447175.1_8137	4382	4183	2.87918	0.193329
lcl|NC_052666.1_mrna_XM_039447176.1_8138	3107	2908	0	0
lcl|NC_052666.1_mrna_XM_039447177.1_8139	3481	3282	0	0
lcl|NC_052666.1_mrna_XM_026132091.2_8140	3073	2874	0	0
lcl|NC_052666.1_mrna_XM_026132092.2_8141	2520	2321	6.67156	0.807361
lcl|NC_052666.1_mrna_XM_026132093.2_8142	2572	2373	2.44925	0.289902
lcl|NC_052666.1_ncrna_XR_003268378.1_8143	121	5.0996	0	0
lcl|NC_052666.1_ncrna_XR_003268379.1_8144	121	5.0996	0	0
lcl|NC_052666.1_mrna_XM_011173721.3_8145	2858	2659	852.462	90.0476
lcl|NC_052666.1_mrna_XM_039447211.1_8146	4941	4742	0	0
lcl|NC_052666.1_mrna_XM_026132077.2_8147	5764	5565	14.1498	0.714169
lcl|NC_052666.1_mrna_XM_039447212.1_8148	5692	5493	53.288	2.7248
lcl|NC_052666.1_mrna_XM_039447210.1_8149	4436	4237	3.6493	0.241917
lcl|NC_052666.1_mrna_XM_026132079.2_8150	5097	4898	0	0
lcl|NC_052666.1_mrna_XM_026132075.2_8151	5258	5059	137.604	7.63979
lcl|NC_052666.1_mrna_XM_026132076.2_8152	5540	5341	74.3091	3.90783
lcl|NC_052666.1_mrna_XM_039447208.1_8153	5853	5654	0	0
lcl|NC_052666.1_mrna_XM_011173727.3_8154	1187	988	17	4.8329
lcl|NC_052666.1_mrna_XM_011173728.3_8155	2406	2207	417.292	53.1072
lcl|NC_052666.1_mrna_XM_039446396.1_8156	7059	6860	400.67	16.4051
lcl|NC_052666.1_mrna_XM_026132099.2_8157	9762	9563	0.0271511	0.00079746
lcl|NC_052666.1_mrna_XM_026132100.2_8158	9756	9557	0.0509536	0.00149751
lcl|NC_052666.1_mrna_XM_026132101.2_8159	9686	9487	81.178	2.40339
lcl|NC_052666.1_mrna_XM_011173731.3_8160	9691	9492	47.8545	1.41606
lcl|NC_052666.1_mrna_XM_011173732.3_8161	1802	1603	9	1.57697
lcl|NC_052666.1_mrna_XM_039447365.1_8162	2680	2481	570	64.5303
lcl|NC_052666.1_mrna_XM_011173736.3_8163	3532	3333	849	71.5465
lcl|NC_052666.1_mrna_XM_039447366.1_8164	11412	11213	860	21.5423
lcl|NC_052666.1_mrna_XM_011173737.3_8165	645	446	1514	953.469
lcl|NC_052666.1_mrna_XM_039446824.1_8166	2158	1959	28.0126	4.01638
lcl|NC_052666.1_mrna_XM_039446822.1_8167	2168	1969	0	0
lcl|NC_052666.1_mrna_XM_011173739.3_8168	2151	1952	135.987	19.5675
lcl|NC_052666.1_mrna_XM_039446823.1_8169	1710	1511	0	0
lcl|NC_052666.1_mrna_XM_011173745.3_8170	2206	2007	205.518	28.7619
lcl|NC_052666.1_mrna_XM_011173744.3_8171	2763	2564	850.414	93.1597
lcl|NC_052666.1_mrna_XM_011173743.3_8172	1553	1354	579.068	120.123
lcl|NC_052666.1_mrna_XM_011173741.3_8173	2346	2147	367.482	48.075
lcl|NC_052666.1_mrna_XM_039446438.1_8174	1559	1360	179.518	37.0754
lcl|NC_052666.1_mrna_XM_011173746.3_8175	2423	2224	917	115.811
lcl|NC_052666.1_mrna_XM_011173747.3_8176	1649	1450	7638	1479.54
lcl|NC_052666.1_mrna_XM_011173748.3_8177	2631	2432	128.44	14.8338
lcl|NC_052666.1_mrna_XM_011173752.3_8178	2206	2007	27.2889	3.81904
lcl|NC_052666.1_mrna_XM_011173749.3_8179	2352	2153	38.2715	4.99283
lcl|NC_052666.1_mrna_XM_011173750.3_8180	2138	1939	0	0
lcl|NC_052666.1_mrna_XM_011175990.3_8181	2625	2426	3.78699	0.438449
lcl|NC_052666.1_mrna_XM_039446441.1_8182	3070	2871	1.21301	0.118671
lcl|NC_052666.1_mrna_XM_011173753.3_8183	1553	1354	0.0026154	0.000542543
lcl|NC_052666.1_mrna_XM_039446440.1_8184	1580	1381	0	0
lcl|NC_052666.1_mrna_XM_039446439.1_8185	1545	1346	0.997385	0.208129
lcl|NC_052666.1_mrna_XM_026132108.2_8186	3807	3608	1540	119.886
lcl|NC_052666.1_mrna_XM_011173754.3_8187	2280	2081	575.974	77.7403
lcl|NC_052666.1_mrna_XM_039446788.1_8188	2406	2207	26.9165	3.42556
lcl|NC_052666.1_mrna_XM_026132111.2_8189	2049	1850	83.11	12.6182
lcl|NC_052666.1_mrna_XM_011173755.2_8190	2050	1851	1	0.151743
lcl|NC_052666.1_mrna_XM_026132113.2_8191	2206	2007	3.49673	0.489363
lcl|NC_052666.1_mrna_XM_026132112.2_8192	10157	9958	20.5679	0.58014
lcl|NC_052666.1_mrna_XM_039446789.1_8193	10173	9974	4.11013	0.115745
lcl|NC_052666.1_mrna_XM_011173756.3_8194	10154	9955	27.8253	0.78508
lcl|NC_052666.1_mrna_XM_026132114.2_8195	2773	2574	0	0
lcl|NC_052666.1_mrna_XM_026132110.2_8196	6015	5816	3	0.144881
lcl|NC_052666.1_mrna_XM_039447642.1_8197	564	365	0	0
lcl|NC_052666.1_mrna_XM_039446786.1_8198	2473	2274	0	0
lcl|NC_052666.1_mrna_XM_011173758.3_8199	1715	1516	1	0.185275
lcl|NC_052666.1_mrna_XM_039446787.1_8200	2083	1884	0	0
lcl|NC_052666.1_mrna_XM_011173763.3_8201	1542	1343	123	25.7244
lcl|NC_052666.1_mrna_XM_039446785.1_8202	1587	1388	100	20.2361
lcl|NC_052666.1_mrna_XM_011173760.3_8203	3295	3096	237	21.5012
lcl|NC_052666.1_mrna_XM_039446792.1_8204	920	721	51	19.8678
lcl|NC_052666.1_mrna_XM_011173765.3_8205	1542	1343	14	2.92798
lcl|NC_052666.1_mrna_XM_011173764.3_8206	1652	1453	37	7.1524
lcl|NC_052666.1_mrna_XM_011173769.3_8207	3125	2926	864.708	83.0063
lcl|NC_052666.1_mrna_XM_011173768.3_8208	1156	957	385.502	113.144
lcl|NC_052666.1_mrna_XM_039446790.1_8209	1011	812	378.79	131.026
lcl|NC_052666.1_mrna_XM_039446778.1_8210	8412	8213	0	0
lcl|NC_052666.1_miscrna_XR_851234.3_8211	8252	8053	0	0
lcl|NC_052666.1_miscrna_XR_005574313.1_8212	8360	8161	3.02384e-06	1.04071e-07
lcl|NC_052666.1_mrna_XM_011173770.3_8213	8616	8417	151	5.0389
lcl|NC_052666.1_mrna_XM_011173771.3_8214	1045	846	951	315.737
lcl|NC_052666.1_mrna_XM_026132105.2_8215	3273	3074	1061.26	96.9694
lcl|NC_052666.1_mrna_XM_026132106.2_8216	2723	2524	384.738	42.8145
lcl|NC_052666.1_mrna_XM_026132104.2_8217	2282	2083	954	128.64
lcl|NC_052666.1_mrna_XM_026132035.2_8218	2605	2406	538	62.8062
lcl|NC_052666.1_mrna_XM_011173776.3_8219	1025	826	1807	614.46
lcl|NC_052666.1_mrna_XM_039446783.1_8220	2443	2244	1203.57	150.649
lcl|NC_052666.1_miscrna_XR_005574314.1_8221	2362	2163	247.627	32.1556
lcl|NC_052666.1_mrna_XM_039446780.1_8222	2903	2704	805.811	83.7032
lcl|NC_052666.1_mrna_XM_011173781.3_8223	2686	2487	9.81514	1.1085
lcl|NC_052666.1_mrna_XM_011173782.3_8224	2589	2390	238.384	28.0153
lcl|NC_052666.1_mrna_XM_039446781.1_8225	2572	2373	149.211	17.6611
lcl|NC_052666.1_mrna_XM_011173783.3_8226	2438	2239	151.579	19.0151
lcl|NC_052666.1_mrna_XM_011173780.3_8227	1177	978	71	20.3908
lcl|NC_052666.1_mrna_XM_039446782.1_8228	3876	3677	18.021	1.37658
lcl|NC_052666.1_mrna_XM_011173786.3_8229	3424	3225	33	2.87409
lcl|NC_052666.1_mrna_XM_011173788.3_8230	1916	1717	86.1357	14.0906
lcl|NC_052666.1_mrna_XM_011173787.3_8231	1905	1706	0.80525	0.132577
lcl|NC_052666.1_mrna_XM_011173789.3_8232	1862	1663	766.766	129.505
lcl|NC_052666.1_mrna_XM_011173790.3_8233	2102	1903	2197.04	324.276
lcl|NC_052666.1_mrna_XM_011173791.3_8234	1510	1311	1310.37	280.741
lcl|NC_052666.1_mrna_XM_026132144.2_8235	1527	1328	203.518	43.0447
lcl|NC_052666.1_mrna_XM_011173794.3_8236	10155	9956	0.211893	0.00597788
lcl|NC_052666.1_mrna_XM_011173793.3_8237	10437	10238	192.387	5.27808
lcl|NC_052666.1_mrna_XM_011173792.3_8238	10440	10241	143.401	3.93302
lcl|NC_052666.1_mrna_XM_011173795.3_8239	1823	1624	1031	178.315
lcl|NC_052666.1_mrna_XM_039446779.1_8240	3295	3096	428	38.8292
lcl|NC_052666.1_mrna_XM_011173800.3_8241	2448	2249	52	6.49426
lcl|NC_052666.1_mrna_XM_011173799.3_8242	2449	2250	5.85868e-08	7.31363e-09
lcl|NC_052666.1_mrna_XM_011173801.3_8243	1194	995	94	26.5351
lcl|NC_052666.1_mrna_XM_011173802.3_8244	2547	2348	114	13.6371
lcl|NC_052666.1_mrna_XM_039446784.1_8245	1437	1238	0	0
lcl|NC_052666.1_mrna_XM_026132037.2_8246	1039	840	919	307.292
lcl|NC_052666.1_mrna_XM_039447390.1_8247	753	554	1	0.506998
lcl|NC_052666.1_mrna_XM_011173804.3_8248	3825	3626	516	39.9703
lcl|NC_052666.1_mrna_XM_011173803.3_8249	2404	2205	66	8.40719
lcl|NC_052666.1_mrna_XM_011173805.3_8250	4466	4267	112	7.37244
lcl|NC_052666.1_mrna_XM_011173807.3_8251	3188	2989	694	65.2153
lcl|NC_052666.1_mrna_XM_011173808.3_8252	2909	2710	193	20.0034
lcl|NC_052666.1_mrna_XM_026132121.2_8253	2014	1815	419.91	64.9824
lcl|NC_052666.1_mrna_XM_039447393.1_8254	2041	1842	362.252	55.2379
lcl|NC_052666.1_mrna_XM_011173812.3_8255	1465	1266	477.72	105.988
lcl|NC_052666.1_mrna_XM_039447392.1_8256	1492	1293	386.117	83.8757
lcl|NC_052666.1_ncrna_XR_005574423.1_8257	1465	1266	61.9999	13.7554
lcl|NC_052666.1_ncrna_XR_005574422.1_8258	1065	866	7.19219e-05	2.3327e-05
lcl|NC_052666.1_mrna_XM_011173814.3_8259	10289	10090	68.6296	1.91045
lcl|NC_052666.1_mrna_XM_011173815.3_8260	9068	8869	260.37	8.2458
lcl|NC_052666.1_mrna_XM_011173816.3_8261	4235	4036	615	42.7996
lcl|NC_052666.1_mrna_XM_026132120.2_8262	1488	1289	3	0.653708
lcl|NC_052666.1_mrna_XM_011173817.3_8263	3362	3163	197	17.4937
lcl|NC_052666.1_ncrna_XR_005574296.1_8264	544	345	0	0
lcl|NC_052666.1_mrna_XM_026132085.2_8265	1660	1461	1100	211.475
lcl|NC_052666.1_mrna_XM_011173818.3_8266	1259	1060	1019	270.013
lcl|NC_052666.1_mrna_XM_011173824.3_8267	1074	875	360	115.561
lcl|NC_052666.1_mrna_XM_011173820.3_8268	4896	4697	46.7363	2.79479
lcl|NC_052666.1_mrna_XM_039446688.1_8269	5338	5139	0	0
lcl|NC_052666.1_mrna_XM_039446689.1_8270	4293	4094	88.1527	6.04789
lcl|NC_052666.1_mrna_XM_011173823.3_8271	4202	4003	40.111	2.81445
lcl|NC_052666.1_ncrna_XR_005574297.1_8272	2382	2183	4.40618	0.566923
lcl|NC_052666.1_mrna_XM_011173826.3_8273	8372	8173	5.83734	0.200608
lcl|NC_052666.1_mrna_XM_011173825.3_8274	7429	7230	158.163	6.14443
lcl|NC_052666.1_mrna_XM_011173827.3_8275	1771	1572	1008	180.104
lcl|NC_052666.1_mrna_XM_026132145.2_8276	1559	1360	83	17.1417
lcl|NC_052666.1_mrna_XM_026132147.2_8277	1650	1451	0	0
lcl|NC_052666.1_mrna_XM_011173828.3_8278	1446	1247	0	0
lcl|NC_052666.1_mrna_XM_011173829.3_8279	1166	967	10	2.90462
lcl|NC_052666.1_mrna_XM_026132040.2_8280	1149	950	0	0
lcl|NC_052666.1_mrna_XM_011173830.3_8281	1294	1095	5	1.28254
lcl|NC_052666.1_mrna_XM_011173833.3_8282	5060	4861	342.626	19.7975
lcl|NC_052666.1_mrna_XM_011173832.3_8283	4833	4634	330.374	20.0247
lcl|NC_052666.1_mrna_XM_011173834.3_8284	9257	9058	152.404	4.72584
lcl|NC_052666.1_mrna_XM_011173835.3_8285	9473	9274	166.167	5.0326
lcl|NC_052666.1_mrna_XM_039446686.1_8286	5626	5427	3.4295	0.177495
lcl|NC_052666.1_mrna_XM_011173836.3_8287	553	354	141.882	112.574
lcl|NC_052666.1_mrna_XM_011173837.3_8288	547	348	13.5446	10.9321
lcl|NC_052666.1_mrna_XM_039446692.1_8289	411	212	24.5733	32.5569
lcl|NC_052666.1_mrna_XM_039446696.1_8290	4424	4225	0	0
lcl|NC_052666.1_mrna_XM_039446697.1_8291	4421	4222	172.46	11.4732
lcl|NC_052666.1_mrna_XM_011173841.3_8292	3156	2957	634.54	60.2731
lcl|NC_052666.1_mrna_XM_011173840.3_8293	3814	3615	135.848	10.5551
lcl|NC_052666.1_mrna_XM_026132125.2_8294	5413	5214	0	0
lcl|NC_052666.1_mrna_XM_011173839.3_8295	5413	5214	347.072	18.6967
lcl|NC_052666.1_mrna_XM_039446698.1_8296	5314	5115	0	0
lcl|NC_052666.1_mrna_XM_011173845.3_8297	8361	8162	28	0.963556
lcl|NC_052666.1_mrna_XM_011173847.3_8298	8361	8162	112	3.85423
lcl|NC_052666.1_mrna_XM_011173846.3_8299	8580	8381	0	0
lcl|NC_052666.1_mrna_XM_011173843.3_8300	8601	8402	0	0
lcl|NC_052666.1_mrna_XM_039446694.1_8301	8333	8134	0	0
lcl|NC_052666.1_mrna_XM_026132053.2_8302	1103	904	89.284	27.7409
lcl|NC_052666.1_mrna_XM_039446699.1_8303	1022	823	302.716	103.312
lcl|NC_052666.1_mrna_XM_026132051.2_8304	8302	8103	25.416	0.881001
lcl|NC_052666.1_mrna_XM_039446695.1_8305	8217	8018	68.584	2.40255
lcl|NC_052666.1_mrna_XM_026132050.2_8306	7092	6893	0	0
lcl|NC_052666.1_mrna_XM_026132049.2_8307	7096	6897	0	0
lcl|NC_052666.1_mrna_XM_011173848.3_8308	3043	2844	23	2.27151
lcl|NC_052666.1_mrna_XM_026132046.2_8309	1688	1489	637.929	120.335
lcl|NC_052666.1_mrna_XM_011173851.3_8310	1758	1559	334.071	60.1879
lcl|NC_052666.1_mrna_XM_011173852.3_8311	2489	2290	2110	258.799
lcl|NC_052666.1_mrna_XM_039446702.1_8312	1396	1197	228.553	53.6302
lcl|NC_052666.1_mrna_XM_039446701.1_8313	1508	1309	2406.45	516.36
lcl|NC_052666.1_mrna_XM_039446700.1_8314	4474	4275	3676	241.521
lcl|NC_052666.1_mrna_XM_039446703.1_8315	3433	3234	3	0.260554
lcl|NC_052666.1_mrna_XM_011173856.3_8316	3185	2986	264	24.833
lcl|NC_052666.1_mrna_XM_011173857.3_8317	2071	1872	34	5.10139
lcl|NC_052666.1_mrna_XM_011173858.2_8318	729	530	0	0
lcl|NC_052666.1_mrna_XM_011172573.3_8319	2559	2360	26	3.0944
lcl|NC_052666.1_mrna_XM_011165725.3_8320	2403	2204	0	0
lcl|NC_052666.1_mrna_XM_011173859.3_8321	932	733	6223.4	2384.73
lcl|NC_052666.1_mrna_XM_039447353.1_8322	728	529	18.5981	9.87479
lcl|NC_052666.1_mrna_XM_011173870.3_8323	1281	1082	23	5.97058
lcl|NC_052666.1_mrna_XM_011173867.3_8324	5613	5414	0	0
lcl|NC_052666.1_mrna_XM_011173869.3_8325	5601	5402	2.29769e-08	1.19468e-09
lcl|NC_052666.1_mrna_XM_011173868.3_8326	5586	5387	3.73695e-07	1.94844e-08
lcl|NC_052666.1_mrna_XM_039447351.1_8327	5648	5449	0.244526	0.0126045
lcl|NC_052666.1_mrna_XM_011173865.3_8328	5633	5434	3.88232	0.200672
lcl|NC_052666.1_mrna_XM_011173864.3_8329	5636	5437	2.23189	0.1153
lcl|NC_052666.1_mrna_XM_011173866.3_8330	5621	5422	35.6527	1.84692
lcl|NC_052666.1_miscrna_XR_005574414.1_8331	2645	2446	70.1409	8.05435
lcl|NC_052666.1_miscrna_XR_005574415.1_8332	2617	2418	129.131	15
lcl|NC_052666.1_miscrna_XR_003268376.2_8333	2363	2164	0	0
lcl|NC_052666.1_mrna_XM_026132158.2_8334	1903	1704	331.191	54.5915
lcl|NC_052666.1_miscrna_XR_005574417.1_8335	2328	2129	12.5367	1.65395
lcl|NC_052666.1_miscrna_XR_005574416.1_8336	2362	2163	0	0
lcl|NC_052666.1_mrna_XM_026132157.2_8337	3163	2964	684	64.8177
lcl|NC_052666.1_mrna_XM_011164779.3_8338	2156	1957	135.277	19.4155
lcl|NC_052666.1_mrna_XM_011164783.3_8339	2083	1884	72.723	10.8419
lcl|NC_052666.1_mrna_XM_026132149.2_8340	2912	2713	622.847	64.4833
lcl|NC_052666.1_mrna_XM_026132151.2_8341	3070	2871	65.2663	6.38516
lcl|NC_052666.1_mrna_XM_026132150.2_8342	2994	2795	83.8869	8.43001
lcl|NC_052666.1_mrna_XM_026132152.2_8343	2688	2489	0	0
lcl|NC_052666.1_mrna_XM_026132153.2_8344	2666	2467	0	0
lcl|NC_052666.1_mrna_XM_011173875.3_8345	2711	2512	1161.79	129.904
lcl|NC_052666.1_mrna_XM_011173878.3_8346	2909	2710	388	40.2141
lcl|NC_052666.1_mrna_XM_039447355.1_8347	2340	2141	0	0
lcl|NC_052666.1_mrna_XM_011173877.3_8348	3798	3599	1	0.078043
lcl|NC_052666.1_mrna_XM_039447356.1_8349	854	655	360.708	154.678
lcl|NC_052666.1_mrna_XM_039447113.1_8350	1691	1492	3.18269	0.599158
lcl|NC_052666.1_mrna_XM_039447117.1_8351	1131	932	0	0
lcl|NC_052666.1_mrna_XM_039447116.1_8352	1172	973	0	0
lcl|NC_052666.1_mrna_XM_039447115.1_8353	1191	992	4.2539	1.20446
lcl|NC_052666.1_mrna_XM_039447112.1_8354	1678	1479	0	0
lcl|NC_052666.1_mrna_XM_039446799.1_8355	1878	1679	0	0
lcl|NC_052666.1_mrna_XM_039447643.1_8356	987	788	3	1.06933
lcl|NC_052666.1_mrna_XM_039446828.1_8357	1583	1384	0	0
lcl|NC_052667.1_mrna_XM_011161407.3_8358	3204	3005	341.581	31.9275
lcl|NC_052667.1_mrna_XM_026135881.2_8359	7654	7455	68.4194	2.57779
lcl|NC_052667.1_mrna_XM_011164706.3_8360	1332	1133	2184	541.425
lcl|NC_052667.1_mrna_XM_011161406.3_8361	8284	8085	3.73001	0.129582
lcl|NC_052667.1_mrna_XM_026135882.2_8362	8288	8089	2.2712	0.0788634
lcl|NC_052667.1_mrna_XM_011161444.2_8363	899	700	0	0
lcl|NC_052667.1_mrna_XM_039447952.1_8364	1571	1372	0	0
lcl|NC_052667.1_mrna_XM_011161405.3_8365	3567	3368	151	12.5928
lcl|NC_052667.1_mrna_XM_026135895.2_8366	906	707	0	0
lcl|NC_052667.1_mrna_XM_039448639.1_8367	12960	12761	0.00286965	6.31625e-05
lcl|NC_052667.1_mrna_XM_039448641.1_8368	12954	12755	0.00459925	0.00010128
lcl|NC_052667.1_mrna_XM_039448640.1_8369	12957	12758	113.134	2.49074
lcl|NC_052667.1_mrna_XM_039448642.1_8370	12600	12401	0.00679505	0.000153905
lcl|NC_052667.1_mrna_XM_026135889.2_8371	13124	12925	0	0
lcl|NC_052667.1_mrna_XM_026135887.2_8372	2092	1893	4	0.593506
lcl|NC_052667.1_mrna_XM_011161403.3_8373	956	757	749	277.908
lcl|NC_052667.1_ncrna_XR_005574656.1_8374	1133	934	0	0
lcl|NC_052667.1_ncrna_XR_005574657.1_8375	1129	930	21	6.34238
lcl|NC_052667.1_mrna_XM_039448644.1_8376	5934	5735	2.75798	0.135074
lcl|NC_052667.1_mrna_XM_026135893.2_8377	5123	4924	5.40825	0.308499
lcl|NC_052667.1_mrna_XM_026135894.2_8378	5116	4917	22.5292	1.28695
lcl|NC_052667.1_mrna_XM_026135891.2_8379	5168	4969	12.7744	0.722081
lcl|NC_052667.1_mrna_XM_026135890.2_8380	5134	4935	0	0
lcl|NC_052667.1_mrna_XM_026135892.2_8381	5125	4926	0	0
lcl|NC_052667.1_mrna_XM_039448645.1_8382	3976	3777	10.5421	0.783966
lcl|NC_052667.1_mrna_XM_039448646.1_8383	8228	8029	0	0
lcl|NC_052667.1_mrna_XM_011161399.3_8384	1520	1321	503	106.95
lcl|NC_052667.1_mrna_XM_011161400.3_8385	1511	1312	0	0
lcl|NC_052667.1_mrna_XM_011161402.3_8386	895	696	297	119.857
lcl|NC_052667.1_mrna_XM_011161439.3_8387	3071	2872	3	0.293395
lcl|NC_052667.1_mrna_XM_039448647.1_8388	2311	2112	11.1339	1.48071
lcl|NC_052667.1_mrna_XM_011161438.3_8389	2127	1928	1.15348e-08	1.68042e-09
lcl|NC_052667.1_mrna_XM_011161396.3_8390	6782	6583	11.97	0.510725
lcl|NC_052667.1_mrna_XM_011161395.3_8391	7242	7043	9.02998	0.360118
lcl|NC_052667.1_mrna_XM_039447953.1_8392	1908	1709	0	0
lcl|NC_052667.1_mrna_XM_011178071.3_8393	906	707	413	164.076
lcl|NC_052667.1_mrna_XM_011161393.3_8394	2272	2073	820	111.104
lcl|NC_052667.1_mrna_XM_011161392.3_8395	1120	921	767	233.911
lcl|NC_052667.1_mrna_XM_026135879.2_8396	1105	906	0	0
lcl|NC_052667.1_mrna_XM_026135878.2_8397	13258	13059	26.0283	0.559824
lcl|NC_052667.1_mrna_XM_039448655.1_8398	18442	18243	0	0
lcl|NC_052667.1_mrna_XM_039448654.1_8399	18507	18308	6.15865	0.0944845
lcl|NC_052667.1_mrna_XM_039448652.1_8400	18544	18345	0.812911	0.0124463
lcl|NC_052667.1_mrna_XM_039448650.1_8401	18705	18506	0.000127004	1.92761e-06
lcl|NC_052667.1_mrna_XM_039448651.1_8402	18477	18278	0	0
lcl|NC_052667.1_mrna_XM_039448649.1_8403	18514	18315	0	0
lcl|NC_052667.1_mrna_XM_039448658.1_8404	18372	18173	0	0
lcl|NC_052667.1_mrna_XM_011161389.3_8405	18639	18440	0	0
lcl|NC_052667.1_mrna_XM_011161388.3_8406	18675	18476	0	0
lcl|NC_052667.1_mrna_XM_011161391.3_8407	17612	17413	0	0
lcl|NC_052667.1_mrna_XM_011161390.3_8408	17762	17563	0	0
lcl|NC_052667.1_mrna_XM_039448657.1_8409	18509	18310	0	0
lcl|NC_052667.1_mrna_XM_039448656.1_8410	18656	18457	0	0
lcl|NC_052667.1_mrna_XM_039448663.1_8411	1604	1405	0	0
lcl|NC_052667.1_mrna_XM_026135869.2_8412	3662	3463	89	7.2186
lcl|NC_052667.1_mrna_XM_039448664.1_8413	1069	870	28	9.03971
lcl|NC_052667.1_mrna_XM_011161382.3_8414	3485	3286	363	31.0281
lcl|NC_052667.1_mrna_XM_011161385.3_8415	2600	2401	0	0
lcl|NC_052667.1_mrna_XM_011161384.3_8416	2571	2372	501	59.3251
lcl|NC_052667.1_mrna_XM_011161381.3_8417	913	714	167	65.6953
lcl|NC_052667.1_mrna_XM_011161374.3_8418	4033	3834	0.00118767	8.7008e-05
lcl|NC_052667.1_mrna_XM_011161377.3_8419	4153	3954	149.884	10.6471
lcl|NC_052667.1_mrna_XM_011161376.3_8420	4110	3911	0	0
lcl|NC_052667.1_mrna_XM_026135866.2_8421	4135	3936	56.1152	4.00443
lcl|NC_052667.1_mrna_XM_011161380.3_8422	4259	4060	0	0
lcl|NC_052667.1_mrna_XM_011161379.2_8423	4123	3924	102	7.30108
lcl|NC_052667.1_mrna_XM_011161373.2_8424	1497	1298	4119	891.318
lcl|NC_052667.1_mrna_XM_011161372.3_8425	719	520	239	129.095
lcl|NC_052667.1_ncrna_XR_005574658.1_8426	2712	2513	121	13.5241
lcl|NC_052667.1_ncrna_XR_005574659.1_8427	2520	2321	0	0
lcl|NC_052667.1_mrna_XM_039448662.1_8428	5158	4959	53.0195	3.00301
lcl|NC_052667.1_mrna_XM_011161371.3_8429	5060	4861	0	0
lcl|NC_052667.1_mrna_XM_039448660.1_8430	5676	5477	0	0
lcl|NC_052667.1_mrna_XM_011161370.3_8431	672	473	349	207.243
lcl|NC_052667.1_mrna_XM_011161356.3_8432	1991	1792	3459	542.161
lcl|NC_052667.1_mrna_XM_011161358.3_8433	1481	1282	238.467	52.2463
lcl|NC_052667.1_mrna_XM_026135876.2_8434	941	742	0	0
lcl|NC_052667.1_mrna_XM_011161360.3_8435	998	799	248.65	87.4093
lcl|NC_052667.1_mrna_XM_026135877.2_8436	1578	1379	81.883	16.678
lcl|NC_052667.1_mrna_XM_011161362.3_8437	3116	2917	159.108	15.3205
lcl|NC_052667.1_mrna_XM_039447800.1_8438	3006	2807	59.8915	5.99292
lcl|NC_052667.1_mrna_XM_011161364.3_8439	1372	1173	630	150.854
lcl|NC_052667.1_mrna_XM_026135875.2_8440	2795	2596	6	0.649176
lcl|NC_052667.1_mrna_XM_026135874.2_8441	3240	3041	0	0
lcl|NC_052667.1_mrna_XM_039447919.1_8442	3324	3125	22.1913	1.99456
lcl|NC_052667.1_mrna_XM_039447921.1_8443	3036	2837	46.0259	4.55679
lcl|NC_052667.1_miscrna_XR_005574493.1_8444	3972	3773	48.4002	3.6031
lcl|NC_052667.1_mrna_XM_039447925.1_8445	3406	3207	169.55	14.8496
lcl|NC_052667.1_mrna_XM_039447922.1_8446	3741	3542	515.221	40.8565
lcl|NC_052667.1_mrna_XM_039447924.1_8447	4030	3831	73.5093	5.38947
lcl|NC_052667.1_mrna_XM_039447923.1_8448	3986	3787	65.2931	4.8427
lcl|NC_052667.1_mrna_XM_039447926.1_8449	3008	2809	0	0
lcl|NC_052667.1_mrna_XM_039447914.1_8450	6785	6586	0	0
lcl|NC_052667.1_mrna_XM_026133629.2_8451	6710	6511	0	0
lcl|NC_052667.1_mrna_XM_026133624.2_8452	6851	6652	0	0
lcl|NC_052667.1_mrna_XM_026133623.2_8453	6857	6658	0	0
lcl|NC_052667.1_mrna_XM_026133625.2_8454	6848	6649	29.9189	1.26388
lcl|NC_052667.1_mrna_XM_011161342.3_8455	6782	6583	0	0
lcl|NC_052667.1_mrna_XM_026133627.2_8456	6764	6565	0	0
lcl|NC_052667.1_mrna_XM_026133622.2_8457	6443	6244	50.9824	2.29336
lcl|NC_052667.1_mrna_XM_039447913.1_8458	6247	6048	0	0
lcl|NC_052667.1_mrna_XM_039447912.1_8459	6208	6009	156.676	7.32345
lcl|NC_052667.1_mrna_XM_026133626.2_8460	6784	6585	29.9037	1.27551
lcl|NC_052667.1_mrna_XM_011161353.3_8461	6685	6486	73.5191	3.18375
lcl|NC_052667.1_mrna_XM_039447915.1_8462	6456	6257	0	0
lcl|NC_052667.1_mrna_XM_039447918.1_8463	5053	4854	24	1.38876
lcl|NC_052667.1_mrna_XM_011161341.3_8464	5308	5109	0	0
lcl|NC_052667.1_mrna_XM_039447916.1_8465	5967	5768	0	0
lcl|NC_052667.1_mrna_XM_011161340.3_8466	1171	972	626.078	180.916
lcl|NC_052667.1_mrna_XM_026133630.2_8467	973	774	25.9216	9.40669
lcl|NC_052667.1_mrna_XM_039447928.1_8468	880	681	102.635	42.3315
lcl|NC_052667.1_mrna_XM_011161332.3_8469	989	790	279.956	99.5356
lcl|NC_052667.1_mrna_XM_011161336.3_8470	880	681	0.00134125	0.000553195
lcl|NC_052667.1_mrna_XM_011161334.3_8471	880	681	4.0739	1.68027
lcl|NC_052667.1_mrna_XM_011161338.3_8472	2867	2668	56.371	5.93453
lcl|NC_052667.1_mrna_XM_011161337.3_8473	2884	2685	897.963	93.9355
lcl|NC_052667.1_mrna_XM_011161331.3_8474	942	743	514	194.308
lcl|NC_052667.1_mrna_XM_011161326.3_8475	3155	2956	15.7691	1.49837
lcl|NC_052667.1_mrna_XM_011161325.3_8476	3256	3057	0	0
lcl|NC_052667.1_mrna_XM_011161328.3_8477	3227	3028	371.485	34.4589
lcl|NC_052667.1_mrna_XM_011161327.3_8478	3490	3291	64.926	5.54124
lcl|NC_052667.1_mrna_XM_011161329.3_8479	6097	5898	54.8195	2.61064
lcl|NC_052667.1_mrna_XM_011161324.3_8480	3941	3742	0.0497158	0.0037317
lcl|NC_052667.1_mrna_XM_011161323.3_8481	4272	4073	216.793	14.9502
lcl|NC_052667.1_mrna_XM_039447920.1_8482	3915	3716	54.1572	4.09352
lcl|NC_052667.1_mrna_XM_011161322.3_8483	1021	822	1949	665.972
lcl|NC_052667.1_mrna_XM_011161321.3_8484	878	679	468	193.594
lcl|NC_052667.1_mrna_XM_011161320.3_8485	1530	1331	2496	526.723
lcl|NC_052667.1_mrna_XM_026133648.2_8486	3008	2809	13.359	1.33578
lcl|NC_052667.1_mrna_XM_026133647.2_8487	3021	2822	1374.9	136.845
lcl|NC_052667.1_mrna_XM_039447927.1_8488	6224	6025	651.744	30.3833
lcl|NC_052667.1_mrna_XM_026133646.2_8489	6474	6275	1.78238e-07	7.97816e-09
lcl|NC_052667.1_mrna_XM_026133645.2_8490	3476	3277	685	58.7124
lcl|NC_052667.1_mrna_XM_011161317.3_8491	609	410	189.682	129.945
lcl|NC_052667.1_mrna_XM_039447929.1_8492	542	343	45.318	37.1101
lcl|NC_052667.1_mrna_XM_011161318.3_8493	2209	2010	72.9307	10.1913
lcl|NC_052667.1_mrna_XM_026133637.2_8494	2458	2259	688.069	85.5523
lcl|NC_052667.1_ncrna_XR_005574494.1_8495	2652	2453	3.7115	0.424979
lcl|NC_052667.1_miscrna_XR_005574637.1_8496	14164	13965	3.16054	0.0635676
lcl|NC_052667.1_mrna_XM_039448564.1_8497	14224	14025	0	0
lcl|NC_052667.1_mrna_XM_039448565.1_8498	14203	14004	0.192737	0.00386571
lcl|NC_052667.1_mrna_XM_026133676.2_8499	10001	9802	8.64673	0.247772
lcl|NC_052667.1_ncrna_XR_005574497.1_8500	1643	1444	12	2.33416
lcl|NC_052667.1_ncrna_XR_005574496.1_8501	2169	1970	0	0
lcl|NC_052667.1_mrna_XM_026133613.2_8502	4949	4750	0	0
lcl|NC_052667.1_mrna_XM_011161311.3_8503	1944	1745	0	0
lcl|NC_052667.1_mrna_XM_011161310.3_8504	1908	1709	8	1.31481
lcl|NC_052667.1_mrna_XM_011161314.3_8505	2805	2606	7.75521e-08	8.35863e-09
lcl|NC_052667.1_mrna_XM_039447951.1_8506	2760	2561	3	0.329024
lcl|NC_052667.1_mrna_XM_011161309.3_8507	1697	1498	484	90.7506
lcl|NC_052667.1_mrna_XM_011178081.2_8508	1386	1187	1782	421.67
lcl|NC_052667.1_mrna_XM_026133633.2_8509	3171	2972	19.7475	1.86629
lcl|NC_052667.1_mrna_XM_039448539.1_8510	2268	2069	19.7693	2.68378
lcl|NC_052667.1_ncrna_XR_005574632.1_8511	2173	1974	14.9208	2.12305
lcl|NC_052667.1_ncrna_XR_003268569.2_8512	2111	1912	4.5624	0.670225
lcl|NC_052667.1_ncrna_XR_005574631.1_8513	2211	2012	0	0
lcl|NC_052667.1_mrna_XM_011161306.3_8514	593	394	2427.9	1730.82
lcl|NC_052667.1_mrna_XM_011161305.3_8515	572	373	719.879	542.084
lcl|NC_052667.1_mrna_XM_011161304.3_8516	2449	2250	222.218	27.7404
lcl|NC_052667.1_mrna_XM_011161303.3_8517	2145	1946	558	80.5392
lcl|NC_052667.1_mrna_XM_011161302.3_8518	4588	4389	711	45.5009
lcl|NC_052667.1_mrna_XM_011161301.3_8519	655	456	2232	1374.82
lcl|NC_052667.1_mrna_XM_011161300.3_8520	7896	7697	421	15.363
lcl|NC_052667.1_mrna_XM_011161299.3_8521	1106	907	768	237.832
lcl|NC_052667.1_mrna_XM_011161298.3_8522	3540	3341	928.377	78.0483
lcl|NC_052667.1_mrna_XM_011161294.3_8523	3486	3287	751.406	64.2083
lcl|NC_052667.1_mrna_XM_039448540.1_8524	3355	3156	446.212	39.7118
lcl|NC_052667.1_mrna_XM_011161296.3_8525	3474	3275	2455.01	210.551
lcl|NC_052667.1_mrna_XM_026133619.2_8526	3405	3206	205	17.96
lcl|NC_052667.1_mrna_XM_039448536.1_8527	3465	3266	0	0
lcl|NC_052667.1_mrna_XM_026133618.2_8528	3417	3218	0.00015118	1.31954e-05
lcl|NC_052667.1_mrna_XM_039448535.1_8529	3477	3278	0	0
lcl|NC_052667.1_mrna_XM_011161293.3_8530	3240	3041	1083.73	100.097
lcl|NC_052667.1_mrna_XM_011161292.3_8531	3241	3042	281.27	25.9705
lcl|NC_052667.1_mrna_XM_039448537.1_8532	3207	3008	7.82349e-05	7.30531e-06
lcl|NC_052667.1_mrna_XM_039448541.1_8533	751	552	1	0.508835
lcl|NC_052667.1_mrna_XM_011161290.3_8534	2155	1956	627.117	90.0524
lcl|NC_052667.1_mrna_XM_011161291.3_8535	2098	1899	326.883	48.3486
lcl|NC_052667.1_mrna_XM_011161289.3_8536	1529	1330	485	102.425
lcl|NC_052667.1_mrna_XM_011161287.3_8537	785	586	200	95.8624
lcl|NC_052667.1_mrna_XM_011161288.3_8538	1564	1365	230	47.3272
lcl|NC_052667.1_mrna_XM_011161286.3_8539	1853	1654	982	166.76
lcl|NC_052667.1_mrna_XM_011161278.3_8540	1245	1046	3336	895.798
lcl|NC_052667.1_mrna_XM_039448529.1_8541	8190	7991	94.4941	3.32139
lcl|NC_052667.1_mrna_XM_039448532.1_8542	4761	4562	0	0
lcl|NC_052667.1_mrna_XM_039448531.1_8543	4836	4637	0	0
lcl|NC_052667.1_mrna_XM_039448530.1_8544	4838	4639	0	0
lcl|NC_052667.1_mrna_XM_011161283.3_8545	4506	4307	0	0
lcl|NC_052667.1_mrna_XM_039448533.1_8546	4535	4336	0	0
lcl|NC_052667.1_mrna_XM_026133615.2_8547	4088	3889	0	0
lcl|NC_052667.1_mrna_XM_026133616.2_8548	4078	3879	0	0
lcl|NC_052667.1_mrna_XM_026133617.2_8549	4057	3858	0	0
lcl|NC_052667.1_mrna_XM_011161285.3_8550	4047	3848	0	0
lcl|NC_052667.1_mrna_XM_039448534.1_8551	3701	3502	0	0
lcl|NC_052667.1_mrna_XM_039448560.1_8552	2431	2232	9	1.13257
lcl|NC_052667.1_mrna_XM_011161277.3_8553	5152	4953	52	2.94884
lcl|NC_052667.1_mrna_XM_039447954.1_8554	3713	3514	0	0
lcl|NC_052667.1_mrna_XM_011161275.3_8555	3165	2966	52	4.92434
lcl|NC_052667.1_ncrna_XR_003268571.2_8556	2449	2250	2	0.249668
lcl|NC_052667.1_ncrna_XR_003268575.2_8557	13373	13174	4	0.0852821
lcl|NC_052667.1_mrna_XM_026133639.2_8558	617	418	2.2971	1.54355
lcl|NC_052667.1_miscrna_XR_005574633.1_8559	6000	5801	0.0447569	0.00216707
lcl|NC_052667.1_miscrna_XR_003268570.2_8560	5969	5770	9.65814	0.470147
lcl|NC_052667.1_ncrna_XR_005574634.1_8561	1693	1494	6	1.12802
lcl|NC_052667.1_mrna_XM_011161274.3_8562	1803	1604	0	0
lcl|NC_052667.1_mrna_XM_011161272.3_8563	5690	5491	78.6538	4.02331
lcl|NC_052667.1_mrna_XM_039448558.1_8564	5688	5489	113.346	5.80002
lcl|NC_052667.1_mrna_XM_011161273.3_8565	589	390	2	1.44039
lcl|NC_052667.1_mrna_XM_026133659.2_8566	3072	2873	0	0
lcl|NC_052667.1_mrna_XM_026133663.2_8567	3048	2849	0	0
lcl|NC_052667.1_mrna_XM_039448543.1_8568	3024	2825	0	0
lcl|NC_052667.1_mrna_XM_011161250.3_8569	3051	2852	0.45509	0.0448191
lcl|NC_052667.1_mrna_XM_011161255.3_8570	3027	2828	5.3003	0.526425
lcl|NC_052667.1_mrna_XM_026133664.2_8571	3048	2849	0	0
lcl|NC_052667.1_mrna_XM_026133666.2_8572	3024	2825	0	0
lcl|NC_052667.1_mrna_XM_026133669.2_8573	3000	2801	0	0
lcl|NC_052667.1_mrna_XM_026133665.2_8574	3027	2828	1.12665e-06	1.11898e-07
lcl|NC_052667.1_mrna_XM_026133668.2_8575	3003	2804	0.000173311	1.73605e-05
lcl|NC_052667.1_mrna_XM_039448546.1_8576	2979	2780	6.67948e-07	6.7486e-08
lcl|NC_052667.1_mrna_XM_026133670.2_8577	2994	2795	0	0
lcl|NC_052667.1_mrna_XM_039448547.1_8578	2970	2771	0	0
lcl|NC_052667.1_mrna_XM_011161257.3_8579	2973	2774	25.4751	2.57944
lcl|NC_052667.1_mrna_XM_039448548.1_8580	2949	2750	310.537	31.7173
lcl|NC_052667.1_mrna_XM_011161258.3_8581	2970	2771	0	0
lcl|NC_052667.1_mrna_XM_011161261.3_8582	2946	2747	0	0
lcl|NC_052667.1_mrna_XM_039448551.1_8583	2922	2723	0	0
lcl|NC_052667.1_mrna_XM_011161260.3_8584	2949	2750	7.06878e-08	7.21984e-09
lcl|NC_052667.1_mrna_XM_026133671.2_8585	2925	2726	1.21454e-05	1.25142e-06
lcl|NC_052667.1_mrna_XM_039448554.1_8586	2901	2702	3.83896e-08	3.99065e-09
lcl|NC_052667.1_mrna_XM_011161263.3_8587	2934	2735	0	0
lcl|NC_052667.1_mrna_XM_026133672.2_8588	2910	2711	8.84193e-06	9.1608e-07
lcl|NC_052667.1_mrna_XM_011161268.3_8589	2886	2687	4.09883e-05	4.28458e-06
lcl|NC_052667.1_mrna_XM_039448552.1_8590	2913	2714	0	0
lcl|NC_052667.1_mrna_XM_039448555.1_8591	2889	2690	0	0
lcl|NC_052667.1_mrna_XM_011161270.3_8592	2865	2666	7.46475e-05	7.86449e-06
lcl|NC_052667.1_mrna_XM_026133661.2_8593	3069	2870	6.7758e-07	6.63124e-08
lcl|NC_052667.1_mrna_XM_026133667.2_8594	3021	2822	2.19936e-05	2.18904e-06
lcl|NC_052667.1_mrna_XM_039448545.1_8595	2991	2792	4.24503e-08	4.27053e-09
lcl|NC_052667.1_mrna_XM_011161259.3_8596	2967	2768	2.00962e-05	2.03922e-06
lcl|NC_052667.1_mrna_XM_011161262.3_8597	2943	2744	6.72972e-07	6.88857e-08
lcl|NC_052667.1_mrna_XM_039448549.1_8598	2946	2747	0.317597	0.0324738
lcl|NC_052667.1_mrna_XM_011161264.3_8599	2931	2732	0.0396462	0.00407602
lcl|NC_052667.1_mrna_XM_039448553.1_8600	2910	2711	2.49477e-07	2.58474e-08
lcl|NC_052667.1_mrna_XM_011161265.3_8601	2920	2721	119.605	12.3463
lcl|NC_052667.1_mrna_XM_011161267.3_8602	2905	2706	95.6878	9.93217
lcl|NC_052667.1_mrna_XM_011161269.3_8603	2881	2682	485.508	50.8456
lcl|NC_052667.1_mrna_XM_039448556.1_8604	2884	2685	0.000624068	6.52834e-05
lcl|NC_052667.1_mrna_XM_011161271.3_8605	2860	2661	984.482	103.915
lcl|NC_052667.1_mrna_XM_026133660.2_8606	3251	3052	71.5927	6.5887
lcl|NC_052667.1_mrna_XM_011161247.3_8607	5090	4891	4.98134	0.286065
lcl|NC_052667.1_mrna_XM_026133674.2_8608	5031	4832	0	0
lcl|NC_052667.1_mrna_XM_011161248.3_8609	5031	4832	0	0
lcl|NC_052667.1_mrna_XM_011161249.3_8610	4972	4773	44.2014	2.60112
lcl|NC_052667.1_mrna_XM_011161245.3_8611	2421	2222	41	5.18269
lcl|NC_052667.1_mrna_XM_011161240.3_8612	2213	2014	27.5754	3.84573
lcl|NC_052667.1_mrna_XM_011161241.3_8613	2020	1821	252.154	38.893
lcl|NC_052667.1_mrna_XM_011161239.3_8614	2298	2099	463.271	61.9924
lcl|NC_052667.1_mrna_XM_011161243.3_8615	2136	1937	0	0
lcl|NC_052667.1_mrna_XM_011161238.3_8616	1835	1636	1734	297.702
lcl|NC_052667.1_mrna_XM_026133655.2_8617	2491	2292	247.203	30.2939
lcl|NC_052667.1_mrna_XM_026133657.2_8618	2184	1985	164.797	23.3187
lcl|NC_052667.1_mrna_XM_039448559.1_8619	2009	1810	0	0
lcl|NC_052667.1_mrna_XM_026133651.2_8620	1647	1448	84.8241	16.4538
lcl|NC_052667.1_mrna_XM_011161236.3_8621	1817	1618	242.176	42.0405
lcl|NC_052667.1_mrna_XM_011161235.3_8622	640	441	2419	1540.68
lcl|NC_052667.1_ncrna_XR_003268583.1_8623	130	5.57103	0	0
lcl|NC_052667.1_mrna_XM_011161234.3_8624	1578	1379	166	33.8111
lcl|NC_052667.1_mrna_XM_039448561.1_8625	3751	3552	471.735	37.3028
lcl|NC_052667.1_mrna_XM_039448563.1_8626	3472	3273	1.25992	0.108122
lcl|NC_052667.1_mrna_XM_039448562.1_8627	3533	3334	342.634	28.8656
lcl|NC_052667.1_mrna_XM_011161233.3_8628	3470	3271	368.945	31.6808
lcl|NC_052667.1_mrna_XM_011161232.3_8629	2671	2472	594.062	67.4992
lcl|NC_052667.1_mrna_XM_026133650.2_8630	2667	2468	22.3648	2.54528
lcl|NC_052667.1_mrna_XM_011161230.3_8631	1261	1062	618	163.448
lcl|NC_052667.1_mrna_XM_011161228.3_8632	1097	898	44.2434	13.8385
lcl|NC_052667.1_mrna_XM_011161229.3_8633	1069	870	0.00608055	0.00196309
lcl|NC_052667.1_mrna_XM_039447810.1_8634	1063	864	0.0178325	0.00579715
lcl|NC_052667.1_mrna_XM_011161227.3_8635	1141	942	131.858	39.3161
lcl|NC_052667.1_mrna_XM_026133653.2_8636	1045	846	322.875	107.196
lcl|NC_052667.1_mrna_XM_011161226.3_8637	941	742	555	210.09
lcl|NC_052667.1_mrna_XM_011161225.3_8638	3976	3777	140	10.4111
lcl|NC_052667.1_mrna_XM_011161223.3_8639	5555	5356	76.9998	4.03799
lcl|NC_052667.1_mrna_XM_011161224.3_8640	5550	5351	0.000191263	1.00395e-05
lcl|NC_052667.1_mrna_XM_039448157.1_8641	1245	1046	304	81.6315
lcl|NC_052667.1_mrna_XM_011161220.3_8642	2554	2355	681	81.2217
lcl|NC_052667.1_mrna_XM_039448160.1_8643	2086	1887	220.411	32.8079
lcl|NC_052667.1_mrna_XM_039448162.1_8644	2054	1855	39.4299	5.97031
lcl|NC_052667.1_mrna_XM_039448161.1_8645	2060	1861	239.585	36.1601
lcl|NC_052667.1_mrna_XM_011161216.3_8646	2079	1880	0.450452	0.0672987
lcl|NC_052667.1_mrna_XM_011161206.3_8647	2162	1963	9.36441	1.33991
lcl|NC_052667.1_mrna_XM_011161205.3_8648	1969	1770	7.02381	1.11459
lcl|NC_052667.1_mrna_XM_011161208.3_8649	1717	1518	98.7346	18.2689
lcl|NC_052667.1_mrna_XM_011161210.2_8650	1927	1728	444	72.1697
lcl|NC_052667.1_mrna_XM_011161213.3_8651	5871	5672	70	3.46639
lcl|NC_052667.1_trna_8652	73	3.5471	0	0
lcl|NC_052667.1_mrna_XM_026133611.1_8653	528	329	61	52.0774
lcl|NC_052667.1_mrna_XM_011161212.3_8654	3396	3197	618	54.2952
lcl|NC_052667.1_mrna_XM_039448163.1_8655	1141	942	0	0
lcl|NC_052667.1_mrna_XM_011161199.3_8656	1695	1496	579	108.708
lcl|NC_052667.1_mrna_XM_039448166.1_8657	1694	1495	0.000480216	9.02217e-05
lcl|NC_052667.1_mrna_XM_011161201.3_8658	2509	2310	1914	232.726
lcl|NC_052667.1_mrna_XM_011161202.3_8659	2381	2182	571	73.5016
lcl|NC_052667.1_mrna_XM_011161203.3_8660	728	529	221	117.342
lcl|NC_052667.1_mrna_XM_011161204.3_8661	2344	2145	1306.88	171.13
lcl|NC_052667.1_mrna_XM_039448165.1_8662	2349	2150	70.1168	9.16008
lcl|NC_052667.1_mrna_XM_011161198.3_8663	1955	1756	908	145.237
lcl|NC_052667.1_mrna_XM_011161197.3_8664	1899	1700	603	99.6286
lcl|NC_052667.1_mrna_XM_011161196.3_8665	776	577	341	165.995
lcl|NC_052667.1_mrna_XM_011161194.3_8666	3486	3287	0	0
lcl|NC_052667.1_mrna_XM_011161195.3_8667	3382	3183	37	3.26498
lcl|NC_052667.1_mrna_XM_026133636.2_8668	3545	3346	0	0
lcl|NC_052667.1_mrna_XM_039447866.1_8669	3495	3296	0	0
lcl|NC_052667.1_mrna_XM_039447865.1_8670	3576	3377	0	0
lcl|NC_052667.1_mrna_XM_039447867.1_8671	3173	2974	1.01875	0.0962151
lcl|NC_052667.1_mrna_XM_039447957.1_8672	3951	3752	751.934	56.2902
lcl|NC_052667.1_mrna_XM_011161185.3_8673	6101	5902	236	11.2313
lcl|NC_052667.1_ncrna_XR_005574469.1_8674	1089	890	2	0.631184
lcl|NC_052667.1_mrna_XM_039447958.1_8675	5914	5715	89.0777	4.37793
lcl|NC_052667.1_mrna_XM_011161182.3_8676	1595	1396	631.619	127.082
lcl|NC_052667.1_mrna_XM_011161183.3_8677	1560	1361	116.381	24.0183
lcl|NC_052667.1_mrna_XM_011161180.3_8678	2830	2631	324	34.5891
lcl|NC_052667.1_mrna_XM_011161181.3_8679	5045	4846	113.862	6.5995
lcl|NC_052667.1_mrna_XM_026133608.2_8680	4595	4396	0.0716505	0.00457802
lcl|NC_052667.1_mrna_XM_039448374.1_8681	10078	9879	12.6953	0.360949
lcl|NC_052667.1_mrna_XM_026133632.2_8682	11001	10802	13.3832	0.347995
lcl|NC_052667.1_ncrna_XR_005574589.1_8683	1207	1008	60	16.7189
lcl|NC_052667.1_ncrna_XR_003268568.2_8684	1207	1008	60	16.7189
lcl|NC_052667.1_mrna_XM_011161176.3_8685	8009	7810	498	17.9099
lcl|NC_052667.1_mrna_XM_011161175.3_8686	3731	3532	362	28.7875
lcl|NC_052667.1_mrna_XM_011161174.3_8687	1752	1553	784	141.795
lcl|NC_052667.1_mrna_XM_011161170.3_8688	3144	2945	1.95404e-05	1.86365e-06
lcl|NC_052667.1_mrna_XM_011161171.3_8689	3182	2983	212.946	20.0508
lcl|NC_052667.1_mrna_XM_011161172.3_8690	3153	2954	160.986	15.3071
lcl|NC_052667.1_mrna_XM_011161173.3_8691	3090	2891	149.068	14.4828
lcl|NC_052667.1_ncrna_XR_003268581.2_8692	7072	6873	1.00393	0.0410275
lcl|NC_052667.1_ncrna_XR_005574562.1_8693	1268	1069	1	0.262747
lcl|NC_052667.1_ncrna_XR_005574564.1_8694	6809	6610	3	0.127478
lcl|NC_052667.1_mrna_XM_011161164.3_8695	2203	2004	1	0.140158
lcl|NC_052667.1_mrna_XM_011161166.3_8696	663	464	0	0
lcl|NC_052667.1_ncrna_XR_850718.3_8697	447	248	0	0
lcl|NC_052667.1_ncrna_XR_850720.2_8698	441	242	0	0
lcl|NC_052667.1_mrna_XM_039448284.1_8699	451	252	0	0
lcl|NC_052667.1_mrna_XM_039448287.1_8700	642	443	1253	794.444
lcl|NC_052667.1_ncrna_XR_005574563.1_8701	2143	1944	20.4575	2.95577
lcl|NC_052667.1_mrna_XM_039448285.1_8702	1061	862	2	0.651686
lcl|NC_052667.1_mrna_XM_039448286.1_8703	1203	1004	0	0
lcl|NC_052667.1_mrna_XM_026136398.2_8704	5321	5122	0.00290355	0.000159223
lcl|NC_052667.1_mrna_XM_026136400.2_8705	5304	5105	0.081487	0.00448341
lcl|NC_052667.1_mrna_XM_026136399.2_8706	5303	5104	0.09918	0.00545794
lcl|NC_052667.1_mrna_XM_026136401.2_8707	5286	5087	2.81643	0.155508
lcl|NC_052667.1_mrna_XM_039448280.1_8708	5891	5692	0	0
lcl|NC_052667.1_mrna_XM_039448279.1_8709	6965	6766	108	4.4834
lcl|NC_052667.1_mrna_XM_011161160.3_8710	1047	848	232	76.8436
lcl|NC_052667.1_mrna_XM_039448281.1_8711	2793	2594	0	0
lcl|NC_052667.1_mrna_XM_026136402.2_8712	2705	2506	0	0
lcl|NC_052667.1_mrna_XM_039448282.1_8713	2434	2235	0	0
lcl|NC_052667.1_mrna_XM_011161159.3_8714	2356	2157	2	0.260433
lcl|NC_052667.1_mrna_XM_026136403.2_8715	1517	1318	0	0
lcl|NC_052667.1_mrna_XM_039447736.1_8716	3888	3689	16.8896	1.28596
lcl|NC_052667.1_mrna_XM_039447737.1_8717	5636	5437	3.11041	0.160685
lcl|NC_052667.1_mrna_XM_039447735.1_8718	5953	5754	0	0
lcl|NC_052667.1_mrna_XM_011161157.3_8719	5919	5720	0	0
lcl|NC_052667.1_ncrna_XR_005574461.1_8720	3271	3072	0	0
lcl|NC_052667.1_ncrna_XR_850715.3_8721	2835	2636	16	1.70487
lcl|NC_052667.1_mrna_XM_026136422.2_8722	4648	4449	2	0.126265
lcl|NC_052667.1_mrna_XM_011161429.3_8723	2768	2569	2	0.218666
lcl|NC_052667.1_mrna_NM_001319647.1_8724	1916	1717	4	0.654343
lcl|NC_052667.1_mrna_XM_039448139.1_8725	5707	5508	1	0.0509943
lcl|NC_052667.1_mrna_XM_026136424.2_8726	5462	5263	0	0
lcl|NC_052667.1_mrna_XM_039448144.1_8727	1064	865	0	0
lcl|NC_052667.1_mrna_XM_011161426.3_8728	4276	4077	0	0
lcl|NC_052667.1_mrna_XM_011161154.3_8729	4995	4796	958.935	56.1598
lcl|NC_052667.1_mrna_XM_039448140.1_8730	4866	4667	3.39587	0.204376
lcl|NC_052667.1_ncrna_XR_003268872.1_8731	129	5.5143	0	0
lcl|NC_052667.1_miscrna_XR_005574532.1_8732	2691	2492	0.000198831	2.24105e-05
lcl|NC_052667.1_miscrna_XR_850714.3_8733	2661	2462	37.5192	4.28037
lcl|NC_052667.1_miscrna_XR_005574533.1_8734	2098	1899	27.8469	4.11877
lcl|NC_052667.1_mrna_XM_011161142.3_8735	1607	1408	1144.17	228.247
lcl|NC_052667.1_mrna_XM_011161144.2_8736	1519	1320	98.7055	21.0031
lcl|NC_052667.1_mrna_XM_011161145.3_8737	1461	1262	246.345	54.8277
lcl|NC_052667.1_mrna_XM_011161146.3_8738	1478	1279	14.7756	3.24481
lcl|NC_052667.1_ncrna_XR_850713.3_8739	788	589	12	5.72245
lcl|NC_052667.1_miscrna_XR_005574530.1_8740	7184	6985	43.8371	1.76275
lcl|NC_052667.1_miscrna_XR_005574531.1_8741	7130	6931	0.359528	0.0145697
lcl|NC_052667.1_mrna_XM_026136410.2_8742	7914	7715	0	0
lcl|NC_052667.1_mrna_XM_026136412.2_8743	7874	7675	105.119	3.84698
lcl|NC_052667.1_mrna_XM_026136409.2_8744	7957	7758	1.01988e-05	3.69246e-07
lcl|NC_052667.1_mrna_XM_026136413.2_8745	6768	6569	41.9772	1.79486
lcl|NC_052667.1_miscrna_XR_003268868.2_8746	4116	3917	0	0
lcl|NC_052667.1_miscrna_XR_003268867.2_8747	6893	6694	13.7844	0.578386
lcl|NC_052667.1_mrna_XM_026136408.2_8748	7642	7443	0	0
lcl|NC_052667.1_mrna_XM_026136414.2_8749	2691	2492	79.0188	8.90632
lcl|NC_052667.1_mrna_XM_026136417.2_8750	6731	6532	0	0
lcl|NC_052667.1_mrna_XM_026136416.2_8751	6727	6528	0	0
lcl|NC_052667.1_mrna_XM_039448141.1_8752	5808	5609	4	0.200304
lcl|NC_052667.1_mrna_XM_026136425.2_8753	1010	811	5.30248	1.83643
lcl|NC_052667.1_mrna_XM_039448142.1_8754	9662	9463	7	0.207771
lcl|NC_052667.1_mrna_XM_011161139.3_8755	3546	3347	10170.3	853.485
lcl|NC_052667.1_mrna_XM_026136397.2_8756	3422	3223	6910.65	602.247
lcl|NC_052667.1_mrna_XM_011161138.3_8757	5688	5489	154	7.88031
lcl|NC_052667.1_mrna_XM_011161137.3_8758	4881	4682	55.3428	3.32006
lcl|NC_052667.1_mrna_XM_011161136.3_8759	4956	4757	0	0
lcl|NC_052667.1_mrna_XM_026136405.2_8760	4458	4259	10.6572	0.702832
lcl|NC_052667.1_mrna_XM_026136435.2_8761	1966	1767	6.85067	1.08896
lcl|NC_052667.1_mrna_XM_026136434.2_8762	2388	2189	6.08868	0.781255
lcl|NC_052667.1_mrna_XM_026136433.2_8763	3525	3326	34.2095	2.88895
lcl|NC_052667.1_mrna_XM_039448684.1_8764	3605	3406	240.851	19.8619
lcl|NC_052667.1_ncrna_XR_003268871.2_8765	763	564	0	0
lcl|NC_052667.1_mrna_XM_039448687.1_8766	2133	1934	8.02355	1.16527
lcl|NC_052667.1_mrna_XM_039448686.1_8767	2003	1804	32.4927	5.059
lcl|NC_052667.1_mrna_XM_039448685.1_8768	2008	1809	92.8834	14.4217
lcl|NC_052667.1_mrna_XM_011161123.3_8769	1996	1797	114.998	17.9746
lcl|NC_052667.1_mrna_XM_039448688.1_8770	1926	1727	0	0
lcl|NC_052667.1_mrna_XM_026136431.2_8771	5931	5732	277.203	13.5834
lcl|NC_052667.1_mrna_XM_011161127.3_8772	2197	1998	7	0.984053
lcl|NC_052667.1_miscrna_XR_005574668.1_8773	1866	1667	12.3988	2.08911
lcl|NC_052667.1_mrna_XM_011161130.3_8774	1966	1767	0	0
lcl|NC_052667.1_mrna_XM_011161122.3_8775	1297	1098	6	1.53485
lcl|NC_052667.1_mrna_XM_011161120.3_8776	791	592	3	1.42336
lcl|NC_052667.1_mrna_XM_039448682.1_8777	3074	2875	0.000198448	1.93877e-05
lcl|NC_052667.1_mrna_XM_039448683.1_8778	3094	2895	1.89625e-07	1.83977e-08
lcl|NC_052667.1_mrna_XM_011161121.3_8779	3150	2951	369	35.1215
lcl|NC_052667.1_mrna_XM_011161119.3_8780	1853	1654	188	31.9255
lcl|NC_052667.1_mrna_XM_011161117.3_8781	1718	1519	885	163.644
lcl|NC_052667.1_mrna_XM_011161116.3_8782	2219	2020	3022	420.203
lcl|NC_052667.1_mrna_XM_011161115.3_8783	2146	1947	867	125.075
lcl|NC_052667.1_mrna_XM_026134768.2_8784	11599	11400	771	18.9961
lcl|NC_052667.1_mrna_XM_011161113.2_8785	626	427	533.496	350.929
lcl|NC_052667.1_mrna_XM_011161112.3_8786	547	348	1033.5	834.159
lcl|NC_052667.1_ncrna_XR_003268683.1_8787	67	3.42238	0	0
lcl|NC_052667.1_mrna_XM_011161109.3_8788	3293	3094	475.942	43.2066
lcl|NC_052667.1_mrna_XM_011161111.3_8789	3272	3073	125.415	11.4631
lcl|NC_052667.1_mrna_XM_039448078.1_8790	3415	3216	5.40123e-07	4.71729e-08
lcl|NC_052667.1_mrna_XM_011161110.3_8791	3419	3220	108.643	9.47678
lcl|NC_052667.1_mrna_XM_039448075.1_8792	13246	13047	60.0048	1.29179
lcl|NC_052667.1_mrna_XM_011161424.2_8793	1395	1196	4	0.939387
lcl|NC_052667.1_mrna_XM_026134761.2_8794	3388	3189	5.67288	0.499649
lcl|NC_052667.1_mrna_XM_039448087.1_8795	3397	3198	0.335886	0.0295005
lcl|NC_052667.1_mrna_XM_039448086.1_8796	3471	3272	0	0
lcl|NC_052667.1_mrna_XM_011161097.3_8797	1503	1304	0	0
lcl|NC_052667.1_mrna_XM_039448085.1_8798	1795	1596	0	0
lcl|NC_052667.1_mrna_XM_039448080.1_8799	3052	2853	0	0
lcl|NC_052667.1_miscrna_XR_005574516.1_8800	1355	1156	1.68953	0.41051
lcl|NC_052667.1_miscrna_XR_005574515.1_8801	12259	12060	3.11975	0.0726589
lcl|NC_052667.1_mrna_XM_039448084.1_8802	1072	873	0	0
lcl|NC_052667.1_mrna_XM_039448079.1_8803	1496	1297	0	0
lcl|NC_052667.1_mrna_XM_039448082.1_8804	1439	1240	0	0
lcl|NC_052667.1_mrna_XM_039448083.1_8805	2935	2736	1.20366	0.123567
lcl|NC_052667.1_mrna_XM_039448081.1_8806	8561	8362	0	0
lcl|NC_052667.1_mrna_XM_039447959.1_8807	542	343	0	0
lcl|NC_052667.1_mrna_XM_039448076.1_8808	3669	3470	0	0
lcl|NC_052667.1_mrna_XM_011161103.3_8809	2364	2165	4	0.518941
lcl|NC_052667.1_mrna_XM_011161104.3_8810	7646	7447	7.90497e-06	2.9815e-07
lcl|NC_052667.1_mrna_XM_011161105.3_8811	7606	7407	2475.3	93.8646
lcl|NC_052667.1_mrna_XM_039448077.1_8812	2158	1959	1333.68	191.22
lcl|NC_052667.1_ncrna_XR_005574517.1_8813	3179	2980	0	0
lcl|NC_052667.1_ncrna_XR_003268678.2_8814	2995	2796	2.47034e-06	2.48162e-07
lcl|NC_052667.1_ncrna_XR_005574518.1_8815	3108	2909	19	1.83453
lcl|NC_052667.1_mrna_XM_011161106.3_8816	1920	1721	964	157.33
lcl|NC_052667.1_mrna_XM_011161096.3_8817	2587	2388	40.6429	4.78042
lcl|NC_052667.1_mrna_XM_011161094.3_8818	2479	2280	868.357	106.974
lcl|NC_052667.1_mrna_XM_011161093.3_8819	2653	2454	47	5.37946
lcl|NC_052667.1_mrna_XM_011161092.3_8820	1082	883	255	81.1139
lcl|NC_052667.1_mrna_XM_011161090.3_8821	728	529	54.4729	28.9228
lcl|NC_052667.1_mrna_XM_011161088.3_8822	671	472	197.101	117.29
lcl|NC_052667.1_mrna_XM_026134748.2_8823	656	457	0	0
lcl|NC_052667.1_mrna_XM_011161091.3_8824	604	405	229.457	159.134
lcl|NC_052667.1_mrna_XM_011161089.3_8825	609	410	15.6387	10.7135
lcl|NC_052667.1_mrna_XM_026134746.2_8826	588	389	10.3306	7.45918
lcl|NC_052667.1_mrna_XM_039447961.1_8827	3654	3455	1151.42	93.6059
lcl|NC_052667.1_mrna_XM_039447817.1_8828	1238	1039	238.322	64.4264
lcl|NC_052667.1_mrna_XM_026134755.1_8829	1094	895	289.153	90.7445
lcl|NC_052667.1_mrna_XM_011161083.3_8830	5054	4855	104.738	6.05944
lcl|NC_052667.1_mrna_XM_039447813.1_8831	3965	3766	44.2617	3.30113
lcl|NC_052667.1_mrna_XM_039447814.1_8832	4345	4146	0	0
lcl|NC_052667.1_mrna_XM_011161085.3_8833	3411	3212	252	22.0364
lcl|NC_052667.1_mrna_XM_011161086.3_8834	3040	2841	285	28.1766
lcl|NC_052667.1_mrna_XM_011161079.3_8835	4071	3872	401	29.0887
lcl|NC_052667.1_mrna_XM_026134730.2_8836	6772	6573	17.6584	0.754575
lcl|NC_052667.1_mrna_XM_011161078.3_8837	6762	6563	81.3134	3.47997
lcl|NC_052667.1_mrna_XM_011161075.3_8838	6719	6520	16.0175	0.690021
lcl|NC_052667.1_mrna_XM_011161073.3_8839	6800	6601	11.369	0.483757
lcl|NC_052667.1_mrna_XM_011161074.3_8840	6897	6698	130.581	5.47582
lcl|NC_052667.1_mrna_XM_011161077.3_8841	6769	6570	0.297719	0.0127279
lcl|NC_052667.1_mrna_XM_011161076.3_8842	6210	6011	324.903	15.1818
lcl|NC_052667.1_ncrna_XR_003268676.2_8843	1916	1717	28.8607	4.7212
lcl|NC_052667.1_mrna_XM_039447818.1_8844	1951	1752	45.0943	7.22941
lcl|NC_052667.1_mrna_XM_011161068.3_8845	2055	1856	58.9057	8.91446
lcl|NC_052667.1_ncrna_XR_005574473.1_8846	427	228	0	0
lcl|NC_052667.1_mrna_XM_011161071.3_8847	2334	2135	277.871	36.5562
lcl|NC_052667.1_mrna_XM_026134729.2_8848	2612	2413	21.1289	2.45944
lcl|NC_052667.1_mrna_XM_011161072.3_8849	3593	3394	166	13.7376
lcl|NC_052667.1_mrna_XM_011161060.3_8850	12005	11806	0	0
lcl|NC_052667.1_mrna_XM_026134726.2_8851	12008	11809	0	0
lcl|NC_052667.1_mrna_XM_026134725.2_8852	12011	11812	22.7328	0.540562
lcl|NC_052667.1_mrna_XM_026134728.2_8853	11993	11794	23.5127	0.559961
lcl|NC_052667.1_mrna_XM_026134727.2_8854	12005	11806	0	0
lcl|NC_052667.1_mrna_XM_026134724.2_8855	12014	11815	0	0
lcl|NC_052667.1_mrna_XM_026134722.2_8856	12026	11827	0	0
lcl|NC_052667.1_mrna_XM_011161067.3_8857	11743	11544	540.813	13.1585
lcl|NC_052667.1_mrna_XM_011161066.3_8858	11764	11565	8.96563	0.217746
lcl|NC_052667.1_mrna_XM_026134723.2_8859	12022	11823	155.976	3.70548
lcl|NC_052667.1_miscrna_XR_005574472.1_8860	7858	7659	0	0
lcl|NC_052667.1_mrna_XM_011161059.3_8861	1777	1578	153.494	27.3212
lcl|NC_052667.1_mrna_XM_011161058.3_8862	3659	3460	67.506	5.48002
lcl|NC_052667.1_mrna_XM_011161057.3_8863	15790	15591	97.9991	1.76548
lcl|NC_052667.1_mrna_XM_039447812.1_8864	15467	15268	0.000902071	1.65949e-05
lcl|NC_052667.1_mrna_XM_039447816.1_8865	2523	2324	328.772	39.7351
lcl|NC_052667.1_mrna_XM_011161055.3_8866	2155	1956	528.484	75.889
lcl|NC_052667.1_mrna_XM_011161054.3_8867	1833	1634	1397.74	240.265
lcl|NC_052667.1_mrna_XM_026134750.2_8868	2922	2723	43.359	4.47247
lcl|NC_052667.1_mrna_XM_011161052.3_8869	2908	2709	721.641	74.8218
lcl|NC_052667.1_mrna_XM_011161051.3_8870	913	714	6.20558	2.44118
lcl|NC_052667.1_mrna_XM_026134751.2_8871	843	644	28.5855	12.4674
lcl|NC_052667.1_mrna_XM_011161050.3_8872	847	648	13.2089	5.72543
lcl|NC_052667.1_mrna_XM_011161049.2_8873	1058	859	2478	810.259
lcl|NC_052667.1_ncrna_XR_005574693.1_8874	2051	1852	15	2.27492
lcl|NC_052667.1_mrna_XM_011161046.3_8875	2626	2427	217	25.1134
lcl|NC_052667.1_mrna_XM_011161047.3_8876	4072	3873	0.696919	0.0505418
lcl|NC_052667.1_mrna_XM_011161048.3_8877	4056	3857	44.3031	3.22626
lcl|NC_052667.1_mrna_XM_039448636.1_8878	3941	3742	22.8311	1.71371
lcl|NC_052667.1_mrna_XM_026134740.2_8879	8116	7917	34.3594	1.21899
lcl|NC_052667.1_mrna_XM_026134741.2_8880	8134	7935	3.5221	0.124672
lcl|NC_052667.1_mrna_XM_026134738.2_8881	5016	4817	0	0
lcl|NC_052667.1_mrna_XM_039448637.1_8882	3821	3622	16.2874	1.26304
lcl|NC_052667.1_mrna_XM_026134749.2_8883	7353	7154	114	4.47581
lcl|NC_052667.1_mrna_XM_026134772.2_8884	7878	7679	41.9829	1.53562
lcl|NC_052667.1_mrna_XM_026134770.2_8885	8346	8147	0	0
lcl|NC_052667.1_mrna_XM_026134771.2_8886	7938	7739	0.0170904	0.000620274
lcl|NC_052667.1_mrna_XM_026134769.2_8887	8406	8207	0	0
lcl|NC_052667.1_mrna_XM_011161040.3_8888	3470	3271	494.73	42.4819
lcl|NC_052667.1_mrna_XM_011161039.3_8889	3613	3414	522.426	42.981
lcl|NC_052667.1_mrna_XM_011161041.3_8890	3342	3143	470.386	42.0365
lcl|NC_052667.1_mrna_XM_039448638.1_8891	3361	3162	38.4577	3.41615
lcl|NC_052667.1_mrna_XM_011161037.3_8892	4404	4205	0	0
lcl|NC_052667.1_mrna_XM_011161038.3_8893	4364	4165	159	10.7225
lcl|NC_052667.1_miscrna_XR_003268681.2_8894	2277	2078	48.261	6.52329
lcl|NC_052667.1_mrna_XM_011161032.3_8895	1394	1195	281.739	66.2208
lcl|NC_052667.1_mrna_XM_039448862.1_8896	6776	6577	0	0
lcl|NC_052667.1_mrna_XM_039448863.1_8897	6692	6493	0	0
lcl|NC_052667.1_mrna_XM_026134762.2_8898	6653	6454	161.303	7.01987
lcl|NC_052667.1_mrna_XM_026134765.2_8899	6656	6457	0.000132886	5.78049e-06
lcl|NC_052667.1_mrna_XM_026134763.2_8900	6572	6373	0	0
lcl|NC_052667.1_mrna_XM_026134764.2_8901	6533	6334	57.6969	2.55853
lcl|NC_052667.1_mrna_XM_039448864.1_8902	6596	6397	0	0
lcl|NC_052667.1_mrna_XM_011161036.3_8903	6476	6277	0	0
lcl|NC_052667.1_mrna_XM_011161030.3_8904	1873	1674	765	128.358
lcl|NC_052667.1_mrna_XM_011161026.3_8905	2035	1836	6.42667e-06	9.8317e-07
lcl|NC_052667.1_mrna_XM_011161027.3_8906	1951	1752	221.256	35.4713
lcl|NC_052667.1_mrna_XM_011161028.3_8907	1635	1436	604.744	118.286
lcl|NC_052667.1_mrna_XM_011161029.3_8908	1189	990	175	49.6499
lcl|NC_052667.1_mrna_XM_011161025.3_8909	3083	2884	1649.78	160.675
lcl|NC_052667.1_mrna_XM_011161024.3_8910	2840	2641	252.218	26.824
lcl|NC_052667.1_mrna_XM_011161021.3_8911	3149	2950	9	0.856912
lcl|NC_052667.1_mrna_XM_011161022.3_8912	3414	3215	22	1.92202
lcl|NC_052667.1_mrna_XM_011161023.3_8913	862	663	315	133.448
lcl|NC_052667.1_mrna_XM_039448306.1_8914	3797	3598	209.473	16.3525
lcl|NC_052667.1_mrna_XM_011161020.3_8915	3848	3649	26.583	2.04619
lcl|NC_052667.1_mrna_XM_039448305.1_8916	3975	3776	18.234	1.35633
lcl|NC_052667.1_mrna_XM_011161018.3_8917	3915	3716	157.71	11.9206
lcl|NC_052667.1_mrna_XM_011161016.3_8918	1532	1333	563	118.63
lcl|NC_052667.1_miscrna_XR_850706.3_8919	1188	989	57.772	16.4073
lcl|NC_052667.1_mrna_XM_011161015.3_8920	1346	1147	712.228	174.41
lcl|NC_052667.1_mrna_XM_039448304.1_8921	10116	9917	50.2475	1.42315
lcl|NC_052667.1_mrna_XM_011161014.3_8922	7837	7638	0	0
lcl|NC_052667.1_mrna_XM_011161011.3_8923	10278	10079	21.5531	0.600632
lcl|NC_052667.1_mrna_XM_011161013.3_8924	9863	9664	6.19935	0.180179
lcl|NC_052667.1_ncrna_XR_003268682.1_8925	195	14.9308	0	0
lcl|NC_052667.1_ncrna_XR_005574566.1_8926	1329	1130	5	1.24282
lcl|NC_052667.1_ncrna_XR_005574604.1_8927	4171	3972	53.6583	3.79441
lcl|NC_052667.1_mrna_XM_026134731.2_8928	7519	7320	78.011	2.99337
lcl|NC_052667.1_miscrna_XR_005574599.1_8929	2116	1917	0	0
lcl|NC_052667.1_miscrna_XR_005574602.1_8930	2069	1870	1.09142	0.163934
lcl|NC_052667.1_miscrna_XR_005574603.1_8931	2427	2228	1.07562	0.1356
lcl|NC_052667.1_miscrna_XR_005574600.1_8932	2315	2116	0	0
lcl|NC_052667.1_miscrna_XR_005574601.1_8933	2271	2072	2.16357	0.293289
lcl|NC_052667.1_mrna_XM_011161008.3_8934	1803	1604	8	1.40088
lcl|NC_052667.1_mrna_XM_011161006.3_8935	1252	1053	395	105.362
lcl|NC_052667.1_mrna_XM_011161005.3_8936	4300	4101	1307	89.5162
lcl|NC_052667.1_mrna_XM_039447962.1_8937	5258	5059	6	0.333121
lcl|NC_052667.1_mrna_XM_011161003.3_8938	1713	1514	101	18.7375
lcl|NC_052667.1_trna_8939	72	3.52559	0	0
lcl|NC_052667.1_mrna_XM_011161002.3_8940	771	572	363	178.249
lcl|NC_052667.1_mrna_XM_011160999.3_8941	2230	2031	128.556	17.7787
lcl|NC_052667.1_mrna_XM_011160998.3_8942	1975	1776	588.883	93.1327
lcl|NC_052667.1_mrna_XM_011161001.3_8943	2089	1890	43.446	6.45659
lcl|NC_052667.1_mrna_XM_011161000.3_8944	2110	1911	25.1144	3.69128
lcl|NC_052667.1_miscrna_XR_005574570.1_8945	5676	5477	60.7355	3.1147
lcl|NC_052667.1_mrna_XM_026134720.2_8946	5756	5557	1.26096e-07	6.37346e-09
lcl|NC_052667.1_miscrna_XR_005574571.1_8947	5651	5452	0	0
lcl|NC_052667.1_mrna_XM_026134721.2_8948	5698	5499	637.264	32.5501
lcl|NC_052667.1_mrna_XM_011160997.3_8949	3433	3234	723	62.7934
lcl|NC_052667.1_mrna_XM_011160996.3_8950	4759	4560	3	0.184787
lcl|NC_052667.1_mrna_XM_011160994.3_8951	3700	3501	444	35.621
lcl|NC_052667.1_mrna_XM_039447963.1_8952	1660	1461	1	0.19225
lcl|NC_052667.1_mrna_XM_011161411.3_8953	1240	1041	0	0
lcl|NC_052667.1_mrna_XM_039447873.1_8954	3519	3320	0	0
lcl|NC_052667.1_mrna_XM_026134745.2_8955	3275	3076	2	0.182625
lcl|NC_052667.1_mrna_XM_011160992.3_8956	3761	3562	7.43964	0.586643
lcl|NC_052667.1_mrna_XM_011160991.3_8957	4043	3844	0	0
lcl|NC_052667.1_mrna_XM_026134743.2_8958	2908	2709	71.5604	7.41958
lcl|NC_052667.1_ncrna_XR_005574690.1_8959	522	323	0	0
lcl|NC_052667.1_mrna_XM_011160989.3_8960	2954	2755	139.48	14.2202
lcl|NC_052667.1_mrna_XM_011160988.3_8961	2872	2673	39.5204	4.15277
lcl|NC_052667.1_mrna_XM_011160985.3_8962	1607	1408	178	35.5086
lcl|NC_052667.1_mrna_XM_011160983.3_8963	1099	900	25	7.80213
lcl|NC_052667.1_mrna_XM_011160984.3_8964	4525	4326	793	51.4876
lcl|NC_052667.1_mrna_XM_039448797.1_8965	1406	1207	0.41138	0.0957308
lcl|NC_052667.1_mrna_XM_011160976.3_8966	1464	1265	807.589	179.314
lcl|NC_052667.1_mrna_XM_011160980.3_8967	2099	1900	35.4352	5.23837
lcl|NC_052667.1_mrna_XM_011160979.3_8968	6648	6449	0.000403417	1.75702e-05
lcl|NC_052667.1_mrna_XM_026134717.2_8969	6579	6380	19.5644	0.861316
lcl|NC_052667.1_mrna_XM_011160981.3_8970	2533	2334	80.5378	9.69202
lcl|NC_052667.1_mrna_XM_011160982.3_8971	2607	2408	328.462	38.3129
lcl|NC_052667.1_mrna_XM_011160974.3_8972	448	249	183.518	207.012
lcl|NC_052667.1_mrna_XM_011160975.3_8973	398	199	10.4692	14.7766
lcl|NC_052667.1_mrna_XM_039448798.1_8974	447	248	227.013	257.107
lcl|NC_052667.1_mrna_XM_039448376.1_8975	2652	2453	16.4828	1.88734
lcl|NC_052667.1_mrna_XM_039448587.1_8976	1809	1610	1.51317	0.263984
lcl|NC_052667.1_mrna_XM_039448588.1_8977	2087	1888	7.00401	1.04198
lcl|NC_052667.1_mrna_XM_039447824.1_8978	4163	3964	0.00038316	2.71496e-05
lcl|NC_052667.1_mrna_XM_011160972.3_8979	4166	3967	81.9996	5.80584
lcl|NC_052667.1_mrna_XM_011160973.3_8980	2274	2075	916.409	124.047
lcl|NC_052667.1_mrna_XM_039447825.1_8981	2366	2167	87.5911	11.3532
lcl|NC_052667.1_mrna_XM_011160970.3_8982	794	595	439.22	207.339
lcl|NC_052667.1_mrna_XM_011160971.3_8983	881	682	30.5465	12.5804
lcl|NC_052667.1_mrna_XM_011160968.3_8984	792	593	606.234	287.145
lcl|NC_052667.1_mrna_XM_011160967.3_8985	1255	1056	681	181.134
lcl|NC_052667.1_mrna_XM_011160966.3_8986	4995	4796	401.274	23.5005
lcl|NC_052667.1_mrna_XM_039447763.1_8987	4280	4081	313.704	21.5908
lcl|NC_052667.1_mrna_XM_039447761.1_8988	4795	4596	0	0
lcl|NC_052667.1_mrna_XM_026134715.2_8989	4349	4150	0.0223992	0.001516
lcl|NC_052667.1_ncrna_XR_005574464.1_8990	1787	1588	1	0.176874
lcl|NC_052667.1_mrna_XM_011160963.3_8991	3531	3332	9.25046	0.779784
lcl|NC_052667.1_mrna_XM_011160965.3_8992	3109	2910	9.6937	0.935648
lcl|NC_052667.1_mrna_XM_011160962.3_8993	3124	2925	0.0558354	0.00536166
lcl|NC_052667.1_mrna_XM_011160964.3_8994	3625	3426	0	0
lcl|NC_052667.1_mrna_XM_039448783.1_8995	3080	2881	0	0
lcl|NC_052667.1_ncrna_XR_005574684.1_8996	554	355	2	1.5824
lcl|NC_052667.1_mrna_XM_039448779.1_8997	6313	6114	7	0.321579
lcl|NC_052667.1_mrna_XM_011160961.3_8998	6218	6019	0	0
lcl|NC_052667.1_mrna_XM_039448780.1_8999	5838	5639	0	0
lcl|NC_052667.1_ncrna_XR_005574683.1_9000	862	663	0	0
lcl|NC_052667.1_mrna_XM_039448784.1_9001	824	625	4.11557	1.84955
lcl|NC_052667.1_mrna_XM_011162040.3_9002	1038	839	913	305.65
lcl|NC_052667.1_mrna_XM_039448781.1_9003	4343	4144	91.2201	6.18282
lcl|NC_052667.1_mrna_XM_039448782.1_9004	3707	3508	192.78	15.4354
lcl|NC_052667.1_mrna_XM_011162042.3_9005	2546	2347	179	21.4218
lcl|NC_052667.1_mrna_XM_026136905.2_9006	3951	3752	0	0
lcl|NC_052667.1_mrna_XM_026136904.2_9007	7948	7749	2	0.0724937
lcl|NC_052667.1_mrna_XM_026136903.2_9008	8197	7998	0	0
lcl|NC_052667.1_mrna_XM_011162046.2_9009	847	648	6	2.60071
lcl|NC_052667.1_mrna_XM_011162047.3_9010	1265	1066	0	0
lcl|NC_052667.1_mrna_XM_011162048.3_9011	851	652	2	0.861585
lcl|NC_052667.1_mrna_XM_039447801.1_9012	3287	3088	5.07061	0.46121
lcl|NC_052667.1_mrna_XM_039447802.1_9013	1987	1788	4.71201	0.740209
lcl|NC_052667.1_mrna_XM_011162049.3_9014	2678	2479	28.2174	3.1971
lcl|NC_052667.1_mrna_XM_011162050.3_9015	1669	1470	0	0
lcl|NC_052667.1_mrna_XM_039447803.1_9016	1674	1475	0	0
lcl|NC_052667.1_mrna_XM_026136912.2_9017	7181	6982	1.78369	0.0717554
lcl|NC_052667.1_mrna_XM_026136913.2_9018	7171	6972	7.51022	0.302559
lcl|NC_052667.1_mrna_XM_026136911.2_9019	7183	6984	1.33832	0.0538234
lcl|NC_052667.1_mrna_XM_026136909.2_9020	7192	6993	0.367777	0.0147719
lcl|NC_052667.1_mrna_XM_026136895.2_9021	15679	15480	0.563943	0.0102325
lcl|NC_052667.1_mrna_XM_039448590.1_9022	15676	15477	200.436	3.63751
lcl|NC_052667.1_mrna_XM_039448591.1_9023	14885	14686	0	0
lcl|NC_052667.1_ncrna_XR_003268916.2_9024	1495	1296	45.9327	9.95481
lcl|NC_052667.1_mrna_XM_026136891.2_9025	3271	3072	11.6764	1.06758
lcl|NC_052667.1_mrna_XM_026136892.2_9026	3132	2933	47.2699	4.52677
lcl|NC_052667.1_miscrna_XR_005574653.1_9027	3360	3161	0	0
lcl|NC_052667.1_miscrna_XR_005574648.1_9028	3333	3134	0	0
lcl|NC_052667.1_miscrna_XR_005574652.1_9029	3083	2884	0	0
lcl|NC_052667.1_miscrna_XR_005574651.1_9030	3101	2902	0	0
lcl|NC_052667.1_miscrna_XR_005574649.1_9031	3155	2956	12.5423	1.19176
lcl|NC_052667.1_miscrna_XR_005574650.1_9032	3121	2922	0	0
lcl|NC_052667.1_mrna_XM_039448593.1_9033	6306	6107	1	0.0459926
lcl|NC_052667.1_mrna_XM_026136893.2_9034	4444	4245	0.00012739	8.42894e-06
lcl|NC_052667.1_mrna_XM_039448597.1_9035	4401	4202	3.46774	0.231796
lcl|NC_052667.1_mrna_XM_039448596.1_9036	2992	2793	5.69496	0.572711
lcl|NC_052667.1_mrna_XM_039448595.1_9037	3034	2835	1.79439e-06	1.77779e-07
lcl|NC_052667.1_mrna_XM_026136894.2_9038	3272	3073	0	0
lcl|NC_052667.1_mrna_XM_039448598.1_9039	3043	2844	7.46894e-08	7.37641e-09
lcl|NC_052667.1_mrna_XM_039448592.1_9040	4879	4680	0	0
lcl|NC_052667.1_mrna_XM_011162058.3_9041	6044	5845	584.349	28.0804
lcl|NC_052667.1_mrna_XM_039448600.1_9042	6683	6484	3	0.129955
lcl|NC_052667.1_mrna_XM_011162064.3_9043	4395	4196	2225.58	148.979
lcl|NC_052667.1_mrna_XM_026136918.2_9044	4505	4306	0	0
lcl|NC_052667.1_mrna_XM_011162062.3_9045	4503	4304	528.847	34.5123
lcl|NC_052667.1_mrna_XM_026136920.2_9046	4612	4413	0	0
lcl|NC_052667.1_mrna_XM_011162063.3_9047	4635	4436	194.571	12.3197
lcl|NC_052667.1_mrna_XM_026136919.2_9048	4745	4546	0	0
lcl|NC_052667.1_mrna_XM_026136917.2_9049	5293	5094	69	3.80457
lcl|NC_052667.1_mrna_XM_039448625.1_9050	6881	6682	0	0
lcl|NC_052667.1_mrna_XM_039448624.1_9051	6911	6712	0	0
lcl|NC_052667.1_mrna_XM_039448621.1_9052	6905	6706	6.7127	0.281157
lcl|NC_052667.1_mrna_XM_039448622.1_9053	6908	6709	4.28619	0.179444
lcl|NC_052667.1_mrna_XM_039448606.1_9054	6992	6793	1.62944e-05	6.73739e-07
lcl|NC_052667.1_mrna_XM_039448623.1_9055	6914	6715	0	0
lcl|NC_052667.1_mrna_XM_039448626.1_9056	6911	6712	0	0
lcl|NC_052667.1_mrna_XM_039448617.1_9057	6741	6542	0	0
lcl|NC_052667.1_mrna_XM_039448619.1_9058	6735	6536	0	0
lcl|NC_052667.1_mrna_XM_039448618.1_9059	6738	6539	0	0
lcl|NC_052667.1_mrna_XM_039448615.1_9060	6765	6566	0	0
lcl|NC_052667.1_mrna_XM_039448620.1_9061	6333	6134	0.00108747	4.97952e-05
lcl|NC_052667.1_mrna_XM_039448616.1_9062	6747	6548	0	0
lcl|NC_052667.1_mrna_XM_039448610.1_9063	6774	6575	0	0
lcl|NC_052667.1_mrna_XM_039448614.1_9064	6768	6569	0	0
lcl|NC_052667.1_mrna_XM_039448613.1_9065	6771	6572	0	0
lcl|NC_052667.1_mrna_XM_039448608.1_9066	6798	6599	0	0
lcl|NC_052667.1_mrna_XM_039448612.1_9067	6774	6575	0	0
lcl|NC_052667.1_mrna_XM_039448607.1_9068	6801	6602	0	0
lcl|NC_052667.1_mrna_XM_039448603.1_9069	6831	6632	0	0
lcl|NC_052667.1_mrna_XM_039448609.1_9070	6798	6599	0	0
lcl|NC_052667.1_mrna_XM_039448605.1_9071	6825	6626	0	0
lcl|NC_052667.1_mrna_XM_039448604.1_9072	6828	6629	0	0
lcl|NC_052667.1_mrna_XM_026136914.2_9073	6855	6656	0	0
lcl|NC_052667.1_mrna_XM_039448602.1_9074	6855	6656	0	0
lcl|NC_052667.1_mrna_XM_039448601.1_9075	6410	6211	0	0
lcl|NC_052667.1_mrna_XM_011162066.3_9076	1808	1609	767	133.892
lcl|NC_052667.1_miscrna_XR_005574654.1_9077	2167	1968	52.6396	7.51282
lcl|NC_052667.1_mrna_XM_011162065.3_9078	2870	2671	3167.36	333.073
lcl|NC_052667.1_mrna_XM_011162068.3_9079	2258	2059	1922	262.188
lcl|NC_052667.1_mrna_XM_039448633.1_9080	4864	4665	290.084	17.4658
lcl|NC_052667.1_mrna_XM_039448632.1_9081	4876	4677	0.40919	0.0245739
lcl|NC_052667.1_mrna_XM_039448631.1_9082	5241	5042	0.203216	0.0113207
lcl|NC_052667.1_mrna_XM_039448630.1_9083	5244	5045	0.111906	0.0062303
lcl|NC_052667.1_mrna_XM_039448628.1_9084	5256	5057	85.4678	4.74707
lcl|NC_052667.1_mrna_XM_039448629.1_9085	5597	5398	40.7237	2.11899
lcl|NC_052667.1_mrna_XM_026136923.2_9086	1267	1068	0	0
lcl|NC_052667.1_mrna_XM_039448829.1_9087	1576	1377	0	0
lcl|NC_052667.1_mrna_XM_039448831.1_9088	969	770	289.391	105.563
lcl|NC_052667.1_mrna_XM_039448825.1_9089	4008	3809	8.72562e-05	6.43429e-06
lcl|NC_052667.1_mrna_XM_039448832.1_9090	969	770	289.391	105.563
lcl|NC_052667.1_mrna_XM_039448826.1_9091	4008	3809	8.72562e-05	6.43429e-06
lcl|NC_052667.1_mrna_XM_039448833.1_9092	969	770	289.391	105.563
lcl|NC_052667.1_mrna_XM_039448827.1_9093	4008	3809	8.72562e-05	6.43429e-06
lcl|NC_052667.1_mrna_XM_039448834.1_9094	969	770	289.391	105.563
lcl|NC_052667.1_mrna_XM_039448828.1_9095	4008	3809	8.72562e-05	6.43429e-06
lcl|NC_052667.1_mrna_XM_039448835.1_9096	969	770	289.391	105.563
lcl|NC_052667.1_mrna_XM_039448823.1_9097	1803	1604	0	0
lcl|NC_052667.1_mrna_XM_039448830.1_9098	1267	1068	0	0
lcl|NC_052667.1_mrna_XM_039448836.1_9099	2372	2173	0	0
lcl|NC_052667.1_ncrna_XR_003268920.2_9100	1080	881	2	0.637632
lcl|NC_052667.1_mrna_XM_011172190.3_9101	2303	2104	1	0.133497
lcl|NC_052667.1_mrna_XM_011172191.3_9102	3547	3348	582	48.8262
lcl|NC_052667.1_mrna_XM_011172192.3_9103	2728	2529	73.1963	8.12936
lcl|NC_052667.1_mrna_XM_026136956.1_9104	1011	812	120.014	41.5137
lcl|NC_052667.1_mrna_XM_026136957.2_9105	1020	821	97.7708	33.4489
lcl|NC_052667.1_mrna_XM_026136958.2_9106	958	759	225.127	83.3107
lcl|NC_052667.1_mrna_XM_026136960.2_9107	961	762	76.9356	28.3588
lcl|NC_052667.1_mrna_XM_026136959.2_9108	976	777	33.9567	12.275
lcl|NC_052667.1_mrna_XM_011172201.3_9109	3988	3789	694.83	51.5074
lcl|NC_052667.1_mrna_XM_011172203.2_9110	3330	3131	205.197	18.4079
lcl|NC_052667.1_mrna_XM_039448387.1_9111	3996	3797	0.278622	0.0206106
lcl|NC_052667.1_mrna_XM_011172199.3_9112	1627	1428	594.686	116.97
lcl|NC_052667.1_mrna_XM_026136954.2_9113	1585	1386	0	0
lcl|NC_052667.1_miscrna_XR_005574593.1_9114	1364	1165	25.2586	6.08975
lcl|NC_052667.1_miscrna_XR_005574594.1_9115	1347	1148	0	0
lcl|NC_052667.1_miscrna_XR_005574595.1_9116	1325	1126	60.7498	15.1538
lcl|NC_052667.1_mrna_XM_039448389.1_9117	2336	2137	11.9691	1.57317
lcl|NC_052667.1_mrna_XM_011172194.3_9118	2633	2434	369.648	42.6563
lcl|NC_052667.1_mrna_XM_039448390.1_9119	2359	2160	129.379	16.8239
lcl|NC_052667.1_mrna_XM_039448391.1_9120	2331	2132	0.00344193	0.000453451
lcl|NC_052667.1_mrna_XM_039448388.1_9121	2358	2159	0.000413617	5.38099e-05
lcl|NC_052667.1_mrna_XM_011172204.3_9122	7602	7403	246	9.33347
lcl|NC_052667.1_miscrna_XR_851159.3_9123	2015	1816	14.9109	2.30624
lcl|NC_052667.1_mrna_XM_011172205.3_9124	2464	2265	10.0891	1.25112
lcl|NC_052667.1_mrna_XM_026136951.2_9125	2654	2455	344	39.3571
lcl|NC_052667.1_mrna_XM_026136948.2_9126	10688	10489	7.75968	0.20779
lcl|NC_052667.1_mrna_XM_039448386.1_9127	10641	10442	0	0
lcl|NC_052667.1_mrna_XM_039448384.1_9128	10446	10247	9.23377	0.253103
lcl|NC_052667.1_mrna_XM_039448385.1_9129	10413	10214	0	0
lcl|NC_052667.1_mrna_XM_026136949.2_9130	10773	10574	31.0065	0.823626
lcl|NC_052667.1_mrna_XM_011172210.3_9131	4261	4062	60	4.14884
lcl|NC_052667.1_ncrna_XR_005574543.1_9132	710	511	12	6.59593
lcl|NC_052667.1_mrna_XM_011172211.3_9133	6992	6793	15	0.620219
lcl|NC_052667.1_ncrna_XR_005574545.1_9134	1207	1008	14	3.90107
lcl|NC_052667.1_mrna_XM_039448228.1_9135	8801	8602	733	23.9343
lcl|NC_052667.1_mrna_XM_011172212.3_9136	1608	1409	442	88.1104
lcl|NC_052667.1_mrna_XM_011172232.3_9137	1877	1678	58	9.70849
lcl|NC_052667.1_ncrna_XR_005574546.1_9138	1371	1172	0	0
lcl|NC_052667.1_mrna_XM_026136945.2_9139	9306	9107	33	1.01778
lcl|NC_052667.1_mrna_XM_011172216.3_9140	2833	2634	1123.32	119.786
lcl|NC_052667.1_mrna_XM_039448230.1_9141	2309	2110	294.686	39.2277
lcl|NC_052667.1_mrna_XM_039448231.1_9142	2243	2044	4.99036	0.685751
lcl|NC_052667.1_mrna_XM_026136941.2_9143	3783	3584	0	0
lcl|NC_052667.1_mrna_XM_011172214.3_9144	2726	2527	0	0
lcl|NC_052667.1_mrna_XM_039448232.1_9145	2589	2390	42.0916	4.94667
lcl|NC_052667.1_mrna_XM_039447964.1_9146	1826	1627	6	1.03581
lcl|NC_052667.1_mrna_XM_026136938.2_9147	4714	4515	1089	67.7463
lcl|NC_052667.1_mrna_XM_011172218.3_9148	1502	1303	248	53.4593
lcl|NC_052667.1_mrna_XM_011172219.3_9149	2269	2070	25	3.39223
lcl|NC_052667.1_mrna_XM_039448234.1_9150	1188	989	0	0
lcl|NC_052667.1_mrna_XM_039448233.1_9151	1584	1385	0	0
lcl|NC_052667.1_mrna_XM_026136935.2_9152	2679	2480	396	44.8497
lcl|NC_052667.1_miscrna_XR_005574547.1_9153	1774	1575	143.127	25.5245
lcl|NC_052667.1_mrna_XM_011172225.3_9154	1686	1487	15.9761	3.0177
lcl|NC_052667.1_mrna_XM_026136937.2_9155	2043	1844	491.566	74.8749
lcl|NC_052667.1_mrna_XM_011172226.3_9156	2106	1907	105.327	15.5134
lcl|NC_052667.1_mrna_XM_011172222.3_9157	2144	1945	452.092	65.2864
lcl|NC_052667.1_mrna_XM_011172221.3_9158	2147	1948	0.000430807	6.21168e-05
lcl|NC_052667.1_mrna_XM_011172224.3_9159	2131	1932	1199.44	174.376
lcl|NC_052667.1_mrna_XM_011172223.3_9160	2134	1935	1519.47	220.561
lcl|NC_052667.1_mrna_XM_011172227.3_9161	2341	2142	575	75.3987
lcl|NC_052667.1_mrna_XM_039448097.1_9162	13975	13776	17.9306	0.365584
lcl|NC_052667.1_mrna_XM_039448094.1_9163	13678	13479	0	0
lcl|NC_052667.1_mrna_XM_039448100.1_9164	13891	13692	4.91212	0.100767
lcl|NC_052667.1_mrna_XM_039448099.1_9165	13897	13698	4.90372	0.10055
lcl|NC_052667.1_mrna_XM_039448098.1_9166	13906	13707	0	0
lcl|NC_052667.1_mrna_XM_039448101.1_9167	13855	13656	0	0
lcl|NC_052667.1_mrna_XM_039448102.1_9168	13792	13593	4.26936	0.0882192
lcl|NC_052667.1_mrna_XM_039448091.1_9169	13912	13713	0	0
lcl|NC_052667.1_mrna_XM_039448095.1_9170	14000	13801	0	0
lcl|NC_052667.1_mrna_XM_039448093.1_9171	13876	13677	0	0
lcl|NC_052667.1_mrna_XM_039448096.1_9172	13592	13393	0	0
lcl|NC_052667.1_mrna_XM_026136926.2_9173	3862	3663	16.5843	1.27167
lcl|NC_052667.1_mrna_XM_026136925.2_9174	3900	3701	0.000529765	4.0205e-05
lcl|NC_052667.1_mrna_XM_039448103.1_9175	5323	5124	16	0.877055
lcl|NC_052667.1_mrna_XM_026136927.2_9176	4915	4716	3.70212	0.220492
lcl|NC_052667.1_mrna_XM_039448090.1_9177	4259	4060	19.7131	1.36378
lcl|NC_052667.1_mrna_XM_026136931.2_9178	1432	1233	0	0
lcl|NC_052667.1_mrna_XM_039448104.1_9179	1321	1122	0	0
lcl|NC_052667.1_trna_9180	73	3.5471	0	0
lcl|NC_052667.1_mrna_XM_011161446.3_9181	1175	976	1836	528.371
lcl|NC_052667.1_mrna_XM_011161449.3_9182	1977	1778	107.104	16.9196
lcl|NC_052667.1_mrna_XM_039448105.1_9183	1947	1748	164.896	26.4962
lcl|NC_052667.1_mrna_XM_011161447.3_9184	3938	3739	176	13.2213
lcl|NC_052667.1_mrna_XM_026136947.2_9185	1941	1742	27	4.35343
lcl|NC_052667.1_mrna_XM_011161451.3_9186	1973	1774	3.17821e-07	5.03205e-08
lcl|NC_052667.1_mrna_XM_026136946.2_9187	1969	1770	3.05825e-06	4.85305e-07
lcl|NC_052667.1_mrna_XM_026136964.2_9188	840	641	1130	495.149
lcl|NC_052667.1_mrna_XM_011161453.3_9189	8788	8589	321.075	10.4998
lcl|NC_052667.1_mrna_XM_011161456.3_9190	9304	9105	9.03783	0.278805
lcl|NC_052667.1_mrna_XM_011161452.3_9191	9343	9144	0.832699	0.0255781
lcl|NC_052667.1_mrna_XM_011161457.3_9192	9255	9056	148.278	4.59892
lcl|NC_052667.1_mrna_XM_039447727.1_9193	9321	9122	9.32774	0.287212
lcl|NC_052667.1_mrna_XM_026136961.2_9194	9156	8957	45.3816	1.42309
lcl|NC_052667.1_mrna_XM_011161454.3_9195	8830	8631	0.0671459	0.00218512
lcl|NC_052667.1_mrna_XM_039448575.1_9196	2288	2089	0	0
lcl|NC_052667.1_mrna_XM_039448577.1_9197	2099	1900	3	0.44349
lcl|NC_052667.1_mrna_XM_039447804.1_9198	4054	3855	22.3928	1.63155
lcl|NC_052667.1_mrna_XM_039447805.1_9199	3871	3672	103.503	7.9171
lcl|NC_052667.1_ncrna_XR_851263.3_9200	906	707	44.8725	17.8269
lcl|NC_052667.1_mrna_XM_026136348.2_9201	1197	998	0	0
lcl|NC_052667.1_mrna_XM_039447806.1_9202	1049	850	1.69383	0.559714
lcl|NC_052667.1_mrna_XM_011175007.3_9203	3777	3578	0	0
lcl|NC_052667.1_mrna_XM_039448022.1_9204	3150	2951	3	0.285541
lcl|NC_052667.1_mrna_XM_011175016.3_9205	4397	4198	1	0.0669073
lcl|NC_052667.1_mrna_XM_026139706.2_9206	2281	2082	0	0
lcl|NC_052667.1_mrna_XM_026139705.2_9207	2337	2138	0	0
lcl|NC_052667.1_mrna_XM_039447905.1_9208	2457	2258	0	0
lcl|NC_052667.1_mrna_XM_011175015.3_9209	1194	995	0.126107	0.0355985
lcl|NC_052667.1_mrna_XM_011175005.3_9210	2388	2189	1	0.128313
lcl|NC_052667.1_mrna_XM_026139702.2_9211	3891	3692	0	0
lcl|NC_052667.1_mrna_XM_026139698.2_9212	3647	3448	348	28.3483
lcl|NC_052667.1_mrna_XM_039447965.1_9213	789	590	567	269.927
lcl|NC_052667.1_mrna_XM_039448810.1_9214	3271	3072	31.4201	2.87278
lcl|NC_052667.1_mrna_XM_039448811.1_9215	3165	2966	0	0
lcl|NC_052667.1_mrna_XM_039448809.1_9216	3183	2984	4.29863	0.404619
lcl|NC_052667.1_mrna_XM_011175002.3_9217	4120	3921	421.281	30.178
lcl|NC_052667.1_mrna_XM_011175001.3_9218	2841	2642	408.719	43.4518
lcl|NC_052667.1_mrna_XM_011175000.3_9219	3832	3633	80.7636	6.24404
lcl|NC_052667.1_mrna_XM_026139697.2_9220	3838	3639	15.4315	1.19108
lcl|NC_052667.1_mrna_XM_011174999.3_9221	3787	3588	1592.09	124.632
lcl|NC_052667.1_mrna_XM_026139700.2_9222	808	609	38.1789	17.6085
lcl|NC_052667.1_mrna_XM_026139699.2_9223	884	685	52.8381	21.6657
lcl|NC_052667.1_mrna_XM_039448813.1_9224	1008	809	462.983	160.743
lcl|NC_052667.1_mrna_XM_026139701.2_9225	716	517	334	181.456
lcl|NC_052667.1_mrna_XM_011174998.3_9226	840	641	19	8.32552
lcl|NC_052667.1_mrna_XM_011174995.3_9227	3446	3247	132	11.4185
lcl|NC_052667.1_mrna_XM_011174997.3_9228	3339	3140	0	0
lcl|NC_052667.1_mrna_XM_011174996.3_9229	3397	3198	0	0
lcl|NC_052667.1_mrna_XM_039447994.1_9230	2070	1871	1	0.150121
lcl|NC_052667.1_mrna_XM_039447995.1_9231	1818	1619	17	2.94929
lcl|NC_052667.1_mrna_XM_039448001.1_9232	6229	6030	0	0
lcl|NC_052667.1_mrna_XM_039448002.1_9233	6172	5973	0	0
lcl|NC_052667.1_mrna_XM_039448000.1_9234	4560	4361	0	0
lcl|NC_052667.1_mrna_XM_039447999.1_9235	4260	4061	39.6409	2.74174
lcl|NC_052667.1_mrna_XM_039447998.1_9236	4653	4454	0	0
lcl|NC_052667.1_mrna_XM_039447997.1_9237	6195	5996	15.4912	0.725671
lcl|NC_052667.1_mrna_XM_039447996.1_9238	6248	6049	0.00227331	0.000105558
lcl|NC_052667.1_mrna_XM_011175010.3_9239	2404	2205	16	2.03811
lcl|NC_052667.1_mrna_XM_039448003.1_9240	787	588	0	0
lcl|NC_052667.1_mrna_XM_039448004.1_9241	1476	1277	2	0.439901
lcl|NC_052667.1_mrna_XM_011162096.3_9242	974	775	0	0
lcl|NC_052667.1_mrna_XM_026137058.2_9243	4744	4545	1.92946e-06	1.19239e-07
lcl|NC_052667.1_mrna_XM_011162097.3_9244	4750	4551	5.13769e-07	3.17086e-08
lcl|NC_052667.1_mrna_XM_011162098.3_9245	4738	4539	129	7.98262
lcl|NC_052667.1_mrna_XM_026137059.2_9246	2241	2042	0	0
lcl|NC_052667.1_mrna_XM_039447724.1_9247	2229	2030	7.76144	1.0739
lcl|NC_052667.1_mrna_XM_039447725.1_9248	2202	2003	133.162	18.6731
lcl|NC_052667.1_mrna_XM_039447726.1_9249	2190	1991	205.599	29.0045
lcl|NC_052667.1_mrna_XM_026137060.2_9250	2156	1957	984.466	141.295
lcl|NC_052667.1_mrna_XM_026137066.2_9251	4065	3866	22.0112	1.59918
lcl|NC_052667.1_mrna_XM_039447764.1_9252	6439	6240	26	1.17032
lcl|NC_052667.1_mrna_XM_026137072.2_9253	3335	3136	0	0
lcl|NC_052667.1_mrna_XM_039447878.1_9254	5162	4963	0	0
lcl|NC_052667.1_mrna_XM_039447880.1_9255	4985	4786	0	0
lcl|NC_052667.1_mrna_XM_039447881.1_9256	2856	2657	29.1266	3.07904
lcl|NC_052667.1_miscrna_XR_005574486.1_9257	2480	2281	0	0
lcl|NC_052667.1_mrna_XM_039447876.1_9258	2019	1820	3	0.462984
lcl|NC_052667.1_mrna_XM_039447877.1_9259	1901	1702	0	0
lcl|NC_052667.1_mrna_XM_011162101.3_9260	611	412	544	370.866
lcl|NC_052667.1_mrna_XM_039447933.1_9261	2114	1915	0	0
lcl|NC_052667.1_mrna_XM_039447935.1_9262	1425	1226	0	0
lcl|NC_052667.1_mrna_XM_039447932.1_9263	1488	1289	0	0
lcl|NC_052667.1_mrna_XM_039447934.1_9264	1259	1060	0	0
lcl|NC_052667.1_mrna_XM_039447936.1_9265	1130	931	0	0
lcl|NC_052667.1_mrna_XM_039447931.1_9266	1322	1123	0	0
lcl|NC_052667.1_mrna_XM_026137075.2_9267	1578	1379	0	0
lcl|NC_052667.1_ncrna_XR_005574495.1_9268	2232	2033	1	0.138159
lcl|NC_052667.1_mrna_XM_039447937.1_9269	716	517	1.44954	0.78751
lcl|NC_052667.1_mrna_XM_011162102.3_9270	2725	2526	527	58.5994
lcl|NC_052667.1_mrna_XM_011162104.3_9271	1826	1627	2386	411.906
lcl|NC_052667.1_mrna_XM_039447938.1_9272	5399	5200	1	0.0540148
lcl|NC_052667.1_mrna_XM_011162107.3_9273	8174	7975	86.5318	3.04762
lcl|NC_052667.1_mrna_XM_011162106.3_9274	10236	10037	4.46819	0.125038
lcl|NC_052667.1_mrna_XM_026137070.2_9275	5113	4914	0	0
lcl|NC_052667.1_mrna_XM_026137067.2_9276	8045	7846	5.34784e-05	1.91446e-06
lcl|NC_052667.1_mrna_XM_026137068.2_9277	8038	7839	0.000130912	4.69068e-06
lcl|NC_052667.1_mrna_XM_026137069.2_9278	7972	7773	0.630947	0.0227992
lcl|NC_052667.1_mrna_XM_026137071.2_9279	7966	7767	1.36887	0.0495022
lcl|NC_052667.1_ncrna_XR_003268934.1_9280	194	14.6185	0	0
lcl|NC_052667.1_mrna_XM_011162108.3_9281	1473	1274	0	0
lcl|NC_052667.1_mrna_XM_039447940.1_9282	1167	968	0	0
lcl|NC_052667.1_ncrna_XR_003268933.1_9283	194	14.6185	0	0
lcl|NC_052667.1_ncrna_XR_003268935.1_9284	106	4.47418	0	0
lcl|NC_052667.1_ncrna_XR_005574534.1_9285	217	24.7239	1.94302	22.0737
lcl|NC_052667.1_ncrna_XR_005574569.1_9286	2243	2044	0	0
lcl|NC_052667.1_mrna_XM_026133288.1_9287	624	425	0	0
lcl|NC_052667.1_mrna_XM_039447971.1_9288	870	671	0	0
lcl|NC_052667.1_mrna_XM_026134643.2_9289	927	728	0	0
lcl|NC_052667.1_mrna_XM_039447973.1_9290	3435	3236	0	0
lcl|NC_052667.1_mrna_XM_039447974.1_9291	993	794	0	0
lcl|NC_052667.1_mrna_XM_039447975.1_9292	717	518	0	0
lcl|NC_052667.1_mrna_XM_039448289.1_9293	579	380	0	0
lcl|NC_052667.1_mrna_XM_039448288.1_9294	733	534	0	0
lcl|NC_052667.1_mrna_XM_039447976.1_9295	504	305	0	0
lcl|NC_052667.1_ncrna_XR_005574549.1_9296	217	24.7239	0	0
lcl|NC_052667.1_mrna_XM_039447977.1_9297	1218	1019	0	0
lcl|NC_052667.1_ncrna_XR_003269600.2_9298	4620	4421	1.11499	0.0708382
lcl|NC_052667.1_ncrna_XR_003269602.2_9299	4586	4387	44.9726	2.87936
lcl|NC_052667.1_ncrna_XR_003269601.2_9300	4559	4360	0	0
lcl|NC_052667.1_ncrna_XR_003269599.2_9301	4653	4454	105.779	6.67062
lcl|NC_052667.1_ncrna_XR_005574460.1_9302	1172	973	3.73779	1.07899
lcl|NC_052667.1_ncrna_XR_005574459.1_9303	2780	2581	0	0
lcl|NC_052667.1_mrna_XM_039447732.1_9304	7748	7549	0	0
lcl|NC_052667.1_mrna_XM_039447733.1_9305	5813	5614	0	0
lcl|NC_052667.1_mrna_XM_011165573.3_9306	1317	1118	0	0
lcl|NC_052667.1_mrna_XM_011165570.3_9307	1329	1130	0.0174476	0.00433683
lcl|NC_052667.1_mrna_XM_011165571.3_9308	1514	1315	13.9826	2.9866
lcl|NC_052667.1_mrna_XM_039447978.1_9309	4119	3920	0	0
lcl|NC_052667.1_mrna_XM_039447988.1_9310	1152	953	0	0
lcl|NC_052667.1_mrna_XM_011158628.1_9311	366	167	0	0
lcl|NC_052667.1_mrna_XM_039447945.1_9312	8232	8033	38.359	1.34123
lcl|NC_052667.1_mrna_XM_026140872.2_9313	1337	1138	3	0.740448
lcl|NC_052667.1_mrna_XM_039447989.1_9314	2577	2378	0	0
lcl|NC_052667.1_mrna_XM_039447946.1_9315	8401	8202	3.27147e-08	1.12031e-09
lcl|NC_052667.1_mrna_XM_039447948.1_9316	821	622	3.68979e-06	1.6662e-06
lcl|NC_052667.1_mrna_XM_039447950.1_9317	813	614	1.6065	0.734901
lcl|NC_052667.1_mrna_XM_039447947.1_9318	476	277	0	0
lcl|NC_052667.1_mrna_XM_039447949.1_9319	454	255	0	0
lcl|NC_052667.1_mrna_XM_039448149.1_9320	1180	981	0	0
lcl|NC_052667.1_ncrna_XR_005574592.1_9321	730	531	0	0
lcl|NC_052667.1_ncrna_XR_005574591.1_9322	730	531	0	0
lcl|NC_052667.1_mrna_XM_039447990.1_9323	653	454	0	0
lcl|NC_052667.1_mrna_XM_039447991.1_9324	2220	2021	0	0
lcl|NC_052667.1_mrna_XM_039447992.1_9325	1816	1617	19.9134	3.459
lcl|NC_052667.1_mrna_XM_011162727.3_9326	2475	2276	547	67.5042
lcl|NC_052667.1_mrna_XM_039448393.1_9327	2075	1876	0	0
lcl|NC_052667.1_mrna_XM_039448394.1_9328	2048	1849	35	5.31676
lcl|NC_052667.1_mrna_XM_039448396.1_9329	1626	1427	0	0
lcl|NC_052667.1_mrna_XM_039448395.1_9330	1471	1272	0	0
lcl|NC_052667.1_ncrna_XR_005574597.1_9331	1019	820	58.5999	20.0724
lcl|NC_052667.1_mrna_XM_026140949.2_9332	11719	11520	100.403	2.44799
lcl|NC_052667.1_mrna_XM_026140950.2_9333	11713	11514	0.203885	0.00497365
lcl|NC_052667.1_mrna_XM_039448392.1_9334	8416	8217	3.16226e-05	1.08093e-06
lcl|NC_052667.1_miscrna_XR_005574596.1_9335	8284	8085	358.393	12.4507
lcl|NC_052667.1_mrna_XM_039447711.1_9336	1552	1353	0	0
lcl|NC_052667.1_mrna_XM_039447712.1_9337	1561	1362	120.771	24.9059
lcl|NC_052667.1_mrna_XM_026141414.2_9338	1680	1481	0	0
lcl|NC_052667.1_mrna_XM_026141413.2_9339	1464	1265	5.02445e-05	1.11561e-05
lcl|NC_052667.1_mrna_XM_026141415.2_9340	1464	1265	68.157	15.1334
lcl|NC_052667.1_mrna_XM_026141412.2_9341	1546	1347	162.561	33.8973
lcl|NC_052667.1_mrna_XM_039447710.1_9342	1519	1320	147.406	31.3658
lcl|NC_052667.1_miscrna_XR_005574455.1_9343	1425	1226	68.0439	15.5889
lcl|NC_052667.1_miscrna_XR_005574456.1_9344	1403	1204	0	0
lcl|NC_052667.1_mrna_XM_039447713.1_9345	1365	1166	4.06071	0.978182
lcl|NC_052667.1_mrna_XM_039447993.1_9346	2025	1826	0	0
lcl|NC_052667.1_ncrna_XR_005574458.1_9347	543	344	18.0846	14.7661
lcl|NC_052667.1_mrna_XM_039448237.1_9348	2066	1867	0	0
lcl|NC_052667.1_mrna_XM_039448201.1_9349	1402	1203	0	0
lcl|NC_052667.1_mrna_XM_011176508.3_9350	2214	2015	0	0
lcl|NC_052667.1_mrna_XM_039448005.1_9351	1818	1619	0	0
lcl|NC_052667.1_mrna_XM_039448006.1_9352	1014	815	0	0
lcl|NC_052667.1_mrna_XM_026140620.1_9353	492	293	0	0
lcl|NC_052667.1_mrna_XM_039448251.1_9354	823	624	0	0
lcl|NC_052667.1_mrna_XM_039448250.1_9355	934	735	0	0
lcl|NC_052667.1_mrna_XM_039447821.1_9356	2248	2049	76.1522	10.4389
lcl|NC_052667.1_mrna_XM_039447823.1_9357	1710	1511	104.101	19.351
lcl|NC_052667.1_mrna_XM_039447822.1_9358	2063	1864	32.7473	4.93452
lcl|NC_052667.1_mrna_XM_039447820.1_9359	2317	2118	0	0
lcl|NC_052667.1_mrna_XM_039447819.1_9360	2343	2144	1.25408e-07	1.64292e-08
lcl|NC_052667.1_ncrna_XR_005574535.1_9361	559	360	7.33564	5.72336
lcl|NC_052667.1_mrna_XM_039448146.1_9362	1507	1308	0	0
lcl|NC_052667.1_mrna_XM_039448147.1_9363	1378	1179	0	0
lcl|NC_052667.1_mrna_XM_039448148.1_9364	718	519	0	0
lcl|NC_052667.1_mrna_XM_039448711.1_9365	943	744	0	0
lcl|NC_052667.1_mrna_XM_039448710.1_9366	1030	831	0	0
lcl|NC_052667.1_mrna_XM_011173337.2_9367	2982	2783	0	0
lcl|NC_052667.1_mrna_XM_039448019.1_9368	1078	879	0	0
lcl|NC_052667.1_mrna_XM_039448025.1_9369	1269	1070	0	0
lcl|NC_052667.1_mrna_XM_039448021.1_9370	1551	1352	1	0.207749
lcl|NC_052667.1_mrna_XM_026141427.2_9371	1134	935	0	0
lcl|NC_052667.1_miscrna_XR_003269508.2_9372	4597	4398	3.90333e-07	2.49285e-08
lcl|NC_052667.1_miscrna_XR_003269509.2_9373	4409	4210	75.7175	5.05161
lcl|NC_052667.1_mrna_XM_026141132.2_9374	4777	4578	122.638	7.52429
lcl|NC_052667.1_mrna_XM_026141131.2_9375	4763	4564	8.06842e-05	4.96545e-06
lcl|NC_052667.1_mrna_XM_026141133.2_9376	5301	5102	54.6442	3.00829
lcl|NC_052667.1_mrna_XM_039448023.1_9377	5455	5256	0	0
lcl|NC_052667.1_mrna_XM_039448024.1_9378	2127	1928	0	0
lcl|NC_052667.1_mrna_XM_039448175.1_9379	7312	7113	17.3791	0.686263
lcl|NC_052667.1_mrna_XM_039448171.1_9380	7541	7342	2.52865	0.0967363
lcl|NC_052667.1_mrna_XM_039448172.1_9381	7541	7342	29.2923	1.12061
lcl|NC_052667.1_mrna_XM_039448169.1_9382	7422	7223	0	0
lcl|NC_052667.1_miscrna_XR_005574536.1_9383	5460	5261	0	0
lcl|NC_052667.1_mrna_XM_039448173.1_9384	5424	5225	0	0
lcl|NC_052667.1_mrna_XM_039448174.1_9385	5395	5196	0	0
lcl|NC_052667.1_mrna_XM_039448176.1_9386	4951	4752	238.8	14.1148
lcl|NC_052667.1_mrna_XM_026138783.2_9387	8293	8094	0	0
lcl|NC_052667.1_mrna_XM_026138782.2_9388	9474	9275	220.059	6.66408
lcl|NC_052667.1_mrna_XM_026138777.2_9389	6016	5817	82.6161	3.98916
lcl|NC_052667.1_mrna_XM_039448178.1_9390	6384	6185	8.93442	0.405735
lcl|NC_052667.1_mrna_XM_026138779.1_9391	3249	3050	0	0
lcl|NC_052667.1_mrna_XM_026138780.2_9392	3838	3639	251.318	19.398
lcl|NC_052667.1_mrna_XM_026138776.2_9393	3367	3168	1104	97.8813
lcl|NC_052667.1_ncrna_XR_005574565.1_9394	1021	822	1	0.341699
lcl|NC_052667.1_mrna_XM_039448292.1_9395	4269	4070	63.653	4.39279
lcl|NC_052667.1_mrna_XM_039448291.1_9396	4159	3960	380.347	26.9774
lcl|NC_052667.1_mrna_XM_039448298.1_9397	1070	871	102.438	33.034
lcl|NC_052667.1_mrna_XM_039448301.1_9398	1142	943	285.833	85.1367
lcl|NC_052667.1_mrna_XM_039448295.1_9399	2062	1863	21.3321	3.21615
lcl|NC_052667.1_mrna_XM_039448297.1_9400	1279	1080	922.554	239.93
lcl|NC_052667.1_mrna_XM_039448300.1_9401	1029	830	33.2888	11.2651
lcl|NC_052667.1_mrna_XM_039448302.1_9402	787	588	1	0.477681
lcl|NC_052667.1_mrna_XM_039448294.1_9403	1784	1585	0	0
lcl|NC_052667.1_mrna_XM_026138785.2_9404	1703	1504	0	0
lcl|NC_052667.1_mrna_XM_039448296.1_9405	1459	1260	22.5534	5.02756
lcl|NC_052667.1_mrna_XM_011168246.3_9406	688	489	268	153.937
lcl|NC_052667.1_mrna_XM_039448293.1_9407	991	792	665	235.837
lcl|NC_052667.1_mrna_XM_039447743.1_9408	688	489	1548	889.156
lcl|NC_052667.1_mrna_XM_039447742.1_9409	1497	1298	3740	809.306
lcl|NC_052667.1_mrna_XM_026138344.2_9410	741	542	0	0
lcl|NC_052667.1_mrna_XM_039447875.1_9411	2998	2799	1	0.100349
lcl|NC_052667.1_mrna_XM_039448026.1_9412	3414	3215	5	0.436822
lcl|NC_052667.1_ncrna_XR_005574485.1_9413	2570	2371	0	0
lcl|NC_052667.1_mrna_XM_039448027.1_9414	1158	959	0	0
lcl|NC_052667.1_mrna_XM_011171422.1_9415	624	425	0	0
lcl|NC_052667.1_mrna_XM_039448028.1_9416	1431	1232	0	0
lcl|NC_052667.1_mrna_XM_039448035.1_9417	833	634	0	0
lcl|NC_052667.1_mrna_XM_011165864.3_9418	1224	1025	0	0
lcl|NC_052667.1_mrna_XM_039448037.1_9419	408	209	0	0
lcl|NC_052667.1_mrna_XM_011165859.3_9420	4864	4665	127.298	7.66454
lcl|NC_052667.1_mrna_XM_011165860.3_9421	5077	4878	76.4847	4.40401
lcl|NC_052667.1_mrna_XM_011165862.3_9422	4872	4673	0.00443713	0.000266699
lcl|NC_052667.1_mrna_XM_011165861.3_9423	5096	4897	1.54954	0.0888765
lcl|NC_052667.1_mrna_XM_039448758.1_9424	8502	8303	2.2041	0.074561
lcl|NC_052667.1_mrna_XM_039448757.1_9425	5244	5045	0	0
lcl|NC_052667.1_mrna_XM_011165858.3_9426	637	438	2419	1551.23
lcl|NC_052667.1_mrna_XM_039448153.1_9427	2216	2017	0	0
lcl|NC_052667.1_mrna_XM_039448154.1_9428	2032	1833	10.5497	1.61657
lcl|NC_052667.1_mrna_XM_039448155.1_9429	1996	1797	1.75973	0.275051
lcl|NC_052667.1_mrna_XM_039448152.1_9430	1455	1256	29.5576	6.60991
lcl|NC_052667.1_ncrna_XR_005574644.1_9431	2770	2571	3.71938	0.406335
lcl|NC_052667.1_mrna_XM_026141063.1_9432	393	194	0	0
lcl|NC_052667.1_mrna_XM_039448073.1_9433	369	170	0	0
lcl|NC_052667.1_mrna_XM_039448672.1_9434	1704	1505	1	0.186629
lcl|NC_052667.1_mrna_XM_039448673.1_9435	1652	1453	0	0
lcl|NC_052667.1_mrna_XM_039448671.1_9436	4820	4621	0	0
lcl|NC_052667.1_mrna_XM_039448074.1_9437	385	186	0	0
lcl|NC_052667.1_mrna_XM_039448088.1_9438	5175	4976	0	0
lcl|NC_052667.1_mrna_XM_039448089.1_9439	5220	5021	0	0
lcl|NC_052667.1_ncrna_XR_005574646.1_9440	1264	1065	0	0
lcl|NC_052667.1_miscrna_XR_005574519.1_9441	4602	4403	0	0
lcl|NC_052667.1_mrna_XM_011172294.2_9442	603	404	0	0
lcl|NC_052667.1_mrna_XM_039448690.1_9443	825	626	0	0
lcl|NC_052667.1_mrna_XM_039448419.1_9444	581	382	0	0
lcl|NC_052667.1_mrna_XM_039448670.1_9445	1671	1472	0	0
lcl|NC_052667.1_mrna_XM_039448383.1_9446	3790	3591	1	0.0782168
lcl|NC_052667.1_mrna_XM_026141234.2_9447	603	404	0	0
lcl|NC_052667.1_mrna_XM_026141235.2_9448	5219	5020	0	0
lcl|NC_052667.1_mrna_XM_039448185.1_9449	4900	4701	3	0.179245
lcl|NC_052667.1_mrna_XM_039448184.1_9450	4978	4779	2.03658e-07	1.19696e-08
lcl|NC_052667.1_miscrna_XR_005574538.1_9451	1277	1078	3	0.781661
lcl|NC_052667.1_mrna_XM_039448420.1_9452	4668	4469	0	0
lcl|NC_052667.1_mrna_XM_026137997.2_9453	3436	3237	0	0
lcl|NC_052667.1_mrna_XM_039448253.1_9454	3233	3034	0	0
lcl|NC_052667.1_mrna_XM_039448252.1_9455	3248	3049	0	0
lcl|NC_052667.1_mrna_XM_026141925.1_9456	531	332	0	0
lcl|NC_052667.1_mrna_XM_039448786.1_9457	4628	4429	0	0
lcl|NC_052667.1_mrna_XM_039448787.1_9458	4414	4215	0	0
lcl|NC_052667.1_ncrna_XR_005574689.1_9459	12260	12061	11.0552	0.257453
lcl|NC_052667.1_mrna_XM_039448788.1_9460	4791	4592	0	0
lcl|NC_052667.1_mrna_XM_039448790.1_9461	3706	3507	0	0
lcl|NC_052667.1_mrna_XM_039448789.1_9462	7618	7419	0	0
lcl|NC_052667.1_miscrna_XR_005574686.1_9463	3798	3599	0	0
lcl|NC_052667.1_miscrna_XR_005574687.1_9464	3571	3372	0	0
lcl|NC_052667.1_ncrna_XR_005574688.1_9465	196	15.2527	0	0
lcl|NC_052667.1_mrna_XM_039448792.1_9466	3451	3252	0	0
lcl|NC_052667.1_mrna_XM_039448791.1_9467	6772	6573	0	0
lcl|NC_052667.1_miscrna_XR_005574685.1_9468	3725	3526	0	0
lcl|NC_052667.1_mrna_XM_039448793.1_9469	3069	2870	0	0
lcl|NC_052667.1_mrna_XM_011166282.2_9470	1278	1079	0	0
lcl|NC_052667.1_mrna_XM_039448421.1_9471	641	442	1.10831	0.704293
lcl|NC_052667.1_mrna_XM_039448422.1_9472	921	722	0	0
lcl|NC_052667.1_mrna_XM_039448180.1_9473	1076	877	0	0
lcl|NC_052667.1_mrna_XM_039448179.1_9474	1163	964	0	0
lcl|NC_052667.1_mrna_XM_039448423.1_9475	773	574	0	0
lcl|NC_052667.1_ncrna_XR_005574567.1_9476	740	541	0	0
lcl|NC_052667.1_mrna_XM_039448424.1_9477	1473	1274	0	0
lcl|NC_052667.1_mrna_XM_011175852.3_9478	1952	1753	0	0
lcl|NC_052667.1_ncrna_XR_005574667.1_9479	3183	2984	0	0
lcl|NC_052667.1_mrna_XM_039448425.1_9480	762	563	0	0
lcl|NC_052667.1_mrna_XM_026141404.1_9481	750	551	0	0
lcl|NC_052667.1_mrna_XM_039447777.1_9482	1135	936	435	130.536
lcl|NC_052667.1_ncrna_XR_005574537.1_9483	860	661	106.267	45.1555
lcl|NC_052667.1_ncrna_XR_003268733.2_9484	413	214	3.7424	4.91193
lcl|NC_052667.1_mrna_XM_011175757.3_9485	1789	1590	228.961	40.4464
lcl|NC_052667.1_mrna_XM_011175737.3_9486	3153	2954	23.9995	2.28195
lcl|NC_052667.1_mrna_XM_026140556.2_9487	3049	2850	0.0014231	0.000140251
lcl|NC_052667.1_mrna_XM_011175744.3_9488	3033	2834	0.403258	0.0399668
lcl|NC_052667.1_mrna_XM_011175749.3_9489	2263	2064	77.6351	10.5649
lcl|NC_052667.1_mrna_XM_039448426.1_9490	4344	4145	0	0
lcl|NC_052667.1_mrna_XM_011174882.2_9491	822	623	0	0
lcl|NC_052667.1_ncrna_XR_005574525.1_9492	2769	2570	0	0
lcl|NC_052667.1_ncrna_XR_005574526.1_9493	2661	2462	0	0
lcl|NC_052667.1_ncrna_XR_005574528.1_9494	2361	2162	2.98553	0.387865
lcl|NC_052667.1_ncrna_XR_005574529.1_9495	2191	1992	0	0
lcl|NC_052667.1_ncrna_XR_005574527.1_9496	1231	1032	0	0
lcl|NC_052667.1_mrna_XM_039448427.1_9497	4020	3821	1.40571	0.103332
lcl|NC_052667.1_mrna_XM_026138249.2_9498	2130	1931	0	0
lcl|NC_052667.1_mrna_XM_039448693.1_9499	1163	964	0	0
lcl|NC_052667.1_mrna_XM_039448692.1_9500	3057	2858	1	0.0982774
lcl|NC_052667.1_miscrna_XR_005574669.1_9501	1286	1087	0	0
lcl|NC_052667.1_mrna_XM_039448691.1_9502	1378	1179	0	0
lcl|NC_052667.1_mrna_XM_039448699.1_9503	1045	846	0	0
lcl|NC_052667.1_mrna_XM_039448698.1_9504	1022	823	0	0
lcl|NC_052667.1_mrna_XM_039448697.1_9505	984	785	0	0
lcl|NC_052667.1_mrna_XM_039448695.1_9506	999	800	0	0
lcl|NC_052667.1_mrna_XM_039448701.1_9507	900	701	0	0
lcl|NC_052667.1_mrna_XM_039448700.1_9508	1006	807	3.78168	1.31621
lcl|NC_052667.1_miscrna_XR_005574670.1_9509	1002	803	34.5133	12.0722
lcl|NC_052667.1_mrna_XM_039448702.1_9510	979	780	0	0
lcl|NC_052667.1_mrna_XM_039448703.1_9511	1006	807	0	0
lcl|NC_052667.1_mrna_XM_039448704.1_9512	991	792	0	0
lcl|NC_052667.1_mrna_XM_039448706.1_9513	1052	853	0	0
lcl|NC_052667.1_mrna_XM_039448708.1_9514	986	787	0	0
lcl|NC_052667.1_mrna_XM_039448705.1_9515	1028	829	0	0
lcl|NC_052667.1_mrna_XM_039448707.1_9516	1013	814	0	0
lcl|NC_052667.1_miscrna_XR_005574671.1_9517	1008	809	0	0
lcl|NC_052667.1_mrna_XM_039448694.1_9518	1022	823	1	0.341284
lcl|NC_052667.1_ncrna_XR_005574672.1_9519	122	5.14791	0	0
lcl|NC_052667.1_mrna_XM_039448303.1_9520	1217	1018	4.66066	1.28592
lcl|NC_052667.1_mrna_XM_039448428.1_9521	1889	1690	68.9558	11.4604
lcl|NC_052667.1_mrna_XM_039448236.1_9522	1197	998	0	0
lcl|NC_052667.1_mrna_XM_039448429.1_9523	5268	5069	1.93105	0.107001
lcl|NC_052667.1_ncrna_XR_005574598.1_9524	961	762	0	0
lcl|NC_052667.1_mrna_XM_039447827.1_9525	1521	1322	2.99668	0.636685
lcl|NC_052667.1_mrna_XM_026133075.2_9526	1530	1331	0.00332047	0.000700709
lcl|NC_052667.1_mrna_XM_039448430.1_9527	369	170	0	0
lcl|NC_052667.1_mrna_XM_039448431.1_9528	924	725	0	0
lcl|NC_052667.1_mrna_XM_039448479.1_9529	821	622	0	0
lcl|NC_052667.1_mrna_XM_039448432.1_9530	735	536	0	0
lcl|NC_052667.1_mrna_XM_039448433.1_9531	651	452	0	0
lcl|NC_052667.1_miscrna_XR_005574613.1_9532	3479	3280	6.34934	0.543714
lcl|NC_052667.1_mrna_XM_039448472.1_9533	3126	2927	0	0
lcl|NC_052667.1_miscrna_XR_005574615.1_9534	3712	3513	0	0
lcl|NC_052667.1_miscrna_XR_005574614.1_9535	4064	3865	0	0
lcl|NC_052667.1_miscrna_XR_005574612.1_9536	2579	2380	80.7008	9.52394
lcl|NC_052667.1_mrna_XM_039448475.1_9537	2899	2700	11.6485	1.21177
lcl|NC_052667.1_mrna_XM_039448477.1_9538	4272	4073	19.0838	1.31603
lcl|NC_052667.1_mrna_XM_039448476.1_9539	4321	4122	28.7881	1.96164
lcl|NC_052667.1_mrna_XM_039448473.1_9540	4444	4245	76.1366	5.03769
lcl|NC_052667.1_mrna_XM_039448471.1_9541	4328	4129	0.0426039	0.00289815
lcl|NC_052667.1_mrna_XM_039448474.1_9542	4319	4120	8.25032	0.562457
lcl|NC_052667.1_mrna_XM_039448478.1_9543	3858	3659	0	0
lcl|NC_052667.1_ncrna_XR_005574490.1_9544	1441	1242	0	0
lcl|NC_052667.1_ncrna_XR_005574491.1_9545	1337	1138	0	0
lcl|NC_052667.1_mrna_XM_011171891.3_9546	4284	4085	0	0
lcl|NC_052667.1_mrna_XM_039448198.1_9547	731	532	0	0
lcl|NC_052667.1_ncrna_XR_005574627.1_9548	918	719	0	0
lcl|NC_052667.1_ncrna_XR_005574626.1_9549	1140	941	2	0.596975
lcl|NC_052667.1_ncrna_XR_005574628.1_9550	803	604	0	0
lcl|NC_052667.1_ncrna_XR_005574625.1_9551	861	662	0	0
lcl|NC_052667.1_miscrna_XR_003269437.2_9552	2203	2004	234	32.797
lcl|NC_052667.1_mrna_XM_026140766.2_9553	1770	1571	0	0
lcl|NC_052667.1_mrna_XM_039448481.1_9554	3193	2994	98.5891	9.24896
lcl|NC_052667.1_mrna_XM_039448480.1_9555	5473	5274	4.52207	0.240831
lcl|NC_052667.1_ncrna_XR_005574616.1_9556	1782	1583	0	0
lcl|NC_052667.1_mrna_XM_039448313.1_9557	2505	2306	0	0
lcl|NC_052667.1_mrna_XM_039448434.1_9558	1680	1481	0	0
lcl|NC_052667.1_mrna_XM_039448435.1_9559	957	758	0	0
lcl|NC_052667.1_mrna_XM_039448436.1_9560	1710	1511	0	0
lcl|NC_052667.1_mrna_XM_039448168.1_9561	1297	1098	0	0
lcl|NC_052667.1_mrna_XM_026139752.2_9562	873	674	0	0
lcl|NC_052667.1_mrna_XM_026139753.1_9563	927	728	1	0.38582
lcl|NC_052667.1_mrna_XM_039448438.1_9564	1125	926	0	0
lcl|NC_052667.1_mrna_XM_011158824.2_9565	687	488	0	0
lcl|NC_052667.1_mrna_XM_011158826.1_9566	906	707	0	0
lcl|NC_052667.1_ncrna_XR_005574471.1_9567	499	300	0	0
lcl|NC_052667.1_mrna_XM_026138596.2_9568	1230	1031	0	0
lcl|NC_052667.1_mrna_XM_011158956.1_9569	486	287	0	0
lcl|NC_052667.1_mrna_XM_039448439.1_9570	1108	909	1	0.308995
lcl|NC_052667.1_mrna_XM_039448362.1_9571	2051	1852	0	0
lcl|NC_052667.1_mrna_XM_039448361.1_9572	2147	1948	0	0
lcl|NC_052667.1_mrna_XM_011159044.1_9573	540	341	0	0
lcl|NC_052667.1_mrna_XM_011159055.2_9574	2001	1802	0	0
lcl|NC_052667.1_mrna_XM_026138594.2_9575	779	580	50.9453	24.6713
lcl|NC_052667.1_mrna_XM_026138593.2_9576	855	656	148.055	63.392
lcl|NC_052667.1_mrna_XM_026138595.2_9577	781	582	0	0
lcl|NC_052667.1_ncrna_XR_005574681.1_9578	5519	5320	4	0.211185
lcl|NC_052667.1_ncrna_XR_005574636.1_9579	1555	1356	5	1.03568
lcl|NC_052667.1_mrna_XM_039448440.1_9580	4323	4124	0	0
lcl|NC_052667.1_mrna_XM_039448011.1_9581	3076	2877	1.5472e-06	1.51051e-07
lcl|NC_052667.1_mrna_XM_039448010.1_9582	3079	2880	27.0164	2.63482
lcl|NC_052667.1_mrna_XM_039448012.1_9583	1631	1432	0	0
lcl|NC_052667.1_ncrna_XR_005574502.1_9584	713	514	6.69036	3.65597
lcl|NC_052667.1_mrna_XM_039448009.1_9585	2692	2493	26.6015	2.99709
lcl|NC_052667.1_mrna_XM_039448008.1_9586	2700	2501	1.06984	0.120149
lcl|NC_052667.1_mrna_XM_026130566.1_9587	1344	1145	0	0
lcl|NC_052667.1_ncrna_XR_005574504.1_9588	982	783	114.902	41.2176
lcl|NC_052667.1_mrna_XM_039448033.1_9589	1092	893	116.065	36.506
lcl|NC_052667.1_mrna_XM_039448034.1_9590	1061	862	37.3417	12.1675
lcl|NC_052667.1_mrna_XM_026130382.2_9591	1106	907	643.594	199.306
lcl|NC_052667.1_mrna_XM_011164708.3_9592	7870	7671	267.807	9.80588
lcl|NC_052667.1_mrna_XM_011164709.3_9593	7856	7657	451.605	16.5659
lcl|NC_052667.1_ncrna_XR_005574645.1_9594	3186	2987	3	0.282099
lcl|NC_052667.1_mrna_XM_039448585.1_9595	3809	3610	2.67012	0.207749
lcl|NC_052667.1_mrna_XM_039448311.1_9596	1916	1717	0	0
lcl|NC_052667.1_mrna_XM_039448441.1_9597	888	689	0.5	0.203829
lcl|NC_052667.1_mrna_XM_026141232.2_9598	1242	1043	0	0
lcl|NC_052667.1_ncrna_XR_005574584.1_9599	1167	968	90.7394	26.3291
lcl|NC_052667.1_mrna_XM_039448442.1_9600	4026	3827	0	0
lcl|NC_052667.1_ncrna_XR_005574585.1_9601	768	569	1.17803e-05	5.81511e-06
lcl|NC_052667.1_mrna_XM_039448364.1_9602	984	785	5.35666	1.91664
lcl|NC_052667.1_mrna_XM_011158324.3_9603	559	360	74.9792	58.4998
lcl|NC_052667.1_mrna_XM_039447861.1_9604	1505	1306	0.347955	0.0748335
lcl|NC_052667.1_mrna_XM_026133679.2_9605	1486	1287	613.673	133.929
lcl|NC_052667.1_mrna_XM_039447860.1_9606	1297	1098	0	0
lcl|NC_052667.1_ncrna_XR_005574586.1_9607	598	399	0	0
lcl|NC_052667.1_mrna_XM_039447859.1_9608	2595	2396	0	0
lcl|NC_052667.1_mrna_XM_039447858.1_9609	2213	2014	1	0.139462
lcl|NC_052667.1_mrna_XM_011163628.3_9610	1080	881	641	204.361
lcl|NC_052667.1_mrna_XM_039447862.1_9611	1401	1202	483	112.865
lcl|NC_052667.1_mrna_XM_039447841.1_9612	6103	5904	96.2861	4.58071
lcl|NC_052667.1_mrna_XM_039447851.1_9613	5612	5413	27.4812	1.42598
lcl|NC_052667.1_mrna_XM_039447849.1_9614	5639	5440	0	0
lcl|NC_052667.1_mrna_XM_039447845.1_9615	5684	5485	0	0
lcl|NC_052667.1_mrna_XM_039447844.1_9616	5711	5512	0	0
lcl|NC_052667.1_mrna_XM_039447848.1_9617	5651	5452	6.75267	0.347885
lcl|NC_052667.1_mrna_XM_039447846.1_9618	5678	5479	0	0
lcl|NC_052667.1_mrna_XM_039447842.1_9619	5723	5524	0	0
lcl|NC_052667.1_mrna_XM_039447843.1_9620	5714	5515	0	0
lcl|NC_052667.1_mrna_XM_039447840.1_9621	5750	5551	0	0
lcl|NC_052667.1_mrna_XM_039447847.1_9622	2976	2777	222.48	22.5025
lcl|NC_052667.1_mrna_XM_039448363.1_9623	2060	1861	1.5881	0.239688
lcl|NC_052667.1_mrna_XM_011163621.3_9624	4301	4102	808	55.3263
lcl|NC_052667.1_miscrna_XR_005574583.1_9625	677	478	11.398	6.69754
lcl|NC_052667.1_mrna_XM_039448366.1_9626	572	373	0	0
lcl|NC_052667.1_mrna_XM_039448365.1_9627	668	469	17.3909	10.4151
lcl|NC_052667.1_mrna_XM_026140496.2_9628	1571	1372	338.338	69.2648
lcl|NC_052667.1_mrna_XM_039447853.1_9629	1649	1450	0	0
lcl|NC_052667.1_mrna_XM_039447856.1_9630	1476	1277	0	0
lcl|NC_052667.1_mrna_XM_039447854.1_9631	1356	1157	0	0
lcl|NC_052667.1_mrna_XM_026140499.2_9632	1183	984	0	0
lcl|NC_052667.1_mrna_XM_039447855.1_9633	1495	1296	0	0
lcl|NC_052667.1_mrna_XM_026140497.2_9634	1202	1003	37.1962	10.4163
lcl|NC_052667.1_mrna_XM_039447852.1_9635	4440	4241	14.2577	0.944269
lcl|NC_052667.1_trna_9636	76	3.6135	0	0
lcl|NC_052667.1_mrna_XM_026140493.2_9637	1893	1694	4571.37	757.965
lcl|NC_052667.1_mrna_XM_039447864.1_9638	1904	1705	45.6263	7.51635
lcl|NC_052667.1_mrna_XM_039447808.1_9639	1911	1712	47.401	7.77678
lcl|NC_052667.1_mrna_XM_039447807.1_9640	1819	1620	792.562	137.415
lcl|NC_052667.1_mrna_XM_039448443.1_9641	1612	1413	22.5227	4.47707
lcl|NC_052667.1_mrna_XM_039447723.1_9642	1909	1710	59.8128	9.82457
lcl|NC_052667.1_mrna_XM_026140413.2_9643	7093	6894	326	13.282
lcl|NC_052667.1_mrna_XM_039448444.1_9644	1096	897	15.3642	4.81098
lcl|NC_052667.1_mrna_XM_039447795.1_9645	3654	3455	0	0
lcl|NC_052667.1_mrna_XM_039447796.1_9646	3432	3233	1	0.086878
lcl|NC_052667.1_ncrna_XR_005574470.1_9647	239	41.1625	0.64527	4.40307
lcl|NC_052667.1_mrna_XM_039447799.1_9648	1226	1027	0	0
lcl|NC_052667.1_mrna_XM_039447798.1_9649	2329	2130	4.00479	0.528099
lcl|NC_052667.1_mrna_XM_026141217.2_9650	1342	1143	0	0
lcl|NC_052667.1_mrna_XM_011163198.3_9651	2399	2200	1095.41	139.853
lcl|NC_052667.1_mrna_XM_039447782.1_9652	2339	2140	67.5887	8.87107
lcl|NC_052667.1_miscrna_XR_005574467.1_9653	2150	1951	10.1555	1.46204
lcl|NC_052667.1_miscrna_XR_005574466.1_9654	2165	1966	0.00468251	0.000668976
lcl|NC_052667.1_miscrna_XR_005574465.1_9655	2043	1844	0	0
lcl|NC_052667.1_miscrna_XR_005574468.1_9656	2016	1817	0	0
lcl|NC_052667.1_miscrna_XR_003269368.2_9657	2110	1911	0	0
lcl|NC_052667.1_mrna_XM_039447783.1_9658	2455	2256	6.83982	0.851572
lcl|NC_052667.1_mrna_XM_011174973.1_9659	729	530	0	0
lcl|NC_052667.1_mrna_XM_011174975.1_9660	573	374	0	0
lcl|NC_052667.1_mrna_XM_039447740.1_9661	2194	1995	118.353	16.663
lcl|NC_052667.1_mrna_XM_039447741.1_9662	1998	1799	7.60677	1.18764
lcl|NC_052667.1_mrna_XM_039447739.1_9663	2194	1995	870.981	122.626
lcl|NC_052667.1_mrna_XM_026140125.2_9664	1590	1391	267.058	53.9256
lcl|NC_052667.1_mrna_XM_039448445.1_9665	1494	1295	0	0
lcl|NC_052667.1_mrna_XM_026138395.2_9666	4308	4109	0	0
lcl|NC_052667.1_ncrna_XR_005574635.1_9667	627	428	0	0
lcl|NC_052667.1_ncrna_XR_005574587.1_9668	821	622	26.5767	12.0012
lcl|NC_052667.1_mrna_XM_011173406.3_9669	2711	2512	1267.17	141.687
lcl|NC_052667.1_mrna_XM_011173405.3_9670	2875	2676	177.261	18.6056
lcl|NC_052667.1_mrna_XM_011173407.3_9671	3040	2841	50.9747	5.03964
lcl|NC_052667.1_mrna_XM_039448567.1_9672	2757	2558	71.4168	7.8418
lcl|NC_052667.1_miscrna_XR_005574638.1_9673	1498	1299	24.9962	5.40482
lcl|NC_052667.1_mrna_XM_039448574.1_9674	1563	1364	0	0
lcl|NC_052667.1_miscrna_XR_005574640.1_9675	1575	1376	127.108	25.9461
lcl|NC_052667.1_miscrna_XR_005574639.1_9676	1233	1034	163.656	44.4556
lcl|NC_052667.1_mrna_XM_026140349.2_9677	2392	2193	20.677	2.64829
lcl|NC_052667.1_mrna_XM_039448569.1_9678	2191	1992	40.5457	5.71704
lcl|NC_052667.1_mrna_XM_039448571.1_9679	2276	2077	0	0
lcl|NC_052667.1_mrna_XM_026140351.2_9680	2254	2055	0	0
lcl|NC_052667.1_mrna_XM_026140350.2_9681	2263	2064	17.2496	2.34739
lcl|NC_052667.1_mrna_XM_039448568.1_9682	2433	2234	15.4253	1.93939
lcl|NC_052667.1_mrna_XM_039448573.1_9683	3400	3201	12.602	1.10578
lcl|NC_052667.1_mrna_XM_039448570.1_9684	2013	1814	0	0
lcl|NC_052667.1_mrna_XM_039448572.1_9685	1860	1661	6.10343	1.0321
lcl|NC_052667.1_mrna_XM_026140352.2_9686	3297	3098	7.81816	0.708825
lcl|NC_052667.1_ncrna_XR_005574641.1_9687	9062	8863	4.19401	0.132912
lcl|NC_052667.1_ncrna_XR_005574642.1_9688	803	604	0	0
lcl|NC_052667.1_ncrna_XR_005574643.1_9689	491	292	0	0
lcl|NC_052667.1_mrna_XM_039448446.1_9690	834	635	0	0
lcl|NC_052667.1_mrna_XM_039448447.1_9691	2187	1988	1	0.141286
lcl|NC_052667.1_mrna_XM_039448448.1_9692	921	722	0	0
lcl|NC_052667.1_mrna_XM_026132398.2_9693	2066	1867	1	0.150443
lcl|NC_052667.1_mrna_XM_039447776.1_9694	1668	1469	24.4904	4.68262
lcl|NC_052667.1_miscrna_XR_003269624.2_9695	1949	1750	56.4545	9.061
lcl|NC_052667.1_ncrna_XR_003269625.2_9696	753	554	15.954	8.08863
lcl|NC_052667.1_mrna_XM_039447772.1_9697	1633	1434	1595.74	312.557
lcl|NC_052667.1_mrna_XM_039447774.1_9698	1615	1416	518.169	102.784
lcl|NC_052667.1_mrna_XM_039447775.1_9699	1566	1367	1397.09	287.059
lcl|NC_052667.1_mrna_XM_039448014.1_9700	854	655	0	0
lcl|NC_052667.1_mrna_XM_039448017.1_9701	711	512	0	0
lcl|NC_052667.1_mrna_XM_039448013.1_9702	872	673	0	0
lcl|NC_052667.1_mrna_XM_039448016.1_9703	876	677	0	0
lcl|NC_052667.1_mrna_XM_039448015.1_9704	826	627	0	0
lcl|NC_052667.1_mrna_XM_039448018.1_9705	865	666	26.6433	11.2365
lcl|NC_052667.1_mrna_XM_039448449.1_9706	2610	2411	3	0.349494
lcl|NC_052667.1_mrna_XM_039447960.1_9707	695	496	618	349.963
lcl|NC_052667.1_mrna_XM_039447717.1_9708	3284	3085	67.1125	6.11032
lcl|NC_052667.1_mrna_XM_039447721.1_9709	1481	1282	59.1513	12.9596
lcl|NC_052667.1_mrna_XM_039447722.1_9710	1464	1265	0	0
lcl|NC_052667.1_mrna_XM_039447720.1_9711	1482	1283	122.736	26.8696
lcl|NC_052667.1_mrna_XM_039447718.1_9712	1293	1094	0	0
lcl|NC_052667.1_mrna_XM_039447719.1_9713	4634	4435	0	0
lcl|NC_052667.1_mrna_XM_011174650.3_9714	1201	1002	118.011	33.0803
lcl|NC_052667.1_mrna_XM_011174649.3_9715	1240	1041	228.28	61.5932
lcl|NC_052667.1_mrna_XM_039448132.1_9716	1081	882	306.433	97.5848
lcl|NC_052667.1_mrna_XM_039448133.1_9717	4183	3984	0	0
lcl|NC_052667.1_mrna_XM_039448134.1_9718	4014	3815	1.27655	0.0939854
lcl|NC_052667.1_mrna_XM_039448450.1_9719	3201	3002	0	0
lcl|NC_052667.1_ncrna_XR_005574555.1_9720	1730	1531	21.9425	4.02557
lcl|NC_052667.1_ncrna_XR_005574553.1_9721	2027	1828	0	0
lcl|NC_052667.1_ncrna_XR_005574554.1_9722	2409	2210	0.0070079	0.000890658
lcl|NC_052667.1_ncrna_XR_005574552.1_9723	2416	2217	0.000293797	3.72218e-05
lcl|NC_052667.1_ncrna_XR_005574551.1_9724	2392	2193	16.1916	2.0738
lcl|NC_052667.1_mrna_XM_011176813.3_9725	1392	1193	677.404	159.486
lcl|NC_052667.1_mrna_XM_011176812.3_9726	1867	1668	401.596	67.6252
lcl|NC_052667.1_mrna_XM_039448258.1_9727	1520	1321	587	124.81
lcl|NC_052667.1_mrna_XM_039448272.1_9728	589	390	0	0
lcl|NC_052667.1_mrna_XM_039448268.1_9729	1046	847	331	109.764
lcl|NC_052667.1_mrna_XM_039448264.1_9730	864	665	17.145	7.24155
lcl|NC_052667.1_mrna_XM_039448263.1_9731	968	769	52.3461	19.1194
lcl|NC_052667.1_mrna_XM_039448262.1_9732	697	498	55.3685	31.2283
lcl|NC_052667.1_mrna_XM_039448267.1_9733	695	496	1.56181e-05	8.84426e-06
lcl|NC_052667.1_mrna_XM_039448266.1_9734	754	555	20.131	10.188
lcl|NC_052667.1_mrna_XM_039448265.1_9735	1892	1693	0	0
lcl|NC_052667.1_mrna_XM_039448271.1_9736	555	356	0	0
lcl|NC_052667.1_mrna_XM_039448254.1_9737	4163	3964	1827	129.456
lcl|NC_052667.1_ncrna_XR_005574559.1_9738	2755	2556	1	0.109889
lcl|NC_052667.1_mrna_XM_039448261.1_9739	1377	1178	4.3055	1.02658
lcl|NC_052667.1_mrna_XM_011161983.3_9740	1564	1365	1215.04	250.019
lcl|NC_052667.1_ncrna_XR_005574557.1_9741	778	579	4.6	2.23149
lcl|NC_052667.1_ncrna_XR_005574556.1_9742	562	363	4.32397	3.34574
lcl|NC_052667.1_mrna_XM_039448270.1_9743	2086	1887	6.97416	1.03809
lcl|NC_052667.1_mrna_XM_026129966.2_9744	1862	1663	36.6156	6.18428
lcl|NC_052667.1_mrna_XM_026129955.2_9745	1940	1741	69.174	11.1599
lcl|NC_052667.1_ncrna_XR_005574561.1_9746	1718	1519	3.45003	0.637942
lcl|NC_052667.1_mrna_XM_039448256.1_9747	2120	1921	252	36.8459
lcl|NC_052667.1_mrna_XM_039448257.1_9748	1648	1449	0	0
lcl|NC_052667.1_mrna_XM_011161985.3_9749	1764	1565	247.948	44.5002
lcl|NC_052667.1_mrna_XM_039448260.1_9750	1915	1716	0	0
lcl|NC_052667.1_mrna_XM_026139675.2_9751	3671	3472	0.00579404	0.000468725
lcl|NC_052667.1_mrna_XM_026139678.2_9752	3647	3448	6.08805	0.495937
lcl|NC_052667.1_mrna_XM_039448259.1_9753	3758	3559	0	0
lcl|NC_052667.1_mrna_XM_039448269.1_9754	910	711	0	0
lcl|NC_052667.1_ncrna_XR_005574560.1_9755	1010	811	4.8399	1.67622
lcl|NC_052667.1_mrna_XM_039448255.1_9756	3835	3636	300	23.1746
lcl|NC_052667.1_miscrna_XR_005574550.1_9757	3944	3745	0	0
lcl|NC_052667.1_ncrna_XR_005574558.1_9758	2561	2362	4.16491	0.495269
lcl|NC_052667.1_mrna_XM_039448274.1_9759	3064	2865	44.0236	4.31595
lcl|NC_052667.1_mrna_XM_039448276.1_9760	3004	2805	51.0535	5.11221
lcl|NC_052667.1_mrna_XM_039448275.1_9761	3064	2865	0.152837	0.0149837
lcl|NC_052667.1_mrna_XM_039448273.1_9762	3120	2921	892.47	85.8179
lcl|NC_052667.1_mrna_XM_039448277.1_9763	3523	3324	0	0
lcl|NC_052667.1_mrna_XM_039448278.1_9764	3605	3406	23.3002	1.92145
lcl|NC_052667.1_mrna_XM_039448451.1_9765	984	785	0	0
lcl|NC_052667.1_mrna_XM_039448579.1_9766	3918	3719	0	0
lcl|NC_052667.1_mrna_XM_039448581.1_9767	3045	2846	1	0.0986917
lcl|NC_052667.1_mrna_XM_039448578.1_9768	4184	3985	0	0
lcl|NC_052667.1_mrna_XM_039448582.1_9769	4039	3840	0	0
lcl|NC_052667.1_mrna_XM_039448580.1_9770	4014	3815	0	0
lcl|NC_052667.1_mrna_XM_026139863.2_9771	3952	3753	0	0
lcl|NC_052667.1_ncrna_XR_003269333.2_9772	945	746	2	0.753021
lcl|NC_052667.1_mrna_XM_026139860.2_9773	6677	6478	0	0
lcl|NC_052667.1_mrna_XM_026139859.2_9774	6666	6467	0	0
lcl|NC_052667.1_mrna_XM_026139858.2_9775	6669	6470	0	0
lcl|NC_052667.1_mrna_XM_026139856.2_9776	6825	6626	0	0
lcl|NC_052667.1_mrna_XM_026139857.2_9777	7542	7343	9.57169	0.366126
lcl|NC_052667.1_mrna_XM_026139861.2_9778	5962	5763	0	0
lcl|NC_052667.1_mrna_XM_039448584.1_9779	5376	5177	76.4283	4.1466
lcl|NC_052667.1_mrna_XM_039447766.1_9780	1458	1259	0	0
lcl|NC_052667.1_mrna_XM_039447767.1_9781	2261	2062	8	1.08973
lcl|NC_052667.1_mrna_XM_039447769.1_9782	2032	1833	0	0
lcl|NC_052667.1_mrna_XM_039447768.1_9783	1517	1318	0	0
lcl|NC_052667.1_mrna_XM_039447770.1_9784	1647	1448	0	0
lcl|NC_052667.1_mrna_XM_026141497.2_9785	2355	2156	0	0
lcl|NC_052667.1_mrna_XM_011157213.1_9786	1053	854	0	0
lcl|NC_052667.1_mrna_XM_039447771.1_9787	4283	4084	0	0
lcl|NC_052667.1_mrna_XM_039448452.1_9788	4581	4382	0	0
lcl|NC_052667.1_mrna_XM_026138123.1_9789	612	413	0	0
lcl|NC_052667.1_mrna_XM_026138112.2_9790	5122	4923	0	0
lcl|NC_052667.1_mrna_XM_026138113.2_9791	4961	4762	241.854	14.2652
lcl|NC_052667.1_mrna_XM_026138115.2_9792	7842	7643	2.56524	0.0942713
lcl|NC_052667.1_mrna_XM_026138116.2_9793	7945	7746	3.78489e-06	1.37243e-07
lcl|NC_052667.1_mrna_XM_039447979.1_9794	8606	8407	35.9326	1.2005
lcl|NC_052667.1_mrna_XM_026138117.2_9795	5466	5267	57.6483	3.07425
lcl|NC_052667.1_mrna_XM_039447980.1_9796	2669	2470	3.48609	0.396422
lcl|NC_052667.1_mrna_XM_039447983.1_9797	851	652	0	0
lcl|NC_052667.1_mrna_XM_039447984.1_9798	538	339	0	0
lcl|NC_052667.1_ncrna_XR_005574500.1_9799	426	227	2	2.47468
lcl|NC_052667.1_mrna_XM_039447982.1_9800	1836	1637	0	0
lcl|NC_052667.1_mrna_XM_039447981.1_9801	1910	1711	200.994	32.9951
lcl|NC_052667.1_mrna_XM_011166172.3_9802	2228	2029	76.5684	10.5994
lcl|NC_052667.1_mrna_XM_011166171.3_9803	4745	4546	3.4316	0.212023
lcl|NC_052667.1_mrna_XM_026138110.2_9804	950	751	3477.51	1300.6
lcl|NC_052667.1_mrna_XM_026138111.2_9805	1090	891	150.599	47.4744
lcl|NC_052667.1_mrna_XM_039447985.1_9806	1341	1142	7.8866	1.93972
lcl|NC_052667.1_mrna_XM_011166175.3_9807	3715	3516	595	47.5318
lcl|NC_052667.1_mrna_XM_011166169.3_9808	2329	2130	1339.07	176.579
lcl|NC_052667.1_mrna_XM_039447987.1_9809	5755	5556	17.9791	0.908911
lcl|NC_052667.1_mrna_XM_039447986.1_9810	5851	5652	13.9547	0.693479
lcl|NC_052667.1_mrna_XM_026138124.2_9811	2635	2436	0	0
lcl|NC_052667.1_mrna_XM_011166168.3_9812	3947	3748	106.933	8.0136
lcl|NC_052667.1_mrna_XM_039447908.1_9813	3603	3404	0	0
lcl|NC_052667.1_mrna_XM_039447910.1_9814	3255	3056	0	0
lcl|NC_052667.1_mrna_XM_039447909.1_9815	3246	3047	35.067	3.23253
lcl|NC_052667.1_mrna_XM_039448739.1_9816	4329	4130	34.7524	2.36347
lcl|NC_052667.1_mrna_XM_026138109.2_9817	4220	4021	31.2476	2.18272
lcl|NC_052667.1_mrna_XM_039448741.1_9818	4318	4119	0	0
lcl|NC_052667.1_mrna_XM_039448740.1_9819	4296	4097	0	0
lcl|NC_052667.1_mrna_XM_011166167.3_9820	1967	1768	1502.97	238.772
lcl|NC_052667.1_mrna_XM_039448745.1_9821	1440	1241	344.032	77.8651
lcl|NC_052667.1_mrna_XM_011166165.2_9822	1821	1622	15	2.5975
lcl|NC_052667.1_mrna_XM_026138120.2_9823	1481	1282	0	0
lcl|NC_052667.1_mrna_XM_011166166.3_9824	1566	1367	8	1.64376
lcl|NC_052667.1_mrna_XM_026138119.2_9825	1584	1385	0	0
lcl|NC_052667.1_mrna_XM_011166164.3_9826	1132	933	513	154.437
lcl|NC_052667.1_mrna_XM_039448750.1_9827	797	598	0	0
lcl|NC_052667.1_mrna_XM_039448747.1_9828	869	670	7.22749	3.0299
lcl|NC_052667.1_mrna_XM_039448751.1_9829	839	640	11.5349	5.06231
lcl|NC_052667.1_mrna_XM_039448748.1_9830	883	684	16.9939	6.97835
lcl|NC_052667.1_mrna_XM_039448749.1_9831	810	611	0	0
lcl|NC_052667.1_mrna_XM_039448746.1_9832	905	706	0	0
lcl|NC_052667.1_mrna_XM_039448752.1_9833	756	557	47.6103	24.0083
lcl|NC_052667.1_ncrna_XR_005574679.1_9834	355	156	0	0
lcl|NC_052667.1_mrna_XM_039448742.1_9835	1502	1303	0	0
lcl|NC_052667.1_mrna_XM_039448744.1_9836	1109	910	33.2488	10.2624
lcl|NC_052667.1_mrna_XM_039448743.1_9837	1359	1160	0	0
lcl|NC_052667.1_miscrna_XR_005574677.1_9838	1482	1283	50.4767	11.0505
lcl|NC_052667.1_mrna_XM_011175957.3_9839	1062	863	564.923	183.863
lcl|NC_052667.1_mrna_XM_011173391.3_9840	919	720	851.985	332.365
lcl|NC_052667.1_ncrna_XR_005574588.1_9841	371	172	0	0
lcl|NC_052667.1_mrna_XM_026140121.2_9842	1168	969	0	0
lcl|NC_052667.1_mrna_XM_011164713.3_9843	1080	881	2	0.637632
lcl|NC_052667.1_mrna_XM_011164714.3_9844	1072	873	1	0.321737
lcl|NC_052667.1_mrna_XM_011164715.3_9845	3048	2849	49.2385	4.85432
lcl|NC_052667.1_mrna_XM_039448135.1_9846	3106	2907	8.19341e-08	7.91654e-09
lcl|NC_052667.1_mrna_XM_026140119.2_9847	3372	3173	8.82335	0.781051
lcl|NC_052667.1_miscrna_XR_005574662.1_9848	2148	1949	0	0
lcl|NC_052667.1_mrna_XM_039448669.1_9849	1076	877	1	0.32027
lcl|NC_052667.1_mrna_XM_039447911.1_9850	1519	1320	6.27457	1.33514
lcl|NC_052667.1_mrna_XM_039448453.1_9851	762	563	0	0
lcl|NC_052667.1_miscrna_XR_003269361.2_9852	1724	1525	31.2874	5.76256
lcl|NC_052667.1_miscrna_XR_003269362.2_9853	1726	1527	8.40366	1.54577
lcl|NC_052667.1_miscrna_XR_005574492.1_9854	1788	1589	0	0
lcl|NC_052667.1_mrna_XM_039448031.1_9855	1535	1336	13.0344	2.74031
lcl|NC_052667.1_mrna_XM_039448030.1_9856	2239	2040	0	0
lcl|NC_052667.1_mrna_XM_039448029.1_9857	2326	2127	0	0
lcl|NC_052667.1_mrna_XM_039448454.1_9858	539	340	0	0
lcl|NC_052667.1_mrna_XM_011169914.3_9859	2220	2021	0	0
lcl|NC_052667.1_mrna_XM_039448235.1_9860	1034	835	0	0
lcl|NC_052667.1_mrna_XM_039448455.1_9861	507	308	0	0
lcl|NC_052667.1_mrna_XM_039448202.1_9862	3933	3734	9	0.676993
lcl|NC_052667.1_mrna_XM_039448203.1_9863	1902	1703	0	0
lcl|NC_052667.1_mrna_NM_001304581.1_9864	1162	963	3	0.875005
lcl|NC_052667.1_mrna_XM_039448204.1_9865	928	729	2.81154	1.08326
lcl|NC_052667.1_mrna_XM_011175277.3_9866	1147	948	0	0
lcl|NC_052667.1_ncrna_XR_005574544.1_9867	432	233	0	0
lcl|NC_052667.1_mrna_XM_039448211.1_9868	4976	4777	592.08	34.8129
lcl|NC_052667.1_mrna_XM_039448205.1_9869	5088	4889	0	0
lcl|NC_052667.1_mrna_XM_026138292.2_9870	5051	4852	235.148	13.6124
lcl|NC_052667.1_mrna_XM_039448209.1_9871	5068	4869	27.9101	1.61005
lcl|NC_052667.1_mrna_XM_039448208.1_9872	4961	4762	3.39536e-08	2.00268e-09
lcl|NC_052667.1_mrna_XM_039448206.1_9873	5158	4959	18.7519	1.06211
lcl|NC_052667.1_mrna_XM_039448210.1_9874	5020	4821	50.1104	2.91949
lcl|NC_052667.1_mrna_XM_011175325.3_9875	1046	847	412	136.625
lcl|NC_052667.1_mrna_XM_026138332.2_9876	2690	2491	597.569	67.3799
lcl|NC_052667.1_mrna_XM_039448213.1_9877	2097	1898	404.935	59.9246
lcl|NC_052667.1_mrna_XM_039448220.1_9878	4925	4726	139.747	8.30549
lcl|NC_052667.1_mrna_XM_039448221.1_9879	4553	4354	131.563	8.48711
lcl|NC_052667.1_mrna_XM_039448214.1_9880	5247	5048	0	0
lcl|NC_052667.1_mrna_XM_039448216.1_9881	5208	5009	0	0
lcl|NC_052667.1_mrna_XM_039448218.1_9882	4858	4659	88.6152	5.34233
lcl|NC_052667.1_mrna_XM_039448215.1_9883	5234	5035	1.24506e-06	6.94554e-08
lcl|NC_052667.1_mrna_XM_026138327.2_9884	5231	5032	2.05407e-07	1.14654e-08
lcl|NC_052667.1_mrna_XM_026138328.2_9885	5192	4993	1.8139e-06	1.0204e-07
lcl|NC_052667.1_mrna_XM_011175348.3_9886	5218	5019	71.9839	4.02841
lcl|NC_052667.1_mrna_XM_039448217.1_9887	5179	4980	694.091	39.1474
lcl|NC_052667.1_mrna_XM_026138331.2_9888	1495	1296	14.6681	3.17895
lcl|NC_052667.1_mrna_XM_039448222.1_9889	1535	1336	0	0
lcl|NC_052667.1_mrna_XM_039448223.1_9890	1477	1278	6.19541	1.36162
lcl|NC_052667.1_mrna_XM_011175409.3_9891	1446	1247	11.9408	2.68956
lcl|NC_052667.1_mrna_XM_011175404.3_9892	1506	1307	13.1958	2.83579
lcl|NC_052667.1_mrna_XM_011175396.3_9893	1521	1322	0	0
lcl|NC_052667.1_mrna_XM_011175385.3_9894	662	463	306	185.633
lcl|NC_052667.1_mrna_XM_011175417.3_9895	4559	4360	405.299	26.1099
lcl|NC_052667.1_mrna_XM_026138323.2_9896	1511	1312	30	6.42249
lcl|NC_052667.1_mrna_XM_039447907.1_9897	1529	1330	112.352	23.7271
lcl|NC_052667.1_mrna_XM_011175429.3_9898	1741	1542	287.787	52.4207
lcl|NC_052667.1_mrna_XM_011160949.3_9899	3063	2864	571.863	56.0834
lcl|NC_052667.1_mrna_XM_039447874.1_9900	1619	1420	184.604	36.5148
lcl|NC_052667.1_mrna_XM_011171113.3_9901	624	425	2713.07	1793.03
lcl|NC_052667.1_mrna_XM_039447748.1_9902	9105	8906	213.062	6.71954
lcl|NC_052667.1_mrna_XM_039447750.1_9903	5264	5065	0	0
lcl|NC_052667.1_mrna_XM_039447749.1_9904	5386	5187	0	0
lcl|NC_052667.1_mrna_XM_039447744.1_9905	6986	6787	0	0
lcl|NC_052667.1_mrna_XM_039447745.1_9906	7483	7284	6.17083	0.237952
lcl|NC_052667.1_mrna_XM_039447746.1_9907	6967	6768	14.9582	0.620774
lcl|NC_052667.1_mrna_XM_039447747.1_9908	6891	6692	56.8087	2.38438
lcl|NC_052667.1_mrna_XM_039447792.1_9909	2366	2167	41.2018	5.34039
lcl|NC_052667.1_mrna_XM_026138307.2_9910	2506	2307	13.3694	1.62772
lcl|NC_052667.1_mrna_XM_011171114.3_9911	2523	2324	306.503	37.0437
lcl|NC_052667.1_mrna_XM_011171115.3_9912	2033	1834	562.503	86.1473
lcl|NC_052667.1_mrna_XM_011171116.3_9913	2240	2041	57.9148	7.97007
lcl|NC_052667.1_mrna_XM_039447788.1_9914	2048	1849	64.2541	9.76066
lcl|NC_052667.1_mrna_XM_011171119.3_9915	2213	2014	34.7594	4.84762
lcl|NC_052667.1_mrna_XM_039447786.1_9916	2356	2157	0.00165129	0.000215025
lcl|NC_052667.1_mrna_XM_039447784.1_9917	2741	2542	26.7157	2.95194
lcl|NC_052667.1_mrna_XM_026138304.2_9918	2843	2644	11.6662	1.23932
lcl|NC_052667.1_mrna_XM_039447787.1_9919	2830	2631	7.27874e-06	7.77053e-07
lcl|NC_052667.1_mrna_XM_039447785.1_9920	2942	2743	15.1849	1.55489
lcl|NC_052667.1_mrna_XM_039447789.1_9921	1789	1590	0	0
lcl|NC_052667.1_mrna_XM_039447791.1_9922	1620	1421	9.49635e-05	1.87706e-05
lcl|NC_052667.1_mrna_XM_011171121.3_9923	2025	1826	1454	223.655
lcl|NC_052667.1_mrna_XM_026138326.2_9924	2293	2094	923	123.806
lcl|NC_052667.1_mrna_XM_039448136.1_9925	2309	2110	514.249	68.4553
lcl|NC_052667.1_mrna_XM_039448137.1_9926	2505	2306	49.899	6.07782
lcl|NC_052667.1_mrna_XM_039448138.1_9927	2459	2260	12.8516	1.59721
lcl|NC_052667.1_mrna_XM_039448714.1_9928	1637	1438	9.17246e-08	1.79161e-08
lcl|NC_052667.1_mrna_XM_026138309.2_9929	1612	1413	4	0.795122
lcl|NC_052667.1_mrna_XM_039448729.1_9930	1230	1031	19	5.1762
lcl|NC_052667.1_mrna_XM_039448731.1_9931	1403	1204	0	0
lcl|NC_052667.1_mrna_XM_039448728.1_9932	1570	1371	0	0
lcl|NC_052667.1_mrna_XM_039448730.1_9933	1549	1350	0	0
lcl|NC_052667.1_miscrna_XR_005574674.1_9934	3313	3114	0	0
lcl|NC_052667.1_mrna_XM_039448720.1_9935	2511	2312	0	0
lcl|NC_052667.1_mrna_XM_039448718.1_9936	2524	2325	58.0531	7.01323
lcl|NC_052667.1_mrna_XM_039448715.1_9937	2221	2022	120.956	16.8021
lcl|NC_052667.1_mrna_XM_039448719.1_9938	1853	1654	71.0194	12.0603
lcl|NC_052667.1_mrna_XM_039448721.1_9939	1747	1548	0	0
lcl|NC_052667.1_mrna_XM_039448717.1_9940	1458	1259	0	0
lcl|NC_052667.1_miscrna_XR_005574609.1_9941	2698	2499	21.4049	2.40582
lcl|NC_052667.1_mrna_XM_039448713.1_9942	2817	2618	23.2559	2.49505
lcl|NC_052667.1_mrna_XM_039448712.1_9943	2826	2627	0.7441	0.0795586
lcl|NC_052667.1_mrna_XM_039448727.1_9944	1572	1373	0	0
lcl|NC_052667.1_mrna_XM_039448725.1_9945	1565	1366	42.0826	8.65301
lcl|NC_052667.1_mrna_XM_039448723.1_9946	1744	1545	3.03678	0.552078
lcl|NC_052667.1_mrna_XM_039448722.1_9947	1640	1441	0	0
lcl|NC_052667.1_mrna_XM_039448724.1_9948	1529	1330	20.8516	4.40356
lcl|NC_052667.1_mrna_XM_039448732.1_9949	6984	6785	101.729	4.21125
lcl|NC_052667.1_mrna_XM_011171128.3_9950	5958	5759	306	14.9242
lcl|NC_052667.1_mrna_XM_026138324.2_9951	1857	1658	55	9.31738
lcl|NC_052667.1_mrna_XM_039448107.1_9952	1803	1604	420.899	73.7037
lcl|NC_052667.1_mrna_XM_039448108.1_9953	2191	1992	8.54142	1.20436
lcl|NC_052667.1_mrna_XM_039448109.1_9954	1489	1290	0.828457	0.180383
lcl|NC_052667.1_mrna_XM_039448528.1_9955	1392	1193	1	0.235437
lcl|NC_052667.1_mrna_XM_039448456.1_9956	1321	1122	4.55401	1.14003
lcl|NC_052667.1_ncrna_XR_005574483.1_9957	3041	2842	0	0
lcl|NC_052667.1_ncrna_XR_005574484.1_9958	3066	2867	0	0
lcl|NC_052667.1_ncrna_XR_005574482.1_9959	3159	2960	0	0
lcl|NC_052667.1_ncrna_XR_003268743.2_9960	2906	2707	3	0.311278
lcl|NC_052667.1_ncrna_XR_005574548.1_9961	908	709	0	0
lcl|NC_052667.1_ncrna_XR_005574629.1_9962	313	114	0	0
lcl|NC_052667.1_ncrna_XR_005574611.1_9963	2742	2543	0	0
lcl|NC_052667.1_ncrna_XR_005574630.1_9964	1105	906	0	0
lcl|NC_052667.1_ncrna_XR_003268741.2_9965	845	646	0	0
lcl|NC_052667.1_mrna_XM_039448816.1_9966	2647	2448	0	0
lcl|NC_052667.1_mrna_XM_039448818.1_9967	2628	2429	0	0
lcl|NC_052667.1_mrna_XM_039448822.1_9968	2486	2287	0	0
lcl|NC_052667.1_mrna_XM_039448819.1_9969	2533	2334	92.737	11.1601
lcl|NC_052667.1_mrna_XM_039448817.1_9970	3628	3429	6.26301	0.513017
lcl|NC_052667.1_mrna_XM_039448821.1_9971	2641	2442	0	0
lcl|NC_052667.1_mrna_XM_039448815.1_9972	6337	6138	0.0156782	0.000717438
lcl|NC_052667.1_mrna_XM_039448814.1_9973	6817	6618	114.984	4.88009
lcl|NC_052667.1_ncrna_XR_003268738.2_9974	3734	3535	0	0
lcl|NC_052667.1_ncrna_XR_003268737.2_9975	3636	3437	159	12.9937
lcl|NC_052667.1_mrna_XM_011169499.3_9976	3194	2995	1077.11	101.014
lcl|NC_052667.1_mrna_XM_026135301.2_9977	1778	1579	0	0
lcl|NC_052667.1_mrna_XM_039448070.1_9978	1440	1241	1825.39	413.141
lcl|NC_052667.1_ncrna_XR_005574512.1_9979	1125	926	1	0.303323
lcl|NC_052667.1_ncrna_XR_005574511.1_9980	435	236	0	0
lcl|NC_052667.1_mrna_XM_011169491.3_9981	1562	1363	1597.61	329.224
lcl|NC_052667.1_mrna_XM_011169494.2_9982	943	744	45.1223	17.0347
lcl|NC_052667.1_mrna_XM_026135279.2_9983	740	541	107.691	55.911
lcl|NC_052667.1_mrna_XM_026135280.2_9984	767	568	13.1144	6.48507
lcl|NC_052667.1_mrna_XM_011169495.3_9985	1117	918	10.0724	3.08181
lcl|NC_052667.1_mrna_XM_011169498.3_9986	1584	1385	6	1.21679
lcl|NC_052667.1_mrna_XM_011169496.3_9987	1755	1556	0	0
lcl|NC_052667.1_mrna_XM_026135274.2_9988	3507	3308	90.178	7.65687
lcl|NC_052667.1_mrna_XM_011169486.3_9989	3508	3309	25.7545	2.18611
lcl|NC_052667.1_mrna_XM_011169487.3_9990	3048	2849	452.192	44.5806
lcl|NC_052667.1_mrna_XM_026135275.2_9991	2923	2724	316.876	32.6736
lcl|NC_052667.1_mrna_XM_011169490.3_9992	815	616	2436	1110.74
lcl|NC_052667.1_mrna_XM_011169485.3_9993	1245	1046	554	148.763
lcl|NC_052667.1_mrna_XM_011169484.3_9994	8591	8392	16.0683	0.537799
lcl|NC_052667.1_mrna_XM_039448041.1_9995	6368	6169	23.86	1.08635
lcl|NC_052667.1_mrna_XM_011169483.3_9996	2471	2272	18.1095	2.23879
lcl|NC_052667.1_mrna_XM_026135278.2_9997	2484	2285	0.0592373	0.00728156
lcl|NC_052667.1_mrna_XM_039448072.1_9998	4076	3877	4.83128	0.350011
lcl|NC_052667.1_mrna_XM_026135273.2_9999	11458	11259	0	0
lcl|NC_052667.1_mrna_XM_039448042.1_10000	9736	9537	0	0
lcl|NC_052667.1_mrna_XM_039448043.1_10001	9466	9267	0.000331809	1.00569e-05
lcl|NC_052667.1_mrna_XM_039448044.1_10002	9382	9183	3.07136	0.0939424
lcl|NC_052667.1_mrna_XM_039448071.1_10003	1535	1336	3	0.630711
lcl|NC_052667.1_mrna_XM_011169480.3_10004	2819	2620	0	0
lcl|NC_052667.1_mrna_XM_011169518.3_10005	1498	1299	0	0
lcl|NC_052667.1_mrna_XM_011169517.3_10006	1260	1061	0	0
lcl|NC_052667.1_mrna_XM_011169479.2_10007	1009	810	0	0
lcl|NC_052667.1_mrna_XM_011169515.2_10008	1995	1796	0	0
lcl|NC_052667.1_mrna_XM_011169477.3_10009	873	674	0	0
lcl|NC_052667.1_miscrna_XR_005574508.1_10010	4511	4312	0	0
lcl|NC_052667.1_miscrna_XR_005574510.1_10011	1683	1484	4	0.75708
lcl|NC_052667.1_miscrna_XR_005574509.1_10012	4228	4029	0	0
lcl|NC_052667.1_mrna_XM_011169514.3_10013	3802	3603	0	0
lcl|NC_052667.1_mrna_XM_039448457.1_10014	3158	2959	1	0.0949228
lcl|NC_052667.1_mrna_XM_011169475.3_10015	8507	8308	8.36197	0.282701
lcl|NC_052667.1_mrna_XM_011169476.3_10016	8486	8287	105.866	3.58817
lcl|NC_052667.1_mrna_XM_011169473.3_10017	4456	4257	791.09	52.1961
lcl|NC_052667.1_mrna_XM_011169474.3_10018	4338	4139	188.91	12.8197
lcl|NC_052667.1_ncrna_XR_005574513.1_10019	2016	1817	2.52442	0.390232
lcl|NC_052667.1_mrna_XM_039448049.1_10020	4184	3985	0	0
lcl|NC_052667.1_mrna_XM_039448052.1_10021	4169	3970	0	0
lcl|NC_052667.1_mrna_XM_039448055.1_10022	4106	3907	0	0
lcl|NC_052667.1_mrna_XM_039448056.1_10023	4091	3892	0	0
lcl|NC_052667.1_mrna_XM_039448053.1_10024	4160	3961	0	0
lcl|NC_052667.1_mrna_XM_039448057.1_10025	4082	3883	0	0
lcl|NC_052667.1_mrna_XM_039448058.1_10026	4067	3868	0	0
lcl|NC_052667.1_mrna_XM_039448051.1_10027	4172	3973	0	0
lcl|NC_052667.1_mrna_XM_039448054.1_10028	4148	3949	23.1277	1.64498
lcl|NC_052667.1_mrna_XM_039448050.1_10029	4181	3982	0	0
lcl|NC_052667.1_mrna_XM_039448059.1_10030	4058	3859	0	0
lcl|NC_052667.1_mrna_XM_039448069.1_10031	3980	3781	0	0
lcl|NC_052667.1_mrna_XM_039448068.1_10032	4034	3835	0	0
lcl|NC_052667.1_ncrna_XR_005574514.1_10033	1538	1339	6	1.2586
lcl|NC_052667.1_mrna_XM_026135289.2_10034	4177	3978	0	0
lcl|NC_052667.1_mrna_XM_039448065.1_10035	7539	7340	0.0185979	0.000711679
lcl|NC_052667.1_mrna_XM_039448060.1_10036	7659	7460	3.85373	0.145097
lcl|NC_052667.1_mrna_XM_011169464.3_10037	1964	1765	0	0
lcl|NC_052667.1_mrna_XM_039448067.1_10038	3911	3712	0	0
lcl|NC_052667.1_mrna_XM_011169469.3_10039	4036	3837	0	0
lcl|NC_052667.1_mrna_XM_026135300.2_10040	4504	4305	0	0
lcl|NC_052667.1_mrna_XM_039448061.1_10041	4711	4512	0	0
lcl|NC_052667.1_mrna_XM_039448064.1_10042	4708	4509	0	0
lcl|NC_052667.1_mrna_XM_026135290.2_10043	4628	4429	0	0
lcl|NC_052667.1_mrna_XM_026135295.2_10044	4699	4500	0	0
lcl|NC_052667.1_mrna_XM_039448066.1_10045	3864	3665	0	0
lcl|NC_052667.1_mrna_XM_026135298.2_10046	4379	4180	0	0
lcl|NC_052667.1_mrna_XM_026135287.2_10047	4503	4304	0	0
lcl|NC_052667.1_mrna_XM_039448063.1_10048	4582	4383	0	0
lcl|NC_052667.1_mrna_XM_039448062.1_10049	4653	4454	0	0
lcl|NC_052667.1_mrna_XM_011169471.3_10050	4093	3894	0	0
lcl|NC_052667.1_mrna_XM_011169462.3_10051	1833	1634	244	41.9424
lcl|NC_052667.1_mrna_XM_039448046.1_10052	1655	1456	109.329	21.0907
lcl|NC_052667.1_mrna_XM_039448047.1_10053	1561	1362	0	0
lcl|NC_052667.1_mrna_XM_026135314.2_10054	2039	1840	13.0203	1.98756
lcl|NC_052667.1_mrna_XM_039448048.1_10055	1469	1270	49.6503	10.9808
lcl|NC_052667.1_mrna_XM_039448038.1_10056	11482	11283	0	0
lcl|NC_052667.1_mrna_XM_026135304.2_10057	11494	11295	0	0
lcl|NC_052667.1_mrna_XM_026135303.2_10058	11512	11313	0	0
lcl|NC_052667.1_mrna_XM_026135306.2_10059	11441	11242	0	0
lcl|NC_052667.1_mrna_XM_026135309.2_10060	11387	11188	7.89149e-08	1.98117e-09
lcl|NC_052667.1_mrna_XM_026135310.2_10061	11299	11100	0.000217233	5.49692e-06
lcl|NC_052667.1_mrna_XM_026135311.2_10062	11175	10976	16.9998	0.435026
lcl|NC_052667.1_mrna_XM_026135305.2_10063	10934	10735	0	0
lcl|NC_052667.1_mrna_XM_039448039.1_10064	10361	10162	0	0
lcl|NC_052667.1_mrna_XM_039448040.1_10065	10149	9950	0	0
lcl|NC_052667.1_mrna_XM_026135312.2_10066	10521	10322	0	0
lcl|NC_052667.1_mrna_XM_026135313.2_10067	10309	10110	0	0
lcl|NC_052667.1_mrna_XM_011169461.3_10068	1540	1341	0	0
lcl|NC_052667.1_mrna_XM_011169458.3_10069	1008	809	4.49164	1.55945
lcl|NC_052667.1_mrna_XM_011169459.3_10070	1081	882	564.508	179.77
lcl|NC_052667.1_mrna_XM_026135318.2_10071	4692	4493	0	0
lcl|NC_052667.1_mrna_XM_039447705.1_10072	4612	4413	1.3325	0.0848104
lcl|NC_052667.1_mrna_XM_039447706.1_10073	5510	5311	3.21458e-05	1.70006e-06
lcl|NC_052667.1_mrna_XM_039447707.1_10074	5458	5259	184.667	9.86286
lcl|NC_052667.1_mrna_XM_039447709.1_10075	2874	2675	11.5662	1.21445
lcl|NC_052667.1_mrna_XM_011169455.3_10076	1547	1348	755.434	157.406
lcl|NC_052667.1_mrna_XM_011169454.3_10077	3919	3720	218.916	16.5291
lcl|NC_052667.1_miscrna_XR_851032.3_10078	4040	3841	261.084	19.092
lcl|NC_052667.1_mrna_XM_039448416.1_10079	4265	4066	1	0.0690794
lcl|NC_052667.1_mrna_XM_026135323.2_10080	3504	3305	0	0
lcl|NC_052667.1_mrna_XM_026135321.2_10081	8765	8566	8	0.262318
lcl|NC_052667.1_mrna_XM_011169451.3_10082	4882	4683	0.040449	0.00242604
lcl|NC_052667.1_mrna_XM_039448418.1_10083	4862	4663	2.95955	0.178269
lcl|NC_052667.1_mrna_XM_039448417.1_10084	4989	4790	0	0
lcl|NC_052667.1_mrna_XM_011169450.3_10085	3446	3247	758	65.5696
lcl|NC_052667.1_mrna_XM_011169508.3_10086	1062	863	0	0
lcl|NC_052667.1_mrna_XM_039448401.1_10087	4839	4640	0	0
lcl|NC_052667.1_mrna_XM_039448402.1_10088	4836	4637	0	0
lcl|NC_052667.1_mrna_XM_039448407.1_10089	4562	4363	0	0
lcl|NC_052667.1_mrna_XM_039448404.1_10090	4803	4604	0	0
lcl|NC_052667.1_mrna_XM_039448406.1_10091	4800	4601	0	0
lcl|NC_052667.1_mrna_XM_039448410.1_10092	4526	4327	0	0
lcl|NC_052667.1_mrna_XM_039448403.1_10093	4812	4613	0	0
lcl|NC_052667.1_mrna_XM_039448413.1_10094	4623	4424	9.4555	0.600323
lcl|NC_052667.1_mrna_XM_039448408.1_10095	4785	4586	4.17763	0.255865
lcl|NC_052667.1_mrna_XM_039448411.1_10096	4752	4553	0.00127667	7.87584e-05
lcl|NC_052667.1_mrna_XM_039448415.1_10097	4725	4526	0.497655	0.0308837
lcl|NC_052667.1_mrna_XM_039448405.1_10098	4803	4604	0	0
lcl|NC_052667.1_mrna_XM_039448412.1_10099	4716	4517	3.66422	0.227849
lcl|NC_052667.1_mrna_XM_039448409.1_10100	4767	4568	0	0
lcl|NC_052667.1_mrna_XM_039448414.1_10101	3013	2814	42.2037	4.21252
lcl|NC_052667.1_mrna_XM_011169447.3_10102	756	557	134	67.5718
lcl|NC_052667.1_mrna_XM_011169445.3_10103	967	768	2996	1095.71
lcl|NC_052667.1_ncrna_XR_005574606.1_10104	448	249	1	1.12802
lcl|NC_052667.1_mrna_XM_039448458.1_10105	1709	1510	0	0
lcl|NC_052667.1_mrna_XM_039447969.1_10106	6059	5860	22	1.05449
lcl|NC_052667.1_mrna_XM_039447966.1_10107	5478	5279	0	0
lcl|NC_052667.1_mrna_XM_039447968.1_10108	5394	5195	0	0
lcl|NC_052667.1_mrna_XM_039447967.1_10109	5418	5219	0	0
lcl|NC_052667.1_mrna_XM_039447970.1_10110	1391	1192	0	0
lcl|NC_052667.1_mrna_XM_039448382.1_10111	4749	4550	0	0
lcl|NC_052667.1_mrna_XM_011169441.3_10112	1623	1424	925	182.452
lcl|NC_052667.1_mrna_XM_011169440.3_10113	6721	6522	0.00143666	6.18715e-05
lcl|NC_052667.1_mrna_XM_039448674.1_10114	6649	6450	98.3781	4.28405
lcl|NC_052667.1_mrna_XM_026135316.2_10115	3130	2931	0	0
lcl|NC_052667.1_mrna_XM_011169437.3_10116	3100	2901	0	0
lcl|NC_052667.1_mrna_XM_011169436.3_10117	3070	2871	3.16683	0.309818
lcl|NC_052667.1_mrna_XM_039448677.1_10118	2230	2031	189.427	26.1967
lcl|NC_052667.1_mrna_XM_026135315.2_10119	2728	2529	27.6558	3.07152
lcl|NC_052667.1_miscrna_XR_003268742.2_10120	3035	2836	0.000360226	3.56767e-05
lcl|NC_052667.1_mrna_XM_011169438.3_10121	872	673	331.779	138.468
lcl|NC_052667.1_miscrna_XR_005574664.1_10122	949	750	21.2215	7.94749
lcl|NC_052667.1_mrna_XM_011169439.3_10123	3233	3034	1137	105.259
lcl|NC_052667.1_mrna_XM_011169433.3_10124	7019	6820	128.138	5.27726
lcl|NC_052667.1_miscrna_XR_005574666.1_10125	1473	1274	82.2993	18.1444
lcl|NC_052667.1_miscrna_XR_005574665.1_10126	1505	1306	108.44	23.3219
lcl|NC_052667.1_mrna_XM_039448680.1_10127	1031	832	99.374	33.5479
lcl|NC_052667.1_mrna_XM_039448675.1_10128	2366	2167	0	0
lcl|NC_052667.1_mrna_XM_039448679.1_10129	1374	1175	38.5122	9.2061
lcl|NC_052667.1_mrna_XM_039448678.1_10130	404	205	2.67204	3.66105
lcl|NC_052667.1_mrna_XM_026141630.2_10131	473	274	0	0
lcl|NC_052667.1_mrna_XM_039448200.1_10132	1727	1528	3	0.55146
lcl|NC_052667.1_mrna_XM_039448199.1_10133	2006	1807	0	0
lcl|NC_052667.1_mrna_XM_039448459.1_10134	1947	1748	3.8247	0.614571
lcl|NC_052667.1_mrna_XM_011176506.3_10135	1674	1475	2	0.38085
lcl|NC_052667.1_mrna_XM_026132107.2_10136	1635	1436	0	0
lcl|NC_052667.1_mrna_XM_039448460.1_10137	2769	2570	0	0
lcl|NC_052667.1_mrna_XM_039447730.1_10138	1668	1469	183.599	35.1047
lcl|NC_052667.1_mrna_XM_039447728.1_10139	1896	1697	366.602	60.6776
lcl|NC_052667.1_mrna_XM_039447731.1_10140	911	712	146.696	57.8699
lcl|NC_052667.1_mrna_XM_011169506.2_10141	1350	1151	1	0.244028
lcl|NC_052667.1_ncrna_XR_005574568.1_10142	239	41.1625	0.64527	4.40307
lcl|NC_052667.1_ncrna_XR_003269275.2_10143	973	774	2	0.72578
lcl|NC_052667.1_mrna_XM_039447941.1_10144	3978	3779	0.000212807	1.5817e-05
lcl|NC_052667.1_mrna_XM_026139556.2_10145	3653	3454	0	0
lcl|NC_052667.1_mrna_XM_039447942.1_10146	3942	3743	3.14428	0.235949
lcl|NC_052667.1_mrna_XM_026139558.2_10147	3617	3418	0	0
lcl|NC_052667.1_mrna_XM_039447943.1_10148	2018	1819	9.04744	1.39704
lcl|NC_052667.1_mrna_XM_011161888.3_10149	2235	2036	0	0
lcl|NC_052667.1_mrna_XM_026139551.2_10150	1904	1705	0	0
lcl|NC_052667.1_mrna_XM_039447944.1_10151	1846	1647	18.8081	3.2075
lcl|NC_052667.1_mrna_XM_011161887.3_10152	1936	1737	0	0
lcl|NC_052667.1_mrna_XM_011161886.3_10153	2564	2365	2908	345.366
lcl|NC_052667.1_mrna_XM_011161883.3_10154	3105	2906	1305.75	126.206
lcl|NC_052667.1_mrna_XM_039448379.1_10155	10095	9896	0	0
lcl|NC_052667.1_mrna_XM_011161885.3_10156	6963	6764	86.2244	3.58049
lcl|NC_052667.1_mrna_XM_039448380.1_10157	7311	7112	3.24057e-05	1.27981e-06
lcl|NC_052667.1_mrna_XM_026139555.2_10158	7235	7036	1.55073	0.0619051
lcl|NC_052667.1_mrna_XM_026139554.2_10159	7358	7159	109.479	4.29532
lcl|NC_052667.1_mrna_XM_039448377.1_10160	10496	10297	0.434255	0.0118454
lcl|NC_052667.1_mrna_XM_039448378.1_10161	10460	10261	14.5657	0.398711
lcl|NC_052667.1_ncrna_XR_005574590.1_10162	290	91.0003	0	0
lcl|NC_052667.1_mrna_XM_011161882.3_10163	4511	4312	150.47	9.80137
lcl|NC_052667.1_mrna_XM_011161881.3_10164	6954	6755	5.53009	0.229944
lcl|NC_052667.1_mrna_XM_026139549.2_10165	5364	5165	44.5993	2.42534
lcl|NC_052667.1_mrna_XM_026139548.2_10166	5501	5302	77.4007	4.10035
lcl|NC_052667.1_mrna_XM_039448763.1_10167	2440	2241	62.0415	7.776
lcl|NC_052667.1_mrna_XM_039448768.1_10168	1201	1002	0	0
lcl|NC_052667.1_mrna_XM_011161873.3_10169	1259	1060	732	193.964
lcl|NC_052667.1_mrna_XM_039448762.1_10170	4333	4134	296.019	20.1124
lcl|NC_052667.1_mrna_XM_011161875.3_10171	3977	3778	0	0
lcl|NC_052667.1_mrna_XM_026139547.2_10172	4026	3827	7.02349	0.515478
lcl|NC_052667.1_mrna_XM_011161874.3_10173	4032	3833	6.95789	0.509864
lcl|NC_052667.1_mrna_XM_011161872.3_10174	1018	819	113.478	38.9174
lcl|NC_052667.1_mrna_XM_011161871.3_10175	1118	919	211.522	64.648
lcl|NC_052667.1_mrna_XM_039448765.1_10176	1944	1745	0	0
lcl|NC_052667.1_mrna_XM_039448764.1_10177	1508	1309	0	0
lcl|NC_052667.1_mrna_XM_011161895.3_10178	1867	1668	0	0
lcl|NC_052667.1_mrna_XM_011161894.3_10179	2905	2706	1	0.103798
lcl|NC_052667.1_mrna_XM_039448766.1_10180	1622	1423	0	0
lcl|NC_052667.1_mrna_XM_039448772.1_10181	495	296	0	0
lcl|NC_052667.1_mrna_XM_039448770.1_10182	628	429	0	0
lcl|NC_052667.1_mrna_XM_039448771.1_10183	964	765	0	0
lcl|NC_052667.1_mrna_XM_039448461.1_10184	2468	2269	0	0
lcl|NC_052667.1_mrna_XM_039448462.1_10185	6190	5991	1	0.0468831
lcl|NC_052667.1_ncrna_XR_005574682.1_10186	1672	1473	4	0.762734
lcl|NC_052667.1_mrna_XM_026136386.2_10187	3784	3585	0	0
lcl|NC_052667.1_mrna_XM_039448769.1_10188	2128	1929	0	0
lcl|NC_052667.1_mrna_XM_039448865.1_10189	3567	3368	2	0.166791
lcl|NC_052667.1_ncrna_XR_005574695.1_10190	10957	10758	4	0.104435
lcl|NC_052667.1_miscrna_XR_005574696.1_10191	5793	5594	1	0.0502104
lcl|NC_052667.1_mrna_XM_026136370.2_10192	1137	938	4	1.19777
lcl|NC_052667.1_ncrna_XR_003268863.2_10193	1519	1320	4.42721	0.942045
lcl|NC_052667.1_mrna_XM_039448866.1_10194	1308	1109	4	1.01308
lcl|NC_052667.1_miscrna_XR_005574647.1_10195	1051	852	0	0
lcl|NC_052667.1_mrna_XM_039447870.1_10196	1017	818	0	0
lcl|NC_052667.1_mrna_XM_011160071.2_10197	764	565	0	0
lcl|NC_052667.1_mrna_XM_011160050.3_10198	2656	2457	199	22.7491
lcl|NC_052667.1_mrna_XM_039447869.1_10199	2746	2547	0	0
lcl|NC_052667.1_mrna_XM_011160051.3_10200	1530	1331	2319.62	489.501
lcl|NC_052667.1_mrna_XM_011160052.3_10201	1527	1328	79.384	16.79
lcl|NC_052667.1_ncrna_XR_003268865.1_10202	88	3.91013	0	0
lcl|NC_052667.1_ncrna_XR_003268866.1_10203	89	3.93736	0	0
lcl|NC_052667.1_mrna_XM_026136377.2_10204	455	256	9	9.87457
lcl|NC_052667.1_mrna_XM_039448375.1_10205	3771	3572	0	0
lcl|NC_052667.1_miscrna_XR_003268864.2_10206	1998	1799	0	0
lcl|NC_052667.1_mrna_XM_011160069.3_10207	1882	1683	0	0
lcl|NC_052667.1_mrna_XM_039448371.1_10208	1847	1648	0.138535	0.0236112
lcl|NC_052667.1_mrna_XM_039448372.1_10209	1844	1645	0.861465	0.147091
lcl|NC_052667.1_mrna_XM_011160048.3_10210	1915	1716	0	0
lcl|NC_052667.1_mrna_XM_011160047.3_10211	3791	3592	1	0.0781951
lcl|NC_052667.1_mrna_XM_039448368.1_10212	4420	4221	0	0
lcl|NC_052667.1_mrna_XM_039448369.1_10213	4414	4215	0	0
lcl|NC_052667.1_mrna_XM_039448370.1_10214	4291	4092	1	0.0686404
lcl|NC_052667.1_mrna_XM_011160066.3_10215	2986	2787	0	0
lcl|NC_052667.1_mrna_XM_011160046.3_10216	1153	954	0	0
lcl|NC_052667.1_mrna_XM_026136390.2_10217	928	729	0	0
lcl|NC_052667.1_mrna_XM_026136379.2_10218	1539	1340	0	0
lcl|NC_052667.1_mrna_XM_011160045.3_10219	810	611	0	0
lcl|NC_052667.1_mrna_XM_011160044.3_10220	922	723	0	0
lcl|NC_052667.1_mrna_XM_011160043.3_10221	723	524	1	0.536024
lcl|NC_052667.1_mrna_XM_011160042.3_10222	1709	1510	0	0
lcl|NC_052667.1_mrna_XM_011160041.3_10223	1233	1034	2	0.543282
lcl|NC_052667.1_mrna_XM_026136376.2_10224	3949	3750	0	0
lcl|NC_052667.1_mrna_XM_026136375.2_10225	3955	3756	33	2.46777
lcl|NC_052667.1_mrna_XM_026136389.2_10226	783	584	0	0
lcl|NC_052667.1_mrna_XM_039447829.1_10227	11234	11035	6	0.15272
lcl|NC_052667.1_mrna_XM_026136384.2_10228	12243	12044	0	0
lcl|NC_052667.1_mrna_XM_026136383.2_10229	12420	12221	0	0
lcl|NC_052667.1_mrna_XM_026136382.2_10230	12426	12227	0	0
lcl|NC_052667.1_mrna_XM_026136380.2_10231	12438	12239	0	0
lcl|NC_052667.1_miscrna_XR_005574479.1_10232	2076	1877	21.9121	3.27896
lcl|NC_052667.1_mrna_XM_039447830.1_10233	2201	2002	36.1828	5.07638
lcl|NC_052667.1_mrna_XM_011160034.3_10234	1093	894	0	0
lcl|NC_052667.1_mrna_XM_039447831.1_10235	1236	1037	2.27721	0.616794
lcl|NC_052667.1_mrna_XM_011160033.3_10236	1041	842	26.4075	8.8091
lcl|NC_052667.1_mrna_XM_011160037.3_10237	1222	1023	26.3098	7.22367
lcl|NC_052667.1_mrna_XM_011160036.3_10238	1365	1166	10.9105	2.62822
lcl|NC_052667.1_mrna_XM_011160032.3_10239	4065	3866	0	0
lcl|NC_052667.1_mrna_XM_039447828.1_10240	2819	2620	0	0
lcl|NC_052667.1_mrna_XM_039447832.1_10241	4866	4667	4	0.240734
lcl|NC_052667.1_mrna_XM_011160029.3_10242	2561	2362	0	0
lcl|NC_052667.1_mrna_XM_039447834.1_10243	2389	2190	11	1.4108
lcl|NC_052667.1_miscrna_XR_003268894.2_10244	2787	2588	77.7328	8.43638
lcl|NC_052667.1_miscrna_XR_003268893.2_10245	8660	8461	0.0387795	0.00128735
lcl|NC_052667.1_miscrna_XR_005574480.1_10246	8669	8470	27.3255	0.906151
lcl|NC_052667.1_mrna_XM_026136669.2_10247	8866	8667	0.00304502	9.86819e-05
lcl|NC_052667.1_mrna_XM_026136670.2_10248	8790	8591	20.8998	0.683306
lcl|NC_052667.1_mrna_XM_011160019.3_10249	3126	2927	0	0
lcl|NC_052667.1_mrna_XM_026136673.2_10250	2285	2086	0.0587108	0.00790532
lcl|NC_052667.1_mrna_XM_026136674.2_10251	2272	2073	31.0359	4.20515
lcl|NC_052667.1_mrna_XM_011160017.3_10252	4292	4093	0	0
lcl|NC_052667.1_mrna_XM_011160020.3_10253	4276	4077	0	0
lcl|NC_052667.1_ncrna_XR_005574481.1_10254	1746	1547	0	0
lcl|NC_052667.1_mrna_XM_011160021.3_10255	2188	1989	1230.91	173.822
lcl|NC_052667.1_mrna_XM_026136675.2_10256	1296	1097	509	130.325
lcl|NC_052667.1_mrna_XM_026136722.2_10257	941	742	131	49.5887
lcl|NC_052667.1_mrna_XM_026136720.2_10258	3103	2904	87.9437	8.50597
lcl|NC_052667.1_mrna_XM_026136719.2_10259	3155	2956	50.0838	4.75892
lcl|NC_052667.1_mrna_XM_026136721.2_10260	3851	3652	8.97251	0.690079
lcl|NC_052667.1_mrna_XM_039447838.1_10261	1914	1715	0.00113591	0.000186035
lcl|NC_052667.1_rrna_XR_003268896.1_10262	119	5.00576	0	0
lcl|NC_052667.1_rrna_XR_003268895.1_10263	119	5.00576	0	0
lcl|NC_052667.1_mrna_XM_011160015.3_10264	2350	2151	90.0623	11.7603
lcl|NC_052667.1_mrna_XM_011160014.2_10265	1907	1708	555.372	91.3296
lcl|NC_052667.1_mrna_XM_011160016.3_10266	1878	1679	27.5648	4.61127
lcl|NC_052667.1_mrna_XM_011160013.3_10267	7402	7203	1077.87	42.0309
lcl|NC_052667.1_mrna_XM_039447837.1_10268	6841	6642	0	0
lcl|NC_052667.1_mrna_XM_026136717.2_10269	5095	4896	0	0
lcl|NC_052667.1_mrna_XM_011160012.3_10270	4749	4550	260.129	16.0581
lcl|NC_052667.1_mrna_XM_039447835.1_10271	7490	7291	0	0
lcl|NC_052667.1_mrna_XM_011160011.3_10272	1485	1286	1105	241.344
lcl|NC_052667.1_mrna_XM_026136716.2_10273	2089	1890	170	25.264
lcl|NC_052667.1_mrna_XM_011160010.3_10274	4986	4787	820.928	48.1678
lcl|NC_052667.1_mrna_XM_039448761.1_10275	4995	4796	84.8931	4.97175
lcl|NC_052667.1_mrna_XM_011160009.3_10276	4982	4783	3848.55	226.002
lcl|NC_052667.1_mrna_XM_039448759.1_10277	6828	6629	0	0
lcl|NC_052667.1_mrna_XM_039448760.1_10278	6130	5931	23.6285	1.11898
lcl|NC_052667.1_mrna_XM_011160007.3_10279	2926	2727	19.0309	1.96015
lcl|NC_052667.1_mrna_XM_011160006.2_10280	2296	2097	554.479	74.2681
lcl|NC_052667.1_mrna_XM_039447755.1_10281	2746	2547	317.521	35.0154
lcl|NC_052667.1_mrna_XM_039447756.1_10282	1271	1072	225.935	59.1977
lcl|NC_052667.1_mrna_XM_039447758.1_10283	1083	884	0	0
lcl|NC_052667.1_mrna_XM_039447757.1_10284	1148	949	11.0648	3.27485
lcl|NC_052667.1_mrna_XM_011160004.3_10285	2093	1894	815.669	120.962
lcl|NC_052667.1_mrna_XM_011160003.3_10286	4356	4157	468.331	31.6438
lcl|NC_052667.1_mrna_XM_011160002.3_10287	3474	3275	664	56.9472
lcl|NC_052667.1_mrna_XM_011160000.3_10288	1461	1262	654.521	145.673
lcl|NC_052667.1_mrna_XM_011160001.3_10289	1897	1698	467.506	77.333
lcl|NC_052667.1_mrna_XM_026136714.2_10290	1531	1332	53.9732	11.3812
lcl|NC_052667.1_mrna_XM_039447760.1_10291	1372	1173	0	0
lcl|NC_052667.1_mrna_XM_026136672.2_10292	6708	6509	24.5633	1.05996
lcl|NC_052667.1_mrna_XM_011159998.3_10293	6716	6517	0	0
lcl|NC_052667.1_mrna_XM_011159999.3_10294	6702	6503	100.437	4.33805
lcl|NC_052667.1_mrna_XM_011159996.3_10295	1494	1295	292.04	63.3415
lcl|NC_052667.1_mrna_XM_011159997.3_10296	1452	1253	847.892	190.066
lcl|NC_052667.1_mrna_XM_039447794.1_10297	800	601	7.06748	3.30298
lcl|NC_052667.1_mrna_XM_026136676.2_10298	9734	9535	488	14.3752
lcl|NC_052667.1_miscrna_XR_005574576.1_10299	1746	1547	0	0
lcl|NC_052667.1_mrna_XM_011159992.3_10300	1703	1504	0.999655	0.186689
lcl|NC_052667.1_mrna_XM_039448346.1_10301	1715	1516	0.000345248	6.39657e-05
lcl|NC_052667.1_miscrna_XR_005574572.1_10302	1452	1253	0	0
lcl|NC_052667.1_mrna_XM_039448335.1_10303	1688	1489	0	0
lcl|NC_052667.1_mrna_XM_011159989.3_10304	1616	1417	0	0
lcl|NC_052667.1_mrna_XM_026136695.2_10305	1680	1481	0	0
lcl|NC_052667.1_mrna_XM_039448349.1_10306	877	678	0	0
lcl|NC_052667.1_mrna_XM_011159986.3_10307	793	594	0	0
lcl|NC_052667.1_mrna_XM_011159988.3_10308	715	516	0	0
lcl|NC_052667.1_mrna_XM_039448330.1_10309	4630	4431	0	0
lcl|NC_052667.1_mrna_XM_039448329.1_10310	4732	4533	0	0
lcl|NC_052667.1_mrna_XM_039448331.1_10311	2714	2515	0	0
lcl|NC_052667.1_miscrna_XR_850673.3_10312	2249	2050	7.91299	1.08418
lcl|NC_052667.1_mrna_XM_011159984.3_10313	1627	1428	19.087	3.75427
lcl|NC_052667.1_mrna_XM_039448333.1_10314	1620	1421	0	0
lcl|NC_052667.1_mrna_XM_026136693.2_10315	1751	1552	0	0
lcl|NC_052667.1_mrna_XM_039448332.1_10316	1645	1446	0	0
lcl|NC_052667.1_mrna_XM_039448345.1_10317	1871	1672	0	0
lcl|NC_052667.1_mrna_XM_011159983.3_10318	2273	2074	0	0
lcl|NC_052667.1_mrna_XM_026136705.2_10319	2912	2713	0	0
lcl|NC_052667.1_mrna_XM_011159981.3_10320	1021	822	0	0
lcl|NC_052667.1_mrna_XM_026136702.2_10321	1135	936	0	0
lcl|NC_052667.1_mrna_XM_039448337.1_10322	1352	1153	0	0
lcl|NC_052667.1_mrna_XM_039448339.1_10323	1188	989	0	0
lcl|NC_052667.1_mrna_XM_026136703.2_10324	1306	1107	0	0
lcl|NC_052667.1_mrna_XM_039448338.1_10325	1523	1324	0	0
lcl|NC_052667.1_mrna_XM_039448340.1_10326	1185	986	0	0
lcl|NC_052667.1_mrna_XM_026136700.2_10327	2373	2174	0	0
lcl|NC_052667.1_mrna_XM_011159979.3_10328	2512	2313	0	0
lcl|NC_052667.1_mrna_XM_011159978.3_10329	2840	2641	0	0
lcl|NC_052667.1_miscrna_XR_005574573.1_10330	2723	2524	0	0
lcl|NC_052667.1_miscrna_XR_005574574.1_10331	2194	1995	2	0.281581
lcl|NC_052667.1_miscrna_XR_005574575.1_10332	2657	2458	0	0
lcl|NC_052667.1_mrna_XM_039448344.1_10333	1431	1232	0	0
lcl|NC_052667.1_mrna_XM_039448341.1_10334	1554	1355	3	0.621867
lcl|NC_052667.1_mrna_XM_026136711.2_10335	1538	1339	0	0
lcl|NC_052667.1_mrna_XM_039448343.1_10336	1522	1323	0	0
lcl|NC_052667.1_mrna_XM_039448463.1_10337	1136	937	0	0
lcl|NC_052667.1_mrna_XM_011159976.3_10338	900	701	1	0.40068
lcl|NC_052667.1_mrna_XM_026136709.2_10339	5465	5266	2	0.106676
lcl|NC_052667.1_mrna_XM_039448316.1_10340	4042	3843	0	0
lcl|NC_052667.1_mrna_XM_039448317.1_10341	4986	4787	18	1.05615
lcl|NC_052667.1_mrna_XM_039448318.1_10342	3663	3464	0	0
lcl|NC_052667.1_ncrna_XR_005574580.1_10343	1761	1562	2	0.359637
lcl|NC_052667.1_mrna_XM_039448325.1_10344	2030	1831	0	0
lcl|NC_052667.1_mrna_XM_039448322.1_10345	2043	1844	0	0
lcl|NC_052667.1_mrna_XM_039448324.1_10346	1978	1779	0	0
lcl|NC_052667.1_mrna_XM_039448323.1_10347	1709	1510	0	0
lcl|NC_052667.1_mrna_XM_039448321.1_10348	2210	2011	0	0
lcl|NC_052667.1_ncrna_XR_005574581.1_10349	681	482	1	0.582732
lcl|NC_052667.1_ncrna_XR_005574577.1_10350	2131	1932	0	0
lcl|NC_052667.1_ncrna_XR_005574578.1_10351	1411	1212	6.0532	1.40281
lcl|NC_052667.1_ncrna_XR_005574579.1_10352	1795	1596	0	0
lcl|NC_052667.1_mrna_XM_039448328.1_10353	1837	1638	0	0
lcl|NC_052667.1_mrna_XM_039448327.1_10354	1967	1768	2.68333	0.426292
lcl|NC_052667.1_mrna_XM_039448320.1_10355	4504	4305	4.33191	0.282633
lcl|NC_052667.1_ncrna_XR_005574582.1_10356	1456	1257	1.9468	0.435013
lcl|NC_052667.1_mrna_XM_039448348.1_10357	918	719	0	0
lcl|NC_052667.1_mrna_XM_026137541.2_10358	4443	4244	4.5498	0.301116
lcl|NC_052667.1_mrna_XM_039448352.1_10359	4210	4011	1.11828	0.0783095
lcl|NC_052667.1_mrna_XM_011167582.3_10360	4304	4105	0	0
lcl|NC_052667.1_mrna_XM_026137540.2_10361	4394	4195	0	0
lcl|NC_052667.1_mrna_XM_039448351.1_10362	6547	6348	0	0
lcl|NC_052667.1_mrna_XM_026137543.2_10363	2772	2573	0	0
lcl|NC_052667.1_mrna_XM_011167579.3_10364	2902	2703	21.4247	2.2263
lcl|NC_052667.1_mrna_XM_039448353.1_10365	2924	2725	0	0
lcl|NC_052667.1_mrna_XM_011167578.3_10366	3116	2917	8.57531	0.825713
lcl|NC_052667.1_mrna_XM_011167577.3_10367	2470	2271	983.068	121.586
lcl|NC_052667.1_mrna_XM_011167576.3_10368	2629	2430	332.932	38.4827
lcl|NC_052667.1_mrna_XM_039448837.1_10369	4357	4158	29.2822	1.97804
lcl|NC_052667.1_mrna_XM_039448839.1_10370	4351	4152	0	0
lcl|NC_052667.1_mrna_XM_039448840.1_10371	4320	4121	0	0
lcl|NC_052667.1_mrna_XM_026137553.2_10372	12914	12715	0.0923123	0.0020392
lcl|NC_052667.1_mrna_XM_026137555.2_10373	4310	4111	0	0
lcl|NC_052667.1_mrna_XM_026137554.2_10374	12844	12645	23.4414	0.520691
lcl|NC_052667.1_mrna_XM_026137556.2_10375	4240	4041	0	0
lcl|NC_052667.1_mrna_XM_039448841.1_10376	4251	4052	0	0
lcl|NC_052667.1_miscrna_XR_003269009.2_10377	4370	4171	0	0
lcl|NC_052667.1_mrna_XM_026137557.2_10378	5266	5067	2.66266	0.147598
lcl|NC_052667.1_mrna_XM_026137552.2_10379	4494	4295	0	0
lcl|NC_052667.1_mrna_XM_039448838.1_10380	4316	4117	0	0
lcl|NC_052667.1_miscrna_XR_003269010.2_10381	4332	4133	0	0
lcl|NC_052667.1_mrna_XM_039448844.1_10382	8636	8437	3.20009	0.106534
lcl|NC_052667.1_mrna_XM_026137551.2_10383	11236	11037	79.9164	2.03376
lcl|NC_052667.1_miscrna_XR_003269013.2_10384	4262	4063	0	0
lcl|NC_052667.1_mrna_XM_039448845.1_10385	4311	4112	0	0
lcl|NC_052667.1_mrna_XM_039448842.1_10386	4237	4038	0	0
lcl|NC_052667.1_mrna_XM_039448843.1_10387	4586	4387	8.05662	0.515824
lcl|NC_052667.1_mrna_XM_039448859.1_10388	2759	2560	8.73296	0.958159
lcl|NC_052667.1_mrna_XM_011167572.3_10389	3020	2821	183.267	18.2472
lcl|NC_052667.1_ncrna_XR_003269014.2_10390	2399	2200	9.47117	1.2092
lcl|NC_052667.1_mrna_XM_026137563.2_10391	4417	4218	0	0
lcl|NC_052667.1_mrna_XM_026137562.2_10392	4467	4268	7.78721	0.512476
lcl|NC_052667.1_mrna_XM_011167574.3_10393	4421	4222	0	0
lcl|NC_052667.1_mrna_XM_011167573.3_10394	2973	2774	129.252	13.0872
lcl|NC_052667.1_mrna_XM_026137564.2_10395	2601	2402	1.01645e-08	1.18858e-09
lcl|NC_052667.1_mrna_XM_026137565.2_10396	2699	2500	21.5662	2.42297
lcl|NC_052667.1_mrna_XM_026137560.2_10397	2711	2512	0	0
lcl|NC_052667.1_mrna_XM_039448855.1_10398	4313	4114	0	0
lcl|NC_052667.1_ncrna_XR_003269015.2_10399	2679	2480	2.53503	0.287109
lcl|NC_052667.1_miscrna_XR_005574694.1_10400	850	651	10.0892	4.35301
lcl|NC_052667.1_mrna_XM_011167571.3_10401	785	586	729	349.418
lcl|NC_052667.1_mrna_XM_011167569.3_10402	9913	9714	57.2542	1.65548
lcl|NC_052667.1_mrna_XM_039448846.1_10403	3783	3584	3.59874	0.282032
lcl|NC_052667.1_mrna_XM_026137535.2_10404	5029	4830	0	0
lcl|NC_052667.1_mrna_XM_026137533.2_10405	5071	4872	0	0
lcl|NC_052667.1_mrna_XM_039448847.1_10406	4003	3804	1.40654e-05	1.03855e-06
lcl|NC_052667.1_mrna_XM_026137532.2_10407	3958	3759	2.14704	0.160429
lcl|NC_052667.1_mrna_XM_026137531.2_10408	4463	4264	0	0
lcl|NC_052667.1_mrna_XM_039448856.1_10409	3193	2994	0	0
lcl|NC_052667.1_mrna_XM_039448858.1_10410	3101	2902	0	0
lcl|NC_052667.1_mrna_XM_039448857.1_10411	1817	1618	0	0
lcl|NC_052667.1_mrna_XM_039448850.1_10412	5408	5209	0.0933097	0.00503139
lcl|NC_052667.1_mrna_XM_026137537.2_10413	4225	4026	0.393259	0.027436
lcl|NC_052667.1_mrna_XM_039448848.1_10414	5388	5189	4.42207	0.239363
lcl|NC_052667.1_mrna_XM_026137536.2_10415	4205	4006	58.0754	4.0719
lcl|NC_052667.1_mrna_XM_039448849.1_10416	5611	5412	0	0
lcl|NC_052667.1_mrna_XM_039448851.1_10417	4428	4229	0	0
lcl|NC_052667.1_mrna_XM_011167565.3_10418	4383	4184	119.961	8.0531
lcl|NC_052667.1_mrna_XM_039448852.1_10419	4248	4049	74.0553	5.13717
lcl|NC_052667.1_mrna_XM_011167567.3_10420	4072	3873	0	0
lcl|NC_052667.1_mrna_XM_039448854.1_10421	4258	4059	0	0
lcl|NC_052667.1_mrna_XM_039448853.1_10422	4085	3886	0	0
lcl|NC_052667.1_mrna_XM_026137538.2_10423	4072	3873	118.434	8.58904
lcl|NC_052667.1_mrna_XM_011167568.3_10424	4000	3801	169.566	12.5302
lcl|NC_052667.1_mrna_XM_011167563.3_10425	3012	2813	37.8754	3.78184
lcl|NC_052667.1_mrna_XM_011167562.3_10426	2892	2693	96.3872	10.0531
lcl|NC_052667.1_mrna_XM_011167564.3_10427	2734	2535	52.8842	5.85954
lcl|NC_052667.1_mrna_XM_039448860.1_10428	2647	2448	514.389	59.0195
lcl|NC_052667.1_mrna_XM_011167560.3_10429	2953	2754	446.068	45.4938
lcl|NC_052667.1_mrna_XM_026137530.2_10430	3072	2873	2.9433e-08	2.87749e-09
lcl|NC_052667.1_mrna_XM_011167561.3_10431	2649	2450	3.39672	0.389412
lcl|NC_052667.1_mrna_XM_039448861.1_10432	8757	8558	10	0.328204
lcl|NC_052667.1_mrna_XM_011167559.3_10433	8668	8469	0	0
lcl|NC_052667.1_mrna_XM_026137528.2_10434	1488	1289	1	0.217903
lcl|NC_052667.1_mrna_XM_039448464.1_10435	2367	2168	3	0.388667
lcl|NC_052667.1_mrna_XM_011167558.3_10436	5858	5659	121.748	6.04281
lcl|NC_052667.1_mrna_XM_011167557.3_10437	5841	5642	0.251684	0.0125296
lcl|NC_052667.1_mrna_XM_039447871.1_10438	3426	3227	0	0
lcl|NC_052667.1_mrna_XM_039447872.1_10439	3279	3080	1	0.0911937
lcl|NC_052667.1_mrna_XM_011167555.3_10440	3102	2903	0	0
lcl|NC_052667.1_mrna_XM_011167554.3_10441	2012	1813	96	14.8727
lcl|NC_052667.1_mrna_XM_039448801.1_10442	1609	1410	0	0
lcl|NC_052667.1_mrna_XM_039448800.1_10443	1642	1443	0	0
lcl|NC_052667.1_miscrna_XR_005574691.1_10444	2635	2436	0	0
lcl|NC_052667.1_mrna_XM_011167552.3_10445	2562	2363	13.0078	1.54616
lcl|NC_052667.1_mrna_XM_011167550.3_10446	2526	2327	32.8603	3.96635
lcl|NC_052667.1_mrna_XM_011167551.3_10447	3085	2886	11.1319	1.0834
lcl|NC_052667.1_mrna_XM_039448802.1_10448	2732	2533	0	0
lcl|NC_052667.1_mrna_XM_026137442.2_10449	3600	3401	0	0
lcl|NC_052667.1_mrna_XM_026137443.2_10450	3112	2913	0	0
lcl|NC_052667.1_mrna_XM_039448803.1_10451	3293	3094	0	0
lcl|NC_052667.1_miscrna_XR_005574692.1_10452	2119	1920	1	0.14629
lcl|NC_052667.1_mrna_XM_039448799.1_10453	2675	2476	0	0
lcl|NC_052667.1_mrna_XM_039448805.1_10454	4439	4240	290.211	19.2249
lcl|NC_052667.1_mrna_XM_039448806.1_10455	4431	4232	146.308	9.71044
lcl|NC_052667.1_mrna_XM_026137445.2_10456	4434	4235	0.184798	0.0122563
lcl|NC_052667.1_mrna_XM_039448807.1_10457	2619	2420	1069.3	124.108
lcl|NC_052667.1_mrna_XM_011167546.3_10458	1511	1312	61	13.0591
lcl|NC_052667.1_mrna_XM_039448183.1_10459	2916	2717	2.20165	0.227602
lcl|NC_052667.1_mrna_XM_011167545.3_10460	2513	2314	13.1958	1.60172
lcl|NC_052667.1_mrna_XM_039448290.1_10461	11784	11585	0	0
lcl|NC_052667.1_mrna_XM_039448465.1_10462	4208	4009	0	0
lcl|NC_052667.1_mrna_XM_011167544.3_10463	4749	4550	114	7.03735
lcl|NC_052667.1_mrna_XM_011167543.3_10464	7470	7271	106	4.09475
lcl|NC_052667.1_mrna_XM_011167542.3_10465	3943	3744	211.471	15.8647
lcl|NC_052667.1_mrna_XM_011167541.3_10466	3940	3741	510.529	38.3308
lcl|NC_052667.1_mrna_XM_011167540.3_10467	1966	1767	388	61.6752
lcl|NC_052667.1_mrna_XM_026137458.2_10468	3391	3192	177.381	15.6084
lcl|NC_052667.1_mrna_XM_011167534.3_10469	3365	3166	287.062	25.4671
lcl|NC_052667.1_mrna_XM_011167533.3_10470	3362	3163	409.306	36.3466
lcl|NC_052667.1_mrna_XM_011167535.3_10471	3185	2986	244.258	22.976
lcl|NC_052667.1_mrna_XM_039448356.1_10472	2812	2613	82.9942	8.92121
lcl|NC_052667.1_mrna_XM_011167532.3_10473	2288	2089	466	62.6561
lcl|NC_052667.1_mrna_XM_026137460.2_10474	2530	2331	425.414	51.2608
lcl|NC_052667.1_mrna_XM_026137462.2_10475	2464	2265	101.699	12.6114
lcl|NC_052667.1_mrna_XM_039448358.1_10476	2636	2437	4.574	0.527177
lcl|NC_052667.1_mrna_XM_039448357.1_10477	2713	2514	229.876	25.683
lcl|NC_052667.1_mrna_XM_026137461.2_10478	2604	2405	442.437	51.6716
lcl|NC_052667.1_mrna_XM_011177962.3_10479	1869	1670	700.479	117.813
lcl|NC_052667.1_mrna_XM_011167529.3_10480	3785	3586	6.15622	0.482192
lcl|NC_052667.1_mrna_XM_039448354.1_10481	2799	2600	0	0
lcl|NC_052667.1_mrna_XM_011167531.3_10482	2620	2421	12.3646	1.4345
lcl|NC_052667.1_mrna_XM_026137448.2_10483	515	316	103	91.5516
lcl|NC_052667.1_mrna_XM_039448360.1_10484	338	139	0	0
lcl|NC_052667.1_mrna_XM_011167528.3_10485	673	474	2	1.18513
lcl|NC_052667.1_miscrna_XR_005574475.1_10486	4697	4498	31	1.93579
lcl|NC_052667.1_mrna_XM_039447826.1_10487	4773	4574	1.55891e-06	9.57287e-08
lcl|NC_052667.1_ncrna_XR_005574477.1_10488	913	714	6.18489	2.43304
lcl|NC_052667.1_miscrna_XR_005574474.1_10489	2575	2376	40.241	4.75705
lcl|NC_052667.1_mrna_XM_026137453.2_10490	2570	2371	272.556	32.2879
lcl|NC_052667.1_ncrna_XR_005574478.1_10491	1059	860	1.01779	0.33241
lcl|NC_052667.1_mrna_XM_026137452.2_10492	1404	1205	0	0
lcl|NC_052667.1_mrna_XM_026137451.2_10493	1972	1773	0	0
lcl|NC_052667.1_miscrna_XR_005574476.1_10494	1567	1368	0	0
lcl|NC_052667.1_trna_10495	73	3.5471	0	0
lcl|NC_052667.1_mrna_XM_011167525.3_10496	3766	3567	44.728	3.52202
lcl|NC_052667.1_mrna_XM_011167526.3_10497	3715	3516	0	0
lcl|NC_052667.1_mrna_XM_039447956.1_10498	3703	3504	36.3117	2.9107
lcl|NC_052667.1_mrna_XM_039447955.1_10499	3594	3395	108.956	9.01421
lcl|NC_052667.1_mrna_XM_026137457.2_10500	3637	3438	0.00415891	0.000339773
lcl|NC_052667.1_mrna_XM_039448150.1_10501	7286	7087	2	0.0792653
lcl|NC_052667.1_miscrna_XR_005574610.1_10502	3641	3442	3	0.244808
lcl|NC_052667.1_mrna_XM_039448310.1_10503	2066	1867	0	0
lcl|NC_052667.1_mrna_XM_039448309.1_10504	3063	2864	37.0431	3.63287
lcl|NC_052667.1_ncrna_XR_005574503.1_10505	543	344	35.9437	29.3481
lcl|NC_052667.1_mrna_XM_039448466.1_10506	1035	836	0	0
lcl|NC_052667.1_mrna_XM_039448589.1_10507	428	229	0	0
lcl|NC_052667.1_mrna_XM_039448227.1_10508	1603	1404	0	0
lcl|NC_052667.1_mrna_XM_039448225.1_10509	1606	1407	0	0
lcl|NC_052667.1_mrna_XM_039448226.1_10510	1508	1309	2.97972	0.639369
lcl|NC_052667.1_mrna_XM_011162119.3_10511	6540	6341	3.0502	0.135109
lcl|NC_052667.1_mrna_XM_039448467.1_10512	1181	982	1	0.286025
lcl|NC_052667.1_trna_10513	72	3.52559	0	0
lcl|NC_052667.1_mrna_XM_039447738.1_10514	1472	1273	0	0
lcl|NC_052667.1_mrna_XM_011162129.3_10515	5323	5124	24.4141	1.33828
lcl|NC_052667.1_mrna_XM_011162124.3_10516	4682	4483	30.0281	1.88137
lcl|NC_052667.1_mrna_XM_011162123.3_10517	4309	4110	62.5412	4.27405
lcl|NC_052667.1_ncrna_XR_005574462.1_10518	1155	956	0	0
lcl|NC_052667.1_mrna_XM_011162130.3_10519	4303	4104	0.0165786	0.00113463
lcl|NC_052667.1_mrna_XM_026132713.2_10520	4342	4143	0	0
lcl|NC_052667.1_mrna_XM_011162131.3_10521	2771	2572	98	10.7021
lcl|NC_052667.1_mrna_XM_011159524.3_10522	1295	1096	143.265	36.7151
lcl|NC_052667.1_mrna_XM_011159525.3_10523	1267	1068	703.735	185.078
lcl|NC_052667.1_ncrna_XR_005574660.1_10524	747	548	5	2.56274
lcl|NC_052667.1_mrna_XM_011162132.3_10525	2350	2151	177	23.1126
lcl|NC_052667.1_mrna_XM_011162135.3_10526	2804	2605	0	0
lcl|NC_052667.1_mrna_XM_011162136.3_10527	2791	2592	137.953	14.949
lcl|NC_052667.1_mrna_XM_011162137.3_10528	2470	2271	264.047	32.6572
lcl|NC_052667.1_mrna_XM_011162133.3_10529	2869	2670	3093	325.375
lcl|NC_052667.1_mrna_XM_039448667.1_10530	2119	1920	1	0.14629
lcl|NC_052667.1_mrna_XM_011162138.3_10531	2381	2182	0	0
lcl|NC_052667.1_ncrna_XR_005574661.1_10532	810	611	0	0
lcl|NC_052667.1_mrna_XM_011162141.3_10533	2970	2771	71.1161	7.20853
lcl|NC_052667.1_mrna_XM_011162139.3_10534	3025	2826	321.989	32.0025
lcl|NC_052667.1_mrna_XM_026132720.2_10535	2121	1922	376.895	55.0786
lcl|NC_052667.1_mrna_XM_011162143.3_10536	2114	1915	1049.14	153.88
lcl|NC_052667.1_mrna_XM_039447896.1_10537	1811	1612	314.059	54.722
lcl|NC_052667.1_miscrna_XR_005574487.1_10538	1451	1252	45.7391	10.2612
lcl|NC_052667.1_mrna_XM_026132754.2_10539	1131	932	67.0597	20.2098
lcl|NC_052667.1_mrna_XM_011162144.3_10540	1990	1791	135.734	21.2867
lcl|NC_052667.1_mrna_XM_011162145.3_10541	4517	4318	141.675	9.21564
lcl|NC_052667.1_mrna_XM_039447894.1_10542	3816	3617	409.322	31.7857
lcl|NC_052667.1_mrna_XM_039447893.1_10543	3752	3553	4.26943	0.337513
lcl|NC_052667.1_mrna_XM_026132736.2_10544	2887	2688	8.054	0.841585
lcl|NC_052667.1_mrna_XM_026132737.2_10545	1979	1780	268.709	42.4013
lcl|NC_052667.1_mrna_XM_026132735.2_10546	1924	1725	623.496	101.522
lcl|NC_052667.1_mrna_XM_026132734.2_10547	2450	2251	395.181	49.3102
lcl|NC_052667.1_mrna_XM_026132738.2_10548	1598	1399	754.112	151.403
lcl|NC_052667.1_mrna_XM_026132741.2_10549	1975	1776	161.416	25.5282
lcl|NC_052667.1_mrna_XM_026132743.2_10550	1846	1647	1170.31	199.583
lcl|NC_052667.1_mrna_XM_026132742.2_10551	2108	1909	396.411	58.3251
lcl|NC_052667.1_mrna_XM_039447886.1_10552	1886	1687	147.637	24.5808
lcl|NC_052667.1_mrna_XM_011162168.3_10553	2737	2538	494.342	54.7081
lcl|NC_052667.1_mrna_XM_011162175.3_10554	1774	1575	178.026	31.7482
lcl|NC_052667.1_mrna_XM_039447890.1_10555	2268	2069	239.799	32.5538
lcl|NC_052667.1_mrna_XM_011162188.2_10556	1720	1521	1341.55	247.739
lcl|NC_052667.1_mrna_XM_039447891.1_10557	3972	3773	68.3283	5.08662
lcl|NC_052667.1_mrna_XM_039447892.1_10558	3969	3770	215.717	16.0716
lcl|NC_052667.1_mrna_XM_011162176.3_10559	1922	1723	221.736	36.1466
lcl|NC_052667.1_mrna_XM_011162171.3_10560	2205	2006	371.715	52.047
lcl|NC_052667.1_mrna_XM_011162185.3_10561	1839	1640	324.458	55.5687
lcl|NC_052667.1_mrna_XM_011162172.3_10562	2426	2227	51.4431	6.48817
lcl|NC_052667.1_mrna_XM_011162189.3_10563	1672	1473	25.801	4.91983
lcl|NC_052667.1_mrna_XM_039447889.1_10564	1669	1470	500.753	95.6802
lcl|NC_052667.1_mrna_XM_011162177.3_10565	1769	1570	459.12	82.1376
lcl|NC_052667.1_mrna_XM_011162199.3_10566	1593	1394	1708.4	344.224
lcl|NC_052667.1_mrna_XM_011162195.3_10567	1797	1598	249.561	43.8647
lcl|NC_052667.1_mrna_XM_011162157.2_10568	2126	1927	88.4275	12.8891
lcl|NC_052667.1_mrna_XM_039447883.1_10569	2753	2554	262.962	28.9194
lcl|NC_052667.1_mrna_XM_011162158.2_10570	2540	2341	40.2462	4.8288
lcl|NC_052667.1_mrna_XM_039447884.1_10571	2537	2338	258.192	31.018
lcl|NC_052667.1_mrna_XM_011162155.3_10572	2297	2098	388.629	52.029
lcl|NC_052667.1_mrna_XM_011162161.3_10573	2119	1920	94.2046	13.7812
lcl|NC_052667.1_mrna_XM_011162151.3_10574	2504	2305	635.037	77.3827
lcl|NC_052667.1_mrna_XM_011162152.3_10575	2454	2255	771.306	96.0718
lcl|NC_052667.1_mrna_XM_011162165.3_10576	2005	1806	186.247	28.9659
lcl|NC_052667.1_mrna_XM_039447882.1_10577	2546	2347	938.649	112.333
lcl|NC_052667.1_mrna_XM_011162174.3_10578	2191	1992	451.614	63.6786
lcl|NC_052667.1_mrna_XM_011162180.3_10579	2633	2434	308.475	35.5971
lcl|NC_052667.1_mrna_XM_011162181.3_10580	2545	2346	255.157	30.5489
lcl|NC_052667.1_mrna_XM_011162169.2_10581	1683	1484	19.7969	3.74696
lcl|NC_052667.1_mrna_XM_039447887.1_10582	1680	1481	377.035	71.506
lcl|NC_052667.1_mrna_XM_011162183.3_10583	1756	1557	512.377	92.4309
lcl|NC_052667.1_mrna_XM_011162167.3_10584	2552	2353	53.1424	6.34359
lcl|NC_052667.1_mrna_XM_039447885.1_10585	2549	2350	337.943	40.3916
lcl|NC_052667.1_mrna_XM_011162150.3_10586	2489	2290	353.306	43.3343
lcl|NC_052667.1_mrna_XM_011162153.3_10587	2465	2266	597.345	74.0425
lcl|NC_052667.1_mrna_XM_011162170.3_10588	2097	1898	113.45	16.7889
lcl|NC_052667.1_mrna_XM_011162179.2_10589	2069	1870	297.294	44.6539
lcl|NC_052667.1_mrna_XM_011162173.3_10590	1843	1644	5.95679	1.01772
lcl|NC_052667.1_mrna_XM_039447888.1_10591	1840	1641	86.08	14.7336
lcl|NC_052667.1_mrna_XM_011162192.3_10592	1656	1457	158.067	30.4718
lcl|NC_052667.1_mrna_XM_011162200.3_10593	1899	1700	280.531	46.3498
lcl|NC_052667.1_ncrna_XR_005574488.1_10594	437	238	12	14.1619
lcl|NC_052667.1_mrna_XM_026132746.2_10595	1467	1268	3	0.664535
lcl|NC_052667.1_mrna_XM_026132745.2_10596	1407	1208	0	0
lcl|NC_052667.1_mrna_XM_039447897.1_10597	948	749	12.4705	4.67646
lcl|NC_052667.1_mrna_XM_011162147.3_10598	1508	1309	24.5295	5.26339
lcl|NC_052667.1_ncrna_XR_005574489.1_10599	630	431	0	0
lcl|NC_052667.1_mrna_XM_011162205.3_10600	1034	835	253.374	85.2298
lcl|NC_052667.1_mrna_XM_039447901.1_10601	4028	3829	10.7465	0.788313
lcl|NC_052667.1_mrna_XM_039447903.1_10602	2287	2088	0	0
lcl|NC_052667.1_mrna_XM_011162206.3_10603	2166	1967	11.9594	1.70773
lcl|NC_052667.1_mrna_XM_011162207.3_10604	1195	996	918.732	259.087
lcl|NC_052667.1_mrna_XM_011162208.3_10605	3659	3460	17.8673	1.45044
lcl|NC_052667.1_mrna_XM_039447899.1_10606	3656	3457	18.1327	1.47326
lcl|NC_052667.1_mrna_XM_026132707.2_10607	3616	3417	0	0
lcl|NC_052667.1_mrna_XM_011162214.3_10608	7605	7406	48.1464	1.82598
lcl|NC_052667.1_mrna_XM_039447900.1_10609	7717	7518	31.2794	1.16862
lcl|NC_052667.1_mrna_XM_011162215.3_10610	4851	4652	227.646	13.7447
lcl|NC_052667.1_mrna_XM_011162218.3_10611	4581	4382	78.3541	5.02233
lcl|NC_052667.1_mrna_XM_026132755.2_10612	3285	3086	0	0
lcl|NC_052667.1_mrna_XM_039447904.1_10613	2450	2251	0	0
lcl|NC_052667.1_mrna_XM_026132757.2_10614	2278	2079	171.532	23.1743
lcl|NC_052667.1_mrna_XM_026132756.2_10615	2226	2027	415.351	57.5542
lcl|NC_052667.1_mrna_XM_011162221.3_10616	2520	2321	59.117	7.15406
lcl|NC_052667.1_mrna_XM_011162224.3_10617	1566	1367	671	137.87
lcl|NC_052667.1_mrna_XM_011162225.3_10618	875	676	1390	577.542
lcl|NC_052667.1_mrna_XM_011162226.3_10619	1350	1151	247	60.275
lcl|NC_052667.1_mrna_XM_039448244.1_10620	27115	26916	0.000841448	8.78077e-06
lcl|NC_052667.1_mrna_XM_039448247.1_10621	26960	26761	104.391	1.09566
lcl|NC_052667.1_mrna_XM_039448249.1_10622	26810	26611	77.4818	0.817814
lcl|NC_052667.1_mrna_XM_039448248.1_10623	26915	26716	0.0523217	0.00055008
lcl|NC_052667.1_mrna_XM_039448245.1_10624	26919	26720	0.239065	0.00251302
lcl|NC_052667.1_mrna_XM_039448238.1_10625	26968	26769	0.204425	0.00214495
lcl|NC_052667.1_mrna_XM_026132777.2_10626	6525	6326	34.1698	1.51715
lcl|NC_052667.1_mrna_XM_039448239.1_10627	26903	26704	282.951	2.97612
lcl|NC_052667.1_mrna_XM_039448241.1_10628	27163	26964	0.000140899	1.4677e-06
lcl|NC_052667.1_mrna_XM_039448243.1_10629	27137	26938	0.000370795	3.8662e-06
lcl|NC_052667.1_mrna_XM_039448242.1_10630	27120	26921	0.00069842	7.28688e-06
lcl|NC_052667.1_mrna_XM_011162236.3_10631	2752	2553	39.7245	4.37043
lcl|NC_052667.1_mrna_XM_011162235.3_10632	2743	2544	414.275	45.7391
lcl|NC_052667.1_ncrna_XR_005574673.1_10633	990	791	4	1.42036
lcl|NC_052667.1_miscrna_XR_003268460.2_10634	6665	6466	0	0
lcl|NC_052667.1_mrna_XM_011162238.3_10635	7416	7217	0.000261429	1.01745e-05
lcl|NC_052667.1_mrna_XM_039447811.1_10636	7347	7148	3.99974	0.157168
lcl|NC_052667.1_trna_10637	73	3.5471	0	0
lcl|NC_052667.1_trna_10638	73	3.5471	0	0
lcl|NC_052667.1_mrna_XM_026132785.2_10639	2888	2689	0	0
lcl|NC_052667.1_mrna_XM_011162337.3_10640	1752	1553	4	0.723443
lcl|NC_052667.1_mrna_XM_011162240.3_10641	1469	1270	112.998	24.9909
lcl|NC_052667.1_mrna_XM_011162239.3_10642	1539	1340	351.002	73.5734
lcl|NC_052667.1_mrna_XM_026132776.2_10643	6124	5925	0	0
lcl|NC_052667.1_mrna_XM_011162242.3_10644	4030	3831	180	13.197
lcl|NC_052667.1_mrna_XM_011162243.3_10645	1828	1629	3134	540.373
lcl|NC_052667.1_mrna_XM_011162244.3_10646	1292	1093	0	0
lcl|NC_052667.1_mrna_XM_011162245.3_10647	1743	1544	435	79.133
lcl|NC_052667.1_mrna_XM_011162246.3_10648	3918	3719	145.681	11.0025
lcl|NC_052667.1_mrna_XM_011162248.3_10649	4081	3882	405.425	29.334
lcl|NC_052667.1_mrna_XM_011162250.3_10650	3860	3661	757.107	58.0862
lcl|NC_052667.1_mrna_XM_011162249.3_10651	3863	3664	81.7875	6.26971
lcl|NC_052667.1_mrna_XM_011162252.3_10652	4254	4055	54.7067	3.78935
lcl|NC_052667.1_mrna_XM_011162251.3_10653	4303	4104	83.6578	5.72552
lcl|NC_052667.1_mrna_XM_011162253.3_10654	6002	5803	3.63553	0.175967
lcl|NC_052667.1_mrna_XM_011162254.3_10655	2907	2708	290	30.0791
lcl|NC_052667.1_mrna_XM_011162255.3_10656	3760	3561	0	0
lcl|NC_052667.1_mrna_XM_011162258.3_10657	3317	3118	0	0
lcl|NC_052667.1_mrna_XM_011162256.3_10658	3430	3231	0	0
lcl|NC_052667.1_mrna_XM_026132709.2_10659	3455	3256	0	0
lcl|NC_052667.1_mrna_XM_011162257.3_10660	3483	3284	0	0
lcl|NC_052667.1_mrna_XM_026132710.2_10661	3346	3147	0	0
lcl|NC_052667.1_ncrna_XR_005574463.1_10662	600	401	0	0
lcl|NC_052667.1_mrna_XM_011162260.3_10663	2832	2633	11.9991	1.28001
lcl|NC_052667.1_mrna_XM_039447751.1_10664	2860	2661	0.000296041	3.1248e-05
lcl|NC_052667.1_mrna_XM_039447753.1_10665	2631	2432	0.000591625	6.8328e-05
lcl|NC_052667.1_mrna_XM_039447752.1_10666	2846	2647	0	0
lcl|NC_052667.1_mrna_XM_039447780.1_10667	5283	5084	12.0746	0.667086
lcl|NC_052667.1_mrna_XM_011162261.3_10668	4549	4350	73.9775	4.77668
lcl|NC_052667.1_mrna_XM_039447778.1_10669	4786	4587	0	0
lcl|NC_052667.1_mrna_XM_011162263.3_10670	4344	4145	312.948	21.2062
lcl|NC_052667.1_mrna_XM_039447779.1_10671	5092	4893	0	0
lcl|NC_052667.1_mrna_XM_011162338.3_10672	2642	2443	1	0.114972
lcl|NC_052667.1_mrna_XM_011162266.3_10673	659	460	60	36.6361
lcl|NC_052667.1_mrna_XM_011162265.3_10674	1267	1068	434.115	114.169
lcl|NC_052667.1_mrna_XM_039447781.1_10675	989	790	98.8849	35.1575
lcl|NC_052667.1_mrna_XM_011162267.3_10676	1831	1632	0	0
lcl|NC_052667.1_mrna_XM_026132749.2_10677	1208	1009	0.003373	0.000938948
lcl|NC_052667.1_mrna_XM_011162269.3_10678	1211	1012	59.6213	16.5477
lcl|NC_052667.1_mrna_XM_026132748.2_10679	1256	1057	1.20871e-06	3.2119e-07
lcl|NC_052667.1_mrna_XM_011162268.3_10680	1259	1060	0.0153445	0.00406597
lcl|NC_052667.1_mrna_XM_011162270.3_10681	1110	911	21.36	6.58565
lcl|NC_052667.1_mrna_XM_011162272.3_10682	1140	941	11	3.28336
lcl|NC_052667.1_mrna_XM_026132786.2_10683	1249	1050	0	0
lcl|NC_052667.1_mrna_XM_026132787.2_10684	1123	924	0	0
lcl|NC_052667.1_mrna_XM_026132726.2_10685	2252	2053	830.937	113.683
lcl|NC_052667.1_mrna_XM_026132725.2_10686	2193	1994	2580.06	363.43
lcl|NC_052667.1_mrna_XM_011162275.3_10687	992	793	6	2.12517
lcl|NC_052667.1_mrna_XM_011162276.3_10688	3204	3005	91.7962	8.58017
lcl|NC_052667.1_mrna_XM_011162277.3_10689	3186	2987	905.665	85.1624
lcl|NC_052667.1_mrna_XM_011162278.3_10690	4311	4112	2.53928	0.173449
lcl|NC_052667.1_mrna_XM_011162280.3_10691	1663	1464	14.4951	2.78096
lcl|NC_052667.1_mrna_XM_011162282.3_10692	1562	1363	16.1352	3.32502
lcl|NC_052667.1_mrna_XM_011162281.3_10693	1636	1437	0	0
lcl|NC_052667.1_mrna_XM_039448400.1_10694	1516	1317	16.3697	3.49117
lcl|NC_052667.1_mrna_XM_011162283.3_10695	1033	834	2	0.673565
lcl|NC_052667.1_mrna_XM_039448398.1_10696	7110	6911	1.25866	0.0511546
lcl|NC_052667.1_mrna_XM_039448399.1_10697	9384	9185	60.4998	1.85008
lcl|NC_052667.1_mrna_XM_011162285.3_10698	9385	9186	54.2415	1.65852
lcl|NC_052667.1_ncrna_XR_003268471.2_10699	668	469	1	0.598884
lcl|NC_052667.1_ncrna_XR_005574605.1_10700	5829	5630	1	0.0498893
lcl|NC_052667.1_mrna_XM_011162288.3_10701	6387	6188	11	0.499296
lcl|NC_052667.1_mrna_XM_026132721.2_10702	6650	6451	0	0
lcl|NC_052667.1_mrna_XM_011162287.3_10703	6778	6579	0	0
lcl|NC_052667.1_mrna_XM_026132697.2_10704	3918	3719	0	0
lcl|NC_052667.1_mrna_XM_026132698.2_10705	3826	3627	0	0
lcl|NC_052667.1_mrna_XM_039448468.1_10706	1571	1372	3.00806	0.615812
lcl|NC_052667.1_mrna_XM_011162291.3_10707	3664	3465	0	0
lcl|NC_052667.1_mrna_XM_039448795.1_10708	4757	4558	0	0
lcl|NC_052667.1_mrna_XM_011162290.3_10709	4983	4784	0	0
lcl|NC_052667.1_mrna_XM_039448794.1_10710	3244	3045	0	0
lcl|NC_052667.1_mrna_XM_026132695.2_10711	2738	2539	0	0
lcl|NC_052667.1_mrna_XM_026132694.2_10712	2737	2538	212.699	23.5391
lcl|NC_052667.1_mrna_XM_026132696.2_10713	3397	3198	4.30112	0.377763
lcl|NC_052667.1_mrna_XM_026132699.2_10714	2083	1884	114.366	17.0502
lcl|NC_052667.1_mrna_XM_011162292.2_10715	2459	2260	1379.63	171.463
lcl|NC_052667.1_mrna_XM_011162293.3_10716	7969	7770	436	15.7609
lcl|NC_052667.1_mrna_XM_011162294.3_10717	910	711	4128	1630.74
lcl|NC_052667.1_mrna_XM_011162296.3_10718	2173	1974	15	2.13432
lcl|NC_052667.1_mrna_XM_011162295.3_10719	2701	2502	893	100.249
lcl|NC_052667.1_mrna_XM_011162299.3_10720	4695	4496	11.6176	0.72578
lcl|NC_052667.1_mrna_XM_011162301.3_10721	2491	2292	8.70795	1.06713
lcl|NC_052667.1_mrna_XM_011162300.2_10722	4696	4497	0	0
lcl|NC_052667.1_mrna_XM_011162298.2_10723	4534	4335	60.2558	3.90414
lcl|NC_052667.1_mrna_XM_039447715.1_10724	4308	4109	151.419	10.3504
lcl|NC_052667.1_mrna_XM_011162302.3_10725	8612	8413	16	0.534177
lcl|NC_052667.1_miscrna_XR_005574498.1_10726	1429	1230	3.01139	0.687666
lcl|NC_052667.1_mrna_XM_011162303.3_10727	1291	1092	55.6216	14.3066
lcl|NC_052667.1_mrna_XM_039448635.1_10728	1204	1005	14.9855	4.18814
lcl|NC_052667.1_ncrna_XR_005574655.1_10729	2526	2327	9.79276	1.18202
lcl|NC_052667.1_mrna_XM_011162306.3_10730	2312	2113	1058.6	140.718
lcl|NC_052667.1_mrna_XM_026132758.2_10731	818	619	1470	667.023
lcl|NC_052667.1_mrna_XM_011162308.3_10732	1895	1696	1231.93	204.021
lcl|NC_052667.1_mrna_XM_011162309.3_10733	1877	1678	632.071	105.801
lcl|NC_052667.1_mrna_XM_011162342.3_10734	1019	820	2	0.685065
lcl|NC_052667.1_mrna_XM_011162310.3_10735	1163	964	1	0.291366
lcl|NC_052667.1_mrna_XM_026132760.2_10736	3744	3545	81.4913	6.4567
lcl|NC_052667.1_mrna_XM_011162313.3_10737	3767	3568	1249.95	98.3971
lcl|NC_052667.1_mrna_XM_011162311.3_10738	3770	3571	0.0258249	0.00203125
lcl|NC_052667.1_mrna_XM_026132761.2_10739	3107	2908	1216.54	117.502
lcl|NC_052667.1_mrna_XM_039448469.1_10740	531	332	87.2591	73.8225
lcl|NC_052667.1_mrna_XM_011162315.3_10741	5504	5305	160.533	8.49953
lcl|NC_052667.1_mrna_XM_011162314.3_10742	5709	5510	72.467	3.69406
lcl|NC_052667.1_mrna_XM_011162316.3_10743	4186	3987	0	0
lcl|NC_052667.1_mrna_XM_011162319.3_10744	913	714	957.812	376.789
lcl|NC_052667.1_mrna_XM_011162318.3_10745	845	646	1327.04	576.987
lcl|NC_052667.1_mrna_XM_011162317.2_10746	965	766	183.151	67.1579
lcl|NC_052667.1_mrna_XM_011162320.2_10747	1019	820	19	6.50812
lcl|NC_052667.1_mrna_XM_026132765.2_10748	3554	3355	7.21117	0.60371
lcl|NC_052667.1_mrna_XM_026132764.2_10749	3511	3312	0	0
lcl|NC_052667.1_mrna_XM_026132762.2_10750	3559	3360	0	0
lcl|NC_052667.1_mrna_XM_039448634.1_10751	3913	3714	0	0
lcl|NC_052667.1_mrna_XM_026132766.2_10752	3214	3015	264.789	24.6677
lcl|NC_052667.1_mrna_XM_011167977.3_10753	1471	1272	0	0
lcl|NC_052667.1_mrna_XM_011167812.3_10754	1810	1611	203.54	35.487
lcl|NC_052667.1_mrna_XM_011167811.3_10755	1954	1755	305.657	48.9186
lcl|NC_052667.1_mrna_XM_039448776.1_10756	7563	7364	271.803	10.3671
lcl|NC_052667.1_trna_10757	72	3.52559	0	0
lcl|NC_052667.1_trna_10758	71	3.50437	0	0
lcl|NC_052667.1_trna_10759	71	3.50437	0	0
lcl|NC_052667.1_trna_10760	71	3.50437	0	0
lcl|NC_052667.1_mrna_XM_011167813.3_10761	4175	3976	107.142	7.56881
lcl|NC_052667.1_mrna_XM_026132724.2_10762	4493	4294	0.000451076	2.95056e-05
lcl|NC_052667.1_mrna_XM_039448774.1_10763	4369	4170	363.817	24.5055
lcl|NC_052667.1_mrna_XM_039448775.1_10764	4013	3814	5.04077	0.371221
lcl|NC_052667.1_mrna_XM_011167816.3_10765	3464	3265	769.812	66.2243
lcl|NC_052667.1_mrna_XM_039448778.1_10766	2448	2249	57.1879	7.14218
lcl|NC_052667.1_mrna_XM_011167818.3_10767	3911	3712	294	22.2462
lcl|NC_052667.1_mrna_XM_011167826.3_10768	1198	999	679.973	191.18
lcl|NC_052667.1_mrna_XM_011167821.3_10769	3217	3018	77.1982	7.18462
lcl|NC_052667.1_mrna_XM_026132794.2_10770	2770	2571	278.488	30.4243
lcl|NC_052667.1_mrna_XM_026132789.2_10771	2867	2668	56.1315	5.9093
lcl|NC_052667.1_mrna_XM_026132791.2_10772	2820	2621	0	0
lcl|NC_052667.1_mrna_XM_026132790.2_10773	2778	2579	168.682	18.3711
lcl|NC_052667.1_mrna_XM_039448777.1_10774	2982	2783	41.5181	4.19025
lcl|NC_052667.1_mrna_XM_026132792.2_10775	2731	2532	0.00844419	0.000936721
lcl|NC_052667.1_mrna_XM_026132795.2_10776	2213	2014	0	0
lcl|NC_052667.1_mrna_XM_011167820.3_10777	1545	1346	972	202.832
lcl|NC_052667.1_mrna_XM_026132688.2_10778	2972	2773	225	22.7902
lcl|NC_052667.1_mrna_XM_011167978.3_10779	2439	2240	670	84.0122
lcl|NC_052667.1_miscrna_XR_005574675.1_10780	3587	3388	664.052	55.0522
lcl|NC_052667.1_mrna_XM_026132691.2_10781	3714	3515	0	0
lcl|NC_052667.1_mrna_XM_039448735.1_10782	3704	3505	37.5182	3.00656
lcl|NC_052667.1_mrna_XM_039448737.1_10783	3644	3445	5.11894	0.417356
lcl|NC_052667.1_mrna_XM_039448736.1_10784	3645	3446	3.82609	0.311857
lcl|NC_052667.1_mrna_XM_026132689.2_10785	3113	2914	413.485	39.8553
lcl|NC_052667.1_mrna_XM_011167832.3_10786	1434	1235	2282	518.996
lcl|NC_052667.1_mrna_XM_011167834.3_10787	3031	2832	7.78988	0.772597
lcl|NC_052667.1_mrna_XM_039448734.1_10788	4465	4266	0	0
lcl|NC_052667.1_mrna_XM_026132717.2_10789	2590	2391	5.21012	0.612046
lcl|NC_052667.1_mrna_XM_011167833.3_10790	7649	7450	176	6.63548
lcl|NC_052667.1_mrna_XM_039448738.1_10791	2078	1879	0	0
lcl|NC_052667.1_ncrna_XR_005574540.1_10792	1531	1332	0	0
lcl|NC_052667.1_ncrna_XR_003268457.2_10793	1889	1690	78.7044	13.0806
lcl|NC_052667.1_ncrna_XR_005574541.1_10794	1478	1279	12.027	2.6412
lcl|NC_052667.1_mrna_XM_011167835.3_10795	4826	4627	901.113	54.701
lcl|NC_052667.1_mrna_XM_026132693.2_10796	5009	4810	0	0
lcl|NC_052667.1_ncrna_XR_005574542.1_10797	940	741	0	0
lcl|NC_052667.1_mrna_XM_011167836.3_10798	3538	3339	439.666	36.9847
lcl|NC_052667.1_mrna_XM_011176870.3_10799	1125	926	306	92.8167
lcl|NC_052667.1_mrna_XM_039448196.1_10800	1410	1211	4.48221e-05	1.03959e-05
lcl|NC_052667.1_mrna_XM_011176871.3_10801	1419	1220	362	83.3421
lcl|NC_052667.1_mrna_XM_011167838.3_10802	2885	2686	251.93	26.3445
lcl|NC_052667.1_mrna_XM_026132775.2_10803	2816	2617	0.070036	0.0075168
lcl|NC_052667.1_mrna_XM_039448186.1_10804	2753	2554	0	0
lcl|NC_052667.1_mrna_XM_011167839.3_10805	5870	5671	222	10.9953
lcl|NC_052667.1_mrna_XM_011167840.3_10806	2644	2445	732	84.0907
lcl|NC_052667.1_mrna_XM_039448190.1_10807	2408	2209	210.47	26.7614
lcl|NC_052667.1_mrna_XM_011167841.3_10808	2411	2212	40.3039	5.11773
lcl|NC_052667.1_mrna_XM_039448189.1_10809	2450	2251	12.6228	1.57505
lcl|NC_052667.1_mrna_XM_011167842.3_10810	2329	2130	74.6037	9.83776
lcl|NC_052667.1_mrna_XM_039448197.1_10811	8909	8710	56	1.80587
lcl|NC_052667.1_mrna_XM_026132701.2_10812	6704	6505	0.000229401	9.90523e-06
lcl|NC_052667.1_mrna_XM_026132700.2_10813	6707	6508	427.351	18.4439
lcl|NC_052667.1_miscrna_XR_005574539.1_10814	3311	3112	107.649	9.71597
lcl|NC_052667.1_mrna_XM_039448187.1_10815	3191	2992	0.000310046	2.91058e-05
lcl|NC_052667.1_mrna_XM_011167847.3_10816	3171	2972	0.000979007	9.25236e-05
lcl|NC_052667.1_mrna_XM_026132703.2_10817	3107	2908	732.104	70.7121
lcl|NC_052667.1_mrna_XM_011167845.3_10818	3194	2995	301.946	28.3171
lcl|NC_052667.1_mrna_XM_039448188.1_10819	3189	2990	0.00406573	0.00038193
lcl|NC_052667.1_mrna_XM_011167846.3_10820	3289	3090	48.4981	4.40841
lcl|NC_052667.1_mrna_XM_011167844.3_10821	1543	1344	164.35	34.3468
lcl|NC_052667.1_mrna_XM_026132705.2_10822	1732	1533	525.097	96.2084
lcl|NC_052667.1_mrna_XM_011167852.3_10823	2359	2160	573.114	74.5252
lcl|NC_052667.1_mrna_XM_039448194.1_10824	2294	2095	1014.7	136.041
lcl|NC_052667.1_mrna_XM_039448195.1_10825	2429	2230	0.000779269	9.81518e-05
lcl|NC_052667.1_mrna_XM_039448192.1_10826	2631	2432	82.6442	9.54475
lcl|NC_052667.1_mrna_XM_039448193.1_10827	2421	2222	121.539	15.3634
lcl|NC_052667.1_mrna_XM_011167858.3_10828	2413	2214	1260	159.849
lcl|NC_052667.1_mrna_XM_026132772.2_10829	4409	4210	14	0.934032
lcl|NC_052667.1_mrna_XM_011167859.3_10830	752	553	1113	565.309
lcl|NC_052667.1_mrna_XM_011167869.3_10831	1656	1457	468.109	90.2408
lcl|NC_052667.1_mrna_XM_039448128.1_10832	1510	1311	334.891	71.7491
lcl|NC_052667.1_mrna_XM_026132774.2_10833	1943	1744	1821.23	293.315
lcl|NC_052667.1_mrna_XM_039448130.1_10834	2058	1859	146.207	22.0905
lcl|NC_052667.1_mrna_XM_011167866.3_10835	2282	2083	1093.56	147.458
lcl|NC_052667.1_miscrna_XR_005574522.1_10836	4388	4189	1.41141e-06	9.46368e-08
lcl|NC_052667.1_mrna_XM_039448116.1_10837	4600	4401	0	0
lcl|NC_052667.1_mrna_XM_026132770.2_10838	4786	4587	31.591	1.93442
lcl|NC_052667.1_mrna_XM_039448115.1_10839	4771	4572	0.0397824	0.002444
lcl|NC_052667.1_mrna_XM_039448114.1_10840	4942	4743	222.093	13.1521
lcl|NC_052667.1_mrna_XM_026132768.2_10841	4957	4758	9.35637	0.55233
lcl|NC_052667.1_mrna_XM_011167861.3_10842	4960	4761	5.55964e-08	3.27993e-09
lcl|NC_052667.1_miscrna_XR_003268469.2_10843	4876	4677	5.37744e-08	3.22942e-09
lcl|NC_052667.1_mrna_XM_026132767.2_10844	4975	4776	0	0
lcl|NC_052667.1_mrna_XM_026132769.2_10845	5037	4838	85.9203	4.98822
lcl|NC_052667.1_mrna_XM_011167860.3_10846	2746	2547	694	76.5326
lcl|NC_052667.1_ncrna_XR_005574524.1_10847	3089	2890	4	0.388757
lcl|NC_052667.1_mrna_XM_011167871.3_10848	1790	1591	732	129.228
lcl|NC_052667.1_mrna_XM_026132682.2_10849	4544	4345	25.6337	1.65706
lcl|NC_052667.1_mrna_XM_026132681.2_10850	4619	4420	21.1238	1.34235
lcl|NC_052667.1_mrna_XM_011167880.3_10851	4478	4279	13.7072	0.899749
lcl|NC_052667.1_mrna_XM_011167879.3_10852	4493	4294	76.8182	5.02479
lcl|NC_052667.1_miscrna_XR_005574521.1_10853	4531	4332	31.9766	2.07329
lcl|NC_052667.1_mrna_XM_011167878.3_10854	4553	4354	11.3712	0.733559
lcl|NC_052667.1_mrna_XM_011167877.3_10855	4568	4369	62.0459	3.98884
lcl|NC_052667.1_miscrna_XR_005574520.1_10856	4606	4407	26.2381	1.67227
lcl|NC_052667.1_mrna_XM_011167874.3_10857	5861	5662	531.906	26.3864
lcl|NC_052667.1_mrna_XM_011167873.3_10858	5817	5618	122.424	6.12067
lcl|NC_052667.1_mrna_XM_011167872.3_10859	5821	5622	0.000806686	4.03022e-05
lcl|NC_052667.1_mrna_XM_026132678.2_10860	6191	5992	0	0
lcl|NC_052667.1_mrna_XM_011167875.3_10861	5985	5786	0	0
lcl|NC_052667.1_mrna_XM_026132679.2_10862	6485	6286	7.71666	0.344803
lcl|NC_052667.1_mrna_XM_039448112.1_10863	5977	5778	0	0
lcl|NC_052667.1_mrna_XM_039448111.1_10864	5747	5548	0.000122612	6.20741e-06
lcl|NC_052667.1_mrna_XM_026132683.2_10865	1740	1541	765	139.436
lcl|NC_052667.1_mrna_XM_011167881.2_10866	1058	859	695	227.252
lcl|NC_052667.1_mrna_XM_011167885.3_10867	2169	1970	96	13.6874
lcl|NC_052667.1_mrna_XM_011167886.3_10868	1386	1187	1827	432.318
lcl|NC_052667.1_mrna_XM_011167888.3_10869	2262	2063	691.31	94.1216
lcl|NC_052667.1_mrna_XM_039448126.1_10870	3265	3066	317.576	29.0932
lcl|NC_052667.1_mrna_XM_011167889.3_10871	2163	1964	234.114	33.4813
lcl|NC_052667.1_mrna_XM_011167895.3_10872	699	500	464	260.654
lcl|NC_052667.1_mrna_XM_011167894.3_10873	2380	2181	241	31.0368
lcl|NC_052667.1_mrna_XM_026132685.2_10874	1201	1002	0	0
lcl|NC_052667.1_mrna_XM_026132677.2_10875	6835	6636	7	0.296283
lcl|NC_052667.1_mrna_XM_011167890.3_10876	2292	2093	14	1.87877
lcl|NC_052667.1_mrna_XM_026132753.2_10877	1624	1425	875.74	172.614
lcl|NC_052667.1_mrna_XM_011167896.3_10878	4802	4603	0	0
lcl|NC_052667.1_mrna_XM_011167897.3_10879	4095	3896	4.11372	0.296573
lcl|NC_052667.1_mrna_XM_039448113.1_10880	4247	4048	11.1462	0.773397
lcl|NC_052667.1_mrna_XM_026132752.2_10881	4518	4319	0	0
lcl|NC_052667.1_mrna_XM_011167906.3_10882	5775	5576	31.7185	1.59774
lcl|NC_052667.1_mrna_XM_039448118.1_10883	3749	3550	0	0
lcl|NC_052667.1_mrna_XM_039448117.1_10884	3767	3568	0	0
lcl|NC_052667.1_mrna_XM_039448121.1_10885	2870	2671	0	0
lcl|NC_052667.1_mrna_XM_039448120.1_10886	2918	2719	0	0
lcl|NC_052667.1_mrna_XM_039448122.1_10887	2915	2716	8.28145	0.856431
lcl|NC_052667.1_mrna_XM_039448123.1_10888	2762	2563	0	0
lcl|NC_052667.1_mrna_XM_011167907.3_10889	3331	3132	0	0
lcl|NC_052667.1_mrna_XM_039448119.1_10890	3394	3195	0	0
lcl|NC_052667.1_ncrna_XR_005574523.1_10891	4962	4763	5.66857	0.334279
lcl|NC_052667.1_mrna_XM_011167905.3_10892	10051	9852	380.671	10.8528
lcl|NC_052667.1_mrna_XM_011167903.3_10893	3049	2850	326.732	32.2005
lcl|NC_052667.1_mrna_XM_039448124.1_10894	2940	2741	0.26781	0.0274431
lcl|NC_052667.1_mrna_XM_011167900.3_10895	2372	2173	238.889	30.8782
lcl|NC_052667.1_mrna_XM_011167899.3_10896	3170	2971	0	0
lcl|NC_052667.1_mrna_XM_039448125.1_10897	3846	3647	0.000251144	1.9342e-05
lcl|NC_052667.1_mrna_XM_011167898.3_10898	3807	3608	12.1106	0.942787
lcl|NC_052667.1_mrna_XM_011167902.3_10899	2879	2680	0	0
lcl|NC_052667.1_mrna_XM_011167908.3_10900	2029	1830	34	5.21847
lcl|NC_052667.1_mrna_XM_011167909.3_10901	2167	1968	101.574	14.4969
lcl|NC_052667.1_mrna_XM_011167910.3_10902	2012	1813	1241.43	192.326
lcl|NC_052667.1_mrna_XM_011167911.2_10903	455	256	0	0
lcl|NC_052667.1_mrna_XM_011167912.3_10904	5617	5418	210.258	10.9001
lcl|NC_052667.1_mrna_XM_039448520.1_10905	686	487	0	0
lcl|NC_052667.1_mrna_XM_026132796.2_10906	3733	3534	1310	104.117
lcl|NC_052667.1_mrna_XM_011168550.3_10907	1656	1457	430	82.8943
lcl|NC_052667.1_mrna_XM_026132797.2_10908	2663	2464	597.395	68.0983
lcl|NC_052667.1_mrna_XM_039448500.1_10909	2016	1817	412.605	63.7816
lcl|NC_052667.1_mrna_XM_039448493.1_10910	5506	5307	67.474	3.57111
lcl|NC_052667.1_mrna_XM_026132807.2_10911	5662	5463	3.1005e-07	1.5941e-08
lcl|NC_052667.1_mrna_XM_026132805.2_10912	5734	5535	0	0
lcl|NC_052667.1_mrna_XM_026132806.2_10913	5719	5520	0.0429933	0.00218765
lcl|NC_052667.1_mrna_XM_026132803.2_10914	5776	5577	33.5493	1.68966
lcl|NC_052667.1_mrna_XM_026132804.2_10915	5758	5559	32.9592	1.66531
lcl|NC_052667.1_mrna_XM_026132802.2_10916	5791	5592	9.73715e-08	4.89081e-09
lcl|NC_052667.1_mrna_XM_011167918.2_10917	3570	3371	71.9744	5.99702
lcl|NC_052667.1_mrna_XM_039448488.1_10918	4137	3938	0	0
lcl|NC_052667.1_mrna_XM_039448490.1_10919	4147	3948	0	0
lcl|NC_052667.1_mrna_XM_039448489.1_10920	4149	3950	0	0
lcl|NC_052667.1_mrna_XM_039448492.1_10921	3949	3750	0	0
lcl|NC_052667.1_mrna_XM_039448487.1_10922	4246	4047	0	0
lcl|NC_052667.1_mrna_XM_039448483.1_10923	4375	4176	0	0
lcl|NC_052667.1_mrna_XM_039448484.1_10924	4353	4154	0	0
lcl|NC_052667.1_mrna_XM_039448486.1_10925	4366	4167	0	0
lcl|NC_052667.1_mrna_XM_026132800.2_10926	4218	4019	8	0.559098
lcl|NC_052667.1_mrna_XM_039448485.1_10927	4347	4148	0	0
lcl|NC_052667.1_mrna_XM_039448491.1_10928	4239	4040	0	0
lcl|NC_052667.1_mrna_XM_011167926.3_10929	2249	2050	85.6539	11.7357
lcl|NC_052667.1_mrna_XM_039448514.1_10930	2471	2272	0	0
lcl|NC_052667.1_mrna_XM_039448511.1_10931	2457	2258	0	0
lcl|NC_052667.1_mrna_XM_026132811.2_10932	3623	3424	0.0715344	0.00586809
lcl|NC_052667.1_mrna_XM_026132813.2_10933	3603	3404	25.489	2.10319
lcl|NC_052667.1_miscrna_XR_003268473.2_10934	8665	8466	25804	856.1
lcl|NC_052667.1_mrna_XM_039448512.1_10935	2804	2605	11.9372	1.28709
lcl|NC_052667.1_mrna_XM_039448513.1_10936	2241	2042	87.6689	12.0588
lcl|NC_052667.1_mrna_XM_039448518.1_10937	2261	2062	1.33906e-06	1.82402e-07
lcl|NC_052667.1_mrna_XM_011167925.3_10938	2596	2397	114.83	13.4556
lcl|NC_052667.1_mrna_XM_011167922.3_10939	2906	2707	92.35	9.58218
lcl|NC_052667.1_mrna_XM_039448517.1_10940	2802	2603	0	0
lcl|NC_052667.1_mrna_XM_039448498.1_10941	3837	3638	206.942	15.9773
lcl|NC_052667.1_mrna_XM_026132808.2_10942	3619	3420	132.922	10.9166
lcl|NC_052667.1_ncrna_XR_005574624.1_10943	727	528	18	9.57534
lcl|NC_052667.1_miscrna_XR_005574623.1_10944	1566	1367	61	12.5336
lcl|NC_052667.1_trna_10945	74	3.56892	0	0
lcl|NC_052667.1_mrna_XM_011167933.3_10946	3057	2858	325	31.9401
lcl|NC_052667.1_mrna_XM_011167937.3_10947	2043	1844	265.104	40.3804
lcl|NC_052667.1_mrna_XM_026132809.2_10948	2031	1832	167.896	25.7413
lcl|NC_052667.1_mrna_XM_011167936.3_10949	3632	3433	351	28.7177
lcl|NC_052667.1_mrna_XM_011167935.3_10950	1237	1038	142.608	38.5888
lcl|NC_052667.1_mrna_XM_026132815.2_10951	983	784	6.39214	2.29006
lcl|NC_052667.1_mrna_XM_011167939.3_10952	802	603	8.93841	4.1635
lcl|NC_052667.1_mrna_XM_011167938.3_10953	805	606	0.0615861	0.0285447
lcl|NC_052667.1_mrna_XM_011167941.3_10954	1844	1645	1175	200.626
lcl|NC_052667.1_mrna_XM_039448519.1_10955	1243	1044	58.559	15.7547
lcl|NC_052667.1_mrna_XM_011167952.3_10956	1345	1146	69.9139	17.1354
lcl|NC_052667.1_mrna_XM_011167951.3_10957	1340	1141	371.796	91.5239
lcl|NC_052667.1_mrna_XM_039448501.1_10958	1570	1371	180.066	36.89
lcl|NC_052667.1_mrna_XM_011167950.3_10959	1553	1354	574.666	119.21
lcl|NC_052667.1_mrna_XM_011167947.3_10960	1179	980	26.8263	7.68864
lcl|NC_052667.1_mrna_XM_011167945.3_10961	1176	977	29.1369	8.37655
lcl|NC_052667.1_mrna_XM_011167948.3_10962	1200	1001	15.2049	4.26642
lcl|NC_052667.1_mrna_XM_039448522.1_10963	1075	876	7.55618	2.42278
lcl|NC_052667.1_mrna_XM_011167946.3_10964	1209	1010	0	0
lcl|NC_052667.1_mrna_XM_011167944.3_10965	1206	1007	3.15936	0.881221
lcl|NC_052667.1_mrna_XM_026132722.2_10966	837	638	45.7186	20.1274
lcl|NC_052667.1_mrna_XM_039448521.1_10967	1258	1059	20.0487	5.31748
lcl|NC_052667.1_mrna_XM_011167943.2_10968	1336	1137	376	92.8845
lcl|NC_052667.1_mrna_XM_039448482.1_10969	7259	7060	153	6.08699
lcl|NC_052667.1_mrna_XM_011167957.3_10970	2180	1981	1466	207.857
lcl|NC_052667.1_mrna_XM_039448526.1_10971	1083	884	137.002	43.5303
lcl|NC_052667.1_mrna_XM_011167956.3_10972	915	716	13.22	5.18602
lcl|NC_052667.1_mrna_XM_011167955.3_10973	969	770	903.778	329.675
lcl|NC_052667.1_mrna_XM_011167958.3_10974	1587	1388	2335	472.512
lcl|NC_052667.1_mrna_XM_011161177.3_10975	2300	2101	33.4718	4.47475
lcl|NC_052667.1_mrna_XM_039448507.1_10976	1484	1285	113.729	24.8591
lcl|NC_052667.1_mrna_XM_011161161.3_10977	996	797	8	2.81934
lcl|NC_052667.1_mrna_XM_026132731.2_10978	3820	3621	502.7	38.9939
lcl|NC_052667.1_mrna_XM_026132727.2_10979	9161	8962	591.117	18.5261
lcl|NC_052667.1_mrna_XM_026132729.2_10980	9160	8961	0	0
lcl|NC_052667.1_mrna_XM_039448495.1_10981	9079	8880	34.0725	1.07772
lcl|NC_052667.1_mrna_XM_039448496.1_10982	8755	8556	7.81689e-06	2.56613e-07
lcl|NC_052667.1_mrna_XM_039448494.1_10983	8824	8625	173.11	5.63741
lcl|NC_052667.1_mrna_XM_011167961.3_10984	3327	3128	928	83.3292
lcl|NC_052667.1_mrna_XM_039448523.1_10985	830	631	252.2	112.262
lcl|NC_052667.1_mrna_XM_039448525.1_10986	813	614	0	0
lcl|NC_052667.1_mrna_XM_039448524.1_10987	696	497	86.8002	49.0546
lcl|NC_052667.1_ncrna_XR_003269255.2_10988	4554	4355	6	0.386971
lcl|NC_052667.1_mrna_XM_011167965.3_10989	1936	1737	128.808	20.8285
lcl|NC_052667.1_mrna_XM_011167964.3_10990	1954	1755	193.192	30.9192
lcl|NC_052667.1_mrna_XM_039448470.1_10991	450	251	0	0
lcl|NC_052667.1_mrna_XM_039448508.1_10992	3095	2896	0	0
lcl|NC_052667.1_mrna_XM_039448509.1_10993	1649	1450	0	0
lcl|NC_052667.1_mrna_XM_011167988.3_10994	3113	2914	0	0
lcl|NC_052667.1_mrna_XM_011167966.3_10995	2245	2046	0	0
lcl|NC_052667.1_mrna_XM_011167967.3_10996	1317	1118	7.5636	1.90021
lcl|NC_052667.1_mrna_XM_026139331.2_10997	1272	1073	10.4364	2.73191
lcl|NC_052667.1_mrna_XM_011167989.3_10998	1574	1375	4	0.817096
lcl|NC_052667.1_mrna_XM_039448527.1_10999	824	625	0	0
lcl|NC_052667.1_mrna_XM_026139326.2_11000	7167	6968	3.73339	0.150491
lcl|NC_052667.1_mrna_XM_026139325.2_11001	7185	6986	0.280739	0.0112873
lcl|NC_052667.1_mrna_XM_026139329.2_11002	4086	3887	0	0
lcl|NC_052667.1_mrna_XM_026139327.2_11003	3937	3738	0	0
lcl|NC_052667.1_mrna_XM_026139330.2_11004	3693	3494	89.6612	7.20771
lcl|NC_052667.1_mrna_XM_039448502.1_11005	5094	4895	0	0
lcl|NC_052667.1_mrna_XM_039448504.1_11006	5019	4820	0	0
lcl|NC_052667.1_mrna_XM_039448503.1_11007	5088	4889	0	0
lcl|NC_052667.1_mrna_XM_039448505.1_11008	5012	4813	0	0
lcl|NC_052667.1_mrna_XM_026139342.2_11009	6340	6141	77.5314	3.54612
lcl|NC_052667.1_mrna_XM_026139341.2_11010	7067	6868	12.2312	0.500211
lcl|NC_052667.1_mrna_XM_039448756.1_11011	7054	6855	0	0
lcl|NC_052667.1_mrna_XM_039448755.1_11012	7629	7430	0	0
lcl|NC_052667.1_mrna_XM_039448754.1_11013	6742	6543	0	0
lcl|NC_052667.1_mrna_XM_039448753.1_11014	6027	5828	319	15.374
lcl|NC_052667.1_mrna_XM_011167970.3_11015	3918	3719	17	1.28392
lcl|NC_052667.1_mrna_XM_026139335.2_11016	6309	6110	0	0
lcl|NC_052667.1_mrna_XM_011167971.3_11017	5962	5763	2.00063	0.0975067
lcl|NC_052667.1_mrna_XM_026139338.2_11018	7179	6980	0	0
lcl|NC_052667.1_mrna_XM_026139336.2_11019	6194	5995	0	0
lcl|NC_052667.1_mrna_XM_011167995.3_11020	5063	4864	0	0
lcl|NC_052667.1_mrna_XM_011167974.3_11021	1710	1511	3	0.557664
lcl|NC_052667.1_mrna_XM_011167975.3_11022	1708	1509	0	0
lcl|NC_052667.1_mrna_XM_039448182.1_11023	1414	1215	0	0
lcl|NC_052667.1_mrna_XM_026139333.2_11024	1554	1355	163	33.7881
lcl|NC_052667.1_miscrna_XR_003269256.2_11025	1530	1331	0	0
lcl|NC_052667.1_miscrna_XR_005574499.1_11026	1816	1617	0	0
lcl|NC_052668.1_mrna_XM_011171670.3_11027	1961	1762	1	0.159408
lcl|NC_052668.1_mrna_XM_039449683.1_11028	1278	1079	0	0
lcl|NC_052668.1_mrna_XM_039448966.1_11029	2858	2659	0	0
lcl|NC_052668.1_mrna_XM_039448967.1_11030	2849	2650	5.51674	0.584726
lcl|NC_052668.1_miscrna_XR_005574725.1_11031	2561	2362	0	0
lcl|NC_052668.1_miscrna_XR_005574726.1_11032	2828	2629	0	0
lcl|NC_052668.1_mrna_XM_039448968.1_11033	2829	2630	0	0
lcl|NC_052668.1_mrna_XM_039448972.1_11034	5836	5637	0	0
lcl|NC_052668.1_mrna_XM_039448976.1_11035	2894	2695	0	0
lcl|NC_052668.1_mrna_XM_039448975.1_11036	2523	2324	0	0
lcl|NC_052668.1_mrna_XM_026141058.2_11037	2493	2294	0	0
lcl|NC_052668.1_mrna_XM_039448969.1_11038	2895	2696	0	0
lcl|NC_052668.1_mrna_XM_039448970.1_11039	2846	2647	0	0
lcl|NC_052668.1_mrna_XM_039450085.1_11040	1221	1022	0	0
lcl|NC_052668.1_mrna_XM_039448971.1_11041	2650	2451	1.18898	0.136254
lcl|NC_052668.1_ncrna_XR_003268419.2_11042	326	127	0	0
lcl|NC_052668.1_mrna_XM_039448974.1_11043	3049	2850	0	0
lcl|NC_052668.1_mrna_XM_039448973.1_11044	1997	1798	0	0
lcl|NC_052668.1_mrna_XM_026141356.2_11045	3020	2821	2	0.199133
lcl|NC_052668.1_mrna_XM_039449296.1_11046	2678	2479	739	83.7305
lcl|NC_052668.1_miscrna_XR_005574847.1_11047	2663	2464	0	0
lcl|NC_052668.1_mrna_XM_011170538.3_11048	1293	1094	0	0
lcl|NC_052668.1_mrna_XM_026140180.2_11049	6250	6051	5	0.232091
lcl|NC_052668.1_miscrna_XR_005574744.1_11050	5957	5758	0	0
lcl|NC_052668.1_miscrna_XR_005574746.1_11051	5231	5032	0	0
lcl|NC_052668.1_miscrna_XR_005574745.1_11052	5335	5136	0	0
lcl|NC_052668.1_miscrna_XR_005574747.1_11053	4609	4410	0	0
lcl|NC_052668.1_miscrna_XR_005574748.1_11054	3968	3769	2	0.149046
lcl|NC_052668.1_mrna_XM_039449041.1_11055	5333	5134	0	0
lcl|NC_052668.1_mrna_XM_039449042.1_11056	4607	4408	0	0
lcl|NC_052668.1_mrna_XM_011164058.3_11057	6626	6427	0	0
lcl|NC_052668.1_mrna_XM_039449644.1_11058	1942	1743	0	0
lcl|NC_052668.1_mrna_XM_039449645.1_11059	955	756	0	0
lcl|NC_052668.1_ncrna_XR_005574885.1_11060	1551	1352	1	0.207749
lcl|NC_052668.1_mrna_XM_039449751.1_11061	1686	1487	0	0
lcl|NC_052668.1_mrna_XM_039450086.1_11062	1083	884	0	0
lcl|NC_052668.1_mrna_XM_039450087.1_11063	888	689	0	0
lcl|NC_052668.1_ncrna_XR_005574809.1_11064	541	342	0	0
lcl|NC_052668.1_mrna_XM_039449754.1_11065	1411	1212	1	0.231746
lcl|NC_052668.1_mrna_XM_026142082.2_11066	1203	1004	0	0
lcl|NC_052668.1_mrna_XM_039449909.1_11067	766	567	0	0
lcl|NC_052668.1_mrna_XM_039449595.1_11068	710	511	0	0
lcl|NC_052668.1_mrna_XM_039449752.1_11069	805	606	0	0
lcl|NC_052668.1_mrna_XM_039449753.1_11070	787	588	0	0
lcl|NC_052668.1_miscrna_XR_005574893.1_11071	595	396	0	0
lcl|NC_052668.1_miscrna_XR_005574896.1_11072	577	378	0	0
lcl|NC_052668.1_miscrna_XR_005574894.1_11073	555	356	0	0
lcl|NC_052668.1_miscrna_XR_005574895.1_11074	452	253	0	0
lcl|NC_052668.1_miscrna_XR_005574897.1_11075	426	227	0	0
lcl|NC_052668.1_mrna_XM_039450110.1_11076	344	145	0	0
lcl|NC_052668.1_mrna_XM_039450111.1_11077	703	504	0	0
lcl|NC_052668.1_ncrna_XR_005574843.1_11078	338	139	1	2.0207
lcl|NC_052668.1_mrna_XM_011167777.2_11079	549	350	0	0
lcl|NC_052668.1_mrna_XM_039450118.1_11080	975	776	1	0.361955
lcl|NC_052668.1_mrna_XM_039449839.1_11081	2067	1868	2.64638	0.397916
lcl|NC_052668.1_mrna_XM_039450119.1_11082	1833	1634	1	0.171895
lcl|NC_052668.1_mrna_XM_039450120.1_11083	3784	3585	0	0
lcl|NC_052668.1_mrna_XM_039450130.1_11084	3462	3263	0	0
lcl|NC_052668.1_mrna_XM_039450131.1_11085	1104	905	0	0
lcl|NC_052668.1_mrna_XM_039450132.1_11086	681	482	0	0
lcl|NC_052668.1_mrna_XM_039449881.1_11087	1124	925	0	0
lcl|NC_052668.1_mrna_XM_039449685.1_11088	1103	904	0	0
lcl|NC_052668.1_mrna_XM_011175853.3_11089	1826	1627	7.19019	1.24128
lcl|NC_052668.1_mrna_XM_039449021.1_11090	2639	2440	0	0
lcl|NC_052668.1_mrna_XM_039449022.1_11091	2638	2439	0	0
lcl|NC_052668.1_mrna_XM_039449020.1_11092	2637	2438	0	0
lcl|NC_052668.1_mrna_XM_026140834.2_11093	2620	2421	0	0
lcl|NC_052668.1_mrna_XM_039449023.1_11094	2745	2546	0	0
lcl|NC_052668.1_mrna_XM_039449024.1_11095	2836	2637	0	0
lcl|NC_052668.1_mrna_XM_026140832.2_11096	3183	2984	0	0
lcl|NC_052668.1_mrna_XM_026140838.2_11097	945	746	0	0
lcl|NC_052668.1_mrna_XM_039449026.1_11098	3145	2946	0	0
lcl|NC_052668.1_mrna_XM_039449033.1_11099	684	485	0	0
lcl|NC_052668.1_mrna_XM_039449032.1_11100	802	603	0	0
lcl|NC_052668.1_ncrna_XR_005574741.1_11101	738	539	0	0
lcl|NC_052668.1_mrna_XM_039449030.1_11102	4584	4385	26.9407	1.72566
lcl|NC_052668.1_mrna_XM_039449028.1_11103	4556	4357	2.68169e-06	1.72877e-07
lcl|NC_052668.1_mrna_XM_039449029.1_11104	4550	4351	1.06827e-05	6.89616e-07
lcl|NC_052668.1_mrna_XM_039449031.1_11105	4142	3943	38.6215	2.75117
lcl|NC_052668.1_mrna_XM_026131975.2_11106	3394	3195	3.64944	0.320827
lcl|NC_052668.1_mrna_XM_039449025.1_11107	2948	2749	0	0
lcl|NC_052668.1_mrna_XM_039450134.1_11108	1089	890	0	0
lcl|NC_052668.1_mrna_XM_039450135.1_11109	879	680	0	0
lcl|NC_052668.1_mrna_XM_039449027.1_11110	2918	2719	0	0
lcl|NC_052668.1_mrna_XM_039449034.1_11111	2946	2747	1	0.102249
lcl|NC_052668.1_mrna_XM_011171594.3_11112	3100	2901	17	1.64595
lcl|NC_052668.1_ncrna_XR_005574807.1_11113	2025	1826	5	0.769104
lcl|NC_052668.1_ncrna_XR_005574806.1_11114	748	549	0	0
lcl|NC_052668.1_mrna_XM_039449670.1_11115	13455	13256	0	0
lcl|NC_052668.1_mrna_XM_039449664.1_11116	12000	11801	3	0.0714033
lcl|NC_052668.1_mrna_XM_039449663.1_11117	13565	13366	0	0
lcl|NC_052668.1_mrna_XM_039449668.1_11118	13528	13329	0	0
lcl|NC_052668.1_mrna_XM_039449667.1_11119	13543	13344	0	0
lcl|NC_052668.1_mrna_XM_039449665.1_11120	13549	13350	0	0
lcl|NC_052668.1_mrna_XM_039449666.1_11121	13546	13347	0	0
lcl|NC_052668.1_mrna_XM_039449669.1_11122	13524	13325	0	0
lcl|NC_052668.1_ncrna_XR_005574872.1_11123	4442	4243	1	0.0661977
lcl|NC_052668.1_ncrna_XR_005574871.1_11124	4838	4639	0	0
lcl|NC_052668.1_mrna_XM_039449674.1_11125	816	617	3	1.36569
lcl|NC_052668.1_mrna_XM_039449673.1_11126	1865	1666	0	0
lcl|NC_052668.1_mrna_XM_039449671.1_11127	2851	2652	0	0
lcl|NC_052668.1_mrna_XM_039449672.1_11128	2443	2244	1.78049	0.222861
lcl|NC_052668.1_mrna_XM_011171595.3_11129	1863	1664	291	49.1197
lcl|NC_052668.1_mrna_XM_011171598.3_11130	2965	2766	14	1.42165
lcl|NC_052668.1_mrna_XM_039448981.1_11131	1244	1045	0	0
lcl|NC_052668.1_mrna_XM_026141462.2_11132	1238	1039	0	0
lcl|NC_052668.1_mrna_XM_026141461.2_11133	1251	1052	0	0
lcl|NC_052668.1_ncrna_XR_005574728.1_11134	5271	5072	1	0.0553779
lcl|NC_052668.1_mrna_XM_039448982.1_11135	2347	2148	0	0
lcl|NC_052668.1_mrna_XM_026141455.2_11136	1492	1293	0	0
lcl|NC_052668.1_mrna_XM_026141458.2_11137	1392	1193	0	0
lcl|NC_052668.1_mrna_XM_026141456.2_11138	1462	1263	0	0
lcl|NC_052668.1_mrna_XM_026141460.2_11139	1362	1163	0	0
lcl|NC_052668.1_mrna_XM_039448980.1_11140	3937	3738	0	0
lcl|NC_052668.1_mrna_XM_039448983.1_11141	1175	976	0	0
lcl|NC_052668.1_mrna_XM_039448984.1_11142	2465	2266	7.31585	0.906819
lcl|NC_052668.1_ncrna_XR_005574947.1_11143	1812	1613	0	0
lcl|NC_052668.1_mrna_XM_011170200.1_11144	378	179	0	0
lcl|NC_052668.1_mrna_XM_011170196.3_11145	2390	2191	2	0.256391
lcl|NC_052668.1_miscrna_XR_005574742.1_11146	2859	2660	4.80877	0.507771
lcl|NC_052668.1_miscrna_XR_005574743.1_11147	1742	1543	0	0
lcl|NC_052668.1_mrna_XM_026141160.2_11148	2421	2222	18.1912	2.2995
lcl|NC_052668.1_mrna_XM_039449039.1_11149	1331	1132	29.2446	7.2563
lcl|NC_052668.1_mrna_XM_039449035.1_11150	4223	4024	0	0
lcl|NC_052668.1_mrna_XM_026132850.2_11151	4187	3988	0	0
lcl|NC_052668.1_mrna_XM_039449038.1_11152	2614	2415	8.93319	1.03898
lcl|NC_052668.1_mrna_XM_039449037.1_11153	2860	2661	0	0
lcl|NC_052668.1_mrna_XM_039449036.1_11154	2794	2595	3.22803	0.349395
lcl|NC_052668.1_mrna_XM_039449188.1_11155	1504	1305	8.47623e-05	1.82435e-05
lcl|NC_052668.1_mrna_XM_039449185.1_11156	2699	2500	0.538689	0.0605221
lcl|NC_052668.1_mrna_XM_039449187.1_11157	2699	2500	0.538689	0.0605221
lcl|NC_052668.1_mrna_XM_039449186.1_11158	2699	2500	0.538689	0.0605221
lcl|NC_052668.1_mrna_XM_039449190.1_11159	1084	885	0	0
lcl|NC_052668.1_mrna_XM_039449067.1_11160	7188	6989	30.0444	1.20744
lcl|NC_052668.1_mrna_XM_039449068.1_11161	1805	1606	184.986	32.3525
lcl|NC_052668.1_mrna_XM_039449297.1_11162	3620	3421	176.502	14.4914
lcl|NC_052668.1_mrna_XM_039449298.1_11163	3258	3059	61.3404	5.63226
lcl|NC_052668.1_mrna_XM_026140647.2_11164	2922	2723	249.22	25.707
lcl|NC_052668.1_mrna_XM_039448877.1_11165	3214	3015	566.78	52.8011
lcl|NC_052668.1_mrna_XM_039448880.1_11166	2728	2529	110.94	12.3213
lcl|NC_052668.1_mrna_XM_039448878.1_11167	2735	2536	346.717	38.4009
lcl|NC_052668.1_mrna_XM_039448879.1_11168	3503	3304	30.3742	2.58215
lcl|NC_052668.1_mrna_XM_039449658.1_11169	1825	1626	0	0
lcl|NC_052668.1_ncrna_XR_005574882.1_11170	461	262	46.3592	49.6994
lcl|NC_052668.1_mrna_XM_039448888.1_11171	507	308	0	0
lcl|NC_052668.1_mrna_XM_039449118.1_11172	3039	2840	56.6805	5.60571
lcl|NC_052668.1_mrna_XM_039449117.1_11173	3262	3063	1298.32	119.056
lcl|NC_052668.1_mrna_XM_039448955.1_11174	5411	5212	0	0
lcl|NC_052668.1_mrna_XM_039448958.1_11175	5050	4851	118.305	6.84995
lcl|NC_052668.1_mrna_XM_039448957.1_11176	5323	5124	76.5037	4.19362
lcl|NC_052668.1_mrna_XM_039448956.1_11177	5359	5160	84.1913	4.58282
lcl|NC_052668.1_mrna_XM_039449458.1_11178	1339	1140	0	0
lcl|NC_052668.1_mrna_XM_039449457.1_11179	1342	1143	23.552	5.78758
lcl|NC_052668.1_mrna_XM_039449456.1_11180	1373	1174	118.429	28.3339
lcl|NC_052668.1_miscrna_XR_005574819.1_11181	735	536	4.99484	2.61741
lcl|NC_052668.1_mrna_XM_026141347.2_11182	387	188	0	0
lcl|NC_052668.1_ncrna_XR_005574836.1_11183	259	60.0956	36	168.258
lcl|NC_052668.1_ncrna_XR_005574857.1_11184	239	41.1625	0.64527	4.40307
lcl|NC_052668.1_mrna_XM_039449047.1_11185	818	619	385.179	174.778
lcl|NC_052668.1_mrna_XM_039449046.1_11186	3849	3650	1.2291	0.0945822
lcl|NC_052668.1_mrna_XM_011158352.3_11187	3539	3340	779.821	65.5789
lcl|NC_052668.1_ncrna_XR_005574750.1_11188	1187	988	0	0
lcl|NC_052668.1_mrna_XM_026140131.2_11189	7113	6914	86.528	3.51514
lcl|NC_052668.1_mrna_XM_039448985.1_11190	2079	1880	124.472	18.5964
lcl|NC_052668.1_ncrna_XR_005574729.1_11191	2687	2488	10.0352	1.1329
lcl|NC_052668.1_mrna_XM_039450115.1_11192	3731	3532	0	0
lcl|NC_052668.1_mrna_XM_039450114.1_11193	3881	3682	0	0
lcl|NC_052668.1_mrna_XM_039450113.1_11194	3295	3096	6	0.544335
lcl|NC_052668.1_mrna_XM_039449050.1_11195	2928	2729	0	0
lcl|NC_052668.1_mrna_XM_039449048.1_11196	3423	3224	42.558	3.70768
lcl|NC_052668.1_mrna_XM_011174243.3_11197	3127	2928	707.442	67.8634
lcl|NC_052668.1_mrna_XM_039449049.1_11198	3035	2836	0	0
lcl|NC_052668.1_mrna_XM_039449612.1_11199	3799	3600	0	0
lcl|NC_052668.1_mrna_XM_039449610.1_11200	3919	3720	0	0
lcl|NC_052668.1_mrna_XM_039449949.1_11201	975	776	76.9823	27.8641
lcl|NC_052668.1_mrna_XM_039449950.1_11202	922	723	678.018	263.402
lcl|NC_052668.1_mrna_XM_039449946.1_11203	5118	4919	8.45219	0.482623
lcl|NC_052668.1_mrna_XM_026139694.2_11204	6730	6531	22.889	0.984381
lcl|NC_052668.1_mrna_XM_026139693.2_11205	5874	5675	144.391	7.14642
lcl|NC_052668.1_mrna_XM_026139695.2_11206	4454	4255	0	0
lcl|NC_052668.1_ncrna_XR_005574928.1_11207	239	41.1625	0.64527	4.40307
lcl|NC_052668.1_mrna_XM_039449947.1_11208	1477	1278	1530.27	336.32
lcl|NC_052668.1_mrna_XM_039449948.1_11209	1520	1321	0	0
lcl|NC_052668.1_ncrna_XR_005574859.1_11210	674	475	0	0
lcl|NC_052668.1_mrna_XM_039448889.1_11211	2061	1862	2.43399	0.367159
lcl|NC_052668.1_mrna_XM_011171107.3_11212	5022	4823	30.5737	1.78052
lcl|NC_052668.1_mrna_XM_026141249.2_11213	4923	4724	0	0
lcl|NC_052668.1_mrna_XM_011171108.3_11214	4391	4192	39.4263	2.64168
lcl|NC_052668.1_mrna_XM_011166616.1_11215	660	461	0	0
lcl|NC_052668.1_mrna_XM_011166617.1_11216	3363	3164	0	0
lcl|NC_052668.1_mrna_XM_011166618.1_11217	2769	2570	0	0
lcl|NC_052668.1_mrna_XM_026141319.2_11218	1065	866	0	0
lcl|NC_052668.1_mrna_XM_039448891.1_11219	465	266	0	0
lcl|NC_052668.1_mrna_XM_039450140.1_11220	568	369	0	0
lcl|NC_052668.1_mrna_XM_039448892.1_11221	5217	5018	0	0
lcl|NC_052668.1_mrna_XM_039448893.1_11222	947	748	0	0
lcl|NC_052668.1_mrna_XM_011174694.1_11223	1170	971	0	0
lcl|NC_052668.1_mrna_XM_011174693.1_11224	1422	1223	0	0
lcl|NC_052668.1_mrna_XM_039448901.1_11225	3018	2819	0	0
lcl|NC_052668.1_mrna_XM_026139297.2_11226	3182	2983	154.313	14.53
lcl|NC_052668.1_mrna_XM_026139302.2_11227	3582	3383	6.0467	0.502033
lcl|NC_052668.1_mrna_XM_026139298.2_11228	2193	1994	2176.79	306.625
lcl|NC_052668.1_mrna_XM_026139301.2_11229	2055	1856	147.243	22.2829
lcl|NC_052668.1_mrna_XM_026139299.2_11230	2077	1878	53.7946	8.04561
lcl|NC_052668.1_mrna_XM_026139300.2_11231	2067	1868	30.7765	4.62762
lcl|NC_052668.1_mrna_XM_039449052.1_11232	1961	1762	1505.38	239.97
lcl|NC_052668.1_mrna_XM_039449051.1_11233	2144	1945	44.6986	6.4549
lcl|NC_052668.1_mrna_XM_039449184.1_11234	2028	1829	310.254	47.6453
lcl|NC_052668.1_mrna_XM_011173933.3_11235	1968	1769	542.746	86.1756
lcl|NC_052668.1_mrna_XM_011176127.2_11236	879	680	0	0
lcl|NC_052668.1_ncrna_XR_005574764.1_11237	1155	956	0	0
lcl|NC_052668.1_mrna_XM_039449641.1_11238	1614	1415	0	0
lcl|NC_052668.1_ncrna_XR_851346.3_11239	1284	1085	0	0
lcl|NC_052668.1_ncrna_XR_005574884.1_11240	884	685	0	0
lcl|NC_052668.1_mrna_XM_026139296.2_11241	1828	1629	4.25796	0.734169
lcl|NC_052668.1_ncrna_XR_850979.3_11242	971	772	6	2.18298
lcl|NC_052668.1_mrna_XM_026139303.2_11243	2362	2163	19.5483	2.53845
lcl|NC_052668.1_mrna_XM_039449200.1_11244	2330	2131	2.4517	0.323147
lcl|NC_052668.1_ncrna_XR_005574767.1_11245	501	302	0	0
lcl|NC_052668.1_mrna_XM_039448903.1_11246	1143	944	0	0
lcl|NC_052668.1_ncrna_XR_005574949.1_11247	1125	926	0	0
lcl|NC_052668.1_trna_11248	75	3.59105	0	0
lcl|NC_052668.1_mrna_XM_011164057.1_11249	312	113	0	0
lcl|NC_052668.1_mrna_XM_039449609.1_11250	2037	1838	2	0.305633
lcl|NC_052668.1_mrna_XM_039449773.1_11251	756	557	0	0
lcl|NC_052668.1_mrna_XM_039448911.1_11252	630	431	1	0.651686
lcl|NC_052668.1_mrna_XM_039449684.1_11253	1971	1772	6	0.95105
lcl|NC_052668.1_mrna_XM_039449623.1_11254	2231	2032	0	0
lcl|NC_052668.1_mrna_XM_026140623.2_11255	2917	2718	0	0
lcl|NC_052668.1_ncrna_XR_003269548.2_11256	733	534	0	0
lcl|NC_052668.1_ncrna_XR_005574862.1_11257	642	443	0	0
lcl|NC_052668.1_mrna_XM_039448959.1_11258	2112	1913	0	0
lcl|NC_052668.1_mrna_XM_039449687.1_11259	1258	1059	0	0
lcl|NC_052668.1_mrna_XM_039449688.1_11260	1762	1563	2.12217	0.381361
lcl|NC_052668.1_mrna_XM_011176279.1_11261	984	785	0	0
lcl|NC_052668.1_mrna_XM_039448979.1_11262	6216	6017	19	0.88693
lcl|NC_052668.1_mrna_XM_039448978.1_11263	2610	2411	0	0
lcl|NC_052668.1_mrna_XM_039448977.1_11264	2579	2380	114	13.4538
lcl|NC_052668.1_mrna_XM_039448963.1_11265	798	599	1	0.468909
lcl|NC_052668.1_mrna_XM_039448964.1_11266	4668	4469	0	0
lcl|NC_052668.1_mrna_XM_026141959.2_11267	841	642	5	2.18751
lcl|NC_052668.1_ncrna_XR_005574844.1_11268	1011	812	0	0
lcl|NC_052668.1_ncrna_XR_005574845.1_11269	943	744	1	0.377522
lcl|NC_052668.1_mrna_XM_039449546.1_11270	1384	1185	6.5	1.54067
lcl|NC_052668.1_mrna_XM_039449547.1_11271	1384	1185	6.5	1.54067
lcl|NC_052668.1_mrna_XM_039449549.1_11272	1073	874	0	0
lcl|NC_052668.1_mrna_XM_039449548.1_11273	1125	926	0	0
lcl|NC_052668.1_mrna_XM_039449550.1_11274	1102	903	0	0
lcl|NC_052668.1_miscrna_XR_005574898.1_11275	1780	1581	0	0
lcl|NC_052668.1_mrna_XM_039449761.1_11276	2058	1859	0	0
lcl|NC_052668.1_mrna_XM_039449762.1_11277	1636	1437	4	0.781842
lcl|NC_052668.1_mrna_XM_039449763.1_11278	2038	1839	0	0
lcl|NC_052668.1_mrna_XM_039449760.1_11279	1867	1668	0	0
lcl|NC_052668.1_ncrna_XR_005574903.1_11280	289	90.0004	0	0
lcl|NC_052668.1_ncrna_XR_005574900.1_11281	2274	2075	0	0
lcl|NC_052668.1_mrna_XM_039449768.1_11282	3561	3362	0	0
lcl|NC_052668.1_miscrna_XR_003269518.2_11283	1495	1296	0	0
lcl|NC_052668.1_mrna_XM_026141220.2_11284	1805	1606	0	0
lcl|NC_052668.1_ncrna_XR_005574899.1_11285	207	19.5103	0	0
lcl|NC_052668.1_ncrna_XR_005574902.1_11286	312	113	0	0
lcl|NC_052668.1_ncrna_XR_005574901.1_11287	307	108	1.18221	3.07457
lcl|NC_052668.1_mrna_XM_039449764.1_11288	2853	2654	7.95105	0.841471
lcl|NC_052668.1_mrna_XM_039449766.1_11289	1803	1604	0	0
lcl|NC_052668.1_mrna_XM_039449767.1_11290	1355	1156	13.306	3.23299
lcl|NC_052668.1_mrna_XM_039449765.1_11291	1560	1361	4.28104	0.8835
lcl|NC_052668.1_mrna_XM_039448965.1_11292	915	716	0	0
lcl|NC_052668.1_mrna_XM_039449810.1_11293	1609	1410	0	0
lcl|NC_052668.1_mrna_XM_039449063.1_11294	1340	1141	0	0
lcl|NC_052668.1_ncrna_XR_005574752.1_11295	720	521	0	0
lcl|NC_052668.1_miscrna_XR_005574751.1_11296	2402	2203	63.3986	8.08315
lcl|NC_052668.1_mrna_XM_039449064.1_11297	1602	1403	0	0
lcl|NC_052668.1_mrna_XM_039449065.1_11298	1432	1233	0	0
lcl|NC_052668.1_mrna_XM_039449066.1_11299	1188	989	3.629	1.03064
lcl|NC_052668.1_mrna_XM_011174709.2_11300	2391	2192	0	0
lcl|NC_052668.1_mrna_XM_039448986.1_11301	2262	2063	0	0
lcl|NC_052668.1_mrna_XM_039448987.1_11302	1527	1328	0	0
lcl|NC_052668.1_mrna_XM_039449211.1_11303	1959	1760	0	0
lcl|NC_052668.1_mrna_XM_039449104.1_11304	2673	2474	597.553	67.8411
lcl|NC_052668.1_mrna_XM_026140825.2_11305	4236	4037	33.9226	2.36018
lcl|NC_052668.1_mrna_XM_039449105.1_11306	4337	4138	1.52412	0.103454
lcl|NC_052668.1_mrna_XM_039449100.1_11307	4391	4192	0	0
lcl|NC_052668.1_mrna_XM_039449101.1_11308	4413	4214	0	0
lcl|NC_052668.1_mrna_XM_039449103.1_11309	4283	4084	0	0
lcl|NC_052668.1_mrna_XM_039449102.1_11310	4305	4106	0	0
lcl|NC_052668.1_mrna_XM_039449447.1_11311	5042	4843	0	0
lcl|NC_052668.1_mrna_XM_039449450.1_11312	2246	2047	0	0
lcl|NC_052668.1_mrna_XM_039449448.1_11313	2476	2277	0	0
lcl|NC_052668.1_mrna_XM_039449449.1_11314	4739	4540	0	0
lcl|NC_052668.1_mrna_XM_039450116.1_11315	2687	2488	22.8707	2.58194
lcl|NC_052668.1_mrna_XM_026139852.2_11316	2724	2525	228.129	25.3767
lcl|NC_052668.1_mrna_XM_039450126.1_11317	1943	1744	2.24448e-08	3.61481e-09
lcl|NC_052668.1_mrna_XM_039450127.1_11318	1940	1741	51.2446	8.26733
lcl|NC_052668.1_mrna_XM_039450123.1_11319	1830	1631	690.842	118.971
lcl|NC_052668.1_mrna_XM_039450124.1_11320	1827	1628	71.1007	12.2669
lcl|NC_052668.1_mrna_XM_039450122.1_11321	1971	1772	23.8128	3.77453
lcl|NC_052668.1_mrna_XM_039450121.1_11322	2100	1901	0	0
lcl|NC_052668.1_mrna_XM_011159798.3_11323	1022	823	381.911	130.34
lcl|NC_052668.1_mrna_XM_011159799.3_11324	1028	829	164.533	55.7461
lcl|NC_052668.1_mrna_XM_039450128.1_11325	1062	863	0	0
lcl|NC_052668.1_mrna_XM_011159797.3_11326	1045	846	444.556	147.595
lcl|NC_052668.1_mrna_XM_039450129.1_11327	756	557	0	0
lcl|NC_052668.1_mrna_XM_026141375.2_11328	4548	4349	0	0
lcl|NC_052668.1_mrna_XM_039449365.1_11329	11783	11584	207.02	5.01961
lcl|NC_052668.1_mrna_XM_039449594.1_11330	4209	4010	5	0.35022
lcl|NC_052668.1_miscrna_XR_003269179.2_11331	2582	2383	3	0.353601
lcl|NC_052668.1_mrna_XM_039449361.1_11332	3363	3164	0	0
lcl|NC_052668.1_mrna_XM_011160082.3_11333	3302	3103	1	0.0905178
lcl|NC_052668.1_mrna_XM_039449363.1_11334	3598	3399	64.2486	5.30919
lcl|NC_052668.1_mrna_XM_011160084.3_11335	3831	3632	0	0
lcl|NC_052668.1_mrna_XM_039449362.1_11336	3457	3258	9	0.775903
lcl|NC_052668.1_mrna_XM_011160085.3_11337	2263	2064	6	0.816502
lcl|NC_052668.1_mrna_XM_039449364.1_11338	3198	2999	10	0.936568
lcl|NC_052668.1_mrna_XM_011172831.3_11339	1533	1334	265.588	55.9202
lcl|NC_052668.1_mrna_XM_026138913.2_11340	1498	1299	318.838	68.9409
lcl|NC_052668.1_mrna_XM_039449890.1_11341	1598	1399	443.574	89.0561
lcl|NC_052668.1_mrna_XM_011172828.3_11342	1664	1465	0	0
lcl|NC_052668.1_mrna_XM_026138912.2_11343	1749	1550	0	0
lcl|NC_052668.1_rrna_XR_003268781.2_11344	1921	1722	164.006	26.7511
lcl|NC_052668.1_mrna_XM_039449279.1_11345	2784	2585	2	0.217313
lcl|NC_052668.1_mrna_XM_011172188.3_11346	1676	1477	187	35.5612
lcl|NC_052668.1_mrna_XM_039449280.1_11347	563	364	0	0
lcl|NC_052668.1_ncrna_XR_005574883.1_11348	910	711	0	0
lcl|NC_052668.1_mrna_XM_039449662.1_11349	1240	1041	0	0
lcl|NC_052668.1_mrna_XM_039449213.1_11350	444	245	0	0
lcl|NC_052668.1_mrna_XM_011172944.1_11351	1233	1034	0	0
lcl|NC_052668.1_mrna_XM_011163986.2_11352	610	411	0	0
lcl|NC_052668.1_mrna_XM_011163936.3_11353	5247	5048	277.255	15.4268
lcl|NC_052668.1_mrna_XM_011163973.3_11354	5124	4925	0	0
lcl|NC_052668.1_mrna_XM_039449614.1_11355	8970	8771	6.40891e-05	2.05235e-06
lcl|NC_052668.1_mrna_XM_026139655.2_11356	8875	8676	3.55255	0.11501
lcl|NC_052668.1_mrna_XM_039449615.1_11357	4856	4657	0	0
lcl|NC_052668.1_mrna_XM_039449613.1_11358	7170	6971	2.19263	0.0883458
lcl|NC_052668.1_mrna_XM_039449616.1_11359	5660	5461	0	0
lcl|NC_052668.1_mrna_XM_039449551.1_11360	1432	1233	0	0
lcl|NC_052668.1_ncrna_XR_005574846.1_11361	886	687	2.62598	1.07362
lcl|NC_052668.1_mrna_XM_039449833.1_11362	880	681	0	0
lcl|NC_052668.1_mrna_XM_011173342.1_11363	402	203	0	0
lcl|NC_052668.1_mrna_XM_039449215.1_11364	1110	911	0	0
lcl|NC_052668.1_mrna_XM_039449216.1_11365	1050	851	0	0
lcl|NC_052668.1_mrna_XM_039449217.1_11366	2178	1979	0	0
lcl|NC_052668.1_mrna_XM_039449219.1_11367	486	287	0	0
lcl|NC_052668.1_mrna_XM_039449983.1_11368	2953	2754	0	0
lcl|NC_052668.1_mrna_XM_026139437.2_11369	479	280	0	0
lcl|NC_052668.1_mrna_XM_039449986.1_11370	761	562	0	0
lcl|NC_052668.1_ncrna_XR_005574934.1_11371	208	19.9697	0	0
lcl|NC_052668.1_mrna_XM_039449985.1_11372	1264	1065	4	1.05494
lcl|NC_052668.1_miscrna_XR_005574936.1_11373	1825	1626	0	0
lcl|NC_052668.1_miscrna_XR_005574935.1_11374	1702	1503	0	0
lcl|NC_052668.1_mrna_XM_039449220.1_11375	654	455	0	0
lcl|NC_052668.1_mrna_XM_039449221.1_11376	570	371	0	0
lcl|NC_052668.1_mrna_XM_039449223.1_11377	2844	2645	0	0
lcl|NC_052668.1_mrna_XM_039449984.1_11378	1403	1204	0	0
lcl|NC_052668.1_mrna_XM_039449809.1_11379	444	245	0	0
lcl|NC_052668.1_mrna_XM_039449224.1_11380	591	392	0	0
lcl|NC_052668.1_mrna_XM_039449225.1_11381	621	422	0	0
lcl|NC_052668.1_mrna_XM_039449226.1_11382	724	525	0	0
lcl|NC_052668.1_mrna_XM_039449227.1_11383	1872	1673	0	0
lcl|NC_052668.1_mrna_XM_039449228.1_11384	5232	5033	0	0
lcl|NC_052668.1_mrna_XM_039450099.1_11385	2649	2450	0	0
lcl|NC_052668.1_mrna_XM_039450091.1_11386	3133	2934	0	0
lcl|NC_052668.1_mrna_XM_039450093.1_11387	3189	2990	0	0
lcl|NC_052668.1_mrna_XM_039450089.1_11388	3267	3068	0	0
lcl|NC_052668.1_mrna_XM_039450092.1_11389	3354	3155	0	0
lcl|NC_052668.1_mrna_XM_039450090.1_11390	3488	3289	2.57882	0.220229
lcl|NC_052668.1_mrna_XM_039450098.1_11391	2521	2322	0	0
lcl|NC_052668.1_mrna_XM_039450097.1_11392	3907	3708	0	0
lcl|NC_052668.1_miscrna_XR_005574951.1_11393	3148	2949	0	0
lcl|NC_052668.1_mrna_XM_039450102.1_11394	4241	4042	0	0
lcl|NC_052668.1_mrna_XM_026133131.2_11395	3464	3265	9	0.774239
lcl|NC_052668.1_mrna_XM_039450094.1_11396	3322	3123	0	0
lcl|NC_052668.1_miscrna_XR_005574952.1_11397	4271	4072	0	0
lcl|NC_052668.1_mrna_XM_039450096.1_11398	4335	4136	0	0
lcl|NC_052668.1_mrna_XM_039450095.1_11399	3739	3540	0	0
lcl|NC_052668.1_mrna_XM_039450101.1_11400	2790	2591	55	5.96226
lcl|NC_052668.1_mrna_XM_026141238.2_11401	1082	883	0	0
lcl|NC_052668.1_mrna_XM_039450105.1_11402	682	483	1.27067	0.738927
lcl|NC_052668.1_mrna_XM_039449229.1_11403	1050	851	0	0
lcl|NC_052668.1_mrna_XM_039450103.1_11404	871	672	0	0
lcl|NC_052668.1_mrna_XM_039449675.1_11405	1830	1631	0	0
lcl|NC_052668.1_mrna_XM_026140931.2_11406	1881	1682	5	0.834949
lcl|NC_052668.1_miscrna_XR_005574874.1_11407	1869	1670	0	0
lcl|NC_052668.1_miscrna_XR_005574873.1_11408	1919	1720	0	0
lcl|NC_052668.1_mrna_XM_039449867.1_11409	7311	7112	112.975	4.46175
lcl|NC_052668.1_mrna_XM_039449859.1_11410	6287	6088	316.345	14.5949
lcl|NC_052668.1_mrna_XM_039449857.1_11411	6602	6403	7.1988	0.315786
lcl|NC_052668.1_mrna_XM_039449858.1_11412	6451	6252	1.7169e-07	7.71334e-09
lcl|NC_052668.1_mrna_XM_039449856.1_11413	6605	6406	0	0
lcl|NC_052668.1_mrna_XM_039449855.1_11414	6608	6409	0	0
lcl|NC_052668.1_mrna_XM_039449854.1_11415	6614	6415	0	0
lcl|NC_052668.1_mrna_XM_039449851.1_11416	6617	6418	0	0
lcl|NC_052668.1_mrna_XM_039449850.1_11417	2862	2663	0	0
lcl|NC_052668.1_mrna_XM_039449860.1_11418	1805	1606	24.2207	4.236
lcl|NC_052668.1_mrna_XM_039449853.1_11419	2147	1948	51.0767	7.3646
lcl|NC_052668.1_mrna_XM_039449852.1_11420	2061	1862	0	0
lcl|NC_052668.1_mrna_XM_039449862.1_11421	1954	1755	0	0
lcl|NC_052668.1_mrna_XM_039449863.1_11422	1962	1763	0	0
lcl|NC_052668.1_mrna_XM_039449864.1_11423	1946	1747	0	0
lcl|NC_052668.1_mrna_XM_039449865.1_11424	1860	1661	102.711	17.3686
lcl|NC_052668.1_miscrna_XR_005574920.1_11425	1843	1644	16.3972	2.80146
lcl|NC_052668.1_mrna_XM_039449866.1_11426	1712	1513	109.346	20.2992
lcl|NC_052668.1_mrna_XM_039449861.1_11427	1876	1677	0	0
lcl|NC_052668.1_mrna_XM_026141594.2_11428	768	569	0	0
lcl|NC_052668.1_mrna_XM_039449332.1_11429	1897	1698	0	0
lcl|NC_052668.1_mrna_XM_039449334.1_11430	755	556	0	0
lcl|NC_052668.1_mrna_XM_039449231.1_11431	1995	1796	0	0
lcl|NC_052668.1_mrna_XM_039449232.1_11432	1125	926	0	0
lcl|NC_052668.1_mrna_XM_039449233.1_11433	546	347	0	0
lcl|NC_052668.1_mrna_XM_026129886.2_11434	870	671	0	0
lcl|NC_052668.1_mrna_XM_039449488.1_11435	1600	1401	0	0
lcl|NC_052668.1_mrna_XM_039449487.1_11436	1686	1487	0	0
lcl|NC_052668.1_mrna_XM_026141233.2_11437	2391	2192	3.77569	0.483807
lcl|NC_052668.1_miscrna_XR_005574808.1_11438	2728	2529	0	0
lcl|NC_052668.1_mrna_XM_011168939.3_11439	3125	2926	0	0
lcl|NC_052668.1_mrna_XM_039449366.1_11440	913	714	0	0
lcl|NC_052668.1_mrna_XM_039449235.1_11441	969	770	0	0
lcl|NC_052668.1_ncrna_XR_005574760.1_11442	1663	1464	4	0.767423
lcl|NC_052668.1_mrna_XM_039449236.1_11443	495	296	2	1.89782
lcl|NC_052668.1_mrna_XM_011170526.3_11444	6245	6046	82	3.80944
lcl|NC_052668.1_mrna_XM_011172581.3_11445	625	426	192	126.592
lcl|NC_052668.1_mrna_XM_039449554.1_11446	625	426	7.91421	5.21811
lcl|NC_052668.1_mrna_XM_039449553.1_11447	738	539	6.26845	3.26653
lcl|NC_052668.1_mrna_XM_039449552.1_11448	1049	850	98.3656	32.5042
lcl|NC_052668.1_mrna_XM_039449299.1_11449	3314	3115	3.05325e-05	2.75309e-06
lcl|NC_052668.1_miscrna_XR_005574783.1_11450	3272	3073	25	2.28503
lcl|NC_052668.1_mrna_XM_039449995.1_11451	2624	2425	898.084	104.021
lcl|NC_052668.1_mrna_XM_039449996.1_11452	2462	2263	128.916	16.0006
lcl|NC_052668.1_ncrna_XR_005574921.1_11453	879	680	6.09348	2.51693
lcl|NC_052668.1_mrna_XM_026136153.2_11454	796	597	3.70397	1.74264
lcl|NC_052668.1_mrna_XM_039449876.1_11455	1436	1237	87.5957	19.8897
lcl|NC_052668.1_mrna_XM_039449880.1_11456	1800	1601	2.42276	0.425045
lcl|NC_052668.1_mrna_XM_039449879.1_11457	1407	1208	0	0
lcl|NC_052668.1_mrna_XM_039449878.1_11458	1387	1188	0	0
lcl|NC_052668.1_mrna_XM_039449877.1_11459	1762	1563	0	0
lcl|NC_052668.1_mrna_XM_011170163.3_11460	3064	2865	1518	148.821
lcl|NC_052668.1_ncrna_XR_005574731.1_11461	4274	4075	1	0.0689268
lcl|NC_052668.1_ncrna_XR_005574732.1_11462	8425	8226	2	0.06829
lcl|NC_052668.1_ncrna_XR_003269490.2_11463	8880	8681	0	0
lcl|NC_052668.1_ncrna_XR_005574730.1_11464	8972	8773	0	0
lcl|NC_052668.1_mrna_XM_026137952.2_11465	1841	1642	8.85974	1.51553
lcl|NC_052668.1_mrna_XM_026139771.2_11466	1534	1335	29.8169	6.27332
lcl|NC_052668.1_mrna_XM_026139772.2_11467	1524	1325	1399.18	296.602
lcl|NC_052668.1_ncrna_XR_003269323.2_11468	1017	818	2	0.68674
lcl|NC_052668.1_mrna_XM_011171628.3_11469	1589	1390	600	121.242
lcl|NC_052668.1_mrna_XM_039450137.1_11470	10519	10320	3.71562	0.101127
lcl|NC_052668.1_mrna_XM_039450136.1_11471	3525	3326	119.284	10.0734
lcl|NC_052668.1_mrna_XM_011171630.3_11472	3484	3285	812.251	69.4498
lcl|NC_052668.1_mrna_XM_039449011.1_11473	3702	3503	0	0
lcl|NC_052668.1_mrna_XM_039449010.1_11474	3051	2852	25.7488	2.53584
lcl|NC_052668.1_mrna_XM_039449626.1_11475	1649	1450	16.7064	3.23617
lcl|NC_052668.1_mrna_XM_039449624.1_11476	1741	1542	0	0
lcl|NC_052668.1_mrna_XM_039449625.1_11477	1377	1178	0	0
lcl|NC_052668.1_miscrna_XR_005574881.1_11478	451	252	0	0
lcl|NC_052668.1_miscrna_XR_005574879.1_11479	452	253	0	0
lcl|NC_052668.1_miscrna_XR_005574880.1_11480	410	211	0	0
lcl|NC_052668.1_mrna_XM_039449680.1_11481	743	544	0	0
lcl|NC_052668.1_mrna_XM_039449679.1_11482	748	549	0	0
lcl|NC_052668.1_mrna_XM_039449678.1_11483	1863	1664	0.00419621	0.000708304
lcl|NC_052668.1_mrna_XM_039449677.1_11484	1852	1653	3.25063	0.552344
lcl|NC_052668.1_mrna_XM_039449676.1_11485	1880	1681	1.56755e-07	2.61921e-08
lcl|NC_052668.1_miscrna_XR_005574878.1_11486	450	251	0	0
lcl|NC_052668.1_miscrna_XR_005574876.1_11487	468	269	0	0
lcl|NC_052668.1_miscrna_XR_005574875.1_11488	451	252	0	0
lcl|NC_052668.1_miscrna_XR_005574877.1_11489	409	210	0	0
lcl|NC_052668.1_mrna_XM_039449911.1_11490	3578	3379	0.228831	0.0190214
lcl|NC_052668.1_mrna_XM_039449913.1_11491	3476	3277	23.952	2.05297
lcl|NC_052668.1_mrna_XM_039449916.1_11492	3152	2953	0.5059	0.048119
lcl|NC_052668.1_mrna_XM_039449912.1_11493	3628	3429	9.14288e-08	7.48913e-09
lcl|NC_052668.1_mrna_XM_039449910.1_11494	3564	3365	14.7247	1.22907
lcl|NC_052668.1_mrna_XM_039449914.1_11495	3462	3263	26.5686	2.28701
lcl|NC_052668.1_mrna_XM_039449915.1_11496	3376	3177	0	0
lcl|NC_052668.1_mrna_XM_039449917.1_11497	3138	2939	59.4452	5.68111
lcl|NC_052668.1_mrna_XM_026131506.2_11498	1358	1159	0	0
lcl|NC_052668.1_mrna_XM_039449918.1_11499	3085	2886	5.57469	0.54255
lcl|NC_052668.1_mrna_XM_039449921.1_11500	4383	4184	2.23126e-05	1.49787e-06
lcl|NC_052668.1_mrna_XM_039449919.1_11501	4237	4038	17.7522	1.23481
lcl|NC_052668.1_mrna_XM_039449920.1_11502	3588	3389	0	0
lcl|NC_052668.1_ncrna_XR_005574925.1_11503	296	97.0001	0	0
lcl|NC_052668.1_ncrna_XR_005574926.1_11504	6466	6267	3	0.134455
lcl|NC_052668.1_mrna_XM_039449237.1_11505	750	551	0	0
lcl|NC_052668.1_mrna_XM_039449238.1_11506	2307	2108	0	0
lcl|NC_052668.1_mrna_XM_039449832.1_11507	1305	1106	0	0
lcl|NC_052668.1_ncrna_XR_005574773.1_11508	2121	1922	1	0.146138
lcl|NC_052668.1_ncrna_XR_005574774.1_11509	938	739	0	0
lcl|NC_052668.1_mrna_XM_039449240.1_11510	1518	1319	1	0.212947
lcl|NC_052668.1_mrna_XM_039450107.1_11511	5390	5191	69.0458	3.73596
lcl|NC_052668.1_mrna_XM_039450106.1_11512	5387	5188	316.848	17.1541
lcl|NC_052668.1_mrna_XM_039450108.1_11513	5949	5750	8.10585	0.395956
lcl|NC_052668.1_mrna_XM_039450109.1_11514	5510	5311	0	0
lcl|NC_052668.1_mrna_XM_011164816.1_11515	351	152	0	0
lcl|NC_052668.1_mrna_XM_039449830.1_11516	2841	2642	0	0
lcl|NC_052668.1_mrna_XM_039449831.1_11517	2720	2521	0	0
lcl|NC_052668.1_mrna_XM_039449828.1_11518	2719	2520	0	0
lcl|NC_052668.1_mrna_XM_039449827.1_11519	1521	1322	0	0
lcl|NC_052668.1_mrna_XM_039449454.1_11520	6269	6070	0	0
lcl|NC_052668.1_mrna_XM_039449453.1_11521	6477	6278	0	0
lcl|NC_052668.1_mrna_XM_039449451.1_11522	6542	6343	0	0
lcl|NC_052668.1_mrna_XM_039449455.1_11523	1424	1225	0	0
lcl|NC_052668.1_mrna_XM_039449241.1_11524	1095	896	1	0.313478
lcl|NC_052668.1_mrna_XM_039449750.1_11525	2895	2696	0	0
lcl|NC_052668.1_mrna_XM_026133864.1_11526	1008	809	0	0
lcl|NC_052668.1_mrna_XM_039449640.1_11527	1177	978	1.49396	0.429059
lcl|NC_052668.1_mrna_XM_039449639.1_11528	2098	1899	22.1227	3.27212
lcl|NC_052668.1_mrna_XM_039449559.1_11529	2413	2214	0	0
lcl|NC_052668.1_mrna_XM_039449560.1_11530	2381	2182	25.9215	3.33673
lcl|NC_052668.1_ncrna_XR_005574848.1_11531	253	54.2236	0	0
lcl|NC_052668.1_ncrna_XR_003268959.2_11532	738	539	27.3265	14.24
lcl|NC_052668.1_mrna_XM_011174880.3_11533	4365	4166	545.586	36.7841
lcl|NC_052668.1_mrna_XM_026138213.2_11534	3943	3744	168.414	12.6345
lcl|NC_052668.1_mrna_XM_026138214.2_11535	2596	2397	0	0
lcl|NC_052668.1_miscrna_XR_005574820.1_11536	1826	1627	741.441	127.998
lcl|NC_052668.1_mrna_XM_039449459.1_11537	775	576	39.819	19.4171
lcl|NC_052668.1_ncrna_XR_005574821.1_11538	722	523	4.18293	2.24644
lcl|NC_052668.1_miscrna_XR_005574826.1_11539	4728	4529	0	0
lcl|NC_052668.1_miscrna_XR_005574828.1_11540	4694	4495	0	0
lcl|NC_052668.1_miscrna_XR_005574829.1_11541	4473	4274	0	0
lcl|NC_052668.1_miscrna_XR_005574827.1_11542	5048	4849	0.00466395	0.000270158
lcl|NC_052668.1_miscrna_XR_005574830.1_11543	5014	4815	5.41769	0.316034
lcl|NC_052668.1_miscrna_XR_005574823.1_11544	4371	4172	0	0
lcl|NC_052668.1_miscrna_XR_005574825.1_11545	4001	3802	20.804	1.53692
lcl|NC_052668.1_miscrna_XR_005574824.1_11546	3774	3575	578.961	45.4871
lcl|NC_052668.1_mrna_XM_039449476.1_11547	1428	1229	48.934	11.1834
lcl|NC_052668.1_mrna_XM_039449470.1_11548	11924	11725	0	0
lcl|NC_052668.1_mrna_XM_039449471.1_11549	11655	11456	12.9809	0.318264
lcl|NC_052668.1_mrna_XM_039449472.1_11550	9711	9512	0	0
lcl|NC_052668.1_mrna_XM_039449473.1_11551	8908	8709	0	0
lcl|NC_052668.1_mrna_XM_039449469.1_11552	8978	8779	0	0
lcl|NC_052668.1_mrna_XM_039449468.1_11553	8896	8697	0	0
lcl|NC_052668.1_miscrna_XR_005574822.1_11554	8545	8346	0	0
lcl|NC_052668.1_miscrna_XR_005574833.1_11555	820	621	18.7798	8.49405
lcl|NC_052668.1_miscrna_XR_005574831.1_11556	761	562	10.3213	5.15839
lcl|NC_052668.1_miscrna_XR_851289.3_11557	676	477	183.568	108.092
lcl|NC_052668.1_mrna_XM_039449474.1_11558	8677	8478	0	0
lcl|NC_052668.1_miscrna_XR_005574832.1_11559	415	216	0	0
lcl|NC_052668.1_mrna_XM_039449461.1_11560	3460	3261	319.319	27.5036
lcl|NC_052668.1_trna_11561	76	3.6135	0	0
lcl|NC_052668.1_ncrna_XR_005574834.1_11562	1829	1630	3	0.516951
lcl|NC_052668.1_mrna_XM_039449467.1_11563	3279	3080	27.566	2.51385
lcl|NC_052668.1_mrna_XM_039449462.1_11564	3162	2963	0	0
lcl|NC_052668.1_mrna_XM_039449466.1_11565	3158	2959	0	0
lcl|NC_052668.1_mrna_XM_011174875.3_11566	1753	1554	1397.92	252.665
lcl|NC_052668.1_mrna_XM_039449463.1_11567	3131	2932	2.06069	0.197408
lcl|NC_052668.1_mrna_XM_039449464.1_11568	2991	2792	3.73337	0.375579
lcl|NC_052668.1_mrna_XM_039449465.1_11569	3114	2915	3.72374	0.358803
lcl|NC_052668.1_mrna_XM_039449661.1_11570	1111	912	0	0
lcl|NC_052668.1_mrna_XM_039449659.1_11571	1305	1106	0	0
lcl|NC_052668.1_mrna_XM_039449660.1_11572	1185	986	0	0
lcl|NC_052668.1_ncrna_XR_005574870.1_11573	288	89.0004	0	0
lcl|NC_052668.1_ncrna_XR_005574835.1_11574	1085	886	56.4951	17.9099
lcl|NC_052668.1_mrna_XM_039449486.1_11575	1383	1184	0.000840188	0.000199315
lcl|NC_052668.1_mrna_XM_039449485.1_11576	1528	1329	8.42414	1.78039
lcl|NC_052668.1_mrna_XM_039449483.1_11577	1466	1267	1.89111e-06	4.19234e-07
lcl|NC_052668.1_mrna_XM_039449482.1_11578	1611	1412	0.0222451	0.00442502
lcl|NC_052668.1_mrna_XM_026138215.2_11579	3179	2980	2	0.188508
lcl|NC_052668.1_mrna_XM_026130047.2_11580	840	641	0	0
lcl|NC_052668.1_mrna_XM_039449335.1_11581	2694	2495	0.0933367	0.0105075
lcl|NC_052668.1_mrna_XM_039449341.1_11582	1974	1775	0	0
lcl|NC_052668.1_mrna_XM_039449338.1_11583	2087	1888	0	0
lcl|NC_052668.1_mrna_XM_039449340.1_11584	1975	1776	0	0
lcl|NC_052668.1_mrna_XM_039449336.1_11585	2088	1889	0	0
lcl|NC_052668.1_mrna_XM_039449339.1_11586	1938	1739	0	0
lcl|NC_052668.1_mrna_XM_039449337.1_11587	1849	1650	2.83993	0.483437
lcl|NC_052668.1_mrna_XM_039449242.1_11588	536	337	0.333186	0.277698
lcl|NC_052668.1_mrna_XM_039449205.1_11589	1139	940	3	0.896415
lcl|NC_052668.1_miscrna_XR_005574768.1_11590	1891	1692	3.27425	0.543535
lcl|NC_052668.1_mrna_XM_039449209.1_11591	743	544	0	0
lcl|NC_052668.1_mrna_XM_039449208.1_11592	746	547	0	0
lcl|NC_052668.1_mrna_XM_039449210.1_11593	641	442	0	0
lcl|NC_052668.1_mrna_XM_039449207.1_11594	2685	2486	3.50095	0.39555
lcl|NC_052668.1_mrna_XM_039449206.1_11595	3359	3160	0	0
lcl|NC_052668.1_mrna_XM_039449243.1_11596	1129	930	0	0
lcl|NC_052668.1_mrna_XM_039449369.1_11597	501	302	27.5817	25.6525
lcl|NC_052668.1_mrna_XM_039449368.1_11598	968	769	6.43143	2.34908
lcl|NC_052668.1_mrna_XM_039449367.1_11599	610	411	0	0
lcl|NC_052668.1_mrna_XM_039449757.1_11600	1986	1787	0	0
lcl|NC_052668.1_mrna_XM_011166694.1_11601	1044	845	0	0
lcl|NC_052668.1_mrna_XM_039449197.1_11602	15035	14836	0	0
lcl|NC_052668.1_mrna_XM_039449198.1_11603	14936	14737	0	0
lcl|NC_052668.1_mrna_XM_039449199.1_11604	12844	12645	14	0.310975
lcl|NC_052668.1_mrna_XM_011166691.3_11605	4434	4235	0	0
lcl|NC_052668.1_mrna_XM_011166692.3_11606	7722	7523	8.02969	0.299794
lcl|NC_052668.1_mrna_XM_026137145.2_11607	2067	1868	0	0
lcl|NC_052668.1_mrna_XM_026137141.2_11608	1898	1699	16	2.6451
lcl|NC_052668.1_mrna_XM_011165361.3_11609	7364	7165	0	0
lcl|NC_052668.1_mrna_XM_011165362.3_11610	5529	5330	0	0
lcl|NC_052668.1_mrna_XM_011165359.3_11611	2454	2255	607.301	75.6438
lcl|NC_052668.1_mrna_XM_039449446.1_11612	1510	1311	27.8089	5.95795
lcl|NC_052668.1_mrna_XM_011165360.3_11613	1563	1364	122.89	25.3056
lcl|NC_052668.1_mrna_XM_039449195.1_11614	4102	3903	5.53132	0.398058
lcl|NC_052668.1_mrna_XM_026137139.2_11615	4600	4401	15.2845	0.975477
lcl|NC_052668.1_mrna_XM_011165357.3_11616	4427	4228	0	0
lcl|NC_052668.1_mrna_XM_011165356.2_11617	4583	4384	11.1841	0.716552
lcl|NC_052668.1_mrna_XM_026137143.1_11618	576	377	0	0
lcl|NC_052668.1_ncrna_XR_005574802.1_11619	1352	1153	0	0
lcl|NC_052668.1_ncrna_XR_005574801.1_11620	1469	1270	26.4573	5.85137
lcl|NC_052668.1_ncrna_XR_005574803.1_11621	1254	1055	0	0
lcl|NC_052668.1_ncrna_XR_005574800.1_11622	921	722	356.582	138.72
lcl|NC_052668.1_ncrna_XR_005574799.1_11623	928	729	0.0560169	0.0215828
lcl|NC_052668.1_ncrna_XR_005574798.1_11624	928	729	0.0560169	0.0215828
lcl|NC_052668.1_mrna_XM_011162708.2_11625	1041	842	1118	372.946
lcl|NC_052668.1_mrna_XM_011165353.3_11626	2863	2664	57.2189	6.03283
lcl|NC_052668.1_mrna_XM_026137138.2_11627	1473	1274	40	8.81873
lcl|NC_052668.1_mrna_XM_011165350.2_11628	1377	1178	3324	792.559
lcl|NC_052668.1_mrna_XM_026137135.2_11629	1467	1268	445.653	98.7173
lcl|NC_052668.1_mrna_XM_026137136.2_11630	2108	1909	30.4872	4.48566
lcl|NC_052668.1_mrna_XM_011165365.1_11631	843	644	0	0
lcl|NC_052668.1_mrna_XM_011165769.2_11632	732	533	0	0
lcl|NC_052668.1_mrna_XM_039449491.1_11633	4601	4402	3.00988	0.19205
lcl|NC_052668.1_mrna_XM_039449492.1_11634	5722	5523	0	0
lcl|NC_052668.1_mrna_XM_039449496.1_11635	3690	3491	0	0
lcl|NC_052668.1_mrna_XM_039449493.1_11636	4400	4201	0	0
lcl|NC_052668.1_mrna_XM_039449494.1_11637	3914	3715	0	0
lcl|NC_052668.1_mrna_XM_039449495.1_11638	4482	4283	0	0
lcl|NC_052668.1_mrna_XM_011173274.3_11639	5182	4983	9.57142	0.539512
lcl|NC_052668.1_mrna_XM_039449526.1_11640	688	489	0	0
lcl|NC_052668.1_mrna_XM_039449528.1_11641	724	525	1.80746	0.966995
lcl|NC_052668.1_mrna_XM_039449527.1_11642	726	527	0.0398843	0.0212573
lcl|NC_052668.1_mrna_XM_039449508.1_11643	1433	1234	0	0
lcl|NC_052668.1_mrna_XM_039449509.1_11644	1624	1425	0	0
lcl|NC_052668.1_mrna_XM_039449507.1_11645	1591	1392	4.83681	0.975968
lcl|NC_052668.1_mrna_XM_039449513.1_11646	3816	3617	0	0
lcl|NC_052668.1_mrna_XM_026130807.2_11647	2416	2217	113.991	14.4418
lcl|NC_052668.1_mrna_XM_026130806.2_11648	2274	2075	55.4293	7.50303
lcl|NC_052668.1_mrna_XM_039449498.1_11649	2362	2163	0	0
lcl|NC_052668.1_mrna_XM_039449497.1_11650	2213	2014	0	0
lcl|NC_052668.1_mrna_XM_039449500.1_11651	2116	1917	0.435235	0.0637701
lcl|NC_052668.1_mrna_XM_039449499.1_11652	3398	3199	0	0
lcl|NC_052668.1_mrna_XM_039449501.1_11653	2705	2506	0	0
lcl|NC_052668.1_mrna_XM_039449503.1_11654	1792	1593	1.46728e-06	2.5871e-07
lcl|NC_052668.1_mrna_XM_039449502.1_11655	1791	1592	0.00733244	0.00129366
lcl|NC_052668.1_mrna_XM_026130809.2_11656	1876	1677	2.17985e-07	3.65098e-08
lcl|NC_052668.1_mrna_XM_011168915.3_11657	1954	1755	16.5078	2.64196
lcl|NC_052668.1_mrna_XM_039449504.1_11658	1673	1474	41.6296	7.93269
lcl|NC_052668.1_ncrna_XR_005574838.1_11659	1195	996	0	0
lcl|NC_052668.1_ncrna_XR_851002.3_11660	662	463	1	0.606645
lcl|NC_052668.1_mrna_XM_039449524.1_11661	3415	3216	1	0.0873373
lcl|NC_052668.1_mrna_XM_039449505.1_11662	2413	2214	304.99	38.6922
lcl|NC_052668.1_mrna_XM_039449506.1_11663	2140	1941	0	0
lcl|NC_052668.1_mrna_XM_026130768.2_11664	3245	3046	114.794	10.5854
lcl|NC_052668.1_mrna_XM_011163117.3_11665	3358	3159	95.1693	8.46181
lcl|NC_052668.1_mrna_XM_011163119.3_11666	1092	893	27	8.49235
lcl|NC_052668.1_mrna_XM_026130775.2_11667	7347	7148	129	5.06898
lcl|NC_052668.1_mrna_XM_011163120.3_11668	2759	2560	3094	339.466
lcl|NC_052668.1_mrna_XM_011163121.3_11669	2229	2030	936	129.508
lcl|NC_052668.1_ncrna_XR_850790.3_11670	1965	1766	3.0138	0.479335
lcl|NC_052668.1_mrna_XM_039449517.1_11671	1815	1616	10.1677	1.76725
lcl|NC_052668.1_mrna_XM_039449522.1_11672	1264	1065	0	0
lcl|NC_052668.1_mrna_XM_039449521.1_11673	1267	1068	0	0
lcl|NC_052668.1_mrna_XM_039449520.1_11674	1281	1082	0	0
lcl|NC_052668.1_mrna_XM_039449519.1_11675	1322	1123	0	0
lcl|NC_052668.1_mrna_XM_039449518.1_11676	1342	1143	0	0
lcl|NC_052668.1_ncrna_XR_003268245.2_11677	187	12.6786	0	0
lcl|NC_052668.1_mrna_XM_039449525.1_11678	1460	1261	0	0
lcl|NC_052668.1_mrna_XM_011163122.3_11679	1528	1329	0	0
lcl|NC_052668.1_ncrna_XR_005574839.1_11680	3282	3083	3	0.273315
lcl|NC_052668.1_ncrna_XR_005574840.1_11681	726	527	0	0
lcl|NC_052668.1_mrna_XM_026130830.2_11682	1574	1375	0	0
lcl|NC_052668.1_mrna_XM_039449514.1_11683	1008	809	1.05632	0.366744
lcl|NC_052668.1_mrna_XM_039449515.1_11684	836	637	0	0
lcl|NC_052668.1_miscrna_XR_005574837.1_11685	875	676	0	0
lcl|NC_052668.1_mrna_XM_039449516.1_11686	777	578	0	0
lcl|NC_052668.1_mrna_XM_039449510.1_11687	1534	1335	4.57192	0.961907
lcl|NC_052668.1_mrna_XM_039449511.1_11688	1242	1043	2.53027	0.681394
lcl|NC_052668.1_mrna_XM_039449512.1_11689	1159	960	0	0
lcl|NC_052668.1_mrna_XM_039449489.1_11690	3857	3658	0	0
lcl|NC_052668.1_mrna_XM_039449771.1_11691	1150	951	0	0
lcl|NC_052668.1_mrna_XM_039449770.1_11692	1422	1223	0	0
lcl|NC_052668.1_mrna_XM_039449772.1_11693	1279	1080	0	0
lcl|NC_052668.1_mrna_XM_011165630.3_11694	1557	1358	0	0
lcl|NC_052668.1_mrna_XM_039449811.1_11695	1509	1310	69	14.7943
lcl|NC_052668.1_mrna_XM_039449812.1_11696	1779	1580	0	0
lcl|NC_052668.1_miscrna_XR_005574770.1_11697	8685	8486	307.925	10.192
lcl|NC_052668.1_mrna_XM_026136311.2_11698	12810	12611	37.8	0.841894
lcl|NC_052668.1_mrna_XM_011177075.3_11699	1484	1285	1008.19	220.371
lcl|NC_052668.1_mrna_XM_026136312.2_11700	1375	1176	52.0102	12.4221
lcl|NC_052668.1_mrna_XM_026136309.2_11701	5035	4836	106.484	6.18462
lcl|NC_052668.1_mrna_XM_026136310.2_11702	5048	4849	7.20932	0.417597
lcl|NC_052668.1_ncrna_XR_005574919.1_11703	386	187	0	0
lcl|NC_052668.1_mrna_XM_039449774.1_11704	1561	1362	0	0
lcl|NC_052668.1_mrna_XM_039449934.1_11705	1310	1111	0	0
lcl|NC_052668.1_mrna_XM_039449933.1_11706	2929	2730	0	0
lcl|NC_052668.1_mrna_XM_039449848.1_11707	1577	1378	0	0
lcl|NC_052668.1_mrna_XM_039449875.1_11708	2084	1885	0	0
lcl|NC_052668.1_mrna_XM_039449244.1_11709	1275	1076	0	0
lcl|NC_052668.1_mrna_XM_039449682.1_11710	1718	1519	0	0
lcl|NC_052668.1_mrna_XM_011177073.3_11711	1970	1771	26	4.12354
lcl|NC_052668.1_mrna_XM_039449300.1_11712	2092	1893	0	0
lcl|NC_052668.1_ncrna_XR_005574784.1_11713	5963	5764	3	0.146188
lcl|NC_052668.1_miscrna_XR_005574915.1_11714	6220	6021	0	0
lcl|NC_052668.1_mrna_XM_026136305.2_11715	7701	7502	1.84611	0.0691189
lcl|NC_052668.1_mrna_XM_026136306.2_11716	7692	7493	6.15389	0.23068
lcl|NC_052668.1_mrna_XM_039449813.1_11717	7000	6801	140.242	5.79191
lcl|NC_052668.1_mrna_XM_026136308.2_11718	7034	6835	63.0985	2.59296
lcl|NC_052668.1_mrna_XM_011177069.3_11719	6903	6704	48.6592	2.03867
lcl|NC_052668.1_mrna_XM_011177065.3_11720	4115	3916	466.875	33.4868
lcl|NC_052668.1_mrna_XM_011177063.3_11721	363	164	125.846	215.531
lcl|NC_052668.1_mrna_XM_011177066.3_11722	3174	2975	13.0201	1.22926
lcl|NC_052668.1_mrna_XM_039449824.1_11723	3290	3091	5.25858	0.477843
lcl|NC_052668.1_mrna_XM_011177061.3_11724	590	391	2442	1754.22
lcl|NC_052668.1_ncrna_XR_851450.3_11725	671	472	2	1.19016
lcl|NC_052668.1_mrna_XM_039449815.1_11726	10477	10278	0	0
lcl|NC_052668.1_mrna_XM_039449817.1_11727	11059	10860	0.0187788	0.000485685
lcl|NC_052668.1_mrna_XM_039449814.1_11728	11074	10875	0.0047036	0.000121483
lcl|NC_052668.1_mrna_XM_039449823.1_11729	10993	10794	8.49225	0.220981
lcl|NC_052668.1_mrna_XM_039449821.1_11730	11026	10827	0.397486	0.0103117
lcl|NC_052668.1_mrna_XM_039449818.1_11731	11041	10842	0.0991408	0.00256838
lcl|NC_052668.1_mrna_XM_039449819.1_11732	11035	10836	0.172735	0.00447741
lcl|NC_052668.1_mrna_XM_039449820.1_11733	11029	10830	0.301052	0.0078078
lcl|NC_052668.1_mrna_XM_039449822.1_11734	11023	10824	0.524852	0.0136196
lcl|NC_052668.1_ncrna_XR_005574916.1_11735	3628	3429	2.66006	0.217891
lcl|NC_052668.1_mrna_XM_039449816.1_11736	11985	11786	0	0
lcl|NC_052668.1_mrna_XM_011177053.3_11737	3988	3789	0.00170073	0.000126074
lcl|NC_052668.1_mrna_XM_011177054.3_11738	3957	3758	6.44419	0.481645
lcl|NC_052668.1_mrna_XM_011177055.3_11739	3374	3175	10.2273	0.904755
lcl|NC_052668.1_mrna_XM_039449106.1_11740	2225	2026	0.000145945	2.02332e-05
lcl|NC_052668.1_mrna_XM_011177052.3_11741	2389	2190	93.9999	12.0559
lcl|NC_052668.1_rrna_XR_003268837.1_11742	120	5.05223	0	0
lcl|NC_052668.1_rrna_XR_003268836.1_11743	120	5.05223	0	0
lcl|NC_052668.1_rrna_XR_003268503.1_11744	120	5.05223	0	0
lcl|NC_052668.1_mrna_XM_039449099.1_11745	2064	1865	659.478	99.3201
lcl|NC_052668.1_rrna_XR_005574956.1_11746	120	5.05223	0	0
lcl|NC_052668.1_mrna_XM_011167302.3_11747	2219	2020	793.522	110.338
lcl|NC_052668.1_mrna_XM_026132614.2_11748	5461	5262	42	2.24189
lcl|NC_052668.1_mrna_XM_011167306.3_11749	977	778	271	97.8375
lcl|NC_052668.1_mrna_XM_026132675.2_11750	5907	5708	2824.65	138.994
lcl|NC_052668.1_mrna_XM_039449325.1_11751	6297	6098	624.351	28.7579
lcl|NC_052668.1_mrna_XM_011167307.3_11752	1709	1510	29	5.39432
lcl|NC_052668.1_mrna_XM_011167309.3_11753	1586	1387	583.368	118.136
lcl|NC_052668.1_mrna_XM_026132594.2_11754	12430	12231	36.24	0.832227
lcl|NC_052668.1_mrna_XM_011167308.3_11755	11080	10881	155.392	4.01121
lcl|NC_052668.1_mrna_XM_026132595.2_11756	10861	10662	0	0
lcl|NC_052668.1_mrna_XM_039449320.1_11757	10983	10784	0	0
lcl|NC_052668.1_mrna_XM_039449322.1_11758	11479	11280	0	0
lcl|NC_052668.1_mrna_XM_039449319.1_11759	11601	11402	0	0
lcl|NC_052668.1_mrna_XM_039449321.1_11760	11867	11668	0	0
lcl|NC_052668.1_miscrna_XR_005574790.1_11761	10521	10322	0	0
lcl|NC_052668.1_mrna_XM_011167310.3_11762	1166	967	788	228.884
lcl|NC_052668.1_mrna_XM_039449327.1_11763	2415	2216	122	15.4634
lcl|NC_052668.1_mrna_XM_011167313.3_11764	4941	4742	75.998	4.50149
lcl|NC_052668.1_mrna_XM_011167312.3_11765	4924	4725	0.00199562	0.000118629
lcl|NC_052668.1_mrna_XM_011167315.3_11766	1465	1266	9	1.99675
lcl|NC_052668.1_miscrna_XR_005574794.1_11767	676	477	0	0
lcl|NC_052668.1_miscrna_XR_005574793.1_11768	648	449	1	0.625561
lcl|NC_052668.1_miscrna_XR_005574795.1_11769	546	347	0	0
lcl|NC_052668.1_mrna_XM_026132627.2_11770	422	223	0	0
lcl|NC_052668.1_ncrna_XR_005574797.1_11771	309	110	2.39869	6.12488
lcl|NC_052668.1_mrna_XM_011167316.3_11772	4899	4700	196.601	11.7491
lcl|NC_052668.1_mrna_XM_011167319.3_11773	724	525	2	1.07001
lcl|NC_052668.1_mrna_XM_011167317.3_11774	1024	825	0	0
lcl|NC_052668.1_mrna_XM_026132632.2_11775	1062	863	0	0
lcl|NC_052668.1_mrna_XM_039449326.1_11776	1020	821	2.23068e-07	7.63152e-08
lcl|NC_052668.1_mrna_XM_026132633.2_11777	1007	808	2	0.695239
lcl|NC_052668.1_mrna_XM_011167322.3_11778	5471	5272	147	7.83173
lcl|NC_052668.1_mrna_XM_011167323.3_11779	1371	1172	475	113.837
lcl|NC_052668.1_mrna_XM_011167327.3_11780	753	554	477	241.838
lcl|NC_052668.1_mrna_XM_011167325.3_11781	2642	2443	1520	174.758
lcl|NC_052668.1_mrna_XM_039449323.1_11782	3595	3396	46.2098	3.82193
lcl|NC_052668.1_mrna_XM_039449324.1_11783	3558	3359	213.79	17.877
lcl|NC_052668.1_mrna_XM_011167330.3_11784	987	788	0	0
lcl|NC_052668.1_mrna_XM_039449349.1_11785	3548	3349	0	0
lcl|NC_052668.1_mrna_XM_011167328.3_11786	3483	3284	1	0.0855288
lcl|NC_052668.1_mrna_XM_026132658.2_11787	1484	1285	146	31.9128
lcl|NC_052668.1_trna_11788	74	3.56892	0	0
lcl|NC_052668.1_trna_11789	72	3.52559	0	0
lcl|NC_052668.1_mrna_XM_011167336.3_11790	2294	2095	0	0
lcl|NC_052668.1_mrna_XM_011167335.3_11791	2388	2189	23.2049	2.97749
lcl|NC_052668.1_mrna_XM_011167338.3_11792	2171	1972	0	0
lcl|NC_052668.1_mrna_XM_011167334.3_11793	2862	2663	0	0
lcl|NC_052668.1_mrna_XM_011167332.3_11794	2105	1906	20.7951	3.06445
lcl|NC_052668.1_mrna_XM_011167337.3_11795	2807	2608	0	0
lcl|NC_052668.1_mrna_XM_011167331.3_11796	1410	1211	4	0.927751
lcl|NC_052668.1_mrna_XM_011167339.3_11797	863	664	5102	2158.18
lcl|NC_052668.1_mrna_XM_026132659.2_11798	774	575	186.627	91.1636
lcl|NC_052668.1_mrna_XM_011167345.3_11799	1048	849	400.421	132.472
lcl|NC_052668.1_mrna_XM_026132660.2_11800	714	515	126.881	69.1996
lcl|NC_052668.1_mrna_XM_011167344.3_11801	3569	3370	385	32.0883
lcl|NC_052668.1_mrna_XM_011167343.3_11802	1707	1508	1447	269.515
lcl|NC_052668.1_mrna_XM_011167341.3_11803	1137	938	2	0.598884
lcl|NC_052668.1_mrna_XM_039449356.1_11804	2721	2522	0	0
lcl|NC_052668.1_mrna_XM_011167347.3_11805	1049	850	827	273.277
lcl|NC_052668.1_ncrna_XR_003268447.2_11806	1605	1406	1.07712	0.215177
lcl|NC_052668.1_mrna_XM_011167348.3_11807	1124	925	761.923	231.358
lcl|NC_052668.1_mrna_NM_001304612.1_11808	966	767	3053	1118.01
lcl|NC_052668.1_mrna_XM_026132589.2_11809	4635	4436	0.000131519	8.32743e-06
lcl|NC_052668.1_mrna_XM_026132588.2_11810	4941	4742	6.60219	0.391059
lcl|NC_052668.1_mrna_XM_039448875.1_11811	7693	7494	2.71945	0.101925
lcl|NC_052668.1_mrna_XM_026132591.2_11812	4936	4737	19.0207	1.12782
lcl|NC_052668.1_mrna_XM_026132590.2_11813	6285	6086	0	0
lcl|NC_052668.1_mrna_NM_001304597.1_11814	1818	1619	7.65749	1.32848
lcl|NC_052668.1_mrna_XM_039449343.1_11815	4446	4247	0	0
lcl|NC_052668.1_mrna_XM_039449346.1_11816	4362	4163	0.19885	0.0134164
lcl|NC_052668.1_mrna_XM_039449347.1_11817	4503	4304	20.2996	1.32474
lcl|NC_052668.1_mrna_XM_039449348.1_11818	4410	4211	111.784	7.45609
lcl|NC_052668.1_mrna_XM_039449345.1_11819	3769	3570	497.717	39.1589
lcl|NC_052668.1_ncrna_XR_005574805.1_11820	2548	2349	28.4804	3.40548
lcl|NC_052668.1_mrna_XM_039449342.1_11821	3378	3179	0	0
lcl|NC_052668.1_ncrna_XR_003268441.2_11822	1020	821	0	0
lcl|NC_052668.1_mrna_XM_026132616.2_11823	5254	5055	17.8627	0.992525
lcl|NC_052668.1_mrna_XM_026132615.2_11824	5262	5063	3.65695	0.202874
lcl|NC_052668.1_mrna_XM_039449358.1_11825	4352	4153	0	0
lcl|NC_052668.1_mrna_XM_039449357.1_11826	1810	1611	0	0
lcl|NC_052668.1_mrna_XM_039449351.1_11827	3243	3044	350.973	32.3851
lcl|NC_052668.1_mrna_XM_039449352.1_11828	3445	3246	0	0
lcl|NC_052668.1_ncrna_XR_003268442.2_11829	1776	1577	9.02708	1.6078
lcl|NC_052668.1_mrna_XM_011167360.3_11830	1122	923	8.9085	2.71093
lcl|NC_052668.1_mrna_XM_039449354.1_11831	1145	946	41.0915	12.2005
lcl|NC_052668.1_mrna_XM_011167361.3_11832	743	544	7	3.61422
lcl|NC_052668.1_mrna_XM_011167362.3_11833	3517	3318	170.549	14.4374
lcl|NC_052668.1_mrna_XM_039449353.1_11834	3557	3358	0	0
lcl|NC_052668.1_mrna_XM_026132617.2_11835	3740	3541	0	0
lcl|NC_052668.1_mrna_XM_011167366.3_11836	3488	3289	0.00493343	0.000421309
lcl|NC_052668.1_mrna_XM_011167365.3_11837	3544	3345	0	0
lcl|NC_052668.1_mrna_XM_011167363.3_11838	3676	3477	0	0
lcl|NC_052668.1_mrna_XM_026132620.2_11839	2535	2336	33	3.96786
lcl|NC_052668.1_mrna_XM_011167369.3_11840	2083	1884	0	0
lcl|NC_052668.1_mrna_XM_039449756.1_11841	588	389	0	0
lcl|NC_052668.1_mrna_XM_011167370.3_11842	862	663	1	0.423645
lcl|NC_052668.1_mrna_XM_011167371.3_11843	2412	2213	1434	182.005
lcl|NC_052668.1_mrna_XM_011167373.3_11844	1862	1663	1296	218.891
lcl|NC_052668.1_mrna_XM_039448896.1_11845	2368	2169	290.874	37.6671
lcl|NC_052668.1_mrna_XM_011167375.3_11846	2408	2209	276.126	35.1097
lcl|NC_052668.1_mrna_XM_026132626.2_11847	1876	1677	1543.07	258.444
lcl|NC_052668.1_mrna_XM_039448898.1_11848	1844	1645	231.431	39.5159
lcl|NC_052668.1_mrna_XM_026132624.2_11849	2037	1838	16.503	2.52194
lcl|NC_052668.1_mrna_XM_026132625.2_11850	2034	1835	0	0
lcl|NC_052668.1_mrna_XM_011167378.3_11851	2708	2509	376.747	42.1759
lcl|NC_052668.1_mrna_XM_039448899.1_11852	2682	2483	340.253	38.4894
lcl|NC_052668.1_mrna_XM_011167380.3_11853	1300	1101	558	142.352
lcl|NC_052668.1_mrna_XM_011167384.3_11854	1959	1760	145	23.1404
lcl|NC_052668.1_mrna_XM_039448989.1_11855	6154	5955	5.19232e-07	2.44904e-08
lcl|NC_052668.1_mrna_XM_026132596.2_11856	6181	5982	0	0
lcl|NC_052668.1_mrna_XM_011167383.3_11857	6049	5850	29.1366	1.39894
lcl|NC_052668.1_mrna_XM_026132597.2_11858	6036	5837	0	0
lcl|NC_052668.1_mrna_XM_039449245.1_11859	3112	2913	1906	183.78
lcl|NC_052668.1_mrna_XM_039448952.1_11860	4678	4479	0	0
lcl|NC_052668.1_mrna_XM_026132592.2_11861	5102	4903	0	0
lcl|NC_052668.1_mrna_XM_011167388.3_11862	2470	2271	0.0472113	0.00583908
lcl|NC_052668.1_mrna_XM_011167386.3_11863	2457	2258	14.9528	1.86
lcl|NC_052668.1_mrna_XM_011167389.2_11864	1690	1491	0	0
lcl|NC_052668.1_mrna_XM_011167390.3_11865	2137	1938	1584	229.571
lcl|NC_052668.1_mrna_XM_011167391.3_11866	2033	1834	7845	1201.46
lcl|NC_052668.1_mrna_XM_011167392.3_11867	1603	1404	53	10.6029
lcl|NC_052668.1_mrna_XM_011167395.3_11868	1197	998	1026.68	288.949
lcl|NC_052668.1_mrna_XM_039448910.1_11869	932	733	316.317	121.209
lcl|NC_052668.1_mrna_XM_011167393.3_11870	1486	1287	277	60.4529
lcl|NC_052668.1_mrna_XM_011167396.3_11871	5363	5164	12	0.652696
lcl|NC_052668.1_mrna_XM_011167397.3_11872	2667	2468	714	81.2585
lcl|NC_052668.1_mrna_XM_039449931.1_11873	1018	819	0	0
lcl|NC_052668.1_mrna_XM_026132639.2_11874	1851	1652	0	0
lcl|NC_052668.1_mrna_XM_039449951.1_11875	2111	1912	15.7468	2.31324
lcl|NC_052668.1_mrna_XM_011167400.3_11876	2032	1833	43.2094	6.62113
lcl|NC_052668.1_mrna_XM_011167404.3_11877	2095	1896	0	0
lcl|NC_052668.1_mrna_XM_026132641.2_11878	1502	1303	12	2.58674
lcl|NC_052668.1_mrna_XM_026132643.2_11879	2417	2218	1.04373	0.132173
lcl|NC_052668.1_mrna_XM_011167401.3_11880	1512	1313	0	0
lcl|NC_052668.1_miscrna_XR_005574929.1_11881	6448	6249	0	0
lcl|NC_052668.1_mrna_XM_039449955.1_11882	6215	6016	0	0
lcl|NC_052668.1_mrna_XM_039449963.1_11883	5039	4840	8.81733	0.511691
lcl|NC_052668.1_mrna_XM_039449957.1_11884	5654	5455	0	0
lcl|NC_052668.1_mrna_XM_039449961.1_11885	5507	5308	0	0
lcl|NC_052668.1_mrna_XM_039449956.1_11886	6122	5923	0	0
lcl|NC_052668.1_mrna_XM_039449958.1_11887	5618	5419	0	0
lcl|NC_052668.1_mrna_XM_039449953.1_11888	6233	6034	0	0
lcl|NC_052668.1_miscrna_XR_005574930.1_11889	6219	6020	0	0
lcl|NC_052668.1_mrna_XM_039449954.1_11890	6108	5909	0	0
lcl|NC_052668.1_mrna_XM_039449959.1_11891	5574	5375	0	0
lcl|NC_052668.1_mrna_XM_039449962.1_11892	5516	5317	5.18267	0.273781
lcl|NC_052668.1_miscrna_XR_003268443.2_11893	4586	4387	8.05626e-07	5.158e-08
lcl|NC_052668.1_mrna_XM_011167407.3_11894	4510	4311	33	2.15007
lcl|NC_052668.1_mrna_XM_039450054.1_11895	2659	2460	0	0
lcl|NC_052668.1_mrna_XM_026132644.2_11896	2471	2272	0	0
lcl|NC_052668.1_mrna_XM_039450056.1_11897	4031	3832	0	0
lcl|NC_052668.1_mrna_XM_039450055.1_11898	4206	4007	0	0
lcl|NC_052668.1_mrna_XM_026132647.2_11899	4077	3878	0	0
lcl|NC_052668.1_mrna_XM_039450057.1_11900	1604	1405	0	0
lcl|NC_052668.1_mrna_XM_026132651.2_11901	1590	1391	0	0
lcl|NC_052668.1_mrna_XM_026132650.2_11902	1415	1216	1	0.230984
lcl|NC_052668.1_mrna_XM_011170816.3_11903	5450	5251	421	22.5193
lcl|NC_052668.1_mrna_XM_011170815.3_11904	1079	880	732	233.638
lcl|NC_052668.1_mrna_XM_039450059.1_11905	1084	885	83.5951	26.531
lcl|NC_052668.1_mrna_XM_039450060.1_11906	1455	1256	40.4049	9.03565
lcl|NC_052668.1_mrna_XM_011170813.3_11907	3965	3766	4	0.298329
lcl|NC_052668.1_mrna_XM_026132652.2_11908	2486	2287	0	0
lcl|NC_052668.1_mrna_XM_039450058.1_11909	2131	1932	0	0
lcl|NC_052668.1_mrna_XM_026132637.2_11910	9639	9440	22	0.654586
lcl|NC_052668.1_mrna_XM_011170810.3_11911	1230	1031	294	80.0948
lcl|NC_052668.1_mrna_XM_011170808.3_11912	6530	6331	40	1.77461
lcl|NC_052668.1_mrna_XM_039449069.1_11913	11458	11259	3.90216	0.0973465
lcl|NC_052668.1_mrna_XM_039449070.1_11914	11455	11256	5.09784	0.127209
lcl|NC_052668.1_mrna_XM_011170809.3_11915	2155	1956	32	4.59512
lcl|NC_052668.1_mrna_XM_011170807.3_11916	5130	4931	30.5659	1.74108
lcl|NC_052668.1_mrna_XM_011170805.3_11917	5335	5136	3.4341	0.187803
lcl|NC_052668.1_mrna_XM_039449246.1_11918	1825	1626	1	0.172741
lcl|NC_052668.1_mrna_XM_039449019.1_11919	6563	6364	6	0.264811
lcl|NC_052668.1_mrna_XM_039449016.1_11920	7063	6864	0	0
lcl|NC_052668.1_miscrna_XR_005574740.1_11921	6996	6797	0	0
lcl|NC_052668.1_mrna_XM_039449012.1_11922	7066	6867	0	0
lcl|NC_052668.1_mrna_XM_026132609.2_11923	7006	6807	0	0
lcl|NC_052668.1_mrna_XM_039449013.1_11924	7308	7109	0	0
lcl|NC_052668.1_mrna_XM_039449018.1_11925	3909	3710	0	0
lcl|NC_052668.1_mrna_XM_039449017.1_11926	3912	3713	0	0
lcl|NC_052668.1_mrna_XM_011170802.3_11927	2214	2015	28	3.903
lcl|NC_052668.1_mrna_XM_011170801.3_11928	2514	2315	11	1.33462
lcl|NC_052668.1_ncrna_XR_005574860.1_11929	1449	1250	0	0
lcl|NC_052668.1_mrna_XM_011170800.3_11930	920	721	0	0
lcl|NC_052668.1_mrna_XM_011170799.3_11931	859	660	463	197.039
lcl|NC_052668.1_mrna_XM_026132629.2_11932	4923	4724	0	0
lcl|NC_052668.1_mrna_XM_011170798.3_11933	4719	4520	2.62418e-05	1.63069e-06
lcl|NC_052668.1_mrna_XM_026132630.2_11934	4719	4520	2.62418e-05	1.63069e-06
lcl|NC_052668.1_mrna_XM_039449076.1_11935	4664	4465	5.64827	0.355312
lcl|NC_052668.1_mrna_XM_039449077.1_11936	3083	2884	6.35168	0.618599
lcl|NC_052668.1_mrna_XM_011170797.3_11937	5609	5410	26.1473	1.35752
lcl|NC_052668.1_mrna_XM_011170794.3_11938	5676	5477	16.1077	0.82605
lcl|NC_052668.1_mrna_XM_011170795.3_11939	5680	5481	7.74499	0.396896
lcl|NC_052668.1_mrna_XM_026132662.2_11940	5574	5375	0	0
lcl|NC_052668.1_trna_11941	73	3.5471	0	0
lcl|NC_052668.1_trna_11942	73	3.5471	0	0
lcl|NC_052668.1_mrna_XM_039449098.1_11943	2212	2013	39.9689	5.57691
lcl|NC_052668.1_miscrna_XR_005574755.1_11944	6108	5909	51.0311	2.4257
lcl|NC_052668.1_trna_11945	73	3.5471	0	0
lcl|NC_052668.1_mrna_XM_039449087.1_11946	2233	2034	73.1562	10.1022
lcl|NC_052668.1_mrna_XM_039449086.1_11947	2217	2018	683.844	95.1813
lcl|NC_052668.1_mrna_XM_011170777.3_11948	2609	2410	22	2.56402
lcl|NC_052668.1_mrna_XM_011170784.3_11949	3846	3647	52.0773	4.01078
lcl|NC_052668.1_mrna_XM_011170778.3_11950	1948	1749	0	0
lcl|NC_052668.1_mrna_XM_039449097.1_11951	2732	2533	0	0
lcl|NC_052668.1_mrna_XM_026132670.2_11952	2844	2645	0	0
lcl|NC_052668.1_mrna_XM_026132674.2_11953	2737	2538	0	0
lcl|NC_052668.1_mrna_XM_026132669.2_11954	2978	2779	0	0
lcl|NC_052668.1_mrna_XM_026132672.2_11955	2513	2314	0	0
lcl|NC_052668.1_mrna_XM_026132671.2_11956	2591	2392	0	0
lcl|NC_052668.1_mrna_XM_039449081.1_11957	3624	3425	0	0
lcl|NC_052668.1_mrna_XM_011170783.3_11958	3446	3247	2.95281	0.255428
lcl|NC_052668.1_mrna_XM_011170781.3_11959	4137	3938	0	0
lcl|NC_052668.1_mrna_XM_039449084.1_11960	3431	3232	0	0
lcl|NC_052668.1_mrna_XM_026132667.2_11961	3119	2920	47.5325	4.57218
lcl|NC_052668.1_mrna_XM_011170789.3_11962	5476	5277	20.1498	1.0725
lcl|NC_052668.1_mrna_XM_039449085.1_11963	3697	3498	0	0
lcl|NC_052668.1_mrna_XM_039449083.1_11964	3887	3688	0	0
lcl|NC_052668.1_mrna_XM_039449080.1_11965	4450	4251	0.999732	0.0660554
lcl|NC_052668.1_mrna_XM_011170791.3_11966	4485	4286	0.000268002	1.75631e-05
lcl|NC_052668.1_mrna_XM_011170774.3_11967	1954	1755	2207	353.216
lcl|NC_052668.1_mrna_XM_039449092.1_11968	2377	2178	162.612	20.9705
lcl|NC_052668.1_mrna_XM_039449094.1_11969	2319	2120	0.00177575	0.000235268
lcl|NC_052668.1_mrna_XM_039449095.1_11970	2306	2107	16.186	2.1577
lcl|NC_052668.1_mrna_XM_039449093.1_11971	2361	2162	45.0358	5.85084
lcl|NC_052668.1_mrna_XM_039449090.1_11972	2336	2137	131.352	17.2643
lcl|NC_052668.1_mrna_XM_039449091.1_11973	2232	2033	7.25463	1.00229
lcl|NC_052668.1_mrna_XM_039449089.1_11974	2035	1836	130.844	20.0168
lcl|NC_052668.1_mrna_XM_026130938.2_11975	1309	1110	0	0
lcl|NC_052668.1_mrna_XM_039449088.1_11976	2812	2613	370.714	39.8488
lcl|NC_052668.1_mrna_XM_026141479.2_11977	2997	2798	129	12.9496
lcl|NC_052668.1_mrna_XM_039449078.1_11978	6595	6396	0.0001421	6.24025e-06
lcl|NC_052668.1_mrna_XM_026141480.2_11979	5965	5766	0	0
lcl|NC_052668.1_mrna_XM_039449079.1_11980	6530	6331	3.99986	0.177455
lcl|NC_052668.1_mrna_XM_026141482.2_11981	3442	3243	39.7631	3.44388
lcl|NC_052668.1_mrna_XM_026141483.2_11982	3442	3243	39.7631	3.44388
lcl|NC_052668.1_mrna_XM_026141484.2_11983	3412	3213	0.0324872	0.00283999
lcl|NC_052668.1_mrna_XM_026141481.2_11984	3306	3107	22.0492	1.99328
lcl|NC_052668.1_mrna_XM_026141485.2_11985	3365	3166	0.392186	0.0347934
lcl|NC_052668.1_mrna_XM_011171969.3_11986	885	686	505	206.768
lcl|NC_052668.1_mrna_XM_011171967.3_11987	2160	1961	676	96.8244
lcl|NC_052668.1_mrna_XM_011157746.3_11988	1475	1276	403.152	88.7429
lcl|NC_052668.1_mrna_XM_011157745.3_11989	1680	1481	31.848	6.04008
lcl|NC_052668.1_mrna_XM_011157744.3_11990	6381	6182	158	7.17867
lcl|NC_052668.1_mrna_XM_039450141.1_11991	5154	4955	1.56772e-05	8.8867e-07
lcl|NC_052668.1_mrna_XM_011157748.3_11992	1391	1192	65	15.3163
lcl|NC_052668.1_mrna_XM_011157749.3_11993	8243	8044	91.9878	3.21199
lcl|NC_052668.1_mrna_XM_011157750.3_11994	13684	13485	24.0122	0.500146
lcl|NC_052668.1_mrna_XM_011157751.3_11995	1722	1523	1176	216.882
lcl|NC_052668.1_mrna_XM_026139456.2_11996	1810	1611	1215.18	211.865
lcl|NC_052668.1_mrna_XM_026139455.2_11997	1812	1613	2138.82	372.44
lcl|NC_052668.1_mrna_XM_011157753.2_11998	1055	856	416	136.501
lcl|NC_052668.1_mrna_XM_011157752.3_11999	2326	2127	69	9.11166
lcl|NC_052668.1_mrna_XM_039450050.1_12000	1064	865	0	0
lcl|NC_052668.1_mrna_XM_039450048.1_12001	1615	1416	0	0
lcl|NC_052668.1_mrna_XM_039450049.1_12002	1501	1302	1	0.215727
lcl|NC_052668.1_miscrna_XR_005574946.1_12003	1034	835	0	0
lcl|NC_052668.1_mrna_XM_039450012.1_12004	4281	4082	0	0
lcl|NC_052668.1_mrna_XM_039450009.1_12005	3365	3166	0	0
lcl|NC_052668.1_mrna_XM_039450008.1_12006	4563	4364	0	0
lcl|NC_052668.1_mrna_XM_039450016.1_12007	3779	3580	1	0.0784572
lcl|NC_052668.1_mrna_XM_039450014.1_12008	3894	3695	0	0
lcl|NC_052668.1_mrna_XM_039450007.1_12009	4496	4297	0	0
lcl|NC_052668.1_mrna_XM_039450013.1_12010	4350	4151	0	0
lcl|NC_052668.1_mrna_XM_039450010.1_12011	4563	4364	0	0
lcl|NC_052668.1_mrna_XM_039450018.1_12012	2422	2223	0	0
lcl|NC_052668.1_mrna_XM_039450017.1_12013	2837	2638	0	0
lcl|NC_052668.1_miscrna_XR_005574942.1_12014	4035	3836	0	0
lcl|NC_052668.1_mrna_XM_039450015.1_12015	3966	3767	0	0
lcl|NC_052668.1_mrna_XM_039450029.1_12016	1667	1468	0	0
lcl|NC_052668.1_mrna_XM_039450032.1_12017	1577	1378	0	0
lcl|NC_052668.1_mrna_XM_039450030.1_12018	1661	1462	0	0
lcl|NC_052668.1_mrna_XM_039450031.1_12019	1601	1402	0	0
lcl|NC_052668.1_mrna_XM_039450033.1_12020	1511	1312	0	0
lcl|NC_052668.1_mrna_XM_039450034.1_12021	1311	1112	0	0
lcl|NC_052668.1_mrna_XM_039450023.1_12022	1936	1737	0	0
lcl|NC_052668.1_mrna_XM_039450026.1_12023	1870	1671	0	0
lcl|NC_052668.1_mrna_XM_039450021.1_12024	1447	1248	0	0
lcl|NC_052668.1_mrna_XM_039450024.1_12025	1381	1182	0	0
lcl|NC_052668.1_mrna_XM_039450025.1_12026	1339	1140	0	0
lcl|NC_052668.1_mrna_XM_039450022.1_12027	1387	1188	0	0
lcl|NC_052668.1_mrna_XM_039450028.1_12028	1158	959	0	0
lcl|NC_052668.1_mrna_XM_039450027.1_12029	1128	929	0	0
lcl|NC_052668.1_mrna_XM_026139443.2_12030	1557	1358	0	0
lcl|NC_052668.1_mrna_XM_011157756.3_12031	1538	1339	0	0
lcl|NC_052668.1_mrna_XM_039450020.1_12032	1358	1159	0	0
lcl|NC_052668.1_mrna_XM_039450019.1_12033	1454	1255	0	0
lcl|NC_052668.1_mrna_XM_039450005.1_12034	2779	2580	0	0
lcl|NC_052668.1_mrna_XM_039450006.1_12035	2713	2514	0	0
lcl|NC_052668.1_mrna_XM_026139434.2_12036	1351	1152	0	0
lcl|NC_052668.1_mrna_XM_026139441.2_12037	1857	1658	0	0
lcl|NC_052668.1_mrna_XM_039450037.1_12038	1941	1742	0	0
lcl|NC_052668.1_mrna_XM_039450046.1_12039	2675	2476	0	0
lcl|NC_052668.1_mrna_XM_039450035.1_12040	2309	2110	0	0
lcl|NC_052668.1_mrna_XM_039450036.1_12041	1499	1300	0	0
lcl|NC_052668.1_mrna_XM_039450042.1_12042	1786	1587	0	0
lcl|NC_052668.1_mrna_XM_039450041.1_12043	1236	1037	0	0
lcl|NC_052668.1_mrna_XM_039450040.1_12044	1793	1594	1	0.176209
lcl|NC_052668.1_mrna_XM_026139436.2_12045	1539	1340	0	0
lcl|NC_052668.1_mrna_XM_039450047.1_12046	1477	1278	0	0
lcl|NC_052668.1_mrna_XM_039450039.1_12047	2709	2510	0	0
lcl|NC_052668.1_mrna_XM_039450038.1_12048	2727	2528	0	0
lcl|NC_052668.1_mrna_XM_011157765.3_12049	1268	1069	0	0
lcl|NC_052668.1_mrna_XM_039449247.1_12050	4156	3957	0	0
lcl|NC_052668.1_mrna_XM_039450045.1_12051	2862	2663	0	0
lcl|NC_052668.1_mrna_XM_039450044.1_12052	2508	2309	0	0
lcl|NC_052668.1_mrna_XM_039450043.1_12053	2520	2321	0	0
lcl|NC_052668.1_mrna_XM_026139444.2_12054	1619	1420	0	0
lcl|NC_052668.1_mrna_XM_026139451.2_12055	2196	1997	4	0.562597
lcl|NC_052668.1_mrna_XM_039449248.1_12056	4626	4427	6	0.380678
lcl|NC_052668.1_mrna_XM_039450052.1_12057	4363	4164	0	0
lcl|NC_052668.1_mrna_XM_011157757.2_12058	4367	4168	0	0
lcl|NC_052668.1_mrna_XM_039450051.1_12059	4358	4159	0	0
lcl|NC_052668.1_mrna_XM_039450053.1_12060	4159	3960	1	0.0709285
lcl|NC_052668.1_mrna_XM_039449992.1_12061	4883	4684	2	0.11993
lcl|NC_052668.1_mrna_XM_026136815.2_12062	2801	2602	749.929	80.9521
lcl|NC_052668.1_mrna_XM_026136816.2_12063	1938	1739	46.0714	7.44128
lcl|NC_052668.1_mrna_XM_011157405.3_12064	590	391	2	1.43671
lcl|NC_052668.1_mrna_XM_011163046.3_12065	1208	1009	63.8949	17.7865
lcl|NC_052668.1_mrna_XM_011163045.3_12066	1212	1013	74.1051	20.5473
lcl|NC_052668.1_mrna_XM_011163047.3_12067	3172	2973	758	71.6127
lcl|NC_052668.1_mrna_XM_039449989.1_12068	2929	2730	0	0
lcl|NC_052668.1_mrna_XM_039449991.1_12069	1553	1354	413.175	85.7099
lcl|NC_052668.1_mrna_XM_026136818.2_12070	1708	1509	267.825	49.8515
lcl|NC_052668.1_mrna_XM_026136819.2_12071	1845	1646	237.319	40.4966
lcl|NC_052668.1_mrna_XM_011165283.3_12072	8455	8256	8	0.272167
lcl|NC_052668.1_mrna_XM_011165286.3_12073	4310	4111	56.6808	3.87261
lcl|NC_052668.1_mrna_XM_039448988.1_12074	1393	1194	5.58982	1.31495
lcl|NC_052668.1_mrna_XM_011165287.3_12075	1099	900	105.869	33.0401
lcl|NC_052668.1_mrna_XM_011165288.3_12076	965	766	44.5414	16.3324
lcl|NC_052668.1_mrna_XM_011165290.3_12077	1658	1459	653	125.711
lcl|NC_052668.1_mrna_XM_011165293.3_12078	2285	2086	285	38.3748
lcl|NC_052668.1_mrna_XM_011165292.3_12079	3900	3701	503	38.1737
lcl|NC_052668.1_mrna_XM_026136822.2_12080	3644	3445	0	0
lcl|NC_052668.1_mrna_XM_026136823.2_12081	4669	4470	0	0
lcl|NC_052668.1_mrna_XM_011165295.3_12082	4462	4263	1087	71.6193
lcl|NC_052668.1_mrna_XM_026136821.2_12083	2023	1824	108.933	16.7746
lcl|NC_052668.1_mrna_XM_011165299.3_12084	5973	5774	44.9672	2.18743
lcl|NC_052668.1_mrna_XM_011165297.3_12085	6022	5823	0.00937292	0.00045211
lcl|NC_052668.1_mrna_XM_039449538.1_12086	2315	2116	0	0
lcl|NC_052668.1_mrna_XM_011165296.3_12087	8875	8676	6.49744	0.210348
lcl|NC_052668.1_miscrna_XR_003268911.2_12088	875	676	22.5926	9.38717
lcl|NC_052668.1_mrna_XM_011165300.3_12089	8808	8609	61	1.99018
lcl|NC_052668.1_mrna_XM_039449533.1_12090	6839	6640	0.0630956	0.00266899
lcl|NC_052668.1_mrna_XM_039449532.1_12091	6944	6745	139.973	5.82879
lcl|NC_052668.1_mrna_XM_039449530.1_12092	6959	6760	0	0
lcl|NC_052668.1_mrna_XM_039449531.1_12093	6815	6616	0	0
lcl|NC_052668.1_mrna_XM_039449544.1_12094	1654	1455	0	0
lcl|NC_052668.1_mrna_XM_039449541.1_12095	1744	1545	0	0
lcl|NC_052668.1_mrna_XM_039449543.1_12096	1746	1547	0	0
lcl|NC_052668.1_mrna_XM_039449542.1_12097	1596	1397	2	0.402114
lcl|NC_052668.1_mrna_XM_039449540.1_12098	1836	1637	0	0
lcl|NC_052668.1_mrna_XM_039449539.1_12099	2763	2564	64.3451	7.04877
lcl|NC_052668.1_mrna_XM_011165308.3_12100	2173	1974	767.655	109.228
lcl|NC_052668.1_mrna_XM_026136825.2_12101	3871	3672	0	0
lcl|NC_052668.1_mrna_XM_011165306.3_12102	3789	3590	0	0
lcl|NC_052668.1_mrna_XM_039449534.1_12103	4342	4143	0	0
lcl|NC_052668.1_mrna_XM_039449535.1_12104	3501	3302	0	0
lcl|NC_052668.1_mrna_XM_039449536.1_12105	2384	2185	0	0
lcl|NC_052668.1_mrna_XM_026136827.2_12106	1217	1018	0	0
lcl|NC_052668.1_mrna_XM_011165305.2_12107	4668	4469	85	5.34225
lcl|NC_052668.1_mrna_XM_011165311.3_12108	6341	6142	9	0.411574
lcl|NC_052668.1_mrna_XM_011165312.3_12109	6263	6064	0	0
lcl|NC_052668.1_mrna_XM_011165309.3_12110	2327	2128	575	75.8948
lcl|NC_052668.1_mrna_XM_011165315.3_12111	1536	1337	228.642	48.033
lcl|NC_052668.1_mrna_XM_011165314.3_12112	1576	1377	66.3585	13.5356
lcl|NC_052668.1_mrna_XM_011165313.3_12113	2447	2248	737	92.0846
lcl|NC_052668.1_mrna_XM_011165316.3_12114	1919	1720	728	118.883
lcl|NC_052668.1_mrna_XM_011165317.3_12115	1260	1061	4203	1112.65
lcl|NC_052668.1_mrna_XM_026136828.2_12116	4521	4322	205	13.3225
lcl|NC_052668.1_mrna_XM_011165318.3_12117	9060	8861	660	20.9207
lcl|NC_052668.1_ncrna_XR_005574818.1_12118	15027	14828	8.00016	0.151542
lcl|NC_052668.1_mrna_XM_011165320.3_12119	3975	3776	4	0.297539
lcl|NC_052668.1_mrna_XM_011165321.3_12120	957	758	0	0
lcl|NC_052668.1_mrna_XM_011165322.3_12121	2381	2182	1559.84	200.79
lcl|NC_052668.1_mrna_XM_011175363.3_12122	1977	1778	591	93.3623
lcl|NC_052668.1_mrna_XM_039449972.1_12123	6409	6210	21.5325	0.973911
lcl|NC_052668.1_mrna_XM_039449974.1_12124	5709	5510	7.42584	0.378538
lcl|NC_052668.1_mrna_XM_039449971.1_12125	5790	5591	3.26466e-06	1.64008e-07
lcl|NC_052668.1_mrna_XM_039449970.1_12126	5608	5409	16.28	0.845381
lcl|NC_052668.1_miscrna_XR_005574931.1_12127	5580	5381	0.000484554	2.52927e-05
lcl|NC_052668.1_mrna_XM_039449973.1_12128	5626	5427	0.581414	0.0300913
lcl|NC_052668.1_mrna_XM_039449975.1_12129	4967	4768	71.7313	4.2256
lcl|NC_052668.1_mrna_XM_011175365.3_12130	8392	8193	9.44839	0.323915
lcl|NC_052668.1_mrna_XM_039449967.1_12131	7186	6987	2	0.0803998
lcl|NC_052668.1_mrna_XM_039449965.1_12132	9727	9528	0	0
lcl|NC_052668.1_mrna_XM_039449966.1_12133	7668	7469	4	0.150423
lcl|NC_052668.1_mrna_XM_011175406.3_12134	9718	9519	0	0
lcl|NC_052668.1_ncrna_XR_005574932.1_12135	2133	1934	1	0.145231
lcl|NC_052668.1_mrna_XM_026131885.2_12136	1602	1403	0	0
lcl|NC_052668.1_mrna_XM_039449976.1_12137	3350	3151	0	0
lcl|NC_052668.1_mrna_XM_039449969.1_12138	4493	4294	288.93	18.8993
lcl|NC_052668.1_mrna_XM_011175361.3_12139	4652	4453	9.17471	0.578702
lcl|NC_052668.1_mrna_XM_011175362.3_12140	4557	4358	0	0
lcl|NC_052668.1_mrna_XM_039449968.1_12141	4615	4416	46.8951	2.98273
lcl|NC_052668.1_mrna_XM_011175360.3_12142	4897	4698	0	0
lcl|NC_052668.1_mrna_XM_039449849.1_12143	2434	2235	0	0
lcl|NC_052668.1_mrna_XM_026131884.2_12144	363	164	0	0
lcl|NC_052668.1_mrna_XM_039449689.1_12145	1161	962	0	0
lcl|NC_052668.1_mrna_XM_026131897.2_12146	10072	9873	0	0
lcl|NC_052668.1_mrna_XM_026131896.2_12147	10075	9876	0	0
lcl|NC_052668.1_mrna_XM_026131898.2_12148	9824	9625	0	0
lcl|NC_052668.1_mrna_XM_026131895.2_12149	10324	10125	67	1.85864
lcl|NC_052668.1_mrna_XM_026131810.2_12150	1752	1553	196.197	35.4843
lcl|NC_052668.1_mrna_XM_011175355.3_12151	1861	1662	1082.34	182.915
lcl|NC_052668.1_mrna_XM_011175356.3_12152	2128	1929	20.4635	2.97964
lcl|NC_052668.1_miscrna_XR_003268337.2_12153	705	506	284.938	158.167
lcl|NC_052668.1_mrna_XM_011175354.3_12154	623	424	1730.76	1146.54
lcl|NC_052668.1_mrna_XM_011175350.3_12155	2220	2021	0	0
lcl|NC_052668.1_mrna_XM_026131838.2_12156	2179	1980	0	0
lcl|NC_052668.1_mrna_XM_011175351.3_12157	2112	1913	36.2985	5.32954
lcl|NC_052668.1_mrna_XM_011175349.3_12158	5819	5620	552	27.5879
lcl|NC_052668.1_mrna_XM_039448997.1_12159	27318	27119	0	0
lcl|NC_052668.1_miscrna_XR_005574733.1_12160	25404	25205	0	0
lcl|NC_052668.1_mrna_XM_039448991.1_12161	27560	27361	0	0
lcl|NC_052668.1_mrna_XM_026131867.2_12162	27467	27268	38.7764	0.39942
lcl|NC_052668.1_mrna_XM_039448999.1_12163	26354	26155	147.269	1.58151
lcl|NC_052668.1_mrna_XM_039449000.1_12164	26285	26086	0	0
lcl|NC_052668.1_mrna_XM_039448994.1_12165	27530	27331	7.11597e-07	7.31298e-09
lcl|NC_052668.1_mrna_XM_026131851.2_12166	27488	27289	0	0
lcl|NC_052668.1_mrna_XM_026131852.2_12167	27485	27286	0	0
lcl|NC_052668.1_mrna_XM_026131854.2_12168	27467	27268	0	0
lcl|NC_052668.1_mrna_XM_039448995.1_12169	27440	27241	0	0
lcl|NC_052668.1_mrna_XM_039448996.1_12170	27404	27205	0	0
lcl|NC_052668.1_mrna_XM_039448993.1_12171	27473	27274	0	0
lcl|NC_052668.1_miscrna_XR_005574736.1_12172	24381	24182	13.378	0.155387
lcl|NC_052668.1_miscrna_XR_005574734.1_12173	24423	24224	12.4249	0.144067
lcl|NC_052668.1_miscrna_XR_005574735.1_12174	24390	24191	0	0
lcl|NC_052668.1_miscrna_XR_005574737.1_12175	24212	24013	0	0
lcl|NC_052668.1_mrna_XM_039449001.1_12176	24536	24337	0	0
lcl|NC_052668.1_mrna_XM_039448992.1_12177	27378	27179	0	0
lcl|NC_052668.1_mrna_XM_039449002.1_12178	25460	25261	289.379	3.2176
lcl|NC_052668.1_mrna_XM_039449003.1_12179	24450	24251	1.5293e-07	1.77125e-09
lcl|NC_052668.1_mrna_XM_026131865.2_12180	24372	24173	148.756	1.72846
lcl|NC_052668.1_mrna_XM_039449006.1_12181	24424	24225	54.0743	0.626964
lcl|NC_052668.1_mrna_XM_039449004.1_12182	24452	24253	1.4079e-07	1.6305e-09
lcl|NC_052668.1_mrna_XM_039449005.1_12183	25133	24934	0	0
lcl|NC_052668.1_mrna_XM_039449007.1_12184	22752	22553	119.193	1.48444
lcl|NC_052668.1_mrna_XM_026131866.2_12185	22498	22299	161.749	2.03738
lcl|NC_052668.1_mrna_XM_011175346.3_12186	1622	1423	4108	810.851
lcl|NC_052668.1_mrna_XM_011175344.3_12187	961	762	175	64.5058
lcl|NC_052668.1_mrna_XM_011175341.3_12188	1570	1371	65.867	13.4942
lcl|NC_052668.1_mrna_XM_011175340.3_12189	1571	1372	454.133	92.9704
lcl|NC_052668.1_mrna_XM_011175342.3_12190	3421	3222	638.84	55.6907
lcl|NC_052668.1_mrna_XM_026131868.2_12191	3092	2893	23.1595	2.24852
lcl|NC_052668.1_mrna_XM_011175343.3_12192	2736	2537	2037	225.521
lcl|NC_052668.1_mrna_XM_011175337.3_12193	2008	1809	80.9493	12.5687
lcl|NC_052668.1_mrna_XM_039449009.1_12194	1961	1762	0.000461571	7.35781e-05
lcl|NC_052668.1_mrna_XM_039449008.1_12195	1993	1794	0	0
lcl|NC_052668.1_mrna_XM_026131871.2_12196	1469	1270	5.08209	1.12397
lcl|NC_052668.1_ncrna_XR_005574738.1_12197	692	493	1	0.56973
lcl|NC_052668.1_mrna_XM_011175339.3_12198	1498	1299	3415.75	738.572
lcl|NC_052668.1_mrna_XM_026131869.2_12199	625	426	14	9.23069
lcl|NC_052668.1_mrna_XM_011175332.3_12200	2126	1927	264.216	38.5118
lcl|NC_052668.1_mrna_XM_026131849.2_12201	2669	2470	15.7086	1.7863
lcl|NC_052668.1_mrna_XM_011175336.3_12202	3504	3305	216.291	18.3816
lcl|NC_052668.1_mrna_XM_011175330.3_12203	5064	4865	203.792	11.7658
lcl|NC_052668.1_mrna_XM_026131847.2_12204	3942	3743	55.2077	4.14281
lcl|NC_052668.1_mrna_XM_011175331.2_12205	1192	993	8	2.26285
lcl|NC_052668.1_mrna_XM_011175329.3_12206	2654	2455	726	83.0617
lcl|NC_052668.1_mrna_XM_011175327.3_12207	3089	2890	46	4.4707
lcl|NC_052668.1_ncrna_XR_005574739.1_12208	1408	1209	0	0
lcl|NC_052668.1_ncrna_XR_005574766.1_12209	1755	1556	2	0.361024
lcl|NC_052668.1_mrna_XM_026131793.2_12210	4659	4460	154.861	9.75267
lcl|NC_052668.1_mrna_XM_026131794.2_12211	4515	4316	150.181	9.7735
lcl|NC_052668.1_mrna_XM_026131795.1_12212	3954	3755	34.9574	2.61484
lcl|NC_052668.1_mrna_XM_026131801.2_12213	811	612	233	106.935
lcl|NC_052668.1_mrna_XM_011159139.3_12214	618	419	760	509.466
lcl|NC_052668.1_mrna_XM_011175323.3_12215	3533	3334	2780.2	234.221
lcl|NC_052668.1_mrna_XM_039449608.1_12216	3138	2939	74.7996	7.14851
lcl|NC_052668.1_mrna_XM_011175317.3_12217	3626	3427	50	4.098
lcl|NC_052668.1_mrna_XM_026131797.2_12218	3297	3098	0	0
lcl|NC_052668.1_mrna_XM_011175322.3_12219	2107	1908	0.122024	0.0179632
lcl|NC_052668.1_mrna_XM_039449604.1_12220	2098	1899	13.9963	2.07015
lcl|NC_052668.1_mrna_XM_039449603.1_12221	2650	2451	8.88172	1.01782
lcl|NC_052668.1_mrna_XM_039449602.1_12222	2580	2381	0	0
lcl|NC_052668.1_mrna_XM_039449601.1_12223	2577	2378	0	0
lcl|NC_052668.1_mrna_XM_039449605.1_12224	2119	1920	0	0
lcl|NC_052668.1_mrna_XM_011175313.3_12225	4487	4288	61.6942	4.04115
lcl|NC_052668.1_mrna_XM_039449598.1_12226	4288	4089	8.69686	0.597395
lcl|NC_052668.1_mrna_XM_011175311.3_12227	4296	4097	229.481	15.7325
lcl|NC_052668.1_mrna_XM_039449599.1_12228	4347	4148	20.097	1.36084
lcl|NC_052668.1_mrna_XM_039449600.1_12229	5049	4850	0.000746616	4.32386e-05
lcl|NC_052668.1_mrna_XM_026131796.2_12230	4798	4599	25.0302	1.52868
lcl|NC_052668.1_mrna_XM_011175310.3_12231	1169	970	72	20.8486
lcl|NC_052668.1_mrna_XM_011175316.3_12232	3593	3394	7	0.579298
lcl|NC_052668.1_mrna_XM_039449607.1_12233	718	519	1	0.541188
lcl|NC_052668.1_mrna_XM_026131784.2_12234	7213	7014	96.0518	3.84641
lcl|NC_052668.1_mrna_XM_039449249.1_12235	1062	863	0	0
lcl|NC_052668.1_mrna_XM_026131780.2_12236	12139	11940	0	0
lcl|NC_052668.1_mrna_XM_026131777.2_12237	12092	11893	0	0
lcl|NC_052668.1_mrna_XM_026131776.2_12238	12062	11863	30.4295	0.720471
lcl|NC_052668.1_mrna_XM_026131779.2_12239	11968	11769	0	0
lcl|NC_052668.1_mrna_XM_039449596.1_12240	9728	9529	0.0696673	0.00205351
lcl|NC_052668.1_mrna_XM_039449597.1_12241	9691	9492	3.44902	0.102059
lcl|NC_052668.1_mrna_XM_011175308.3_12242	1674	1475	517	98.4497
lcl|NC_052668.1_mrna_XM_011157252.3_12243	1227	1028	134.981	36.8803
lcl|NC_052668.1_mrna_XM_011157251.3_12244	1320	1121	566.778	142.011
lcl|NC_052668.1_mrna_XM_039449385.1_12245	1152	953	131.241	38.6805
lcl|NC_052668.1_mrna_XM_011175304.3_12246	4126	3927	272.416	19.4844
lcl|NC_052668.1_mrna_XM_011175307.3_12247	3777	3578	0	0
lcl|NC_052668.1_mrna_XM_011175306.3_12248	5266	5067	305.584	16.9393
lcl|NC_052668.1_mrna_XM_011175302.3_12249	1898	1699	1617.98	267.482
lcl|NC_052668.1_mrna_XM_011175303.3_12250	1783	1584	761.023	134.945
lcl|NC_052668.1_mrna_XM_011175301.3_12251	1692	1493	616	115.888
lcl|NC_052668.1_mrna_XM_039449381.1_12252	3003	2804	1684.16	168.703
lcl|NC_052668.1_mrna_XM_039449382.1_12253	3362	3163	279.212	24.7942
lcl|NC_052668.1_mrna_XM_011175300.3_12254	3312	3113	0	0
lcl|NC_052668.1_mrna_XM_039449383.1_12255	3204	3005	698.041	65.2458
lcl|NC_052668.1_mrna_XM_026131886.2_12256	4920	4721	673.583	40.0749
lcl|NC_052668.1_mrna_XM_011175299.3_12257	1786	1587	505.308	89.4324
lcl|NC_052668.1_mrna_XM_011175298.3_12258	2207	2008	492.692	68.9172
lcl|NC_052668.1_mrna_XM_026131802.2_12259	4220	4021	162	11.3161
lcl|NC_052668.1_mrna_XM_026131803.2_12260	2570	2371	106.504	12.6169
lcl|NC_052668.1_mrna_XM_011175293.3_12261	2542	2343	112.496	13.4859
lcl|NC_052668.1_mrna_XM_011175294.2_12262	2037	1838	490.315	74.9282
lcl|NC_052668.1_mrna_XM_011175295.2_12263	2034	1835	227.685	34.8509
lcl|NC_052668.1_mrna_XM_011175296.3_12264	707	508	2006	1109.13
lcl|NC_052668.1_mrna_XM_011175292.3_12265	2424	2225	715	90.2593
lcl|NC_052668.1_mrna_XM_026131787.2_12266	16782	16583	7.99827	0.135472
lcl|NC_052668.1_mrna_XM_011175283.3_12267	16755	16556	41.0017	0.695605
lcl|NC_052668.1_mrna_XM_039449391.1_12268	4096	3897	1.07672	0.0776046
lcl|NC_052668.1_mrna_XM_039449392.1_12269	3988	3789	1.07908	0.0799915
lcl|NC_052668.1_mrna_XM_026131788.2_12270	2687	2488	2	0.225785
lcl|NC_052668.1_trna_12271	82	3.75521	0	0
lcl|NC_052668.1_mrna_XM_011175284.3_12272	1916	1717	30.8062	5.03946
lcl|NC_052668.1_mrna_XM_039448876.1_12273	6534	6335	1767.66	78.3733
lcl|NC_052668.1_mrna_NM_001304584.1_12274	5601	5402	6012.11	312.599
lcl|NC_052668.1_mrna_NM_001304585.1_12275	5481	5282	81.4272	4.32999
lcl|NC_052668.1_mrna_XM_039449250.1_12276	10363	10164	138	3.81356
lcl|NC_052668.1_mrna_XM_026131792.2_12277	1279	1080	0	0
lcl|NC_052668.1_mrna_XM_026131790.2_12278	1811	1612	45	7.84085
lcl|NC_052668.1_mrna_XM_026131789.2_12279	1739	1540	0	0
lcl|NC_052668.1_mrna_XM_026131943.2_12280	10445	10246	0.096389	0.00264234
lcl|NC_052668.1_ncrna_XR_851305.3_12281	813	614	3	1.37236
lcl|NC_052668.1_mrna_XM_026131932.2_12282	11853	11654	1.65814e-06	3.99633e-08
lcl|NC_052668.1_mrna_XM_026131934.2_12283	11847	11648	2.77935e-06	6.70204e-08
lcl|NC_052668.1_mrna_XM_026131936.2_12284	11844	11645	3.59872e-06	8.68008e-08
lcl|NC_052668.1_mrna_XM_026131938.2_12285	11820	11621	2.84988e-05	6.8881e-07
lcl|NC_052668.1_mrna_XM_026131940.2_12286	11814	11615	4.78396e-05	1.15687e-06
lcl|NC_052668.1_mrna_XM_026131933.2_12287	11850	11651	2.14668e-06	5.17511e-08
lcl|NC_052668.1_mrna_XM_026131935.2_12288	11844	11645	3.59872e-06	8.68008e-08
lcl|NC_052668.1_mrna_XM_026131937.2_12289	11841	11642	4.65995e-06	1.12427e-07
lcl|NC_052668.1_mrna_XM_026131939.2_12290	11817	11618	82.9034	2.00427
lcl|NC_052668.1_mrna_XM_026131941.2_12291	11811	11612	6.19884e-05	1.49941e-06
lcl|NC_052668.1_mrna_XM_026131942.2_12292	11808	11609	8.03273e-05	1.9435e-06
lcl|NC_052668.1_mrna_XM_011175279.3_12293	2082	1883	935	139.469
lcl|NC_052668.1_mrna_XM_011175275.3_12294	1811	1612	85.4269	14.8849
lcl|NC_052668.1_mrna_XM_011175274.3_12295	1817	1618	59.5731	10.3416
lcl|NC_052668.1_ncrna_XR_005574811.1_12296	334	135	0	0
lcl|NC_052668.1_mrna_XM_039449396.1_12297	2594	2395	0	0
lcl|NC_052668.1_mrna_XM_039449393.1_12298	2599	2400	305.381	35.7393
lcl|NC_052668.1_mrna_XM_039449395.1_12299	2660	2461	0.670685	0.076546
lcl|NC_052668.1_mrna_XM_039449394.1_12300	2660	2461	654.948	74.75
lcl|NC_052668.1_mrna_XM_039449397.1_12301	2339	2140	0	0
lcl|NC_052668.1_ncrna_XR_005574814.1_12302	426	227	0	0
lcl|NC_052668.1_mrna_XM_011175273.3_12303	3130	2931	0	0
lcl|NC_052668.1_ncrna_XR_005574813.1_12304	477	278	0	0
lcl|NC_052668.1_mrna_XM_011175272.3_12305	1499	1300	2	0.432118
lcl|NC_052668.1_mrna_XM_011175271.3_12306	1760	1561	0	0
lcl|NC_052668.1_mrna_XM_011175268.3_12307	1276	1077	0	0
lcl|NC_052668.1_mrna_XM_026131841.2_12308	6397	6198	6	0.271904
lcl|NC_052668.1_miscrna_XR_005574810.1_12309	6619	6420	0	0
lcl|NC_052668.1_mrna_XM_039449389.1_12310	6243	6044	0	0
lcl|NC_052668.1_mrna_XM_039449387.1_12311	6328	6129	0	0
lcl|NC_052668.1_mrna_XM_039449386.1_12312	6283	6084	0	0
lcl|NC_052668.1_mrna_XM_026131842.2_12313	6698	6499	0	0
lcl|NC_052668.1_mrna_XM_011175270.3_12314	6583	6384	0	0
lcl|NC_052668.1_mrna_XM_026131929.2_12315	2599	2400	7.27273	0.851142
lcl|NC_052668.1_mrna_XM_011175262.3_12316	2269	2070	19.3165	2.62103
lcl|NC_052668.1_mrna_XM_011175265.3_12317	1306	1107	72.6748	18.4396
lcl|NC_052668.1_mrna_XM_011175266.3_12318	1338	1139	6.73605	1.66111
lcl|NC_052668.1_mrna_XM_011175264.3_12319	1279	1080	527	137.057
lcl|NC_052668.1_ncrna_XR_005574812.1_12320	1471	1272	6.8274	1.50759
lcl|NC_052668.1_mrna_XM_026131928.2_12321	4748	4549	8	0.493958
lcl|NC_052668.1_mrna_XM_011175260.3_12322	6774	6575	91	3.88742
lcl|NC_052668.1_mrna_XM_011175258.3_12323	1464	1265	652.243	144.822
lcl|NC_052668.1_mrna_XM_026131839.2_12324	2159	1960	71.7568	10.2831
lcl|NC_052668.1_mrna_XM_011175257.3_12325	7011	6812	36.9983	1.52554
lcl|NC_052668.1_miscrna_XR_003268336.2_12326	7079	6880	0.00174358	7.11817e-05
lcl|NC_052668.1_mrna_XM_039449445.1_12327	2629	2430	0	0
lcl|NC_052668.1_mrna_XM_011175256.3_12328	3008	2809	46	4.59962
lcl|NC_052668.1_mrna_XM_039449402.1_12329	27224	27025	0	0
lcl|NC_052668.1_mrna_XM_039449398.1_12330	27256	27057	0	0
lcl|NC_052668.1_mrna_XM_039449410.1_12331	31579	31380	0	0
lcl|NC_052668.1_mrna_XM_039449415.1_12332	31531	31332	0	0
lcl|NC_052668.1_mrna_XM_039449423.1_12333	31486	31287	0	0
lcl|NC_052668.1_mrna_XM_039449413.1_12334	31564	31365	0	0
lcl|NC_052668.1_mrna_XM_039449406.1_12335	29248	29049	0	0
lcl|NC_052668.1_mrna_XM_039449417.1_12336	29146	28947	0	0
lcl|NC_052668.1_mrna_XM_039449422.1_12337	29128	28929	0	0
lcl|NC_052668.1_mrna_XM_039449421.1_12338	28297	28098	0	0
lcl|NC_052668.1_mrna_XM_039449424.1_12339	28279	28080	0	0
lcl|NC_052668.1_mrna_XM_039449429.1_12340	28219	28020	0	0
lcl|NC_052668.1_mrna_XM_039449427.1_12341	28239	28040	0	0
lcl|NC_052668.1_mrna_XM_039449432.1_12342	28179	27980	0	0
lcl|NC_052668.1_mrna_XM_039449435.1_12343	22803	22604	0	0
lcl|NC_052668.1_mrna_XM_039449442.1_12344	21699	21500	0.0114481	0.000149558
lcl|NC_052668.1_mrna_XM_039449443.1_12345	21540	21341	19.5928	0.257869
lcl|NC_052668.1_mrna_XM_039449441.1_12346	21584	21385	2.4827	0.0326086
lcl|NC_052668.1_mrna_XM_039449400.1_12347	27062	26863	0	0
lcl|NC_052668.1_mrna_XM_039449399.1_12348	27033	26834	0	0
lcl|NC_052668.1_mrna_XM_039449401.1_12349	27367	27168	0	0
lcl|NC_052668.1_mrna_XM_039449403.1_12350	28760	28561	0	0
lcl|NC_052668.1_mrna_XM_039449418.1_12351	28640	28441	0	0
lcl|NC_052668.1_mrna_XM_039449425.1_12352	28580	28381	22.1086	0.218801
lcl|NC_052668.1_mrna_XM_039449412.1_12353	28697	28498	0	0
lcl|NC_052668.1_mrna_XM_039449419.1_12354	28637	28438	0	0
lcl|NC_052668.1_mrna_XM_039449426.1_12355	28577	28378	0	0
lcl|NC_052668.1_mrna_XM_039449431.1_12356	28517	28318	0	0
lcl|NC_052668.1_mrna_XM_039449411.1_12357	28697	28498	0	0
lcl|NC_052668.1_mrna_XM_039449409.1_12358	28706	28507	0	0
lcl|NC_052668.1_mrna_XM_039449420.1_12359	28628	28429	0	0
lcl|NC_052668.1_mrna_XM_039449404.1_12360	28748	28549	0	0
lcl|NC_052668.1_mrna_XM_039449436.1_12361	19925	19726	0	0
lcl|NC_052668.1_mrna_XM_039449437.1_12362	19871	19672	0	0
lcl|NC_052668.1_mrna_XM_039449438.1_12363	18992	18793	35.8394	0.535649
lcl|NC_052668.1_mrna_XM_039449439.1_12364	28586	28387	0	0
lcl|NC_052668.1_miscrna_XR_005574815.1_12365	26429	26230	0	0
lcl|NC_052668.1_miscrna_XR_005574816.1_12366	26366	26167	0	0
lcl|NC_052668.1_mrna_XM_039449407.1_12367	26363	26164	0	0
lcl|NC_052668.1_mrna_XM_039449405.1_12368	26372	26173	0	0
lcl|NC_052668.1_mrna_XM_039449408.1_12369	26348	26149	0	0
lcl|NC_052668.1_mrna_XM_039449414.1_12370	26309	26110	0	0
lcl|NC_052668.1_mrna_XM_039449416.1_12371	26270	26071	0	0
lcl|NC_052668.1_mrna_XM_039449428.1_12372	26189	25990	0	0
lcl|NC_052668.1_mrna_XM_026131773.2_12373	25587	25388	0	0
lcl|NC_052668.1_mrna_XM_039449430.1_12374	25482	25283	0	0
lcl|NC_052668.1_mrna_XM_039449440.1_12375	28021	27822	0.00356502	3.59906e-05
lcl|NC_052668.1_mrna_XM_039449433.1_12376	25747	25548	0	0
lcl|NC_052668.1_mrna_XM_039449444.1_12377	19192	18993	69.8469	1.03293
lcl|NC_052668.1_mrna_XM_039449434.1_12378	21596	21397	3.11528	0.040894
lcl|NC_052668.1_ncrna_XR_005574817.1_12379	1339	1140	0	0
lcl|NC_052668.1_mrna_XM_026131840.2_12380	2490	2291	3	0.3678
lcl|NC_052668.1_mrna_XM_039449251.1_12381	2333	2134	0	0
lcl|NC_052668.1_mrna_XM_011175251.3_12382	3836	3637	30.8451	2.38209
lcl|NC_052668.1_mrna_XM_011175253.3_12383	3813	3614	76.1549	5.91869
lcl|NC_052668.1_mrna_XM_011175249.3_12384	1878	1679	365	61.0602
lcl|NC_052668.1_mrna_XM_039449568.1_12385	3802	3603	8.71532e-07	6.79415e-08
lcl|NC_052668.1_mrna_XM_039449570.1_12386	3808	3609	1.64246e-07	1.27828e-08
lcl|NC_052668.1_mrna_XM_039449565.1_12387	3886	3687	0	0
lcl|NC_052668.1_mrna_XM_039449569.1_12388	3742	3543	18	1.42698
lcl|NC_052668.1_mrna_XM_039449567.1_12389	3811	3612	7.13762e-08	5.55036e-09
lcl|NC_052668.1_mrna_XM_026131825.2_12390	3826	3627	0	0
lcl|NC_052668.1_mrna_XM_039449566.1_12391	3817	3618	1.35073e-08	1.04862e-09
lcl|NC_052668.1_mrna_XM_039449563.1_12392	3859	3660	0	0
lcl|NC_052668.1_mrna_XM_039449564.1_12393	3853	3654	0	0
lcl|NC_052668.1_mrna_XM_039449562.1_12394	3895	3696	0	0
lcl|NC_052668.1_mrna_XM_011158831.3_12395	1477	1278	100.831	22.1604
lcl|NC_052668.1_mrna_XM_011158830.3_12396	1399	1200	1282.17	300.11
lcl|NC_052668.1_mrna_XM_026131888.2_12397	1285	1086	5.72546	1.4808
lcl|NC_052668.1_mrna_XM_011175245.3_12398	1286	1087	2.27454	0.587731
lcl|NC_052668.1_mrna_XM_011175246.3_12399	1078	879	18	5.75174
lcl|NC_052668.1_ncrna_XR_851303.3_12400	1170	971	614.048	177.623
lcl|NC_052668.1_ncrna_XR_005574850.1_12401	1298	1099	0.00297938	0.000761455
lcl|NC_052668.1_ncrna_XR_005574849.1_12402	1997	1798	22.949	3.58501
lcl|NC_052668.1_mrna_XM_026131887.2_12403	3288	3089	628	57.1028
lcl|NC_052668.1_mrna_XM_026131889.2_12404	1213	1014	44.087	12.212
lcl|NC_052668.1_mrna_XM_039449572.1_12405	1052	853	44.913	14.789
lcl|NC_052668.1_ncrna_XR_003268342.2_12406	2533	2334	0	0
lcl|NC_052668.1_ncrna_XR_005574851.1_12407	2604	2405	0	0
lcl|NC_052668.1_mrna_XM_011175242.3_12408	4415	4216	1	0.0666216
lcl|NC_052668.1_ncrna_XR_005574852.1_12409	24267	24068	26.0087	0.303525
lcl|NC_052668.1_ncrna_XR_005574854.1_12410	857	658	0	0
lcl|NC_052668.1_ncrna_XR_005574855.1_12411	790	591	1	0.475257
lcl|NC_052668.1_mrna_XM_011175241.2_12412	533	334	587	493.637
lcl|NC_052668.1_mrna_XM_039449585.1_12413	579	380	1	0.739149
lcl|NC_052668.1_mrna_XM_039449586.1_12414	7646	7447	1	0.0377168
lcl|NC_052668.1_mrna_XM_026131817.2_12415	2902	2703	4.58939	0.476897
lcl|NC_052668.1_mrna_XM_039449252.1_12416	1528	1329	0	0
lcl|NC_052668.1_mrna_XM_026131818.2_12417	2709	2510	0	0
lcl|NC_052668.1_mrna_XM_011175240.3_12418	2695	2496	202.573	22.7956
lcl|NC_052668.1_mrna_XM_026131819.2_12419	2804	2605	607.983	65.554
lcl|NC_052668.1_mrna_XM_011175239.3_12420	1504	1305	2581.86	555.696
lcl|NC_052668.1_mrna_XM_011175238.3_12421	3599	3400	1091.74	90.1897
lcl|NC_052668.1_mrna_XM_011175237.3_12422	5107	4908	148.258	8.48456
lcl|NC_052668.1_mrna_XM_011175235.3_12423	5843	5644	29.0452	1.44545
lcl|NC_052668.1_mrna_XM_011175236.3_12424	5837	5638	22.1459	1.10327
lcl|NC_052668.1_mrna_XM_011175234.3_12425	4404	4205	5.81219	0.38823
lcl|NC_052668.1_mrna_XM_039449580.1_12426	2967	2768	0	0
lcl|NC_052668.1_mrna_XM_011175230.3_12427	1877	1678	39	6.52812
lcl|NC_052668.1_mrna_XM_039449579.1_12428	2551	2352	0	0
lcl|NC_052668.1_mrna_XM_039449581.1_12429	2667	2468	0	0
lcl|NC_052668.1_mrna_XM_039449582.1_12430	2672	2473	0	0
lcl|NC_052668.1_mrna_XM_039449578.1_12431	2934	2735	0	0
lcl|NC_052668.1_mrna_XM_039449577.1_12432	2734	2535	0	0
lcl|NC_052668.1_mrna_XM_039449575.1_12433	2894	2695	0	0
lcl|NC_052668.1_mrna_XM_039449576.1_12434	2817	2618	0	0
lcl|NC_052668.1_mrna_XM_039449574.1_12435	2996	2797	0	0
lcl|NC_052668.1_mrna_XM_039449583.1_12436	1069	870	238.993	77.1582
lcl|NC_052668.1_mrna_XM_039449584.1_12437	1075	876	1188.01	380.917
lcl|NC_052668.1_mrna_XM_011175228.3_12438	4676	4477	337	21.1426
lcl|NC_052668.1_mrna_XM_011175226.3_12439	4974	4775	0	0
lcl|NC_052668.1_mrna_XM_039449938.1_12440	6815	6616	0	0
lcl|NC_052668.1_mrna_XM_039449937.1_12441	6881	6682	43	1.8075
lcl|NC_052668.1_mrna_XM_011175222.3_12442	856	657	2	0.855028
lcl|NC_052668.1_mrna_XM_011175223.3_12443	3307	3108	364.299	32.9225
lcl|NC_052668.1_mrna_XM_026131812.2_12444	3282	3083	186.068	16.9517
lcl|NC_052668.1_mrna_XM_039449935.1_12445	3768	3569	28.3542	2.23145
lcl|NC_052668.1_mrna_XM_011175216.3_12446	2824	2625	12.2789	1.31385
lcl|NC_052668.1_mrna_XM_011175218.3_12447	2579	2380	93.056	10.982
lcl|NC_052668.1_mrna_XM_011175217.3_12448	2562	2363	1129.49	134.256
lcl|NC_052668.1_mrna_XM_011175219.3_12449	2372	2173	56.4553	7.29727
lcl|NC_052668.1_mrna_XM_011175220.3_12450	1653	1454	572	110.496
lcl|NC_052668.1_mrna_XM_011175215.3_12451	2602	2403	2657	310.566
lcl|NC_052668.1_mrna_XM_011175214.3_12452	987	788	1894.73	675.363
lcl|NC_052668.1_mrna_XM_039449936.1_12453	966	767	477.267	174.776
lcl|NC_052668.1_mrna_XM_039450066.1_12454	7305	7106	2.28513	0.0903236
lcl|NC_052668.1_mrna_XM_039450061.1_12455	12181	11982	0	0
lcl|NC_052668.1_mrna_XM_039450064.1_12456	12144	11945	1.11661e-08	2.6256e-10
lcl|NC_052668.1_mrna_XM_026131761.2_12457	12041	11842	10.9073	0.258708
lcl|NC_052668.1_mrna_XM_011175211.3_12458	12004	11805	251.687	5.98841
lcl|NC_052668.1_mrna_XM_039450062.1_12459	13329	13130	4.12011	0.0881374
lcl|NC_052668.1_mrna_XM_026131763.2_12460	11901	11702	0	0
lcl|NC_052668.1_mrna_XM_039450063.1_12461	12859	12660	0	0
lcl|NC_052668.1_mrna_XM_039450065.1_12462	10504	10305	0	0
lcl|NC_052668.1_mrna_NM_001304607.1_12463	822	623	4820	2173.07
lcl|NC_052668.1_mrna_XM_026131807.2_12464	4587	4388	41.2467	2.64021
lcl|NC_052668.1_mrna_XM_011175206.3_12465	4709	4510	24.2521	1.51039
lcl|NC_052668.1_mrna_XM_039450067.1_12466	5048	4849	8.84857e-05	5.1255e-06
lcl|NC_052668.1_mrna_XM_026131805.2_12467	4984	4785	54.2532	3.18463
lcl|NC_052668.1_mrna_XM_026131804.2_12468	4882	4683	1.24795	0.0748497
lcl|NC_052668.1_mrna_XM_026131806.2_12469	4889	4690	0	0
lcl|NC_052668.1_mrna_XM_011175205.3_12470	1232	1033	1127	306.436
lcl|NC_052668.1_mrna_XM_011175204.3_12471	1142	943	311.592	92.809
lcl|NC_052668.1_mrna_XM_011175203.3_12472	1149	950	550.054	162.629
lcl|NC_052668.1_mrna_XM_039450068.1_12473	1433	1234	39.1644	8.91439
lcl|NC_052668.1_mrna_XM_039450069.1_12474	1443	1244	26.1893	5.91315
lcl|NC_052668.1_mrna_XM_011175199.3_12475	1388	1189	121.577	28.72
lcl|NC_052668.1_mrna_XM_011175200.3_12476	1351	1152	238.659	58.1891
lcl|NC_052668.1_mrna_XM_011175202.3_12477	1446	1247	778.764	175.41
lcl|NC_052668.1_mrna_XM_011175198.3_12478	1503	1304	0	0
lcl|NC_052668.1_mrna_XM_011175201.3_12479	1448	1249	0	0
lcl|NC_052668.1_mrna_XM_011175197.3_12480	2384	2185	656	84.3273
lcl|NC_052668.1_mrna_XM_011175196.3_12481	2767	2568	193.47	21.161
lcl|NC_052668.1_mrna_XM_011175195.3_12482	2791	2592	1375.53	149.056
lcl|NC_052668.1_mrna_XM_011175194.3_12483	2698	2499	185.037	20.7973
lcl|NC_052668.1_mrna_XM_011175193.3_12484	2776	2577	539.905	58.8462
lcl|NC_052668.1_mrna_XM_026131944.2_12485	2549	2350	0.0583835	0.00697812
lcl|NC_052668.1_mrna_XM_026131945.2_12486	2251	2052	3004.5	411.254
lcl|NC_052668.1_mrna_XM_011175192.3_12487	2254	2055	572.501	78.2492
lcl|NC_052668.1_mrna_XM_011175191.3_12488	1129	930	633	191.177
lcl|NC_052668.1_mrna_XM_011175187.3_12489	2600	2401	231.549	27.0873
lcl|NC_052668.1_mrna_XM_011175188.3_12490	2575	2376	449.254	53.1081
lcl|NC_052668.1_mrna_XM_011175190.3_12491	2458	2259	5.19725	0.64621
lcl|NC_052668.1_mrna_XM_026131822.2_12492	2827	2628	0	0
lcl|NC_052668.1_mrna_XM_026131821.2_12493	4041	3842	0	0
lcl|NC_052668.1_mrna_XM_039449776.1_12494	3868	3669	35	2.67939
lcl|NC_052668.1_mrna_XM_011175184.3_12495	1062	863	319.076	103.848
lcl|NC_052668.1_mrna_XM_039449780.1_12496	1883	1684	173.073	28.8672
lcl|NC_052668.1_mrna_XM_026131766.2_12497	1176	977	65.4659	18.8207
lcl|NC_052668.1_mrna_XM_039449784.1_12498	1318	1119	119.123	29.9007
lcl|NC_052668.1_mrna_XM_039449788.1_12499	1529	1330	41.1047	8.68072
lcl|NC_052668.1_mrna_XM_011175185.3_12500	3172	2973	451.134	42.6213
lcl|NC_052668.1_miscrna_XR_005574907.1_12501	1591	1392	677.605	136.727
lcl|NC_052668.1_mrna_XM_039449787.1_12502	1155	956	723.738	212.637
lcl|NC_052668.1_mrna_XM_039449779.1_12503	3128	2929	946.285	90.7441
lcl|NC_052668.1_mrna_XM_039449785.1_12504	1608	1409	296.623	59.1303
lcl|NC_052668.1_mrna_XM_011175183.2_12505	599	400	1063	746.43
lcl|NC_052668.1_mrna_XM_011175178.3_12506	4849	4650	0	0
lcl|NC_052668.1_mrna_XM_039449777.1_12507	4889	4690	0	0
lcl|NC_052668.1_miscrna_XR_005574904.1_12508	4762	4563	0	0
lcl|NC_052668.1_mrna_XM_039449778.1_12509	4714	4515	202.55	12.6005
lcl|NC_052668.1_mrna_XM_026131891.2_12510	3963	3764	0	0
lcl|NC_052668.1_mrna_XM_011175181.3_12511	2268	2069	1471.16	199.718
lcl|NC_052668.1_mrna_XM_011175182.3_12512	2074	1875	42.2867	6.33459
lcl|NC_052668.1_mrna_XM_011175171.3_12513	2328	2129	824.963	108.836
lcl|NC_052668.1_mrna_XM_026131892.2_12514	2421	2222	86.0372	10.8757
lcl|NC_052668.1_mrna_XM_011175174.3_12515	2464	2265	59.8162	7.41765
lcl|NC_052668.1_mrna_XM_011175175.3_12516	3113	2914	0	0
lcl|NC_052668.1_ncrna_XR_003268345.2_12517	1581	1382	8.22002	1.67063
lcl|NC_052668.1_ncrna_XR_851299.3_12518	996	797	0	0
lcl|NC_052668.1_mrna_XM_011175176.3_12519	3914	3715	1198.91	90.6451
lcl|NC_052668.1_mrna_XM_011175177.3_12520	2972	2773	112.052	11.3497
lcl|NC_052668.1_mrna_XM_011175170.3_12521	1186	987	356	101.309
lcl|NC_052668.1_mrna_XM_039449775.1_12522	4584	4385	470.357	30.1283
lcl|NC_052668.1_mrna_XM_011175167.3_12523	1236	1037	31.2504	8.46433
lcl|NC_052668.1_mrna_XM_011175166.3_12524	1048	849	1041.85	344.676
lcl|NC_052668.1_mrna_XM_039449781.1_12525	1485	1286	0	0
lcl|NC_052668.1_mrna_XM_039449783.1_12526	1508	1309	0	0
lcl|NC_052668.1_mrna_XM_039449782.1_12527	1541	1342	10.5461	2.20727
lcl|NC_052668.1_mrna_XM_026131878.2_12528	1539	1340	0	0
lcl|NC_052668.1_mrna_XM_039449253.1_12529	3026	2827	39	3.87485
lcl|NC_052668.1_mrna_XM_011175162.3_12530	5770	5571	523	26.3684
lcl|NC_052668.1_mrna_XM_011175159.3_12531	4193	3994	1166.98	82.0674
lcl|NC_052668.1_mrna_XM_011175158.3_12532	6360	6161	14	0.638253
lcl|NC_052668.1_mrna_XM_011175148.3_12533	1387	1188	409.866	96.9039
lcl|NC_052668.1_mrna_XM_039449801.1_12534	1331	1132	125.83	31.2215
lcl|NC_052668.1_mrna_XM_011175149.3_12535	1421	1222	36.3646	8.35841
lcl|NC_052668.1_mrna_XM_011175146.3_12536	1968	1769	62.8068	9.97228
lcl|NC_052668.1_mrna_XM_026131901.2_12537	1404	1205	43.1321	10.0538
lcl|NC_052668.1_mrna_XM_039449798.1_12538	2319	2120	674.155	89.3181
lcl|NC_052668.1_mrna_XM_011175155.3_12539	2235	2036	89	12.278
lcl|NC_052668.1_mrna_XM_026131900.2_12540	2837	2638	614	65.3746
lcl|NC_052668.1_mrna_XM_039449792.1_12541	2559	2360	4.6956	0.55885
lcl|NC_052668.1_mrna_XM_011175144.3_12542	3936	3737	345.304	25.9534
lcl|NC_052668.1_mrna_XM_026131843.2_12543	3278	3079	145.231	13.2485
lcl|NC_052668.1_mrna_XM_026131844.2_12544	2970	2771	12.7689	1.29429
lcl|NC_052668.1_mrna_XM_026131824.2_12545	1856	1657	158.952	26.9439
lcl|NC_052668.1_mrna_XM_011175143.3_12546	2201	2002	9.21037	1.2922
lcl|NC_052668.1_mrna_XM_011175138.3_12547	2309	2110	25.6927	3.42014
lcl|NC_052668.1_mrna_XM_011175140.3_12548	2165	1966	425.307	60.7624
lcl|NC_052668.1_mrna_XM_011175129.3_12549	1054	855	55.9974	18.3958
lcl|NC_052668.1_mrna_XM_011175134.3_12550	984	785	348.326	124.633
lcl|NC_052668.1_mrna_XM_011175130.3_12551	997	798	22.605	7.95643
lcl|NC_052668.1_mrna_XM_011175135.3_12552	923	724	281.556	109.23
lcl|NC_052668.1_mrna_XM_039449802.1_12553	926	727	31.1323	12.028
lcl|NC_052668.1_mrna_XM_011175133.3_12554	926	727	31.1323	12.028
lcl|NC_052668.1_mrna_XM_011175136.3_12555	986	787	36.2501	12.9375
lcl|NC_052668.1_mrna_XM_011175131.3_12556	1052	853	0	0
lcl|NC_052668.1_mrna_XM_011175137.3_12557	1207	1008	1302	362.799
lcl|NC_052668.1_mrna_XM_039449790.1_12558	9214	9015	10.6952	0.333225
lcl|NC_052668.1_mrna_XM_011175121.3_12559	2055	1856	1300	196.735
lcl|NC_052668.1_mrna_XM_011175125.3_12560	9782	9583	0.00444825	0.000130378
lcl|NC_052668.1_mrna_XM_011175126.3_12561	9695	9496	109.957	3.25237
lcl|NC_052668.1_mrna_XM_011175128.3_12562	9674	9475	384.792	11.4068
lcl|NC_052668.1_ncrna_XR_005574911.1_12563	475	276	1	1.01767
lcl|NC_052668.1_mrna_XM_039449799.1_12564	2245	2046	0	0
lcl|NC_052668.1_mrna_XM_011175119.3_12565	2368	2169	21.551	2.79077
lcl|NC_052668.1_mrna_XM_011175118.3_12566	6291	6092	129	5.94765
lcl|NC_052668.1_mrna_XM_026131741.2_12567	5713	5514	0	0
lcl|NC_052668.1_miscrna_XR_003268334.2_12568	1296	1097	186.655	47.7913
lcl|NC_052668.1_mrna_XM_039449800.1_12569	1381	1182	373.308	88.7085
lcl|NC_052668.1_mrna_XM_011175092.3_12570	1074	875	477.037	153.13
lcl|NC_052668.1_mrna_XM_039449795.1_12571	2644	2445	0	0
lcl|NC_052668.1_mrna_XM_026131750.2_12572	2686	2487	2.90451	0.328029
lcl|NC_052668.1_mrna_XM_039449794.1_12573	2034	1835	8.98349	1.37507
lcl|NC_052668.1_mrna_XM_011175103.3_12574	1889	1690	57.0092	9.47488
lcl|NC_052668.1_mrna_XM_011175099.3_12575	1953	1754	133.056	21.3068
lcl|NC_052668.1_mrna_XM_011175102.3_12576	2076	1877	12.5678	1.88067
lcl|NC_052668.1_mrna_XM_011175104.3_12577	1903	1704	155.437	25.6212
lcl|NC_052668.1_mrna_XM_039449796.1_12578	1827	1628	0	0
lcl|NC_052668.1_mrna_XM_011175098.3_12579	1947	1748	227.418	36.5426
lcl|NC_052668.1_mrna_XM_026131751.2_12580	1837	1638	10.6243	1.82181
lcl|NC_052668.1_mrna_XM_026131746.2_12581	3831	3632	591.322	45.7292
lcl|NC_052668.1_mrna_XM_026131747.2_12582	2384	2185	6.607	0.849314
lcl|NC_052668.1_mrna_XM_011175106.3_12583	2602	2403	197.071	23.0349
lcl|NC_052668.1_mrna_XM_011175112.3_12584	5860	5661	52.1429	2.58713
lcl|NC_052668.1_mrna_XM_026131745.2_12585	6011	5812	0	0
lcl|NC_052668.1_ncrna_XR_005574910.1_12586	1051	852	2	0.659335
lcl|NC_052668.1_mrna_XM_011175109.3_12587	6069	5870	0	0
lcl|NC_052668.1_mrna_XM_011175108.3_12588	5937	5738	7.87751	0.385606
lcl|NC_052668.1_mrna_XM_011175107.3_12589	5789	5590	0	0
lcl|NC_052668.1_mrna_XM_011175115.3_12590	5800	5601	0	0
lcl|NC_052668.1_mrna_XM_011175110.3_12591	5780	5581	0	0
lcl|NC_052668.1_mrna_XM_026131881.2_12592	1358	1159	1	0.242344
lcl|NC_052668.1_mrna_XM_026131872.2_12593	1041	842	0	0
lcl|NC_052668.1_mrna_XM_011175116.3_12594	1027	828	0	0
lcl|NC_052668.1_mrna_XM_039449254.1_12595	4183	3984	153	10.7867
lcl|NC_052668.1_mrna_XM_011175117.3_12596	1238	1039	0	0
lcl|NC_052668.1_mrna_XM_011175091.3_12597	3353	3154	0	0
lcl|NC_052668.1_mrna_XM_011175090.3_12598	3357	3158	132	11.7403
lcl|NC_052668.1_mrna_XM_011175089.3_12599	2651	2452	3.24541	0.371762
lcl|NC_052668.1_mrna_XM_011175088.3_12600	1760	1561	0	0
lcl|NC_052668.1_mrna_XM_039449803.1_12601	1613	1414	5.75459	1.14309
lcl|NC_052668.1_mrna_XM_011175086.3_12602	1935	1736	72.3323	11.703
lcl|NC_052668.1_mrna_XM_011175085.3_12603	1791	1592	7.66774	1.35282
lcl|NC_052668.1_mrna_XM_011175084.3_12604	2350	2151	161	21.0233
lcl|NC_052668.1_mrna_XM_026131915.2_12605	5073	4874	12.4208	0.715783
lcl|NC_052668.1_mrna_XM_026131909.2_12606	5435	5236	117.929	6.32609
lcl|NC_052668.1_mrna_XM_026131913.2_12607	5372	5173	0	0
lcl|NC_052668.1_mrna_XM_026131912.2_12608	5402	5203	3.33743e-06	1.80166e-07
lcl|NC_052668.1_mrna_XM_026131914.2_12609	5339	5140	0	0
lcl|NC_052668.1_mrna_XM_026131910.2_12610	5432	5233	0.0578821	0.00310677
lcl|NC_052668.1_mrna_XM_026131925.2_12611	1326	1127	30.4423	7.58699
lcl|NC_052668.1_miscrna_XR_003268351.2_12612	3705	3506	39.8562	3.193
lcl|NC_052668.1_mrna_XM_026131922.2_12613	3616	3417	0	0
lcl|NC_052668.1_mrna_XM_011175080.3_12614	4035	3836	24.6772	1.80689
lcl|NC_052668.1_miscrna_XR_851298.3_12615	4122	3923	0	0
lcl|NC_052668.1_mrna_XM_039449872.1_12616	739	540	4.64554	2.41634
lcl|NC_052668.1_mrna_XM_026131924.2_12617	1269	1070	0	0
lcl|NC_052668.1_mrna_XM_039449870.1_12618	901	702	6.10174	2.44136
lcl|NC_052668.1_mrna_XM_026131923.2_12619	1028	829	0	0
lcl|NC_052668.1_mrna_XM_011175077.3_12620	4049	3850	34.136	2.49039
lcl|NC_052668.1_mrna_XM_011175078.3_12621	5860	5661	31.259	1.55095
lcl|NC_052668.1_mrna_XM_039449869.1_12622	1082	883	11.3064	3.59648
lcl|NC_052668.1_mrna_XM_026131920.2_12623	1139	940	445.96	133.255
lcl|NC_052668.1_mrna_XM_026131917.2_12624	1676	1477	27.2082	5.1741
lcl|NC_052668.1_mrna_XM_011175081.3_12625	3379	3180	11.3722	1.00446
lcl|NC_052668.1_mrna_XM_011175082.3_12626	3198	2999	121.628	11.3913
lcl|NC_052668.1_mrna_XM_039449868.1_12627	1998	1799	8	1.24903
lcl|NC_052668.1_mrna_XM_011175076.3_12628	1897	1698	972	160.785
lcl|NC_052668.1_mrna_XM_011175073.3_12629	1063	864	138.33	44.9697
lcl|NC_052668.1_mrna_XM_011175075.3_12630	1046	847	416.121	137.991
lcl|NC_052668.1_mrna_XM_039449873.1_12631	1144	945	311.549	92.5998
lcl|NC_052668.1_mrna_XM_011175031.3_12632	1432	1233	1896	431.908
lcl|NC_052668.1_mrna_XM_011175071.3_12633	2119	1920	14.3467	2.09878
lcl|NC_052668.1_mrna_XM_011175070.3_12634	4027	3828	227.198	16.6705
lcl|NC_052668.1_mrna_XM_026131906.2_12635	3916	3717	255.681	19.3206
lcl|NC_052668.1_mrna_XM_026131907.2_12636	4025	3826	155.816	11.4389
lcl|NC_052668.1_mrna_XM_026131908.2_12637	3793	3594	186.947	14.6102
lcl|NC_052668.1_ncrna_XR_005574888.1_12638	1870	1671	1.01167	0.17005
lcl|NC_052668.1_mrna_XM_039449702.1_12639	3585	3386	0.000185112	1.53555e-05
lcl|NC_052668.1_mrna_XM_039449704.1_12640	1782	1583	4.08409	0.724653
lcl|NC_052668.1_mrna_XM_039449703.1_12641	1771	1572	45.9159	8.20401
lcl|NC_052668.1_mrna_XM_039449701.1_12642	4957	4758	47	2.77453
lcl|NC_052668.1_mrna_XM_011175069.3_12643	1756	1557	84	15.1533
lcl|NC_052668.1_mrna_XM_011175068.3_12644	2443	2244	0	0
lcl|NC_052668.1_ncrna_XR_003268349.2_12645	601	402	5	3.49349
lcl|NC_052668.1_mrna_XM_011175066.3_12646	1905	1706	1209	199.05
lcl|NC_052668.1_mrna_XM_011175067.3_12647	950	751	114.675	42.8889
lcl|NC_052668.1_mrna_XM_011175065.3_12648	4881	4682	146.325	8.77813
lcl|NC_052668.1_mrna_XM_026131904.2_12649	4775	4576	0.000250183	1.53563e-05
lcl|NC_052668.1_mrna_XM_011175064.3_12650	1794	1595	1.1132e-08	1.96033e-09
lcl|NC_052668.1_mrna_XM_011175062.3_12651	1777	1578	240	42.7189
lcl|NC_052668.1_ncrna_XR_005574891.1_12652	5395	5196	0	0
lcl|NC_052668.1_ncrna_XR_005574890.1_12653	5447	5248	79	4.22814
lcl|NC_052668.1_ncrna_XR_005574889.1_12654	6685	6486	0	0
lcl|NC_052668.1_mrna_XM_011175061.3_12655	7671	7472	49.1189	1.84641
lcl|NC_052668.1_ncrna_XR_005574892.1_12656	588	389	0	0
lcl|NC_052668.1_mrna_XM_011175060.3_12657	9521	9322	32	0.964177
lcl|NC_052668.1_mrna_XM_011175059.3_12658	621	422	396	263.572
lcl|NC_052668.1_mrna_XM_011175058.3_12659	3383	3184	787	69.4252
lcl|NC_052668.1_mrna_XM_039449715.1_12660	2262	2063	2.68199e-06	3.65152e-07
lcl|NC_052668.1_mrna_XM_011175056.3_12661	2418	2219	442	55.9475
lcl|NC_052668.1_mrna_XM_011175057.3_12662	1065	866	618	200.441
lcl|NC_052668.1_mrna_XM_011175055.3_12663	887	688	560	228.621
lcl|NC_052668.1_mrna_XM_011175054.3_12664	2421	2222	1539	194.541
lcl|NC_052668.1_mrna_XM_039449712.1_12665	8536	8337	44.33	1.4935
lcl|NC_052668.1_mrna_XM_039449711.1_12666	8556	8357	0	0
lcl|NC_052668.1_mrna_XM_039449713.1_12667	8520	8321	1.18502e-08	4.00005e-10
lcl|NC_052668.1_mrna_XM_039449714.1_12668	2894	2695	41.67	4.3429
lcl|NC_052668.1_mrna_XM_011175052.3_12669	2390	2191	278	35.6384
lcl|NC_052668.1_mrna_XM_011175051.3_12670	775	576	544	265.272
lcl|NC_052668.1_mrna_XM_011175047.3_12671	2133	1934	19.7487	2.86813
lcl|NC_052668.1_mrna_XM_011175046.3_12672	2382	2183	66.4935	8.55542
lcl|NC_052668.1_mrna_XM_039449716.1_12673	2448	2249	145.385	18.157
lcl|NC_052668.1_mrna_XM_039449717.1_12674	2069	1870	618.646	92.9215
lcl|NC_052668.1_mrna_XM_011175050.3_12675	1798	1599	62.7275	11.0186
lcl|NC_052668.1_mrna_XM_039449705.1_12676	12183	11984	18.6604	0.437355
lcl|NC_052668.1_mrna_XM_039449707.1_12677	12150	11951	296.528	6.96912
lcl|NC_052668.1_mrna_XM_039449708.1_12678	12147	11948	381.44	8.96699
lcl|NC_052668.1_mrna_XM_039449709.1_12679	12144	11945	2683.45	63.099
lcl|NC_052668.1_mrna_XM_039449706.1_12680	11951	11752	56.8058	1.35768
lcl|NC_052668.1_mrna_XM_039449710.1_12681	11799	11600	384.118	9.30085
lcl|NC_052668.1_mrna_XM_026131835.2_12682	6691	6492	221	9.56158
lcl|NC_052668.1_mrna_XM_039449749.1_12683	1579	1380	0	0
lcl|NC_052668.1_mrna_XM_011175043.3_12684	4003	3804	1520.53	112.272
lcl|NC_052668.1_mrna_XM_011175045.3_12685	2273	2074	3534.47	478.665
lcl|NC_052668.1_mrna_XM_039449718.1_12686	4175	3976	254.261	17.9618
lcl|NC_052668.1_mrna_XM_039449719.1_12687	2675	2476	0	0
lcl|NC_052668.1_mrna_XM_039449720.1_12688	2672	2473	0	0
lcl|NC_052668.1_mrna_XM_026131826.2_12689	2696	2497	0	0
lcl|NC_052668.1_mrna_XM_026131829.2_12690	2647	2448	5.73724	0.658274
lcl|NC_052668.1_mrna_XM_026131827.2_12691	2653	2454	0	0
lcl|NC_052668.1_mrna_XM_026131828.2_12692	2650	2451	0	0
lcl|NC_052668.1_mrna_XM_026131830.2_12693	2626	2427	5.98245	0.692349
lcl|NC_052668.1_mrna_XM_039449721.1_12694	2647	2448	0	0
lcl|NC_052668.1_mrna_XM_039449722.1_12695	2644	2445	0	0
lcl|NC_052668.1_mrna_XM_026131833.2_12696	2620	2421	0	0
lcl|NC_052668.1_mrna_XM_026131831.2_12697	2626	2427	0	0
lcl|NC_052668.1_mrna_XM_026131832.2_12698	2623	2424	6.01957	0.697507
lcl|NC_052668.1_mrna_XM_026131834.1_12699	2597	2398	0	0
lcl|NC_052668.1_mrna_XM_039449735.1_12700	4560	4361	4.52958	0.291734
lcl|NC_052668.1_mrna_XM_039449724.1_12701	5092	4893	0	0
lcl|NC_052668.1_mrna_XM_039449725.1_12702	5089	4890	0	0
lcl|NC_052668.1_mrna_XM_039449727.1_12703	5029	4830	0	0
lcl|NC_052668.1_mrna_XM_039449726.1_12704	5074	4875	0	0
lcl|NC_052668.1_mrna_XM_039449733.1_12705	4863	4664	0	0
lcl|NC_052668.1_mrna_XM_039449734.1_12706	4860	4661	0	0
lcl|NC_052668.1_mrna_XM_039449728.1_12707	4941	4742	0	0
lcl|NC_052668.1_mrna_XM_039449731.1_12708	4878	4679	3.08731e-07	1.85329e-08
lcl|NC_052668.1_mrna_XM_039449730.1_12709	4884	4685	8.53808e-08	5.11878e-09
lcl|NC_052668.1_mrna_XM_039449736.1_12710	4794	4595	24.0277	1.46873
lcl|NC_052668.1_mrna_XM_039449748.1_12711	4842	4643	0	0
lcl|NC_052668.1_mrna_XM_039449729.1_12712	4923	4724	0	0
lcl|NC_052668.1_mrna_XM_039449732.1_12713	4866	4667	4.05667e-06	2.44145e-07
lcl|NC_052668.1_mrna_XM_039449737.1_12714	4775	4576	0	0
lcl|NC_052668.1_mrna_XM_039449738.1_12715	4772	4573	0	0
lcl|NC_052668.1_mrna_XM_039449741.1_12716	4712	4513	2.00183e-07	1.24588e-08
lcl|NC_052668.1_mrna_XM_039449742.1_12717	4709	4510	3.90019e-07	2.42898e-08
lcl|NC_052668.1_mrna_XM_039449744.1_12718	4655	4456	0.0688873	0.0043422
lcl|NC_052668.1_mrna_XM_039449745.1_12719	4652	4453	0.135364	0.00853821
lcl|NC_052668.1_mrna_XM_039449739.1_12720	4757	4558	0	0
lcl|NC_052668.1_mrna_XM_039449740.1_12721	4754	4555	0	0
lcl|NC_052668.1_mrna_XM_039449743.1_12722	4691	4492	2.15323e-05	1.34637e-06
lcl|NC_052668.1_mrna_XM_039449746.1_12723	4636	4437	5.00564	0.316874
lcl|NC_052668.1_mrna_XM_039449747.1_12724	4633	4434	9.86463	0.624886
lcl|NC_052668.1_mrna_XM_011175033.3_12725	6148	5949	484.925	22.8953
lcl|NC_052668.1_miscrna_XR_003268353.2_12726	5861	5662	118.299	5.86848
lcl|NC_052668.1_mrna_XM_026131873.2_12727	987	788	0	0
lcl|NC_052668.1_mrna_XM_011175030.3_12728	1704	1505	28	5.22561
lcl|NC_052668.1_mrna_XM_026131837.2_12729	5622	5423	448.867	23.2484
lcl|NC_052668.1_mrna_XM_039449074.1_12730	5643	5444	45.6582	2.35568
lcl|NC_052668.1_mrna_XM_039449072.1_12731	6923	6724	0.974631	0.0407126
lcl|NC_052668.1_mrna_XM_039449073.1_12732	7469	7270	13.31	0.514232
lcl|NC_052668.1_mrna_XM_039449071.1_12733	3886	3687	70.7154	5.38712
lcl|NC_052668.1_mrna_XM_011175028.3_12734	2156	1957	758	108.791
lcl|NC_052668.1_mrna_XM_039449295.1_12735	761	562	303	151.434
lcl|NC_052668.1_mrna_XM_026131770.2_12736	4403	4204	0	0
lcl|NC_052668.1_mrna_XM_026131767.2_12737	5951	5752	398.98	19.4827
lcl|NC_052668.1_mrna_XM_026131768.2_12738	4575	4376	0	0
lcl|NC_052668.1_mrna_XM_026131771.2_12739	4486	4287	68.5519	4.4914
lcl|NC_052668.1_mrna_XM_026131769.2_12740	4580	4381	0	0
lcl|NC_052668.1_mrna_XM_039449997.1_12741	4490	4291	7.46796	0.488832
lcl|NC_052668.1_mrna_XM_039449999.1_12742	4712	4513	206.504	12.8522
lcl|NC_052668.1_ncrna_XR_005574940.1_12743	2059	1860	6.49642	0.981018
lcl|NC_052668.1_mrna_XM_039450002.1_12744	2518	2319	890.466	107.853
lcl|NC_052668.1_mrna_XM_039450001.1_12745	2569	2370	15.5343	1.84102
lcl|NC_052668.1_miscrna_XR_005574939.1_12746	3682	3483	193.967	15.6419
lcl|NC_052668.1_miscrna_XR_005574938.1_12747	3744	3545	57.1776	4.53028
lcl|NC_052668.1_mrna_XM_039450003.1_12748	807	608	3.7785	1.74555
lcl|NC_052668.1_mrna_XM_039449998.1_12749	3023	2824	113.879	11.3265
lcl|NC_052668.1_mrna_XM_026131756.2_12750	2626	2427	0	0
lcl|NC_052668.1_mrna_XM_026131759.2_12751	3663	3464	49.7302	4.03235
lcl|NC_052668.1_mrna_XM_026131757.2_12752	4373	4174	77.6205	5.22324
lcl|NC_052668.1_mrna_XM_026131845.2_12753	1656	1457	1625	313.263
lcl|NC_052668.1_mrna_XM_039449255.1_12754	1008	809	0	0
lcl|NC_052668.1_mrna_XM_039449293.1_12755	3227	3028	53.3423	4.94802
lcl|NC_052668.1_mrna_XM_039449291.1_12756	3284	3085	198.996	18.1178
lcl|NC_052668.1_mrna_XM_039449294.1_12757	3299	3100	0	0
lcl|NC_052668.1_mrna_XM_039449289.1_12758	3093	2894	5.34093e-06	5.18363e-07
lcl|NC_052668.1_mrna_XM_039449290.1_12759	2734	2535	225.662	25.0032
lcl|NC_052668.1_mrna_XM_011160290.3_12760	2678	2479	1590	180.151
lcl|NC_052668.1_mrna_XM_011160295.3_12761	1093	894	832.758	261.636
lcl|NC_052668.1_mrna_XM_011160292.3_12762	1111	912	0	0
lcl|NC_052668.1_mrna_XM_039449201.1_12763	1195	996	255.242	71.9796
lcl|NC_052668.1_mrna_XM_011160298.3_12764	1097	898	290	90.7063
lcl|NC_052668.1_mrna_XM_039449045.1_12765	5635	5436	43.7056	2.25825
lcl|NC_052668.1_mrna_XM_039449043.1_12766	4336	4137	108.1	7.33929
lcl|NC_052668.1_mrna_XM_026133470.2_12767	4377	4178	61.5295	4.13648
lcl|NC_052668.1_mrna_XM_026133469.2_12768	4305	4106	27.0753	1.85212
lcl|NC_052668.1_mrna_XM_026133471.2_12769	4306	4107	0	0
lcl|NC_052668.1_mrna_XM_011160300.3_12770	4327	4128	415.301	28.2578
lcl|NC_052668.1_mrna_XM_039449256.1_12771	4574	4375	13	0.834605
lcl|NC_052668.1_mrna_XM_026133500.2_12772	4905	4706	26	1.55181
lcl|NC_052668.1_mrna_XM_011160302.3_12773	3182	2983	21.8462	2.05702
lcl|NC_052668.1_mrna_XM_011160301.3_12774	3184	2985	11.1538	1.04952
lcl|NC_052668.1_mrna_XM_011160303.2_12775	651	452	192	119.31
lcl|NC_052668.1_mrna_XM_039449838.1_12776	7458	7259	0	0
lcl|NC_052668.1_mrna_XM_039449837.1_12777	6408	6209	26.7848	1.21167
lcl|NC_052668.1_mrna_XM_039449836.1_12778	6177	5978	74.2224	3.48734
lcl|NC_052668.1_mrna_XM_039449835.1_12779	6245	6046	262.993	12.2178
lcl|NC_052668.1_mrna_XM_039449834.1_12780	3906	3707	0	0
lcl|NC_052668.1_mrna_XM_011160306.3_12781	3885	3686	155.798	11.8719
lcl|NC_052668.1_mrna_XM_026133526.2_12782	2573	2374	194.822	23.0501
lcl|NC_052668.1_mrna_XM_026133524.2_12783	4276	4077	473	32.5864
lcl|NC_052668.1_mrna_XM_039449690.1_12784	1590	1391	31.2821	6.31661
lcl|NC_052668.1_mrna_XM_039449691.1_12785	1472	1273	52.1061	11.4968
lcl|NC_052668.1_mrna_XM_011160314.3_12786	1574	1375	96.6054	19.734
lcl|NC_052668.1_mrna_XM_011160312.3_12787	1556	1357	197.227	40.8227
lcl|NC_052668.1_mrna_XM_026133481.2_12788	1757	1558	19	3.42533
lcl|NC_052668.1_mrna_XM_011160311.3_12789	1593	1394	45.7795	9.2241
lcl|NC_052668.1_mrna_XM_011160309.3_12790	2736	2537	3	0.332136
lcl|NC_052668.1_mrna_XM_039449700.1_12791	1934	1735	0	0
lcl|NC_052668.1_mrna_XM_039449699.1_12792	3630	3431	4	0.327458
lcl|NC_052668.1_mrna_XM_011160308.3_12793	1725	1526	50	9.20304
lcl|NC_052668.1_mrna_XM_026133498.2_12794	1792	1593	6747	1189.63
lcl|NC_052668.1_mrna_XM_026133499.2_12795	1598	1399	0	0
lcl|NC_052668.1_mrna_XM_011160315.3_12796	1696	1497	314.917	59.0867
lcl|NC_052668.1_mrna_XM_011160316.3_12797	1705	1506	29.0831	5.42414
lcl|NC_052668.1_mrna_XM_011160320.3_12798	1145	946	410.334	121.832
lcl|NC_052668.1_mrna_XM_026133522.2_12799	1203	1004	0	0
lcl|NC_052668.1_mrna_XM_011160317.3_12800	1256	1057	23.3569	6.20662
lcl|NC_052668.1_mrna_XM_011160322.3_12801	1859	1660	1188	201.013
lcl|NC_052668.1_mrna_XM_011160324.3_12802	4434	4235	97.8915	6.49243
lcl|NC_052668.1_mrna_XM_011160323.3_12803	4446	4247	86.2122	5.70167
lcl|NC_052668.1_mrna_XM_026133517.2_12804	4025	3826	41.8951	3.07563
lcl|NC_052668.1_mrna_XM_039449698.1_12805	3933	3734	0.00121826	9.16392e-05
lcl|NC_052668.1_mrna_XM_026133509.2_12806	7204	7005	80.4615	3.22623
lcl|NC_052668.1_mrna_XM_039449692.1_12807	7276	7077	0.00282624	0.00011217
lcl|NC_052668.1_mrna_XM_039449693.1_12808	9016	8817	0	0
lcl|NC_052668.1_mrna_XM_039449697.1_12809	7920	7721	9.28625	0.337818
lcl|NC_052668.1_mrna_XM_039449696.1_12810	7946	7747	0.318755	0.0115568
lcl|NC_052668.1_mrna_XM_039449695.1_12811	8085	7886	0	0
lcl|NC_052668.1_mrna_XM_039449694.1_12812	8111	7912	0	0
lcl|NC_052668.1_ncrna_XR_005574887.1_12813	698	499	1	0.562879
lcl|NC_052668.1_mrna_XM_026133518.2_12814	2455	2256	6	0.747013
lcl|NC_052668.1_mrna_XM_011160326.3_12815	3619	3420	1110	91.1617
lcl|NC_052668.1_ncrna_XR_003268565.2_12816	7176	6977	596	23.9935
lcl|NC_052668.1_mrna_XM_011160327.3_12817	2082	1883	25	3.72911
lcl|NC_052668.1_mrna_XM_026133533.2_12818	3078	2879	0.248243	0.0242187
lcl|NC_052668.1_mrna_XM_026133531.2_12819	3251	3052	861.25	79.2611
lcl|NC_052668.1_mrna_XM_039448954.1_12820	3138	2939	0.0257295	0.00245893
lcl|NC_052668.1_mrna_XM_026133532.2_12821	3311	3112	27.4762	2.4799
lcl|NC_052668.1_mrna_XM_011160328.2_12822	2991	2792	641	64.4849
lcl|NC_052668.1_mrna_XM_011160330.3_12823	2557	2358	227.723	27.1256
lcl|NC_052668.1_mrna_XM_026133493.2_12824	2835	2636	871.277	92.8382
lcl|NC_052668.1_miscrna_XR_003268559.2_12825	3007	2808	0.00555311	0.000555463
lcl|NC_052668.1_mrna_XM_011160331.3_12826	2985	2786	14.8175	1.49386
lcl|NC_052668.1_mrna_XM_026133490.2_12827	3327	3128	630.393	56.6057
lcl|NC_052668.1_mrna_XM_039448953.1_12828	3296	3097	271.784	24.649
lcl|NC_052668.1_mrna_XM_011160334.3_12829	782	583	1019.2	491.026
lcl|NC_052668.1_mrna_XM_039449980.1_12830	654	455	17.2123	10.6254
lcl|NC_052668.1_mrna_XM_039449979.1_12831	653	454	516.592	319.6
lcl|NC_052668.1_mrna_XM_039449982.1_12832	3986	3787	496	36.7877
lcl|NC_052668.1_mrna_XM_039449978.1_12833	2620	2421	46.3975	5.38289
lcl|NC_052668.1_mrna_XM_039449977.1_12834	2663	2464	25.8879	2.95102
lcl|NC_052668.1_mrna_XM_026133482.2_12835	2593	2394	51.7145	6.06742
lcl|NC_052668.1_mrna_XM_026133487.2_12836	1433	1234	4.28839	0.976102
lcl|NC_052668.1_mrna_XM_026133486.2_12837	1342	1143	42.9225	10.5476
lcl|NC_052668.1_mrna_XM_011159306.3_12838	1470	1271	29.7891	6.58305
lcl|NC_052668.1_mrna_XM_026133488.2_12839	2595	2396	0	0
lcl|NC_052668.1_mrna_NM_001304592.1_12840	6763	6564	14.6062	0.625005
lcl|NC_052668.1_mrna_XM_011160339.3_12841	6132	5933	22.5306	1.06663
lcl|NC_052668.1_mrna_XM_026133454.2_12842	6018	5819	0	0
lcl|NC_052668.1_mrna_XM_026133489.2_12843	1695	1496	2.15252	0.404139
lcl|NC_052668.1_mrna_XM_039449981.1_12844	1000	801	3.84748	1.34915
lcl|NC_052668.1_ncrna_XR_005574933.1_12845	773	574	0	0
lcl|NC_052668.1_mrna_XM_039449902.1_12846	6713	6514	58.1406	2.50696
lcl|NC_052668.1_mrna_XM_011160341.3_12847	1654	1455	0	0
lcl|NC_052668.1_mrna_XM_026133542.2_12848	1753	1554	0	0
lcl|NC_052668.1_mrna_XM_011160340.3_12849	1769	1570	15	2.68354
lcl|NC_052668.1_mrna_XM_026133540.2_12850	1888	1689	0	0
lcl|NC_052668.1_mrna_XM_039449905.1_12851	1977	1778	217.048	34.2878
lcl|NC_052668.1_mrna_XM_026133539.2_12852	1438	1239	132.952	30.1398
lcl|NC_052668.1_mrna_XM_011160344.3_12853	5305	5106	0.0002473	1.36037e-05
lcl|NC_052668.1_mrna_XM_011160345.3_12854	5284	5085	125.831	6.95046
lcl|NC_052668.1_mrna_XM_011160347.3_12855	5281	5082	0.0278941	0.00154167
lcl|NC_052668.1_mrna_XM_026133605.2_12856	5854	5655	13.5724	0.674123
lcl|NC_052668.1_mrna_XM_026133597.2_12857	6087	5888	0	0
lcl|NC_052668.1_mrna_XM_026133602.2_12858	6000	5801	0	0
lcl|NC_052668.1_mrna_XM_026133601.2_12859	6003	5804	0	0
lcl|NC_052668.1_mrna_XM_026133600.2_12860	6048	5849	18.3338	0.880414
lcl|NC_052668.1_mrna_XM_026133599.2_12861	6051	5852	0	0
lcl|NC_052668.1_mrna_XM_026133596.2_12862	6096	5897	0	0
lcl|NC_052668.1_mrna_XM_011160349.3_12863	6030	5831	14.1283	0.680554
lcl|NC_052668.1_mrna_XM_039449900.1_12864	6093	5894	0	0
lcl|NC_052668.1_mrna_XM_026133595.2_12865	6099	5900	0	0
lcl|NC_052668.1_mrna_XM_026133598.2_12866	6054	5855	0	0
lcl|NC_052668.1_mrna_XM_026133604.2_12867	6066	5867	0	0
lcl|NC_052668.1_mrna_XM_039449901.1_12868	7075	6876	0	0
lcl|NC_052668.1_mrna_XM_026133455.2_12869	642	443	0	0
lcl|NC_052668.1_mrna_NM_001304593.1_12870	700	501	9	5.04569
lcl|NC_052668.1_mrna_XM_011160356.3_12871	3187	2988	341	32.0545
lcl|NC_052668.1_mrna_XM_026133606.2_12872	1758	1559	90.9244	16.3814
lcl|NC_052668.1_mrna_XM_026133607.2_12873	1760	1561	0.0106485	0.00191602
lcl|NC_052668.1_mrna_XM_039449906.1_12874	1234	1035	309.563	84.0088
lcl|NC_052668.1_mrna_XM_011160358.3_12875	1775	1576	6.01296e-07	1.07164e-07
lcl|NC_052668.1_mrna_XM_011160364.3_12876	1264	1065	503	132.658
lcl|NC_052668.1_mrna_XM_039449892.1_12877	8384	8185	1.84817e-06	6.3422e-08
lcl|NC_052668.1_mrna_XM_039449891.1_12878	8392	8193	6.93743e-07	2.37833e-08
lcl|NC_052668.1_mrna_XM_039449893.1_12879	8253	8054	19.7162	0.687585
lcl|NC_052668.1_mrna_XM_026133592.2_12880	8261	8062	7.28384	0.253766
lcl|NC_052668.1_mrna_XM_026133591.2_12881	16281	16082	186	3.24854
lcl|NC_052668.1_mrna_XM_011160360.3_12882	1688	1489	1498	282.574
lcl|NC_052668.1_mrna_XM_011160359.3_12883	4107	3908	817.442	58.7514
lcl|NC_052668.1_ncrna_XR_005574924.1_12884	3689	3490	8	0.643843
lcl|NC_052668.1_mrna_XM_039449904.1_12885	4543	4344	3.19301e-07	2.06455e-08
lcl|NC_052668.1_mrna_XM_026133593.2_12886	4648	4449	550.123	34.7307
lcl|NC_052668.1_mrna_XM_011160368.3_12887	4832	4633	2158.8	130.878
lcl|NC_052668.1_mrna_XM_011160365.3_12888	4853	4654	7.58833e-06	4.57968e-07
lcl|NC_052668.1_mrna_XM_011160366.3_12889	4660	4461	65.6355	4.13259
lcl|NC_052668.1_mrna_XM_039449903.1_12890	4550	4351	9.399e-08	6.06748e-09
lcl|NC_052668.1_mrna_XM_039449907.1_12891	953	754	1	0.372516
lcl|NC_052668.1_mrna_XM_039449898.1_12892	9002	8803	9.75105	0.311126
lcl|NC_052668.1_mrna_XM_039449897.1_12893	9139	8940	1.82858e-06	5.74503e-08
lcl|NC_052668.1_mrna_XM_039449895.1_12894	9166	8967	8.88248e-08	2.78229e-09
lcl|NC_052668.1_mrna_XM_039449896.1_12895	9148	8949	6.66521e-07	2.09197e-08
lcl|NC_052668.1_mrna_XM_026133552.2_12896	9108	8909	5.95936e-05	1.87883e-06
lcl|NC_052668.1_mrna_XM_011160371.3_12897	9075	8876	0.00246434	7.79827e-05
lcl|NC_052668.1_mrna_XM_011160373.3_12898	9057	8858	0.0188783	0.000598608
lcl|NC_052668.1_mrna_XM_039449899.1_12899	8213	8014	7.5101e-06	2.63216e-07
lcl|NC_052668.1_mrna_XM_026133556.2_12900	8122	7923	0.708283	0.0251092
lcl|NC_052668.1_mrna_XM_026133557.2_12901	8100	7901	11.5192	0.409504
lcl|NC_052668.1_mrna_XM_039449894.1_12902	9127	8928	7.03398e-06	2.21291e-07
lcl|NC_052668.1_mrna_XM_039449908.1_12903	8453	8254	135.271	4.60315
lcl|NC_052668.1_mrna_XM_026133545.2_12904	4656	4457	131.919	8.31345
lcl|NC_052668.1_mrna_XM_026133544.2_12905	4689	4490	0.0807217	0.00504963
lcl|NC_052668.1_mrna_XM_026133547.2_12906	3085	2886	0	0
lcl|NC_052668.1_mrna_XM_026133543.2_12907	6254	6055	0	0
lcl|NC_052668.1_miscrna_XR_005574923.1_12908	5732	5533	0	0
lcl|NC_052668.1_mrna_XM_011160376.3_12909	5920	5721	129	6.33335
lcl|NC_052668.1_mrna_XM_026133501.2_12910	3461	3262	1146.96	98.7594
lcl|NC_052668.1_mrna_XM_011160377.3_12911	3802	3603	58.0438	4.52488
lcl|NC_052668.1_mrna_XM_011160378.3_12912	983	784	2062	738.734
lcl|NC_052668.1_mrna_XM_011160380.3_12913	1690	1491	8	1.50705
lcl|NC_052668.1_mrna_XM_011160391.3_12914	2825	2626	305.078	32.6312
lcl|NC_052668.1_mrna_XM_011160390.3_12915	1319	1120	131.09	32.8751
lcl|NC_052668.1_mrna_XM_026133495.2_12916	1280	1081	36.8314	9.56993
lcl|NC_052668.1_mrna_XM_011160382.3_12917	7676	7477	16.0385	0.602494
lcl|NC_052668.1_mrna_XM_011160383.3_12918	8342	8143	229.254	7.90766
lcl|NC_052668.1_mrna_XM_026133494.2_12919	8073	7874	8.63548	0.30804
lcl|NC_052668.1_mrna_XM_011160384.3_12920	8066	7867	21.072	0.752337
lcl|NC_052668.1_mrna_XM_011160385.3_12921	7937	7738	0	0
lcl|NC_052668.1_mrna_XM_039449845.1_12922	10795	10596	3	0.0795234
lcl|NC_052668.1_mrna_XM_026133497.2_12923	2608	2409	1775.55	207.02
lcl|NC_052668.1_mrna_XM_039449847.1_12924	2601	2402	97.4451	11.3947
lcl|NC_052668.1_mrna_XM_011160395.3_12925	2699	2500	2552	286.719
lcl|NC_052668.1_mrna_XM_011160397.3_12926	2888	2689	187.65	19.6008
lcl|NC_052668.1_mrna_XM_026133457.2_12927	2884	2685	0	0
lcl|NC_052668.1_mrna_XM_011160396.3_12928	7368	7169	4.51339e-08	1.76832e-09
lcl|NC_052668.1_mrna_XM_011160399.3_12929	2825	2626	565.226	60.4565
lcl|NC_052668.1_mrna_XM_011160398.3_12930	7309	7110	446.124	17.6239
lcl|NC_052668.1_ncrna_XR_003268554.2_12931	1789	1590	0	0
lcl|NC_052668.1_ncrna_XR_005574937.1_12932	4068	3869	10.1198	0.734667
lcl|NC_052668.1_mrna_XM_039449994.1_12933	30906	30707	58	0.530526
lcl|NC_052668.1_mrna_XM_011160402.3_12934	2213	2014	165	23.0112
lcl|NC_052668.1_mrna_XM_011160403.2_12935	2968	2769	0	0
lcl|NC_052668.1_mrna_XM_039449329.1_12936	2573	2374	2.5321	0.299582
lcl|NC_052668.1_mrna_XM_011160404.3_12937	2577	2378	0.467899	0.0552657
lcl|NC_052668.1_mrna_XM_039449331.1_12938	1152	953	0	0
lcl|NC_052668.1_ncrna_XR_005574804.1_12939	936	737	0	0
lcl|NC_052668.1_mrna_XM_011160406.3_12940	869	670	0	0
lcl|NC_052668.1_mrna_XM_039449330.1_12941	1472	1273	1	0.220642
lcl|NC_052668.1_mrna_XM_011160407.3_12942	1031	832	401	135.374
lcl|NC_052668.1_mrna_XM_011160408.3_12943	1825	1626	861	148.73
lcl|NC_052668.1_mrna_XM_011160409.3_12944	2566	2367	766	90.8963
lcl|NC_052668.1_ncrna_XR_005574753.1_12945	722	523	1	0.537049
lcl|NC_052668.1_mrna_XM_011160411.3_12946	3726	3527	220.878	17.5899
lcl|NC_052668.1_ncrna_XR_005574754.1_12947	367	168	0	0
lcl|NC_052668.1_mrna_XM_011160680.3_12948	4020	3821	34.1216	2.50823
lcl|NC_052668.1_mrna_XM_026133465.2_12949	9205	9006	0	0
lcl|NC_052668.1_mrna_XM_039449987.1_12950	9246	9047	65.0311	2.01898
lcl|NC_052668.1_mrna_XM_011160412.3_12951	9621	9422	0	0
lcl|NC_052668.1_mrna_XM_026133467.2_12952	9400	9201	2.88862e-06	8.81801e-08
lcl|NC_052668.1_mrna_XM_026133466.2_12953	9530	9331	0	0
lcl|NC_052668.1_mrna_XM_026133464.2_12954	8482	8283	0	0
lcl|NC_052668.1_mrna_XM_011160413.3_12955	17820	17621	14.0014	0.223181
lcl|NC_052668.1_mrna_XM_039449988.1_12956	18924	18725	0	0
lcl|NC_052668.1_mrna_XM_011160416.3_12957	4445	4246	20.4484	1.35268
lcl|NC_052668.1_mrna_XM_011160419.3_12958	4290	4091	14.9933	1.0294
lcl|NC_052668.1_mrna_XM_011160420.3_12959	4169	3970	58.1979	4.11749
lcl|NC_052668.1_mrna_XM_011160421.3_12960	3908	3709	78.3604	5.93411
lcl|NC_052668.1_miscrna_XR_005574749.1_12961	6065	5866	31.7777	1.52158
lcl|NC_052668.1_mrna_XM_011160422.3_12962	6138	5939	92.2223	4.36153
lcl|NC_052668.1_mrna_XM_039449657.1_12963	1858	1659	0	0
lcl|NC_052668.1_mrna_XM_039449257.1_12964	2069	1870	0	0
lcl|NC_052668.1_mrna_XM_039450004.1_12965	2914	2715	0	0
lcl|NC_052668.1_mrna_XM_039449643.1_12966	2017	1818	0	0
lcl|NC_052668.1_mrna_XM_039449588.1_12967	2212	2013	0	0
lcl|NC_052668.1_mrna_XM_011160423.2_12968	2406	2207	3513.67	447.171
lcl|NC_052668.1_mrna_XM_011160424.2_12969	2327	2128	3612.33	476.795
lcl|NC_052668.1_mrna_XM_011160426.3_12970	1350	1151	1077	262.819
lcl|NC_052668.1_mrna_XM_039449632.1_12971	2634	2435	16.781	1.93568
lcl|NC_052668.1_mrna_XM_039449634.1_12972	2839	2640	0	0
lcl|NC_052668.1_mrna_XM_039449633.1_12973	2828	2629	20.2131	2.15953
lcl|NC_052668.1_mrna_XM_039449628.1_12974	2833	2634	3.00589	0.320534
lcl|NC_052668.1_mrna_XM_039449630.1_12975	2571	2372	0	0
lcl|NC_052668.1_mrna_XM_039449631.1_12976	2668	2469	0	0
lcl|NC_052668.1_mrna_XM_039449629.1_12977	3553	3354	0	0
lcl|NC_052668.1_mrna_XM_011160427.3_12978	2161	1962	1637	234.35
lcl|NC_052668.1_mrna_XM_026133536.2_12979	13607	13408	102	2.13674
lcl|NC_052668.1_miscrna_XR_003268564.2_12980	802	603	0	0
lcl|NC_052668.1_mrna_XM_039449635.1_12981	737	538	0	0
lcl|NC_052668.1_miscrna_XR_003268562.2_12982	2824	2625	248.944	26.6372
lcl|NC_052668.1_mrna_XM_011160431.3_12983	2633	2434	365.485	42.176
lcl|NC_052668.1_ncrna_XR_003268563.2_12984	1095	896	192.571	60.3667
lcl|NC_052668.1_mrna_XM_011160429.3_12985	2794	2595	1900	205.652
lcl|NC_052668.1_mrna_XM_011160434.3_12986	1222	1023	217	59.5799
lcl|NC_052668.1_mrna_XM_011160433.3_12987	1270	1071	84.4438	22.1459
lcl|NC_052668.1_mrna_XM_039449636.1_12988	1338	1139	768.556	189.525
lcl|NC_052668.1_mrna_XM_011160436.3_12989	3949	3750	9	0.674104
lcl|NC_052668.1_mrna_XM_026133463.2_12990	1342	1143	10	2.45736
lcl|NC_052668.1_mrna_XM_039449637.1_12991	3325	3126	0	0
lcl|NC_052668.1_mrna_XM_011160435.3_12992	3236	3037	47	4.34679
lcl|NC_052668.1_mrna_XM_011160441.3_12993	4938	4739	288	17.0695
lcl|NC_052668.1_mrna_XM_039449638.1_12994	1147	948	1	0.296283
lcl|NC_052668.1_mrna_XM_011160443.3_12995	760	561	611	305.91
lcl|NC_052668.1_mrna_XM_026133535.2_12996	1973	1774	0	0
lcl|NC_052668.1_ncrna_XR_003268557.2_12997	3700	3501	0	0
lcl|NC_052668.1_miscrna_XR_005574701.1_12998	2628	2429	0	0
lcl|NC_052668.1_mrna_XM_026133474.2_12999	1962	1763	0	0
lcl|NC_052668.1_mrna_XM_039448924.1_13000	3885	3686	0	0
lcl|NC_052668.1_mrna_XM_011160445.3_13001	4581	4382	0	0
lcl|NC_052668.1_ncrna_XR_005574703.1_13002	2259	2060	8	1.09078
lcl|NC_052668.1_mrna_XM_039448922.1_13003	3486	3287	4.28414	0.366083
lcl|NC_052668.1_mrna_XM_039448921.1_13004	3489	3290	1.71586	0.146488
lcl|NC_052668.1_ncrna_XR_005574704.1_13005	227	31.3862	1	8.94904
lcl|NC_052668.1_mrna_XM_039448915.1_13006	9247	9048	0	0
lcl|NC_052668.1_mrna_XM_039448919.1_13007	8467	8268	31.0833	1.05595
lcl|NC_052668.1_mrna_XM_011160453.3_13008	8001	7802	0	0
lcl|NC_052668.1_mrna_XM_039448917.1_13009	7904	7705	0	0
lcl|NC_052668.1_mrna_XM_039448920.1_13010	2877	2678	0	0
lcl|NC_052668.1_mrna_XM_026133560.2_13011	8957	8758	0	0
lcl|NC_052668.1_mrna_XM_026133561.2_13012	8942	8743	0	0
lcl|NC_052668.1_mrna_XM_026133563.2_13013	8861	8662	0	0
lcl|NC_052668.1_mrna_XM_026133562.2_13014	8926	8727	20.8284	0.670358
lcl|NC_052668.1_mrna_XM_039448914.1_13015	10321	10122	0	0
lcl|NC_052668.1_mrna_XM_039448916.1_13016	9574	9375	6.13955	0.183942
lcl|NC_052668.1_ncrna_XR_005574702.1_13017	577	378	1.75245	1.30218
lcl|NC_052668.1_mrna_XM_039448918.1_13018	7669	7470	2636.62	99.1385
lcl|NC_052668.1_mrna_XM_011160455.3_13019	7732	7533	0.579081	0.0215917
lcl|NC_052668.1_mrna_XM_026133566.2_13020	694	495	1027	582.748
lcl|NC_052668.1_ncrna_XR_003268566.2_13021	463	264	1419	1509.71
lcl|NC_052668.1_mrna_XM_039448923.1_13022	1221	1022	0	0
lcl|NC_052668.1_mrna_XM_011177018.3_13023	1303	1104	0	0
lcl|NC_052668.1_mrna_XM_011177017.3_13024	1306	1107	0	0
lcl|NC_052668.1_mrna_XM_011177020.3_13025	1716	1517	0	0
lcl|NC_052668.1_mrna_XM_011160689.3_13026	1430	1231	0	0
lcl|NC_052668.1_mrna_XM_039449258.1_13027	5993	5794	0	0
lcl|NC_052668.1_mrna_XM_011160457.3_13028	2162	1963	4	0.572342
lcl|NC_052668.1_mrna_XM_011160692.3_13029	2092	1893	0	0
lcl|NC_052668.1_mrna_XM_026131288.2_13030	1965	1766	0	0
lcl|NC_052668.1_ncrna_XR_005574713.1_13031	375	176	0	0
lcl|NC_052668.1_ncrna_XR_005574712.1_13032	396	197	0	0
lcl|NC_052668.1_mrna_XM_039448929.1_13033	1917	1718	0	0
lcl|NC_052668.1_mrna_XM_026131911.2_13034	1693	1494	0	0
lcl|NC_052668.1_mrna_XM_039448942.1_13035	1598	1399	0	0
lcl|NC_052668.1_mrna_XM_039448943.1_13036	1433	1234	0	0
lcl|NC_052668.1_mrna_XM_026130921.2_13037	2288	2089	1	0.134455
lcl|NC_052668.1_mrna_XM_011160697.2_13038	1474	1275	0	0
lcl|NC_052668.1_mrna_XM_026131038.2_13039	1575	1376	0	0
lcl|NC_052668.1_mrna_XM_039449259.1_13040	3689	3490	0	0
lcl|NC_052668.1_mrna_XM_011160701.3_13041	2578	2379	0	0
lcl|NC_052668.1_mrna_XM_039448935.1_13042	1600	1401	0	0
lcl|NC_052668.1_mrna_XM_039448936.1_13043	2101	1902	0	0
lcl|NC_052668.1_mrna_XM_039448937.1_13044	1724	1525	0	0
lcl|NC_052668.1_ncrna_XR_005574711.1_13045	785	586	0	0
lcl|NC_052668.1_mrna_XM_039448930.1_13046	1452	1253	0	0
lcl|NC_052668.1_mrna_XM_011160459.3_13047	1398	1199	0	0
lcl|NC_052668.1_mrna_XM_039448933.1_13048	3286	3087	0	0
lcl|NC_052668.1_mrna_XM_026130908.2_13049	3213	3014	0	0
lcl|NC_052668.1_mrna_XM_026130909.2_13050	1368	1169	0	0
lcl|NC_052668.1_mrna_XM_026130988.2_13051	3971	3772	2	0.148927
lcl|NC_052668.1_miscrna_XR_005574706.1_13052	1939	1740	0	0
lcl|NC_052668.1_mrna_XM_011160708.3_13053	1840	1641	0	0
lcl|NC_052668.1_mrna_XM_011160709.3_13054	1885	1686	0	0
lcl|NC_052668.1_mrna_XM_039448949.1_13055	1748	1549	0	0
lcl|NC_052668.1_mrna_XM_026130907.2_13056	1588	1389	1	0.202215
lcl|NC_052668.1_mrna_XM_026130910.2_13057	4366	4167	0	0
lcl|NC_052668.1_mrna_XM_026130990.2_13058	4147	3948	0	0
lcl|NC_052668.1_mrna_XM_039448944.1_13059	4197	3998	0	0
lcl|NC_052668.1_mrna_XM_039448945.1_13060	4100	3901	0	0
lcl|NC_052668.1_mrna_XM_039448946.1_13061	3824	3625	0	0
lcl|NC_052668.1_mrna_XM_039448947.1_13062	3802	3603	0	0
lcl|NC_052668.1_miscrna_XR_005574707.1_13063	3021	2822	0	0
lcl|NC_052668.1_mrna_XM_011160712.3_13064	2995	2796	0	0
lcl|NC_052668.1_mrna_XM_039448939.1_13065	2590	2391	0	0
lcl|NC_052668.1_mrna_XM_011160713.3_13066	1375	1176	1	0.238841
lcl|NC_052668.1_mrna_XM_026130903.2_13067	1796	1597	0	0
lcl|NC_052668.1_mrna_XM_026130904.2_13068	1711	1512	0	0
lcl|NC_052668.1_mrna_XM_026130897.2_13069	1891	1692	5.22975	0.868154
lcl|NC_052668.1_mrna_XM_026130899.2_13070	1780	1581	0	0
lcl|NC_052668.1_mrna_XM_026130898.2_13071	1322	1123	28.7702	7.19581
lcl|NC_052668.1_mrna_XM_026130905.2_13072	2276	2077	84	11.3595
lcl|NC_052668.1_mrna_XM_011160717.3_13073	1523	1324	0	0
lcl|NC_052668.1_mrna_XM_039448938.1_13074	1450	1251	0	0
lcl|NC_052668.1_miscrna_XR_005574705.1_13075	1924	1725	0	0
lcl|NC_052668.1_mrna_XM_039448934.1_13076	1591	1392	0	0
lcl|NC_052668.1_mrna_XM_039449260.1_13077	3861	3662	3	0.230101
lcl|NC_052668.1_mrna_XM_011160721.3_13078	2109	1910	0	0
lcl|NC_052668.1_mrna_XM_011160722.3_13079	4021	3822	5	0.367447
lcl|NC_052668.1_mrna_XM_039448940.1_13080	2047	1848	0	0
lcl|NC_052668.1_mrna_XM_039448928.1_13081	3083	2884	0	0
lcl|NC_052668.1_mrna_XM_039448927.1_13082	3131	2932	0	0
lcl|NC_052668.1_mrna_XM_026130901.2_13083	1611	1412	0	0
lcl|NC_052668.1_mrna_XM_026130902.2_13084	1798	1599	0	0
lcl|NC_052668.1_miscrna_XR_005574708.1_13085	1606	1407	0	0
lcl|NC_052668.1_mrna_XM_026130913.2_13086	1530	1331	10	2.11027
lcl|NC_052668.1_mrna_XM_026130896.2_13087	1891	1692	1	0.166003
lcl|NC_052668.1_mrna_XM_039448931.1_13088	1829	1630	1	0.172317
lcl|NC_052668.1_mrna_XM_039448932.1_13089	1393	1194	0	0
lcl|NC_052668.1_mrna_XM_039448925.1_13090	6124	5925	32	1.51697
lcl|NC_052668.1_mrna_XM_011160461.3_13091	6129	5930	0	0
lcl|NC_052668.1_ncrna_XR_005574710.1_13092	2439	2240	33.0632	4.14584
lcl|NC_052668.1_mrna_XM_011160729.2_13093	1565	1366	0	0
lcl|NC_052668.1_trna_13094	72	3.52559	0	0
lcl|NC_052668.1_mrna_XM_039448951.1_13095	1241	1042	0	0
lcl|NC_052668.1_miscrna_XR_003268255.2_13096	5331	5132	2.87583	0.157395
lcl|NC_052668.1_miscrna_XR_003268256.2_13097	14995	14796	6.12417	0.116257
lcl|NC_052668.1_mrna_XM_011160465.3_13098	15229	15030	8.95252e-07	1.67302e-08
lcl|NC_052668.1_mrna_XM_011160462.3_13099	4567	4368	395	25.3998
lcl|NC_052668.1_mrna_XM_039448950.1_13100	1596	1397	1704	342.601
lcl|NC_052668.1_mrna_XM_039448926.1_13101	4650	4451	87.6105	5.52859
lcl|NC_052668.1_mrna_XM_011160466.3_13102	4864	4665	69.3516	4.17562
lcl|NC_052668.1_mrna_XM_011160467.3_13103	660	461	431.038	262.621
lcl|NC_052668.1_mrna_XM_011160468.3_13104	14429	14230	0.000192769	3.80494e-06
lcl|NC_052668.1_mrna_XM_026130944.2_13105	14426	14227	0.000238166	4.702e-06
lcl|NC_052668.1_mrna_XM_026130946.2_13106	14270	14071	15.1222	0.301859
lcl|NC_052668.1_mrna_XM_011160469.3_13107	14317	14118	0.533402	0.010612
lcl|NC_052668.1_mrna_XM_011160471.3_13108	14302	14103	1.54921	0.0308543
lcl|NC_052668.1_mrna_XM_011160470.3_13109	14314	14115	0.660126	0.013136
lcl|NC_052668.1_mrna_XM_011160472.3_13110	14281	14082	0	0
lcl|NC_052668.1_mrna_XM_039448913.1_13111	14122	13923	0	0
lcl|NC_052668.1_ncrna_XR_005574700.1_13112	6153	5954	27.1713	1.28179
lcl|NC_052668.1_mrna_XM_011161550.3_13113	2930	2731	1124	115.601
lcl|NC_052668.1_mrna_XM_011160474.3_13114	4809	4610	141.988	8.65102
lcl|NC_052668.1_mrna_XM_026131049.2_13115	4559	4360	0.00266766	0.000171854
lcl|NC_052668.1_mrna_XM_026131050.2_13116	4523	4324	111.803	7.26249
lcl|NC_052668.1_mrna_XM_026131053.2_13117	4627	4428	0	0
lcl|NC_052668.1_mrna_XM_026131051.2_13118	5369	5170	0	0
lcl|NC_052668.1_mrna_XM_011160477.3_13119	5422	5223	8.20565	0.441275
lcl|NC_052668.1_mrna_XM_011160473.3_13120	3079	2880	1806	176.133
lcl|NC_052668.1_mrna_XM_011160479.3_13121	2796	2597	1607	173.804
lcl|NC_052668.1_mrna_XM_011160478.3_13122	4678	4479	348	21.823
lcl|NC_052668.1_mrna_XM_011160480.3_13123	2707	2508	185.061	20.7254
lcl|NC_052668.1_mrna_XM_011160481.3_13124	3050	2851	78.9395	7.77701
lcl|NC_052668.1_mrna_XM_011160485.3_13125	1805	1606	1837	321.277
lcl|NC_052668.1_mrna_XM_011160484.3_13126	5774	5575	23	1.15877
lcl|NC_052668.1_mrna_XM_011160483.3_13127	3182	2983	1979	186.341
lcl|NC_052668.1_mrna_XM_011160482.3_13128	526	327	1675	1438.74
lcl|NC_052668.1_trna_13129	73	3.5471	0	0
lcl|NC_052668.1_mrna_XM_011160489.3_13130	3361	3162	74.4773	6.61573
lcl|NC_052668.1_mrna_XM_026130916.2_13131	3400	3201	0.000340599	2.98864e-05
lcl|NC_052668.1_mrna_XM_011160488.3_13132	3523	3324	2.19272e-07	1.85284e-08
lcl|NC_052668.1_mrna_XM_011160487.3_13133	3809	3610	72.5224	5.64262
lcl|NC_052668.1_mrna_XM_039449647.1_13134	6251	6052	8.99916e-07	4.17656e-08
lcl|NC_052668.1_miscrna_XR_005574863.1_13135	6138	5939	146	6.90487
lcl|NC_052668.1_mrna_XM_011160490.3_13136	3029	2830	563	55.8776
lcl|NC_052668.1_mrna_XM_026130951.2_13137	5407	5208	38.8922	2.09752
lcl|NC_052668.1_mrna_XM_011160491.3_13138	5397	5198	0.49203	0.0265871
lcl|NC_052668.1_mrna_XM_011160492.3_13139	5324	5125	87.3327	4.78629
lcl|NC_052668.1_mrna_XM_039449653.1_13140	5344	5145	4.28311	0.233824
lcl|NC_052668.1_mrna_XM_039449650.1_13141	2149	1950	11.9829	1.72601
lcl|NC_052668.1_mrna_XM_039449649.1_13142	2292	2093	67.0171	8.99357
lcl|NC_052668.1_mrna_XM_039449651.1_13143	3198	2999	0	0
lcl|NC_052668.1_mrna_XM_011160493.3_13144	2893	2694	1150	119.899
lcl|NC_052668.1_miscrna_XR_005574771.1_13145	1550	1351	6	1.24742
lcl|NC_052668.1_mrna_XM_039449654.1_13146	2661	2462	63.0233	7.19
lcl|NC_052668.1_mrna_XM_039449655.1_13147	2755	2556	134.461	14.7758
lcl|NC_052668.1_mrna_XM_039449656.1_13148	2558	2359	103.516	12.3252
lcl|NC_052668.1_miscrna_XR_005574866.1_13149	8259	8060	43.6884	1.52246
lcl|NC_052668.1_miscrna_XR_005574869.1_13150	6549	6350	0	0
lcl|NC_052668.1_miscrna_XR_005574865.1_13151	8106	7907	0	0
lcl|NC_052668.1_miscrna_XR_005574868.1_13152	5894	5695	0	0
lcl|NC_052668.1_miscrna_XR_005574867.1_13153	5955	5756	0	0
lcl|NC_052668.1_miscrna_XR_005574864.1_13154	7554	7355	0.00133089	5.08249e-05
lcl|NC_052668.1_mrna_XM_039449648.1_13155	7615	7416	170.31	6.4504
lcl|NC_052668.1_mrna_XM_039449652.1_13156	3174	2975	41	3.87091
lcl|NC_052668.1_mrna_XM_011160499.3_13157	2672	2473	821.389	93.2912
lcl|NC_052668.1_mrna_XM_011160505.3_13158	1334	1135	659	163.082
lcl|NC_052668.1_mrna_XM_026130956.2_13159	6412	6213	45.7715	2.06923
lcl|NC_052668.1_mrna_XM_026130954.2_13160	6414	6215	247.594	11.1896
lcl|NC_052668.1_mrna_XM_026130957.2_13161	5827	5628	11.4238	0.570129
lcl|NC_052668.1_mrna_XM_026130955.2_13162	5641	5442	9.21023	0.475365
lcl|NC_052668.1_mrna_XM_011160506.3_13163	2397	2198	23.2022	2.96495
lcl|NC_052668.1_mrna_XM_026131025.2_13164	2432	2233	1079.3	135.759
lcl|NC_052668.1_mrna_XM_011160507.3_13165	1518	1319	320.497	68.2488
lcl|NC_052668.1_mrna_XM_039449885.1_13166	11595	11396	75.4361	1.85927
lcl|NC_052668.1_mrna_XM_026131022.2_13167	13924	13725	0	0
lcl|NC_052668.1_mrna_XM_039449886.1_13168	13609	13410	0	0
lcl|NC_052668.1_mrna_XM_039449884.1_13169	13921	13722	0	0
lcl|NC_052668.1_mrna_XM_026131021.2_13170	13874	13675	0	0
lcl|NC_052668.1_mrna_XM_039449883.1_13171	13840	13641	0	0
lcl|NC_052668.1_mrna_XM_026131034.2_13172	6760	6561	14.2217	0.608831
lcl|NC_052668.1_mrna_XM_039449882.1_13173	6346	6147	0.00036836	1.68316e-05
lcl|NC_052668.1_mrna_XM_026131036.2_13174	6349	6150	0.000225805	1.03127e-05
lcl|NC_052668.1_mrna_XM_026131035.2_13175	6504	6305	0	0
lcl|NC_052668.1_mrna_XM_011160519.3_13176	6414	6215	10.7777	0.487081
lcl|NC_052668.1_mrna_XM_011160524.3_13177	2351	2152	5.41921	0.707309
lcl|NC_052668.1_mrna_XM_039449202.1_13178	2478	2279	5.82864	0.718355
lcl|NC_052668.1_mrna_XM_026130961.2_13179	2087	1888	9.35553	1.39182
lcl|NC_052668.1_mrna_XM_039449203.1_13180	1895	1696	118.59	19.6398
lcl|NC_052668.1_mrna_XM_039449204.1_13181	2186	1987	13.807	1.95171
lcl|NC_052668.1_mrna_XM_011160522.3_13182	2430	2231	0	0
lcl|NC_052668.1_mrna_XM_011160520.3_13183	760	561	229	114.654
lcl|NC_052668.1_mrna_XM_026130979.2_13184	2776	2577	55.9972	6.10334
lcl|NC_052668.1_mrna_XM_011160527.3_13185	2779	2580	50.7302	5.52284
lcl|NC_052668.1_mrna_XM_011160526.3_13186	2782	2583	399.567	43.4491
lcl|NC_052668.1_mrna_XM_026130978.2_13187	2785	2586	361.706	39.2865
lcl|NC_052668.1_mrna_XM_011160528.3_13188	1417	1218	1084.5	250.09
lcl|NC_052668.1_mrna_XM_039449119.1_13189	1365	1166	65.5022	15.7788
lcl|NC_052668.1_mrna_XM_011160530.3_13190	3409	3210	100.07	8.75614
lcl|NC_052668.1_mrna_XM_011160531.3_13191	3355	3156	48.6727	4.33176
lcl|NC_052668.1_mrna_XM_026130952.2_13192	3628	3429	122.876	10.065
lcl|NC_052668.1_mrna_XM_011160532.3_13193	3116	2917	344.533	33.175
lcl|NC_052668.1_ncrna_XR_005574788.1_13194	1212	1013	0	0
lcl|NC_052668.1_ncrna_XR_005574787.1_13195	2218	2019	55.8485	7.76947
lcl|NC_052668.1_mrna_XM_011160733.3_13196	4310	4111	4.62025	0.31567
lcl|NC_052668.1_mrna_XM_039449307.1_13197	5578	5379	4.65259e-05	2.42945e-06
lcl|NC_052668.1_mrna_XM_039449304.1_13198	5676	5477	33.5358	1.71981
lcl|NC_052668.1_mrna_XM_039449303.1_13199	5724	5525	0.00530394	0.000269638
lcl|NC_052668.1_mrna_XM_039449306.1_13200	5610	5411	1.21332e-07	6.29818e-09
lcl|NC_052668.1_miscrna_XR_005574785.1_13201	4960	4761	0	0
lcl|NC_052668.1_mrna_XM_011160535.3_13202	4931	4732	0	0
lcl|NC_052668.1_mrna_XM_039449302.1_13203	4952	4753	0	0
lcl|NC_052668.1_mrna_XM_026130924.2_13204	4856	4657	0	0
lcl|NC_052668.1_mrna_XM_026130926.2_13205	4961	4762	0	0
lcl|NC_052668.1_mrna_XM_026130925.2_13206	5341	5142	0	0
lcl|NC_052668.1_mrna_XM_039449308.1_13207	4103	3904	0	0
lcl|NC_052668.1_mrna_XM_039449305.1_13208	4707	4508	58.8386	3.66602
lcl|NC_052668.1_ncrna_XR_005574786.1_13209	721	522	0	0
lcl|NC_052668.1_mrna_XM_039449314.1_13210	540	341	1	0.823685
lcl|NC_052668.1_mrna_XM_011160542.3_13211	4363	4164	320.308	21.6059
lcl|NC_052668.1_mrna_XM_039449310.1_13212	4065	3866	0	0
lcl|NC_052668.1_mrna_XM_039449309.1_13213	4129	3930	84.6925	6.05296
lcl|NC_052668.1_mrna_XM_011160545.3_13214	2142	1943	70.9678	10.259
lcl|NC_052668.1_mrna_XM_011160544.3_13215	2121	1922	195.426	28.559
lcl|NC_052668.1_ncrna_XR_005574789.1_13216	431	232	3.60668	4.36652
lcl|NC_052668.1_mrna_XM_026131046.2_13217	6866	6667	9.77339	0.411747
lcl|NC_052668.1_mrna_XM_011160547.3_13218	6854	6655	589.19	24.867
lcl|NC_052668.1_mrna_XM_026131045.2_13219	6869	6670	6.22416	0.262102
lcl|NC_052668.1_mrna_XM_039449301.1_13220	7268	7069	41.8126	1.66136
lcl|NC_052668.1_mrna_XM_011160548.3_13221	2327	2128	474	62.5637
lcl|NC_052668.1_mrna_XM_039449313.1_13222	1521	1322	0	0
lcl|NC_052668.1_mrna_XM_039449312.1_13223	2914	2715	4.88438	0.505307
lcl|NC_052668.1_mrna_XM_039449311.1_13224	2918	2719	1.11562	0.115245
lcl|NC_052668.1_mrna_XM_026130982.2_13225	5211	5012	57	3.19433
lcl|NC_052668.1_mrna_XM_011160558.3_13226	5606	5407	59.9319	3.11327
lcl|NC_052668.1_mrna_XM_039449315.1_13227	4249	4050	9.74681	0.675963
lcl|NC_052668.1_mrna_XM_011160553.3_13228	4265	4066	0.186799	0.012904
lcl|NC_052668.1_mrna_XM_039449316.1_13229	4270	4071	0.0544559	0.00375716
lcl|NC_052668.1_mrna_XM_039449318.1_13230	5032	4833	0	0
lcl|NC_052668.1_mrna_XM_011160560.3_13231	4552	4353	0	0
lcl|NC_052668.1_mrna_XM_026130985.2_13232	2820	2621	0	0
lcl|NC_052668.1_mrna_XM_026130984.2_13233	2886	2687	4.08003	0.426492
lcl|NC_052668.1_mrna_XM_039449317.1_13234	2558	2359	0	0
lcl|NC_052668.1_mrna_XM_039449172.1_13235	5897	5698	23.3645	1.15173
lcl|NC_052668.1_mrna_XM_039449169.1_13236	5570	5371	45.6669	2.38815
lcl|NC_052668.1_mrna_XM_039449166.1_13237	5639	5440	200.217	10.3376
lcl|NC_052668.1_mrna_XM_039449162.1_13238	5693	5494	0	0
lcl|NC_052668.1_mrna_XM_039449157.1_13239	5675	5476	0	0
lcl|NC_052668.1_mrna_XM_039449159.1_13240	5672	5473	0	0
lcl|NC_052668.1_mrna_XM_039449156.1_13241	6123	5924	0	0
lcl|NC_052668.1_mrna_XM_039449155.1_13242	6191	5992	0	0
lcl|NC_052668.1_mrna_XM_039449158.1_13243	6904	6705	0	0
lcl|NC_052668.1_mrna_XM_039449154.1_13244	6955	6756	0	0
lcl|NC_052668.1_mrna_XM_039449170.1_13245	6726	6527	20.3417	0.875367
lcl|NC_052668.1_mrna_XM_039449167.1_13246	6795	6596	71.1798	3.03104
lcl|NC_052668.1_mrna_XM_039449163.1_13247	6849	6650	0	0
lcl|NC_052668.1_mrna_XM_039449168.1_13248	5510	5311	3.79277e-08	2.00584e-09
lcl|NC_052668.1_mrna_XM_039449165.1_13249	5579	5380	1.50059e-07	7.8342e-09
lcl|NC_052668.1_mrna_XM_039449160.1_13250	5633	5434	0	0
lcl|NC_052668.1_mrna_XM_011160572.3_13251	5793	5594	9.40779	0.472369
lcl|NC_052668.1_mrna_XM_026130971.2_13252	5862	5663	41.9354	2.07994
lcl|NC_052668.1_mrna_XM_011160567.3_13253	5916	5717	0	0
lcl|NC_052668.1_mrna_XM_039449147.1_13254	5970	5771	0	0
lcl|NC_052668.1_mrna_XM_026130972.2_13255	5844	5645	0	0
lcl|NC_052668.1_mrna_XM_026130969.2_13256	5913	5714	1.18871e-08	5.84319e-10
lcl|NC_052668.1_mrna_XM_039449148.1_13257	5967	5768	0	0
lcl|NC_052668.1_mrna_XM_039449145.1_13258	6021	5822	0	0
lcl|NC_052668.1_mrna_XM_026130975.2_13259	5599	5400	25.5868	1.33088
lcl|NC_052668.1_mrna_XM_039449150.1_13260	7896	7697	0	0
lcl|NC_052668.1_mrna_XM_039449146.1_13261	7947	7748	0	0
lcl|NC_052668.1_mrna_XM_039449153.1_13262	7841	7642	0	0
lcl|NC_052668.1_mrna_XM_011160575.3_13263	7717	7518	9.98842	0.373173
lcl|NC_052668.1_mrna_XM_026130973.2_13264	7786	7587	31.0544	1.14966
lcl|NC_052668.1_mrna_XM_039449139.1_13265	6661	6462	0	0
lcl|NC_052668.1_mrna_XM_026130964.2_13266	6593	6394	0	0
lcl|NC_052668.1_mrna_XM_039449140.1_13267	6647	6448	0	0
lcl|NC_052668.1_mrna_XM_026130965.2_13268	6554	6355	5.06713	0.223956
lcl|NC_052668.1_mrna_XM_011160578.3_13269	6608	6409	0	0
lcl|NC_052668.1_mrna_XM_039449142.1_13270	6539	6340	0	0
lcl|NC_052668.1_mrna_XM_039449141.1_13271	6608	6409	0	0
lcl|NC_052668.1_mrna_XM_039449138.1_13272	6662	6463	0	0
lcl|NC_052668.1_mrna_XM_026130966.2_13273	6484	6285	1.39472	0.0623298
lcl|NC_052668.1_mrna_XM_039449143.1_13274	6478	6279	0	0
lcl|NC_052668.1_mrna_XM_039449151.1_13275	6181	5982	0	0
lcl|NC_052668.1_mrna_XM_039449144.1_13276	6361	6162	0	0
lcl|NC_052668.1_mrna_XM_039449171.1_13277	5835	5636	0	0
lcl|NC_052668.1_mrna_XM_039449161.1_13278	6015	5816	14.1361	0.682685
lcl|NC_052668.1_mrna_XM_039449164.1_13279	5997	5798	0	0
lcl|NC_052668.1_mrna_XM_039449152.1_13280	6177	5978	53.6592	2.52118
lcl|NC_052668.1_ncrna_XR_005574762.1_13281	5028	4829	0	0
lcl|NC_052668.1_ncrna_XR_003268259.2_13282	972	773	0	0
lcl|NC_052668.1_ncrna_XR_005574763.1_13283	1168	969	0	0
lcl|NC_052668.1_mrna_XM_011160564.3_13284	1457	1258	5	1.11636
lcl|NC_052668.1_mrna_XM_039449175.1_13285	1316	1117	0	0
lcl|NC_052668.1_mrna_XM_011160236.3_13286	889	690	189.266	77.0439
lcl|NC_052668.1_mrna_XM_011160235.3_13287	2269	2070	171.734	23.3025
lcl|NC_052668.1_mrna_XM_011160562.3_13288	3254	3055	20	1.8388
lcl|NC_052668.1_mrna_XM_039449176.1_13289	657	458	6.75957	4.14542
lcl|NC_052668.1_mrna_XM_011160579.3_13290	677	478	283.24	166.434
lcl|NC_052668.1_mrna_XM_039449130.1_13291	16928	16729	0	0
lcl|NC_052668.1_mrna_XM_039449131.1_13292	16916	16717	0	0
lcl|NC_052668.1_mrna_XM_039449137.1_13293	16853	16654	0	0
lcl|NC_052668.1_mrna_XM_039449134.1_13294	16838	16639	0	0
lcl|NC_052668.1_mrna_XM_039449135.1_13295	16844	16645	0	0
lcl|NC_052668.1_mrna_XM_039449133.1_13296	16733	16534	0	0
lcl|NC_052668.1_mrna_XM_039449136.1_13297	16835	16636	0	0
lcl|NC_052668.1_mrna_XM_039449132.1_13298	16733	16534	0	0
lcl|NC_052668.1_mrna_XM_039449128.1_13299	16239	16040	0	0
lcl|NC_052668.1_mrna_XM_039449120.1_13300	16341	16142	0	0
lcl|NC_052668.1_mrna_XM_039449122.1_13301	16320	16121	0	0
lcl|NC_052668.1_mrna_XM_039449125.1_13302	16278	16079	0	0
lcl|NC_052668.1_mrna_XM_039449121.1_13303	16329	16130	0	0
lcl|NC_052668.1_mrna_XM_039449123.1_13304	16308	16109	0	0
lcl|NC_052668.1_mrna_XM_039449126.1_13305	16263	16064	0	0
lcl|NC_052668.1_mrna_XM_039449124.1_13306	16293	16094	0	0
lcl|NC_052668.1_mrna_XM_039449127.1_13307	16251	16052	0	0
lcl|NC_052668.1_mrna_XM_039449129.1_13308	15333	15134	1	0.0185593
lcl|NC_052668.1_ncrna_XR_005574761.1_13309	1092	893	6.85339	2.15561
lcl|NC_052668.1_mrna_XM_011160582.3_13310	3613	3414	1	0.082272
lcl|NC_052668.1_mrna_XM_011160583.3_13311	2788	2589	0	0
lcl|NC_052668.1_mrna_XM_039449173.1_13312	4011	3812	0	0
lcl|NC_052668.1_mrna_XM_039449174.1_13313	3680	3481	0	0
lcl|NC_052668.1_mrna_XM_026131002.2_13314	2269	2070	403	54.6828
lcl|NC_052668.1_mrna_XM_039448906.1_13315	2041	1842	0	0
lcl|NC_052668.1_mrna_XM_026131003.2_13316	3170	2971	0	0
lcl|NC_052668.1_mrna_XM_011160587.3_13317	1410	1211	0	0
lcl|NC_052668.1_mrna_XM_011160588.3_13318	1630	1431	279	54.7621
lcl|NC_052668.1_mrna_XM_011160589.3_13319	3349	3150	47	4.19086
lcl|NC_052668.1_mrna_XM_011160593.3_13320	865	666	100.284	42.2935
lcl|NC_052668.1_mrna_XM_026130884.2_13321	1050	851	28.6133	9.44397
lcl|NC_052668.1_mrna_XM_011160592.3_13322	4228	4029	242.926	16.9353
lcl|NC_052668.1_mrna_XM_039448904.1_13323	4866	4667	147.451	8.87411
lcl|NC_052668.1_mrna_XM_039448905.1_13324	4860	4661	3.33448	0.200939
lcl|NC_052668.1_mrna_XM_011160590.3_13325	2730	2531	39.3914	4.37145
lcl|NC_052668.1_mrna_XM_011160595.3_13326	2076	1877	708	105.946
lcl|NC_052668.1_trna_13327	72	3.52559	0	0
lcl|NC_052668.1_mrna_XM_011160597.3_13328	1496	1297	323	69.9485
lcl|NC_052668.1_mrna_XM_039450088.1_13329	4329	4130	872	59.3037
lcl|NC_052668.1_mrna_XM_011160598.3_13330	5000	4801	561	32.8206
lcl|NC_052668.1_mrna_XM_026131040.2_13331	13237	13038	2.02928e-05	4.37166e-07
lcl|NC_052668.1_mrna_XM_026131042.2_13332	13168	12969	25.9754	0.562564
lcl|NC_052668.1_mrna_XM_026131041.2_13333	13221	13022	6.95388e-05	1.49991e-06
lcl|NC_052668.1_mrna_XM_026131043.2_13334	13151	12952	96.8114	2.09945
lcl|NC_052668.1_mrna_XM_039449375.1_13335	12984	12785	7.84035e-08	1.72247e-09
lcl|NC_052668.1_mrna_XM_011160599.3_13336	13114	12915	113.667	2.47203
lcl|NC_052668.1_mrna_XM_026131044.2_13337	13038	12839	31.2518	0.683691
lcl|NC_052668.1_mrna_XM_011160602.3_13338	14316	14117	56.3222	1.12061
lcl|NC_052668.1_mrna_XM_011160603.3_13339	3835	3636	7885	609.107
lcl|NC_052668.1_mrna_XM_011160737.3_13340	2620	2421	3	0.34805
lcl|NC_052668.1_mrna_XM_039449925.1_13341	2336	2137	0	0
lcl|NC_052668.1_mrna_XM_039449926.1_13342	2315	2116	0	0
lcl|NC_052668.1_mrna_XM_011160605.3_13343	2217	2018	14.3108	1.99186
lcl|NC_052668.1_mrna_XM_011160606.3_13344	2215	2016	38.6892	5.39033
lcl|NC_052668.1_mrna_XM_011160615.3_13345	1988	1789	40.3536	6.3356
lcl|NC_052668.1_mrna_XM_011160612.3_13346	2807	2608	50.6165	5.4513
lcl|NC_052668.1_mrna_XM_011160614.3_13347	1991	1792	60.3716	9.4626
lcl|NC_052668.1_mrna_XM_011160611.3_13348	2810	2611	66.6583	7.17073
lcl|NC_052668.1_mrna_XM_011160608.3_13349	3180	2981	189.604	17.8649
lcl|NC_052668.1_mrna_XM_039449923.1_13350	2897	2698	856.909	89.209
lcl|NC_052668.1_mrna_XM_026131028.2_13351	7474	7275	1.28102e-07	4.9458e-09
lcl|NC_052668.1_mrna_XM_026131027.2_13352	7528	7329	38.4833	1.47484
lcl|NC_052668.1_mrna_XM_039449922.1_13353	7673	7474	1.12558e-07	4.22998e-09
lcl|NC_052668.1_mrna_XM_026131030.2_13354	7665	7466	3.29518e-07	1.23967e-08
lcl|NC_052668.1_mrna_XM_026131031.2_13355	7570	7371	0	0
lcl|NC_052668.1_mrna_XM_026131029.2_13356	7597	7398	0.00318756	0.000121021
lcl|NC_052668.1_mrna_XM_026131026.2_13357	7624	7425	8.25242e-05	3.12177e-06
lcl|NC_052668.1_mrna_XM_011160617.3_13358	2294	2095	378.289	50.7172
lcl|NC_052668.1_mrna_XM_011160616.3_13359	2044	1845	392.711	59.785
lcl|NC_052668.1_mrna_XM_011160618.3_13360	2679	2480	1263	143.043
lcl|NC_052668.1_mrna_XM_011160620.3_13361	1974	1775	1064.46	168.44
lcl|NC_052668.1_mrna_XM_026130928.2_13362	2037	1838	0	0
lcl|NC_052668.1_mrna_XM_039449929.1_13363	1981	1782	653.664	103.03
lcl|NC_052668.1_mrna_XM_026130927.2_13364	2129	1930	39.4397	5.73974
lcl|NC_052668.1_mrna_XM_039449928.1_13365	2022	1823	44.4635	6.85066
lcl|NC_052668.1_mrna_XM_011160621.3_13366	1808	1609	2963	517.239
lcl|NC_052668.1_mrna_XM_011160623.3_13367	884	685	3426	1404.79
lcl|NC_052668.1_ncrna_XR_850693.3_13368	558	359	13	10.171
lcl|NC_052668.1_mrna_XM_011160624.3_13369	1252	1053	365.701	97.5469
lcl|NC_052668.1_mrna_XM_011160625.3_13370	3187	2988	53.299	5.01019
lcl|NC_052668.1_ncrna_XR_005574918.1_13371	4506	4307	0	0
lcl|NC_052668.1_mrna_XM_011160626.3_13372	12856	12657	46	1.0208
lcl|NC_052668.1_mrna_XM_039449842.1_13373	10557	10358	0	0
lcl|NC_052668.1_mrna_XM_026130918.2_13374	10625	10426	0	0
lcl|NC_052668.1_mrna_XM_011160627.3_13375	10549	10350	1	0.0271378
lcl|NC_052668.1_mrna_XM_039449844.1_13376	10948	10749	0	0
lcl|NC_052668.1_mrna_XM_039449841.1_13377	10744	10545	0	0
lcl|NC_052668.1_mrna_XM_039449843.1_13378	10268	10069	0	0
lcl|NC_052668.1_mrna_XM_026130919.2_13379	10337	10138	0	0
lcl|NC_052668.1_mrna_XM_039449261.1_13380	1944	1745	0	0
lcl|NC_052668.1_mrna_XM_026130950.2_13381	6455	6256	0	0
lcl|NC_052668.1_mrna_XM_011160628.3_13382	6590	6391	0	0
lcl|NC_052668.1_mrna_XM_039449284.1_13383	6445	6246	0	0
lcl|NC_052668.1_ncrna_XR_005574781.1_13384	2825	2626	0	0
lcl|NC_052668.1_ncrna_XR_005574782.1_13385	3387	3188	1	0.0881044
lcl|NC_052668.1_mrna_XM_011160629.3_13386	1292	1093	2362	606.981
lcl|NC_052668.1_ncrna_XR_005574779.1_13387	1773	1574	9	1.60603
lcl|NC_052668.1_mrna_XM_011160632.3_13388	5161	4962	332.56	18.8247
lcl|NC_052668.1_mrna_XM_011160631.3_13389	5197	4998	0	0
lcl|NC_052668.1_mrna_XM_039449282.1_13390	3281	3082	650.44	59.2776
lcl|NC_052668.1_mrna_XM_039449285.1_13391	2759	2560	11.8834	1.30382
lcl|NC_052668.1_mrna_XM_026131056.2_13392	3520	3321	219.435	18.559
lcl|NC_052668.1_mrna_XM_026131055.2_13393	3823	3624	618.731	47.9545
lcl|NC_052668.1_mrna_XM_039449283.1_13394	3237	3038	277.833	25.6869
lcl|NC_052668.1_mrna_XM_039449286.1_13395	3351	3152	0.0136792	0.00121896
lcl|NC_052668.1_mrna_XM_026131060.2_13396	3334	3135	3.10292	0.278002
lcl|NC_052668.1_mrna_XM_026131059.2_13397	2595	2396	0	0
lcl|NC_052668.1_mrna_XM_026131061.2_13398	2619	2420	0	0
lcl|NC_052668.1_mrna_XM_011160633.3_13399	8518	8319	179	6.04363
lcl|NC_052668.1_mrna_XM_026130933.2_13400	2055	1856	0	0
lcl|NC_052668.1_mrna_XM_026130936.2_13401	2203	2004	328	45.9718
lcl|NC_052668.1_mrna_XM_011160635.3_13402	1144	945	3734.09	1109.86
lcl|NC_052668.1_mrna_XM_011160634.3_13403	968	769	3159.91	1154.15
lcl|NC_052668.1_mrna_XM_011160637.3_13404	1301	1102	111.683	28.4656
lcl|NC_052668.1_mrna_XM_039449287.1_13405	1266	1067	31.3173	8.24395
lcl|NC_052668.1_mrna_XM_026130931.2_13406	5269	5070	573.231	31.7568
lcl|NC_052668.1_mrna_XM_026130930.2_13407	5185	4986	2477.77	139.58
lcl|NC_052668.1_ncrna_XR_005574777.1_13408	2791	2592	0	0
lcl|NC_052668.1_ncrna_XR_003268252.2_13409	1005	806	0	0
lcl|NC_052668.1_ncrna_XR_005574778.1_13410	1463	1264	1	0.222213
lcl|NC_052668.1_ncrna_XR_850695.3_13411	1460	1261	0	0
lcl|NC_052668.1_mrna_XM_011160642.3_13412	4173	3974	0.991707	0.0700924
lcl|NC_052668.1_mrna_XM_011160641.3_13413	4192	3993	0.00829319	0.000583362
lcl|NC_052668.1_miscrna_XR_005574776.1_13414	1240	1041	0	0
lcl|NC_052668.1_miscrna_XR_005574775.1_13415	1261	1062	0	0
lcl|NC_052668.1_mrna_XM_011160638.3_13416	2947	2748	0	0
lcl|NC_052668.1_mrna_XM_011160639.3_13417	2878	2679	6.73116	0.70572
lcl|NC_052668.1_mrna_XM_011160640.3_13418	2480	2281	5.26884	0.648792
lcl|NC_052668.1_mrna_XM_026130948.2_13419	6843	6644	87.4211	3.69575
lcl|NC_052668.1_mrna_XM_026130947.2_13420	6691	6492	134.706	5.82807
lcl|NC_052668.1_mrna_XM_026130949.2_13421	4164	3965	75.8728	5.37475
lcl|NC_052668.1_mrna_XM_039449182.1_13422	3237	3038	195.462	18.0713
lcl|NC_052668.1_mrna_XM_011160644.3_13423	3569	3370	126.368	10.5323
lcl|NC_052668.1_mrna_XM_039449053.1_13424	1994	1795	0	0
lcl|NC_052668.1_mrna_XM_039449059.1_13425	1796	1597	0	0
lcl|NC_052668.1_mrna_XM_039449060.1_13426	2030	1831	0	0
lcl|NC_052668.1_mrna_XM_039449058.1_13427	1872	1673	0	0
lcl|NC_052668.1_mrna_XM_039449062.1_13428	2183	1984	1.17969	0.16701
lcl|NC_052668.1_mrna_XM_039449061.1_13429	2012	1813	3	0.464771
lcl|NC_052668.1_mrna_XM_026130937.2_13430	2531	2332	4	0.481778
lcl|NC_052668.1_mrna_XM_039449055.1_13431	1654	1455	20.2767	3.91426
lcl|NC_052668.1_mrna_XM_011160649.3_13432	2067	1868	48.5685	7.30287
lcl|NC_052668.1_mrna_XM_026130942.2_13433	1759	1560	0	0
lcl|NC_052668.1_mrna_XM_039449057.1_13434	2456	2257	0	0
lcl|NC_052668.1_mrna_XM_011160650.3_13435	2698	2499	0	0
lcl|NC_052668.1_mrna_XM_026130940.2_13436	2763	2564	12.4416	1.36293
lcl|NC_052668.1_mrna_XM_026130943.2_13437	2464	2265	0	0
lcl|NC_052668.1_mrna_XM_026130941.2_13438	2771	2572	6.12141	0.668492
lcl|NC_052668.1_mrna_XM_011160648.3_13439	1954	1755	6.41203	1.02621
lcl|NC_052668.1_mrna_XM_011160651.3_13440	4759	4560	500	30.7979
lcl|NC_052668.1_ncrna_XR_005574953.1_13441	429	230	1	1.2212
lcl|NC_052668.1_mrna_XM_039448962.1_13442	1031	832	2	0.675184
lcl|NC_052668.1_mrna_XM_026130887.2_13443	7101	6902	0	0
lcl|NC_052668.1_mrna_XM_026130886.2_13444	7531	7332	0	0
lcl|NC_052668.1_mrna_XM_039448961.1_13445	7654	7455	0	0
lcl|NC_052668.1_mrna_XM_026130888.2_13446	6224	6025	2	0.0932371
lcl|NC_052668.1_mrna_XM_026130885.2_13447	6654	6455	0	0
lcl|NC_052668.1_mrna_XM_039448960.1_13448	8394	8195	0	0
lcl|NC_052668.1_mrna_XM_011160652.3_13449	2372	2173	274	35.4166
lcl|NC_052668.1_mrna_XM_011160657.2_13450	2360	2161	6	0.779852
lcl|NC_052668.1_mrna_XM_026130890.2_13451	2637	2438	28.0768	3.23466
lcl|NC_052668.1_mrna_XM_026130891.2_13452	2116	1917	14.9232	2.18653
lcl|NC_052668.1_mrna_XM_026130892.2_13453	3600	3401	8	0.660692
lcl|NC_052668.1_miscrna_XR_005574858.1_13454	8599	8400	0	0
lcl|NC_052668.1_mrna_XM_039449617.1_13455	8663	8464	0	0
lcl|NC_052668.1_mrna_XM_039449618.1_13456	8529	8330	0	0
lcl|NC_052668.1_mrna_XM_039449619.1_13457	8340	8141	1.0022	0.0345775
lcl|NC_052668.1_mrna_XM_039449621.1_13458	8516	8317	0	0
lcl|NC_052668.1_mrna_XM_039449262.1_13459	948	749	0	0
lcl|NC_052668.1_mrna_XM_039450071.1_13460	3707	3508	0	0
lcl|NC_052668.1_mrna_XM_039449263.1_13461	2039	1840	1	0.15265
lcl|NC_052668.1_mrna_XM_039450072.1_13462	2992	2793	0	0
lcl|NC_052668.1_mrna_XM_039450073.1_13463	3688	3489	0	0
lcl|NC_052668.1_mrna_XM_039450075.1_13464	2242	2043	0	0
lcl|NC_052668.1_mrna_XM_039450074.1_13465	2196	1997	0	0
lcl|NC_052668.1_mrna_XM_039450077.1_13466	2165	1966	0	0
lcl|NC_052668.1_mrna_XM_011160658.3_13467	3514	3315	1	0.084729
lcl|NC_052668.1_mrna_XM_039450076.1_13468	926	727	1	0.38635
lcl|NC_052668.1_mrna_XM_011160659.3_13469	1636	1437	0	0
lcl|NC_052668.1_mrna_XM_011160660.3_13470	3421	3222	0	0
lcl|NC_052668.1_mrna_XM_026131018.2_13471	10127	9928	11	0.311205
lcl|NC_052668.1_mrna_XM_011160664.3_13472	10127	9928	11	0.311205
lcl|NC_052668.1_mrna_XM_026131019.2_13473	1929	1730	1	0.162356
lcl|NC_052668.1_mrna_XM_039450084.1_13474	3324	3125	0	0
lcl|NC_052668.1_miscrna_XR_005574948.1_13475	3324	3125	0	0
lcl|NC_052668.1_mrna_XM_039450078.1_13476	3088	2889	0	0
lcl|NC_052668.1_mrna_XM_026131007.2_13477	2384	2185	0	0
lcl|NC_052668.1_mrna_XM_026131005.2_13478	3365	3166	0	0
lcl|NC_052668.1_mrna_XM_026131006.2_13479	2184	1985	1	0.1415
lcl|NC_052668.1_mrna_XM_011160662.3_13480	2884	2685	0	0
lcl|NC_052668.1_mrna_XM_011160661.3_13481	3694	3495	0	0
lcl|NC_052668.1_mrna_XM_039450083.1_13482	3932	3733	0	0
lcl|NC_052668.1_mrna_XM_039450080.1_13483	2105	1906	0	0
lcl|NC_052668.1_mrna_XM_039450081.1_13484	1288	1089	0	0
lcl|NC_052668.1_mrna_XM_026131009.2_13485	2337	2138	0	0
lcl|NC_052668.1_mrna_XM_026131008.2_13486	1968	1769	0	0
lcl|NC_052668.1_mrna_XM_039449265.1_13487	3534	3335	0	0
lcl|NC_052668.1_mrna_XM_039450079.1_13488	6454	6255	2.008	0.0901679
lcl|NC_052668.1_mrna_XM_039449889.1_13489	1761	1562	0	0
lcl|NC_052668.1_mrna_XM_026130997.2_13490	3622	3423	0	0
lcl|NC_052668.1_mrna_XM_039449932.1_13491	3134	2935	0	0
lcl|NC_052668.1_mrna_XM_039449686.1_13492	951	752	0	0
lcl|NC_052668.1_mrna_XM_039449646.1_13493	1817	1618	0	0
lcl|NC_052668.1_mrna_XM_026131037.2_13494	2223	2024	5	0.693865
lcl|NC_052668.1_mrna_XM_039449681.1_13495	2033	1834	2	0.3063
lcl|NC_052668.1_mrna_XM_039449627.1_13496	2151	1952	0	0
lcl|NC_052668.1_mrna_XM_039449593.1_13497	1870	1671	0	0
lcl|NC_052668.1_mrna_XM_039449266.1_13498	2640	2441	0	0
lcl|NC_052668.1_mrna_XM_039449993.1_13499	2538	2339	0	0
lcl|NC_052668.1_mrna_XM_039450070.1_13500	611	412	0	0
lcl|NC_052668.1_mrna_XM_039449769.1_13501	2690	2491	0	0
lcl|NC_052668.1_mrna_XM_026130999.2_13502	2189	1990	0	0
lcl|NC_052668.1_mrna_XM_039449964.1_13503	1773	1574	0	0
lcl|NC_052668.1_mrna_XM_039449874.1_13504	2581	2382	0	0
lcl|NC_052668.1_mrna_XM_026139238.2_13505	1086	887	0	0
lcl|NC_052668.1_mrna_XM_026139239.2_13506	14368	14169	38	0.753286
lcl|NC_052668.1_mrna_XM_026139245.2_13507	2001	1802	0	0
lcl|NC_052668.1_mrna_XM_039449804.1_13508	1698	1499	0	0
lcl|NC_052668.1_mrna_XM_026139244.2_13509	2259	2060	0	0
lcl|NC_052668.1_mrna_XM_026139243.2_13510	1523	1324	0	0
lcl|NC_052668.1_mrna_XM_039449805.1_13511	1546	1347	0	0
lcl|NC_052668.1_mrna_XM_011172053.3_13512	2728	2529	0	0
lcl|NC_052668.1_mrna_XM_039449806.1_13513	1952	1753	19	3.0443
lcl|NC_052668.1_ncrna_XR_005574912.1_13514	685	486	1	0.577936
lcl|NC_052668.1_mrna_XM_011172051.3_13515	4126	3927	26	1.85964
lcl|NC_052668.1_miscrna_XR_005574913.1_13516	1389	1190	319.094	75.316
lcl|NC_052668.1_mrna_XM_026139246.2_13517	1115	916	266.906	81.8425
lcl|NC_052668.1_mrna_XM_011172049.3_13518	2434	2235	2415.26	303.53
lcl|NC_052668.1_mrna_XM_011172048.3_13519	2294	2095	825.742	110.707
lcl|NC_052668.1_mrna_XM_039449267.1_13520	2303	2104	578.128	77.1781
lcl|NC_052668.1_mrna_XM_039449371.1_13521	2237	2038	0	0
lcl|NC_052668.1_mrna_XM_039449370.1_13522	2181	1982	0	0
lcl|NC_052668.1_mrna_XM_039449374.1_13523	1860	1661	0	0
lcl|NC_052668.1_mrna_XM_039449372.1_13524	1892	1693	0	0
lcl|NC_052668.1_mrna_XM_039449373.1_13525	1706	1507	0	0
lcl|NC_052668.1_mrna_XM_039449268.1_13526	729	530	0	0
lcl|NC_052668.1_mrna_XM_039449270.1_13527	2143	1944	0	0
lcl|NC_052668.1_mrna_XM_039449939.1_13528	2232	2033	0	0
lcl|NC_052668.1_mrna_XM_039449940.1_13529	1833	1634	167.921	28.8648
lcl|NC_052668.1_mrna_XM_039449941.1_13530	10791	10592	14	0.371249
lcl|NC_052668.1_mrna_XM_039449942.1_13531	10868	10669	0	0
lcl|NC_052668.1_mrna_XM_026141104.2_13532	10189	9990	0	0
lcl|NC_052668.1_ncrna_XR_005574927.1_13533	412	213	0	0
lcl|NC_052668.1_mrna_XM_039449943.1_13534	891	692	7.08221	2.87461
lcl|NC_052668.1_mrna_XM_011167122.3_13535	1730	1531	1	0.18346
lcl|NC_052668.1_mrna_XM_011167124.3_13536	2882	2683	0	0
lcl|NC_052668.1_mrna_XM_011167120.3_13537	2543	2344	0	0
lcl|NC_052668.1_mrna_XM_011167125.3_13538	1631	1432	0	0
lcl|NC_052668.1_mrna_XM_039449944.1_13539	1539	1340	0	0
lcl|NC_052668.1_mrna_XM_039449945.1_13540	2102	1903	19	2.80434
lcl|NC_052668.1_miscrna_XR_005574856.1_13541	5549	5350	2.01625	0.105854
lcl|NC_052668.1_mrna_XM_039449591.1_13542	2699	2500	1.01755	0.114322
lcl|NC_052668.1_mrna_XM_039449589.1_13543	2819	2620	0	0
lcl|NC_052668.1_mrna_XM_039449590.1_13544	2908	2709	0	0
lcl|NC_052668.1_mrna_XM_039449479.1_13545	2491	2292	0	0
lcl|NC_052668.1_mrna_XM_039449477.1_13546	2475	2276	0	0
lcl|NC_052668.1_mrna_XM_039449478.1_13547	2534	2335	0	0
lcl|NC_052668.1_mrna_XM_039449481.1_13548	2266	2067	0	0
lcl|NC_052668.1_mrna_XM_039449480.1_13549	2334	2135	0	0
lcl|NC_052668.1_mrna_XM_039449379.1_13550	990	791	0	0
lcl|NC_052668.1_mrna_XM_039449376.1_13551	1522	1323	20.4421	4.33991
lcl|NC_052668.1_mrna_XM_039449378.1_13552	1865	1666	15.3862	2.59401
lcl|NC_052668.1_mrna_XM_039449377.1_13553	1922	1723	0	0
lcl|NC_052668.1_mrna_XM_039449642.1_13554	2887	2688	26	2.71681
lcl|NC_052668.1_mrna_XM_039448895.1_13555	1819	1620	836.973	145.115
lcl|NC_052668.1_mrna_XM_011157841.3_13556	2174	1975	33	4.69313
lcl|NC_052668.1_mrna_NM_001304608.1_13557	714	515	625	340.87
lcl|NC_052668.1_mrna_XM_011177768.3_13558	3879	3680	294	22.4396
lcl|NC_052668.1_ncrna_XR_005574699.1_13559	846	647	7	3.03885
lcl|NC_052668.1_mrna_XM_011177791.3_13560	1783	1584	477	84.5822
lcl|NC_052668.1_mrna_XM_011177804.3_13561	1054	855	470	154.4
lcl|NC_052668.1_mrna_XM_039449108.1_13562	4624	4425	3.57389e-05	2.26852e-06
lcl|NC_052668.1_miscrna_XR_005574756.1_13563	3855	3656	193.75	14.8851
lcl|NC_052668.1_mrna_XM_039449109.1_13564	4620	4421	1.77118	0.112527
lcl|NC_052668.1_mrna_XM_039449110.1_13565	4608	4409	0.00135219	8.61414e-05
lcl|NC_052668.1_mrna_XM_039449111.1_13566	4602	4403	106.025	6.76356
lcl|NC_052668.1_miscrna_XR_005574759.1_13567	2945	2746	0	0
lcl|NC_052668.1_miscrna_XR_005574758.1_13568	4540	4341	47.4188	3.06815
lcl|NC_052668.1_mrna_XM_039449115.1_13569	4409	4210	0	0
lcl|NC_052668.1_mrna_XM_026139113.2_13570	3363	3164	32.9583	2.9258
lcl|NC_052668.1_miscrna_XR_005574757.1_13571	5162	4963	0	0
lcl|NC_052668.1_mrna_XM_039449116.1_13572	2691	2492	7.96363	0.897592
lcl|NC_052668.1_mrna_XM_039449114.1_13573	2459	2260	1.54434e-07	1.91934e-08
lcl|NC_052668.1_mrna_XM_039449113.1_13574	2513	2314	39.5622	4.80211
lcl|NC_052668.1_mrna_XM_011177832.3_13575	3854	3655	509.403	39.1462
lcl|NC_052668.1_mrna_XM_039449112.1_13576	5728	5529	0	0
lcl|NC_052668.1_mrna_XM_011177826.3_13577	4673	4474	23.1467	1.45314
lcl|NC_052668.1_mrna_XM_026139116.2_13578	739	540	4.77379e-08	2.48305e-08
lcl|NC_052668.1_mrna_XM_026139117.2_13579	730	531	1	0.528958
lcl|NC_052668.1_mrna_XM_039449107.1_13580	38532	38333	123	0.901256
lcl|NC_052668.1_mrna_XM_011177850.3_13581	2725	2526	4952	550.634
lcl|NC_052668.1_mrna_XM_011177861.3_13582	2069	1870	1	0.150201
lcl|NC_052668.1_mrna_XM_039449191.1_13583	1617	1418	4.8391	0.958526
lcl|NC_052668.1_mrna_XM_039449192.1_13584	614	415	0	0
lcl|NC_052668.1_mrna_XM_039449271.1_13585	1973	1774	1.1609	0.183805
lcl|NC_052668.1_mrna_XM_039449193.1_13586	615	416	1.19298e-06	8.05484e-07
lcl|NC_052668.1_ncrna_XR_005574765.1_13587	154	7.38779	0	0
lcl|NC_052668.1_mrna_XM_011157609.3_13588	1924	1725	21	3.41937
lcl|NC_052668.1_mrna_XM_039449592.1_13589	1666	1467	0	0
lcl|NC_052668.1_mrna_XM_026139836.2_13590	1543	1344	0	0
lcl|NC_052668.1_mrna_XM_026139832.2_13591	1266	1067	8	2.10592
lcl|NC_052668.1_ncrna_XR_005574917.1_13592	2936	2737	22.7653	2.33623
lcl|NC_052668.1_mrna_XM_039449826.1_13593	1845	1646	3.63211	0.61979
lcl|NC_052668.1_mrna_XM_039449825.1_13594	2768	2569	4	0.437332
lcl|NC_052668.1_mrna_XM_039449177.1_13595	1417	1218	0	0
lcl|NC_052668.1_mrna_XM_039449179.1_13596	1604	1405	78.939	15.7809
lcl|NC_052668.1_mrna_XM_039449178.1_13597	3130	2931	0	0
lcl|NC_052668.1_mrna_XM_011172598.3_13598	1407	1208	0	0
lcl|NC_052668.1_mrna_XM_011157613.3_13599	1959	1760	0	0
lcl|NC_052668.1_mrna_XM_039449180.1_13600	1585	1386	5.06103	1.02563
lcl|NC_052668.1_mrna_XM_026139406.2_13601	1646	1447	0	0
lcl|NC_052668.1_mrna_XM_026139405.2_13602	1484	1285	0	0
lcl|NC_052668.1_mrna_XM_011157615.3_13603	2282	2083	0	0
lcl|NC_052668.1_mrna_XM_039449272.1_13604	2395	2196	0	0
lcl|NC_052668.1_mrna_XM_026139408.2_13605	7211	7012	371	14.861
lcl|NC_052668.1_mrna_XM_039450139.1_13606	6504	6305	0	0
lcl|NC_052668.1_mrna_XM_039450138.1_13607	6612	6413	0	0
lcl|NC_052668.1_ncrna_XR_005574955.1_13608	9845	9646	0	0
lcl|NC_052668.1_mrna_XM_039448890.1_13609	2244	2045	272.573	37.4373
lcl|NC_052668.1_miscrna_XR_851189.3_13610	1971	1772	0	0
lcl|NC_052668.1_mrna_XM_011172874.3_13611	1946	1747	248.079	39.8853
lcl|NC_052668.1_mrna_XM_011172877.3_13612	1862	1663	185.429	31.3185
lcl|NC_052668.1_mrna_XM_011172872.3_13613	8932	8733	213	6.85065
lcl|NC_052668.1_ncrna_XR_005574698.1_13614	444	245	0	0
lcl|NC_052668.1_mrna_XM_026139403.2_13615	2894	2695	4	0.416886
lcl|NC_052668.1_mrna_XM_039449887.1_13616	1287	1088	0	0
lcl|NC_052668.1_mrna_XM_039449888.1_13617	612	413	0	0
lcl|NC_052668.1_mrna_XM_039449622.1_13618	1100	901	0	0
lcl|NC_052668.1_mrna_XM_039449273.1_13619	1614	1415	0	0
lcl|NC_052668.1_ncrna_XR_005574950.1_13620	374	175	0	0
lcl|NC_052668.1_mrna_XM_039449274.1_13621	552	353	0	0
lcl|NC_052668.1_miscrna_XR_005574914.1_13622	1500	1301	0	0
lcl|NC_052668.1_mrna_XM_039449807.1_13623	1338	1139	0	0
lcl|NC_052668.1_mrna_XM_039449759.1_13624	4147	3948	1	0.071144
lcl|NC_052668.1_mrna_XM_039449758.1_13625	4946	4747	0	0
lcl|NC_052668.1_mrna_XM_026134229.2_13626	1395	1196	0	0
lcl|NC_052668.1_mrna_XM_039449557.1_13627	1305	1106	0	0
lcl|NC_052668.1_mrna_XM_039449556.1_13628	1324	1125	10	2.49668
lcl|NC_052668.1_mrna_XM_039449555.1_13629	1364	1165	1	0.241096
lcl|NC_052668.1_mrna_XM_039448873.1_13630	1968	1769	0	0
lcl|NC_052668.1_mrna_XM_039448874.1_13631	1931	1732	0	0
lcl|NC_052668.1_mrna_XM_039448870.1_13632	2042	1843	0	0
lcl|NC_052668.1_mrna_XM_039448871.1_13633	1940	1741	23.4511	3.78339
lcl|NC_052668.1_mrna_XM_039448872.1_13634	2005	1806	0	0
lcl|NC_052668.1_mrna_NM_001304601.1_13635	1823	1624	0	0
lcl|NC_052668.1_mrna_XM_039448867.1_13636	2689	2490	0	0
lcl|NC_052668.1_mrna_XM_039448869.1_13637	2641	2442	0	0
lcl|NC_052668.1_mrna_XM_039448868.1_13638	2450	2251	0	0
lcl|NC_052668.1_mrna_XM_026141793.2_13639	886	687	0	0
lcl|NC_052668.1_mrna_XM_039449275.1_13640	1682	1483	1.07281	0.203187
lcl|NC_052668.1_ncrna_XR_005574697.1_13641	357	158	0	0
lcl|NC_052668.1_mrna_XM_039449277.1_13642	608	409	0	0
lcl|NC_052668.1_mrna_XM_039448882.1_13643	1063	864	0	0
lcl|NC_052668.1_mrna_XM_039448883.1_13644	1617	1418	1	0.198079
lcl|NC_052668.1_mrna_XM_039449278.1_13645	3777	3578	0	0
lcl|NC_052668.1_mrna_XM_039448886.1_13646	1571	1372	0	0
lcl|NC_052668.1_mrna_XM_039448881.1_13647	2454	2255	0	0
lcl|NC_052668.1_mrna_XM_039448887.1_13648	2902	2703	0	0
lcl|NC_052668.1_mrna_XM_039448884.1_13649	694	495	0	0
lcl|NC_052668.1_mrna_XM_039448885.1_13650	693	494	0	0
lcl|NC_052668.1_mrna_XM_026130629.2_13651	538	339	0.294273	0.243819
lcl|NC_052669.1_mrna_XM_039450628.1_13652	8477	8278	0	0
lcl|NC_052669.1_mrna_XM_039450471.1_13653	7150	6951	0	0
lcl|NC_052669.1_mrna_XM_039450400.1_13654	870	671	0	0
lcl|NC_052669.1_miscrna_XR_851270.3_13655	3124	2925	358.754	34.4498
lcl|NC_052669.1_miscrna_XR_851271.3_13656	3315	3116	65.4688	5.90137
lcl|NC_052669.1_mrna_XM_011174471.3_13657	3002	2803	1226.78	122.93
lcl|NC_052669.1_mrna_XM_011174472.3_13658	2334	2135	976.549	128.473
lcl|NC_052669.1_mrna_XM_039451355.1_13659	1595	1396	554.772	111.621
lcl|NC_052669.1_mrna_XM_026139796.2_13660	2413	2214	82.7154	10.4936
lcl|NC_052669.1_mrna_XM_039451353.1_13661	1721	1522	0	0
lcl|NC_052669.1_mrna_XM_039451352.1_13662	1739	1540	0	0
lcl|NC_052669.1_mrna_XM_026139797.2_13663	1822	1623	227.205	39.3201
lcl|NC_052669.1_mrna_XM_026139798.2_13664	1548	1349	43.7594	9.1112
lcl|NC_052669.1_mrna_XM_039450403.1_13665	761	562	1.64915	0.824214
lcl|NC_052669.1_mrna_XM_011174473.3_13666	5078	4879	271.017	15.6021
lcl|NC_052669.1_mrna_XM_039451356.1_13667	6630	6431	180.872	7.89968
lcl|NC_052669.1_mrna_XM_026139794.2_13668	6759	6560	72.3066	3.09592
lcl|NC_052669.1_mrna_XM_026139795.2_13669	6519	6320	0	0
lcl|NC_052669.1_mrna_XM_026139807.2_13670	2722	2523	1168.84	130.123
lcl|NC_052669.1_ncrna_XR_003269330.2_13671	942	743	19.1582	7.24237
lcl|NC_052669.1_mrna_XM_026139809.2_13672	2089	1890	0	0
lcl|NC_052669.1_mrna_XM_039450972.1_13673	2045	1846	0	0
lcl|NC_052669.1_mrna_XM_039450973.1_13674	2127	1928	23.5122	3.42533
lcl|NC_052669.1_mrna_XM_026139808.2_13675	2092	1893	0	0
lcl|NC_052669.1_mrna_XM_026139810.2_13676	1799	1600	28.4878	5.00098
lcl|NC_052669.1_mrna_XM_011174477.3_13677	1353	1154	0	0
lcl|NC_052669.1_mrna_XM_039450974.1_13678	1180	981	6.17406	1.76774
lcl|NC_052669.1_mrna_XM_026139812.2_13679	1449	1250	4.64684	1.04415
lcl|NC_052669.1_ncrna_XR_005575076.1_13680	1155	956	8	2.35043
lcl|NC_052669.1_mrna_XM_026139811.2_13681	3092	2893	19.1791	1.86207
lcl|NC_052669.1_mrna_XM_026139803.2_13682	8301	8102	0	0
lcl|NC_052669.1_mrna_XM_026139802.2_13683	8340	8141	0	0
lcl|NC_052669.1_mrna_XM_026139801.2_13684	8343	8144	0	0
lcl|NC_052669.1_mrna_XM_026139806.2_13685	8223	8024	162.319	5.68192
lcl|NC_052669.1_mrna_XM_026139805.2_13686	8265	8066	0	0
lcl|NC_052669.1_mrna_XM_026139804.2_13687	8268	8069	0	0
lcl|NC_052669.1_mrna_XM_039450975.1_13688	5452	5253	680.125	36.3661
lcl|NC_052669.1_ncrna_XR_005575078.1_13689	1700	1501	0	0
lcl|NC_052669.1_mrna_XM_039450980.1_13690	1743	1544	40.9724	7.45349
lcl|NC_052669.1_mrna_XM_039450979.1_13691	1823	1624	726.028	125.569
lcl|NC_052669.1_mrna_XM_039450977.1_13692	1784	1585	10.8509	1.92289
lcl|NC_052669.1_mrna_XM_039450976.1_13693	2002	1803	519.937	80.9974
lcl|NC_052669.1_mrna_XM_039450978.1_13694	1866	1667	9.21161	1.55209
lcl|NC_052669.1_mrna_XM_039451362.1_13695	7934	7735	83.4512	3.03032
lcl|NC_052669.1_mrna_XM_039451360.1_13696	3770	3571	35.9486	2.82753
lcl|NC_052669.1_mrna_XM_039451359.1_13697	3763	3564	38.7448	3.05346
lcl|NC_052669.1_mrna_XM_039451361.1_13698	3851	3652	39.8554	3.06529
lcl|NC_052669.1_mrna_XM_039451363.1_13699	4527	4328	0	0
lcl|NC_052669.1_mrna_XM_011174478.3_13700	1907	1708	0	0
lcl|NC_052669.1_mrna_XM_026130660.2_13701	6954	6755	3.04649	0.126675
lcl|NC_052669.1_mrna_XM_039451106.1_13702	2660	2461	0	0
lcl|NC_052669.1_miscrna_XR_005575111.1_13703	2516	2317	20.6527	2.50361
lcl|NC_052669.1_mrna_XM_039451105.1_13704	3378	3179	16.3161	1.44159
lcl|NC_052669.1_mrna_XM_039451104.1_13705	1940	1741	0	0
lcl|NC_052669.1_mrna_XM_011174479.3_13706	5629	5430	1	0.0517268
lcl|NC_052669.1_mrna_XM_011174480.3_13707	2542	2343	0	0
lcl|NC_052669.1_mrna_XM_026130648.2_13708	2142	1943	51	7.37247
lcl|NC_052669.1_mrna_XM_026130647.2_13709	4120	3921	19	1.36104
lcl|NC_052669.1_mrna_XM_026130664.2_13710	4703	4504	0	0
lcl|NC_052669.1_mrna_XM_026130662.2_13711	6688	6489	1.22442e-05	5.29991e-07
lcl|NC_052669.1_mrna_XM_039451152.1_13712	6622	6423	0.347618	0.0152013
lcl|NC_052669.1_mrna_XM_039451153.1_13713	6609	6410	2.65237	0.116223
lcl|NC_052669.1_mrna_XM_039451155.1_13714	2742	2543	0	0
lcl|NC_052669.1_mrna_XM_026130591.2_13715	7493	7294	24.702	0.951221
lcl|NC_052669.1_miscrna_XR_005575116.1_13716	2759	2560	0	0
lcl|NC_052669.1_mrna_XM_026130590.2_13717	3895	3696	0	0
lcl|NC_052669.1_mrna_XM_039451154.1_13718	4960	4761	1.29802	0.0765774
lcl|NC_052669.1_mrna_XM_039451159.1_13719	1932	1733	13.3721	2.16728
lcl|NC_052669.1_mrna_XM_039451157.1_13720	2035	1836	0	0
lcl|NC_052669.1_mrna_XM_039451158.1_13721	2001	1802	29.0574	4.52916
lcl|NC_052669.1_mrna_XM_039451160.1_13722	1884	1685	0	0
lcl|NC_052669.1_mrna_XM_039451156.1_13723	2104	1905	346.571	51.099
lcl|NC_052669.1_mrna_XM_039451161.1_13724	1804	1605	962.263	168.397
lcl|NC_052669.1_mrna_XM_039451162.1_13725	1289	1090	748.255	192.814
lcl|NC_052669.1_mrna_XM_039451165.1_13726	1223	1024	10.9203	2.99536
lcl|NC_052669.1_mrna_XM_039451163.1_13727	1313	1114	99.8494	25.1754
lcl|NC_052669.1_mrna_XM_039451164.1_13728	1224	1025	26.164	7.16961
lcl|NC_052669.1_mrna_XM_039451166.1_13729	1030	831	32.5483	11.0013
lcl|NC_052669.1_mrna_XM_011174485.3_13730	1350	1151	32	7.80891
lcl|NC_052669.1_mrna_XM_011174486.3_13731	2839	2640	35.9896	3.82903
lcl|NC_052669.1_mrna_XM_011174487.2_13732	2813	2614	0	0
lcl|NC_052669.1_mrna_XM_039451167.1_13733	2936	2737	7.01043	0.719425
lcl|NC_052669.1_miscrna_XR_005575035.1_13734	1667	1468	135.64	25.9523
lcl|NC_052669.1_mrna_XM_011174488.3_13735	1493	1294	777.36	168.735
lcl|NC_052669.1_mrna_XM_011174489.3_13736	2032	1833	1691	259.118
lcl|NC_052669.1_mrna_XM_026130713.2_13737	4451	4252	695	45.91
lcl|NC_052669.1_mrna_XM_011174490.3_13738	1690	1491	331.851	62.5146
lcl|NC_052669.1_miscrna_XR_005575037.1_13739	1485	1286	0.00050963	0.000111309
lcl|NC_052669.1_miscrna_XR_005575036.1_13740	1627	1428	34.1995	6.72679
lcl|NC_052669.1_mrna_XM_011174491.3_13741	1200	1001	236.922	66.4795
lcl|NC_052669.1_mrna_XM_011174492.3_13742	1103	904	1760	546.84
lcl|NC_052669.1_miscrna_XR_005575034.1_13743	3797	3598	0.149539	0.0116737
lcl|NC_052669.1_miscrna_XR_005575033.1_13744	3934	3735	1.23123e-05	9.25903e-07
lcl|NC_052669.1_miscrna_XR_005575032.1_13745	3910	3711	494.85	37.454
lcl|NC_052669.1_mrna_XM_039450737.1_13746	3630	3431	0	0
lcl|NC_052669.1_mrna_XM_011174493.3_13747	1029	830	97	32.8253
lcl|NC_052669.1_mrna_XM_011174495.3_13748	2034	1835	1228	187.965
lcl|NC_052669.1_miscrna_XR_005575039.1_13749	8214	8015	0	0
lcl|NC_052669.1_miscrna_XR_005575038.1_13750	8294	8095	13.1202	0.455237
lcl|NC_052669.1_miscrna_XR_005575040.1_13751	8134	7935	0	0
lcl|NC_052669.1_mrna_XM_039450739.1_13752	8409	8210	0	0
lcl|NC_052669.1_mrna_XM_039450740.1_13753	2608	2409	0	0
lcl|NC_052669.1_mrna_XM_026130600.2_13754	8232	8033	34.2711	1.1983
lcl|NC_052669.1_mrna_XM_039450738.1_13755	7857	7658	9.60878	0.352426
lcl|NC_052669.1_miscrna_XR_005575041.1_13756	7213	7014	0	0
lcl|NC_052669.1_mrna_XM_011174497.3_13757	5701	5502	56.8679	2.9031
lcl|NC_052669.1_mrna_XM_026130601.2_13758	5964	5765	20.1321	0.980857
lcl|NC_052669.1_mrna_XM_011174499.3_13759	1964	1765	9	1.43223
lcl|NC_052669.1_mrna_XM_039450750.1_13760	5653	5454	0	0
lcl|NC_052669.1_mrna_XM_011174500.3_13761	2316	2117	78.2612	10.3834
lcl|NC_052669.1_mrna_XM_026130602.2_13762	2327	2128	244.198	32.2319
lcl|NC_052669.1_mrna_XM_039450747.1_13763	5505	5306	0	0
lcl|NC_052669.1_mrna_XM_039450748.1_13764	5478	5279	0	0
lcl|NC_052669.1_mrna_XM_039450749.1_13765	6206	6007	37.9587	1.77488
lcl|NC_052669.1_mrna_XM_011174502.3_13766	6247	6048	0.0413331	0.00191956
lcl|NC_052669.1_mrna_XM_039450742.1_13767	5981	5782	0	0
lcl|NC_052669.1_mrna_XM_039450743.1_13768	5972	5773	0	0
lcl|NC_052669.1_mrna_XM_039450744.1_13769	5872	5673	0	0
lcl|NC_052669.1_mrna_XM_039450745.1_13770	5816	5617	0	0
lcl|NC_052669.1_mrna_XM_039450741.1_13771	5777	5578	0	0
lcl|NC_052669.1_mrna_XM_039450746.1_13772	5719	5520	0	0
lcl|NC_052669.1_mrna_XM_011159969.3_13773	1985	1786	4.14525	0.651906
lcl|NC_052669.1_mrna_XM_011174509.3_13774	3017	2818	7	0.697707
lcl|NC_052669.1_mrna_XM_011174510.3_13775	4050	3851	4	0.291744
lcl|NC_052669.1_mrna_XM_011174511.3_13776	2409	2210	9	1.14384
lcl|NC_052669.1_mrna_XM_026130588.2_13777	2453	2254	0	0
lcl|NC_052669.1_mrna_XM_011174512.3_13778	2400	2201	0	0
lcl|NC_052669.1_mrna_XM_026130589.2_13779	2492	2293	0	0
lcl|NC_052669.1_mrna_XM_011174517.3_13780	2492	2293	1	0.122493
lcl|NC_052669.1_mrna_XM_039450955.1_13781	2092	1893	25.8547	3.83624
lcl|NC_052669.1_mrna_XM_039450954.1_13782	2487	2288	0	0
lcl|NC_052669.1_mrna_XM_011174514.3_13783	3008	2809	0	0
lcl|NC_052669.1_mrna_XM_011174513.3_13784	3013	2814	0	0
lcl|NC_052669.1_miscrna_XR_851272.3_13785	2950	2751	0	0
lcl|NC_052669.1_mrna_XM_011174515.3_13786	2985	2786	0	0
lcl|NC_052669.1_ncrna_XR_005575066.1_13787	2910	2711	18.2887	1.89482
lcl|NC_052669.1_mrna_XM_011174522.3_13788	3846	3647	2	0.154032
lcl|NC_052669.1_mrna_XM_039450962.1_13789	922	723	4	1.55395
lcl|NC_052669.1_mrna_XM_039450961.1_13790	2055	1856	55.4367	8.38948
lcl|NC_052669.1_mrna_XM_011174518.3_13791	2207	2008	208.75	29.1997
lcl|NC_052669.1_mrna_XM_011174521.3_13792	2086	1887	12.124	1.80464
lcl|NC_052669.1_mrna_XM_039450957.1_13793	2911	2712	0	0
lcl|NC_052669.1_mrna_XM_039450960.1_13794	2774	2575	5	0.545392
lcl|NC_052669.1_mrna_XM_039450958.1_13795	2835	2636	0	0
lcl|NC_052669.1_mrna_XM_039450956.1_13796	2845	2646	0	0
lcl|NC_052669.1_mrna_XM_011174523.3_13797	4570	4371	115.659	7.43218
lcl|NC_052669.1_mrna_XM_011174524.3_13798	4524	4325	128.384	8.3376
lcl|NC_052669.1_mrna_XM_026130614.2_13799	4451	4252	1.4139e-07	9.33991e-09
lcl|NC_052669.1_mrna_XM_011174526.3_13800	1071	872	695	223.864
lcl|NC_052669.1_mrna_XM_039450963.1_13801	680	481	203.924	119.08
lcl|NC_052669.1_mrna_XM_011174528.2_13802	632	433	242.076	157.029
lcl|NC_052669.1_mrna_XM_011174529.3_13803	1118	919	14.6133	4.46629
lcl|NC_052669.1_mrna_XM_011174530.3_13804	1103	904	94.3867	29.3264
lcl|NC_052669.1_mrna_XM_011174531.3_13805	2342	2143	6	0.786402
lcl|NC_052669.1_mrna_XM_011174532.3_13806	3618	3419	0	0
lcl|NC_052669.1_mrna_XM_026130615.2_13807	3287	3088	9	0.818617
lcl|NC_052669.1_mrna_XM_011174533.3_13808	4037	3838	76	5.56191
lcl|NC_052669.1_mrna_XM_011174535.3_13809	3721	3522	125.956	10.0449
lcl|NC_052669.1_mrna_XM_011174534.3_13810	3699	3500	113.111	9.07721
lcl|NC_052669.1_mrna_XM_011174536.3_13811	3659	3460	67.4948	5.47911
lcl|NC_052669.1_mrna_XM_011174538.3_13812	3523	3324	132.438	11.1909
lcl|NC_052669.1_mrna_XM_039450690.1_13813	2977	2778	8.4296e-05	8.52296e-06
lcl|NC_052669.1_mrna_XM_026130671.2_13814	3258	3059	4	0.367279
lcl|NC_052669.1_mrna_XM_039450675.1_13815	607	408	0	0
lcl|NC_052669.1_mrna_XM_039450672.1_13816	2967	2768	0	0
lcl|NC_052669.1_mrna_XM_039450668.1_13817	3412	3213	0	0
lcl|NC_052669.1_mrna_XM_026130672.2_13818	3397	3198	0	0
lcl|NC_052669.1_mrna_XM_039450670.1_13819	3106	2907	0	0
lcl|NC_052669.1_mrna_XM_039450669.1_13820	3036	2837	0	0
lcl|NC_052669.1_mrna_XM_039450671.1_13821	3014	2815	0	0
lcl|NC_052669.1_mrna_XM_039450673.1_13822	3018	2819	0	0
lcl|NC_052669.1_mrna_XM_039450674.1_13823	2591	2392	0	0
lcl|NC_052669.1_mrna_XM_039450874.1_13824	2015	1816	0	0
lcl|NC_052669.1_mrna_XM_011174557.3_13825	4337	4138	9.76417	0.662766
lcl|NC_052669.1_mrna_XM_026130735.2_13826	4073	3874	0	0
lcl|NC_052669.1_mrna_XM_026130734.2_13827	4083	3884	5.39004	0.389788
lcl|NC_052669.1_mrna_XM_011174556.3_13828	2460	2261	413	51.3057
lcl|NC_052669.1_mrna_XM_011174555.3_13829	2210	2011	285.142	39.8258
lcl|NC_052669.1_mrna_XM_039450872.1_13830	1942	1743	20.8579	3.36115
lcl|NC_052669.1_mrna_XM_039450871.1_13831	2070	1871	4.20906e-06	6.31868e-07
lcl|NC_052669.1_mrna_XM_011174553.3_13832	5236	5037	103	5.74356
lcl|NC_052669.1_mrna_XM_026130733.2_13833	7224	7025	0	0
lcl|NC_052669.1_mrna_XM_011174558.3_13834	7426	7227	19.8458	0.771305
lcl|NC_052669.1_mrna_XM_011174559.3_13835	7158	6959	0	0
lcl|NC_052669.1_mrna_XM_011174560.3_13836	7158	6959	0	0
lcl|NC_052669.1_mrna_XM_011174579.3_13837	4001	3802	513	37.8984
lcl|NC_052669.1_mrna_XM_039450870.1_13838	2342	2143	6.81835e-08	8.93661e-09
lcl|NC_052669.1_mrna_XM_011174575.3_13839	2400	2201	218.426	27.874
lcl|NC_052669.1_mrna_XM_011174576.3_13840	2315	2116	454.448	60.3232
lcl|NC_052669.1_mrna_XM_011174577.3_13841	2297	2098	40.6836	5.44665
lcl|NC_052669.1_mrna_XM_011174578.3_13842	2212	2013	126.443	17.6427
lcl|NC_052669.1_mrna_XM_011174574.3_13843	2356	2157	1324.57	172.48
lcl|NC_052669.1_mrna_XM_039450875.1_13844	2224	2025	1.43305	0.19877
lcl|NC_052669.1_mrna_XM_011174568.3_13845	1481	1282	18.8043	4.11988
lcl|NC_052669.1_mrna_XM_011174569.3_13846	993	794	8.19572	2.89923
lcl|NC_052669.1_mrna_XM_011174570.3_13847	1005	806	0	0
lcl|NC_052669.1_mrna_XM_039450878.1_13848	746	547	0	0
lcl|NC_052669.1_mrna_XM_011174571.3_13849	888	689	0	0
lcl|NC_052669.1_mrna_XM_039450876.1_13850	696	497	0	0
lcl|NC_052669.1_mrna_XM_011174567.3_13851	2881	2682	95	9.94903
lcl|NC_052669.1_mrna_XM_026130745.2_13852	2091	1892	0	0
lcl|NC_052669.1_ncrna_XR_005575145.1_13853	2400	2201	33.6653	4.29613
lcl|NC_052669.1_mrna_XM_011174629.3_13854	5303	5104	4.69937	0.25861
lcl|NC_052669.1_mrna_XM_026130742.2_13855	2454	2255	0	0
lcl|NC_052669.1_mrna_XM_026130741.2_13856	2594	2395	0	0
lcl|NC_052669.1_mrna_XM_026130740.2_13857	3382	3183	0	0
lcl|NC_052669.1_mrna_XM_039450333.1_13858	3278	3079	0	0
lcl|NC_052669.1_trna_13859	73	3.5471	0	0
lcl|NC_052669.1_mrna_XM_039450332.1_13860	7742	7543	2	0.0744735
lcl|NC_052669.1_mrna_XM_039450336.1_13861	1015	816	0	0
lcl|NC_052669.1_mrna_XM_039450337.1_13862	2420	2221	0	0
lcl|NC_052669.1_mrna_XM_039450334.1_13863	2411	2212	0	0
lcl|NC_052669.1_mrna_XM_039450335.1_13864	2283	2084	1.05031	0.141559
lcl|NC_052669.1_miscrna_XR_005574979.1_13865	4411	4212	1	0.0666849
lcl|NC_052669.1_mrna_XM_039450468.1_13866	5263	5064	16	0.887446
lcl|NC_052669.1_miscrna_XR_005574999.1_13867	5154	4955	0	0
lcl|NC_052669.1_mrna_XM_011174562.3_13868	1712	1513	489	90.7791
lcl|NC_052669.1_mrna_XM_039450404.1_13869	3147	2948	83.7544	7.97987
lcl|NC_052669.1_mrna_XM_039450465.1_13870	3294	3095	20.6334	1.87251
lcl|NC_052669.1_mrna_XM_039450466.1_13871	3196	2997	1.80829e-07	1.69471e-08
lcl|NC_052669.1_mrna_XM_039450467.1_13872	3144	2945	7.61229	0.726016
lcl|NC_052669.1_mrna_XM_039450618.1_13873	3388	3189	0	0
lcl|NC_052669.1_mrna_XM_011174580.3_13874	3319	3120	23.0879	2.07848
lcl|NC_052669.1_mrna_XM_026130577.2_13875	5484	5285	2630.91	139.823
lcl|NC_052669.1_mrna_XM_026130593.2_13876	2615	2416	1269	147.53
lcl|NC_052669.1_miscrna_XR_005575016.1_13877	1030	831	0	0
lcl|NC_052669.1_mrna_XM_011174582.3_13878	1060	861	473	154.303
lcl|NC_052669.1_mrna_XM_011174585.3_13879	1692	1493	300.46	56.5252
lcl|NC_052669.1_mrna_XM_011174584.3_13880	1679	1480	181.791	34.5006
lcl|NC_052669.1_mrna_XM_026130592.2_13881	1610	1411	273.749	54.4931
lcl|NC_052669.1_mrna_XM_039450627.1_13882	8912	8713	647	20.857
lcl|NC_052669.1_mrna_XM_011174587.3_13883	1835	1636	493	84.6407
lcl|NC_052669.1_mrna_XM_011174589.3_13884	4675	4476	0.00966911	0.000606753
lcl|NC_052669.1_ncrna_XR_003268236.1_13885	124	5.2474	0	0
lcl|NC_052669.1_mrna_XM_011174588.3_13886	4653	4454	1.35416	0.0853958
lcl|NC_052669.1_mrna_XM_011174592.2_13887	4635	4436	78.6362	4.97905
lcl|NC_052669.1_mrna_XM_011174590.3_13888	5183	4984	0	0
lcl|NC_052669.1_mrna_XM_026130580.2_13889	4709	4510	0.00531861	0.000331236
lcl|NC_052669.1_mrna_XM_026130582.2_13890	4727	4528	0.0405063	0.00251265
lcl|NC_052669.1_mrna_XM_039450622.1_13891	3215	3016	0	0
lcl|NC_052669.1_mrna_XM_039450621.1_13892	3596	3397	0	0
lcl|NC_052669.1_mrna_XM_039450620.1_13893	3741	3542	0	0
lcl|NC_052669.1_mrna_XM_011174599.3_13894	3051	2852	31	3.05301
lcl|NC_052669.1_mrna_XM_039450624.1_13895	3520	3321	0	0
lcl|NC_052669.1_mrna_XM_039450623.1_13896	3571	3372	0	0
lcl|NC_052669.1_mrna_XM_039450625.1_13897	543	344	0	0
lcl|NC_052669.1_mrna_XM_026130579.2_13898	4726	4527	0.0505515	0.00313646
lcl|NC_052669.1_mrna_XM_026130581.2_13899	4834	4635	174.904	10.599
lcl|NC_052669.1_mrna_XM_026130666.2_13900	4273	4074	1	0.0689437
lcl|NC_052669.1_mrna_XM_039450619.1_13901	8719	8520	1	0.0329667
lcl|NC_052669.1_mrna_XM_026130670.2_13902	3115	2916	36	3.46761
lcl|NC_052669.1_mrna_XM_026130668.2_13903	3114	2915	0	0
lcl|NC_052669.1_mrna_XM_026130667.2_13904	2912	2713	0	0
lcl|NC_052669.1_mrna_XM_039450405.1_13905	4219	4020	7	0.489089
lcl|NC_052669.1_mrna_XM_011174603.3_13906	2909	2710	1.19315	0.123663
lcl|NC_052669.1_mrna_XM_011174602.3_13907	2932	2733	88.8069	9.12688
lcl|NC_052669.1_mrna_XM_026130669.2_13908	3485	3286	36	3.07716
lcl|NC_052669.1_mrna_XM_026130728.2_13909	6094	5895	0	0
lcl|NC_052669.1_mrna_XM_039450406.1_13910	766	567	0	0
lcl|NC_052669.1_mrna_XM_011174605.2_13911	3414	3215	0	0
lcl|NC_052669.1_mrna_XM_039450268.1_13912	2789	2590	0.00255772	0.000277376
lcl|NC_052669.1_mrna_XM_026130595.2_13913	2768	2569	8.99744	0.983718
lcl|NC_052669.1_mrna_XM_026130594.2_13914	3462	3263	0	0
lcl|NC_052669.1_mrna_XM_011174604.3_13915	7971	7772	0	0
lcl|NC_052669.1_mrna_XM_026130649.1_13916	1709	1510	2	0.372022
lcl|NC_052669.1_ncrna_XR_003268230.2_13917	7569	7370	2.42654	0.0924774
lcl|NC_052669.1_mrna_XM_011158536.3_13918	1363	1164	1222	294.872
lcl|NC_052669.1_mrna_XM_011158540.3_13919	1741	1542	25	4.55377
lcl|NC_052669.1_mrna_XM_011158537.3_13920	5260	5061	0	0
lcl|NC_052669.1_mrna_XM_011158538.3_13921	5178	4979	109.744	6.19089
lcl|NC_052669.1_mrna_XM_039450288.1_13922	3551	3352	89.2563	7.47912
lcl|NC_052669.1_mrna_XM_026130716.2_13923	8099	7900	30.489	1.08401
lcl|NC_052669.1_mrna_XM_039450287.1_13924	8449	8250	47.511	1.61754
lcl|NC_052669.1_mrna_XM_026130640.2_13925	1185	986	15.3211	4.36443
lcl|NC_052669.1_mrna_XM_026130639.2_13926	1197	998	0	0
lcl|NC_052669.1_mrna_XM_011158556.3_13927	1200	1001	15.9689	4.48082
lcl|NC_052669.1_mrna_XM_026130641.2_13928	1101	902	19.71	6.13756
lcl|NC_052669.1_mrna_XM_026130650.2_13929	7140	6941	79.4052	3.21324
lcl|NC_052669.1_mrna_XM_026130653.2_13930	3953	3754	4.16462e-06	3.11599e-07
lcl|NC_052669.1_mrna_XM_026130652.2_13931	3152	2953	10.5948	1.00773
lcl|NC_052669.1_mrna_XM_026130651.2_13932	3156	2957	0	0
lcl|NC_052669.1_mrna_XM_011158544.3_13933	3146	2947	0	0
lcl|NC_052669.1_mrna_XM_026130654.2_13934	3125	2926	0	0
lcl|NC_052669.1_mrna_XM_011158551.3_13935	3072	2873	0	0
lcl|NC_052669.1_mrna_XM_026130655.2_13936	3100	2901	0	0
lcl|NC_052669.1_mrna_XM_026130656.2_13937	3093	2894	0	0
lcl|NC_052669.1_mrna_XM_026130657.2_13938	3062	2863	0	0
lcl|NC_052669.1_mrna_XM_026130658.2_13939	1590	1391	0	0
lcl|NC_052669.1_mrna_XM_011158543.3_13940	1659	1460	0	0
lcl|NC_052669.1_mrna_XM_039450286.1_13941	2961	2762	0	0
lcl|NC_052669.1_ncrna_XR_005574972.1_13942	14240	14041	2	0.0400081
lcl|NC_052669.1_mrna_XM_011158541.3_13943	839	640	241	105.768
lcl|NC_052669.1_mrna_XM_011158563.3_13944	3713	3514	24.023	1.92017
lcl|NC_052669.1_mrna_XM_011158560.3_13945	3768	3569	265.977	20.9321
lcl|NC_052669.1_ncrna_XR_003268235.2_13946	2723	2524	5	0.556412
lcl|NC_052669.1_mrna_XM_011158566.3_13947	4452	4253	505	33.3512
lcl|NC_052669.1_mrna_XM_039451364.1_13948	2166	1967	0	0
lcl|NC_052669.1_mrna_XM_039451365.1_13949	2075	1876	3.35128	0.501757
lcl|NC_052669.1_mrna_XM_039451370.1_13950	2717	2518	0	0
lcl|NC_052669.1_mrna_XM_039451371.1_13951	3232	3033	9.24381e-07	8.56041e-08
lcl|NC_052669.1_mrna_XM_039451367.1_13952	3187	2988	3.00016	0.282019
lcl|NC_052669.1_mrna_XM_039451375.1_13953	3159	2960	0	0
lcl|NC_052669.1_mrna_XM_039451369.1_13954	3239	3040	0	0
lcl|NC_052669.1_mrna_XM_039451372.1_13955	3204	3005	0	0
lcl|NC_052669.1_mrna_XM_039451366.1_13956	3159	2960	0	0
lcl|NC_052669.1_mrna_XM_039451374.1_13957	3107	2908	0	0
lcl|NC_052669.1_mrna_XM_039451373.1_13958	2758	2559	0	0
lcl|NC_052669.1_mrna_XM_039451368.1_13959	3355	3156	0	0
lcl|NC_052669.1_mrna_XM_039451378.1_13960	3102	2903	0	0
lcl|NC_052669.1_mrna_XM_039451379.1_13961	644	445	0	0
lcl|NC_052669.1_mrna_XM_011174267.3_13962	4527	4328	0	0
lcl|NC_052669.1_mrna_XM_039451377.1_13963	2349	2150	17	2.22089
lcl|NC_052669.1_mrna_XM_011158576.3_13964	4951	4752	3	0.177321
lcl|NC_052669.1_mrna_NM_001304602.1_13965	2013	1814	1.12503	0.174198
lcl|NC_052669.1_mrna_XM_039450409.1_13966	5720	5521	37.1227	1.88859
lcl|NC_052669.1_ncrna_XR_003268227.2_13967	1603	1404	5	1.00027
lcl|NC_052669.1_mrna_XM_026130624.2_13968	3570	3371	0	0
lcl|NC_052669.1_mrna_XM_026130627.2_13969	3546	3347	0	0
lcl|NC_052669.1_mrna_XM_026130628.2_13970	3504	3305	0.00197211	0.0001676
lcl|NC_052669.1_mrna_XM_026130630.2_13971	3480	3281	2.9489	0.252446
lcl|NC_052669.1_mrna_XM_026130626.2_13972	3555	3356	0	0
lcl|NC_052669.1_mrna_XM_011158578.3_13973	2264	2065	2.04913	0.278718
lcl|NC_052669.1_ncrna_XR_005575143.1_13974	1436	1237	10	2.27063
lcl|NC_052669.1_mrna_XM_026130625.2_13975	3563	3364	0	0
lcl|NC_052669.1_mrna_XM_026130631.2_13976	3539	3340	5.08397e-08	4.27535e-09
lcl|NC_052669.1_mrna_XM_026130644.2_13977	2377	2178	0	0
lcl|NC_052669.1_mrna_XM_011158583.3_13978	2844	2645	178.287	18.9326
lcl|NC_052669.1_mrna_XM_039451320.1_13979	3193	2994	0	0
lcl|NC_052669.1_mrna_XM_011158582.3_13980	4444	4245	0	0
lcl|NC_052669.1_mrna_XM_039451321.1_13981	5398	5199	66.7131	3.60418
lcl|NC_052669.1_mrna_XM_039451328.1_13982	3603	3404	23	1.89782
lcl|NC_052669.1_mrna_XM_011158585.3_13983	2311	2112	1	0.132991
lcl|NC_052669.1_mrna_XM_026130553.2_13984	2154	1955	611	87.7829
lcl|NC_052669.1_mrna_XM_039450410.1_13985	905	706	0	0
lcl|NC_052669.1_mrna_XM_039451323.1_13986	1755	1556	0	0
lcl|NC_052669.1_mrna_XM_039451324.1_13987	1755	1556	0	0
lcl|NC_052669.1_mrna_XM_039451326.1_13988	1755	1556	0	0
lcl|NC_052669.1_ncrna_XR_005575136.1_13989	4753	4554	0	0
lcl|NC_052669.1_mrna_XM_039451325.1_13990	1707	1508	0	0
lcl|NC_052669.1_mrna_XM_026130565.2_13991	1319	1120	0	0
lcl|NC_052669.1_mrna_XM_039450411.1_13992	3109	2910	133	12.8373
lcl|NC_052669.1_mrna_XM_026130557.2_13993	1245	1046	2	0.537049
lcl|NC_052669.1_mrna_XM_039451327.1_13994	701	502	0	0
lcl|NC_052669.1_mrna_XM_026130559.2_13995	1076	877	0	0
lcl|NC_052669.1_mrna_XM_011158594.3_13996	4449	4250	1064	70.3183
lcl|NC_052669.1_ncrna_XR_850623.3_13997	502	303	293	271.607
lcl|NC_052669.1_mrna_XM_026130568.2_13998	460	261	68	73.1786
lcl|NC_052669.1_ncrna_XR_005574977.1_13999	1067	868	5	1.61795
lcl|NC_052669.1_mrna_XM_011158596.3_14000	1363	1164	0	0
lcl|NC_052669.1_mrna_XM_039450331.1_14001	1217	1018	0	0
lcl|NC_052669.1_mrna_XM_039450330.1_14002	850	651	0	0
lcl|NC_052669.1_mrna_XM_026130569.2_14003	1201	1002	0	0
lcl|NC_052669.1_mrna_XM_011158597.3_14004	1141	942	0	0
lcl|NC_052669.1_mrna_XM_011158598.3_14005	1111	912	0	0
lcl|NC_052669.1_mrna_XM_011158600.3_14006	1057	858	0	0
lcl|NC_052669.1_miscrna_XR_005574976.1_14007	878	679	1	0.413662
lcl|NC_052669.1_mrna_XM_026130661.2_14008	2053	1854	0	0
lcl|NC_052669.1_mrna_XM_026130583.2_14009	9352	9153	0	0
lcl|NC_052669.1_mrna_XM_026130586.2_14010	8440	8241	16.5264	0.563266
lcl|NC_052669.1_mrna_XM_026130584.2_14011	9090	8891	68.0405	2.14948
lcl|NC_052669.1_mrna_XM_026130585.2_14012	8991	8792	0.433154	0.0138379
lcl|NC_052669.1_ncrna_XR_005575068.1_14013	1603	1404	9	1.80049
lcl|NC_052669.1_ncrna_XR_005575069.1_14014	34818	34619	4.03044	0.0327005
lcl|NC_052669.1_ncrna_XR_005575067.1_14015	3260	3061	0	0
lcl|NC_052669.1_mrna_XM_039450283.1_14016	3537	3338	0	0
lcl|NC_052669.1_mrna_XM_039450284.1_14017	3541	3342	0	0
lcl|NC_052669.1_mrna_XM_039450281.1_14018	3442	3243	76.2778	6.60643
lcl|NC_052669.1_mrna_XM_039450280.1_14019	3531	3332	115.756	9.75783
lcl|NC_052669.1_mrna_XM_039450282.1_14020	3224	3025	850.966	79.0138
lcl|NC_052669.1_mrna_XM_011158607.3_14021	2123	1924	5808.51	847.96
lcl|NC_052669.1_mrna_XM_039450285.1_14022	2099	1900	69.4912	10.2729
lcl|NC_052669.1_mrna_XM_011158606.3_14023	1521	1322	9838.43	2090.31
lcl|NC_052669.1_mrna_XM_039450730.1_14024	1655	1456	58.0611	11.2006
lcl|NC_052669.1_mrna_XM_011158608.3_14025	1802	1603	804.939	141.041
lcl|NC_052669.1_mrna_XM_039450692.1_14026	8609	8410	3	0.100194
lcl|NC_052669.1_mrna_XM_039450706.1_14027	10645	10446	7.72639e-07	2.07751e-08
lcl|NC_052669.1_mrna_XM_039450700.1_14028	10681	10482	0	0
lcl|NC_052669.1_mrna_XM_039450694.1_14029	10705	10506	0	0
lcl|NC_052669.1_mrna_XM_039450713.1_14030	10608	10409	0	0
lcl|NC_052669.1_mrna_XM_039450696.1_14031	10701	10502	0	0
lcl|NC_052669.1_mrna_XM_039450723.1_14032	10500	10301	0.000281859	7.68543e-06
lcl|NC_052669.1_mrna_XM_039450699.1_14033	10680	10481	2.69724e-08	7.22823e-10
lcl|NC_052669.1_mrna_XM_039450707.1_14034	10641	10442	1.13451e-06	3.05169e-08
lcl|NC_052669.1_mrna_XM_039450697.1_14035	10698	10499	0	0
lcl|NC_052669.1_mrna_XM_039450693.1_14036	10704	10505	0	0
lcl|NC_052669.1_mrna_XM_039450709.1_14037	10629	10430	0	0
lcl|NC_052669.1_mrna_XM_039450712.1_14038	10611	10412	0	0
lcl|NC_052669.1_mrna_XM_039450702.1_14039	10676	10477	37.9284	1.01682
lcl|NC_052669.1_mrna_XM_039450724.1_14040	10691	10492	9.03156	0.24178
lcl|NC_052669.1_mrna_XM_039450701.1_14041	10676	10477	1.35001e-08	3.61923e-10
lcl|NC_052669.1_mrna_XM_039450695.1_14042	10700	10501	0	0
lcl|NC_052669.1_mrna_XM_039450714.1_14043	10607	10408	0	0
lcl|NC_052669.1_mrna_XM_039450726.1_14044	10601	10402	0	0
lcl|NC_052669.1_mrna_XM_039450711.1_14045	10610	10411	21.6481	0.58404
lcl|NC_052669.1_mrna_XM_039450698.1_14046	10679	10480	81.2075	2.17646
lcl|NC_052669.1_mrna_XM_039450704.1_14047	10664	10465	1.24853e-07	3.351e-09
lcl|NC_052669.1_mrna_XM_039450725.1_14048	10493	10294	0.000557366	1.5208e-05
lcl|NC_052669.1_mrna_XM_039450728.1_14049	10541	10342	5.24457e-06	1.42436e-07
lcl|NC_052669.1_mrna_XM_039450721.1_14050	10547	10348	2.93135e-06	7.95659e-08
lcl|NC_052669.1_mrna_XM_039450710.1_14051	10610	10411	0	0
lcl|NC_052669.1_mrna_XM_039450727.1_14052	10559	10360	0.00308328	8.35929e-05
lcl|NC_052669.1_mrna_XM_039450720.1_14053	10565	10366	0.00172508	4.67428e-05
lcl|NC_052669.1_mrna_XM_039450722.1_14054	10520	10321	80.5804	2.19292
lcl|NC_052669.1_mrna_XM_039450718.1_14055	10583	10384	9.00085e-08	2.43464e-09
lcl|NC_052669.1_mrna_XM_039450719.1_14056	10571	10372	2.87053e-07	7.77346e-09
lcl|NC_052669.1_mrna_XM_039450708.1_14057	10634	10435	0	0
lcl|NC_052669.1_mrna_XM_039450717.1_14058	10589	10390	0.000169611	4.58516e-06
lcl|NC_052669.1_mrna_XM_039450705.1_14059	10652	10453	3.94616e-07	1.06035e-08
lcl|NC_052669.1_mrna_XM_039450729.1_14060	10603	10404	42.5009	1.1474
lcl|NC_052669.1_mrna_XM_039450703.1_14061	10672	10473	5.80138e-08	1.55588e-09
lcl|NC_052669.1_mrna_XM_039450716.1_14062	9120	8921	5.09728	0.160487
lcl|NC_052669.1_ncrna_XR_005575119.1_14063	3166	2967	0	0
lcl|NC_052669.1_mrna_XM_039451171.1_14064	11442	11243	0	0
lcl|NC_052669.1_mrna_XM_039451168.1_14065	10435	10236	0.00468955	0.000128682
lcl|NC_052669.1_mrna_XM_026130737.2_14066	10471	10272	0.000138619	3.7904e-06
lcl|NC_052669.1_mrna_XM_039451170.1_14067	10357	10158	10.0732	0.278531
lcl|NC_052669.1_mrna_XM_039451169.1_14068	7800	7601	0	0
lcl|NC_052669.1_ncrna_XR_005575118.1_14069	704	505	5.922	3.29376
lcl|NC_052669.1_mrna_XM_026130738.2_14070	3802	3603	127	9.90046
lcl|NC_052669.1_mrna_XM_039451173.1_14071	1762	1563	1385	248.889
lcl|NC_052669.1_mrna_XM_039451176.1_14072	1095	896	0	0
lcl|NC_052669.1_mrna_XM_039451174.1_14073	9137	8938	20.9952	0.659774
lcl|NC_052669.1_mrna_XM_039451175.1_14074	9577	9378	31.3195	0.938038
lcl|NC_052669.1_mrna_XM_011168636.3_14075	1901	1702	0	0
lcl|NC_052669.1_mrna_XM_026135387.2_14076	2886	2687	11.8093	1.23444
lcl|NC_052669.1_miscrna_XR_005575117.1_14077	3101	2902	0	0
lcl|NC_052669.1_mrna_XM_039451172.1_14078	2056	1857	17.1931	2.6005
lcl|NC_052669.1_mrna_XM_011168647.3_14079	2279	2080	171.523	23.1619
lcl|NC_052669.1_mrna_XM_026135386.2_14080	2282	2083	245.475	33.1004
lcl|NC_052669.1_mrna_XM_011168668.3_14081	1390	1191	703	165.79
lcl|NC_052669.1_mrna_XM_011168681.3_14082	3745	3546	23	1.82182
lcl|NC_052669.1_mrna_XM_011168694.3_14083	2541	2342	396	47.4924
lcl|NC_052669.1_mrna_XM_011168705.3_14084	1039	840	33	11.0344
lcl|NC_052669.1_mrna_XM_039450207.1_14085	6751	6552	6.56184	0.281299
lcl|NC_052669.1_mrna_XM_011168726.3_14086	3501	3302	4.43816	0.377521
lcl|NC_052669.1_mrna_XM_011168715.3_14087	2024	1825	2	0.30781
lcl|NC_052669.1_ncrna_XR_005574961.1_14088	8226	8027	1.00054	0.0350104
lcl|NC_052669.1_mrna_XM_026135377.2_14089	10916	10717	52.8705	1.38566
lcl|NC_052669.1_mrna_XM_026135373.2_14090	10936	10737	0	0
lcl|NC_052669.1_mrna_XM_026135374.2_14091	10927	10728	1.01359e-08	2.65374e-10
lcl|NC_052669.1_mrna_XM_039450210.1_14092	10639	10440	0.000636406	1.71218e-05
lcl|NC_052669.1_mrna_XM_026135378.2_14093	10630	10431	0.00151151	4.07006e-05
lcl|NC_052669.1_mrna_XM_026135375.2_14094	10918	10719	2.35207e-08	6.16327e-10
lcl|NC_052669.1_mrna_XM_039450209.1_14095	10912	10713	4.12425e-08	1.08131e-09
lcl|NC_052669.1_mrna_XM_026135376.2_14096	10903	10704	9.58175e-08	2.51428e-09
lcl|NC_052669.1_mrna_XM_039450211.1_14097	10606	10407	0.0152336	0.000411143
lcl|NC_052669.1_mrna_XM_026135379.2_14098	10308	10109	12.1121	0.336533
lcl|NC_052669.1_mrna_XM_011168760.3_14099	1055	856	0.0413528	0.013569
lcl|NC_052669.1_mrna_XM_011168753.3_14100	1067	868	223.401	72.2906
lcl|NC_052669.1_mrna_XM_011168797.3_14101	1038	839	29.7319	9.95353
lcl|NC_052669.1_mrna_XM_011168783.3_14102	1200	1001	185.11	51.9412
lcl|NC_052669.1_mrna_XM_011168778.3_14103	1042	843	46.6383	15.5393
lcl|NC_052669.1_mrna_XM_011168769.3_14104	1205	1006	95.215	26.5842
lcl|NC_052669.1_mrna_XM_039450218.1_14105	954	755	175.862	65.4245
lcl|NC_052669.1_mrna_XM_039450214.1_14106	1904	1705	4.72019	0.77759
lcl|NC_052669.1_mrna_XM_039450216.1_14107	1435	1236	9.59993e-05	2.18155e-05
lcl|NC_052669.1_mrna_XM_039450215.1_14108	8885	8686	3.49258	0.112939
lcl|NC_052669.1_mrna_XM_039450217.1_14109	1760	1561	8.82433	1.5878
lcl|NC_052669.1_mrna_XM_011168806.3_14110	5581	5382	179.963	9.39193
lcl|NC_052669.1_mrna_XM_039450212.1_14111	6607	6408	180.225	7.89964
lcl|NC_052669.1_mrna_XM_026135396.2_14112	6623	6424	14.7753	0.64602
lcl|NC_052669.1_mrna_XM_011168839.3_14113	1824	1625	20.0534	3.46618
lcl|NC_052669.1_mrna_XM_011168827.3_14114	3277	3078	672.947	61.4084
lcl|NC_052669.1_mrna_XM_011168852.3_14115	944	745	15.2047	5.73241
lcl|NC_052669.1_miscrna_XR_005575123.1_14116	4303	4104	40.6244	2.78032
lcl|NC_052669.1_mrna_XM_039451223.1_14117	3804	3605	405.171	31.5681
lcl|NC_052669.1_mrna_XM_011168875.3_14118	3162	2963	158.967	15.0693
lcl|NC_052669.1_mrna_XM_026135390.2_14119	3245	3046	520.033	47.9531
lcl|NC_052669.1_mrna_XM_011168890.3_14120	4053	3854	689	50.2138
lcl|NC_052669.1_mrna_XM_011168919.3_14121	3442	3243	641.599	55.569
lcl|NC_052669.1_mrna_XM_039451226.1_14122	4825	4626	29.4006	1.78512
lcl|NC_052669.1_mrna_XM_039451228.1_14123	4813	4614	0	0
lcl|NC_052669.1_mrna_XM_039451227.1_14124	4906	4707	0	0
lcl|NC_052669.1_mrna_XM_039451225.1_14125	4912	4713	0	0
lcl|NC_052669.1_mrna_XM_011168968.3_14126	1562	1363	73	15.0433
lcl|NC_052669.1_mrna_XM_011168936.3_14127	2632	2433	1318.94	152.264
lcl|NC_052669.1_mrna_XM_011168928.3_14128	1587	1388	36.9864	7.4846
lcl|NC_052669.1_mrna_XM_026135391.2_14129	1751	1552	436.076	78.9199
lcl|NC_052669.1_mrna_XM_011168985.3_14130	3376	3177	262	23.1633
lcl|NC_052669.1_mrna_XM_011164806.3_14131	1111	912	419	129.043
lcl|NC_052669.1_mrna_XM_011169077.3_14132	3193	2994	6.58405	0.617671
lcl|NC_052669.1_mrna_XM_026135397.2_14133	3656	3457	0	0
lcl|NC_052669.1_mrna_XM_011169060.3_14134	3655	3456	0	0
lcl|NC_052669.1_mrna_XM_011169085.3_14135	3338	3139	27.8212	2.48943
lcl|NC_052669.1_mrna_XM_026135399.2_14136	3225	3026	209.85	19.4785
lcl|NC_052669.1_mrna_XM_011169093.3_14137	3235	3036	123.957	11.4679
lcl|NC_052669.1_mrna_XM_026135398.2_14138	3437	3238	1.26884e-07	1.10064e-08
lcl|NC_052669.1_mrna_XM_011169068.3_14139	3431	3232	472.787	41.0875
lcl|NC_052669.1_mrna_XM_039451044.1_14140	3247	3048	7.82527e-05	7.21108e-06
lcl|NC_052669.1_mrna_XM_026135402.2_14141	6651	6452	29.9904	1.30558
lcl|NC_052669.1_mrna_XM_026135403.2_14142	6036	5837	0	0
lcl|NC_052669.1_mrna_XM_026135400.2_14143	6998	6799	0	0
lcl|NC_052669.1_mrna_XM_011169014.3_14144	6703	6504	0.00955764	0.000412749
lcl|NC_052669.1_mrna_XM_026135401.2_14145	6088	5889	0	0
lcl|NC_052669.1_mrna_XM_039451045.1_14146	3591	3392	0	0
lcl|NC_052669.1_mrna_XM_011169265.3_14147	3619	3420	290.844	23.8864
lcl|NC_052669.1_mrna_XM_039451046.1_14148	3304	3105	32.1559	2.90881
lcl|NC_052669.1_mrna_XM_039451054.1_14149	1975	1776	8.08917	1.27931
lcl|NC_052669.1_mrna_XM_039451055.1_14150	2264	2065	470.011	63.9298
lcl|NC_052669.1_mrna_XM_039451056.1_14151	1975	1776	322.9	51.0671
lcl|NC_052669.1_mrna_XM_039451047.1_14152	5925	5726	1.80087e-08	8.8338e-10
lcl|NC_052669.1_mrna_XM_039451049.1_14153	4284	4085	0	0
lcl|NC_052669.1_mrna_XM_039451050.1_14154	4278	4079	0	0
lcl|NC_052669.1_mrna_XM_039451052.1_14155	4221	4022	480.679	33.5683
lcl|NC_052669.1_mrna_XM_039451048.1_14156	5916	5717	6.95934	0.341913
lcl|NC_052669.1_mrna_XM_039451051.1_14157	4275	4076	19.5768	1.34903
lcl|NC_052669.1_mrna_XM_039451053.1_14158	4269	4070	85.7879	5.92035
lcl|NC_052669.1_mrna_XM_011169107.3_14159	3418	3219	1332	116.225
lcl|NC_052669.1_mrna_XM_039450691.1_14160	982	783	1143.1	410.05
lcl|NC_052669.1_mrna_XM_026135394.2_14161	1046	847	55.9158	18.5424
lcl|NC_052669.1_mrna_XM_011169119.3_14162	1094	895	216.989	68.0974
lcl|NC_052669.1_mrna_XM_026135382.2_14163	2742	2543	66.2588	7.31835
lcl|NC_052669.1_mrna_XM_026135384.2_14164	2508	2309	15.7702	1.91835
lcl|NC_052669.1_mrna_XM_026135383.2_14165	2760	2561	15.0608	1.65179
lcl|NC_052669.1_mrna_XM_039450346.1_14166	2650	2451	81.6402	9.35571
lcl|NC_052669.1_mrna_XM_011169147.3_14167	2863	2664	29.27	3.08606
lcl|NC_052669.1_mrna_XM_039450344.1_14168	13408	13209	0	0
lcl|NC_052669.1_mrna_XM_011169169.3_14169	12414	12215	8.36071	0.19225
lcl|NC_052669.1_mrna_XM_039450345.1_14170	10953	10754	9.63929	0.251762
lcl|NC_052669.1_mrna_XM_011169157.3_14171	3928	3729	293	22.0694
lcl|NC_052669.1_mrna_XM_039450514.1_14172	3020	2821	0	0
lcl|NC_052669.1_mrna_XM_039450513.1_14173	2890	2691	0	0
lcl|NC_052669.1_mrna_XM_039450515.1_14174	2842	2643	0	0
lcl|NC_052669.1_mrna_XM_039450517.1_14175	2807	2608	0	0
lcl|NC_052669.1_mrna_XM_039450516.1_14176	2728	2529	0	0
lcl|NC_052669.1_mrna_XM_039450511.1_14177	3245	3046	0	0
lcl|NC_052669.1_mrna_XM_039450512.1_14178	3236	3037	0	0
lcl|NC_052669.1_miscrna_XR_005575003.1_14179	3016	2817	3.16892	0.315966
lcl|NC_052669.1_mrna_XM_039450893.1_14180	2719	2520	35.6907	3.97805
lcl|NC_052669.1_mrna_XM_039450889.1_14181	2510	2311	18.9801	2.30682
lcl|NC_052669.1_mrna_XM_039450890.1_14182	2637	2438	0	0
lcl|NC_052669.1_mrna_XM_039450888.1_14183	2672	2473	0	0
lcl|NC_052669.1_mrna_XM_039450887.1_14184	2720	2521	0	0
lcl|NC_052669.1_mrna_XM_039450891.1_14185	2312	2113	5.12409	0.681134
lcl|NC_052669.1_mrna_XM_039450884.1_14186	3503	3304	0.000498297	4.23608e-05
lcl|NC_052669.1_mrna_XM_039450892.1_14187	3461	3262	0.000374162	3.22175e-05
lcl|NC_052669.1_mrna_XM_039450885.1_14188	3472	3273	0	0
lcl|NC_052669.1_mrna_XM_039450883.1_14189	3572	3373	33.9879	2.83024
lcl|NC_052669.1_miscrna_XR_005575058.1_14190	3273	3074	0.00357999	0.00032711
lcl|NC_052669.1_mrna_XM_039450896.1_14191	1077	878	0	0
lcl|NC_052669.1_mrna_XM_026136349.2_14192	5395	5196	86.8605	4.69536
lcl|NC_052669.1_mrna_XM_011158949.3_14193	5475	5276	264.139	14.0619
lcl|NC_052669.1_mrna_XM_011158950.3_14194	3333	3134	0	0
lcl|NC_052669.1_miscrna_XR_005575057.1_14195	3194	2995	0	0
lcl|NC_052669.1_miscrna_XR_005575056.1_14196	3241	3042	0	0
lcl|NC_052669.1_mrna_XM_011158953.3_14197	932	733	972	372.459
lcl|NC_052669.1_mrna_XM_026136350.2_14198	1163	964	10.7643	3.13634
lcl|NC_052669.1_mrna_XM_011158951.3_14199	1235	1036	1070.91	290.342
lcl|NC_052669.1_mrna_XM_011158952.2_14200	437	238	124.322	146.719
lcl|NC_052669.1_mrna_XM_011158959.3_14201	1528	1329	2933	619.873
lcl|NC_052669.1_miscrna_XR_005575055.1_14202	5477	5278	6.63887	0.353297
lcl|NC_052669.1_mrna_XM_039450879.1_14203	7021	6822	4.29504	0.176836
lcl|NC_052669.1_mrna_XM_039450880.1_14204	7006	6807	39.0661	1.61198
lcl|NC_052669.1_mrna_XM_039450897.1_14205	1363	1164	95	22.9238
lcl|NC_052669.1_mrna_XM_026136329.2_14206	6063	5864	262.769	12.5862
lcl|NC_052669.1_mrna_XM_039450882.1_14207	7035	6836	5.23133	0.214944
lcl|NC_052669.1_mrna_XM_039450894.1_14208	3564	3365	9.88738e-06	8.253e-07
lcl|NC_052669.1_mrna_XM_011158963.3_14209	3586	3387	144.988	12.0235
lcl|NC_052669.1_mrna_XM_026136333.2_14210	3631	3432	3.14944e-05	2.57752e-06
lcl|NC_052669.1_mrna_XM_026136332.2_14211	3580	3381	7.8222	0.649829
lcl|NC_052669.1_mrna_XM_011158962.3_14212	3653	3454	326.377	26.5408
lcl|NC_052669.1_mrna_XM_011158964.3_14213	2565	2366	1360.15	161.469
lcl|NC_052669.1_mrna_XM_039450895.1_14214	2468	2269	31.6617	3.91937
lcl|NC_052669.1_mrna_XM_039451279.1_14215	4008	3809	169.652	12.5102
lcl|NC_052669.1_miscrna_XR_003268840.2_14216	3505	3306	0	0
lcl|NC_052669.1_miscrna_XR_005575126.1_14217	3403	3204	0	0
lcl|NC_052669.1_miscrna_XR_003268841.2_14218	3363	3164	0	0
lcl|NC_052669.1_mrna_XM_039451280.1_14219	3357	3158	0	0
lcl|NC_052669.1_mrna_XM_011158973.3_14220	3255	3056	0	0
lcl|NC_052669.1_mrna_XM_011158970.3_14221	3215	3016	691.429	64.392
lcl|NC_052669.1_mrna_XM_011158971.3_14222	3387	3188	31.2549	2.75369
lcl|NC_052669.1_miscrna_XR_005575125.1_14223	3285	3086	86.1392	7.84008
lcl|NC_052669.1_mrna_XM_011158974.3_14224	2968	2769	17.949	1.82067
lcl|NC_052669.1_mrna_XM_026136334.2_14225	1886	1687	98	16.3165
lcl|NC_052669.1_mrna_XM_026136339.2_14226	2730	2531	229.003	25.4136
lcl|NC_052669.1_mrna_XM_026136338.2_14227	2712	2513	14.7087	1.64398
lcl|NC_052669.1_mrna_XM_039451281.1_14228	2729	2530	18.9055	2.09886
lcl|NC_052669.1_mrna_XM_026136336.2_14229	2270	2071	1185.96	160.844
lcl|NC_052669.1_mrna_XM_026136335.2_14230	1696	1497	8.76818	1.64514
lcl|NC_052669.1_mrna_XM_011158967.3_14231	2333	2134	64.2198	8.4526
lcl|NC_052669.1_mrna_XM_011158966.3_14232	2363	2164	436.012	56.5922
lcl|NC_052669.1_mrna_XM_039451261.1_14233	7793	7594	27.6342	1.0221
lcl|NC_052669.1_mrna_XM_039451262.1_14234	7694	7495	0	0
lcl|NC_052669.1_mrna_XM_039451254.1_14235	7469	7270	0	0
lcl|NC_052669.1_mrna_XM_039451253.1_14236	7409	7210	0	0
lcl|NC_052669.1_miscrna_XR_005575124.1_14237	7260	7061	0	0
lcl|NC_052669.1_mrna_XM_039451267.1_14238	7367	7168	0	0
lcl|NC_052669.1_mrna_XM_039451257.1_14239	7394	7195	0	0
lcl|NC_052669.1_mrna_XM_039451256.1_14240	7397	7198	0	0
lcl|NC_052669.1_mrna_XM_039451259.1_14241	7382	7183	0	0
lcl|NC_052669.1_mrna_XM_039451255.1_14242	7264	7065	0	0
lcl|NC_052669.1_mrna_XM_039451272.1_14243	7144	6945	0	0
lcl|NC_052669.1_mrna_XM_039451275.1_14244	7102	6903	0	0
lcl|NC_052669.1_mrna_XM_039451276.1_14245	7096	6897	0	0
lcl|NC_052669.1_mrna_XM_039451258.1_14246	7390	7191	0	0
lcl|NC_052669.1_mrna_XM_039451270.1_14247	7348	7149	0	0
lcl|NC_052669.1_mrna_XM_039451260.1_14248	7378	7179	0	0
lcl|NC_052669.1_mrna_XM_039451268.1_14249	7363	7164	0	0
lcl|NC_052669.1_mrna_XM_039451266.1_14250	7366	7167	0	0
lcl|NC_052669.1_mrna_XM_039451269.1_14251	7351	7152	0	0
lcl|NC_052669.1_mrna_XM_039451278.1_14252	7053	6854	0	0
lcl|NC_052669.1_mrna_XM_039451273.1_14253	7125	6926	4.01443e-08	1.62801e-09
lcl|NC_052669.1_mrna_XM_039451274.1_14254	7113	6914	2.28557e-07	9.28498e-09
lcl|NC_052669.1_mrna_XM_039451277.1_14255	7083	6884	139.934	5.70952
lcl|NC_052669.1_mrna_XM_039451271.1_14256	8185	7986	0.0462724	0.00162745
lcl|NC_052669.1_mrna_XM_039451264.1_14257	8325	8126	15.3886	0.531908
lcl|NC_052669.1_mrna_XM_039451263.1_14258	7718	7519	0	0
lcl|NC_052669.1_ncrna_XR_003268839.2_14259	2301	2102	16.716	2.23366
lcl|NC_052669.1_mrna_XM_026136330.2_14260	1985	1786	1	0.157266
lcl|NC_052669.1_mrna_XM_039450474.1_14261	5947	5748	2.00823	0.0981323
lcl|NC_052669.1_mrna_XM_026136352.2_14262	2030	1831	55	8.43704
lcl|NC_052669.1_mrna_XM_039450493.1_14263	3387	3188	27.9828	2.46541
lcl|NC_052669.1_mrna_XM_011158993.3_14264	3386	3187	38.331	3.37818
lcl|NC_052669.1_mrna_XM_011158992.3_14265	3385	3186	52.511	4.62935
lcl|NC_052669.1_mrna_XM_026136351.2_14266	6559	6360	98.1752	4.33571
lcl|NC_052669.1_mrna_XM_011158998.3_14267	628	429	0	0
lcl|NC_052669.1_mrna_XM_011158997.3_14268	611	412	125.998	85.8981
lcl|NC_052669.1_ncrna_XR_003268859.2_14269	910	711	273.188	107.921
lcl|NC_052669.1_mrna_XM_011158996.3_14270	554	355	117.444	92.9222
lcl|NC_052669.1_mrna_XM_011158995.3_14271	1366	1167	256.369	61.7037
lcl|NC_052669.1_mrna_XM_039450412.1_14272	912	713	1	0.393936
lcl|NC_052669.1_mrna_XM_039450473.1_14273	10152	9953	106.223	2.99764
lcl|NC_052669.1_mrna_XM_011159000.3_14274	10910	10711	0.044236	0.00116001
lcl|NC_052669.1_miscrna_XR_005575000.1_14275	10744	10545	20.5905	0.548448
lcl|NC_052669.1_mrna_XM_039450472.1_14276	10848	10649	0	0
lcl|NC_052669.1_mrna_XM_011159003.3_14277	9428	9229	116.586	3.54818
lcl|NC_052669.1_mrna_XM_011159002.3_14278	9810	9611	0.556925	0.0162759
lcl|NC_052669.1_mrna_XM_011159004.3_14279	1788	1589	608	107.472
lcl|NC_052669.1_mrna_XM_039450492.1_14280	3994	3795	0	0
lcl|NC_052669.1_mrna_XM_039450483.1_14281	4775	4576	6.49394	0.398601
lcl|NC_052669.1_mrna_XM_039450486.1_14282	1760	1561	0	0
lcl|NC_052669.1_mrna_XM_039450485.1_14283	4039	3840	0	0
lcl|NC_052669.1_mrna_XM_011159010.3_14284	4820	4621	3.46661	0.21071
lcl|NC_052669.1_mrna_XM_039450484.1_14285	4042	3843	0	0
lcl|NC_052669.1_mrna_XM_011159009.3_14286	4823	4624	0	0
lcl|NC_052669.1_mrna_XM_039450490.1_14287	1540	1341	114.369	23.9549
lcl|NC_052669.1_mrna_XM_039450489.1_14288	1799	1600	0	0
lcl|NC_052669.1_mrna_XM_039450488.1_14289	4078	3879	6.1287	0.443776
lcl|NC_052669.1_mrna_XM_039450487.1_14290	4859	4660	62.3107	3.75571
lcl|NC_052669.1_mrna_XM_039450481.1_14291	1618	1419	45.7295	9.0517
lcl|NC_052669.1_mrna_XM_039450480.1_14292	1877	1678	0	0
lcl|NC_052669.1_mrna_XM_039450479.1_14293	4156	3957	0	0
lcl|NC_052669.1_mrna_XM_039450478.1_14294	4823	4624	0	0
lcl|NC_052669.1_mrna_XM_039450477.1_14295	4829	4630	3.86262	0.234324
lcl|NC_052669.1_mrna_XM_011159005.3_14296	4937	4738	0	0
lcl|NC_052669.1_mrna_XM_011159006.3_14297	5065	4866	225.694	13.0276
lcl|NC_052669.1_mrna_XM_011159014.3_14298	1328	1129	167.651	41.7087
lcl|NC_052669.1_mrna_XM_011159011.3_14299	1373	1174	91.9965	22.0099
lcl|NC_052669.1_mrna_XM_039450482.1_14300	1376	1177	85.3685	20.3722
lcl|NC_052669.1_mrna_XM_011159007.3_14301	1490	1291	325.716	70.8646
lcl|NC_052669.1_mrna_XM_039450491.1_14302	1306	1107	722.268	183.26
lcl|NC_052669.1_mrna_XM_011159013.3_14303	2030	1831	217.449	33.3569
lcl|NC_052669.1_mrna_XM_011159008.3_14304	2144	1945	502.495	72.5652
lcl|NC_052669.1_mrna_XM_011159015.3_14305	3484	3285	1080.47	92.383
lcl|NC_052669.1_mrna_XM_039450476.1_14306	3317	3118	956.533	86.1667
lcl|NC_052669.1_mrna_XM_039450475.1_14307	3476	3277	0	0
lcl|NC_052669.1_mrna_XM_011159016.3_14308	626	427	1298	853.813
lcl|NC_052669.1_mrna_XM_039450949.1_14309	2061	1862	0	0
lcl|NC_052669.1_mrna_XM_039450950.1_14310	1889	1690	9	1.49579
lcl|NC_052669.1_mrna_XM_039450944.1_14311	9179	8980	18.6687	0.583922
lcl|NC_052669.1_mrna_XM_039450942.1_14312	9182	8983	13.3542	0.417553
lcl|NC_052669.1_mrna_XM_039450931.1_14313	9266	9067	0.00117835	3.65028e-05
lcl|NC_052669.1_mrna_XM_039450927.1_14314	4460	4261	0	0
lcl|NC_052669.1_mrna_XM_039450932.1_14315	4610	4411	0	0
lcl|NC_052669.1_mrna_XM_011159017.3_14316	4637	4438	0	0
lcl|NC_052669.1_mrna_XM_039450926.1_14317	4563	4364	0.000252239	1.62347e-05
lcl|NC_052669.1_mrna_XM_039450945.1_14318	4522	4323	3.26301	0.212006
lcl|NC_052669.1_mrna_XM_039450938.1_14319	4549	4350	0.00633118	0.0004088
lcl|NC_052669.1_mrna_XM_039450934.1_14320	4588	4389	8.19467e-07	5.24423e-08
lcl|NC_052669.1_mrna_XM_039450930.1_14321	4615	4416	0	0
lcl|NC_052669.1_mrna_XM_039450941.1_14322	4540	4341	0.0505422	0.00327024
lcl|NC_052669.1_mrna_XM_039450936.1_14323	4567	4368	0.000100631	6.4709e-06
lcl|NC_052669.1_mrna_XM_039450928.1_14324	4633	4434	0	0
lcl|NC_052669.1_mrna_XM_039450943.1_14325	4525	4326	1.62718	0.105649
lcl|NC_052669.1_mrna_XM_039450937.1_14326	4552	4353	0.00317085	0.000204599
lcl|NC_052669.1_mrna_XM_039450933.1_14327	4591	4392	4.12944e-07	2.64085e-08
lcl|NC_052669.1_mrna_XM_039450929.1_14328	4618	4419	0	0
lcl|NC_052669.1_mrna_XM_039450939.1_14329	4543	4344	0.0252769	0.00163436
lcl|NC_052669.1_mrna_XM_039450935.1_14330	4570	4371	5.05429e-05	3.24784e-06
lcl|NC_052669.1_mrna_XM_039450946.1_14331	1466	1267	41.2685	9.14867
lcl|NC_052669.1_mrna_XM_011159030.3_14332	1782	1583	176.234	31.2697
lcl|NC_052669.1_mrna_XM_011159029.3_14333	1791	1592	112.766	19.8954
lcl|NC_052669.1_mrna_XM_011159028.3_14334	1443	1244	514.731	116.219
lcl|NC_052669.1_mrna_XM_011159027.3_14335	1155	956	52.7313	15.4927
lcl|NC_052669.1_mrna_XM_039450948.1_14336	1222	1023	15.2687	4.19219
lcl|NC_052669.1_mrna_XM_011159026.3_14337	1601	1402	524	104.978
lcl|NC_052669.1_mrna_XM_011159032.3_14338	1041	842	14.4222	4.811
lcl|NC_052669.1_mrna_XM_011159031.3_14339	3383	3184	917.578	80.9442
lcl|NC_052669.1_mrna_XM_011159033.3_14340	4602	4403	14.2492	0.908986
lcl|NC_052669.1_mrna_XM_039450925.1_14341	4293	4094	2.78228	0.190884
lcl|NC_052669.1_mrna_XM_039450952.1_14342	5412	5213	0	0
lcl|NC_052669.1_mrna_XM_011159035.3_14343	5253	5054	1	0.0555751
lcl|NC_052669.1_mrna_XM_011159040.3_14344	2360	2161	0	0
lcl|NC_052669.1_mrna_XM_011159043.3_14345	2346	2147	0	0
lcl|NC_052669.1_mrna_XM_026136346.2_14346	4129	3930	0	0
lcl|NC_052669.1_mrna_XM_026136343.2_14347	3654	3455	0	0
lcl|NC_052669.1_mrna_XM_039450231.1_14348	3546	3347	2	0.167838
lcl|NC_052669.1_mrna_XM_026136345.2_14349	2114	1915	0	0
lcl|NC_052669.1_mrna_XM_039450232.1_14350	1003	804	0	0
lcl|NC_052669.1_mrna_XM_011159045.3_14351	1012	813	0	0
lcl|NC_052669.1_mrna_XM_026136341.2_14352	1770	1571	4	0.715154
lcl|NC_052669.1_mrna_XM_026136356.2_14353	1341	1142	0	0
lcl|NC_052669.1_mrna_XM_026136340.2_14354	3071	2872	0	0
lcl|NC_052669.1_mrna_XM_011159049.3_14355	3691	3492	0	0
lcl|NC_052669.1_mrna_XM_039450228.1_14356	7735	7536	0	0
lcl|NC_052669.1_mrna_XM_039450229.1_14357	7546	7347	0	0
lcl|NC_052669.1_mrna_XM_026136328.2_14358	725	526	0	0
lcl|NC_052669.1_mrna_XM_039450230.1_14359	3916	3717	0	0
lcl|NC_052669.1_miscrna_XR_005574964.1_14360	2719	2520	3.65865	0.40779
lcl|NC_052669.1_mrna_XM_011159050.3_14361	3614	3415	0	0
lcl|NC_052669.1_mrna_XM_011159051.3_14362	2372	2173	72	9.30655
lcl|NC_052669.1_mrna_XM_011159053.3_14363	2164	1965	213.181	30.472
lcl|NC_052669.1_mrna_XM_011159052.3_14364	2396	2197	332.255	42.4774
lcl|NC_052669.1_mrna_XM_011159065.3_14365	1455	1256	221.466	49.526
lcl|NC_052669.1_miscrna_XR_850637.3_14366	911	712	72.534	28.6139
lcl|NC_052669.1_mrna_XM_039451196.1_14367	5217	5018	41.0236	2.29625
lcl|NC_052669.1_mrna_XM_039451198.1_14368	6322	6123	55	2.52298
lcl|NC_052669.1_ncrna_XR_005575047.1_14369	1736	1537	11	2.01018
lcl|NC_052669.1_ncrna_XR_005575049.1_14370	2838	2639	6	0.638598
lcl|NC_052669.1_ncrna_XR_005575048.1_14371	3257	3058	0	0
lcl|NC_052669.1_mrna_XM_039450778.1_14372	1370	1171	1	0.239861
lcl|NC_052669.1_mrna_XM_039450779.1_14373	2528	2329	0	0
lcl|NC_052669.1_mrna_XM_039450780.1_14374	4452	4253	0	0
lcl|NC_052669.1_mrna_XM_026136318.2_14375	1197	998	16	4.50303
lcl|NC_052669.1_mrna_XM_011159068.3_14376	13156	12957	0	0
lcl|NC_052669.1_mrna_XM_026136316.2_14377	12733	12534	36.984	0.828781
lcl|NC_052669.1_mrna_XM_026136317.2_14378	12724	12525	76.016	1.70468
lcl|NC_052669.1_mrna_XM_011159066.3_14379	1798	1599	4.43859	0.779673
lcl|NC_052669.1_mrna_XM_039450771.1_14380	3438	3239	475	41.1906
lcl|NC_052669.1_mrna_XM_039450772.1_14381	4836	4637	0	0
lcl|NC_052669.1_mrna_XM_039450773.1_14382	3630	3431	2.29023	0.187488
lcl|NC_052669.1_mrna_XM_039450775.1_14383	3902	3703	0	0
lcl|NC_052669.1_mrna_XM_039450776.1_14384	3783	3584	438.733	34.3834
lcl|NC_052669.1_mrna_XM_039450777.1_14385	4301	4102	0	0
lcl|NC_052669.1_mrna_XM_039450774.1_14386	3932	3733	261.267	19.6581
lcl|NC_052669.1_mrna_XM_011159076.3_14387	467	268	119	124.718
lcl|NC_052669.1_mrna_XM_026138462.2_14388	1143	944	1	0.297539
lcl|NC_052669.1_mrna_XM_011162498.3_14389	3309	3110	0	0
lcl|NC_052669.1_mrna_XM_011162500.3_14390	3824	3625	0	0
lcl|NC_052669.1_miscrna_XR_005574975.1_14391	4754	4555	0	0
lcl|NC_052669.1_mrna_XM_011162503.3_14392	5718	5519	0	0
lcl|NC_052669.1_mrna_XM_011162501.3_14393	5729	5530	61	3.09828
lcl|NC_052669.1_mrna_XM_011162504.3_14394	3774	3575	130	10.2137
lcl|NC_052669.1_mrna_XM_011162512.3_14395	1310	1111	7.60966	1.92383
lcl|NC_052669.1_mrna_XM_011162510.3_14396	1832	1633	254.756	43.8182
lcl|NC_052669.1_mrna_XM_011162509.3_14397	2044	1845	88.7969	13.5181
lcl|NC_052669.1_mrna_XM_039450166.1_14398	1895	1696	457.713	75.8025
lcl|NC_052669.1_mrna_XM_011162506.3_14399	3515	3316	563.124	47.6985
lcl|NC_052669.1_mrna_XM_011162513.3_14400	2415	2216	2150	272.511
lcl|NC_052669.1_mrna_XM_039450165.1_14401	2624	2425	0	0
lcl|NC_052669.1_mrna_XM_011162514.3_14402	2778	2579	365.404	39.7958
lcl|NC_052669.1_mrna_XM_011162516.3_14403	2751	2552	6319.6	695.544
lcl|NC_052669.1_mrna_XM_039450164.1_14404	2778	2579	1607	175.017
lcl|NC_052669.1_mrna_XM_011162515.3_14405	2790	2591	0.000305148	3.30795e-05
lcl|NC_052669.1_mrna_XM_011162518.3_14406	5577	5378	80.9333	4.2269
lcl|NC_052669.1_mrna_XM_011162519.3_14407	2256	2057	0.0667132	0.00910948
lcl|NC_052669.1_mrna_XM_026138446.2_14408	8787	8588	0	0
lcl|NC_052669.1_mrna_XM_026138444.2_14409	8852	8653	0	0
lcl|NC_052669.1_mrna_XM_011162521.3_14410	8726	8527	72.2192	2.37888
lcl|NC_052669.1_mrna_XM_026138447.2_14411	8771	8572	0	0
lcl|NC_052669.1_mrna_XM_026138445.2_14412	8173	7974	25.4066	0.894923
lcl|NC_052669.1_mrna_XM_026138448.2_14413	8540	8341	130.741	4.40261
lcl|NC_052669.1_mrna_XM_026138449.2_14414	8387	8188	35.633	1.22234
lcl|NC_052669.1_mrna_XM_026138451.2_14415	8346	8147	3.56292e-05	1.22836e-06
lcl|NC_052669.1_mrna_XM_039450148.1_14416	8184	7985	0	0
lcl|NC_052669.1_mrna_XM_039450149.1_14417	7940	7741	0	0
lcl|NC_052669.1_mrna_XM_011162528.3_14418	4655	4456	121	7.62704
lcl|NC_052669.1_mrna_XM_026138453.2_14419	2051	1852	0	0
lcl|NC_052669.1_mrna_XM_039450160.1_14420	2359	2160	0	0
lcl|NC_052669.1_mrna_XM_039450168.1_14421	1197	998	4	1.12576
lcl|NC_052669.1_mrna_XM_011162532.3_14422	999	800	1315	461.691
lcl|NC_052669.1_mrna_XM_026138454.2_14423	2246	2047	13.0277	1.78758
lcl|NC_052669.1_mrna_XM_039450162.1_14424	2872	2673	17.0799	1.79474
lcl|NC_052669.1_mrna_XM_011162534.3_14425	2863	2664	0	0
lcl|NC_052669.1_mrna_XM_011162536.3_14426	2479	2280	0	0
lcl|NC_052669.1_mrna_XM_039450163.1_14427	2152	1953	8.89242	1.27889
lcl|NC_052669.1_mrna_XM_011162538.3_14428	6552	6353	338	14.9435
lcl|NC_052669.1_mrna_XM_026138458.2_14429	4529	4330	0.122022	0.00791528
lcl|NC_052669.1_mrna_XM_039450150.1_14430	4499	4300	130.298	8.51109
lcl|NC_052669.1_mrna_XM_011162540.3_14431	1908	1709	1251.58	205.699
lcl|NC_052669.1_mrna_XM_011162539.3_14432	980	781	1166	419.337
lcl|NC_052669.1_mrna_XM_011162542.3_14433	1650	1451	284	54.9752
lcl|NC_052669.1_mrna_XM_011162554.3_14434	5529	5330	108	5.69131
lcl|NC_052669.1_mrna_XM_026138465.2_14435	1141	942	0	0
lcl|NC_052669.1_mrna_XM_026138464.2_14436	1177	978	24.022	6.899
lcl|NC_052669.1_mrna_XM_011162549.3_14437	1262	1063	226.156	59.7573
lcl|NC_052669.1_mrna_XM_011162550.3_14438	1194	995	165.198	46.6334
lcl|NC_052669.1_miscrna_XR_005574957.1_14439	3447	3248	1.6206e-08	1.40144e-09
lcl|NC_052669.1_mrna_XM_039450153.1_14440	3598	3399	0.00283711	0.000234445
lcl|NC_052669.1_mrna_XM_039450156.1_14441	3666	3467	0	0
lcl|NC_052669.1_mrna_XM_039450157.1_14442	3281	3082	0	0
lcl|NC_052669.1_mrna_XM_039450154.1_14443	3568	3369	20.6339	1.72026
lcl|NC_052669.1_mrna_XM_039450152.1_14444	3594	3395	0.00924265	0.000764667
lcl|NC_052669.1_mrna_XM_039450155.1_14445	3662	3463	0	0
lcl|NC_052669.1_mrna_XM_039450159.1_14446	3065	2866	0	0
lcl|NC_052669.1_mrna_XM_011162544.3_14447	5439	5240	0	0
lcl|NC_052669.1_mrna_XM_011162543.3_14448	4085	3886	219.962	15.8987
lcl|NC_052669.1_mrna_XM_039450151.1_14449	3820	3621	47.0378	3.64867
lcl|NC_052669.1_mrna_XM_039450171.1_14450	3845	3646	25.7659	1.98493
lcl|NC_052669.1_mrna_XM_039450170.1_14451	3804	3605	253.234	19.7302
lcl|NC_052669.1_mrna_XM_011162561.3_14452	3785	3586	0	0
lcl|NC_052669.1_mrna_XM_011162562.3_14453	3717	3518	0	0
lcl|NC_052669.1_mrna_XM_026138459.1_14454	1368	1169	62	14.8968
lcl|NC_052669.1_mrna_XM_011162556.3_14455	1412	1213	33.3143	7.71411
lcl|NC_052669.1_mrna_XM_011162557.3_14456	1400	1201	901.686	210.876
lcl|NC_052669.1_mrna_XM_039450172.1_14457	3856	3657	47	3.60985
lcl|NC_052669.1_mrna_XM_026138470.2_14458	2529	2330	28.9336	3.48789
lcl|NC_052669.1_mrna_XM_026138468.2_14459	2679	2480	14.9827	1.69689
lcl|NC_052669.1_mrna_XM_039450178.1_14460	4469	4270	100.673	6.62217
lcl|NC_052669.1_mrna_XM_039450177.1_14461	4550	4351	123.576	7.9774
lcl|NC_052669.1_mrna_XM_039450180.1_14462	4395	4196	0.000268683	1.79854e-05
lcl|NC_052669.1_mrna_XM_039450179.1_14463	4476	4277	14.2229	0.934041
lcl|NC_052669.1_mrna_XM_011162565.3_14464	2576	2377	1.98993	0.235139
lcl|NC_052669.1_mrna_XM_026138473.2_14465	1100	901	419.707	130.839
lcl|NC_052669.1_mrna_XM_026138469.2_14466	2240	2041	23.0837	3.17671
lcl|NC_052669.1_mrna_XM_026138467.2_14467	1833	1634	1796	308.724
lcl|NC_052669.1_mrna_XM_011162567.3_14468	4862	4663	418	25.1783
lcl|NC_052669.1_mrna_XM_039450181.1_14469	883	684	0	0
lcl|NC_052669.1_mrna_XM_026138474.2_14470	825	626	6	2.69211
lcl|NC_052669.1_mrna_XM_011162568.3_14471	3864	3665	11.5812	0.887553
lcl|NC_052669.1_mrna_XM_039450174.1_14472	4820	4621	37.4441	2.27595
lcl|NC_052669.1_mrna_XM_026138471.2_14473	4992	4793	68.6641	4.02382
lcl|NC_052669.1_mrna_XM_039450175.1_14474	4836	4637	0	0
lcl|NC_052669.1_mrna_XM_039450173.1_14475	4725	4526	0	0
lcl|NC_052669.1_mrna_XM_039450176.1_14476	4670	4471	0	0
lcl|NC_052669.1_mrna_XM_011162573.3_14477	2549	2350	3048	364.303
lcl|NC_052669.1_mrna_XM_026138443.2_14478	2000	1801	15.9404	2.48601
lcl|NC_052669.1_mrna_XM_011162574.3_14479	1849	1650	132.06	22.4803
lcl|NC_052669.1_mrna_XM_011162576.3_14480	2082	1883	1487.78	221.924
lcl|NC_052669.1_mrna_XM_026138442.2_14481	1610	1411	332.22	66.1324
lcl|NC_052669.1_mrna_XM_011162578.3_14482	3188	2989	1	0.0939701
lcl|NC_052669.1_ncrna_XR_005574958.1_14483	955	756	0	0
lcl|NC_052669.1_mrna_XM_011162579.3_14484	2930	2731	1570	161.471
lcl|NC_052669.1_mrna_XM_011171995.3_14485	879	680	518.336	214.101
lcl|NC_052669.1_mrna_XM_011171997.3_14486	1101	902	445.664	138.777
lcl|NC_052669.1_mrna_XM_026135019.2_14487	9109	8910	0.00154269	4.86313e-05
lcl|NC_052669.1_mrna_XM_026135016.2_14488	9213	9014	1.97858	0.0616528
lcl|NC_052669.1_mrna_XM_026135018.2_14489	9114	8915	0.000878828	2.76884e-05
lcl|NC_052669.1_mrna_XM_026135014.2_14490	9218	9019	1.13449	0.035331
lcl|NC_052669.1_mrna_XM_026135017.2_14491	9184	8985	50.1216	1.56683
lcl|NC_052669.1_mrna_XM_026135020.2_14492	8977	8778	6.18829e-05	1.98012e-06
lcl|NC_052669.1_mrna_XM_026135015.2_14493	9210	9011	2.76282	0.0861182
lcl|NC_052669.1_mrna_XM_026135025.2_14494	8646	8447	40.5169	1.34725
lcl|NC_052669.1_mrna_XM_026135022.2_14495	8859	8660	20.5466	0.666404
lcl|NC_052669.1_ncrna_XR_005575012.1_14496	773	574	0	0
lcl|NC_052669.1_mrna_XM_026135021.2_14497	10497	10298	0	0
lcl|NC_052669.1_mrna_XM_039450577.1_14498	10273	10074	0	0
lcl|NC_052669.1_mrna_XM_039450576.1_14499	10243	10044	0	0
lcl|NC_052669.1_mrna_XM_011162642.3_14500	10418	10219	0	0
lcl|NC_052669.1_mrna_XM_011162643.3_14501	10228	10029	0	0
lcl|NC_052669.1_mrna_XM_011162653.3_14502	5699	5500	45.1129	2.30385
lcl|NC_052669.1_mrna_XM_039450581.1_14503	6145	5946	0	0
lcl|NC_052669.1_mrna_XM_011162654.3_14504	1644	1445	10.258	1.99393
lcl|NC_052669.1_mrna_XM_026135032.2_14505	1929	1730	0	0
lcl|NC_052669.1_mrna_XM_026135031.2_14506	1794	1595	288.504	50.805
lcl|NC_052669.1_mrna_XM_011162652.3_14507	6451	6252	0	0
lcl|NC_052669.1_mrna_XM_011162651.3_14508	6557	6358	0	0
lcl|NC_052669.1_mrna_XM_011162649.3_14509	6657	6458	10.3215	0.448913
lcl|NC_052669.1_mrna_XM_039450578.1_14510	6943	6744	3.51086e-06	1.46222e-07
lcl|NC_052669.1_mrna_XM_011162648.3_14511	6899	6700	69.8653	2.92889
lcl|NC_052669.1_mrna_XM_011162644.3_14512	6983	6784	15.216	0.629985
lcl|NC_052669.1_mrna_XM_026135030.2_14513	6306	6107	135.511	6.23249
lcl|NC_052669.1_mrna_XM_011162646.3_14514	6632	6433	175.087	7.64461
lcl|NC_052669.1_mrna_XM_011162647.3_14515	6712	6513	162.323	7.00026
lcl|NC_052669.1_mrna_XM_039450580.1_14516	6285	6086	0	0
lcl|NC_052669.1_mrna_XM_026135029.2_14517	6385	6186	0.173117	0.00786042
lcl|NC_052669.1_mrna_XM_039450579.1_14518	6370	6171	1.73445e-06	7.89446e-08
lcl|NC_052669.1_mrna_XM_011162655.3_14519	3233	3034	405	37.4934
lcl|NC_052669.1_mrna_XM_026135010.2_14520	6268	6069	26.3721	1.22051
lcl|NC_052669.1_mrna_XM_011162656.3_14521	6276	6077	7.03606	0.325204
lcl|NC_052669.1_mrna_XM_039451199.1_14522	6639	6440	61.5241	2.68334
lcl|NC_052669.1_mrna_XM_039451203.1_14523	6420	6221	24.3319	1.09858
lcl|NC_052669.1_mrna_XM_039451204.1_14524	6227	6028	13.4013	0.624439
lcl|NC_052669.1_mrna_XM_039451200.1_14525	6264	6065	0.365159	0.0169109
lcl|NC_052669.1_mrna_XM_039451201.1_14526	6250	6051	3.70805	0.172121
lcl|NC_052669.1_mrna_XM_039451202.1_14527	6260	6061	34.2706	1.58816
lcl|NC_052669.1_mrna_XM_026135011.2_14528	6140	5941	0	0
lcl|NC_052669.1_mrna_XM_011162661.3_14529	7532	7333	3.64486	0.13961
lcl|NC_052669.1_mrna_XM_011162660.3_14530	7324	7125	87.8024	3.46128
lcl|NC_052669.1_mrna_XM_011162658.3_14531	6415	6216	115.553	5.22138
lcl|NC_052669.1_mrna_XM_039451206.1_14532	6945	6746	48.9499	2.03808
lcl|NC_052669.1_mrna_XM_026135034.2_14533	6924	6725	214.148	8.94412
lcl|NC_052669.1_mrna_XM_039451205.1_14534	6910	6711	53.3175	2.23151
lcl|NC_052669.1_mrna_XM_026135033.2_14535	6889	6690	234.969	9.86506
lcl|NC_052669.1_mrna_XM_011162662.3_14536	2195	1996	7291.51	1026.06
lcl|NC_052669.1_mrna_XM_011162664.3_14537	1996	1797	1427.92	223.188
lcl|NC_052669.1_mrna_XM_011162663.3_14538	1979	1780	9490.57	1497.57
lcl|NC_052669.1_mrna_XM_011162665.3_14539	2750	2551	1689	185.967
lcl|NC_052669.1_mrna_XM_011162667.3_14540	4591	4392	250.861	16.0431
lcl|NC_052669.1_mrna_XM_011162669.3_14541	4458	4259	0.000782952	5.16349e-05
lcl|NC_052669.1_mrna_XM_011162668.3_14542	4802	4603	17.4672	1.06585
lcl|NC_052669.1_mrna_XM_011162666.3_14543	2550	2351	860.671	102.825
lcl|NC_052669.1_mrna_XM_039451064.1_14544	1659	1460	10	1.92381
lcl|NC_052669.1_mrna_XM_026135036.2_14545	16695	16496	0	0
lcl|NC_052669.1_mrna_XM_039451061.1_14546	16698	16499	0	0
lcl|NC_052669.1_mrna_XM_026135035.2_14547	17678	17479	0	0
lcl|NC_052669.1_mrna_XM_039451062.1_14548	17835	17636	13.2746	0.211416
lcl|NC_052669.1_mrna_XM_026135037.2_14549	9955	9756	0.000387899	1.11677e-05
lcl|NC_052669.1_mrna_XM_026135038.2_14550	9858	9659	8.73702	0.254066
lcl|NC_052669.1_mrna_XM_039451063.1_14551	11035	10836	0	0
lcl|NC_052669.1_ncrna_XR_005575103.1_14552	1535	1336	0	0
lcl|NC_052669.1_mrna_XM_011162672.3_14553	2010	1811	60.9764	9.45713
lcl|NC_052669.1_mrna_XM_011162673.3_14554	1637	1438	0	0
lcl|NC_052669.1_mrna_XM_039450408.1_14555	1416	1217	36.0236	8.31404
lcl|NC_052669.1_mrna_XM_026135012.2_14556	1447	1248	0	0
lcl|NC_052669.1_mrna_XM_011162674.3_14557	1600	1401	351.105	70.3905
lcl|NC_052669.1_mrna_XM_039450329.1_14558	1535	1336	49.8953	10.4898
lcl|NC_052669.1_mrna_XM_026135026.2_14559	1194	995	0	0
lcl|NC_052669.1_mrna_XM_026135028.2_14560	9563	9364	114.187	3.42507
lcl|NC_052669.1_mrna_XM_039450966.1_14561	7539	7340	7.90467e-05	3.02485e-06
lcl|NC_052669.1_mrna_XM_026135007.2_14562	7479	7280	0.297344	0.0114721
lcl|NC_052669.1_mrna_XM_039450965.1_14563	7542	7343	5.24666e-05	2.0069e-06
lcl|NC_052669.1_mrna_XM_039450967.1_14564	7524	7325	0.000615149	2.35878e-05
lcl|NC_052669.1_mrna_XM_026135006.2_14565	7553	7354	1.16906e-05	4.46506e-07
lcl|NC_052669.1_mrna_XM_026135008.2_14566	7463	7264	2.7019	0.104474
lcl|NC_052669.1_ncrna_XR_005575073.1_14567	8002	7803	0	0
lcl|NC_052669.1_ncrna_XR_005575075.1_14568	8005	7806	5.12962	0.184575
lcl|NC_052669.1_ncrna_XR_005575074.1_14569	1918	1719	0.875857	0.143111
lcl|NC_052669.1_mrna_XM_026135009.2_14570	6865	6666	0	0
lcl|NC_052669.1_mrna_XM_039450970.1_14571	7780	7581	31.6433	1.17239
lcl|NC_052669.1_mrna_XM_011162991.3_14572	2269	2070	656.746	89.1134
lcl|NC_052669.1_mrna_XM_026135045.2_14573	2293	2094	25.2539	3.38741
lcl|NC_052669.1_mrna_XM_026135043.2_14574	2296	2097	0	0
lcl|NC_052669.1_mrna_XM_039450971.1_14575	4878	4679	0	0
lcl|NC_052669.1_mrna_XM_026135048.2_14576	7785	7586	27.296	1.01065
lcl|NC_052669.1_mrna_XM_039450969.1_14577	7337	7138	34.8753	1.37233
lcl|NC_052669.1_mrna_XM_011162993.3_14578	7223	7024	8.79259	0.351599
lcl|NC_052669.1_mrna_XM_039450968.1_14579	7339	7140	26.3321	1.03586
lcl|NC_052669.1_mrna_XM_026135047.2_14580	1391	1192	483	113.812
lcl|NC_052669.1_mrna_XM_026135046.2_14581	553	354	0	0
lcl|NC_052669.1_mrna_XM_011162998.3_14582	1422	1223	154.398	35.4595
lcl|NC_052669.1_mrna_XM_011162997.3_14583	1425	1226	585.602	134.161
lcl|NC_052669.1_mrna_XM_011162999.3_14584	4192	3993	172	12.0989
lcl|NC_052669.1_mrna_XM_039451057.1_14585	13975	13776	17	0.34661
lcl|NC_052669.1_mrna_XM_026135040.2_14586	14325	14126	0	0
lcl|NC_052669.1_mrna_XM_026135039.2_14587	14339	14140	0	0
lcl|NC_052669.1_mrna_XM_011163001.3_14588	3992	3793	407.855	30.2022
lcl|NC_052669.1_mrna_XM_039451058.1_14589	3633	3434	10.145	0.829792
lcl|NC_052669.1_mrna_XM_011163005.3_14590	3507	3308	0	0
lcl|NC_052669.1_mrna_XM_039451059.1_14591	2880	2681	124.504	13.0438
lcl|NC_052669.1_mrna_XM_011163012.3_14592	1405	1206	18.2151	4.24229
lcl|NC_052669.1_mrna_XM_011163010.3_14593	1398	1199	29.8365	6.98948
lcl|NC_052669.1_mrna_XM_011163011.3_14594	1401	1202	38.644	9.03012
lcl|NC_052669.1_mrna_XM_011163009.3_14595	1393	1194	53.5224	12.5906
lcl|NC_052669.1_mrna_XM_011163006.3_14596	3344	3145	192.773	17.2163
lcl|NC_052669.1_mrna_XM_011163007.3_14597	2923	2724	14.6184	1.50733
lcl|NC_052669.1_mrna_XM_011163008.3_14598	2867	2668	77.5805	8.16737
lcl|NC_052669.1_mrna_XM_039451060.1_14599	2644	2445	0.305733	0.035122
lcl|NC_052669.1_mrna_XM_011163015.3_14600	869	670	795.184	333.356
lcl|NC_052669.1_mrna_XM_011163014.3_14601	843	644	2401.82	1047.54
lcl|NC_052669.1_mrna_XM_011163016.3_14602	3236	3037	640	59.1903
lcl|NC_052669.1_mrna_XM_011163018.3_14603	1313	1114	721	181.788
lcl|NC_052669.1_mrna_XM_011163017.3_14604	727	528	373	198.422
lcl|NC_052669.1_mrna_XM_026135002.2_14605	3101	2902	0.00146066	0.000141373
lcl|NC_052669.1_mrna_XM_039450360.1_14606	3136	2937	248.272	23.7432
lcl|NC_052669.1_mrna_XM_026135003.2_14607	3051	2852	297.727	29.3214
lcl|NC_052669.1_mrna_XM_011163644.2_14608	534	335	293	245.662
lcl|NC_052669.1_mrna_XM_011163643.3_14609	948	749	697	261.377
lcl|NC_052669.1_mrna_XM_039450186.1_14610	768	569	47.3618	23.3793
lcl|NC_052669.1_mrna_XM_011163022.3_14611	666	467	278.638	167.587
lcl|NC_052669.1_mrna_XM_011163020.3_14612	2100	1901	2074	306.438
lcl|NC_052669.1_mrna_XM_011163023.3_14613	1446	1247	113	25.4523
lcl|NC_052669.1_mrna_XM_039450197.1_14614	935	736	0	0
lcl|NC_052669.1_mrna_XM_039450195.1_14615	1552	1353	4	0.830382
lcl|NC_052669.1_mrna_XM_026141529.2_14616	2143	1944	0	0
lcl|NC_052669.1_mrna_XM_026141528.2_14617	2283	2084	0	0
lcl|NC_052669.1_mrna_XM_026141530.2_14618	1517	1318	0	0
lcl|NC_052669.1_miscrna_XR_005574959.1_14619	1447	1248	0	0
lcl|NC_052669.1_mrna_XM_026141527.2_14620	1383	1184	0	0
lcl|NC_052669.1_mrna_XM_039450193.1_14621	1360	1161	1	0.241927
lcl|NC_052669.1_mrna_XM_011176868.3_14622	1417	1218	0	0
lcl|NC_052669.1_mrna_XM_011163305.3_14623	1502	1303	0	0
lcl|NC_052669.1_mrna_XM_039450187.1_14624	1967	1768	1.87783	0.298325
lcl|NC_052669.1_mrna_XM_039450191.1_14625	3300	3101	0	0
lcl|NC_052669.1_mrna_XM_039450190.1_14626	3293	3094	0	0
lcl|NC_052669.1_mrna_XM_039450189.1_14627	3323	3124	0	0
lcl|NC_052669.1_mrna_XM_039450196.1_14628	3704	3505	0	0
lcl|NC_052669.1_mrna_XM_039450203.1_14629	1410	1211	0	0
lcl|NC_052669.1_mrna_XM_039450202.1_14630	1477	1278	0	0
lcl|NC_052669.1_mrna_XM_039450201.1_14631	1594	1395	0	0
lcl|NC_052669.1_mrna_XM_039450200.1_14632	3609	3410	0	0
lcl|NC_052669.1_mrna_XM_039450199.1_14633	3370	3171	0	0
lcl|NC_052669.1_mrna_XM_039450204.1_14634	1907	1708	0	0
lcl|NC_052669.1_ncrna_XR_005574960.1_14635	1022	823	0	0
lcl|NC_052669.1_mrna_XM_039450206.1_14636	2634	2435	1	0.11535
lcl|NC_052669.1_mrna_XM_039450610.1_14637	1337	1138	0	0
lcl|NC_052669.1_mrna_XM_039450609.1_14638	1335	1136	0	0
lcl|NC_052669.1_mrna_XM_011176973.3_14639	1417	1218	0	0
lcl|NC_052669.1_mrna_XM_011176967.3_14640	1361	1162	300.303	72.5888
lcl|NC_052669.1_mrna_XM_039450607.1_14641	1277	1078	0	0
lcl|NC_052669.1_mrna_XM_011176970.3_14642	1221	1022	16.6967	4.58875
lcl|NC_052669.1_ncrna_XR_003269142.2_14643	551	352	0	0
lcl|NC_052669.1_mrna_XM_011176944.3_14644	2344	2145	15	1.96417
lcl|NC_052669.1_mrna_XM_011176945.3_14645	1750	1551	0	0
lcl|NC_052669.1_mrna_XM_011176947.3_14646	2557	2358	45.5305	5.42343
lcl|NC_052669.1_mrna_XM_039450593.1_14647	2623	2424	0	0
lcl|NC_052669.1_mrna_XM_039450596.1_14648	2729	2530	8.78257	0.975027
lcl|NC_052669.1_mrna_XM_039450592.1_14649	2693	2494	0	0
lcl|NC_052669.1_mrna_XM_039450595.1_14650	2842	2643	9.92185	1.05441
lcl|NC_052669.1_mrna_XM_039450594.1_14651	2670	2471	0	0
lcl|NC_052669.1_mrna_XM_039450599.1_14652	2751	2552	0	0
lcl|NC_052669.1_mrna_XM_039450591.1_14653	2808	2609	0	0
lcl|NC_052669.1_mrna_XM_011176946.3_14654	2741	2542	26.2364	2.89897
lcl|NC_052669.1_mrna_XM_039450598.1_14655	2761	2562	0	0
lcl|NC_052669.1_mrna_XM_039450600.1_14656	2445	2246	0	0
lcl|NC_052669.1_mrna_XM_039450597.1_14657	2538	2339	14.5287	1.74467
lcl|NC_052669.1_mrna_XM_011176964.3_14658	2540	2341	1414	169.654
lcl|NC_052669.1_mrna_XM_011176954.3_14659	3786	3587	189.38	14.8292
lcl|NC_052669.1_mrna_XM_011176962.3_14660	3942	3743	321.281	24.1091
lcl|NC_052669.1_mrna_XM_011176957.3_14661	3997	3798	0.00985803	0.000729039
lcl|NC_052669.1_mrna_XM_011176961.3_14662	4390	4191	381.098	25.5408
lcl|NC_052669.1_mrna_XM_011176955.3_14663	4445	4246	34.6599	2.29279
lcl|NC_052669.1_mrna_XM_011176960.3_14664	3741	3542	0.00229534	0.000182018
lcl|NC_052669.1_mrna_XM_011176956.3_14665	3745	3546	186.351	14.7608
lcl|NC_052669.1_mrna_XM_039450585.1_14666	3880	3681	70.5188	5.3809
lcl|NC_052669.1_mrna_XM_026138584.2_14667	3846	3647	105.966	8.16104
lcl|NC_052669.1_mrna_XM_026138582.2_14668	3901	3702	986.758	74.8669
lcl|NC_052669.1_mrna_XM_039450587.1_14669	6175	5976	0	0
lcl|NC_052669.1_mrna_XM_026138583.2_14670	6307	6108	0	0
lcl|NC_052669.1_mrna_XM_039450586.1_14671	6389	6190	60.9747	2.76678
lcl|NC_052669.1_mrna_XM_026138588.2_14672	1100	901	130.183	40.583
lcl|NC_052669.1_mrna_XM_011176965.3_14673	914	715	15.8173	6.21357
lcl|NC_052669.1_mrna_XM_039450611.1_14674	835	636	0	0
lcl|NC_052669.1_mrna_XM_039450419.1_14675	621	422	59	39.2695
lcl|NC_052669.1_mrna_XM_011176919.3_14676	1726	1527	570.192	104.881
lcl|NC_052669.1_mrna_XM_011176917.3_14677	1603	1404	0	0
lcl|NC_052669.1_mrna_XM_011176930.3_14678	1461	1262	194.798	43.3551
lcl|NC_052669.1_mrna_XM_011176929.1_14679	1423	1224	717.499	164.648
lcl|NC_052669.1_mrna_XM_011176924.2_14680	1371	1172	512.845	122.906
lcl|NC_052669.1_mrna_XM_011176920.3_14681	1615	1416	147.758	29.3092
lcl|NC_052669.1_mrna_XM_011176925.3_14682	1473	1274	541.178	119.313
lcl|NC_052669.1_mrna_XM_011176923.3_14683	1394	1195	0	0
lcl|NC_052669.1_mrna_XM_026138589.1_14684	1257	1058	6.60266	1.75287
lcl|NC_052669.1_mrna_XM_039450603.1_14685	1268	1069	18.7728	4.93251
lcl|NC_052669.1_mrna_XM_011176927.3_14686	1662	1463	199.064	38.2177
lcl|NC_052669.1_mrna_XM_011176935.3_14687	1557	1358	445.151	92.071
lcl|NC_052669.1_mrna_XM_011176931.3_14688	1617	1418	985.234	195.155
lcl|NC_052669.1_mrna_XM_011176921.1_14689	1275	1076	147.083	38.3942
lcl|NC_052669.1_mrna_XM_011176938.2_14690	1384	1185	49.7347	11.7885
lcl|NC_052669.1_mrna_XM_011176941.3_14691	1245	1046	21.2737	5.71252
lcl|NC_052669.1_mrna_XM_011176939.3_14692	1650	1451	805.893	156
lcl|NC_052669.1_mrna_XM_011176934.3_14693	1659	1460	161.419	31.054
lcl|NC_052669.1_mrna_XM_011176940.1_14694	1746	1547	166.766	30.2784
lcl|NC_052669.1_mrna_XM_039450605.1_14695	1954	1755	20.47	3.2761
lcl|NC_052669.1_miscrna_XR_851443.3_14696	1676	1477	306.653	58.3153
lcl|NC_052669.1_mrna_XM_011176932.3_14697	1470	1271	33.2308	7.34362
lcl|NC_052669.1_miscrna_XR_005575013.1_14698	1375	1176	40.7953	9.74358
lcl|NC_052669.1_mrna_XM_039450604.1_14699	1465	1266	10.3511	2.29651
lcl|NC_052669.1_mrna_XM_011176937.3_14700	1272	1073	6.20413	1.62404
lcl|NC_052669.1_mrna_XM_011176926.3_14701	1578	1379	1475.74	300.582
lcl|NC_052669.1_mrna_XM_039450606.1_14702	1580	1381	37.1514	7.5561
lcl|NC_052669.1_mrna_XM_011176942.3_14703	1851	1652	1073.87	182.581
lcl|NC_052669.1_mrna_XM_011176918.3_14704	1813	1614	670.025	116.601
lcl|NC_052669.1_mrna_XM_011176928.3_14705	1604	1405	1498.25	299.518
lcl|NC_052669.1_mrna_XM_011176916.3_14706	4399	4200	616	41.1953
lcl|NC_052669.1_mrna_XM_026138578.2_14707	4043	3844	1874	136.931
lcl|NC_052669.1_mrna_XM_011176975.3_14708	1274	1075	0	0
lcl|NC_052669.1_mrna_XM_011176914.3_14709	1002	803	0	0
lcl|NC_052669.1_mrna_XM_026138576.2_14710	1884	1685	1	0.166692
lcl|NC_052669.1_mrna_XM_011176905.3_14711	2174	1975	782	111.213
lcl|NC_052669.1_mrna_XM_011176906.3_14712	1982	1783	243.953	38.4299
lcl|NC_052669.1_mrna_XM_039450601.1_14713	2032	1833	694.047	106.351
lcl|NC_052669.1_mrna_XM_011176907.3_14714	5047	4848	14	0.811113
lcl|NC_052669.1_mrna_XM_011176903.3_14715	1086	887	436.531	138.231
lcl|NC_052669.1_mrna_XM_039450612.1_14716	1072	873	49.4693	15.9161
lcl|NC_052669.1_mrna_XM_011176902.3_14717	1661	1462	2	0.384236
lcl|NC_052669.1_mrna_XM_011176899.3_14718	2870	2671	1495.6	157.274
lcl|NC_052669.1_mrna_XM_039450584.1_14719	2818	2619	78.9138	8.46317
lcl|NC_052669.1_mrna_XM_011176900.3_14720	2866	2667	524.487	55.2366
lcl|NC_052669.1_mrna_XM_011176898.3_14721	885	686	1366	559.297
lcl|NC_052669.1_mrna_XM_011176897.3_14722	923	724	900	349.156
lcl|NC_052669.1_mrna_XM_039450602.1_14723	2706	2507	486.412	54.4961
lcl|NC_052669.1_mrna_XM_011176896.3_14724	3165	2966	1685.41	159.607
lcl|NC_052669.1_ncrna_XR_005575015.1_14725	917	718	3	1.17358
lcl|NC_052669.1_ncrna_XR_005575014.1_14726	2008	1809	1.17597	0.182589
lcl|NC_052669.1_mrna_XM_039450589.1_14727	2504	2305	0	0
lcl|NC_052669.1_mrna_XM_039450588.1_14728	2928	2729	91.1267	9.37902
lcl|NC_052669.1_mrna_XM_039450590.1_14729	2729	2530	35.8733	3.9826
lcl|NC_052669.1_mrna_XM_039450583.1_14730	7445	7246	1.99999	0.0775256
lcl|NC_052669.1_mrna_XM_011176894.3_14731	7533	7334	1.10338e-05	4.2257e-07
lcl|NC_052669.1_mrna_XM_011176892.3_14732	5881	5682	0	0
lcl|NC_052669.1_mrna_XM_011176893.3_14733	6654	6455	0	0
lcl|NC_052669.1_mrna_XM_026138571.2_14734	4508	4309	0	0
lcl|NC_052669.1_mrna_XM_011176895.3_14735	2824	2625	103	11.0211
lcl|NC_052669.1_mrna_XM_011176889.3_14736	881	682	766.704	315.761
lcl|NC_052669.1_mrna_XM_011176886.3_14737	1291	1092	252.079	64.8379
lcl|NC_052669.1_mrna_XM_011176887.3_14738	1236	1037	481.218	130.34
lcl|NC_052669.1_mrna_XM_011176883.3_14739	3297	3098	0	0
lcl|NC_052669.1_mrna_XM_011176884.3_14740	1811	1612	0	0
lcl|NC_052669.1_mrna_XM_039451194.1_14741	739	540	0	0
lcl|NC_052669.1_mrna_XM_011176885.3_14742	1859	1660	0	0
lcl|NC_052669.1_mrna_XM_039451195.1_14743	1181	982	3226.48	922.855
lcl|NC_052669.1_mrna_XM_011176882.3_14744	616	417	691	465.434
lcl|NC_052669.1_mrna_XM_026138577.2_14745	1304	1105	2346.52	596.454
lcl|NC_052669.1_mrna_XM_011176879.3_14746	1951	1752	18.6374	2.98791
lcl|NC_052669.1_mrna_XM_011176880.3_14747	2584	2385	405.637	47.771
lcl|NC_052669.1_mrna_XM_039451193.1_14748	2531	2332	199.726	24.0559
lcl|NC_052669.1_mrna_XM_011176881.3_14749	1378	1179	497	118.402
lcl|NC_052669.1_mrna_XM_011176878.3_14750	8239	8040	114.718	4.00765
lcl|NC_052669.1_ncrna_XR_005575120.1_14751	1675	1476	13	2.47385
lcl|NC_052669.1_mrna_XM_026138592.2_14752	6807	6608	79.2824	3.36994
lcl|NC_052669.1_ncrna_XR_005575027.1_14753	7349	7150	0	0
lcl|NC_052669.1_mrna_XM_011176875.3_14754	1030	831	613	207.193
lcl|NC_052669.1_mrna_XM_011176876.3_14755	1296	1097	74	18.947
lcl|NC_052669.1_mrna_XM_026138570.2_14756	10280	10081	278.348	7.75533
lcl|NC_052669.1_mrna_XM_039450238.1_14757	2522	2323	0	0
lcl|NC_052669.1_miscrna_XR_005574965.1_14758	3082	2883	314.347	30.6253
lcl|NC_052669.1_mrna_XM_039450235.1_14759	2980	2781	132.209	13.3529
lcl|NC_052669.1_mrna_XM_039450234.1_14760	2723	2524	1.74473e-08	1.94158e-09
lcl|NC_052669.1_mrna_XM_039450237.1_14761	1373	1174	0	0
lcl|NC_052669.1_miscrna_XR_005574966.1_14762	2975	2776	50.4046	5.09995
lcl|NC_052669.1_mrna_XM_039450236.1_14763	1377	1178	254.735	60.7379
lcl|NC_052669.1_miscrna_XR_005574967.1_14764	1351	1152	0	0
lcl|NC_052669.1_mrna_XM_039450422.1_14765	1251	1052	0	0
lcl|NC_052669.1_mrna_XM_039450312.1_14766	2121	1922	8.26497	1.20782
lcl|NC_052669.1_mrna_XM_039450311.1_14767	2246	2047	4.48254e-07	6.15066e-08
lcl|NC_052669.1_mrna_XM_039450310.1_14768	2321	2122	10.61	1.40438
lcl|NC_052669.1_mrna_XM_039450313.1_14769	905	706	5.63579	2.24216
lcl|NC_052669.1_mrna_XM_039450315.1_14770	1763	1564	2	0.359177
lcl|NC_052669.1_mrna_XM_039450314.1_14771	1832	1633	0	0
lcl|NC_052669.1_mrna_XM_011164539.3_14772	2928	2729	228	23.4664
lcl|NC_052669.1_mrna_XM_039450252.1_14773	3501	3302	156	13.2698
lcl|NC_052669.1_mrna_XM_011159441.3_14774	6369	6170	0.000171722	7.81731e-06
lcl|NC_052669.1_mrna_XM_039450250.1_14775	6224	6025	147.547	6.87845
lcl|NC_052669.1_mrna_XM_011159440.3_14776	6748	6549	312.452	13.4006
lcl|NC_052669.1_mrna_XM_026140625.2_14777	6693	6494	0	0
lcl|NC_052669.1_mrna_XM_039450253.1_14778	1127	928	0	0
lcl|NC_052669.1_mrna_XM_039450254.1_14779	1044	845	8.00247	2.66001
lcl|NC_052669.1_mrna_XM_011159443.3_14780	4430	4231	264	17.5258
lcl|NC_052669.1_mrna_XM_026140634.2_14781	1412	1213	352	81.5075
lcl|NC_052669.1_mrna_XM_039450327.1_14782	4596	4397	423.622	27.0606
lcl|NC_052669.1_mrna_XM_011159444.3_14783	2689	2490	616.829	69.5795
lcl|NC_052669.1_mrna_XM_039450328.1_14784	3141	2942	5.56333	0.531139
lcl|NC_052669.1_mrna_XM_011159445.3_14785	3780	3581	230.047	18.0438
lcl|NC_052669.1_mrna_XM_011159446.3_14786	3940	3741	314.997	23.6502
lcl|NC_052669.1_miscrna_XR_003269422.2_14787	944	745	198.956	75.0096
lcl|NC_052669.1_mrna_XM_026140635.2_14788	5676	5477	835	42.8213
lcl|NC_052669.1_mrna_XM_011159447.3_14789	1733	1534	694.484	127.161
lcl|NC_052669.1_mrna_XM_039450266.1_14790	1629	1430	706.516	138.772
lcl|NC_052669.1_mrna_XM_039450267.1_14791	3347	3148	95.2258	8.49642
lcl|NC_052669.1_mrna_XM_026140636.2_14792	3107	2908	17.788	1.7181
lcl|NC_052669.1_ncrna_XR_005575072.1_14793	955	756	1.50826	0.560364
lcl|NC_052669.1_ncrna_XR_005575071.1_14794	1207	1008	0	0
lcl|NC_052669.1_ncrna_XR_005575070.1_14795	1239	1040	0	0
lcl|NC_052669.1_mrna_XM_011164729.3_14796	2759	2560	1013	111.144
lcl|NC_052669.1_mrna_XM_039450518.1_14797	630	431	0	0
lcl|NC_052669.1_mrna_XM_039450520.1_14798	602	403	0	0
lcl|NC_052669.1_mrna_XM_039450423.1_14799	747	548	0	0
lcl|NC_052669.1_mrna_XM_039450262.1_14800	1021	822	0	0
lcl|NC_052669.1_ncrna_XR_005574969.1_14801	636	437	2	1.28548
lcl|NC_052669.1_ncrna_XR_005574970.1_14802	238	40.2855	0	0
lcl|NC_052669.1_ncrna_XR_005574971.1_14803	237	39.4185	0	0
lcl|NC_052669.1_mrna_XM_011171884.2_14804	527	328	524	448.718
lcl|NC_052669.1_mrna_XM_011171885.3_14805	825	626	446	200.113
lcl|NC_052669.1_ncrna_XR_003269605.1_14806	120	5.05223	0	0
lcl|NC_052669.1_mrna_XM_011171886.3_14807	727	528	162	86.1781
lcl|NC_052669.1_mrna_XM_039450265.1_14808	6906	6707	208.844	8.746
lcl|NC_052669.1_mrna_XM_039450264.1_14809	7037	6838	229.156	9.41278
lcl|NC_052669.1_mrna_XM_011162816.3_14810	2149	1950	974.679	140.392
lcl|NC_052669.1_mrna_XM_011162818.3_14811	2175	1976	179.346	25.4929
lcl|NC_052669.1_mrna_XM_039450428.1_14812	2274	2075	50.3674	6.81785
lcl|NC_052669.1_mrna_XM_011162817.3_14813	2179	1980	266.424	37.7942
lcl|NC_052669.1_mrna_XM_039450427.1_14814	2278	2079	74.1837	10.0224
lcl|NC_052669.1_mrna_XM_011162814.3_14815	3032	2833	603.39	59.8228
lcl|NC_052669.1_mrna_XM_011162815.3_14816	2923	2724	230.838	23.8022
lcl|NC_052669.1_mrna_XM_039450426.1_14817	2846	2647	9.77214	1.03693
lcl|NC_052669.1_mrna_XM_011162809.3_14818	2248	2049	79.4537	10.8915
lcl|NC_052669.1_mrna_XM_011162811.3_14819	1974	1775	700.141	110.791
lcl|NC_052669.1_mrna_XM_011162813.3_14820	2002	1803	234.278	36.4965
lcl|NC_052669.1_mrna_XM_039450304.1_14821	2499	2300	316.271	38.6231
lcl|NC_052669.1_mrna_XM_039450306.1_14822	2466	2267	386.042	47.8299
lcl|NC_052669.1_mrna_XM_039450305.1_14823	2384	2185	21.5734	2.77322
lcl|NC_052669.1_mrna_XM_039450307.1_14824	2406	2207	26.372	3.35626
lcl|NC_052669.1_mrna_XM_039450308.1_14825	2219	2020	31.7416	4.4136
lcl|NC_052669.1_mrna_XM_011162365.3_14826	1434	1235	12387	2817.18
lcl|NC_052669.1_mrna_XM_011162362.3_14827	1077	878	12309	3937.7
lcl|NC_052669.1_mrna_XM_011162364.3_14828	1011	812	1886.03	652.39
lcl|NC_052669.1_mrna_XM_039450300.1_14829	5615	5416	1.18058e-07	6.12255e-09
lcl|NC_052669.1_mrna_XM_039450298.1_14830	5769	5570	74.3398	3.74871
lcl|NC_052669.1_mrna_XM_039450297.1_14831	5772	5573	2.1873e-08	1.10239e-09
lcl|NC_052669.1_mrna_XM_039450301.1_14832	5501	5302	218.144	11.5563
lcl|NC_052669.1_mrna_XM_039450303.1_14833	5730	5531	27.4144	1.39217
lcl|NC_052669.1_mrna_XM_039450302.1_14834	5643	5444	0.029532	0.00152367
lcl|NC_052669.1_mrna_XM_039450299.1_14835	5646	5447	92.4703	4.76827
lcl|NC_052669.1_mrna_XM_039450425.1_14836	5256	5057	0	0
lcl|NC_052669.1_mrna_XM_039450613.1_14837	1126	927	0	0
lcl|NC_052669.1_mrna_XM_039450614.1_14838	1041	842	0	0
lcl|NC_052669.1_miscrna_XR_005575052.1_14839	1868	1669	0	0
lcl|NC_052669.1_mrna_XM_039450795.1_14840	804	605	0	0
lcl|NC_052669.1_mrna_XM_039450797.1_14841	2083	1884	1.00032	0.149133
lcl|NC_052669.1_mrna_XM_039450798.1_14842	2122	1923	0	0
lcl|NC_052669.1_mrna_XM_039450796.1_14843	2210	2011	0	0
lcl|NC_052669.1_mrna_XM_039451294.1_14844	3970	3771	0	0
lcl|NC_052669.1_mrna_XM_039451293.1_14845	2688	2489	0	0
lcl|NC_052669.1_mrna_XM_039451301.1_14846	667	468	1	0.600164
lcl|NC_052669.1_mrna_XM_039451292.1_14847	3786	3587	0	0
lcl|NC_052669.1_mrna_XM_039451291.1_14848	3957	3758	0	0
lcl|NC_052669.1_miscrna_XR_005575131.1_14849	2285	2086	0	0
lcl|NC_052669.1_miscrna_XR_005575132.1_14850	2131	1932	0	0
lcl|NC_052669.1_mrna_XM_039451295.1_14851	2235	2036	0	0
lcl|NC_052669.1_mrna_XM_039451296.1_14852	1719	1520	0	0
lcl|NC_052669.1_mrna_XM_039451300.1_14853	1804	1605	0	0
lcl|NC_052669.1_mrna_XM_039451302.1_14854	884	685	0	0
lcl|NC_052669.1_mrna_XM_039451298.1_14855	1515	1316	290.174	61.9324
lcl|NC_052669.1_mrna_XM_039451297.1_14856	1465	1266	170.826	37.8998
lcl|NC_052669.1_mrna_XM_039451299.1_14857	1731	1532	470.831	86.3222
lcl|NC_052669.1_mrna_XM_039451290.1_14858	2388	2189	0.000107035	1.3734e-05
lcl|NC_052669.1_mrna_XM_011171056.3_14859	2360	2161	133.718	17.38
lcl|NC_052669.1_mrna_XM_026138814.2_14860	2442	2243	0	0
lcl|NC_052669.1_mrna_XM_039451287.1_14861	5283	5084	0	0
lcl|NC_052669.1_mrna_XM_039451288.1_14862	4049	3850	0	0
lcl|NC_052669.1_mrna_XM_039451289.1_14863	2037	1838	728.5	111.327
lcl|NC_052669.1_mrna_XM_026138818.1_14864	711	512	0.5	0.274294
lcl|NC_052669.1_mrna_XM_039450430.1_14865	3939	3740	0	0
lcl|NC_052669.1_mrna_XM_039450442.1_14866	624	425	0	0
lcl|NC_052669.1_mrna_XM_039450443.1_14867	1170	971	0	0
lcl|NC_052669.1_mrna_XM_039450861.1_14868	10853	10654	0	0
lcl|NC_052669.1_mrna_XM_026139120.2_14869	5205	5006	0	0
lcl|NC_052669.1_mrna_XM_026139121.2_14870	5745	5546	0	0
lcl|NC_052669.1_mrna_XM_026139123.2_14871	5529	5330	0	0
lcl|NC_052669.1_mrna_XM_026139125.2_14872	5190	4991	0	0
lcl|NC_052669.1_mrna_XM_026139127.2_14873	10130	9931	0	0
lcl|NC_052669.1_mrna_XM_026139134.2_14874	10061	9862	0	0
lcl|NC_052669.1_mrna_XM_026139135.2_14875	10058	9859	0	0
lcl|NC_052669.1_mrna_XM_039450862.1_14876	10088	9889	0	0
lcl|NC_052669.1_mrna_XM_026139133.2_14877	10085	9886	0	0
lcl|NC_052669.1_mrna_XM_026139137.2_14878	10016	9817	0	0
lcl|NC_052669.1_mrna_XM_026139138.2_14879	10013	9814	0	0
lcl|NC_052669.1_mrna_XM_039450863.1_14880	10040	9841	0	0
lcl|NC_052669.1_mrna_XM_026139128.2_14881	10121	9922	0	0
lcl|NC_052669.1_mrna_XM_026139136.2_14882	10028	9829	0	0
lcl|NC_052669.1_mrna_XM_026139126.2_14883	10130	9931	0	0
lcl|NC_052669.1_mrna_XM_026139130.2_14884	10115	9916	0	0
lcl|NC_052669.1_mrna_XM_026139131.2_14885	10112	9913	0	0
lcl|NC_052669.1_mrna_XM_039450864.1_14886	9929	9730	0	0
lcl|NC_052669.1_mrna_XM_039450860.1_14887	10040	9841	0	0
lcl|NC_052669.1_mrna_XM_039450867.1_14888	1302	1103	1.05321	0.268197
lcl|NC_052669.1_mrna_XM_039450866.1_14889	1516	1317	1.14258	0.243678
lcl|NC_052669.1_ncrna_XR_005575054.1_14890	4872	4673	0.304699	0.0183144
lcl|NC_052669.1_mrna_XM_026139141.2_14891	4638	4439	0	0
lcl|NC_052669.1_mrna_XM_011176072.2_14892	1281	1082	0	0
lcl|NC_052669.1_mrna_XM_039450449.1_14893	3612	3413	0	0
lcl|NC_052669.1_mrna_XM_026140442.1_14894	1119	920	0	0
lcl|NC_052669.1_ncrna_XR_851170.2_14895	738	539	12.8179	6.6795
lcl|NC_052669.1_mrna_XM_039450183.1_14896	757	558	0	0
lcl|NC_052669.1_mrna_XM_039450184.1_14897	975	776	0	0
lcl|NC_052669.1_mrna_XM_039450182.1_14898	1100	901	0	0
lcl|NC_052669.1_mrna_XM_039450185.1_14899	942	743	2.98631	1.12892
lcl|NC_052669.1_mrna_XM_011173221.1_14900	1035	836	0	0
lcl|NC_052669.1_mrna_XM_011173220.2_14901	834	635	0	0
lcl|NC_052669.1_mrna_XM_011173219.1_14902	798	599	0	0
lcl|NC_052669.1_mrna_XM_039450249.1_14903	3095	2896	1332.17	129.204
lcl|NC_052669.1_mrna_XM_039450248.1_14904	2525	2326	4.62876	0.558947
lcl|NC_052669.1_mrna_XM_039450763.1_14905	958	759	0	0
lcl|NC_052669.1_mrna_XM_039450762.1_14906	1043	844	0.996868	0.33175
lcl|NC_052669.1_ncrna_XR_005575051.1_14907	687	488	45.7649	26.3408
lcl|NC_052669.1_miscrna_XR_005575061.1_14908	1158	959	63.958	18.7323
lcl|NC_052669.1_mrna_XM_039450924.1_14909	982	783	0.0124636	0.00447092
lcl|NC_052669.1_mrna_XM_039450922.1_14910	1157	958	0.210386	0.0616831
lcl|NC_052669.1_mrna_XM_039450912.1_14911	5890	5691	0	0
lcl|NC_052669.1_mrna_XM_039450914.1_14912	6923	6724	0	0
lcl|NC_052669.1_mrna_XM_039450915.1_14913	5677	5478	7.28307	0.373429
lcl|NC_052669.1_mrna_XM_039450907.1_14914	7120	6921	0	0
lcl|NC_052669.1_mrna_XM_039450908.1_14915	6970	6771	25.4217	1.05455
lcl|NC_052669.1_mrna_XM_039450910.1_14916	6826	6627	1.05068e-07	4.45319e-09
lcl|NC_052669.1_mrna_XM_039450909.1_14917	6919	6720	0.000485299	2.02841e-05
lcl|NC_052669.1_mrna_XM_039450913.1_14918	5938	5739	0	0
lcl|NC_052669.1_ncrna_XR_005575062.1_14919	5218	5019	0	0
lcl|NC_052669.1_ncrna_XR_005575063.1_14920	4163	3964	0	0
lcl|NC_052669.1_mrna_XM_039450920.1_14921	2115	1916	0.0182293	0.00267233
lcl|NC_052669.1_mrna_XM_039450923.1_14922	2036	1837	0	0
lcl|NC_052669.1_mrna_XM_039450919.1_14923	2561	2362	57.1214	6.79258
lcl|NC_052669.1_mrna_XM_039450916.1_14924	2859	2660	166.468	17.5778
lcl|NC_052669.1_mrna_XM_039450918.1_14925	2903	2704	1.38655e-07	1.44027e-08
lcl|NC_052669.1_mrna_XM_039450917.1_14926	4045	3846	19.2698	1.40729
lcl|NC_052669.1_mrna_XM_039450921.1_14927	2435	2236	21.4444	2.69375
lcl|NC_052669.1_mrna_XM_011175704.3_14928	1086	887	4.57238	1.44789
lcl|NC_052669.1_mrna_XM_039450220.1_14929	2081	1882	1122.72	167.56
lcl|NC_052669.1_mrna_XM_039450222.1_14930	2148	1949	0	0
lcl|NC_052669.1_ncrna_XR_005574962.1_14931	865	666	5	2.10868
lcl|NC_052669.1_mrna_XM_039450224.1_14932	1948	1749	0	0
lcl|NC_052669.1_mrna_XM_039450223.1_14933	1860	1661	2.27551	0.38479
lcl|NC_052669.1_mrna_XM_039450221.1_14934	1894	1695	1.61054e-06	2.66881e-07
lcl|NC_052669.1_ncrna_XR_005574963.1_14935	525	326	5.00487	4.31212
lcl|NC_052669.1_mrna_XM_026141641.2_14936	2108	1909	462	67.9754
lcl|NC_052669.1_mrna_XM_039450450.1_14937	1963	1764	4.94501e-05	7.8738e-06
lcl|NC_052669.1_mrna_XM_039450736.1_14938	2235	2036	0	0
lcl|NC_052669.1_ncrna_XR_005575083.1_14939	4438	4239	1.9733	0.130751
lcl|NC_052669.1_ncrna_XR_005575081.1_14940	4457	4258	0.0222395	0.00146702
lcl|NC_052669.1_ncrna_XR_005575082.1_14941	4462	4263	0.00685363	0.000451566
lcl|NC_052669.1_ncrna_XR_005575080.1_14942	4482	4283	6.2673e-05	4.11006e-06
lcl|NC_052669.1_mrna_XM_039450531.1_14943	1873	1674	4.31109	0.723348
lcl|NC_052669.1_mrna_XM_039450530.1_14944	1579	1380	0	0
lcl|NC_052669.1_mrna_XM_039450529.1_14945	1978	1779	0	0
lcl|NC_052669.1_mrna_XM_039450455.1_14946	1203	1004	0	0
lcl|NC_052669.1_miscrna_XR_005575005.1_14947	1387	1188	0	0
lcl|NC_052669.1_mrna_XM_039450456.1_14948	969	770	0	0
lcl|NC_052669.1_mrna_XM_039450460.1_14949	840	641	0	0
lcl|NC_052669.1_mrna_XM_011177492.2_14950	2316	2117	0	0
lcl|NC_052669.1_mrna_XM_039451190.1_14951	3938	3739	190.65	14.3218
lcl|NC_052669.1_mrna_XM_039451189.1_14952	4209	4010	456.35	31.9646
lcl|NC_052669.1_mrna_XM_039451191.1_14953	3127	2928	0	0
lcl|NC_052669.1_mrna_XM_039451134.1_14954	3090	2891	22.085	2.14568
lcl|NC_052669.1_mrna_XM_039451135.1_14955	2964	2765	11.7585	1.19446
lcl|NC_052669.1_mrna_XM_039451132.1_14956	1275	1076	252.156	65.8224
lcl|NC_052669.1_ncrna_XR_003269452.1_14957	106	4.47418	0	0
lcl|NC_052669.1_mrna_XM_039450463.1_14958	975	776	0	0
lcl|NC_052669.1_mrna_XM_011161070.3_14959	984	785	0	0
lcl|NC_052669.1_mrna_XM_039450527.1_14960	7411	7212	3.68875	0.143661
lcl|NC_052669.1_mrna_XM_039450528.1_14961	688	489	0	0
lcl|NC_052669.1_mrna_XM_039450464.1_14962	4149	3950	0	0
lcl|NC_052669.1_mrna_XM_039451309.1_14963	5602	5403	34.3201	1.78414
lcl|NC_052669.1_mrna_XM_039451311.1_14964	5586	5387	0	0
lcl|NC_052669.1_mrna_XM_039451310.1_14965	5606	5407	0	0
lcl|NC_052669.1_mrna_XM_039451040.1_14966	1660	1461	11.6372	2.23725
lcl|NC_052669.1_mrna_XM_039451041.1_14967	1665	1466	4.15439	0.795956
lcl|NC_052669.1_mrna_XM_039451042.1_14968	1628	1429	4.34669	0.854363
lcl|NC_052669.1_miscrna_XR_005575101.1_14969	1371	1172	19.5438	4.68378
lcl|NC_052669.1_mrna_XM_039450469.1_14970	1929	1730	0	0
lcl|NC_052669.1_mrna_XM_039450981.1_14971	3028	2829	1	0.0992848
lcl|NC_052669.1_mrna_XM_011170588.1_14972	573	374	0	0
lcl|NC_052669.1_mrna_XM_039450470.1_14973	1347	1148	0	0
lcl|NC_052669.1_mrna_XM_011159531.2_14974	510	311	0	0
lcl|NC_052669.1_mrna_XM_011159530.1_14975	366	167	0	0
lcl|NC_052669.1_mrna_XM_011168904.1_14976	894	695	0	0
lcl|NC_052669.1_mrna_XM_011165577.2_14977	1464	1265	0	0
lcl|NC_052669.1_mrna_XM_011165578.1_14978	549	350	0	0
lcl|NC_052669.1_mrna_XM_039451093.1_14979	1367	1168	0.0310436	0.00746526
lcl|NC_052669.1_mrna_XM_026140248.2_14980	1363	1164	0.968956	0.233812
lcl|NC_052669.1_mrna_XM_039451092.1_14981	1369	1170	100.945	24.2335
lcl|NC_052669.1_mrna_XM_039450800.1_14982	1164	965	0	0
lcl|NC_052669.1_mrna_XM_039450801.1_14983	486	287	0	0
lcl|NC_052669.1_mrna_XM_039450802.1_14984	2441	2242	0	0
lcl|NC_052669.1_mrna_XM_039450804.1_14985	2528	2329	0	0
lcl|NC_052669.1_mrna_XM_039450857.1_14986	682	483	0	0
lcl|NC_052669.1_mrna_XM_039450664.1_14987	974	775	0	0
lcl|NC_052669.1_mrna_XM_039450805.1_14988	1335	1136	1	0.247251
lcl|NC_052669.1_mrna_XM_039450536.1_14989	1190	991	0.565214	0.160197
lcl|NC_052669.1_mrna_XM_039450535.1_14990	1699	1500	0	0
lcl|NC_052669.1_mrna_XM_039451303.1_14991	1922	1723	18.0212	2.93774
lcl|NC_052669.1_miscrna_XR_005575133.1_14992	2087	1888	0	0
lcl|NC_052669.1_mrna_XM_039451305.1_14993	2043	1844	4.23333	0.644818
lcl|NC_052669.1_mrna_XM_026140484.2_14994	2173	1974	97.7244	13.905
lcl|NC_052669.1_mrna_XM_039451304.1_14995	2165	1966	56.7658	8.10996
lcl|NC_052669.1_mrna_XM_026140483.2_14996	2007	1808	915.255	142.187
lcl|NC_052669.1_mrna_XM_039451306.1_14997	2407	2208	0	0
lcl|NC_052669.1_mrna_XM_039450635.1_14998	3081	2882	6.0226	0.586957
lcl|NC_052669.1_mrna_XM_039450636.1_14999	974	775	0	0
lcl|NC_052669.1_mrna_XM_039450982.1_15000	1871	1672	0	0
lcl|NC_052669.1_mrna_XM_026141822.2_15001	838	639	0	0
lcl|NC_052669.1_mrna_XM_039450806.1_15002	2462	2263	0	0
lcl|NC_052669.1_mrna_XM_039450808.1_15003	3573	3374	0	0
lcl|NC_052669.1_mrna_XM_039451118.1_15004	3000	2801	0	0
lcl|NC_052669.1_mrna_XM_039451117.1_15005	3032	2833	0	0
lcl|NC_052669.1_mrna_XM_039451119.1_15006	2929	2730	0	0
lcl|NC_052669.1_mrna_XM_039450809.1_15007	1050	851	0	0
lcl|NC_052669.1_mrna_XM_039451120.1_15008	2593	2394	0	0
lcl|NC_052669.1_mrna_XM_039451122.1_15009	2233	2034	0	0
lcl|NC_052669.1_mrna_XM_039451121.1_15010	1515	1316	3	0.640296
lcl|NC_052669.1_mrna_XM_039451124.1_15011	1572	1373	0	0
lcl|NC_052669.1_mrna_XM_039451123.1_15012	1917	1718	0	0
lcl|NC_052669.1_ncrna_XR_005575114.1_15013	5698	5499	0	0
lcl|NC_052669.1_mrna_XM_026141024.2_15014	823	624	2.7982	1.25954
lcl|NC_052669.1_mrna_XM_039451127.1_15015	866	667	0	0
lcl|NC_052669.1_mrna_XM_039451129.1_15016	832	633	1.61846e-06	7.18147e-07
lcl|NC_052669.1_mrna_XM_026141023.2_15017	835	636	1.41103e-08	6.23153e-09
lcl|NC_052669.1_mrna_XM_039451125.1_15018	878	679	0	0
lcl|NC_052669.1_mrna_XM_039451130.1_15019	600	401	0.177533	0.124351
lcl|NC_052669.1_mrna_XM_039451128.1_15020	1383	1184	3.02358	0.717275
lcl|NC_052669.1_mrna_XM_039451131.1_15021	1393	1194	0.000656054	0.00015433
lcl|NC_052669.1_mrna_XM_039451126.1_15022	1397	1198	2.29135e-05	5.37217e-06
lcl|NC_052669.1_mrna_XM_039450810.1_15023	651	452	0	0
lcl|NC_052669.1_mrna_XM_011173960.3_15024	1854	1655	0	0
lcl|NC_052669.1_mrna_XM_039450676.1_15025	798	599	0	0
lcl|NC_052669.1_ncrna_XR_005575019.1_15026	176	10.3458	0	0
lcl|NC_052669.1_mrna_XM_011168240.2_15027	1566	1367	0	0
lcl|NC_052669.1_mrna_XM_011175513.1_15028	1155	956	0	0
lcl|NC_052669.1_mrna_XM_011175506.2_15029	1131	932	0	0
lcl|NC_052669.1_mrna_XM_039451214.1_15030	717	518	0	0
lcl|NC_052669.1_mrna_XM_039450811.1_15031	2937	2738	0	0
lcl|NC_052669.1_mrna_XM_039450812.1_15032	933	734	0	0
lcl|NC_052669.1_mrna_XM_039450665.1_15033	1838	1639	0	0
lcl|NC_052669.1_mrna_XM_011171977.3_15034	1706	1507	0	0
lcl|NC_052669.1_mrna_XM_039450666.1_15035	1846	1647	2	0.341077
lcl|NC_052669.1_mrna_XM_011174251.3_15036	1694	1495	0	0
lcl|NC_052669.1_mrna_XM_039450667.1_15037	1644	1445	2	0.388757
lcl|NC_052669.1_mrna_XM_039450350.1_15038	1046	847	1	0.331614
lcl|NC_052669.1_mrna_XM_039450349.1_15039	1045	846	0	0
lcl|NC_052669.1_mrna_XM_026140643.2_15040	3063	2864	0	0
lcl|NC_052669.1_mrna_XM_026140644.2_15041	873	674	0	0
lcl|NC_052669.1_mrna_XM_039450348.1_15042	2464	2265	0	0
lcl|NC_052669.1_mrna_XM_039450353.1_15043	651	452	9.60071	5.96596
lcl|NC_052669.1_mrna_XM_039450352.1_15044	647	448	10.3993	6.51991
lcl|NC_052669.1_ncrna_XR_005574988.1_15045	4976	4777	0	0
lcl|NC_052669.1_ncrna_XR_005574986.1_15046	4728	4529	0	0
lcl|NC_052669.1_ncrna_XR_005574987.1_15047	4530	4331	15	0.972789
lcl|NC_052669.1_ncrna_XR_005574985.1_15048	4975	4776	0	0
lcl|NC_052669.1_mrna_XM_026136461.2_15049	1011	812	1	0.345907
lcl|NC_052669.1_mrna_XM_039450540.1_15050	655	456	0	0
lcl|NC_052669.1_mrna_XM_039450539.1_15051	657	458	0	0
lcl|NC_052669.1_miscrna_XR_005575007.1_15052	835	636	0	0
lcl|NC_052669.1_mrna_XM_039450537.1_15053	642	443	0	0
lcl|NC_052669.1_mrna_XM_039450856.1_15054	1456	1257	0	0
lcl|NC_052669.1_mrna_XM_039451098.1_15055	2210	2011	0	0
lcl|NC_052669.1_mrna_XM_039451097.1_15056	2361	2162	0	0
lcl|NC_052669.1_mrna_XM_039450813.1_15057	1125	926	0	0
lcl|NC_052669.1_mrna_XM_039451099.1_15058	2074	1875	0	0
lcl|NC_052669.1_mrna_XM_039451096.1_15059	2093	1894	0	0
lcl|NC_052669.1_mrna_XM_039451100.1_15060	2095	1896	0	0
lcl|NC_052669.1_mrna_XM_039451101.1_15061	1931	1732	0	0
lcl|NC_052669.1_mrna_XM_039451102.1_15062	1925	1726	0	0
lcl|NC_052669.1_mrna_XM_039450814.1_15063	7128	6929	3	0.121609
lcl|NC_052669.1_mrna_XM_039451095.1_15064	3105	2906	0	0
lcl|NC_052669.1_mrna_XM_039451103.1_15065	1718	1519	0	0
lcl|NC_052669.1_mrna_XM_039451094.1_15066	1910	1711	22.3664	3.67166
lcl|NC_052669.1_mrna_XM_026140293.2_15067	526	327	0	0
lcl|NC_052669.1_mrna_XM_026140292.2_15068	732	533	0	0
lcl|NC_052669.1_mrna_XM_039450397.1_15069	1756	1557	8.4543	1.52512
lcl|NC_052669.1_mrna_XM_039450385.1_15070	1884	1685	0	0
lcl|NC_052669.1_mrna_XM_039450382.1_15071	1950	1751	0	0
lcl|NC_052669.1_mrna_XM_039450387.1_15072	1901	1702	0	0
lcl|NC_052669.1_mrna_XM_039450389.1_15073	3475	3276	2.16071	0.185254
lcl|NC_052669.1_mrna_XM_039450390.1_15074	3466	3267	34.1145	2.93295
lcl|NC_052669.1_mrna_XM_039450391.1_15075	2723	2524	0	0
lcl|NC_052669.1_mrna_XM_039450388.1_15076	2675	2476	0	0
lcl|NC_052669.1_mrna_XM_039450393.1_15077	2651	2452	0	0
lcl|NC_052669.1_mrna_XM_039450392.1_15078	2640	2441	0	0
lcl|NC_052669.1_mrna_XM_039450394.1_15079	2596	2397	0	0
lcl|NC_052669.1_mrna_XM_039450383.1_15080	1525	1326	5.20418	1.10236
lcl|NC_052669.1_mrna_XM_039450384.1_15081	1383	1184	0	0
lcl|NC_052669.1_mrna_XM_039450386.1_15082	1314	1115	0	0
lcl|NC_052669.1_mrna_XM_039450396.1_15083	2174	1975	0	0
lcl|NC_052669.1_mrna_XM_039450398.1_15084	702	503	0	0
lcl|NC_052669.1_mrna_XM_039450399.1_15085	886	687	2.11759	0.865768
lcl|NC_052669.1_mrna_XM_039450815.1_15086	770	571	0	0
lcl|NC_052669.1_mrna_XM_039450521.1_15087	2517	2318	0	0
lcl|NC_052669.1_mrna_XM_039450523.1_15088	2448	2249	0.000151023	1.88612e-05
lcl|NC_052669.1_mrna_XM_039450522.1_15089	2493	2294	0	0
lcl|NC_052669.1_mrna_XM_039450524.1_15090	2424	2225	7.11969	0.898766
lcl|NC_052669.1_mrna_XM_039450525.1_15091	2295	2096	0	0
lcl|NC_052669.1_mrna_XM_039450526.1_15092	2226	2027	0	0
lcl|NC_052669.1_ncrna_XR_005575004.1_15093	576	377	0	0
lcl|NC_052669.1_mrna_XM_026140869.2_15094	2168	1969	326	46.5037
lcl|NC_052669.1_mrna_XM_039450816.1_15095	921	722	0	0
lcl|NC_052669.1_mrna_XM_011175530.2_15096	1023	824	0	0
lcl|NC_052669.1_mrna_XM_039450761.1_15097	833	634	0	0
lcl|NC_052669.1_mrna_XM_039450817.1_15098	2017	1818	0	0
lcl|NC_052669.1_mrna_XM_039450755.1_15099	5063	4864	5.50172	0.317703
lcl|NC_052669.1_mrna_XM_039450756.1_15100	1382	1183	0	0
lcl|NC_052669.1_miscrna_XR_005575043.1_15101	1181	982	0	0
lcl|NC_052669.1_mrna_XM_039450532.1_15102	905	706	269.525	107.228
lcl|NC_052669.1_mrna_XM_039450818.1_15103	2214	2015	0	0
lcl|NC_052669.1_mrna_XM_011168899.3_15104	2271	2072	79.3536	10.757
lcl|NC_052669.1_mrna_XM_026141097.2_15105	4800	4601	17.6464	1.07726
lcl|NC_052669.1_mrna_XM_011168903.3_15106	1363	1164	1931	465.956
lcl|NC_052669.1_mrna_XM_039451244.1_15107	3690	3491	0	0
lcl|NC_052669.1_mrna_XM_039451245.1_15108	3608	3409	0	0
lcl|NC_052669.1_mrna_XM_039451243.1_15109	3587	3388	25.2402	2.0925
lcl|NC_052669.1_mrna_XM_039451242.1_15110	3514	3315	101.76	8.62201
lcl|NC_052669.1_mrna_XM_039451246.1_15111	5472	5273	0	0
lcl|NC_052669.1_mrna_XM_039451247.1_15112	5339	5140	17	0.92897
lcl|NC_052669.1_mrna_XM_011166659.3_15113	2552	2353	1.83255	0.218751
lcl|NC_052669.1_miscrna_XR_850934.3_15114	2649	2450	0	0
lcl|NC_052669.1_mrna_XM_039450678.1_15115	1268	1069	0.167445	0.0439958
lcl|NC_052669.1_mrna_XM_011166654.3_15116	1362	1163	0	0
lcl|NC_052669.1_mrna_XM_011166656.3_15117	1366	1167	0	0
lcl|NC_052669.1_mrna_XM_011166657.3_15118	1361	1162	0	0
lcl|NC_052669.1_mrna_XM_011166653.3_15119	1364	1165	0	0
lcl|NC_052669.1_mrna_XM_039451249.1_15120	3808	3609	50.7577	3.9503
lcl|NC_052669.1_mrna_XM_039451250.1_15121	3908	3709	0	0
lcl|NC_052669.1_mrna_XM_039451251.1_15122	3511	3312	26.411	2.2398
lcl|NC_052669.1_mrna_XM_039451248.1_15123	3769	3570	0.299975	0.0236011
lcl|NC_052669.1_mrna_XM_039451252.1_15124	3404	3205	15.0577	1.31961
lcl|NC_052669.1_mrna_XM_011166665.1_15125	1011	812	0	0
lcl|NC_052669.1_mrna_XM_026139981.2_15126	3128	2929	43.5683	4.17798
lcl|NC_052669.1_mrna_XM_026139983.2_15127	3328	3129	79.8796	7.17044
lcl|NC_052669.1_mrna_XM_026139982.2_15128	3410	3211	20.0258	1.75173
lcl|NC_052669.1_ncrna_XR_005575010.1_15129	798	599	109.562	51.3746
lcl|NC_052669.1_ncrna_XR_005575011.1_15130	1167	968	155.529	45.1287
lcl|NC_052669.1_mrna_XM_026139986.2_15131	7246	7047	85	3.3879
lcl|NC_052669.1_mrna_XM_026139985.2_15132	6975	6776	0	0
lcl|NC_052669.1_mrna_XM_039450819.1_15133	522	323	15.3284	13.3294
lcl|NC_052669.1_mrna_XM_039450677.1_15134	452	253	17	18.8731
lcl|NC_052669.1_mrna_XM_039451357.1_15135	2738	2539	1	0.110625
lcl|NC_052669.1_ncrna_XR_005575144.1_15136	4644	4445	1	0.0631894
lcl|NC_052669.1_trna_15137	76	3.6135	0	0
lcl|NC_052669.1_mrna_XM_039450858.1_15138	2066	1867	0	0
lcl|NC_052669.1_mrna_XM_039450859.1_15139	1952	1753	0	0
lcl|NC_052669.1_mrna_XM_011169383.1_15140	444	245	0	0
lcl|NC_052669.1_mrna_XM_039450821.1_15141	1025	826	1	0.340044
lcl|NC_052669.1_mrna_XM_039450257.1_15142	1492	1293	59.4328	12.9105
lcl|NC_052669.1_mrna_XM_039450256.1_15143	2088	1889	381.088	56.6643
lcl|NC_052669.1_mrna_XM_026140607.2_15144	359	160	253	444.136
lcl|NC_052669.1_mrna_XM_011163619.3_15145	4121	3922	529	37.8847
lcl|NC_052669.1_miscrna_XR_005575024.1_15146	2035	1836	0	0
lcl|NC_052669.1_miscrna_XR_005575025.1_15147	2009	1810	0	0
lcl|NC_052669.1_mrna_XM_039450687.1_15148	1043	844	0	0
lcl|NC_052669.1_mrna_XM_039450688.1_15149	1025	826	7.1271	2.42353
lcl|NC_052669.1_mrna_XM_039450686.1_15150	1464	1265	4.97191	1.10395
lcl|NC_052669.1_mrna_XM_039451108.1_15151	2196	1997	0	0
lcl|NC_052669.1_mrna_XM_039451110.1_15152	2129	1930	0	0
lcl|NC_052669.1_mrna_XM_039451109.1_15153	2104	1905	0	0
lcl|NC_052669.1_mrna_XM_039451107.1_15154	3456	3257	340	29.3209
lcl|NC_052669.1_ncrna_XR_005575113.1_15155	945	746	0	0
lcl|NC_052669.1_mrna_XM_011167118.3_15156	1148	949	0	0
lcl|NC_052669.1_mrna_XM_039451113.1_15157	1249	1050	69.7353	18.6543
lcl|NC_052669.1_mrna_XM_039451114.1_15158	1104	905	0	0
lcl|NC_052669.1_mrna_XM_039451115.1_15159	1925	1726	0	0
lcl|NC_052669.1_mrna_XM_039451112.1_15160	4869	4670	4.66904	0.280819
lcl|NC_052669.1_mrna_XM_039451111.1_15161	6271	6072	4.33096	0.20034
lcl|NC_052669.1_mrna_XM_039451116.1_15162	853	654	48.2647	20.7285
lcl|NC_052669.1_mrna_XM_026141317.2_15163	3708	3509	0	0
lcl|NC_052669.1_mrna_XM_026141311.2_15164	3771	3572	0	0
lcl|NC_052669.1_mrna_XM_039450233.1_15165	4233	4034	5.27482	0.367272
lcl|NC_052669.1_mrna_XM_026141313.2_15166	3900	3701	11.1788	0.848379
lcl|NC_052669.1_mrna_XM_026141312.2_15167	3903	3704	10.2064	0.773961
lcl|NC_052669.1_mrna_XM_026141316.2_15168	3460	3261	108.503	9.34557
lcl|NC_052669.1_mrna_XM_026141315.2_15169	3463	3264	97.8372	8.41918
lcl|NC_052669.1_mrna_XM_011176156.3_15170	533	334	6.15102	5.17269
lcl|NC_052669.1_ncrna_XR_005575053.1_15171	239	41.1625	0.64527	4.40307
lcl|NC_052669.1_mrna_XM_039450545.1_15172	3354	3155	2.73829	0.243778
lcl|NC_052669.1_miscrna_XR_005575008.1_15173	4234	4035	0	0
lcl|NC_052669.1_miscrna_XR_005575009.1_15174	3342	3143	0	0
lcl|NC_052669.1_mrna_XM_026141679.2_15175	757	558	0	0
lcl|NC_052669.1_mrna_XM_039450984.1_15176	6767	6568	0	0
lcl|NC_052669.1_mrna_XM_039450985.1_15177	6767	6568	0	0
lcl|NC_052669.1_mrna_XM_026140338.2_15178	1965	1766	14	2.22665
lcl|NC_052669.1_mrna_XM_039450986.1_15179	1602	1403	8.36357e-06	1.67436e-06
lcl|NC_052669.1_mrna_XM_039450989.1_15180	23242	23043	31.4022	0.382769
lcl|NC_052669.1_mrna_XM_039450987.1_15181	23839	23640	39.5978	0.470478
lcl|NC_052669.1_mrna_XM_039450988.1_15182	24390	24191	0	0
lcl|NC_052669.1_mrna_XM_039450991.1_15183	22983	22784	0	0
lcl|NC_052669.1_mrna_XM_039450992.1_15184	22593	22394	0	0
lcl|NC_052669.1_mrna_XM_039450995.1_15185	1163	964	0	0
lcl|NC_052669.1_miscrna_XR_005575086.1_15186	1534	1335	0	0
lcl|NC_052669.1_mrna_XM_039450994.1_15187	1541	1342	0	0
lcl|NC_052669.1_mrna_XM_039450993.1_15188	21324	21125	0	0
lcl|NC_052669.1_mrna_XM_026138911.2_15189	987	788	0	0
lcl|NC_052669.1_mrna_XM_039450822.1_15190	1116	917	0	0
lcl|NC_052669.1_mrna_XM_026138906.2_15191	5281	5082	18.3948	1.01666
lcl|NC_052669.1_mrna_XM_039450440.1_15192	4414	4215	0	0
lcl|NC_052669.1_mrna_XM_039450439.1_15193	4649	4450	0	0
lcl|NC_052669.1_mrna_XM_039450441.1_15194	1617	1418	2.60669	0.516332
lcl|NC_052669.1_mrna_XM_039450372.1_15195	13674	13475	5.01515	0.104537
lcl|NC_052669.1_mrna_XM_039450370.1_15196	15052	14853	0	0
lcl|NC_052669.1_mrna_XM_039450369.1_15197	16290	16091	0	0
lcl|NC_052669.1_mrna_XM_039450366.1_15198	16466	16267	0	0
lcl|NC_052669.1_mrna_XM_039450368.1_15199	16463	16264	25.6643	0.443218
lcl|NC_052669.1_mrna_XM_039450371.1_15200	14170	13971	97.3206	1.95656
lcl|NC_052669.1_mrna_XM_039450823.1_15201	760	561	1	0.500671
lcl|NC_052669.1_mrna_XM_039450365.1_15202	56357	56158	260.382	1.30231
lcl|NC_052669.1_ncrna_XR_005574989.1_15203	937	738	1	0.380592
lcl|NC_052669.1_mrna_XM_039450824.1_15204	1680	1481	0	0
lcl|NC_052669.1_mrna_XM_039450381.1_15205	1659	1460	0	0
lcl|NC_052669.1_mrna_XM_026138907.2_15206	846	647	0	0
lcl|NC_052669.1_mrna_XM_011173236.3_15207	567	368	0	0
lcl|NC_052669.1_mrna_XM_039450825.1_15208	609	410	0	0
lcl|NC_052669.1_mrna_XM_039450378.1_15209	2349	2150	0	0
lcl|NC_052669.1_mrna_XM_039450377.1_15210	2463	2264	0	0
lcl|NC_052669.1_mrna_XM_039450376.1_15211	2162	1963	1.16039	0.166035
lcl|NC_052669.1_mrna_XM_039450379.1_15212	1490	1291	0	0
lcl|NC_052669.1_mrna_XM_039450375.1_15213	1518	1319	0	0
lcl|NC_052669.1_mrna_XM_039450380.1_15214	1511	1312	0	0
lcl|NC_052669.1_mrna_XM_039450374.1_15215	4692	4493	0	0
lcl|NC_052669.1_mrna_XM_039450826.1_15216	2226	2027	0	0
lcl|NC_052669.1_mrna_XM_039450827.1_15217	741	542	0	0
lcl|NC_052669.1_mrna_XM_011168243.3_15218	1590	1391	0	0
lcl|NC_052669.1_mrna_XM_039450830.1_15219	2037	1838	0	0
lcl|NC_052669.1_mrna_XM_039450417.1_15220	720	521	0	0
lcl|NC_052669.1_mrna_XM_039450418.1_15221	4539	4340	0	0
lcl|NC_052669.1_mrna_XM_039450414.1_15222	2611	2412	0	0
lcl|NC_052669.1_mrna_XM_039450415.1_15223	3323	3124	0	0
lcl|NC_052669.1_mrna_XM_039450413.1_15224	4302	4103	0	0
lcl|NC_052669.1_mrna_XM_039450416.1_15225	1181	982	0	0
lcl|NC_052669.1_mrna_XM_011163342.3_15226	1299	1100	0	0
lcl|NC_052669.1_miscrna_XR_005574992.1_15227	1542	1343	0	0
lcl|NC_052669.1_mrna_XM_039450831.1_15228	699	500	0	0
lcl|NC_052669.1_mrna_XM_039450832.1_15229	4626	4427	0	0
lcl|NC_052669.1_mrna_XM_039450799.1_15230	5295	5096	0	0
lcl|NC_052669.1_mrna_XM_011174731.3_15231	764	565	4.01828	1.99759
lcl|NC_052669.1_mrna_XM_039450361.1_15232	1486	1287	2.80234	0.611586
lcl|NC_052669.1_mrna_XM_039450362.1_15233	1689	1490	0	0
lcl|NC_052669.1_mrna_XM_026141717.2_15234	4939	4740	112.135	6.64474
lcl|NC_052669.1_mrna_XM_039450363.1_15235	1118	919	270	82.5209
lcl|NC_052669.1_mrna_XM_039450364.1_15236	1038	839	0	0
lcl|NC_052669.1_mrna_XM_011163365.3_15237	589	390	1581	1138.63
lcl|NC_052669.1_mrna_XM_039450833.1_15238	870	671	0	0
lcl|NC_052669.1_mrna_XM_011168012.3_15239	1530	1331	530	111.844
lcl|NC_052669.1_mrna_XM_011168015.2_15240	894	695	81.0605	32.7597
lcl|NC_052669.1_mrna_XM_039450854.1_15241	885	686	8.93946	3.66018
lcl|NC_052669.1_mrna_XM_026134113.1_15242	876	677	0	0
lcl|NC_052669.1_mrna_XM_026134156.2_15243	1845	1646	360	61.4311
lcl|NC_052669.1_ncrna_XR_005575084.1_15244	2437	2238	0	0
lcl|NC_052669.1_ncrna_XR_005575085.1_15245	2174	1975	5.24614	0.746085
lcl|NC_052669.1_mrna_XM_011166150.3_15246	2505	2306	7	0.852618
lcl|NC_052669.1_mrna_XM_026140676.2_15247	1844	1645	224.835	38.3896
lcl|NC_052669.1_ncrna_XR_850917.3_15248	456	257	3.16533	3.4594
lcl|NC_052669.1_mrna_XM_011166159.3_15249	1798	1599	474.786	83.3999
lcl|NC_052669.1_mrna_XM_026140677.2_15250	1698	1499	9.21379	1.72644
lcl|NC_052669.1_mrna_XM_011166155.3_15251	5067	4868	0.00245555	0.000141682
lcl|NC_052669.1_mrna_XM_011166156.3_15252	5164	4965	8.0941	0.457894
lcl|NC_052669.1_mrna_XM_026140675.2_15253	5197	4998	62.9871	3.53974
lcl|NC_052669.1_mrna_XM_011166152.3_15254	5496	5297	178.171	9.44761
lcl|NC_052669.1_mrna_XM_011166158.3_15255	5184	4985	7.30278	0.411471
lcl|NC_052669.1_mrna_XM_039451178.1_15256	5587	5388	0.0953581	0.00497103
lcl|NC_052669.1_mrna_XM_011166153.3_15257	5527	5328	30.3475	1.59983
lcl|NC_052669.1_mrna_XM_039451180.1_15258	5436	5237	219.973	11.7979
lcl|NC_052669.1_mrna_XM_039451181.1_15259	5221	5022	0	0
lcl|NC_052669.1_mrna_XM_039451183.1_15260	5652	5453	32.3518	1.6664
lcl|NC_052669.1_mrna_XM_039451184.1_15261	5576	5377	58.0964	3.03476
lcl|NC_052669.1_mrna_XM_039451185.1_15262	5497	5298	0	0
lcl|NC_052669.1_mrna_XM_039451187.1_15263	5348	5149	0	0
lcl|NC_052669.1_mrna_XM_039451186.1_15264	4647	4448	31.5786	1.99408
lcl|NC_052669.1_mrna_XM_039451182.1_15265	5908	5709	0	0
lcl|NC_052669.1_mrna_XM_039450339.1_15266	3146	2947	76.7074	7.31093
lcl|NC_052669.1_mrna_XM_039450340.1_15267	1483	1284	6.57881	1.43912
lcl|NC_052669.1_mrna_XM_039450342.1_15268	759	560	36.3592	18.2365
lcl|NC_052669.1_mrna_XM_039450343.1_15269	773	574	48.683	23.8222
lcl|NC_052669.1_mrna_XM_039450341.1_15270	860	661	321.672	136.687
lcl|NC_052669.1_ncrna_XR_005574984.1_15271	345	146	0	0
lcl|NC_052669.1_ncrna_XR_005574981.1_15272	816	617	0	0
lcl|NC_052669.1_ncrna_XR_005574982.1_15273	877	678	0	0
lcl|NC_052669.1_ncrna_XR_005574980.1_15274	981	782	0	0
lcl|NC_052669.1_ncrna_XR_005574983.1_15275	678	479	0	0
lcl|NC_052669.1_mrna_XM_011172332.2_15276	393	194	0	0
lcl|NC_052669.1_mrna_XM_011172331.1_15277	987	788	0	0
lcl|NC_052669.1_miscrna_XR_005575026.1_15278	2789	2590	4	0.433786
lcl|NC_052669.1_mrna_XM_039450689.1_15279	3176	2977	0	0
lcl|NC_052669.1_mrna_XM_039451229.1_15280	2565	2366	0	0
lcl|NC_052669.1_mrna_XM_039450541.1_15281	2743	2544	0.543704	0.060029
lcl|NC_052669.1_mrna_XM_039450542.1_15282	1364	1165	0	0
lcl|NC_052669.1_mrna_XM_039450543.1_15283	1361	1162	0	0
lcl|NC_052669.1_mrna_XM_039450544.1_15284	1349	1150	0	0
lcl|NC_052669.1_mrna_XM_039450835.1_15285	2412	2213	0	0
lcl|NC_052669.1_mrna_XM_039450434.1_15286	1771	1572	0	0
lcl|NC_052669.1_mrna_XM_039450433.1_15287	1726	1527	0	0
lcl|NC_052669.1_mrna_XM_039450435.1_15288	1367	1168	0	0
lcl|NC_052669.1_miscrna_XR_005574993.1_15289	2618	2419	0	0
lcl|NC_052669.1_mrna_XM_039450432.1_15290	3785	3586	0	0
lcl|NC_052669.1_mrna_XM_039450431.1_15291	3724	3525	0	0
lcl|NC_052669.1_mrna_XM_039450436.1_15292	2387	2188	2	0.256743
lcl|NC_052669.1_mrna_XM_039450837.1_15293	885	686	5	2.04721
lcl|NC_052669.1_mrna_XM_039450437.1_15294	604	405	0	0
lcl|NC_052669.1_mrna_XM_039450838.1_15295	4284	4085	0	0
lcl|NC_052669.1_ncrna_XR_005574994.1_15296	294	95.0001	14.1256	41.7637
lcl|NC_052669.1_mrna_XM_039450839.1_15297	363	164	0	0
lcl|NC_052669.1_mrna_XM_011172964.3_15298	1876	1677	159.053	26.6393
lcl|NC_052669.1_mrna_XM_011172961.3_15299	2078	1879	700.133	104.657
lcl|NC_052669.1_mrna_XM_011172963.3_15300	1882	1683	428.976	71.5921
lcl|NC_052669.1_mrna_XM_039450407.1_15301	2003	1804	718.388	111.851
lcl|NC_052669.1_mrna_XM_011172965.3_15302	4131	3932	202	14.4296
lcl|NC_052669.1_mrna_XM_026134775.2_15303	811	612	18.9793	8.71053
lcl|NC_052669.1_mrna_XM_039450146.1_15304	799	600	4.02069	1.8822
lcl|NC_052669.1_mrna_NM_001304586.1_15305	745	546	0	0
lcl|NC_052669.1_mrna_XM_011172969.3_15306	692	493	2	1.13946
lcl|NC_052669.1_mrna_XM_039450840.1_15307	7816	7617	748.24	27.5913
lcl|NC_052669.1_mrna_XM_011172970.3_15308	1433	1234	1006.76	229.154
lcl|NC_052669.1_trna_15309	73	3.5471	0	0
lcl|NC_052669.1_trna_15310	72	3.52559	0	0
lcl|NC_052669.1_trna_15311	82	3.75521	0	0
lcl|NC_052669.1_mrna_XM_011172973.3_15312	2229	2030	16	2.21381
lcl|NC_052669.1_mrna_XM_011172975.3_15313	862	663	0	0
lcl|NC_052669.1_mrna_XM_011172976.2_15314	1834	1635	0	0
lcl|NC_052669.1_ncrna_XR_005574974.1_15315	934	735	1	0.382145
lcl|NC_052669.1_mrna_XM_011172977.3_15316	5721	5522	0	0
lcl|NC_052669.1_mrna_XM_011172979.3_15317	5544	5345	120	6.30593
lcl|NC_052669.1_mrna_XM_039450324.1_15318	3382	3183	0	0
lcl|NC_052669.1_mrna_XM_011172980.3_15319	933	734	619	236.87
lcl|NC_052669.1_mrna_XM_011172982.3_15320	7908	7709	3842.52	140.002
lcl|NC_052669.1_mrna_XM_039450632.1_15321	7908	7709	204.727	7.45921
lcl|NC_052669.1_mrna_XM_011172984.3_15322	7925	7726	188.514	6.85337
lcl|NC_052669.1_mrna_XM_011172983.3_15323	8144	7945	3802.24	134.419
lcl|NC_052669.1_mrna_XM_011172987.3_15324	5747	5548	0	0
lcl|NC_052669.1_mrna_XM_026134778.2_15325	5699	5500	147.048	7.50951
lcl|NC_052669.1_mrna_XM_011172986.3_15326	5746	5547	0	0
lcl|NC_052669.1_mrna_XM_011172988.3_15327	5725	5526	0	0
lcl|NC_052669.1_mrna_XM_011172989.3_15328	5698	5499	0	0
lcl|NC_052669.1_mrna_XM_039450630.1_15329	5503	5304	41.9564	2.22183
lcl|NC_052669.1_mrna_XM_039450629.1_15330	5611	5412	44.9958	2.33523
lcl|NC_052669.1_mrna_XM_011172992.3_15331	2524	2325	502.206	60.6701
lcl|NC_052669.1_mrna_XM_026134782.2_15332	2575	2376	158.794	18.7716
lcl|NC_052669.1_mrna_XM_011172993.3_15333	6548	6349	492	21.7658
lcl|NC_052669.1_mrna_XM_039450633.1_15334	3725	3526	11	0.876246
lcl|NC_052669.1_mrna_XM_039450634.1_15335	5945	5746	0	0
lcl|NC_052669.1_mrna_XM_011172995.3_15336	9794	9595	5.00591	0.146539
lcl|NC_052669.1_ncrna_XR_005574968.1_15337	1903	1704	105	17.3075
lcl|NC_052669.1_mrna_XM_011172996.3_15338	4252	4053	276.844	19.1856
lcl|NC_052669.1_mrna_XM_039451215.1_15339	3886	3687	561.287	42.759
lcl|NC_052669.1_mrna_XM_011172998.3_15340	4122	3923	49.8686	3.57047
lcl|NC_052669.1_mrna_XM_011173002.3_15341	4417	4218	21.2778	1.41689
lcl|NC_052669.1_mrna_XM_011173001.3_15342	4500	4301	152.915	9.98613
lcl|NC_052669.1_mrna_XM_011173000.3_15343	4281	4082	253.807	17.4641
lcl|NC_052669.1_mrna_XM_011173178.1_15344	1101	902	58	18.0608
lcl|NC_052669.1_mrna_XM_011172999.3_15345	1368	1169	1419	340.944
lcl|NC_052669.1_mrna_XM_011173003.3_15346	4487	4288	2	0.131006
lcl|NC_052669.1_mrna_XM_039451218.1_15347	5115	4916	0	0
lcl|NC_052669.1_mrna_XM_039451219.1_15348	4885	4686	0	0
lcl|NC_052669.1_miscrna_XR_005575122.1_15349	5331	5132	0	0
lcl|NC_052669.1_mrna_XM_039451216.1_15350	5740	5541	14.8325	0.751867
lcl|NC_052669.1_mrna_XM_011173007.3_15351	9199	9000	0	0
lcl|NC_052669.1_ncrna_XR_003268684.2_15352	1266	1067	4	1.05296
lcl|NC_052669.1_mrna_XM_026134795.2_15353	5934	5735	210.844	10.3263
lcl|NC_052669.1_mrna_XM_011173006.3_15354	4477	4278	499.323	32.7836
lcl|NC_052669.1_mrna_XM_011173008.3_15355	5026	4827	0	0
lcl|NC_052669.1_miscrna_XR_005574995.1_15356	3844	3645	47.0474	3.62539
lcl|NC_052669.1_mrna_XM_011177587.3_15357	650	451	0	0
lcl|NC_052669.1_mrna_XM_039450321.1_15358	2384	2185	0	0
lcl|NC_052669.1_mrna_XM_011173014.3_15359	2553	2354	30.5732	3.64796
lcl|NC_052669.1_mrna_XM_026134789.2_15360	2598	2399	1.29846e-07	1.52024e-08
lcl|NC_052669.1_mrna_XM_026134788.2_15361	2601	2402	8.93443e-07	1.04474e-07
lcl|NC_052669.1_mrna_XM_011173013.3_15362	2601	2402	200.052	23.393
lcl|NC_052669.1_mrna_XM_039450322.1_15363	2279	2080	81.375	10.9886
lcl|NC_052669.1_mrna_XM_011173012.3_15364	2754	2555	555.663	61.0852
lcl|NC_052669.1_mrna_XM_039450323.1_15365	2642	2443	15.337	1.76332
lcl|NC_052669.1_mrna_XM_039450318.1_15366	3819	3620	0	0
lcl|NC_052669.1_mrna_XM_039450316.1_15367	3846	3647	124.985	9.6258
lcl|NC_052669.1_mrna_XM_039450317.1_15368	3148	2949	0	0
lcl|NC_052669.1_mrna_XM_026134786.2_15369	2853	2654	5.75105	0.608642
lcl|NC_052669.1_mrna_XM_039450319.1_15370	2592	2393	0.0269664	0.00316517
lcl|NC_052669.1_miscrna_XR_005574973.1_15371	2581	2382	0	0
lcl|NC_052669.1_mrna_XM_039450320.1_15372	2255	2056	0	0
lcl|NC_052669.1_mrna_XM_011173017.3_15373	1018	819	3171.98	1087.83
lcl|NC_052669.1_mrna_XM_039450571.1_15374	965	766	156.942	57.5474
lcl|NC_052669.1_mrna_XM_039450570.1_15375	1001	802	143.809	50.3647
lcl|NC_052669.1_mrna_XM_026134812.2_15376	981	782	186.265	66.9021
lcl|NC_052669.1_mrna_XM_039450569.1_15377	1475	1276	19.5585	4.30528
lcl|NC_052669.1_mrna_XM_039450568.1_15378	1556	1357	16.4415	3.40312
lcl|NC_052669.1_miscrna_XR_003268687.2_15379	1776	1577	0	0
lcl|NC_052669.1_miscrna_XR_851194.3_15380	1779	1580	36.7243	6.52848
lcl|NC_052669.1_mrna_XM_011173019.3_15381	1375	1176	691.276	165.105
lcl|NC_052669.1_mrna_XM_039450575.1_15382	1334	1135	224	55.4329
lcl|NC_052669.1_mrna_XM_011173022.3_15383	2639	2440	17868	2056.85
lcl|NC_052669.1_mrna_XM_011173050.3_15384	4794	4595	1556.74	95.1583
lcl|NC_052669.1_mrna_XM_011173048.3_15385	2149	1950	785.259	113.108
lcl|NC_052669.1_mrna_XM_011173046.3_15386	3655	3456	323	26.2509
lcl|NC_052669.1_mrna_XM_039450548.1_15387	9274	9075	1.41459e-06	4.37824e-08
lcl|NC_052669.1_mrna_XM_039450552.1_15388	8541	8342	0	0
lcl|NC_052669.1_mrna_XM_039450546.1_15389	9294	9095	0	0
lcl|NC_052669.1_mrna_XM_039450550.1_15390	9245	9046	7.88013	0.244677
lcl|NC_052669.1_mrna_XM_039450553.1_15391	8208	8009	11.2469	0.394431
lcl|NC_052669.1_mrna_XM_026134846.2_15392	9194	8995	0	0
lcl|NC_052669.1_mrna_XM_026134850.2_15393	4096	3897	0	0
lcl|NC_052669.1_mrna_XM_026134848.2_15394	5299	5100	38.3774	2.11359
lcl|NC_052669.1_mrna_XM_026134853.2_15395	4065	3866	168.458	12.239
lcl|NC_052669.1_mrna_XM_039450547.1_15396	8815	8616	64.1015	2.08967
lcl|NC_052669.1_mrna_XM_039450549.1_15397	2709	2510	20.499	2.2939
lcl|NC_052669.1_mrna_XM_039450551.1_15398	7645	7446	1.4375	0.0542251
lcl|NC_052669.1_mrna_XM_011173036.3_15399	1391	1192	847	199.583
lcl|NC_052669.1_mrna_XM_011173034.3_15400	6634	6435	135	5.89252
lcl|NC_052669.1_mrna_XM_026134844.2_15401	6525	6326	0	0
lcl|NC_052669.1_mrna_XM_026134845.2_15402	6383	6184	0	0
lcl|NC_052669.1_mrna_XM_011173033.3_15403	3441	3242	82	7.10422
lcl|NC_052669.1_mrna_XM_026134829.2_15404	4345	4146	4.95143	0.335442
lcl|NC_052669.1_mrna_XM_026134828.2_15405	1833	1634	14.0486	2.41488
lcl|NC_052669.1_mrna_XM_039450563.1_15406	6191	5992	0	0
lcl|NC_052669.1_mrna_XM_039450560.1_15407	6224	6025	0	0
lcl|NC_052669.1_mrna_XM_039450564.1_15408	6179	5980	0	0
lcl|NC_052669.1_mrna_XM_039450562.1_15409	6206	6007	0	0
lcl|NC_052669.1_mrna_XM_039450565.1_15410	6161	5962	0	0
lcl|NC_052669.1_mrna_XM_039450559.1_15411	6120	5921	0	0
lcl|NC_052669.1_mrna_XM_039450561.1_15412	2776	2577	1.34611	0.146718
lcl|NC_052669.1_mrna_XM_039450566.1_15413	5956	5757	9.6255e-08	4.69616e-09
lcl|NC_052669.1_mrna_XM_011173023.3_15414	5967	5768	0.00847564	0.000412727
lcl|NC_052669.1_mrna_XM_011173025.3_15415	5915	5716	74.6454	3.66798
lcl|NC_052669.1_mrna_XM_011173054.3_15416	1646	1447	62.161	12.0661
lcl|NC_052669.1_mrna_XM_039450555.1_15417	1664	1465	1.4575	0.279438
lcl|NC_052669.1_mrna_XM_039450557.1_15418	1675	1476	3.08611e-07	5.87275e-08
lcl|NC_052669.1_mrna_XM_039450558.1_15419	1651	1452	4.27083	0.826155
lcl|NC_052669.1_mrna_XM_039450554.1_15420	1884	1685	246.924	41.1604
lcl|NC_052669.1_mrna_XM_011173052.3_15421	1671	1472	1228	234.318
lcl|NC_052669.1_mrna_XM_011173051.3_15422	1578	1379	410.469	83.6049
lcl|NC_052669.1_mrna_XM_011173056.3_15423	1693	1494	41.1377	7.73401
lcl|NC_052669.1_mrna_XM_026134830.2_15424	733	534	1	0.525986
lcl|NC_052669.1_mrna_XM_011173055.3_15425	1948	1749	42.8098	6.87494
lcl|NC_052669.1_mrna_XM_011173065.3_15426	1645	1446	23.0764	4.48246
lcl|NC_052669.1_mrna_XM_039450573.1_15427	1660	1461	106.208	20.4184
lcl|NC_052669.1_mrna_XM_039450572.1_15428	1741	1542	420.769	76.6434
lcl|NC_052669.1_mrna_XM_011173067.3_15429	2200	2001	532	74.6759
lcl|NC_052669.1_mrna_XM_011173068.3_15430	771	572	453	222.443
lcl|NC_052669.1_mrna_XM_026134871.2_15431	9430	9231	2.34354	0.0713081
lcl|NC_052669.1_mrna_XM_011173073.3_15432	674	475	0	0
lcl|NC_052669.1_mrna_XM_026134872.2_15433	9964	9765	2.49914e-06	7.18844e-08
lcl|NC_052669.1_mrna_XM_026134874.2_15434	9821	9622	6.66664	0.194606
lcl|NC_052669.1_mrna_XM_026134875.2_15435	9275	9076	0	0
lcl|NC_052669.1_mrna_XM_026134863.2_15436	10522	10323	0	0
lcl|NC_052669.1_mrna_XM_026134864.2_15437	9964	9765	2.18314	0.062795
lcl|NC_052669.1_ncrna_XR_005575045.1_15438	5821	5622	0	0
lcl|NC_052669.1_mrna_XM_039450764.1_15439	9027	8828	0	0
lcl|NC_052669.1_mrna_XM_026134878.2_15440	8754	8555	0	0
lcl|NC_052669.1_mrna_XM_039450765.1_15441	8494	8295	0	0
lcl|NC_052669.1_mrna_XM_026134879.2_15442	10996	10797	9.80669	0.255114
lcl|NC_052669.1_mrna_XM_039450767.1_15443	2144	1945	382	55.1645
lcl|NC_052669.1_mrna_XM_011173074.3_15444	3806	3607	111.989	8.72058
lcl|NC_052669.1_mrna_XM_039450766.1_15445	3538	3339	0.010859	0.00091346
lcl|NC_052669.1_trna_15446	74	3.56892	0	0
lcl|NC_052669.1_trna_15447	72	3.52559	0	0
lcl|NC_052669.1_mrna_XM_011173078.3_15448	2213	2014	1341	187.019
lcl|NC_052669.1_mrna_XM_011173080.3_15449	6214	6015	676.244	31.5779
lcl|NC_052669.1_mrna_XM_011173079.3_15450	6077	5878	915.756	43.7589
lcl|NC_052669.1_mrna_XM_026134799.2_15451	9645	9446	2.13582e-07	6.35085e-09
lcl|NC_052669.1_mrna_XM_026134798.2_15452	9672	9473	62.4246	1.8509
lcl|NC_052669.1_mrna_XM_026134801.2_15453	9624	9425	1.99089e-06	5.93309e-08
lcl|NC_052669.1_mrna_XM_026134797.2_15454	8986	8787	120.775	3.86057
lcl|NC_052669.1_ncrna_XR_005575105.1_15455	1126	927	115.801	35.0871
lcl|NC_052669.1_mrna_XM_011173081.3_15456	16229	16030	77	1.34919
lcl|NC_052669.1_mrna_XM_011173082.3_15457	16125	15926	0	0
lcl|NC_052669.1_mrna_XM_039451065.1_15458	16113	15914	0	0
lcl|NC_052669.1_mrna_XM_011173083.3_15459	651	452	2	1.24282
lcl|NC_052669.1_mrna_XM_011173085.3_15460	2725	2526	408	45.3673
lcl|NC_052669.1_mrna_XM_039451070.1_15461	2168	1969	0	0
lcl|NC_052669.1_mrna_XM_039451074.1_15462	668	469	0	0
lcl|NC_052669.1_mrna_XM_026134802.2_15463	7629	7430	16.2781	0.615363
lcl|NC_052669.1_mrna_XM_039451067.1_15464	3182	2983	0	0
lcl|NC_052669.1_mrna_XM_026134808.2_15465	2934	2735	0	0
lcl|NC_052669.1_mrna_XM_039451066.1_15466	3181	2982	0	0
lcl|NC_052669.1_mrna_XM_026134807.2_15467	2667	2468	3	0.341422
lcl|NC_052669.1_mrna_XM_039451068.1_15468	3169	2970	0	0
lcl|NC_052669.1_mrna_XM_011173087.3_15469	1974	1775	0	0
lcl|NC_052669.1_mrna_XM_039451071.1_15470	1922	1723	0	0
lcl|NC_052669.1_mrna_XM_026134803.2_15471	6632	6433	0.182186	0.00795457
lcl|NC_052669.1_mrna_XM_011173091.3_15472	6613	6414	3.53968	0.155007
lcl|NC_052669.1_ncrna_XR_003268686.2_15473	2844	2645	0	0
lcl|NC_052669.1_ncrna_XR_005575107.1_15474	2218	2019	0	0
lcl|NC_052669.1_ncrna_XR_005575106.1_15475	2113	1914	1	0.146749
lcl|NC_052669.1_mrna_XM_039451072.1_15476	685	486	0	0
lcl|NC_052669.1_mrna_XM_039451073.1_15477	706	507	0	0
lcl|NC_052669.1_mrna_XM_039451069.1_15478	2363	2164	0	0
lcl|NC_052669.1_mrna_XM_011173184.3_15479	2371	2172	0	0
lcl|NC_052669.1_mrna_XM_026134857.2_15480	3674	3475	0	0
lcl|NC_052669.1_mrna_XM_011173092.3_15481	883	684	3	1.23192
lcl|NC_052669.1_mrna_XM_011173185.1_15482	1900	1701	0	0
lcl|NC_052669.1_mrna_XM_039450617.1_15483	2087	1888	0	0
lcl|NC_052669.1_mrna_XM_011173093.3_15484	1863	1664	0	0
lcl|NC_052669.1_mrna_XM_039450615.1_15485	8604	8405	0	0
lcl|NC_052669.1_mrna_XM_039450616.1_15486	3101	2902	29.8151	2.88572
lcl|NC_052669.1_mrna_XM_011173094.3_15487	2225	2026	6.18493	0.857455
lcl|NC_052669.1_mrna_XM_011173096.3_15488	7714	7515	55	2.05565
lcl|NC_052669.1_ncrna_XR_005575134.1_15489	3126	2927	0	0
lcl|NC_052669.1_ncrna_XR_005575023.1_15490	1354	1155	6	1.4591
lcl|NC_052669.1_mrna_XM_011173103.3_15491	804	605	139	64.532
lcl|NC_052669.1_mrna_XM_026134836.2_15492	2629	2430	7.76279	0.897278
lcl|NC_052669.1_mrna_XM_026134837.2_15493	2316	2117	0.31567	0.0418821
lcl|NC_052669.1_mrna_XM_039450786.1_15494	2418	2219	0	0
lcl|NC_052669.1_mrna_XM_011173098.3_15495	3239	3040	14.6154	1.35037
lcl|NC_052669.1_mrna_XM_026134839.2_15496	3031	2832	218.306	21.6515
lcl|NC_052669.1_mrna_XM_011173106.3_15497	2194	1995	46.7608	6.58347
lcl|NC_052669.1_mrna_XM_011173107.3_15498	2137	1938	205.239	29.7456
lcl|NC_052669.1_mrna_XM_039450783.1_15499	4430	4231	27.9746	1.85711
lcl|NC_052669.1_mrna_XM_011173109.3_15500	4956	4757	124.393	7.34476
lcl|NC_052669.1_mrna_XM_039450782.1_15501	5198	4999	0	0
lcl|NC_052669.1_mrna_XM_011173110.3_15502	4968	4769	37.6326	2.21642
lcl|NC_052669.1_mrna_XM_011173114.3_15503	1751	1552	297.672	53.8718
lcl|NC_052669.1_mrna_XM_011173113.3_15504	1861	1662	1251.33	211.474
lcl|NC_052669.1_mrna_XM_039450787.1_15505	1798	1599	37.3703	6.56439
lcl|NC_052669.1_mrna_XM_039450784.1_15506	3899	3700	0.0970216	0.00736517
lcl|NC_052669.1_mrna_XM_011173119.3_15507	3806	3607	653.603	50.896
lcl|NC_052669.1_mrna_XM_039450785.1_15508	3544	3345	82.9435	6.96469
lcl|NC_052669.1_mrna_XM_011173118.3_15509	2859	2660	384.316	40.581
lcl|NC_052669.1_mrna_XM_039450789.1_15510	2563	2364	0	0
lcl|NC_052669.1_mrna_XM_011173117.3_15511	2058	1859	17.2079	2.59995
lcl|NC_052669.1_mrna_XM_026134840.2_15512	2139	1940	6.68267	0.967529
lcl|NC_052669.1_mrna_XM_011173116.3_15513	2743	2544	0	0
lcl|NC_052669.1_mrna_XM_039450788.1_15514	1784	1585	0	0
lcl|NC_052669.1_mrna_XM_026134834.2_15515	3272	3073	3.85955	0.352769
lcl|NC_052669.1_mrna_XM_026134835.2_15516	3263	3064	73.1404	6.70478
lcl|NC_052669.1_mrna_XM_011173122.3_15517	2036	1837	1028	157.181
lcl|NC_052669.1_mrna_XM_011165773.3_15518	5142	4943	160.945	9.14537
lcl|NC_052669.1_mrna_XM_026134792.2_15519	2520	2321	1609	194.714
lcl|NC_052669.1_mrna_XM_039450793.1_15520	835	636	7.79794	3.44381
lcl|NC_052669.1_mrna_XM_011173123.3_15521	887	688	566.637	231.33
lcl|NC_052669.1_mrna_XM_026134790.2_15522	4066	3867	51.5653	3.74541
lcl|NC_052669.1_mrna_XM_039450790.1_15523	1561	1362	0	0
lcl|NC_052669.1_mrna_XM_011173125.3_15524	1152	953	4	1.17892
lcl|NC_052669.1_mrna_XM_039450791.1_15525	1491	1292	6.76371	1.47041
lcl|NC_052669.1_mrna_XM_039450792.1_15526	1000	801	3.90449	1.36914
lcl|NC_052669.1_mrna_XM_011173127.3_15527	1544	1345	0	0
lcl|NC_052669.1_mrna_XM_026134859.2_15528	1618	1419	101.628	20.1162
lcl|NC_052669.1_mrna_XM_011173129.3_15529	1692	1493	186.704	35.1245
lcl|NC_052669.1_mrna_XM_011173130.3_15530	1552	1353	1320.87	274.207
lcl|NC_052669.1_ncrna_XR_005575050.1_15531	2845	2646	2659.83	282.345
lcl|NC_052669.1_ncrna_XR_851196.3_15532	2952	2753	2509.63	256.046
lcl|NC_052669.1_mrna_XM_011173131.2_15533	940	741	7	2.65336
lcl|NC_052669.1_mrna_XM_011173136.3_15534	2834	2635	203	21.6387
lcl|NC_052669.1_mrna_XM_039450259.1_15535	1658	1459	348.081	67.0101
lcl|NC_052669.1_mrna_XM_039450258.1_15536	1575	1376	71.9823	14.6934
lcl|NC_052669.1_mrna_XM_039450260.1_15537	1210	1011	1.937	0.538139
lcl|NC_052669.1_mrna_XM_011173137.3_15538	3056	2857	0	0
lcl|NC_052669.1_miscrna_XR_005575044.1_15539	2963	2764	0	0
lcl|NC_052669.1_trna_15540	72	3.52559	0	0
lcl|NC_052669.1_ncrna_XR_005575110.1_15541	1352	1153	0.702532	0.17114
lcl|NC_052669.1_ncrna_XR_005575109.1_15542	2142	1943	12.2975	1.7777
lcl|NC_052669.1_trna_15543	73	3.5471	0	0
lcl|NC_052669.1_mrna_XM_039451075.1_15544	7374	7175	23.3164	0.912759
lcl|NC_052669.1_mrna_XM_011173142.3_15545	9002	8803	5.40879	0.172578
lcl|NC_052669.1_miscrna_XR_003269145.2_15546	7805	7606	0	0
lcl|NC_052669.1_mrna_XM_011173143.3_15547	7791	7592	0	0
lcl|NC_052669.1_mrna_XM_011173145.3_15548	7488	7289	3.17015e-06	1.22159e-07
lcl|NC_052669.1_mrna_XM_011173140.3_15549	7375	7176	20.2748	0.793577
lcl|NC_052669.1_mrna_XM_039451089.1_15550	2167	1968	1	0.142722
lcl|NC_052669.1_mrna_XM_039451087.1_15551	1593	1394	0	0
lcl|NC_052669.1_mrna_XM_039451086.1_15552	1662	1463	0	0
lcl|NC_052669.1_mrna_XM_039451088.1_15553	1412	1213	2.71751	0.629254
lcl|NC_052669.1_ncrna_XR_851199.3_15554	1320	1121	10.9056	2.73249
lcl|NC_052669.1_ncrna_XR_003269147.2_15555	1343	1144	9.09442	2.23288
lcl|NC_052669.1_mrna_XM_026138612.2_15556	7347	7148	0	0
lcl|NC_052669.1_ncrna_XR_851197.3_15557	852	653	68.8781	29.6267
lcl|NC_052669.1_mrna_XM_011173139.3_15558	1061	862	18.5751	6.05256
lcl|NC_052669.1_mrna_XM_011173138.3_15559	1127	928	16.5115	4.99753
lcl|NC_052669.1_mrna_XM_011173146.3_15560	2616	2417	3.0353	0.352728
lcl|NC_052669.1_mrna_XM_011173147.3_15561	1667	1468	5637.91	1078.72
lcl|NC_052669.1_mrna_XM_039451090.1_15562	1382	1183	28.2	6.69545
lcl|NC_052669.1_mrna_XM_011173148.3_15563	2220	2021	572.664	79.5883
lcl|NC_052669.1_mrna_XM_011173149.3_15564	2330	2131	40.1423	5.29096
lcl|NC_052669.1_ncrna_XR_005575108.1_15565	2810	2611	2.19411	0.236031
lcl|NC_052669.1_mrna_XM_011173151.3_15566	1249	1050	531.439	142.161
lcl|NC_052669.1_mrna_XM_011173150.3_15567	1536	1337	785.454	165.008
lcl|NC_052669.1_mrna_XM_039451079.1_15568	5953	5754	0.00101242	4.94206e-05
lcl|NC_052669.1_mrna_XM_039451077.1_15569	5971	5772	0	0
lcl|NC_052669.1_mrna_XM_039451078.1_15570	5962	5763	80.0283	3.90041
lcl|NC_052669.1_mrna_XM_039451076.1_15571	5980	5781	6.63873e-06	3.22551e-07
lcl|NC_052669.1_mrna_XM_026138599.2_15572	6331	6132	0	0
lcl|NC_052669.1_mrna_XM_026138598.2_15573	6339	6140	7.57236e-06	3.46401e-07
lcl|NC_052669.1_mrna_XM_039451080.1_15574	6165	5966	0	0
lcl|NC_052669.1_mrna_XM_011173152.3_15575	6320	6121	41.7746	1.91693
lcl|NC_052669.1_mrna_XM_011173159.3_15576	5955	5756	135.748	6.62411
lcl|NC_052669.1_mrna_XM_026138603.2_15577	5973	5774	1.12108e-05	5.45349e-07
lcl|NC_052669.1_mrna_XM_026138600.2_15578	5982	5783	0.901319	0.0437765
lcl|NC_052669.1_mrna_XM_039451085.1_15579	5896	5697	17.569	0.866197
lcl|NC_052669.1_mrna_XM_026138602.2_15580	5945	5746	0.000720626	3.52258e-05
lcl|NC_052669.1_mrna_XM_039451081.1_15581	5836	5637	1.04634	0.0521363
lcl|NC_052669.1_mrna_XM_039451082.1_15582	6056	5857	20.4704	0.981671
lcl|NC_052669.1_mrna_XM_039451084.1_15583	6320	6121	17.3734	0.79722
lcl|NC_052669.1_mrna_XM_039451083.1_15584	6382	6183	55.0872	2.50246
lcl|NC_052669.1_mrna_XM_026138601.2_15585	6493	6294	1.96564e-07	8.77189e-09
lcl|NC_052669.1_mrna_XM_039451091.1_15586	1130	931	53	15.9898
lcl|NC_052669.1_mrna_XM_011173165.3_15587	2818	2619	1634.54	175.297
lcl|NC_052669.1_mrna_XM_011173164.3_15588	2848	2649	247.465	26.239
lcl|NC_052669.1_mrna_XM_011173167.3_15589	2155	1956	251.278	36.0828
lcl|NC_052669.1_mrna_XM_011173166.3_15590	2312	2113	192.727	25.6188
lcl|NC_052669.1_mrna_XM_026138608.2_15591	1724	1525	45.9954	8.47149
lcl|NC_052669.1_mrna_XM_011173168.3_15592	4201	4002	380.27	26.6889
lcl|NC_052669.1_mrna_XM_026138611.2_15593	4186	3987	32.7304	2.30579
lcl|NC_052669.1_mrna_XM_011173170.3_15594	2676	2477	0	0
lcl|NC_052669.1_mrna_XM_026138609.2_15595	2664	2465	0	0
lcl|NC_052669.1_mrna_XM_026138610.2_15596	2643	2444	0	0
lcl|NC_052669.1_mrna_XM_011173172.3_15597	2622	2423	55.9208	6.4824
lcl|NC_052669.1_mrna_XM_011173173.3_15598	2610	2411	516.701	60.1946
lcl|NC_052669.1_mrna_XM_011173171.3_15599	2669	2470	86.3784	9.82254
lcl|NC_052669.1_mrna_XM_011173174.3_15600	1682	1483	0	0
lcl|NC_052669.1_mrna_XM_011173175.3_15601	3573	3374	350	29.1366
lcl|NC_052669.1_mrna_XM_039450326.1_15602	1402	1203	0	0
lcl|NC_052669.1_mrna_XM_011173177.3_15603	1767	1568	12	2.14957
lcl|NC_052669.1_trna_15604	72	3.52559	0	0
lcl|NC_052669.1_mrna_XM_011173176.3_15605	2415	2216	325	41.1936
lcl|NC_052669.1_mrna_XM_011172773.1_15606	726	527	0	0
lcl|NC_052669.1_mrna_XM_011172656.3_15607	1370	1171	225	53.9686
lcl|NC_052669.1_mrna_XM_011172657.3_15608	10120	9921	804.344	22.772
lcl|NC_052669.1_mrna_XM_039450842.1_15609	348	149	85.3601	160.91
lcl|NC_052669.1_mrna_XM_039450444.1_15610	2770	2571	157.939	17.2545
lcl|NC_052669.1_mrna_XM_039450448.1_15611	2689	2490	0	0
lcl|NC_052669.1_mrna_XM_039450447.1_15612	2689	2490	444.788	50.1729
lcl|NC_052669.1_mrna_XM_039450445.1_15613	2739	2540	74.9127	8.28395
lcl|NC_052669.1_mrna_XM_039450446.1_15614	2665	2466	0	0
lcl|NC_052669.1_mrna_XM_011172662.3_15615	1016	817	9.57209	3.29079
lcl|NC_052669.1_mrna_XM_011172659.3_15616	1127	928	66.9278	20.257
lcl|NC_052669.1_mrna_XM_011172663.3_15617	1060	861	40.1663	13.1031
lcl|NC_052669.1_mrna_XM_011172664.3_15618	1077	878	0	0
lcl|NC_052669.1_mrna_XM_011172660.3_15619	1136	937	46.3337	13.8891
lcl|NC_052669.1_mrna_XM_026135261.2_15620	930	731	0	0
lcl|NC_052669.1_mrna_XM_026135262.2_15621	899	700	1.24601e-06	4.99964e-07
lcl|NC_052669.1_mrna_XM_011172666.3_15622	542	343	1149	940.896
lcl|NC_052669.1_mrna_XM_039450533.1_15623	996	797	0	0
lcl|NC_052669.1_mrna_XM_011172667.3_15624	998	799	198	69.604
lcl|NC_052669.1_miscrna_XR_003268731.2_15625	625	426	480	316.481
lcl|NC_052669.1_mrna_XM_011163325.3_15626	1638	1439	232	45.2838
lcl|NC_052669.1_mrna_XM_011172671.3_15627	5192	4993	8.13035	0.457365
lcl|NC_052669.1_mrna_XM_011172670.3_15628	5926	5727	55.226	2.70852
lcl|NC_052669.1_mrna_XM_026135232.2_15629	4499	4300	133.478	8.71882
lcl|NC_052669.1_mrna_XM_011172669.3_15630	5302	5103	7.04719	0.387888
lcl|NC_052669.1_mrna_XM_039450753.1_15631	4601	4402	0.118249	0.00754505
lcl|NC_052669.1_mrna_XM_039450754.1_15632	8681	8482	77	2.54981
lcl|NC_052669.1_mrna_XM_026135268.2_15633	2812	2613	0	0
lcl|NC_052669.1_mrna_XM_011172672.3_15634	2955	2756	31	3.15935
lcl|NC_052669.1_ncrna_XR_005575042.1_15635	580	381	0	0
lcl|NC_052669.1_mrna_XM_011172774.3_15636	4389	4190	169	11.3289
lcl|NC_052669.1_mrna_XM_011172673.3_15637	1740	1541	107	19.5028
lcl|NC_052669.1_miscrna_XR_851185.3_15638	3116	2917	6874.58	661.951
lcl|NC_052669.1_mrna_XM_011172674.3_15639	1695	1496	544	102.137
lcl|NC_052669.1_mrna_XM_039450843.1_15640	1832	1633	0	0
lcl|NC_052669.1_mrna_XM_011172677.3_15641	4575	4376	1.93739	0.124353
lcl|NC_052669.1_mrna_XM_011172675.3_15642	4590	4391	0.0626088	0.00400486
lcl|NC_052669.1_mrna_XM_039450278.1_15643	2584	2385	0	0
lcl|NC_052669.1_mrna_XM_039450276.1_15644	3170	2971	0	0
lcl|NC_052669.1_mrna_XM_039450274.1_15645	3194	2995	0	0
lcl|NC_052669.1_mrna_XM_039450275.1_15646	2557	2358	0	0
lcl|NC_052669.1_mrna_XM_039450273.1_15647	3214	3015	0	0
lcl|NC_052669.1_mrna_XM_039450272.1_15648	3222	3023	0	0
lcl|NC_052669.1_mrna_XM_039450277.1_15649	2864	2665	0	0
lcl|NC_052669.1_mrna_XM_026135233.2_15650	779	580	5	2.42135
lcl|NC_052669.1_mrna_XM_026135234.2_15651	6130	5931	37.2371	1.76345
lcl|NC_052669.1_mrna_XM_039450270.1_15652	5094	4895	39.3225	2.25634
lcl|NC_052669.1_mrna_XM_011172679.3_15653	3734	3535	0.294247	0.0233797
lcl|NC_052669.1_mrna_XM_011172680.3_15654	3746	3547	0.00982939	0.000778361
lcl|NC_052669.1_mrna_XM_039450271.1_15655	3417	3218	31.167	2.72035
lcl|NC_052669.1_mrna_XM_011172682.3_15656	2567	2368	883	104.736
lcl|NC_052669.1_mrna_XM_011172683.3_15657	1486	1287	74	16.1499
lcl|NC_052669.1_mrna_XM_039450452.1_15658	2300	2101	1.67774	0.224293
lcl|NC_052669.1_miscrna_XR_005574998.1_15659	2410	2211	0	0
lcl|NC_052669.1_miscrna_XR_005574996.1_15660	2428	2229	0	0
lcl|NC_052669.1_miscrna_XR_005574997.1_15661	2596	2397	6.19269	0.72565
lcl|NC_052669.1_mrna_XM_026135253.2_15662	2357	2158	0	0
lcl|NC_052669.1_mrna_XM_026135254.2_15663	2317	2118	0	0
lcl|NC_052669.1_mrna_XM_039450451.1_15664	1926	1727	45.226	7.3555
lcl|NC_052669.1_mrna_XM_011172690.3_15665	4161	3962	0	0
lcl|NC_052669.1_trna_15666	84	3.8053	0	0
lcl|NC_052669.1_mrna_XM_039450289.1_15667	2820	2621	35.8412	3.84089
lcl|NC_052669.1_mrna_XM_011172691.3_15668	3748	3549	9.15876	0.724847
lcl|NC_052669.1_mrna_XM_026135264.2_15669	5003	4804	1.6715e-07	9.77283e-09
lcl|NC_052669.1_mrna_XM_026135265.2_15670	5112	4913	0	0
lcl|NC_052669.1_mrna_XM_039450290.1_15671	5109	4910	0	0
lcl|NC_052669.1_mrna_XM_039450291.1_15672	5089	4890	29	1.66573
lcl|NC_052669.1_mrna_XM_011172695.3_15673	829	630	14	6.2417
lcl|NC_052669.1_mrna_XM_011172694.3_15674	928	729	0	0
lcl|NC_052669.1_mrna_XM_011172698.3_15675	9913	9714	208	6.01424
lcl|NC_052669.1_mrna_XM_039450292.1_15676	1280	1081	0	0
lcl|NC_052669.1_mrna_XM_011172693.3_15677	1098	899	505	157.778
lcl|NC_052669.1_mrna_XM_011172701.3_15678	4401	4202	197.346	13.1913
lcl|NC_052669.1_mrna_XM_011172700.3_15679	5510	5311	53.6541	2.83754
lcl|NC_052669.1_mrna_XM_011172702.3_15680	1346	1147	83	20.325
lcl|NC_052669.1_mrna_XM_011172703.3_15681	3679	3480	264.93	21.3829
lcl|NC_052669.1_mrna_XM_039450356.1_15682	1388	1189	1.0701	0.25279
lcl|NC_052669.1_mrna_XM_039450357.1_15683	1061	862	0	0
lcl|NC_052669.1_mrna_XM_039450358.1_15684	1056	857	0	0
lcl|NC_052669.1_mrna_XM_039450359.1_15685	1367	1168	0	0
lcl|NC_052669.1_mrna_XM_011172705.3_15686	1531	1332	0	0
lcl|NC_052669.1_mrna_XM_011172707.3_15687	1274	1075	157.124	41.0536
lcl|NC_052669.1_mrna_XM_011172708.3_15688	1287	1088	22.8264	5.89282
lcl|NC_052669.1_mrna_XM_026135260.1_15689	1258	1059	268.049	71.0942
lcl|NC_052669.1_mrna_XM_011172709.3_15690	776	577	0	0
lcl|NC_052669.1_mrna_XM_011172710.3_15691	4739	4540	78.4603	4.85411
lcl|NC_052669.1_mrna_XM_011172711.3_15692	4198	3999	425.159	29.8618
lcl|NC_052669.1_mrna_XM_026135236.2_15693	1102	903	0	0
lcl|NC_052669.1_mrna_XM_039450354.1_15694	1000	801	23.3803	8.19846
lcl|NC_052669.1_mrna_XM_039450457.1_15695	5300	5101	0.000226472	1.24702e-05
lcl|NC_052669.1_mrna_XM_011172714.3_15696	5478	5279	0	0
lcl|NC_052669.1_mrna_XM_011172713.3_15697	5254	5055	1.99977	0.111116
lcl|NC_052669.1_mrna_XM_039450459.1_15698	5807	5608	0	0
lcl|NC_052669.1_mrna_XM_026135239.2_15699	3297	3098	8.20246	0.743667
lcl|NC_052669.1_mrna_XM_026135238.2_15700	3760	3561	435.226	34.3288
lcl|NC_052669.1_mrna_XM_026135240.2_15701	3186	2987	448.572	42.1806
lcl|NC_052669.1_mrna_XM_039450735.1_15702	2586	2387	0	0
lcl|NC_052669.1_mrna_XM_011172720.3_15703	665	466	1	0.60274
lcl|NC_052669.1_mrna_XM_039450844.1_15704	790	591	0	0
lcl|NC_052669.1_mrna_XM_011172721.2_15705	1879	1680	0	0
lcl|NC_052669.1_mrna_XM_011176443.3_15706	742	543	0	0
lcl|NC_052669.1_mrna_XM_039451230.1_15707	1014	815	0	0
lcl|NC_052669.1_mrna_XM_026135250.2_15708	1055	856	0	0
lcl|NC_052669.1_mrna_XM_011172739.3_15709	2086	1887	0	0
lcl|NC_052669.1_mrna_XM_011172722.3_15710	687	488	2	1.15113
lcl|NC_052669.1_mrna_XM_011172780.3_15711	2543	2344	4	0.479312
lcl|NC_052669.1_mrna_XM_026135258.2_15712	2372	2173	0	0
lcl|NC_052669.1_mrna_XM_039451238.1_15713	2366	2167	0	0
lcl|NC_052669.1_mrna_XM_026135225.2_15714	1023	824	0	0
lcl|NC_052669.1_mrna_XM_026135227.2_15715	1602	1403	0	0
lcl|NC_052669.1_mrna_XM_026135226.2_15716	1597	1398	0	0
lcl|NC_052669.1_mrna_XM_039451237.1_15717	1444	1245	2	0.451208
lcl|NC_052669.1_mrna_XM_039451236.1_15718	1519	1320	0	0
lcl|NC_052669.1_mrna_XM_039451234.1_15719	13805	13606	0	0
lcl|NC_052669.1_mrna_XM_026135228.2_15720	15281	15082	41.4077	0.771148
lcl|NC_052669.1_mrna_XM_039451232.1_15721	15345	15146	0.592308	0.0109841
lcl|NC_052669.1_mrna_XM_039451233.1_15722	14103	13904	0	0
lcl|NC_052669.1_mrna_XM_011172725.3_15723	17630	17431	0	0
lcl|NC_052669.1_mrna_XM_039451235.1_15724	15062	14863	0	0
lcl|NC_052669.1_mrna_XM_039451240.1_15725	623	424	116.624	77.2573
lcl|NC_052669.1_mrna_XM_011172726.3_15726	748	549	153.376	78.4692
lcl|NC_052669.1_mrna_XM_039451239.1_15727	3200	3001	0	0
lcl|NC_052669.1_mrna_XM_011172727.3_15728	491	292	843	810.887
lcl|NC_052669.1_mrna_XM_011157569.3_15729	1635	1436	408.601	79.9209
lcl|NC_052669.1_mrna_XM_039451231.1_15730	9515	9316	1.1694e-05	3.52574e-07
lcl|NC_052669.1_mrna_XM_026135241.2_15731	9371	9172	71.3994	2.18648
lcl|NC_052669.1_mrna_XM_011172728.3_15732	4567	4368	406	26.1071
lcl|NC_052669.1_mrna_XM_011172730.3_15733	2779	2580	44	4.79015
lcl|NC_052669.1_mrna_XM_011172731.3_15734	1742	1543	2	0.364066
lcl|NC_052669.1_mrna_XM_011172785.3_15735	2589	2390	2	0.235043
lcl|NC_052669.1_mrna_XM_011172732.3_15736	1427	1228	13	2.97345
lcl|NC_052669.1_mrna_XM_011172733.3_15737	2304	2105	12	1.6012
lcl|NC_052669.1_mrna_XM_011172734.3_15738	1016	817	0	0
lcl|NC_052669.1_mrna_XM_026135237.2_15739	1690	1491	1	0.188381
lcl|NC_052669.1_mrna_XM_011172736.3_15740	1454	1255	0	0
lcl|NC_052669.1_mrna_XM_011172786.3_15741	1948	1749	0	0
lcl|NC_052669.1_mrna_XM_011172737.3_15742	1147	948	0	0
lcl|NC_052669.1_mrna_XM_011172738.3_15743	2891	2692	0	0
lcl|NC_052669.1_mrna_XM_039450794.1_15744	1636	1437	0	0
lcl|NC_052669.1_mrna_XM_011172741.3_15745	1795	1596	0	0
lcl|NC_052669.1_mrna_XM_011172742.3_15746	1646	1447	5.32433	1.0335
lcl|NC_052669.1_mrna_XM_011172743.3_15747	1022	823	1	0.341284
lcl|NC_052669.1_mrna_XM_011172744.3_15748	3495	3296	73	6.22087
lcl|NC_052669.1_mrna_XM_011172745.3_15749	2020	1821	52	8.02064
lcl|NC_052669.1_mrna_XM_039450996.1_15750	1220	1021	0	0
lcl|NC_052669.1_ncrna_XR_005575018.1_15751	590	391	0	0
lcl|NC_052669.1_mrna_XM_011172746.3_15752	1741	1542	0	0
lcl|NC_052669.1_mrna_XM_039450663.1_15753	1359	1160	0	0
lcl|NC_052669.1_mrna_XM_011172747.3_15754	1277	1078	0	0
lcl|NC_052669.1_mrna_XM_011172789.3_15755	1838	1639	0	0
lcl|NC_052669.1_mrna_XM_039450732.1_15756	6247	6048	0	0
lcl|NC_052669.1_mrna_XM_039450731.1_15757	6282	6083	0	0
lcl|NC_052669.1_miscrna_XR_005575029.1_15758	6316	6117	0	0
lcl|NC_052669.1_mrna_XM_039450734.1_15759	5622	5423	0	0
lcl|NC_052669.1_mrna_XM_039450733.1_15760	4747	4548	3	0.185275
lcl|NC_052669.1_mrna_XM_039450660.1_15761	2387	2188	0	0
lcl|NC_052669.1_mrna_XM_039450662.1_15762	2149	1950	0	0
lcl|NC_052669.1_mrna_XM_039450659.1_15763	2953	2754	0	0
lcl|NC_052669.1_mrna_XM_039450661.1_15764	2165	1966	0	0
lcl|NC_052669.1_mrna_XM_011172748.3_15765	1910	1711	0	0
lcl|NC_052669.1_mrna_XM_011172750.3_15766	1863	1664	0	0
lcl|NC_052669.1_mrna_XM_039450759.1_15767	1531	1332	2	0.421737
lcl|NC_052669.1_mrna_XM_011172751.3_15768	1942	1743	0	0
lcl|NC_052669.1_mrna_XM_011172753.3_15769	1939	1740	0	0
lcl|NC_052669.1_mrna_XM_026135818.2_15770	1884	1685	0	0
lcl|NC_052669.1_mrna_XM_011172755.3_15771	2069	1870	1	0.150201
lcl|NC_052669.1_mrna_XM_011172758.3_15772	1646	1447	0	0
lcl|NC_052669.1_mrna_XM_026135819.2_15773	1639	1440	0	0
lcl|NC_052669.1_mrna_XM_026135820.2_15774	1612	1413	0	0
lcl|NC_052669.1_mrna_XM_039450760.1_15775	1320	1121	0	0
lcl|NC_052669.1_mrna_XM_011172766.3_15776	11180	10981	2	0.0511569
lcl|NC_052669.1_mrna_XM_039450757.1_15777	9700	9501	0	0
lcl|NC_052669.1_mrna_XM_011172764.3_15778	8714	8515	28.1597	0.928878
lcl|NC_052669.1_mrna_XM_026135815.2_15779	2131	1932	152	22.098
lcl|NC_052669.1_mrna_XM_026135816.2_15780	1584	1385	0	0
lcl|NC_052669.1_mrna_XM_039450846.1_15781	3850	3651	0	0
lcl|NC_052669.1_mrna_XM_011172760.3_15782	863	664	0	0
lcl|NC_052669.1_mrna_XM_039450847.1_15783	2496	2297	0	0
lcl|NC_052669.1_mrna_XM_039450848.1_15784	2052	1853	0	0
lcl|NC_052669.1_mrna_XM_039450849.1_15785	5643	5444	14	0.722313
lcl|NC_052669.1_mrna_XM_039450850.1_15786	2622	2423	0	0
lcl|NC_052669.1_mrna_XM_011172767.3_15787	1843	1644	980.903	167.587
lcl|NC_052669.1_mrna_XM_011172768.3_15788	1840	1641	1916.81	328.084
lcl|NC_052669.1_mrna_XM_011172769.3_15789	2039	1840	171.29	26.1474
lcl|NC_052669.1_mrna_XM_011172770.3_15790	1455	1256	18	4.0253
lcl|NC_052669.1_mrna_XM_026135865.2_15791	2475	2276	5	0.61704
lcl|NC_052669.1_mrna_XM_039450851.1_15792	3372	3173	12	1.06225
lcl|NC_052669.1_mrna_XM_026135851.2_15793	4845	4646	1	0.0604556
lcl|NC_052669.1_mrna_XM_026135850.2_15794	4938	4739	0	0
lcl|NC_052669.1_mrna_XM_011172771.3_15795	4046	3847	405	29.5698
lcl|NC_052669.1_mrna_XM_011172772.3_15796	5507	5308	100.006	5.29188
lcl|NC_052669.1_mrna_XM_026135822.2_15797	5195	4996	0.108245	0.00608558
lcl|NC_052669.1_mrna_XM_026135821.2_15798	5348	5149	86.8859	4.7396
lcl|NC_052669.1_mrna_XM_039451330.1_15799	6012	5813	2.30063	0.111163
lcl|NC_052669.1_miscrna_XR_005575141.1_15800	2331	2132	3	0.39523
lcl|NC_052669.1_mrna_XM_039451348.1_15801	2423	2224	0	0
lcl|NC_052669.1_miscrna_XR_005575138.1_15802	2553	2354	0	0
lcl|NC_052669.1_miscrna_XR_005575137.1_15803	2588	2389	0	0
lcl|NC_052669.1_mrna_XM_039451345.1_15804	2679	2480	0	0
lcl|NC_052669.1_miscrna_XR_005575139.1_15805	1796	1597	0	0
lcl|NC_052669.1_mrna_XM_039451347.1_15806	3585	3386	0	0
lcl|NC_052669.1_mrna_XM_026135831.2_15807	3641	3442	0	0
lcl|NC_052669.1_mrna_XM_039451342.1_15808	2054	1855	0	0
lcl|NC_052669.1_mrna_XM_039451341.1_15809	1687	1488	1	0.188761
lcl|NC_052669.1_mrna_XM_039451344.1_15810	1533	1334	0	0
lcl|NC_052669.1_mrna_XM_039451335.1_15811	2519	2320	0	0
lcl|NC_052669.1_mrna_XM_039451337.1_15812	2443	2244	0	0
lcl|NC_052669.1_mrna_XM_039451336.1_15813	2448	2249	0	0
lcl|NC_052669.1_mrna_XM_039451338.1_15814	2923	2724	0	0
lcl|NC_052669.1_mrna_XM_039450852.1_15815	678	479	0	0
lcl|NC_052669.1_mrna_XM_026135828.2_15816	1626	1427	0	0
lcl|NC_052669.1_mrna_XM_039451339.1_15817	3451	3252	0	0
lcl|NC_052669.1_mrna_XM_039451340.1_15818	2901	2702	3	0.311854
lcl|NC_052669.1_mrna_XM_039451332.1_15819	1688	1489	0	0
lcl|NC_052669.1_mrna_XM_039451333.1_15820	2386	2187	0	0
lcl|NC_052669.1_mrna_XM_039451331.1_15821	2512	2313	0	0
lcl|NC_052669.1_mrna_XM_039451350.1_15822	1286	1087	1	0.258396
lcl|NC_052669.1_mrna_XM_039451343.1_15823	1560	1361	0	0
lcl|NC_052669.1_miscrna_XR_005575140.1_15824	2128	1929	0	0
lcl|NC_052669.1_mrna_XM_039451346.1_15825	2199	2000	0	0
lcl|NC_052669.1_ncrna_XR_005575142.1_15826	292	93.0002	0	0
lcl|NC_052669.1_mrna_XM_011171071.3_15827	4264	4065	83.0823	5.74068
lcl|NC_052669.1_mrna_XM_011171070.3_15828	4265	4066	64.9177	4.48448
lcl|NC_052669.1_mrna_XM_011171073.3_15829	1649	1450	1215	235.355
lcl|NC_052669.1_ncrna_XR_003268798.1_15830	95	4.11003	0	0
lcl|NC_052669.1_mrna_XM_011171074.3_15831	3439	3240	6	0.520142
lcl|NC_052669.1_mrna_XM_026135863.2_15832	1250	1051	3	0.801741
lcl|NC_052669.1_mrna_XM_011171075.3_15833	2810	2611	77.9149	8.38165
lcl|NC_052669.1_mrna_XM_026135858.2_15834	1646	1447	0	0
lcl|NC_052669.1_mrna_XM_026135859.2_15835	1680	1481	0	0
lcl|NC_052669.1_mrna_XM_026135860.2_15836	1220	1021	0	0
lcl|NC_052669.1_mrna_XM_039451207.1_15837	1166	967	0	0
lcl|NC_052669.1_mrna_XM_026135861.2_15838	1233	1034	0	0
lcl|NC_052669.1_mrna_XM_026135857.2_15839	5056	4857	23.9981	1.38779
lcl|NC_052669.1_mrna_XM_026135856.2_15840	5102	4903	0.00187978	0.000107686
lcl|NC_052669.1_mrna_XM_011171079.3_15841	1852	1653	130.142	22.1136
lcl|NC_052669.1_mrna_XM_011171078.3_15842	1999	1800	342.854	53.4998
lcl|NC_052669.1_mrna_XM_039450347.1_15843	1971	1772	0.00435348	0.000690063
lcl|NC_052669.1_mrna_XM_011171081.3_15844	2431	2232	1073.89	135.14
lcl|NC_052669.1_mrna_XM_026135824.2_15845	3338	3139	3.10509	0.277842
lcl|NC_052669.1_mrna_XM_026135847.2_15846	2020	1821	166.451	25.6739
lcl|NC_052669.1_mrna_XM_026135846.2_15847	3018	2819	369.892	36.8549
lcl|NC_052669.1_mrna_XM_026135848.2_15848	2383	2184	310.734	39.9624
lcl|NC_052669.1_mrna_XM_026135849.2_15849	2140	1941	794	114.898
lcl|NC_052669.1_mrna_XM_011171084.3_15850	1870	1671	792.999	133.294
lcl|NC_052669.1_mrna_XM_011171085.3_15851	1859	1660	0.0011324	0.000191606
lcl|NC_052669.1_mrna_XM_026135841.2_15852	5276	5077	0	0
lcl|NC_052669.1_mrna_XM_039451213.1_15853	5154	4955	3.17314	0.179871
lcl|NC_052669.1_mrna_XM_039451211.1_15854	5201	5002	0.000244997	1.37573e-05
lcl|NC_052669.1_mrna_XM_026135843.2_15855	5097	4898	0	0
lcl|NC_052669.1_mrna_XM_026135844.2_15856	4975	4776	80.5008	4.73426
lcl|NC_052669.1_mrna_XM_026135842.2_15857	4752	4553	16.3258	1.00715
lcl|NC_052669.1_mrna_XM_039451212.1_15858	5006	4807	0	0
lcl|NC_052669.1_mrna_XM_026135840.2_15859	3375	3176	3.54096e-07	3.13152e-08
lcl|NC_052669.1_mrna_XM_026135838.2_15860	3489	3290	98.7858	8.43363
lcl|NC_052669.1_miscrna_XR_003268797.2_15861	3441	3242	0	0
lcl|NC_052669.1_mrna_XM_026135835.2_15862	3413	3214	0.000876181	7.65709e-05
lcl|NC_052669.1_mrna_XM_026135836.2_15863	3409	3210	139.017	12.1641
lcl|NC_052669.1_mrna_XM_039451210.1_15864	3457	3258	140.22	12.0886
lcl|NC_052669.1_mrna_XM_011171086.3_15865	3490	3291	198.091	16.9065
lcl|NC_052669.1_mrna_XM_039451209.1_15866	3386	3187	4.88492	0.430518
lcl|NC_052669.1_mrna_XM_039451208.1_15867	3447	3248	0	0
lcl|NC_052669.1_mrna_XM_011158319.3_15868	4136	3937	0.000411225	2.9338e-05
lcl|NC_052669.1_mrna_XM_011158317.3_15869	4276	4077	0	0
lcl|NC_052669.1_mrna_XM_026137809.2_15870	4185	3986	43.9996	3.10047
lcl|NC_052669.1_mrna_XM_026137810.2_15871	4337	4138	0	0
lcl|NC_052669.1_mrna_XM_011158318.3_15872	4420	4221	0	0
lcl|NC_052669.1_mrna_XM_039450242.1_15873	8272	8073	0.000194457	6.76559e-06
lcl|NC_052669.1_mrna_XM_039450241.1_15874	8275	8076	132.034	4.59204
lcl|NC_052669.1_mrna_XM_039450245.1_15875	5280	5081	1.88861e-05	1.04402e-06
lcl|NC_052669.1_mrna_XM_039450246.1_15876	5244	5045	12.96	0.721541
lcl|NC_052669.1_mrna_XM_039450243.1_15877	5514	5315	2.21567e-06	1.17089e-07
lcl|NC_052669.1_mrna_XM_039450239.1_15878	5526	5327	0.00569215	0.00030013
lcl|NC_052669.1_mrna_XM_039450244.1_15879	5250	5051	0	0
lcl|NC_052669.1_mrna_XM_039450240.1_15880	5442	5243	0	0
lcl|NC_052669.1_mrna_XM_039450247.1_15881	6094	5895	0	0
lcl|NC_052669.1_mrna_XM_039451221.1_15882	9273	9074	98.9753	3.06368
lcl|NC_052669.1_mrna_XM_026137811.2_15883	8566	8367	4.52272	0.151826
lcl|NC_052669.1_mrna_XM_039451220.1_15884	8647	8448	0.000287548	9.56032e-06
lcl|NC_052669.1_mrna_XM_026137812.2_15885	7659	7460	0	0
lcl|NC_052669.1_miscrna_XR_850610.3_15886	5195	4996	0	0
lcl|NC_052669.1_mrna_XM_011158315.3_15887	6691	6492	181	7.83097
lcl|NC_052669.1_mrna_XM_011158314.3_15888	6724	6525	0	0
lcl|NC_052669.1_mrna_XM_011158316.3_15889	3689	3490	0	0
lcl|NC_052669.1_mrna_XM_011158313.3_15890	4009	3810	10218.8	753.34
lcl|NC_052669.1_mrna_XM_011158311.3_15891	4087	3888	638.164	46.1022
lcl|NC_052669.1_mrna_XM_039451222.1_15892	4034	3835	69.0205	5.05508
lcl|NC_052669.1_mrna_XM_011158310.3_15893	2279	2080	1823	246.172
lcl|NC_052669.1_mrna_XM_011158307.3_15894	1551	1352	151.315	31.4356
lcl|NC_052669.1_mrna_XM_011158309.3_15895	1264	1065	187.551	49.4636
lcl|NC_052669.1_mrna_XM_011158308.3_15896	1314	1115	205.134	51.6747
lcl|NC_052669.1_mrna_XM_011158306.3_15897	2650	2451	3860	442.344
lcl|NC_052669.1_mrna_XM_026137807.2_15898	2212	2013	110.463	15.4131
lcl|NC_052669.1_mrna_XM_011158300.3_15899	2687	2488	711.452	80.3176
lcl|NC_052669.1_mrna_XM_039450769.1_15900	2044	1845	340.358	51.8149
lcl|NC_052669.1_mrna_XM_011158303.3_15901	2288	2089	0	0
lcl|NC_052669.1_mrna_XM_039450768.1_15902	2316	2117	0	0
lcl|NC_052669.1_mrna_XM_011158302.3_15903	2811	2612	374.343	40.2543
lcl|NC_052669.1_mrna_XM_011158304.3_15904	2756	2557	8.3847	0.921027
lcl|NC_052669.1_mrna_XM_026137806.2_15905	6549	6350	0	0
lcl|NC_052669.1_mrna_XM_011158299.3_15906	6218	6019	143	6.6731
lcl|NC_052669.1_mrna_XM_011158298.3_15907	1556	1357	339	70.1674
lcl|NC_052669.1_ncrna_XR_005575046.1_15908	2254	2055	9.94193	1.35886
lcl|NC_052669.1_mrna_XM_039451137.1_15909	11405	11206	129.085	3.2355
lcl|NC_052669.1_mrna_XM_011158297.3_15910	9801	9602	0	0
lcl|NC_052669.1_mrna_XM_039451136.1_15911	11309	11110	0	0
lcl|NC_052669.1_mrna_XM_039451138.1_15912	11277	11078	9.44603	0.239499
lcl|NC_052669.1_mrna_XM_039451144.1_15913	9548	9349	102.386	3.07604
lcl|NC_052669.1_mrna_XM_039451151.1_15914	8744	8545	68.5354	2.25278
lcl|NC_052669.1_mrna_XM_026137822.2_15915	9467	9268	0.00208494	6.31862e-05
lcl|NC_052669.1_mrna_XM_026137814.2_15916	9647	9448	0	0
lcl|NC_052669.1_mrna_XM_039451150.1_15917	9341	9142	0	0
lcl|NC_052669.1_mrna_XM_039451146.1_15918	9440	9241	0	0
lcl|NC_052669.1_mrna_XM_039451147.1_15919	9437	9238	56.0465	1.70407
lcl|NC_052669.1_mrna_XM_039451145.1_15920	9536	9337	4.72332e-06	1.42088e-07
lcl|NC_052669.1_mrna_XM_039451143.1_15921	9560	9361	0.00114394	3.43238e-05
lcl|NC_052669.1_mrna_XM_039451139.1_15922	9659	9460	0	0
lcl|NC_052669.1_mrna_XM_039451141.1_15923	9038	8839	0	0
lcl|NC_052669.1_mrna_XM_039451140.1_15924	9179	8980	61.1817	1.91364
lcl|NC_052669.1_mrna_XM_039451142.1_15925	9032	8833	0	0
lcl|NC_052669.1_mrna_XM_039451148.1_15926	9705	9506	0	0
lcl|NC_052669.1_mrna_XM_039451149.1_15927	8350	8151	0	0
lcl|NC_052669.1_ncrna_XR_005575115.1_15928	3853	3654	16.3156	1.25415
lcl|NC_052669.1_mrna_XM_011158287.3_15929	2653	2454	340.86	39.0137
lcl|NC_052669.1_mrna_XM_011158288.3_15930	2992	2793	95.14	9.56771
lcl|NC_052669.1_mrna_XM_011158286.3_15931	4358	4159	564	38.0896
lcl|NC_052669.1_mrna_XM_011168188.3_15932	6867	6668	0	0
lcl|NC_052669.1_mrna_XM_011168184.3_15933	6055	5856	0	0
lcl|NC_052669.1_mrna_XM_039450226.1_15934	6862	6663	0	0
lcl|NC_052669.1_mrna_XM_011168186.3_15935	6198	5999	31.1544	1.45867
lcl|NC_052669.1_mrna_XM_011168187.3_15936	6177	5978	34.8456	1.63722
lcl|NC_052669.1_mrna_XM_011168182.3_15937	2661	2462	1349	153.9
lcl|NC_052669.1_mrna_XM_011168181.3_15938	2579	2380	1321	155.898
lcl|NC_052669.1_mrna_XM_011168180.3_15939	2256	2057	272	37.1407
lcl|NC_052669.1_mrna_XM_011168178.3_15940	5709	5510	54.2554	2.76572
lcl|NC_052669.1_mrna_XM_011168179.3_15941	4720	4521	325.613	20.2294
lcl|NC_052669.1_miscrna_XR_850978.3_15942	2466	2267	634.131	78.5676
lcl|NC_052669.1_ncrna_XR_005575135.1_15943	624	425	1	0.660886
lcl|NC_052669.1_mrna_XM_039451312.1_15944	7652	7453	40.5953	1.52989
lcl|NC_052669.1_mrna_XM_039451317.1_15945	7320	7121	0	0
lcl|NC_052669.1_mrna_XM_039451315.1_15946	7388	7189	0	0
lcl|NC_052669.1_mrna_XM_039451313.1_15947	9826	9627	14.4047	0.420272
lcl|NC_052669.1_mrna_XM_039451314.1_15948	7383	7184	0	0
lcl|NC_052669.1_mrna_XM_011159526.3_15949	3174	2975	460.676	43.4935
lcl|NC_052669.1_mrna_XM_039451319.1_15950	3004	2805	76.5291	7.66319
lcl|NC_052669.1_mrna_XM_039451318.1_15951	7569	7370	0	0
lcl|NC_052669.1_mrna_XM_011168174.2_15952	2043	1844	1432.93	218.263
lcl|NC_052669.1_ncrna_XR_005575006.1_15953	891	692	1.06947	0.434089
lcl|NC_052669.1_mrna_XM_011168172.3_15954	4249	4050	728	50.4885
lcl|NC_052669.1_mrna_XM_026134382.2_15955	6552	6353	27.619	1.22108
lcl|NC_052669.1_mrna_XM_011168169.3_15956	6541	6342	0	0
lcl|NC_052669.1_mrna_XM_039450900.1_15957	6656	6457	26.368	1.147
lcl|NC_052669.1_mrna_XM_011168171.3_15958	7298	7099	3.01295	0.11921
lcl|NC_052669.1_mrna_XM_011168170.3_15959	7414	7215	2.6225e-07	1.02093e-08
lcl|NC_052669.1_ncrna_XR_850977.3_15960	1113	914	14	4.30227
lcl|NC_052669.1_mrna_XM_011168167.3_15961	5034	4835	0	0
lcl|NC_052669.1_mrna_XM_011168168.3_15962	4877	4678	44	2.64185
lcl|NC_052669.1_mrna_XM_026134381.2_15963	4771	4572	219	13.4541
lcl|NC_052669.1_mrna_XM_039450901.1_15964	9874	9675	2.99988	0.08709
lcl|NC_052669.1_mrna_XM_011168206.3_15965	9972	9773	0.000122193	3.51185e-06
lcl|NC_052669.1_trna_15966	73	3.5471	0	0
lcl|NC_052669.1_trna_15967	83	3.78007	0	0
lcl|NC_052669.1_trna_15968	72	3.52559	0	0
lcl|NC_052669.1_mrna_XM_011168165.3_15969	6533	6334	6	0.266066
lcl|NC_052669.1_mrna_XM_039450898.1_15970	7990	7791	0	0
lcl|NC_052669.1_miscrna_XR_005575059.1_15971	6588	6389	0	0
lcl|NC_052669.1_mrna_XM_011168164.3_15972	3747	3548	436	34.5159
lcl|NC_052669.1_mrna_XM_011168163.3_15973	967	768	467	170.794
lcl|NC_052669.1_mrna_XM_011168162.3_15974	1801	1602	49	8.59111
lcl|NC_052669.1_mrna_XM_039450904.1_15975	1865	1666	127.244	21.4524
lcl|NC_052669.1_mrna_XM_011168149.2_15976	1905	1706	77.0633	12.6877
lcl|NC_052669.1_mrna_XM_011168150.3_15977	1884	1685	339.003	56.5092
lcl|NC_052669.1_mrna_XM_011168151.3_15978	1296	1097	514.418	131.712
lcl|NC_052669.1_mrna_XM_011168161.3_15979	6864	6665	211.029	8.89319
lcl|NC_052669.1_mrna_XM_039450903.1_15980	6680	6481	0.000645014	2.79539e-05
lcl|NC_052669.1_mrna_XM_011168160.3_15981	7118	6919	40.0339	1.62518
lcl|NC_052669.1_mrna_XM_011168155.3_15982	1717	1518	6.52156	1.20669
lcl|NC_052669.1_mrna_XM_011168157.3_15983	1704	1505	0	0
lcl|NC_052669.1_mrna_XM_011168156.3_15984	1768	1569	0	0
lcl|NC_052669.1_mrna_XM_039450902.1_15985	6698	6499	68.6869	2.96854
lcl|NC_052669.1_mrna_XM_011168148.3_15986	1108	909	5050	1560.43
lcl|NC_052669.1_mrna_XM_011168147.3_15987	3720	3521	100.401	8.00914
lcl|NC_052669.1_mrna_XM_039450906.1_15988	3837	3638	0.142871	0.0110306
lcl|NC_052669.1_mrna_XM_011168146.3_15989	3813	3614	0.188501	0.0146502
lcl|NC_052669.1_mrna_XM_011168145.3_15990	3838	3639	61.268	4.72898
lcl|NC_052669.1_mrna_XM_039450421.1_15991	2253	2054	4209	575.565
lcl|NC_052669.1_mrna_XM_011168144.3_15992	5109	4910	11	0.629255
lcl|NC_052669.1_mrna_XM_026134365.2_15993	14509	14310	0	0
lcl|NC_052669.1_mrna_XM_026134363.2_15994	14536	14337	0	0
lcl|NC_052669.1_mrna_XM_039451000.1_15995	14328	14129	0	0
lcl|NC_052669.1_mrna_XM_039450997.1_15996	13895	13696	4	0.0820317
lcl|NC_052669.1_mrna_XM_039451001.1_15997	7565	7366	0	0
lcl|NC_052669.1_mrna_XM_039450999.1_15998	7026	6827	0	0
lcl|NC_052669.1_mrna_XM_026134361.2_15999	7027	6828	0	0
lcl|NC_052669.1_mrna_XM_026134359.2_16000	6990	6791	0	0
lcl|NC_052669.1_mrna_XM_026134360.2_16001	7390	7191	0	0
lcl|NC_052669.1_mrna_XM_026134362.2_16002	7556	7357	0	0
lcl|NC_052669.1_mrna_XM_026134364.2_16003	6729	6530	0	0
lcl|NC_052669.1_mrna_XM_026134366.2_16004	6704	6505	0	0
lcl|NC_052669.1_ncrna_XR_005575087.1_16005	548	349	0	0
lcl|NC_052669.1_mrna_XM_011168141.3_16006	1752	1553	448	81.0256
lcl|NC_052669.1_mrna_XM_026134377.2_16007	2428	2229	894	112.653
lcl|NC_052669.1_mrna_XM_039451027.1_16008	1633	1434	93	18.2159
lcl|NC_052669.1_mrna_XM_026134370.2_16009	5479	5280	179	9.52215
lcl|NC_052669.1_mrna_XM_026134373.2_16010	2783	2584	236.261	25.6812
lcl|NC_052669.1_mrna_XM_011168135.3_16011	2186	1987	416	58.8046
lcl|NC_052669.1_mrna_XM_039451021.1_16012	2548	2349	201.508	24.0949
lcl|NC_052669.1_mrna_XM_039451020.1_16013	2109	1910	0	0
lcl|NC_052669.1_mrna_XM_039451025.1_16014	1963	1764	174.803	27.8335
lcl|NC_052669.1_mrna_XM_039451019.1_16015	1896	1697	2.64387	0.437597
lcl|NC_052669.1_mrna_XM_039451018.1_16016	2117	1918	40.7895	5.97332
lcl|NC_052669.1_mrna_XM_026134371.2_16017	2192	1993	0.204013	0.0287519
lcl|NC_052669.1_mrna_XM_039451017.1_16018	2195	1996	19.2891	2.71436
lcl|NC_052669.1_mrna_XM_039451016.1_16019	2292	2093	0	0
lcl|NC_052669.1_mrna_XM_039451023.1_16020	1915	1716	217.311	35.5697
lcl|NC_052669.1_mrna_XM_039451024.1_16021	1986	1787	2.01024e-08	3.15964e-09
lcl|NC_052669.1_mrna_XM_039451022.1_16022	1984	1785	4.39481e-06	6.9154e-07
lcl|NC_052669.1_mrna_XM_011168128.3_16023	1489	1290	801.827	174.585
lcl|NC_052669.1_mrna_XM_039451005.1_16024	4195	3996	252.323	17.7357
lcl|NC_052669.1_mrna_XM_011168130.3_16025	3164	2965	490.511	46.4665
lcl|NC_052669.1_mrna_XM_011168131.3_16026	3292	3093	251.339	22.8242
lcl|NC_052669.1_mrna_XM_039451007.1_16027	6433	6234	0	0
lcl|NC_052669.1_mrna_XM_039451008.1_16028	6869	6670	2.54158e-07	1.07027e-08
lcl|NC_052669.1_mrna_XM_026134341.2_16029	6789	6590	0.0458399	0.00195377
lcl|NC_052669.1_mrna_XM_026134345.2_16030	6747	6548	27.9459	1.19874
lcl|NC_052669.1_mrna_XM_026134344.2_16031	6753	6554	11.1521	0.477933
lcl|NC_052669.1_mrna_XM_026134342.2_16032	6783	6584	0.114294	0.00487583
lcl|NC_052669.1_mrna_XM_039451006.1_16033	6780	6581	0.180529	0.00770499
lcl|NC_052669.1_mrna_XM_026134343.2_16034	6774	6575	0.450682	0.0192526
lcl|NC_052669.1_mrna_XM_011168125.3_16035	2117	1918	218	31.9245
lcl|NC_052669.1_ncrna_XR_005575100.1_16036	1665	1466	1.11064	0.212792
lcl|NC_052669.1_mrna_XM_039451028.1_16037	4254	4055	0	0
lcl|NC_052669.1_miscrna_XR_003268641.2_16038	4310	4111	0	0
lcl|NC_052669.1_mrna_XM_011168114.3_16039	4132	3933	43.6959	3.12056
lcl|NC_052669.1_mrna_XM_039451030.1_16040	4212	4013	0	0
lcl|NC_052669.1_mrna_XM_011168117.3_16041	4187	3988	62.2063	4.38122
lcl|NC_052669.1_miscrna_XR_850974.3_16042	4267	4068	19.9461	1.37718
lcl|NC_052669.1_miscrna_XR_005575089.1_16043	3008	2809	0	0
lcl|NC_052669.1_mrna_XM_011168118.3_16044	2885	2686	15.3929	1.60964
lcl|NC_052669.1_mrna_XM_026134347.2_16045	3007	2808	221.067	22.1127
lcl|NC_052669.1_miscrna_XR_005575090.1_16046	2965	2766	2.87827	0.292277
lcl|NC_052669.1_mrna_XM_011168113.3_16047	3087	2888	37.8726	3.68335
lcl|NC_052669.1_mrna_XM_011168124.3_16048	1827	1628	32.4913	5.60568
lcl|NC_052669.1_mrna_XM_039451031.1_16049	1629	1430	0	0
lcl|NC_052669.1_mrna_XM_026134350.2_16050	1372	1173	0	0
lcl|NC_052669.1_mrna_XM_026134348.2_16051	1600	1401	140.851	28.2383
lcl|NC_052669.1_mrna_XM_026134349.2_16052	1558	1359	28.5986	5.91073
lcl|NC_052669.1_mrna_XM_011168111.3_16053	1872	1673	1269	213.05
lcl|NC_052669.1_mrna_XM_039451013.1_16054	8614	8415	29.0749	0.970466
lcl|NC_052669.1_mrna_XM_039451014.1_16055	2449	2250	54.9046	6.85396
lcl|NC_052669.1_mrna_XM_039451015.1_16056	13635	13436	0	0
lcl|NC_052669.1_mrna_XM_039451012.1_16057	13364	13165	75.0318	1.60081
lcl|NC_052669.1_mrna_XM_039451011.1_16058	1946	1747	89.8234	14.4415
lcl|NC_052669.1_mrna_XM_011168104.3_16059	6064	5865	0	0
lcl|NC_052669.1_mrna_XM_039451010.1_16060	2597	2398	0	0
lcl|NC_052669.1_mrna_XM_011168102.3_16061	2501	2302	9.1763	1.11964
lcl|NC_052669.1_mrna_XM_026134319.2_16062	6834	6635	404.469	17.1222
lcl|NC_052669.1_mrna_XM_011168095.3_16063	2577	2378	2	0.236229
lcl|NC_052669.1_mrna_XM_011168097.3_16064	4209	4010	72	5.04317
lcl|NC_052669.1_mrna_XM_011168100.3_16065	1689	1490	55.7709	10.5133
lcl|NC_052669.1_mrna_XM_011168099.3_16066	1776	1577	650.76	115.906
lcl|NC_052669.1_mrna_XM_011168098.3_16067	1803	1604	0	0
lcl|NC_052669.1_mrna_XM_011168093.3_16068	3887	3688	90	6.85437
lcl|NC_052669.1_mrna_XM_011168201.3_16069	1593	1394	45.8754	9.24343
lcl|NC_052669.1_ncrna_XR_003268638.2_16070	867	668	32.1246	13.5075
lcl|NC_052669.1_mrna_XM_011168092.3_16071	1415	1216	332	76.6867
lcl|NC_052669.1_mrna_XM_011168090.3_16072	2301	2102	961	128.412
lcl|NC_052669.1_mrna_XM_011168091.3_16073	2327	2128	489	64.5436
lcl|NC_052669.1_mrna_XM_011168089.3_16074	5313	5114	171	9.39185
lcl|NC_052669.1_ncrna_XR_005575099.1_16075	1608	1409	23.2821	4.64116
lcl|NC_052669.1_mrna_XM_026134325.2_16076	1381	1182	166.748	39.6241
lcl|NC_052669.1_miscrna_XR_005575093.1_16077	2038	1839	783.332	119.641
lcl|NC_052669.1_miscrna_XR_005575094.1_16078	1996	1797	477.712	74.6678
lcl|NC_052669.1_mrna_XM_039451034.1_16079	1292	1093	83.8345	21.5436
lcl|NC_052669.1_miscrna_XR_005575092.1_16080	1465	1266	81.7588	18.1391
lcl|NC_052669.1_mrna_XM_026134326.2_16081	1474	1275	1500.19	330.486
lcl|NC_052669.1_mrna_XM_039451033.1_16082	1290	1091	362.114	93.2257
lcl|NC_052669.1_mrna_XM_011168087.3_16083	2796	2597	53.1442	5.74778
lcl|NC_052669.1_mrna_XM_011168085.3_16084	2800	2601	271.821	29.3534
lcl|NC_052669.1_mrna_XM_011168086.3_16085	2818	2619	616.059	66.0697
lcl|NC_052669.1_mrna_XM_026134327.2_16086	3739	3540	0	0
lcl|NC_052669.1_mrna_XM_039451036.1_16087	3586	3387	0	0
lcl|NC_052669.1_mrna_XM_026134335.2_16088	3594	3395	0	0
lcl|NC_052669.1_mrna_XM_026134329.2_16089	3728	3529	0.000318733	2.53683e-05
lcl|NC_052669.1_mrna_XM_026134331.2_16090	3647	3448	0	0
lcl|NC_052669.1_mrna_XM_026134333.2_16091	3638	3439	785.114	64.1234
lcl|NC_052669.1_mrna_XM_026134332.2_16092	3638	3439	0	0
lcl|NC_052669.1_mrna_XM_026134334.2_16093	3629	3430	115.849	9.48665
lcl|NC_052669.1_mrna_XM_026134336.2_16094	3409	3210	284.59	24.9018
lcl|NC_052669.1_mrna_XM_026134328.2_16095	3611	3412	2.66604e-05	2.19469e-06
lcl|NC_052669.1_mrna_XM_039451035.1_16096	3508	3309	49.1672	4.17345
lcl|NC_052669.1_mrna_XM_026134330.2_16097	3306	3107	711.279	64.3005
lcl|NC_052669.1_mrna_XM_011168079.3_16098	1098	899	62.3289	19.4736
lcl|NC_052669.1_mrna_XM_039451038.1_16099	4170	3971	14.7419	1.04272
lcl|NC_052669.1_mrna_XM_011168078.3_16100	2983	2784	121.929	12.3014
lcl|NC_052669.1_mrna_XM_011168076.3_16101	3436	3237	0.48979	0.0424994
lcl|NC_052669.1_mrna_XM_011168075.3_16102	3447	3248	270.397	23.3831
lcl|NC_052669.1_mrna_XM_011168077.3_16103	3426	3227	354.388	30.8458
lcl|NC_052669.1_mrna_XM_026134337.2_16104	3428	3229	1271.72	110.622
lcl|NC_052669.1_mrna_XM_011168073.3_16105	1131	932	535.004	161.234
lcl|NC_052669.1_mrna_XM_039451037.1_16106	1111	912	54.9963	16.9377
lcl|NC_052669.1_mrna_XM_011168060.3_16107	1222	1023	498	136.732
lcl|NC_052669.1_mrna_XM_011168061.3_16108	1080	881	319.314	101.802
lcl|NC_052669.1_mrna_XM_011168063.3_16109	952	753	245.686	91.6434
lcl|NC_052669.1_mrna_XM_039451039.1_16110	823	624	0	0
lcl|NC_052669.1_ncrna_XR_005575098.1_16111	8660	8461	0	0
lcl|NC_052669.1_mrna_XM_011168064.3_16112	6702	6503	0	0
lcl|NC_052669.1_ncrna_XR_003268643.2_16113	1524	1325	19.797	4.19662
lcl|NC_052669.1_ncrna_XR_003268644.2_16114	778	579	2.20297	1.06867
lcl|NC_052669.1_ncrna_XR_003268645.2_16115	1862	1663	0	0
lcl|NC_052669.1_mrna_XM_011168065.3_16116	4318	4119	143	9.75124
lcl|NC_052669.1_mrna_XM_011168066.3_16117	2374	2175	557	71.9303
lcl|NC_052669.1_mrna_XM_011168067.3_16118	673	474	401	237.619
lcl|NC_052669.1_ncrna_XR_850972.3_16119	2462	2263	17676.1	2193.9
lcl|NC_052669.1_mrna_XM_011168069.3_16120	1907	1708	67	11.018
lcl|NC_052669.1_mrna_XM_011168070.3_16121	4049	3850	42	3.06411
lcl|NC_052669.1_mrna_XM_039451002.1_16122	5610	5411	0	0
lcl|NC_052669.1_mrna_XM_011168072.3_16123	4686	4487	7	0.438185
lcl|NC_052669.1_mrna_XM_039451003.1_16124	4575	4376	0	0
lcl|NC_052669.1_mrna_XM_039451004.1_16125	3829	3630	4.99967	0.386857
lcl|NC_052669.1_mrna_XM_026134356.2_16126	3120	2921	0.000328905	3.16267e-05
lcl|NC_052669.1_mrna_XM_011168058.3_16127	2897	2698	904.458	94.1591
lcl|NC_052669.1_mrna_XM_026134394.2_16128	1816	1617	6.79316	1.17999
lcl|NC_052669.1_mrna_XM_039450401.1_16129	2497	2298	6.7489	0.824895
lcl|NC_052669.1_mrna_XM_011168198.3_16130	1444	1245	0	0
lcl|NC_052669.1_mrna_XM_026134395.2_16131	1193	994	0	0
lcl|NC_052669.1_mrna_XM_011168057.3_16132	3405	3206	0	0
lcl|NC_052669.1_mrna_XM_011168196.3_16133	3026	2827	0	0
lcl|NC_052669.1_mrna_XM_011168056.2_16134	681	482	0	0
lcl|NC_052669.1_mrna_XM_011168195.3_16135	909	710	0	0
lcl|NC_052669.1_mrna_XM_011168055.3_16136	1628	1429	16	3.14488
lcl|NC_052669.1_mrna_XM_011168194.2_16137	747	548	1	0.512549
lcl|NC_052669.1_mrna_XM_011168192.3_16138	847	648	0	0
lcl|NC_052669.1_mrna_XM_011168191.2_16139	1656	1457	0	0
lcl|NC_052669.1_mrna_XM_026134354.2_16140	22520	22321	0	0
lcl|NC_052669.1_mrna_XM_039450640.1_16141	22297	22098	0	0
lcl|NC_052669.1_mrna_XM_039450639.1_16142	22213	22014	0	0
lcl|NC_052669.1_mrna_XM_011168049.3_16143	2848	2649	9	0.954281
lcl|NC_052669.1_mrna_XM_011168050.3_16144	2500	2301	8.14726	0.994514
lcl|NC_052669.1_mrna_XM_011168052.3_16145	2467	2268	0.2864	0.0354687
lcl|NC_052669.1_mrna_XM_011168051.3_16146	2456	2257	37.5663	4.67501
lcl|NC_052669.1_mrna_XM_011168053.3_16147	993	794	195	68.9811
lcl|NC_052669.1_mrna_XM_039450638.1_16148	5774	5575	129	6.49921
lcl|NC_052669.1_mrna_XM_039450652.1_16149	2484	2285	32.3502	3.97655
lcl|NC_052669.1_mrna_XM_039450649.1_16150	3973	3774	0	0
lcl|NC_052669.1_mrna_XM_039450651.1_16151	3977	3778	0	0
lcl|NC_052669.1_mrna_XM_039450648.1_16152	3869	3670	2.64982	0.202799
lcl|NC_052669.1_mrna_XM_039450647.1_16153	4841	4642	0	0
lcl|NC_052669.1_mrna_XM_026134339.2_16154	843	644	526	229.412
lcl|NC_052669.1_mrna_XM_011168035.3_16155	1913	1714	0	0
lcl|NC_052669.1_mrna_XM_011168034.3_16156	1958	1759	12	1.91616
lcl|NC_052669.1_mrna_XM_026134386.2_16157	4950	4751	0.0283396	0.00167543
lcl|NC_052669.1_mrna_XM_026134388.2_16158	4964	4765	0.00148145	8.73251e-05
lcl|NC_052669.1_mrna_XM_026134390.2_16159	6089	5890	0	0
lcl|NC_052669.1_mrna_XM_026134389.2_16160	4909	4710	168.97	10.0764
lcl|NC_052669.1_mrna_XM_011168190.2_16161	1038	839	4	1.3391
lcl|NC_052669.1_mrna_XM_011164727.3_16162	2801	2602	0	0
lcl|NC_052669.1_mrna_XM_011164722.3_16163	2517	2318	325	39.3809
lcl|NC_052669.1_mrna_XM_039450653.1_16164	2326	2127	3.36062	0.44378
lcl|NC_052669.1_mrna_XM_039450655.1_16165	2917	2718	2.22073	0.22949
lcl|NC_052669.1_mrna_XM_039450654.1_16166	2979	2780	0	0
lcl|NC_052669.1_mrna_XM_039450656.1_16167	2035	1836	2.41865	0.370012
lcl|NC_052669.1_mrna_XM_039450853.1_16168	2307	2108	4	0.532973
lcl|NC_052669.1_mrna_XM_039450646.1_16169	5595	5396	3	0.156158
lcl|NC_052669.1_mrna_XM_039450645.1_16170	7813	7614	0	0
lcl|NC_052669.1_mrna_XM_039450643.1_16171	2197	1998	0	0
lcl|NC_052669.1_mrna_XM_026134383.2_16172	3270	3071	0	0
lcl|NC_052669.1_miscrna_XR_005575017.1_16173	3291	3092	55.4926	5.04094
lcl|NC_052669.1_mrna_XM_039450642.1_16174	4052	3853	0	0
lcl|NC_052669.1_mrna_XM_039450658.1_16175	3055	2856	1	0.0983462
lcl|NC_052669.1_mrna_XM_026134379.2_16176	3614	3415	1.019	0.0838107
lcl|NC_052669.1_mrna_XM_011170703.3_16177	2257	2058	397.248	54.2165
lcl|NC_052669.1_mrna_XM_011170697.3_16178	2472	2273	127.673	15.7766
lcl|NC_052669.1_mrna_XM_011170678.3_16179	2555	2356	4.5871	0.546863
lcl|NC_052669.1_mrna_XM_011170653.3_16180	1840	1641	133.199	22.7987
lcl|NC_052669.1_mrna_XM_011170641.3_16181	2106	1907	104.801	15.4358
lcl|NC_052669.1_mrna_XM_011170613.3_16182	1835	1636	12.2133	2.09685
lcl|NC_052669.1_mrna_XM_011170604.3_16183	1937	1738	0	0
lcl|NC_052669.1_mrna_XM_011170629.3_16184	1483	1284	1699.79	371.831
lcl|NC_052669.1_mrna_XM_026134352.2_16185	1655	1456	215	41.4756
lcl|NC_052669.1_mrna_XM_026134317.2_16186	1420	1221	272.348	62.6504
lcl|NC_052669.1_miscrna_XR_005575129.1_16187	1425	1226	0	0
lcl|NC_052669.1_mrna_XM_039451282.1_16188	3959	3760	0	0
lcl|NC_052669.1_miscrna_XR_005575128.1_16189	3512	3313	803.03	68.081
lcl|NC_052669.1_mrna_XM_011170572.3_16190	3938	3739	41.4408	3.11307
lcl|NC_052669.1_mrna_XM_039451284.1_16191	3865	3666	1475.18	113.023
lcl|NC_052669.1_mrna_XM_039451285.1_16192	3705	3506	0	0
lcl|NC_052669.1_miscrna_XR_851084.3_16193	1291	1092	0	0
lcl|NC_052669.1_mrna_XM_011170544.3_16194	1286	1087	0	0
lcl|NC_052669.1_miscrna_XR_005575130.1_16195	1426	1227	0	0
lcl|NC_052669.1_mrna_XM_011170562.3_16196	1193	994	355.029	100.321
lcl|NC_052669.1_mrna_XM_011170551.3_16197	1232	1033	6.97073	1.89537
lcl|NC_052669.1_ncrna_XR_003268642.2_16198	968	769	0	0
lcl|NC_052669.1_mrna_XM_011170534.3_16199	4534	4335	0	0
lcl|NC_052669.1_mrna_XM_011170530.3_16200	3575	3376	103	8.5694
lcl|NC_052669.1_mrna_XM_026134314.2_16201	3569	3370	1778.96	148.27
lcl|NC_052669.1_mrna_XM_026134313.2_16202	3722	3523	502.037	40.0257
lcl|NC_052669.1_mrna_XM_026134315.2_16203	2666	2467	648.558	73.8406
lcl|NC_052669.1_mrna_XM_039450495.1_16204	2714	2515	2447.12	273.296
lcl|NC_052669.1_mrna_XM_039450498.1_16205	2693	2494	11.3433	1.2775
lcl|NC_052669.1_mrna_XM_039450496.1_16206	2712	2513	76.329	8.53125
lcl|NC_052669.1_mrna_XM_039450497.1_16207	2507	2308	852.651	103.765
lcl|NC_052669.1_mrna_XM_011170516.3_16208	2218	2019	47	6.53849
lcl|NC_052669.1_mrna_XM_039450500.1_16209	11398	11199	7.84466	0.196748
lcl|NC_052669.1_mrna_XM_039450499.1_16210	11205	11006	0	0
lcl|NC_052669.1_ncrna_XR_005575002.1_16211	1047	848	4	1.32489
lcl|NC_052669.1_mrna_XM_011164777.2_16212	1079	880	0	0
lcl|NC_052669.1_mrna_XM_011173514.3_16213	1920	1721	243.843	39.7966
lcl|NC_052669.1_mrna_XM_011173513.3_16214	2060	1861	384.794	58.0761
lcl|NC_052669.1_mrna_XM_026138154.2_16215	1834	1635	0	0
lcl|NC_052669.1_mrna_XM_011173515.2_16216	1583	1384	69.5176	14.1083
lcl|NC_052669.1_mrna_XM_026138155.2_16217	1420	1221	101.463	23.3404
lcl|NC_052669.1_mrna_XM_011173512.3_16218	2643	2444	95.3554	10.9587
lcl|NC_052669.1_mrna_XM_011173510.3_16219	1464	1265	120.455	26.7455
lcl|NC_052669.1_mrna_XM_026138156.2_16220	982	783	0	0
lcl|NC_052669.1_mrna_XM_039450510.1_16221	1068	869	11.3187	3.65841
lcl|NC_052669.1_mrna_XM_011173509.3_16222	1240	1041	161.253	43.5083
lcl|NC_052669.1_mrna_XM_026138157.2_16223	1201	1002	0	0
lcl|NC_052669.1_mrna_XM_011173508.3_16224	4343	4144	2	0.135558
lcl|NC_052669.1_mrna_XM_039450505.1_16225	5943	5744	0	0
lcl|NC_052669.1_mrna_XM_039450504.1_16226	6080	5881	0	0
lcl|NC_052669.1_mrna_XM_039450506.1_16227	5840	5641	0	0
lcl|NC_052669.1_mrna_XM_011173507.3_16228	3694	3495	12.0011	0.964474
lcl|NC_052669.1_mrna_XM_039450507.1_16229	4298	4099	113.765	7.79551
lcl|NC_052669.1_mrna_XM_011173505.3_16230	4025	3826	149.234	10.9557
lcl|NC_052669.1_mrna_XM_026138162.2_16231	1236	1037	9570.88	2592.32
lcl|NC_052669.1_mrna_XM_011173516.3_16232	2247	2048	21.1224	2.89687
lcl|NC_052669.1_mrna_XM_011173534.3_16233	4518	4319	211.819	13.7752
lcl|NC_052669.1_mrna_XM_011173517.3_16234	5706	5507	106.26	5.41962
lcl|NC_052669.1_mrna_XM_039450501.1_16235	5603	5404	0.000339756	1.7659e-05
lcl|NC_052669.1_mrna_XM_039450503.1_16236	5543	5344	24.8087	1.30393
lcl|NC_052669.1_mrna_XM_039450502.1_16237	5618	5419	1.26937	0.0657937
lcl|NC_052669.1_mrna_XM_026138148.2_16238	5738	5539	81.662	4.14099
lcl|NC_052669.1_mrna_XM_011173518.3_16239	4075	3876	207	15.0004
lcl|NC_052669.1_mrna_XM_011173519.3_16240	1293	1094	1096	281.39
lcl|NC_052669.1_mrna_XM_039450509.1_16241	4513	4314	39.1158	2.54676
lcl|NC_052669.1_mrna_XM_026138146.2_16242	3820	3621	905.06	70.2044
lcl|NC_052669.1_mrna_XM_039450508.1_16243	4549	4350	68.8242	4.44393
lcl|NC_052669.1_mrna_XM_011173520.3_16244	1544	1345	1620.97	338.507
lcl|NC_052669.1_ncrna_XR_005575001.1_16245	497	298	12.0324	11.341
lcl|NC_052669.1_mrna_XM_011164634.3_16246	2335	2136	1936	254.577
lcl|NC_052669.1_mrna_XM_026138165.2_16247	3338	3139	27.3016	2.44294
lcl|NC_052669.1_mrna_XM_026138166.2_16248	3326	3127	77.9317	7.00006
lcl|NC_052669.1_miscrna_XR_005575021.1_16249	6005	5806	18.9538	0.916926
lcl|NC_052669.1_miscrna_XR_005575022.1_16250	5993	5794	33.4901	1.62351
lcl|NC_052669.1_mrna_XM_026138168.2_16251	4479	4280	36.3401	2.38483
lcl|NC_052669.1_mrna_XM_039450681.1_16252	4467	4268	78.3759	5.15791
lcl|NC_052669.1_mrna_XM_026138170.2_16253	6722	6523	7.94213	0.341984
lcl|NC_052669.1_mrna_XM_026138172.2_16254	6417	6218	0.365271	0.0164998
lcl|NC_052669.1_mrna_XM_026138169.2_16255	3102	2903	0	0
lcl|NC_052669.1_mrna_XM_039450683.1_16256	6710	6511	13.2737	0.57261
lcl|NC_052669.1_mrna_XM_039450684.1_16257	6405	6206	0.626909	0.0283732
lcl|NC_052669.1_mrna_XM_039450682.1_16258	3090	2891	0	0
lcl|NC_052669.1_mrna_XM_039450680.1_16259	3022	2823	21.3989	2.1291
lcl|NC_052669.1_mrna_XM_026138167.2_16260	1686	1487	2.7746e-06	5.2409e-07
lcl|NC_052669.1_mrna_XM_011173524.3_16261	10307	10108	65.4609	1.819
lcl|NC_052669.1_mrna_XM_011173522.3_16262	10340	10141	2.48992	0.0689637
lcl|NC_052669.1_miscrna_XR_005575020.1_16263	7184	6985	63.0492	2.5353
lcl|NC_052669.1_mrna_XM_011173521.3_16264	1522	1323	1274	270.474
lcl|NC_052669.1_mrna_XM_011173528.3_16265	1586	1387	903	182.863
lcl|NC_052669.1_mrna_XM_026138163.2_16266	2791	2592	66.1878	7.1723
lcl|NC_052669.1_mrna_XM_011173530.3_16267	2873	2674	0	0
lcl|NC_052669.1_mrna_XM_039450685.1_16268	1577	1378	21.6408	4.41102
lcl|NC_052669.1_mrna_XM_011173529.3_16269	2032	1833	24.1714	3.70387
lcl|NC_052669.1_mrna_XM_011173531.3_16270	5008	4809	0.00279917	0.000163489
lcl|NC_052669.1_mrna_XM_011173532.3_16271	4992	4793	143.997	8.43844
lcl|NC_052669.1_mrna_XM_026138143.2_16272	12824	12625	8.12516	0.180766
lcl|NC_052669.1_mrna_XM_026138145.2_16273	2723	2524	10	1.11282
lcl|NC_052669.1_ncrna_XR_005575121.1_16274	3074	2875	1	0.0976962
lcl|NC_052669.1_mrna_XM_011161520.3_16275	3032	2833	806	79.9106
lcl|NC_052669.1_mrna_XM_039450293.1_16276	2633	2434	427	49.2746
lcl|NC_052669.1_mrna_XM_026138139.2_16277	2517	2318	25.9952	3.14989
lcl|NC_052669.1_mrna_XM_011161519.3_16278	2553	2354	298.005	35.5576
lcl|NC_052669.1_mrna_XM_039450296.1_16279	1058	859	227.082	74.2516
lcl|NC_052669.1_mrna_XM_039450295.1_16280	1277	1078	575.918	150.057
lcl|NC_052669.1_mrna_XM_011161518.3_16281	1303	1104	55.7965	14.1956
lcl|NC_052669.1_mrna_XM_039450294.1_16282	1700	1501	59.2035	11.0785
lcl|NC_052669.1_mrna_XM_011161516.3_16283	3339	3140	1737	155.377
lcl|NC_052669.1_mrna_XM_011161512.3_16284	3299	3100	1206.03	109.273
lcl|NC_052669.1_mrna_XM_026138137.2_16285	3680	3481	15.4711	1.24834
lcl|NC_052669.1_mrna_XM_039450269.1_16286	3626	3427	0	0
lcl|NC_052669.1_mrna_XM_011161513.3_16287	3230	3031	17.4966	1.62137
lcl|NC_052669.1_mrna_XM_011161514.3_16288	3386	3187	0	0
lcl|NC_052669.1_mrna_XM_011161515.3_16289	2388	2189	1444	185.284
lcl|NC_052670.1_mrna_XM_039451775.1_16290	1210	1011	0	0
lcl|NC_052670.1_mrna_XM_011170438.3_16291	2331	2132	4341	571.898
lcl|NC_052670.1_mrna_XM_011170426.3_16292	878	679	1441	596.087
lcl|NC_052670.1_mrna_XM_039451976.1_16293	2644	2445	81.3078	9.34048
lcl|NC_052670.1_mrna_XM_026141597.2_16294	2641	2442	672.012	77.2943
lcl|NC_052670.1_mrna_XM_039451977.1_16295	2554	2355	0	0
lcl|NC_052670.1_mrna_XM_039451979.1_16296	2551	2352	46.5931	5.56416
lcl|NC_052670.1_mrna_XM_039451984.1_16297	1845	1646	0	0
lcl|NC_052670.1_mrna_XM_039451983.1_16298	1930	1731	0	0
lcl|NC_052670.1_mrna_XM_039451982.1_16299	1837	1638	1.91399	0.328202
lcl|NC_052670.1_mrna_XM_039451981.1_16300	1924	1725	0	0
lcl|NC_052670.1_mrna_XM_039451958.1_16301	5588	5389	0	0
lcl|NC_052670.1_mrna_XM_039451960.1_16302	5766	5567	0	0
lcl|NC_052670.1_mrna_XM_039451957.1_16303	5114	4915	6.92152	0.395543
lcl|NC_052670.1_mrna_XM_039451962.1_16304	5136	4937	0.0784833	0.00446509
lcl|NC_052670.1_mrna_XM_039451959.1_16305	5239	5040	0	0
lcl|NC_052670.1_mrna_XM_039451963.1_16306	4705	4506	0	0
lcl|NC_052670.1_mrna_XM_039451961.1_16307	5036	4837	0	0
lcl|NC_052670.1_mrna_XM_039451970.1_16308	2480	2281	123.625	15.2229
lcl|NC_052670.1_mrna_XM_026140887.2_16309	2496	2297	134.375	16.4313
lcl|NC_052670.1_mrna_XM_011170400.3_16310	4733	4534	37.6265	2.33092
lcl|NC_052670.1_mrna_XM_011170391.3_16311	4492	4293	9.37352	0.613278
lcl|NC_052670.1_mrna_XM_011170322.3_16312	3039	2840	450	44.5051
lcl|NC_052670.1_mrna_XM_011170350.3_16313	5398	5199	9.7688	0.527761
lcl|NC_052670.1_mrna_XM_026140885.2_16314	4717	4518	0	0
lcl|NC_052670.1_mrna_XM_011170332.3_16315	5733	5534	113.836	5.77773
lcl|NC_052670.1_mrna_XM_011170341.3_16316	5575	5376	16.3834	0.855974
lcl|NC_052670.1_mrna_XM_039451955.1_16317	5059	4860	0	0
lcl|NC_052670.1_mrna_XM_039451969.1_16318	5335	5136	26.2508	1.4356
lcl|NC_052670.1_mrna_XM_039451968.1_16319	2517	2318	0	0
lcl|NC_052670.1_mrna_XM_039451965.1_16320	2696	2497	0	0
lcl|NC_052670.1_mrna_XM_039451967.1_16321	2961	2762	0	0
lcl|NC_052670.1_mrna_XM_039451966.1_16322	3647	3448	0	0
lcl|NC_052670.1_mrna_XM_011170378.3_16323	1992	1793	4.7607	0.745773
lcl|NC_052670.1_mrna_XM_039451975.1_16324	1911	1712	166.18	27.264
lcl|NC_052670.1_mrna_XM_039451974.1_16325	2213	2014	0	0
lcl|NC_052670.1_mrna_XM_026140904.2_16326	1615	1416	571.82	113.426
lcl|NC_052670.1_mrna_XM_026140888.2_16327	5382	5183	257.657	13.963
lcl|NC_052670.1_mrna_XM_039451956.1_16328	5265	5066	3.17706e-06	1.76148e-07
lcl|NC_052670.1_mrna_XM_026140889.2_16329	5473	5274	124.566	6.63399
lcl|NC_052670.1_mrna_XM_039451971.1_16330	2382	2183	2.7288	0.351102
lcl|NC_052670.1_mrna_XM_039451972.1_16331	2387	2188	0	0
lcl|NC_052670.1_mrna_XM_039451980.1_16332	838	639	2	0.879113
lcl|NC_052670.1_mrna_XM_026140899.2_16333	1728	1529	2.13797	0.392745
lcl|NC_052670.1_mrna_XM_039451973.1_16334	1665	1466	0	0
lcl|NC_052670.1_mrna_XM_026140895.2_16335	1788	1589	0	0
lcl|NC_052670.1_mrna_XM_026140896.2_16336	1588	1389	0	0
lcl|NC_052670.1_mrna_XM_026140891.2_16337	2217	2018	190.739	26.5481
lcl|NC_052670.1_mrna_XM_026140893.2_16338	1741	1542	0	0
lcl|NC_052670.1_mrna_XM_039451789.1_16339	1236	1037	2	0.54171
lcl|NC_052670.1_mrna_XM_011170246.3_16340	1884	1685	1492.04	248.711
lcl|NC_052670.1_mrna_XM_011170237.3_16341	2130	1931	1345.96	195.779
lcl|NC_052670.1_ncrna_XR_003269462.2_16342	2889	2690	48	5.01193
lcl|NC_052670.1_mrna_XM_011170227.3_16343	2595	2396	164	19.2253
lcl|NC_052670.1_mrna_XM_026140908.2_16344	2428	2229	140.847	17.7482
lcl|NC_052670.1_mrna_XM_026140906.2_16345	2508	2309	670.869	81.6074
lcl|NC_052670.1_mrna_XM_026140907.2_16346	2005	1806	190.284	29.5938
lcl|NC_052670.1_mrna_XM_011170201.3_16347	2259	2060	772	105.261
lcl|NC_052670.1_mrna_XM_011158808.3_16348	959	760	1558	575.797
lcl|NC_052670.1_ncrna_XR_005575174.1_16349	317	118	0	0
lcl|NC_052670.1_mrna_XM_039451464.1_16350	905	706	0.283816	0.112914
lcl|NC_052670.1_mrna_XM_039451463.1_16351	935	736	0	0
lcl|NC_052670.1_mrna_XM_011164578.3_16352	1528	1329	3976	840.305
lcl|NC_052670.1_mrna_XM_039452052.1_16353	1297	1098	1616	413.385
lcl|NC_052670.1_mrna_XM_039452050.1_16354	15982	15783	11.0479	0.196611
lcl|NC_052670.1_mrna_XM_039452051.1_16355	15940	15741	159.952	2.85413
lcl|NC_052670.1_mrna_XM_039452053.1_16356	5370	5171	62	3.3677
lcl|NC_052670.1_ncrna_XR_005575248.1_16357	2072	1873	4	0.599843
lcl|NC_052670.1_ncrna_XR_003268788.2_16358	3514	3315	2	0.169458
lcl|NC_052670.1_ncrna_XR_005575247.1_16359	1468	1269	3	0.664011
lcl|NC_052670.1_mrna_XM_026135663.1_16360	679	480	210	122.884
lcl|NC_052670.1_mrna_XM_011157930.3_16361	1927	1728	100	16.2544
lcl|NC_052670.1_mrna_XM_039452154.1_16362	12435	12236	0	0
lcl|NC_052670.1_mrna_XM_039452156.1_16363	7046	6847	0	0
lcl|NC_052670.1_mrna_XM_039452155.1_16364	7049	6850	0	0
lcl|NC_052670.1_mrna_XM_039452157.1_16365	12135	11936	0	0
lcl|NC_052670.1_mrna_XM_026135662.2_16366	6852	6653	0	0
lcl|NC_052670.1_mrna_XM_039452158.1_16367	12115	11916	15.0185	0.354007
lcl|NC_052670.1_mrna_XM_026135660.2_16368	6728	6529	0	0
lcl|NC_052670.1_mrna_XM_011157933.3_16369	2547	2348	1241.92	148.564
lcl|NC_052670.1_mrna_XM_011157934.3_16370	2554	2355	74	8.82585
lcl|NC_052670.1_mrna_XM_011157935.3_16371	1113	914	935.718	287.551
lcl|NC_052670.1_mrna_XM_011157936.3_16372	900	701	372.691	149.33
lcl|NC_052670.1_mrna_XM_011157937.3_16373	934	735	201.591	77.0369
lcl|NC_052670.1_mrna_XM_026135658.2_16374	2030	1831	1475	226.266
lcl|NC_052670.1_mrna_XM_026135689.2_16375	8375	8176	24.1893	0.830996
lcl|NC_052670.1_mrna_XM_039452153.1_16376	7023	6824	129.811	5.34302
lcl|NC_052670.1_mrna_XM_026135688.2_16377	7850	7651	0	0
lcl|NC_052670.1_mrna_XM_011157944.3_16378	2834	2635	1032.02	110.008
lcl|NC_052670.1_mrna_XM_011157942.3_16379	2188	1989	1416.98	200.098
lcl|NC_052670.1_mrna_XM_011157941.3_16380	2038	1839	119	18.1753
lcl|NC_052670.1_ncrna_XR_850596.3_16381	862	663	315	133.448
lcl|NC_052670.1_mrna_XM_011157945.3_16382	2756	2557	539	59.2071
lcl|NC_052670.1_mrna_XM_011157946.3_16383	2061	1862	2427	366.105
lcl|NC_052670.1_mrna_XM_011157947.3_16384	6803	6604	75	3.18985
lcl|NC_052670.1_mrna_XM_011157950.3_16385	2425	2226	480	60.5664
lcl|NC_052670.1_mrna_XM_011157948.3_16386	2650	2451	52.2701	5.98998
lcl|NC_052670.1_mrna_XM_011157949.3_16387	2636	2437	916.37	105.616
lcl|NC_052670.1_mrna_XM_011157952.3_16388	3011	2812	345.492	34.5095
lcl|NC_052670.1_mrna_XM_039452217.1_16389	2735	2536	745.198	82.535
lcl|NC_052670.1_mrna_XM_039452218.1_16390	2546	2347	28.6703	3.43111
lcl|NC_052670.1_mrna_XM_011157951.3_16391	1852	1653	0	0
lcl|NC_052670.1_mrna_XM_011157953.3_16392	2050	1851	1085	164.641
lcl|NC_052670.1_ncrna_XR_850598.3_16393	2498	2299	3	0.36652
lcl|NC_052670.1_mrna_XM_011157955.3_16394	3720	3521	175.03	13.9624
lcl|NC_052670.1_mrna_XM_011157956.3_16395	5143	4944	3.47435	0.197383
lcl|NC_052670.1_mrna_XM_026135670.2_16396	4266	4067	5.49602	0.379568
lcl|NC_052670.1_mrna_XM_026135668.2_16397	4789	4590	0	0
lcl|NC_052670.1_mrna_XM_039452243.1_16398	4639	4440	0	0
lcl|NC_052670.1_mrna_XM_039452242.1_16399	4425	4226	0	0
lcl|NC_052670.1_mrna_XM_039452240.1_16400	4834	4635	0	0
lcl|NC_052670.1_mrna_XM_026135669.2_16401	4652	4453	0	0
lcl|NC_052670.1_mrna_XM_039452241.1_16402	3975	3776	0	0
lcl|NC_052670.1_mrna_XM_039452244.1_16403	3274	3075	0	0
lcl|NC_052670.1_mrna_XM_011157957.3_16404	2520	2321	183.353	22.1885
lcl|NC_052670.1_mrna_XM_026135671.2_16405	956	757	18.6475	6.91895
lcl|NC_052670.1_mrna_XM_039452245.1_16406	3176	2977	0	0
lcl|NC_052670.1_mrna_XM_011157960.3_16407	895	696	11	4.43914
lcl|NC_052670.1_mrna_XM_011157963.3_16408	2352	2153	8	1.04367
lcl|NC_052670.1_mrna_XM_039452246.1_16409	1443	1244	11	2.48364
lcl|NC_052670.1_mrna_XM_011157962.3_16410	3735	3536	2630	208.91
lcl|NC_052670.1_mrna_XM_011157966.3_16411	571	372	16	12.0807
lcl|NC_052670.1_mrna_XM_011157967.3_16412	482	283	15	14.8875
lcl|NC_052670.1_mrna_XM_011170483.3_16413	2280	2081	657	88.6766
lcl|NC_052670.1_mrna_XM_039451884.1_16414	3133	2934	9.3787	0.897839
lcl|NC_052670.1_mrna_XM_026135702.2_16415	3588	3389	70.5538	5.84742
lcl|NC_052670.1_mrna_XM_039451885.1_16416	3559	3360	0.0675178	0.0056441
lcl|NC_052670.1_mrna_XM_039451891.1_16417	3762	3563	0	0
lcl|NC_052670.1_miscrna_XR_005575232.1_16418	3652	3453	0	0
lcl|NC_052670.1_mrna_XM_026135744.2_16419	3529	3330	7.00912	0.591201
lcl|NC_052670.1_mrna_XM_011157968.3_16420	6381	6182	85.2435	3.873
lcl|NC_052670.1_mrna_XM_026135742.2_16421	3393	3194	699.757	61.5358
lcl|NC_052670.1_mrna_XM_039451896.1_16422	1866	1667	6.08135	1.02466
lcl|NC_052670.1_mrna_XM_011157978.3_16423	1911	1712	1.97383	0.323833
lcl|NC_052670.1_mrna_XM_039451887.1_16424	5985	5786	0	0
lcl|NC_052670.1_mrna_XM_039451886.1_16425	6717	6518	0	0
lcl|NC_052670.1_miscrna_XR_005575231.1_16426	7264	7065	0	0
lcl|NC_052670.1_mrna_XM_026135746.2_16427	7334	7135	0	0
lcl|NC_052670.1_mrna_XM_026135748.2_16428	3695	3496	0	0
lcl|NC_052670.1_mrna_XM_011157976.3_16429	2666	2467	0	0
lcl|NC_052670.1_mrna_XM_011157974.3_16430	2868	2669	0	0
lcl|NC_052670.1_mrna_XM_039451895.1_16431	2349	2150	0	0
lcl|NC_052670.1_mrna_XM_039451893.1_16432	2017	1818	0	0
lcl|NC_052670.1_mrna_XM_011157980.3_16433	2014	1815	0	0
lcl|NC_052670.1_mrna_XM_011157981.3_16434	1990	1791	0	0
lcl|NC_052670.1_mrna_XM_011157983.3_16435	1978	1779	0	0
lcl|NC_052670.1_mrna_XM_011157975.3_16436	1942	1743	0	0
lcl|NC_052670.1_mrna_XM_011157982.3_16437	1986	1787	0	0
lcl|NC_052670.1_mrna_XM_011157984.3_16438	1973	1774	0	0
lcl|NC_052670.1_mrna_XM_011157985.3_16439	1970	1771	0	0
lcl|NC_052670.1_mrna_XM_011157986.3_16440	1946	1747	0	0
lcl|NC_052670.1_mrna_XM_011157988.3_16441	1931	1732	0	0
lcl|NC_052670.1_mrna_XM_011157987.3_16442	1941	1742	0	0
lcl|NC_052670.1_mrna_XM_011157989.3_16443	1902	1703	0	0
lcl|NC_052670.1_mrna_XM_026135755.2_16444	1850	1651	40.738	6.93056
lcl|NC_052670.1_mrna_XM_026135756.2_16445	1822	1623	0.206791	0.0357874
lcl|NC_052670.1_mrna_XM_026135758.2_16446	4389	4190	72	4.82652
lcl|NC_052670.1_mrna_XM_011157991.3_16447	4151	3952	645	45.8415
lcl|NC_052670.1_mrna_XM_039451892.1_16448	2088	1889	0	0
lcl|NC_052670.1_mrna_XM_026135757.2_16449	1553	1354	0	0
lcl|NC_052670.1_mrna_XM_011157993.3_16450	3800	3601	383	29.8739
lcl|NC_052670.1_mrna_XM_039451889.1_16451	2840	2641	42.5349	4.52369
lcl|NC_052670.1_mrna_XM_011157996.3_16452	3868	3669	0	0
lcl|NC_052670.1_mrna_XM_039451890.1_16453	3185	2986	0	0
lcl|NC_052670.1_mrna_XM_039451888.1_16454	5362	5163	0	0
lcl|NC_052670.1_mrna_XM_011157995.3_16455	3307	3108	281.944	25.4799
lcl|NC_052670.1_mrna_XM_039451882.1_16456	2819	2620	149.287	16.0043
lcl|NC_052670.1_mrna_XM_039451883.1_16457	2842	2643	177.471	18.8601
lcl|NC_052670.1_mrna_XM_011157994.3_16458	973	774	553.298	200.786
lcl|NC_052670.1_mrna_XM_026135741.2_16459	5967	5768	254.432	12.3897
lcl|NC_052670.1_mrna_XM_039451881.1_16460	5883	5684	0	0
lcl|NC_052670.1_mrna_XM_011157999.3_16461	1809	1610	287.033	50.0751
lcl|NC_052670.1_mrna_XM_011158001.3_16462	2681	2482	11.3801	1.28784
lcl|NC_052670.1_mrna_XM_039451572.1_16463	2518	2319	42.0874	5.09762
lcl|NC_052670.1_mrna_XM_026135686.2_16464	2479	2280	37.9453	4.67453
lcl|NC_052670.1_mrna_XM_011158003.3_16465	1794	1595	64.8297	11.4164
lcl|NC_052670.1_mrna_XM_026135681.2_16466	1638	1439	0	0
lcl|NC_052670.1_mrna_XM_011158002.3_16467	1677	1478	341.757	64.947
lcl|NC_052670.1_mrna_XM_011158005.3_16468	4392	4193	276	18.4884
lcl|NC_052670.1_mrna_XM_011158006.3_16469	1916	1717	746	122.035
lcl|NC_052670.1_mrna_XM_026135705.2_16470	13496	13297	6.35439	0.134226
lcl|NC_052670.1_mrna_XM_039451581.1_16471	13520	13321	1.04127	0.0219555
lcl|NC_052670.1_mrna_XM_026135707.2_16472	13493	13294	7.96824	0.168354
lcl|NC_052670.1_mrna_XM_026135706.2_16473	13514	13315	1.6361	0.0345131
lcl|NC_052670.1_mrna_XM_011162083.3_16474	1069	870	27.5283	8.88744
lcl|NC_052670.1_mrna_XM_011162082.3_16475	1174	975	102.472	29.5199
lcl|NC_052670.1_mrna_XM_011158007.3_16476	2124	1925	343	50.0471
lcl|NC_052670.1_mrna_XM_039451798.1_16477	11397	11198	0	0
lcl|NC_052670.1_mrna_XM_011158008.3_16478	12283	12084	0.255131	0.00593018
lcl|NC_052670.1_mrna_XM_026135698.2_16479	12232	12033	17.7449	0.414204
lcl|NC_052670.1_mrna_XM_011158009.3_16480	2540	2341	579	69.4693
lcl|NC_052670.1_mrna_XM_011158010.3_16481	7386	7187	68	2.65752
lcl|NC_052670.1_mrna_XM_011158013.3_16482	2943	2744	14.5621	1.49058
lcl|NC_052670.1_mrna_XM_011158015.3_16483	4607	4408	1247.41	79.4848
lcl|NC_052670.1_mrna_XM_011158011.3_16484	3117	2918	0	0
lcl|NC_052670.1_mrna_XM_011158012.3_16485	3050	2851	101.027	9.953
lcl|NC_052670.1_mrna_XM_011158017.3_16486	4220	4021	317	22.1432
lcl|NC_052670.1_mrna_XM_011158022.3_16487	9928	9729	152.991	4.41686
lcl|NC_052670.1_mrna_XM_011158018.3_16488	9885	9686	7.71181e-06	2.23629e-07
lcl|NC_052670.1_mrna_XM_011158019.3_16489	9876	9677	1.95926e-05	5.68678e-07
lcl|NC_052670.1_mrna_XM_011158020.3_16490	9870	9671	3.6497e-05	1.05999e-06
lcl|NC_052670.1_mrna_XM_026135679.2_16491	9307	9108	116.009	3.57754
lcl|NC_052670.1_mrna_XM_011158121.3_16492	10382	10183	73	2.01355
lcl|NC_052670.1_mrna_XM_026135678.2_16493	10333	10134	0	0
lcl|NC_052670.1_ncrna_XR_005575209.1_16494	362	163	0	0
lcl|NC_052670.1_mrna_XM_039451800.1_16495	9146	8947	44.1473	1.38593
lcl|NC_052670.1_mrna_XM_039451799.1_16496	8357	8158	0	0
lcl|NC_052670.1_mrna_XM_039451802.1_16497	8859	8660	5.53792	0.179616
lcl|NC_052670.1_mrna_XM_026135672.2_16498	9147	8948	0	0
lcl|NC_052670.1_mrna_XM_039451805.1_16499	8711	8512	11.1495	0.367908
lcl|NC_052670.1_mrna_XM_039451806.1_16500	8510	8311	0	0
lcl|NC_052670.1_mrna_XM_039451803.1_16501	8798	8599	0	0
lcl|NC_052670.1_mrna_XM_039451801.1_16502	8911	8712	16.1562	0.520878
lcl|NC_052670.1_mrna_XM_011158025.3_16503	6711	6512	172.259	7.4299
lcl|NC_052670.1_mrna_XM_039451804.1_16504	6998	6799	18.7503	0.774603
lcl|NC_052670.1_mrna_XM_011158033.3_16505	4816	4617	60.8902	3.70428
lcl|NC_052670.1_mrna_XM_011158032.3_16506	4934	4735	913.11	54.165
lcl|NC_052670.1_mrna_XM_011158035.3_16507	3061	2862	1068.98	104.91
lcl|NC_052670.1_mrna_XM_011158034.3_16508	867	668	306.017	128.672
lcl|NC_052670.1_mrna_XM_026135701.2_16509	1656	1457	189.231	36.4795
lcl|NC_052670.1_mrna_XM_011158039.3_16510	2590	2391	41.6571	4.89356
lcl|NC_052670.1_mrna_XM_039451655.1_16511	2769	2570	10.4963	1.14714
lcl|NC_052670.1_mrna_XM_011158036.3_16512	2686	2487	0	0
lcl|NC_052670.1_mrna_XM_011158037.3_16513	1773	1574	56.7503	10.127
lcl|NC_052670.1_mrna_XM_011158038.3_16514	1563	1364	61.2906	12.621
lcl|NC_052670.1_mrna_XM_011158043.3_16515	4164	3965	477.231	33.8066
lcl|NC_052670.1_mrna_XM_011158041.3_16516	4236	4037	458.166	31.8772
lcl|NC_052670.1_mrna_XM_011158044.3_16517	4312	4113	0.124194	0.00848119
lcl|NC_052670.1_mrna_XM_011158046.3_16518	4552	4353	67.4788	4.35406
lcl|NC_052670.1_miscrna_XR_003268791.2_16519	3642	3443	0	0
lcl|NC_052670.1_mrna_XM_026135699.2_16520	4330	4131	7	0.475947
lcl|NC_052670.1_mrna_XM_011158049.2_16521	1827	1628	166	28.6398
lcl|NC_052670.1_mrna_XM_039451656.1_16522	12762	12563	2	0.0447149
lcl|NC_052670.1_mrna_XM_026135736.2_16523	10457	10258	12.5788	0.344423
lcl|NC_052670.1_mrna_XM_026135735.2_16524	10783	10584	0	0
lcl|NC_052670.1_mrna_XM_011158051.3_16525	8991	8792	0	0
lcl|NC_052670.1_mrna_XM_026135737.2_16526	5564	5365	2.42121	0.126759
lcl|NC_052670.1_mrna_XM_039451668.1_16527	3385	3186	3	0.264479
lcl|NC_052670.1_mrna_XM_039451664.1_16528	1325	1126	179.321	44.7309
lcl|NC_052670.1_mrna_XM_026135718.2_16529	2550	2351	0	0
lcl|NC_052670.1_mrna_XM_026135726.2_16530	1912	1713	0	0
lcl|NC_052670.1_mrna_XM_026135719.2_16531	1909	1710	21.0762	3.46187
lcl|NC_052670.1_mrna_XM_026135733.2_16532	1909	1710	189.685	31.1569
lcl|NC_052670.1_mrna_XM_026135727.2_16533	1927	1728	0	0
lcl|NC_052670.1_mrna_XM_026135724.2_16534	1602	1403	0	0
lcl|NC_052670.1_mrna_XM_026135722.2_16535	1606	1407	20.504	4.09317
lcl|NC_052670.1_mrna_XM_026135720.2_16536	1725	1526	9.73437	1.79172
lcl|NC_052670.1_mrna_XM_026135721.2_16537	1733	1534	0	0
lcl|NC_052670.1_mrna_XM_011158052.3_16538	827	628	209	93.4765
lcl|NC_052670.1_mrna_XM_011158055.3_16539	3963	3764	31	2.31328
lcl|NC_052670.1_mrna_XM_039451659.1_16540	4777	4578	0	0
lcl|NC_052670.1_mrna_XM_039451663.1_16541	1326	1127	21.9971	5.48223
lcl|NC_052670.1_mrna_XM_039451662.1_16542	1442	1243	0	0
lcl|NC_052670.1_mrna_XM_011158053.3_16543	1433	1234	858.682	195.449
lcl|NC_052670.1_mrna_XM_011158058.3_16544	1287	1088	835	215.563
lcl|NC_052670.1_mrna_XM_011158056.3_16545	2681	2482	1016	114.976
lcl|NC_052670.1_mrna_XM_011158059.3_16546	974	775	755	273.628
lcl|NC_052670.1_mrna_XM_011158060.3_16547	5683	5484	45	2.30479
lcl|NC_052670.1_mrna_XM_011158061.2_16548	1179	980	1581	453.129
lcl|NC_052670.1_mrna_XM_011158063.3_16549	1567	1368	707	145.161
lcl|NC_052670.1_mrna_XM_011158062.3_16550	1667	1468	2067	395.485
lcl|NC_052670.1_mrna_XM_011158067.3_16551	8191	7992	92.2142	3.24084
lcl|NC_052670.1_mrna_XM_026135759.2_16552	7671	7472	13.7858	0.518217
lcl|NC_052670.1_mrna_XM_011158065.3_16553	1214	1015	117	32.3769
lcl|NC_052670.1_mrna_XM_011158064.3_16554	6270	6071	2212	102.339
lcl|NC_052670.1_mrna_XM_039451669.1_16555	699	500	319	179.199
lcl|NC_052670.1_mrna_XM_026135709.2_16556	2969	2770	1.20402	0.122087
lcl|NC_052670.1_mrna_XM_011158070.3_16557	2963	2764	742.963	75.4997
lcl|NC_052670.1_mrna_XM_026135710.2_16558	3619	3420	115.833	9.51309
lcl|NC_052670.1_mrna_XM_026135714.2_16559	757	558	1	0.503363
lcl|NC_052670.1_ncrna_XR_005575186.1_16560	1599	1400	0	0
lcl|NC_052670.1_mrna_XM_011158080.3_16561	9500	9301	0.0111087	0.000335466
lcl|NC_052670.1_mrna_XM_039451657.1_16562	9418	9219	79.9889	2.43703
lcl|NC_052670.1_mrna_XM_011158076.3_16563	3034	2835	362.764	35.9407
lcl|NC_052670.1_mrna_XM_011158077.3_16564	2907	2708	4.46004e-07	4.626e-08
lcl|NC_052670.1_mrna_XM_011158078.3_16565	2898	2699	185.096	19.2624
lcl|NC_052670.1_mrna_XM_039451660.1_16566	2872	2673	311.605	32.7432
lcl|NC_052670.1_mrna_XM_011158075.3_16567	1854	1655	5.56395	0.94428
lcl|NC_052670.1_mrna_XM_039451665.1_16568	1583	1384	156.971	31.8566
lcl|NC_052670.1_mrna_XM_011158073.3_16569	1267	1068	234	61.5404
lcl|NC_052670.1_mrna_XM_011158083.3_16570	2355	2156	2142	279.053
lcl|NC_052670.1_miscrna_XR_005575255.1_16571	7529	7330	110.312	4.22701
lcl|NC_052670.1_mrna_XM_026135696.2_16572	7565	7366	0.810026	0.0308875
lcl|NC_052670.1_mrna_XM_011158091.3_16573	3722	3523	597	47.5968
lcl|NC_052670.1_mrna_XM_011158092.3_16574	734	535	3676	1929.91
lcl|NC_052670.1_mrna_XM_011158093.3_16575	1443	1244	733.575	165.63
lcl|NC_052670.1_mrna_XM_026135694.2_16576	1527	1328	195.801	41.4126
lcl|NC_052670.1_mrna_XM_026135695.2_16577	1521	1322	228.625	48.5744
lcl|NC_052670.1_mrna_XM_026135692.2_16578	3181	2982	197	18.5556
lcl|NC_052670.1_mrna_XM_011158096.3_16579	2264	2065	687	93.4442
lcl|NC_052670.1_mrna_XM_011158097.3_16580	3063	2864	234	22.9487
lcl|NC_052670.1_mrna_XM_011158101.3_16581	656	457	149.229	91.7175
lcl|NC_052670.1_mrna_XM_026135691.2_16582	570	371	60.7659	46.0047
lcl|NC_052670.1_mrna_XM_039452082.1_16583	2320	2121	1512.19	200.254
lcl|NC_052670.1_mrna_XM_011158105.3_16584	5839	5640	0	0
lcl|NC_052670.1_mrna_XM_011158104.3_16585	6007	5808	0	0
lcl|NC_052670.1_mrna_XM_011158102.3_16586	6058	5859	0	0
lcl|NC_052670.1_mrna_XM_039452081.1_16587	6037	5838	103.814	4.99467
lcl|NC_052670.1_mrna_XM_011158109.3_16588	6693	6494	0	0
lcl|NC_052670.1_mrna_XM_011158108.3_16589	6452	6253	83.007	3.72857
lcl|NC_052670.1_mrna_XM_011158110.3_16590	6454	6255	0.0537033	0.00241151
lcl|NC_052670.1_mrna_XM_039452080.1_16591	6502	6303	2.51216e-05	1.11948e-06
lcl|NC_052670.1_mrna_XM_039452079.1_16592	6377	6178	69.9393	3.17972
lcl|NC_052670.1_mrna_XM_039452078.1_16593	6731	6532	0	0
lcl|NC_052670.1_mrna_XM_026135704.2_16594	6795	6596	0	0
lcl|NC_052670.1_mrna_XM_011158111.3_16595	2299	2100	35.863	4.79671
lcl|NC_052670.1_mrna_XM_011158112.3_16596	2169	1970	43.137	6.15034
lcl|NC_052670.1_mrna_XM_026135716.2_16597	1993	1794	0	0
lcl|NC_052670.1_mrna_XM_039452083.1_16598	2068	1869	0	0
lcl|NC_052670.1_mrna_XM_011170711.3_16599	1636	1437	952	186.078
lcl|NC_052670.1_mrna_XM_011170714.3_16600	1778	1579	817.734	145.461
lcl|NC_052670.1_mrna_XM_011170712.3_16601	1198	999	466.266	131.094
lcl|NC_052670.1_ncrna_XR_851092.3_16602	2628	2429	2011.45	232.593
lcl|NC_052670.1_mrna_XM_026130411.2_16603	5806	5607	202.595	10.1488
lcl|NC_052670.1_ncrna_XR_851093.3_16604	1453	1254	715.552	160.273
lcl|NC_052670.1_mrna_XM_011170715.3_16605	1367	1168	553	132.984
lcl|NC_052670.1_mrna_XM_026130413.2_16606	1733	1534	102	18.6763
lcl|NC_052670.1_mrna_XM_011170717.3_16607	2600	2401	688	80.4845
lcl|NC_052670.1_mrna_XM_011170766.3_16608	1385	1186	3	0.710481
lcl|NC_052670.1_mrna_XM_011170725.3_16609	2217	2018	1503	209.196
lcl|NC_052670.1_mrna_XM_011170721.3_16610	825	626	130.023	58.3392
lcl|NC_052670.1_mrna_XM_011170720.3_16611	1020	821	174.352	59.6483
lcl|NC_052670.1_mrna_XM_011170722.3_16612	1057	858	39.3542	12.8831
lcl|NC_052670.1_mrna_XM_039451709.1_16613	887	688	0	0
lcl|NC_052670.1_mrna_XM_026130412.2_16614	1943	1744	143.445	23.1023
lcl|NC_052670.1_mrna_XM_011170719.3_16615	1868	1669	81.8263	13.7706
lcl|NC_052670.1_mrna_XM_026130415.2_16616	2345	2146	71.2758	9.32885
lcl|NC_052670.1_mrna_XM_011170729.3_16617	2416	2217	0	0
lcl|NC_052670.1_mrna_XM_011170730.3_16618	2398	2199	106.203	13.5652
lcl|NC_052670.1_mrna_XM_026130416.2_16619	2397	2198	0	0
lcl|NC_052670.1_mrna_XM_011170731.3_16620	2379	2180	1827.52	235.462
lcl|NC_052670.1_mrna_XM_039451705.1_16621	2030	1831	0	0
lcl|NC_052670.1_mrna_XM_011170728.3_16622	2730	2531	1191	132.171
lcl|NC_052670.1_mrna_XM_011170734.3_16623	2915	2716	79.8824	8.26108
lcl|NC_052670.1_mrna_XM_011170733.3_16624	2269	2070	308.118	41.8082
lcl|NC_052670.1_mrna_XM_039451702.1_16625	2935	2736	0	0
lcl|NC_052670.1_mrna_XM_011170736.3_16626	3040	2841	142.05	14.0439
lcl|NC_052670.1_mrna_XM_039451703.1_16627	2662	2463	0.103664	0.0118217
lcl|NC_052670.1_mrna_XM_011170737.3_16628	2597	2398	131.099	15.3556
lcl|NC_052670.1_mrna_XM_011170735.2_16629	850	651	947.747	408.909
lcl|NC_052670.1_mrna_XM_039451710.1_16630	3573	3374	9.04862	0.753274
lcl|NC_052670.1_ncrna_XR_005575192.1_16631	2782	2583	78.9514	8.58521
lcl|NC_052670.1_mrna_XM_026130479.2_16632	1568	1369	2324	476.813
lcl|NC_052670.1_mrna_XM_011170746.3_16633	2121	1922	39.8821	5.82828
lcl|NC_052670.1_mrna_XM_011170743.3_16634	2410	2211	1285.12	163.256
lcl|NC_052670.1_mrna_XM_011170747.3_16635	6173	5974	185	8.69806
lcl|NC_052670.1_mrna_XM_011170752.3_16636	1330	1131	855.22	212.388
lcl|NC_052670.1_mrna_XM_039451707.1_16637	1157	958	71.7803	21.0453
lcl|NC_052670.1_mrna_XM_011170750.3_16638	3378	3179	658.287	58.1621
lcl|NC_052670.1_mrna_XM_011170751.3_16639	3476	3277	17.5586	1.50497
lcl|NC_052670.1_mrna_XM_039451708.1_16640	1278	1079	0	0
lcl|NC_052670.1_mrna_XM_011170748.3_16641	1234	1035	176	47.7626
lcl|NC_052670.1_mrna_XM_026130483.2_16642	918	719	1295	505.891
lcl|NC_052670.1_mrna_XM_011170753.3_16643	6158	5959	73	3.44085
lcl|NC_052670.1_mrna_XM_039451706.1_16644	1197	998	59.8752	16.8512
lcl|NC_052670.1_mrna_XM_011170754.3_16645	1511	1312	222.999	47.7403
lcl|NC_052670.1_mrna_XM_011170755.3_16646	1505	1306	559.126	120.249
lcl|NC_052670.1_mrna_XM_011170757.3_16647	2389	2190	502	64.3836
lcl|NC_052670.1_mrna_XM_026130481.2_16648	3371	3172	109.358	9.68352
lcl|NC_052670.1_mrna_XM_011170758.3_16649	3384	3185	604.639	53.3215
lcl|NC_052670.1_mrna_XM_011170759.3_16650	6856	6657	5.00334	0.211104
lcl|NC_052670.1_mrna_XM_011170760.3_16651	5159	4960	269	15.233
lcl|NC_052670.1_mrna_XM_011170761.3_16652	2623	2424	1801.1	208.699
lcl|NC_052670.1_mrna_XM_011170762.3_16653	2596	2397	879.524	103.061
lcl|NC_052670.1_mrna_XM_011170763.3_16654	2641	2442	267.38	30.7538
lcl|NC_052670.1_mrna_XM_039452165.1_16655	2599	2400	4	0.468128
lcl|NC_052670.1_mrna_XM_026130388.2_16656	5746	5547	7.00142	0.354523
lcl|NC_052670.1_mrna_XM_011160246.3_16657	1821	1622	533	92.298
lcl|NC_052670.1_mrna_XM_011160249.3_16658	7074	6875	53.3137	2.17812
lcl|NC_052670.1_mrna_XM_011160250.3_16659	7529	7330	111.286	4.26435
lcl|NC_052670.1_mrna_XM_011160251.3_16660	7066	6867	171.4	7.01068
lcl|NC_052670.1_mrna_XM_011160247.3_16661	4627	4428	77.3172	4.90438
lcl|NC_052670.1_mrna_XM_011160248.3_16662	4454	4255	136.683	9.02257
lcl|NC_052670.1_mrna_XM_039452238.1_16663	4689	4490	0	0
lcl|NC_052670.1_mrna_XM_026130485.2_16664	9646	9447	0	0
lcl|NC_052670.1_mrna_XM_026130484.2_16665	9503	9304	8.39962e-06	2.53575e-07
lcl|NC_052670.1_mrna_XM_026130498.2_16666	9161	8962	0	0
lcl|NC_052670.1_mrna_XM_026130499.2_16667	9155	8956	0	0
lcl|NC_052670.1_mrna_XM_039452263.1_16668	8720	8521	3.17277	0.104584
lcl|NC_052670.1_mrna_XM_026130492.2_16669	9482	9283	8.10131e-05	2.45122e-06
lcl|NC_052670.1_mrna_XM_039452262.1_16670	9140	8941	0	0
lcl|NC_052670.1_mrna_XM_039452264.1_16671	8699	8500	37.6959	1.24563
lcl|NC_052670.1_mrna_XM_026130490.2_16672	9494	9295	2.21732e-05	6.70031e-07
lcl|NC_052670.1_mrna_XM_026130493.2_16673	9473	9274	0.000214327	6.49122e-06
lcl|NC_052670.1_mrna_XM_026130496.2_16674	9194	8995	0.783457	0.0244641
lcl|NC_052670.1_mrna_XM_026130497.2_16675	9173	8974	8.16889	0.255678
lcl|NC_052670.1_mrna_XM_026130491.2_16676	9488	9289	4.23741e-05	1.28129e-06
lcl|NC_052670.1_mrna_XM_039452261.1_16677	9179	8980	4.1785	0.130695
lcl|NC_052670.1_mrna_XM_026130495.2_16678	9452	9253	0.00208238	6.32112e-05
lcl|NC_052670.1_mrna_XM_026130489.2_16679	9498	9299	1.44017e-05	4.35004e-07
lcl|NC_052670.1_mrna_XM_026130486.2_16680	9605	9406	0	0
lcl|NC_052670.1_mrna_XM_026130487.2_16681	9500	9301	1.16075e-05	3.50529e-07
lcl|NC_052670.1_mrna_XM_039452260.1_16682	9624	9425	0	0
lcl|NC_052670.1_mrna_XM_026130488.2_16683	11886	11687	0	0
lcl|NC_052670.1_mrna_XM_011160254.3_16684	3118	2919	2414.6	232.342
lcl|NC_052670.1_mrna_XM_011160255.3_16685	2675	2476	104.232	11.824
lcl|NC_052670.1_mrna_XM_039452266.1_16686	2394	2195	422.096	54.0123
lcl|NC_052670.1_mrna_XM_039452267.1_16687	2394	2195	24.0702	3.08008
lcl|NC_052670.1_mrna_XM_039451762.1_16688	4539	4340	0.000530326	3.43217e-05
lcl|NC_052670.1_mrna_XM_011160258.3_16689	4576	4377	417.685	26.8033
lcl|NC_052670.1_mrna_XM_011160259.3_16690	4562	4363	0.00178864	0.000115148
lcl|NC_052670.1_mrna_XM_026130500.2_16691	4699	4500	51.3126	3.20278
lcl|NC_052670.1_mrna_XM_039451763.1_16692	4502	4303	0.000256208	1.67239e-05
lcl|NC_052670.1_mrna_XM_011160257.3_16693	2450	2251	3431	428.115
lcl|NC_052670.1_miscrna_XR_005575203.1_16694	2061	1862	0	0
lcl|NC_052670.1_miscrna_XR_005575202.1_16695	2122	1923	0	0
lcl|NC_052670.1_miscrna_XR_005575205.1_16696	2044	1845	42.8569	6.5244
lcl|NC_052670.1_miscrna_XR_005575204.1_16697	1568	1369	147.287	30.2188
lcl|NC_052670.1_mrna_XM_011160256.3_16698	1498	1299	446.586	96.5632
lcl|NC_052670.1_mrna_XM_039451764.1_16699	1460	1261	41.4142	9.22465
lcl|NC_052670.1_mrna_XM_026130504.2_16700	1926	1727	173.856	28.2757
lcl|NC_052670.1_mrna_XM_011160260.3_16701	7504	7305	501.657	19.2887
lcl|NC_052670.1_mrna_XM_026130503.2_16702	8599	8400	34.5029	1.1537
lcl|NC_052670.1_mrna_XM_026130502.2_16703	8630	8431	36.9004	1.22933
lcl|NC_052670.1_mrna_XM_026130501.2_16704	8632	8433	134.94	4.49442
lcl|NC_052670.1_mrna_XM_011160261.3_16705	8643	8444	0	0
lcl|NC_052670.1_mrna_XM_011160270.3_16706	2495	2296	172	21.0413
lcl|NC_052670.1_trna_16707	73	3.5471	0	0
lcl|NC_052670.1_mrna_XM_039451767.1_16708	2549	2350	1758.58	210.189
lcl|NC_052670.1_mrna_XM_039451766.1_16709	2677	2478	687.418	77.9175
lcl|NC_052670.1_mrna_XM_011160273.3_16710	2653	2454	1348.97	154.399
lcl|NC_052670.1_mrna_XM_039451768.1_16711	3318	3119	150.153	13.5218
lcl|NC_052670.1_mrna_XM_039451769.1_16712	3162	2963	2781.99	263.718
lcl|NC_052670.1_mrna_XM_039451770.1_16713	5039	4840	115.858	6.72352
lcl|NC_052670.1_mrna_XM_011160280.3_16714	2739	2540	1.38269	0.1529
lcl|NC_052670.1_mrna_XM_011160279.3_16715	1927	1728	5.05756	0.822078
lcl|NC_052670.1_mrna_XM_026130424.2_16716	902	703	14.5597	5.8172
lcl|NC_052670.1_mrna_XM_011160278.3_16717	6005	5806	452.615	21.8961
lcl|NC_052670.1_mrna_XM_011160277.3_16718	5927	5728	107.137	5.25356
lcl|NC_052670.1_mrna_XM_039451771.1_16719	3802	3603	48.6003	3.7887
lcl|NC_052670.1_mrna_XM_011160281.3_16720	3348	3149	339.4	30.2729
lcl|NC_052670.1_mrna_XM_026130303.2_16721	3247	3048	592.314	54.5824
lcl|NC_052670.1_mrna_XM_026130304.2_16722	3557	3358	136.294	11.4002
lcl|NC_052670.1_mrna_XM_026130305.2_16723	3998	3799	11.0819	0.819337
lcl|NC_052670.1_mrna_XM_039451772.1_16724	5311	5112	46.3097	2.54447
lcl|NC_052670.1_mrna_XM_026130346.2_16725	836	637	533	235.019
lcl|NC_052670.1_mrna_XM_011167470.3_16726	1331	1132	194.786	48.3311
lcl|NC_052670.1_mrna_XM_011167462.3_16727	1574	1375	365.965	74.7571
lcl|NC_052670.1_mrna_XM_039451773.1_16728	972	773	39.2494	14.2616
lcl|NC_052670.1_mrna_XM_011167482.3_16729	4540	4341	562	36.3632
lcl|NC_052670.1_mrna_XM_011167513.3_16730	1702	1503	0	0
lcl|NC_052670.1_mrna_XM_039451713.1_16731	1562	1363	14	2.88501
lcl|NC_052670.1_mrna_XM_039451712.1_16732	1705	1506	0	0
lcl|NC_052670.1_mrna_XM_039451714.1_16733	2217	2018	0	0
lcl|NC_052670.1_mrna_XM_039451715.1_16734	1383	1184	3.79835	0.90107
lcl|NC_052670.1_mrna_XM_011167153.3_16735	1321	1122	333	83.3618
lcl|NC_052670.1_mrna_XM_039451717.1_16736	1162	963	0	0
lcl|NC_052670.1_mrna_XM_039451716.1_16737	1361	1162	0	0
lcl|NC_052670.1_mrna_XM_026130431.2_16738	1461	1262	23.0716	5.13493
lcl|NC_052670.1_mrna_XM_039451699.1_16739	1402	1203	0	0
lcl|NC_052670.1_mrna_XM_011167154.3_16740	1496	1297	35.9284	7.7806
lcl|NC_052670.1_trna_16741	74	3.56892	0	0
lcl|NC_052670.1_trna_16742	74	3.56892	0	0
lcl|NC_052670.1_mrna_XM_026130332.2_16743	2943	2744	314.651	32.2078
lcl|NC_052670.1_mrna_XM_026130333.2_16744	2857	2658	0	0
lcl|NC_052670.1_trna_16745	73	3.5471	0	0
lcl|NC_052670.1_mrna_XM_039452170.1_16746	3206	3007	0	0
lcl|NC_052670.1_mrna_XM_039452168.1_16747	3299	3100	0	0
lcl|NC_052670.1_mrna_XM_039452167.1_16748	2795	2596	19.3487	2.09345
lcl|NC_052670.1_mrna_XM_039452169.1_16749	3412	3213	0	0
lcl|NC_052670.1_mrna_XM_011167155.3_16750	4606	4407	101	6.43716
lcl|NC_052670.1_mrna_XM_011167156.3_16751	4633	4434	0	0
lcl|NC_052670.1_mrna_XM_026130529.2_16752	12911	12712	24	0.53029
lcl|NC_052670.1_mrna_XM_039452118.1_16753	8058	7859	0.559018	0.019979
lcl|NC_052670.1_mrna_XM_026130329.2_16754	10273	10074	0	0
lcl|NC_052670.1_mrna_XM_026130328.2_16755	10276	10077	0	0
lcl|NC_052670.1_mrna_XM_039452117.1_16756	9812	9613	0	0
lcl|NC_052670.1_mrna_XM_039452119.1_16757	8298	8099	0	0
lcl|NC_052670.1_mrna_XM_026130330.2_16758	8818	8619	89.441	2.91471
lcl|NC_052670.1_mrna_XM_011167287.1_16759	387	188	5	7.47013
lcl|NC_052670.1_mrna_XM_026130530.2_16760	744	545	0	0
lcl|NC_052670.1_mrna_XM_026130538.2_16761	1757	1558	1228	221.384
lcl|NC_052670.1_mrna_XM_026130536.2_16762	4772	4573	54.0075	3.31718
lcl|NC_052670.1_mrna_XM_026130537.2_16763	4716	4517	9.99247	0.621353
lcl|NC_052670.1_mrna_XM_011167160.3_16764	1480	1281	1008	221.018
lcl|NC_052670.1_mrna_XM_011167161.3_16765	1747	1548	700	127.011
lcl|NC_052670.1_mrna_XM_011167162.3_16766	2763	2564	622.409	68.1826
lcl|NC_052670.1_mrna_XM_011167163.3_16767	2751	2552	3.14336e-05	3.45962e-06
lcl|NC_052670.1_mrna_XM_039452120.1_16768	2483	2284	348.591	42.8682
lcl|NC_052670.1_mrna_XM_011167164.3_16769	1016	817	2350.46	808.065
lcl|NC_052670.1_mrna_XM_011167165.3_16770	1181	982	119.019	34.0423
lcl|NC_052670.1_mrna_XM_011167166.3_16771	1194	995	215.833	60.9271
lcl|NC_052670.1_mrna_XM_011167167.3_16772	1010	811	545.688	188.99
lcl|NC_052670.1_mrna_XM_011167168.2_16773	1591	1392	0	0
lcl|NC_052670.1_ncrna_XR_005575276.1_16774	1277	1078	0	0
lcl|NC_052670.1_ncrna_XR_003268216.2_16775	1494	1295	15.6195	3.38775
lcl|NC_052670.1_mrna_XM_011167169.3_16776	3244	3045	560	51.6555
lcl|NC_052670.1_mrna_XM_039451491.1_16777	4287	4088	106.354	7.30732
lcl|NC_052670.1_mrna_XM_011167171.3_16778	4311	4112	197.561	13.4947
lcl|NC_052670.1_mrna_XM_011167172.3_16779	4292	4093	471.085	32.3276
lcl|NC_052670.1_mrna_XM_011167173.3_16780	1937	1738	0	0
lcl|NC_052670.1_mrna_XM_011167174.3_16781	2919	2720	0	0
lcl|NC_052670.1_mrna_XM_026130469.2_16782	2971	2772	0	0
lcl|NC_052670.1_mrna_XM_011167178.3_16783	3024	2825	233	23.1661
lcl|NC_052670.1_mrna_XM_026130540.2_16784	8076	7877	202	7.20288
lcl|NC_052670.1_mrna_XM_026130402.2_16785	3348	3149	0	0
lcl|NC_052670.1_mrna_XM_026130403.2_16786	3348	3149	58.4065	5.2096
lcl|NC_052670.1_mrna_XM_011167196.3_16787	3348	3149	0	0
lcl|NC_052670.1_mrna_XM_011167197.3_16788	3348	3149	167.053	14.9004
lcl|NC_052670.1_mrna_XM_026130401.2_16789	2916	2717	116.73	12.0672
lcl|NC_052670.1_mrna_XM_026130404.2_16790	1676	1477	83.6228	15.9023
lcl|NC_052670.1_mrna_XM_011167200.2_16791	1676	1477	755.184	143.611
lcl|NC_052670.1_mrna_XM_011167198.2_16792	1676	1477	62.0742	11.8045
lcl|NC_052670.1_mrna_XM_011167195.3_16793	3347	3148	0	0
lcl|NC_052670.1_mrna_XM_039451497.1_16794	3242	3043	0	0
lcl|NC_052670.1_mrna_XM_039451496.1_16795	4291	4092	4.01968	0.275913
lcl|NC_052670.1_mrna_XM_039451493.1_16796	3783	3584	94.536	7.40875
lcl|NC_052670.1_mrna_XM_011167192.3_16797	4202	4003	0	0
lcl|NC_052670.1_mrna_XM_039451492.1_16798	4196	3997	0	0
lcl|NC_052670.1_mrna_XM_011167191.3_16799	4160	3961	0	0
lcl|NC_052670.1_mrna_XM_026130399.2_16800	4116	3917	0	0
lcl|NC_052670.1_mrna_XM_026130400.2_16801	3654	3455	65.7055	5.34158
lcl|NC_052670.1_mrna_XM_011167190.3_16802	4080	3881	0	0
lcl|NC_052670.1_mrna_XM_039451494.1_16803	2397	2198	0	0
lcl|NC_052670.1_mrna_XM_011167194.3_16804	2391	2192	168.576	21.6009
lcl|NC_052670.1_mrna_XM_026130398.2_16805	3630	3431	0	0
lcl|NC_052670.1_mrna_XM_011167189.3_16806	4061	3862	0	0
lcl|NC_052670.1_mrna_XM_011167193.3_16807	2374	2175	0	0
lcl|NC_052670.1_mrna_XM_011167203.3_16808	3637	3438	136.902	11.1846
lcl|NC_052670.1_mrna_XM_011167202.3_16809	3601	3402	0	0
lcl|NC_052670.1_mrna_XM_026130405.2_16810	3568	3369	3.50897e-08	2.92546e-09
lcl|NC_052670.1_mrna_XM_011167201.3_16811	3443	3244	1597.7	138.334
lcl|NC_052670.1_mrna_XM_011167208.3_16812	3816	3617	810.878	62.9684
lcl|NC_052670.1_mrna_XM_011167205.3_16813	1424	1225	9.12171	2.09149
lcl|NC_052670.1_mrna_XM_026130369.2_16814	3287	3088	0	0
lcl|NC_052670.1_mrna_XM_039451489.1_16815	3224	3025	1	0.0928518
lcl|NC_052670.1_mrna_XM_039451490.1_16816	2471	2272	0	0
lcl|NC_052670.1_ncrna_XR_003268214.2_16817	1600	1401	10.3805	2.08112
lcl|NC_052670.1_mrna_XM_011167291.3_16818	1733	1534	0	0
lcl|NC_052670.1_mrna_XM_011167209.3_16819	1448	1249	8.7305	1.96333
lcl|NC_052670.1_mrna_XM_011167210.3_16820	1319	1120	0	0
lcl|NC_052670.1_mrna_XM_011167211.3_16821	1885	1686	151.977	25.3185
lcl|NC_052670.1_mrna_XM_026130370.2_16822	1175	976	62.0225	17.8491
lcl|NC_052670.1_mrna_XM_026130372.2_16823	1508	1309	0	0
lcl|NC_052670.1_mrna_XM_011167214.3_16824	1504	1305	58.4328	12.5766
lcl|NC_052670.1_mrna_XM_026130371.2_16825	1437	1238	18.8367	4.27366
lcl|NC_052670.1_mrna_XM_026130373.2_16826	1181	982	0	0
lcl|NC_052670.1_mrna_XM_026130288.2_16827	12033	11834	0	0
lcl|NC_052670.1_mrna_XM_026130296.2_16828	11922	11723	0	0
lcl|NC_052670.1_mrna_XM_026130290.2_16829	12015	11816	0	0
lcl|NC_052670.1_mrna_XM_026130292.2_16830	11979	11780	0	0
lcl|NC_052670.1_mrna_XM_026130297.2_16831	11454	11255	0	0
lcl|NC_052670.1_mrna_XM_039451488.1_16832	11343	11144	0	0
lcl|NC_052670.1_mrna_XM_039451485.1_16833	11400	11201	0	0
lcl|NC_052670.1_mrna_XM_026130299.2_16834	11388	11189	0	0
lcl|NC_052670.1_mrna_XM_039451487.1_16835	11334	11135	0	0
lcl|NC_052670.1_mrna_XM_026130289.2_16836	12021	11822	0	0
lcl|NC_052670.1_mrna_XM_026130294.2_16837	11958	11759	0	0
lcl|NC_052670.1_mrna_XM_026130295.2_16838	11946	11747	0	0
lcl|NC_052670.1_mrna_XM_026130291.2_16839	12015	11816	0	0
lcl|NC_052670.1_mrna_XM_026130298.2_16840	11435	11236	12.85	0.321223
lcl|NC_052670.1_mrna_XM_039451484.1_16841	10736	10537	120.15	3.20275
lcl|NC_052670.1_mrna_XM_011167217.3_16842	2174	1975	1138	161.842
lcl|NC_052670.1_mrna_XM_011167218.3_16843	4418	4219	178.354	11.8738
lcl|NC_052670.1_mrna_XM_039451499.1_16844	1752	1553	43.6397	7.89272
lcl|NC_052670.1_mrna_XM_011167219.3_16845	1724	1525	201.006	37.0216
lcl|NC_052670.1_mrna_XM_011167220.3_16846	3187	2988	0	0
lcl|NC_052670.1_mrna_XM_026130300.2_16847	2823	2624	5.37561	0.575413
lcl|NC_052670.1_mrna_XM_039451474.1_16848	2802	2603	0	0
lcl|NC_052670.1_mrna_XM_039451473.1_16849	6846	6647	48.6244	2.05468
lcl|NC_052670.1_ncrna_XR_003268212.2_16850	527	328	7.86326	6.73355
lcl|NC_052670.1_mrna_XM_011159370.3_16851	3530	3331	310	26.1398
lcl|NC_052670.1_mrna_XM_011167224.3_16852	1502	1303	16.1833	3.48849
lcl|NC_052670.1_mrna_XM_011167223.3_16853	1736	1537	77.8167	14.2205
lcl|NC_052670.1_mrna_XM_026130326.2_16854	2938	2739	1383.28	141.851
lcl|NC_052670.1_mrna_XM_011167227.3_16855	3600	3401	881.79	72.824
lcl|NC_052670.1_mrna_XM_011167229.3_16856	4523	4324	0	0
lcl|NC_052670.1_mrna_XM_011167228.3_16857	4529	4330	8.21234e-07	5.32715e-08
lcl|NC_052670.1_mrna_XM_011167230.3_16858	4506	4307	487.724	31.8064
lcl|NC_052670.1_mrna_XM_039451472.1_16859	3227	3028	4.01733	0.372646
lcl|NC_052670.1_mrna_XM_011167231.3_16860	3219	3020	212.177	19.7336
lcl|NC_052670.1_mrna_XM_026130327.2_16861	1527	1328	287.292	60.7632
lcl|NC_052670.1_mrna_XM_011167232.3_16862	1844	1645	1825	311.611
lcl|NC_052670.1_mrna_XM_039451457.1_16863	5363	5164	39.3198	2.13866
lcl|NC_052670.1_mrna_XM_039451456.1_16864	4969	4770	265.68	15.6443
lcl|NC_052670.1_mrna_XM_039451590.1_16865	4912	4713	13	0.77475
lcl|NC_052670.1_mrna_XM_011167236.3_16866	1113	914	87	26.7355
lcl|NC_052670.1_mrna_XM_011167237.3_16867	1323	1124	3416	853.625
lcl|NC_052670.1_mrna_XM_011167238.3_16868	2096	1897	3	0.444191
lcl|NC_052670.1_mrna_XM_039451564.1_16869	4555	4356	0	0
lcl|NC_052670.1_mrna_XM_026130362.2_16870	7134	6935	2	0.0810027
lcl|NC_052670.1_mrna_XM_026130320.2_16871	1282	1083	536	139.012
lcl|NC_052670.1_mrna_XM_011168354.3_16872	1041	842	689.881	230.133
lcl|NC_052670.1_mrna_XM_011168355.3_16873	1096	897	88.1188	27.5925
lcl|NC_052670.1_mrna_XM_026130319.2_16874	4587	4388	0	0
lcl|NC_052670.1_mrna_XM_026130318.2_16875	4602	4403	425	27.1117
lcl|NC_052670.1_mrna_XM_011167244.3_16876	2457	2258	692	86.0791
lcl|NC_052670.1_mrna_XM_011167245.3_16877	1829	1630	5	0.861585
lcl|NC_052670.1_mrna_XM_039451738.1_16878	2915	2716	12	1.24099
lcl|NC_052670.1_mrna_XM_011167249.3_16879	1957	1758	8415.52	1344.55
lcl|NC_052670.1_mrna_XM_011167250.3_16880	988	789	2596.48	924.324
lcl|NC_052670.1_mrna_XM_011158222.3_16881	3057	2858	893.116	87.773
lcl|NC_052670.1_mrna_XM_026130426.2_16882	2865	2666	131.884	13.8947
lcl|NC_052670.1_mrna_XM_011167251.3_16883	3071	2872	2305	225.425
lcl|NC_052670.1_mrna_XM_011167252.3_16884	1961	1762	0	0
lcl|NC_052670.1_mrna_XM_011167253.3_16885	1817	1618	19.6803	3.4164
lcl|NC_052670.1_mrna_XM_026130368.2_16886	2402	2203	0	0
lcl|NC_052670.1_mrna_XM_039452128.1_16887	2098	1899	0	0
lcl|NC_052670.1_mrna_XM_011167255.3_16888	2346	2147	0	0
lcl|NC_052670.1_mrna_XM_011167254.3_16889	2754	2555	2.31971	0.255011
lcl|NC_052670.1_mrna_XM_039452129.1_16890	1304	1105	0	0
lcl|NC_052670.1_mrna_XM_011167256.3_16891	1272	1073	66	17.2767
lcl|NC_052670.1_mrna_XM_011167259.3_16892	3943	3744	610	45.7625
lcl|NC_052670.1_mrna_XM_011167260.3_16893	2361	2162	654	84.9646
lcl|NC_052670.1_mrna_XM_011167263.3_16894	1602	1403	1393	278.875
lcl|NC_052670.1_mrna_XM_026130350.2_16895	7487	7288	0.825882	0.0318292
lcl|NC_052670.1_mrna_XM_026130349.2_16896	7480	7281	2.16523	0.0835272
lcl|NC_052670.1_mrna_XM_026130347.2_16897	7520	7321	0.00889179	0.000341142
lcl|NC_052670.1_mrna_XM_039452131.1_16898	7915	7716	0	0
lcl|NC_052670.1_mrna_XM_026130348.2_16899	8360	8161	0	0
lcl|NC_052670.1_mrna_XM_039452133.1_16900	8339	8140	0	0
lcl|NC_052670.1_mrna_XM_039452130.1_16901	8004	7805	0	0
lcl|NC_052670.1_mrna_XM_039452132.1_16902	7888	7689	0	0
lcl|NC_052670.1_mrna_XM_011167265.3_16903	2998	2799	1358	136.274
lcl|NC_052670.1_mrna_XM_011167268.3_16904	1125	926	303	91.9067
lcl|NC_052670.1_mrna_XM_011167267.3_16905	1547	1348	512	106.683
lcl|NC_052670.1_mrna_XM_011167269.3_16906	3158	2959	0	0
lcl|NC_052670.1_mrna_XM_011167270.3_16907	3478	3279	0.995893	0.0853074
lcl|NC_052670.1_mrna_XM_026130459.2_16908	3496	3297	0.00410723	0.000349902
lcl|NC_052670.1_mrna_XM_011167271.3_16909	2374	2175	10	1.29139
lcl|NC_052670.1_mrna_XM_039451648.1_16910	5848	5649	0	0
lcl|NC_052670.1_mrna_XM_039451649.1_16911	5771	5572	0	0
lcl|NC_052670.1_mrna_XM_039451650.1_16912	5701	5502	0	0
lcl|NC_052670.1_mrna_XM_039451651.1_16913	5490	5291	3	0.159257
lcl|NC_052670.1_mrna_XM_011167272.3_16914	5624	5425	0	0
lcl|NC_052670.1_mrna_XM_011167273.3_16915	5494	5295	0	0
lcl|NC_052670.1_mrna_XM_026130390.2_16916	5586	5387	28.9429	1.50907
lcl|NC_052670.1_mrna_XM_039451632.1_16917	2719	2520	207.057	23.0784
lcl|NC_052670.1_mrna_XM_011167274.3_16918	7744	7545	0	0
lcl|NC_052670.1_mrna_XM_039451630.1_16919	7654	7455	0	0
lcl|NC_052670.1_mrna_XM_039451631.1_16920	6451	6252	26	1.16807
lcl|NC_052670.1_mrna_XM_039451652.1_16921	4091	3892	18.0068	1.29951
lcl|NC_052670.1_ncrna_XR_003268223.2_16922	6510	6311	0	0
lcl|NC_052670.1_mrna_XM_011167276.3_16923	6174	5975	88	4.13676
lcl|NC_052670.1_mrna_XM_039451629.1_16924	6149	5950	0	0
lcl|NC_052670.1_ncrna_XR_850945.3_16925	6115	5916	7.62185	0.361866
lcl|NC_052670.1_ncrna_XR_005575185.1_16926	9327	9128	1.43502	0.0441568
lcl|NC_052670.1_mrna_XM_011167281.3_16927	1659	1460	1382.5	265.966
lcl|NC_052670.1_mrna_XM_039451633.1_16928	1365	1166	19.5047	4.69846
lcl|NC_052670.1_mrna_XM_039451646.1_16929	4566	4367	14.9939	0.964381
lcl|NC_052670.1_mrna_XM_039451643.1_16930	4277	4078	0	0
lcl|NC_052670.1_mrna_XM_039451645.1_16931	4003	3804	0.00103122	7.61423e-05
lcl|NC_052670.1_mrna_XM_039451642.1_16932	4318	4119	0	0
lcl|NC_052670.1_mrna_XM_039451639.1_16933	4352	4153	0	0
lcl|NC_052670.1_mrna_XM_039451637.1_16934	4468	4269	0	0
lcl|NC_052670.1_mrna_XM_039451641.1_16935	4277	4078	0	0
lcl|NC_052670.1_mrna_XM_039451638.1_16936	4392	4193	0	0
lcl|NC_052670.1_mrna_XM_039451644.1_16937	3997	3798	0.00502291	0.000371463
lcl|NC_052670.1_mrna_XM_039451636.1_16938	4287	4088	0	0
lcl|NC_052670.1_mrna_XM_039451635.1_16939	4384	4185	0	0
lcl|NC_052670.1_mrna_XM_039451647.1_16940	4230	4031	0	0
lcl|NC_052670.1_mrna_XM_026130512.2_16941	4265	4066	66.5425	4.59672
lcl|NC_052670.1_mrna_XM_026130513.2_16942	4260	4061	27.2256	1.88304
lcl|NC_052670.1_mrna_XM_039451634.1_16943	4258	4059	223.232	15.4473
lcl|NC_052670.1_mrna_XM_011173925.3_16944	2943	2744	41	4.19677
lcl|NC_052670.1_mrna_XM_011174184.3_16945	1892	1693	492.651	81.7332
lcl|NC_052670.1_mrna_XM_039451654.1_16946	1459	1260	74.3487	16.5737
lcl|NC_052670.1_mrna_XM_011173810.3_16947	1764	1565	2725	489.066
lcl|NC_052670.1_mrna_XM_026130524.2_16948	4081	3882	690	49.924
lcl|NC_052670.1_mrna_XM_011173582.3_16949	2053	1854	1538.16	233.027
lcl|NC_052670.1_mrna_XM_026130525.2_16950	1247	1048	38.8421	10.4101
lcl|NC_052670.1_mrna_XM_011173491.3_16951	2151	1952	218	31.3684
lcl|NC_052670.1_mrna_XM_011173325.3_16952	10440	10241	77	2.11185
lcl|NC_052670.1_mrna_XM_039452225.1_16953	14510	14311	472.123	9.26618
lcl|NC_052670.1_mrna_XM_026130470.2_16954	15113	14914	222.597	4.19219
lcl|NC_052670.1_mrna_XM_026130471.2_16955	14256	14057	0	0
lcl|NC_052670.1_mrna_XM_039452227.1_16956	13712	13513	2.03178	0.042232
lcl|NC_052670.1_mrna_XM_026130475.2_16957	13718	13519	0	0
lcl|NC_052670.1_mrna_XM_026130473.2_16958	13727	13528	0.66775	0.0138642
lcl|NC_052670.1_mrna_XM_026130477.2_16959	13688	13489	5.48639	0.114241
lcl|NC_052670.1_mrna_XM_026130476.2_16960	13694	13495	0	0
lcl|NC_052670.1_mrna_XM_026130472.2_16961	13727	13528	0	0
lcl|NC_052670.1_mrna_XM_039452228.1_16962	13679	13480	0	0
lcl|NC_052670.1_mrna_XM_026130474.2_16963	13724	13525	0	0
lcl|NC_052670.1_mrna_XM_026130478.2_16964	13688	13489	0	0
lcl|NC_052670.1_mrna_XM_011173191.3_16965	2584	2385	775.044	91.2754
lcl|NC_052670.1_mrna_XM_011173239.3_16966	2270	2071	205.956	27.9325
lcl|NC_052670.1_mrna_XM_011173075.3_16967	5219	5020	30.4242	1.70228
lcl|NC_052670.1_mrna_XM_026130375.2_16968	5054	4855	119.576	6.91783
lcl|NC_052670.1_mrna_XM_011172954.3_16969	962	763	0	0
lcl|NC_052670.1_mrna_XM_011172849.3_16970	3113	2914	281.014	27.0866
lcl|NC_052670.1_miscrna_XR_005575176.1_16971	694	495	85.5583	48.5482
lcl|NC_052670.1_mrna_XM_011172757.3_16972	479	280	240.428	241.181
lcl|NC_052670.1_mrna_XM_011172150.3_16973	7208	7009	49.6818	1.99093
lcl|NC_052670.1_mrna_XM_026130316.2_16974	4782	4583	0	0
lcl|NC_052670.1_mrna_XM_026130315.2_16975	4368	4169	14	0.943218
lcl|NC_052670.1_trna_16976	74	3.56892	0	0
lcl|NC_052670.1_mrna_XM_011171989.3_16977	3748	3549	174.206	13.7871
lcl|NC_052670.1_mrna_XM_026130312.2_16978	3436	3237	13.13	1.1393
lcl|NC_052670.1_mrna_XM_026130311.2_16979	2512	2313	16.6641	2.02359
lcl|NC_052670.1_mrna_XM_026130313.2_16980	2766	2567	0	0
lcl|NC_052670.1_mrna_XM_011172082.3_16981	7019	6820	264.142	10.8785
lcl|NC_052670.1_mrna_XM_026130314.2_16982	7381	7182	8.17633	0.319763
lcl|NC_052670.1_mrna_XM_039451502.1_16983	9244	9045	0	0
lcl|NC_052670.1_mrna_XM_039451505.1_16984	7998	7799	0.00554041	0.000199535
lcl|NC_052670.1_mrna_XM_026130309.2_16985	8706	8507	0	0
lcl|NC_052670.1_mrna_XM_039451504.1_16986	8156	7957	0	0
lcl|NC_052670.1_mrna_XM_039451503.1_16987	8132	7933	0	0
lcl|NC_052670.1_mrna_XM_026130308.2_16988	8016	7817	0.000548715	1.97162e-05
lcl|NC_052670.1_mrna_XM_039451506.1_16989	7947	7748	3.99391	0.144785
lcl|NC_052670.1_mrna_XM_011172453.3_16990	1278	1079	146.991	38.2635
lcl|NC_052670.1_mrna_XM_011172376.3_16991	1322	1123	118.544	29.6493
lcl|NC_052670.1_mrna_XM_011172316.3_16992	1306	1107	635.782	161.315
lcl|NC_052670.1_mrna_XM_011172637.3_16993	2725	2526	46.3639	5.1554
lcl|NC_052670.1_mrna_XM_039451511.1_16994	2980	2781	0	0
lcl|NC_052670.1_mrna_XM_011171656.3_16995	3560	3361	374.226	31.2738
lcl|NC_052670.1_mrna_XM_011171711.3_16996	4326	4127	24.7741	1.68608
lcl|NC_052670.1_mrna_XM_011171596.3_16997	3794	3595	0	0
lcl|NC_052670.1_mrna_XM_011171795.3_16998	3795	3596	0	0
lcl|NC_052670.1_mrna_XM_039451507.1_16999	3588	3389	0	0
lcl|NC_052670.1_mrna_XM_039451510.1_17000	2133	1934	0	0
lcl|NC_052670.1_mrna_XM_026130358.2_17001	6098	5899	0	0
lcl|NC_052670.1_mrna_XM_026130359.2_17002	6074	5875	121.014	5.78552
lcl|NC_052670.1_mrna_XM_026130355.2_17003	5641	5442	154.605	7.97959
lcl|NC_052670.1_mrna_XM_039451513.1_17004	5339	5140	178.381	9.7477
lcl|NC_052670.1_mrna_XM_039451512.1_17005	5832	5633	0	0
lcl|NC_052670.1_mrna_XM_026130357.2_17006	6762	6563	0	0
lcl|NC_052670.1_mrna_XM_026130356.2_17007	6807	6608	0	0
lcl|NC_052670.1_mrna_XM_026130353.2_17008	5903	5704	0	0
lcl|NC_052670.1_mrna_XM_026130354.2_17009	5881	5682	0	0
lcl|NC_052670.1_mrna_XM_026130360.2_17010	2862	2663	3706	390.886
lcl|NC_052670.1_mrna_XM_011170390.3_17011	6498	6299	11.9588	0.533252
lcl|NC_052670.1_mrna_XM_011170308.3_17012	6037	5838	134.07	6.45033
lcl|NC_052670.1_mrna_XM_011170153.3_17013	6079	5880	158.368	7.56494
lcl|NC_052670.1_mrna_XM_011170066.3_17014	6344	6145	18.1131	0.827916
lcl|NC_052670.1_mrna_XM_011170509.3_17015	3142	2943	330.491	31.5417
lcl|NC_052670.1_mrna_XM_011170951.3_17016	5871	5672	0	0
lcl|NC_052670.1_mrna_XM_011170868.3_17017	5558	5359	0.0177111	0.000928275
lcl|NC_052670.1_mrna_XM_011170792.3_17018	5874	5675	0	0
lcl|NC_052670.1_mrna_XM_011171098.3_17019	5858	5659	295.372	14.6604
lcl|NC_052670.1_mrna_XM_011171033.3_17020	5861	5662	102.61	5.09023
lcl|NC_052670.1_mrna_XM_011170677.3_17021	1259	1060	1688.94	447.533
lcl|NC_052670.1_mrna_XM_011170597.3_17022	1338	1139	0	0
lcl|NC_052670.1_mrna_XM_026130361.2_17023	1296	1097	36.0563	9.23189
lcl|NC_052670.1_mrna_XM_011169784.3_17024	2936	2737	1396.88	143.351
lcl|NC_052670.1_mrna_XM_039451542.1_17025	2258	2059	67.1507	9.1603
lcl|NC_052670.1_mrna_XM_026130344.2_17026	2192	1993	34.2963	4.83343
lcl|NC_052670.1_mrna_XM_011169460.3_17027	2347	2148	68.4054	8.94483
lcl|NC_052670.1_mrna_XM_011169390.3_17028	2121	1922	0	0
lcl|NC_052670.1_mrna_XM_011169249.3_17029	2148	1949	0	0
lcl|NC_052670.1_mrna_XM_011169316.3_17030	2453	2254	233.895	29.1463
lcl|NC_052670.1_mrna_XM_011169180.3_17031	2480	2281	0	0
lcl|NC_052670.1_mrna_XM_026130342.2_17032	2756	2557	147.716	16.2261
lcl|NC_052670.1_mrna_XM_039451553.1_17033	2783	2584	16.7399	1.8196
lcl|NC_052670.1_mrna_XM_026130341.2_17034	2855	2656	46.9337	4.96332
lcl|NC_052670.1_mrna_XM_039451551.1_17035	2893	2694	0	0
lcl|NC_052670.1_mrna_XM_011169672.3_17036	2013	1814	34.7391	5.37895
lcl|NC_052670.1_mrna_XM_026130345.2_17037	1789	1590	201.347	35.5683
lcl|NC_052670.1_mrna_XM_011169603.3_17038	2342	2143	9.64219	1.26377
lcl|NC_052670.1_mrna_XM_039451554.1_17039	1680	1481	210.286	39.8814
lcl|NC_052670.1_mrna_XM_011168822.2_17040	1353	1154	656	159.666
lcl|NC_052670.1_mrna_XM_011168722.3_17041	4114	3915	202.969	14.5618
lcl|NC_052670.1_mrna_XM_039451541.1_17042	4173	3974	0	0
lcl|NC_052670.1_mrna_XM_039451540.1_17043	4858	4659	89	5.36553
lcl|NC_052670.1_mrna_XM_011168602.3_17044	1433	1234	1.04902	0.238774
lcl|NC_052670.1_mrna_XM_039451555.1_17045	1517	1318	744.951	158.755
lcl|NC_052670.1_mrna_XM_011168284.3_17046	3980	3781	662.512	49.2156
lcl|NC_052670.1_mrna_XM_011168393.3_17047	3536	3337	111.488	9.38399
lcl|NC_052670.1_mrna_XM_011168115.3_17048	941	742	910	344.471
lcl|NC_052670.1_mrna_XM_011167882.3_17049	773	574	481	235.369
lcl|NC_052670.1_mrna_XM_039451546.1_17050	5379	5180	6.00254	0.325478
lcl|NC_052670.1_mrna_XM_039451545.1_17051	5969	5770	0.206091	0.0100323
lcl|NC_052670.1_mrna_XM_039451548.1_17052	5960	5761	0.986349	0.0480893
lcl|NC_052670.1_mrna_XM_039451547.1_17053	5954	5755	2.80502	0.136901
lcl|NC_052670.1_mrna_XM_011167770.3_17054	892	693	61	24.7236
lcl|NC_052670.1_mrna_XM_039451550.1_17055	5593	5394	0	0
lcl|NC_052670.1_mrna_XM_039451514.1_17056	7990	7791	0.559422	0.020168
lcl|NC_052670.1_mrna_XM_011167665.3_17057	7944	7745	212.441	7.70427
lcl|NC_052670.1_mrna_XM_011167359.3_17058	1901	1702	143.275	23.6443
lcl|NC_052670.1_mrna_XM_011167439.3_17059	1895	1696	571.725	94.6841
lcl|NC_052670.1_mrna_XM_011167553.3_17060	2297	2098	454	60.7808
lcl|NC_052670.1_mrna_XM_011167007.3_17061	1249	1050	357	95.4981
lcl|NC_052670.1_mrna_XM_011167123.3_17062	1988	1789	691	108.488
lcl|NC_052670.1_mrna_XM_011167247.3_17063	1051	852	433	142.746
lcl|NC_052670.1_mrna_XM_039451523.1_17064	6862	6663	11.8983	0.50157
lcl|NC_052670.1_mrna_XM_039451525.1_17065	6419	6220	0	0
lcl|NC_052670.1_mrna_XM_039451524.1_17066	6610	6411	0	0
lcl|NC_052670.1_mrna_XM_039451526.1_17067	6414	6215	0	0
lcl|NC_052670.1_mrna_XM_039451522.1_17068	8163	7964	1.94198	0.0684902
lcl|NC_052670.1_mrna_XM_039451535.1_17069	6098	5899	0	0
lcl|NC_052670.1_mrna_XM_039451534.1_17070	5656	5457	0	0
lcl|NC_052670.1_mrna_XM_039451516.1_17071	6498	6299	0	0
lcl|NC_052670.1_mrna_XM_039451515.1_17072	6506	6307	0	0
lcl|NC_052670.1_mrna_XM_039451517.1_17073	6442	6243	0	0
lcl|NC_052670.1_mrna_XM_039451528.1_17074	6283	6084	0	0
lcl|NC_052670.1_mrna_XM_039451518.1_17075	6421	6222	0	0
lcl|NC_052670.1_mrna_XM_039451520.1_17076	6358	6159	0	0
lcl|NC_052670.1_mrna_XM_039451519.1_17077	6364	6165	0	0
lcl|NC_052670.1_mrna_XM_039451529.1_17078	6280	6081	0	0
lcl|NC_052670.1_mrna_XM_039451531.1_17079	6217	6018	0	0
lcl|NC_052670.1_mrna_XM_039451521.1_17080	6343	6144	0	0
lcl|NC_052670.1_mrna_XM_039451527.1_17081	6286	6087	0	0
lcl|NC_052670.1_mrna_XM_039451533.1_17082	6202	6003	0	0
lcl|NC_052670.1_mrna_XM_039451530.1_17083	6268	6069	0	0
lcl|NC_052670.1_mrna_XM_039451560.1_17084	1641	1442	0	0
lcl|NC_052670.1_miscrna_XR_005575177.1_17085	1700	1501	0	0
lcl|NC_052670.1_mrna_XM_039451537.1_17086	6456	6257	0	0
lcl|NC_052670.1_mrna_XM_039451536.1_17087	6715	6516	0	0
lcl|NC_052670.1_ncrna_XR_005575178.1_17088	671	472	0	0
lcl|NC_052670.1_mrna_XM_039451544.1_17089	4481	4282	0	0
lcl|NC_052670.1_mrna_XM_039451538.1_17090	13940	13741	1.15976	0.0237064
lcl|NC_052670.1_mrna_XM_011166842.3_17091	2817	2618	179.419	19.2493
lcl|NC_052670.1_mrna_XM_039451559.1_17092	2830	2631	22.8503	2.43942
lcl|NC_052670.1_mrna_XM_011166759.3_17093	4320	4121	0	0
lcl|NC_052670.1_mrna_XM_011166904.3_17094	4323	4124	4.46433	0.304056
lcl|NC_052670.1_mrna_XM_039451558.1_17095	5703	5504	1.26635	0.0646238
lcl|NC_052670.1_mrna_XM_011166652.3_17096	1153	954	553	162.814
lcl|NC_052670.1_mrna_XM_026130366.2_17097	6003	5804	0	0
lcl|NC_052670.1_mrna_XM_026130364.2_17098	6108	5909	6.45784	0.306965
lcl|NC_052670.1_mrna_XM_039452221.1_17099	9095	8896	4.60694	0.145457
lcl|NC_052670.1_mrna_XM_039452220.1_17100	5233	5034	7.93522	0.442753
lcl|NC_052670.1_mrna_XM_026130367.2_17101	9053	8854	0	0
lcl|NC_052670.1_mrna_XM_039452223.1_17102	8597	8398	0	0
lcl|NC_052670.1_mrna_XM_039451458.1_17103	8640	8441	106	3.52718
lcl|NC_052670.1_mrna_XM_039451461.1_17104	2210	2011	900.014	125.705
lcl|NC_052670.1_mrna_XM_039451460.1_17105	2872	2673	1273.99	133.869
lcl|NC_052670.1_mrna_XM_011166552.3_17106	3740	3541	554.536	43.9865
lcl|NC_052670.1_mrna_XM_011166390.2_17107	3386	3187	78.2033	6.89221
lcl|NC_052670.1_mrna_XM_039451459.1_17108	3603	3404	0.260772	0.0215172
lcl|NC_052670.1_mrna_XM_011166094.3_17109	962	763	822	302.596
lcl|NC_052670.1_mrna_XM_011166199.3_17110	1969	1770	1138.07	180.598
lcl|NC_052670.1_mrna_XM_039451741.1_17111	2043	1844	7.92653	1.20736
lcl|NC_052670.1_mrna_XM_039451470.1_17112	1450	1251	708.243	159.016
lcl|NC_052670.1_mrna_XM_039451469.1_17113	1700	1501	24.1908	4.52674
lcl|NC_052670.1_mrna_XM_039451467.1_17114	1881	1682	733.566	122.498
lcl|NC_052670.1_mrna_XM_026130340.2_17115	2743	2544	11	1.21448
lcl|NC_052670.1_mrna_XM_011165594.3_17116	1987	1788	2020.88	317.46
lcl|NC_052670.1_mrna_XM_011165665.2_17117	1322	1123	156.118	39.047
lcl|NC_052670.1_mrna_XM_026130339.2_17118	2472	2273	1	0.123571
lcl|NC_052670.1_mrna_XM_011165856.3_17119	1901	1702	1203	198.528
lcl|NC_052670.1_mrna_XM_011165033.3_17120	3726	3527	986.109	78.5299
lcl|NC_052670.1_mrna_XM_011165140.3_17121	1421	1222	1663.89	382.445
lcl|NC_052670.1_mrna_XM_026130335.2_17122	2592	2393	17.2306	2.02244
lcl|NC_052670.1_mrna_XM_039451465.1_17123	2676	2477	33.0652	3.74939
lcl|NC_052670.1_mrna_XM_026130334.2_17124	3077	2878	161.972	15.8075
lcl|NC_052670.1_mrna_XM_011165369.3_17125	1018	819	600.733	206.022
lcl|NC_052670.1_mrna_XM_011164926.3_17126	1328	1129	650	161.709
lcl|NC_052670.1_mrna_XM_039451466.1_17127	2309	2110	8	1.06494
lcl|NC_052670.1_mrna_XM_011159266.3_17128	2430	2231	0	0
lcl|NC_052670.1_mrna_XM_039452283.1_17129	10407	10208	6.03105	0.165947
lcl|NC_052670.1_mrna_XM_011164701.3_17130	10571	10372	6.88305e-07	1.86395e-08
lcl|NC_052670.1_mrna_XM_011164762.3_17131	10563	10364	1.49242e-06	4.04463e-08
lcl|NC_052670.1_mrna_XM_026130456.2_17132	10909	10710	0	0
lcl|NC_052670.1_mrna_XM_026130443.2_17133	4968	4769	0	0
lcl|NC_052670.1_mrna_XM_039452280.1_17134	4896	4697	0	0
lcl|NC_052670.1_mrna_XM_026130445.2_17135	4965	4766	0	0
lcl|NC_052670.1_mrna_XM_026130438.2_17136	5001	4802	0	0
lcl|NC_052670.1_mrna_XM_026130442.2_17137	4995	4796	0	0
lcl|NC_052670.1_mrna_XM_026130453.2_17138	4791	4592	7.7047	0.47127
lcl|NC_052670.1_mrna_XM_026130441.2_17139	4995	4796	0	0
lcl|NC_052670.1_mrna_XM_026130451.2_17140	4902	4703	0	0
lcl|NC_052670.1_mrna_XM_039452279.1_17141	4896	4697	0	0
lcl|NC_052670.1_mrna_XM_026130450.2_17142	4929	4730	0	0
lcl|NC_052670.1_mrna_XM_039452278.1_17143	4923	4724	0	0
lcl|NC_052670.1_mrna_XM_026130452.2_17144	4830	4631	0.00159528	9.67557e-05
lcl|NC_052670.1_mrna_XM_039452281.1_17145	4824	4625	0.00585556	0.000355609
lcl|NC_052670.1_mrna_XM_026130440.2_17146	4998	4799	0	0
lcl|NC_052670.1_mrna_XM_039452277.1_17147	4926	4727	0	0
lcl|NC_052670.1_mrna_XM_026130444.2_17148	4965	4766	0	0
lcl|NC_052670.1_mrna_XM_026130439.2_17149	4998	4799	0	0
lcl|NC_052670.1_mrna_XM_026130454.2_17150	4406	4207	0	0
lcl|NC_052670.1_mrna_XM_039452282.1_17151	4400	4201	0	0
lcl|NC_052670.1_mrna_XM_026130455.2_17152	4196	3997	0.287845	0.0202274
lcl|NC_052670.1_mrna_XM_011164321.3_17153	1701	1502	0	0
lcl|NC_052670.1_miscrna_XR_005575197.1_17154	1596	1397	128.689	25.8738
lcl|NC_052670.1_mrna_XM_011164241.3_17155	1702	1503	0	0
lcl|NC_052670.1_miscrna_XR_005575196.1_17156	1619	1420	39.5344	7.81992
lcl|NC_052670.1_mrna_XM_011164400.3_17157	1687	1488	332.955	62.8491
lcl|NC_052670.1_mrna_XM_011164486.3_17158	1684	1485	113.821	21.5285
lcl|NC_052670.1_mrna_XM_011164587.3_17159	775	576	0	0
lcl|NC_052670.1_mrna_XM_011164126.3_17160	1002	803	228.393	79.8884
lcl|NC_052670.1_mrna_XM_011164068.3_17161	1110	911	283.607	87.4407
lcl|NC_052670.1_mrna_XM_011163954.3_17162	1856	1657	3	0.508528
lcl|NC_052670.1_mrna_XM_026130408.2_17163	4131	3932	0	0
lcl|NC_052670.1_mrna_XM_039451628.1_17164	5827	5628	0	0
lcl|NC_052670.1_mrna_XM_039451627.1_17165	5393	5194	10.2617	0.554923
lcl|NC_052670.1_mrna_XM_026130406.2_17166	4773	4574	0	0
lcl|NC_052670.1_mrna_XM_026130407.2_17167	4640	4441	0	0
lcl|NC_052670.1_mrna_XM_011163747.3_17168	4454	4255	0	0
lcl|NC_052670.1_mrna_XM_011163830.3_17169	4321	4122	1.1368e-08	7.74623e-10
lcl|NC_052670.1_mrna_XM_026130317.2_17170	1332	1133	0	0
lcl|NC_052670.1_mrna_XM_011163640.3_17171	1341	1142	14	3.44332
lcl|NC_052670.1_ncrna_XR_850806.2_17172	370	171	0	0
lcl|NC_052670.1_mrna_XM_039451726.1_17173	3935	3736	0	0
lcl|NC_052670.1_mrna_XM_011163167.3_17174	4035	3836	0	0
lcl|NC_052670.1_mrna_XM_011163241.3_17175	3944	3745	0	0
lcl|NC_052670.1_mrna_XM_011163384.3_17176	3935	3736	0	0
lcl|NC_052670.1_mrna_XM_039451727.1_17177	3109	2910	2	0.193042
lcl|NC_052670.1_mrna_XM_011163060.3_17178	1259	1060	4	1.05991
lcl|NC_052670.1_mrna_NM_001319648.1_17179	2591	2392	0	0
lcl|NC_052670.1_mrna_XM_026130377.2_17180	1835	1636	395.848	67.9612
lcl|NC_052670.1_mrna_XM_026130378.2_17181	1837	1638	88.132	15.1125
lcl|NC_052670.1_mrna_XM_026130379.2_17182	1771	1572	0.019769	0.00353221
lcl|NC_052670.1_mrna_XM_026130380.2_17183	2455	2256	195	24.2779
lcl|NC_052670.1_ncrna_XR_005575162.1_17184	1147	948	0	0
lcl|NC_052670.1_mrna_XM_011162831.3_17185	2641	2442	1	0.115019
lcl|NC_052670.1_mrna_XM_039451405.1_17186	5769	5570	0	0
lcl|NC_052670.1_mrna_XM_026130429.2_17187	3558	3359	2.64483	0.221159
lcl|NC_052670.1_ncrna_XR_005575283.1_17188	1361	1162	0	0
lcl|NC_052670.1_mrna_XM_011161467.3_17189	3507	3308	410	34.8124
lcl|NC_052670.1_mrna_XM_011161469.3_17190	1766	1567	565	101.273
lcl|NC_052670.1_mrna_XM_011161472.3_17191	3869	3670	875.243	66.9851
lcl|NC_052670.1_mrna_XM_011161473.3_17192	3851	3652	0	0
lcl|NC_052670.1_mrna_XM_039452184.1_17193	3771	3572	593.474	46.6666
lcl|NC_052670.1_mrna_XM_039452183.1_17194	3766	3567	47.7297	3.75839
lcl|NC_052670.1_mrna_XM_039452182.1_17195	3771	3572	740.742	58.2467
lcl|NC_052670.1_mrna_XM_039452185.1_17196	4262	4063	19.8119	1.36961
lcl|NC_052670.1_mrna_XM_039452181.1_17197	6435	6236	8.07807	0.363846
lcl|NC_052670.1_mrna_XM_026130432.2_17198	5416	5217	19.8769	1.07014
lcl|NC_052670.1_mrna_XM_011161475.3_17199	4978	4779	109.948	6.46197
lcl|NC_052670.1_mrna_XM_011161474.3_17200	5632	5433	527.951	27.2942
lcl|NC_052670.1_mrna_XM_011161476.3_17201	4935	4736	242.146	14.3609
lcl|NC_052670.1_trna_17202	73	3.5471	0	0
lcl|NC_052670.1_mrna_XM_039452066.1_17203	4185	3986	368.434	25.962
lcl|NC_052670.1_mrna_XM_011161477.3_17204	2771	2572	451	49.2517
lcl|NC_052670.1_mrna_XM_039452073.1_17205	2221	2022	691	95.987
lcl|NC_052670.1_mrna_XM_011161478.3_17206	1273	1074	346	90.4873
lcl|NC_052670.1_mrna_XM_011161481.3_17207	5003	4804	229	13.389
lcl|NC_052670.1_mrna_XM_039452063.1_17208	5327	5128	0	0
lcl|NC_052670.1_mrna_XM_011161482.3_17209	781	582	112	54.0519
lcl|NC_052670.1_mrna_XM_011161483.3_17210	4744	4545	74	4.57313
lcl|NC_052670.1_mrna_XM_011161484.3_17211	1934	1735	295	47.7571
lcl|NC_052670.1_mrna_XM_011162824.3_17212	2243	2044	204	28.0327
lcl|NC_052670.1_mrna_XM_011164534.3_17213	761	562	20	9.99561
lcl|NC_052670.1_mrna_XM_011164535.3_17214	957	758	290	107.459
lcl|NC_052670.1_mrna_XM_026130383.2_17215	4240	4041	269.722	18.7475
lcl|NC_052670.1_mrna_XM_039452067.1_17216	5131	4932	0	0
lcl|NC_052670.1_mrna_XM_011161487.3_17217	3750	3551	19.2785	1.52489
lcl|NC_052670.1_mrna_XM_011161485.3_17218	1382	1183	1	0.237427
lcl|NC_052670.1_mrna_XM_039452065.1_17219	5164	4965	0	0
lcl|NC_052670.1_mrna_XM_011161488.3_17220	5213	5014	272.566	15.2688
lcl|NC_052670.1_mrna_XM_011161495.3_17221	1666	1467	0	0
lcl|NC_052670.1_mrna_XM_011161493.3_17222	2349	2150	0	0
lcl|NC_052670.1_mrna_XM_039452069.1_17223	2115	1916	0	0
lcl|NC_052670.1_mrna_XM_026130461.2_17224	2307	2108	0	0
lcl|NC_052670.1_mrna_XM_011161494.3_17225	1437	1238	2	0.453759
lcl|NC_052670.1_mrna_XM_011161492.3_17226	1882	1683	0	0
lcl|NC_052670.1_mrna_XM_039452076.1_17227	1360	1161	0	0
lcl|NC_052670.1_mrna_XM_039452075.1_17228	1816	1617	0	0
lcl|NC_052670.1_mrna_XM_039452074.1_17229	1893	1694	0	0
lcl|NC_052670.1_ncrna_XR_005575254.1_17230	6558	6359	1.00018	0.0441778
lcl|NC_052670.1_mrna_XM_039452071.1_17231	2640	2441	0	0
lcl|NC_052670.1_mrna_XM_039452070.1_17232	2699	2500	0	0
lcl|NC_052670.1_mrna_XM_011161491.3_17233	2822	2623	0	0
lcl|NC_052670.1_mrna_XM_026130463.2_17234	1352	1153	0	0
lcl|NC_052670.1_mrna_XM_026130464.2_17235	1445	1246	0	0
lcl|NC_052670.1_mrna_XM_011161496.3_17236	2788	2589	1	0.108488
lcl|NC_052670.1_mrna_XM_039451608.1_17237	2869	2670	0	0
lcl|NC_052670.1_mrna_XM_011161497.3_17238	662	463	5	3.03323
lcl|NC_052670.1_mrna_XM_011161499.3_17239	4884	4685	0.00192164	0.000115207
lcl|NC_052670.1_mrna_XM_011161498.3_17240	4886	4687	450.684	27.008
lcl|NC_052670.1_mrna_XM_011161500.3_17241	4425	4226	41.3138	2.74588
lcl|NC_052670.1_mrna_XM_039451575.1_17242	4316	4117	0	0
lcl|NC_052670.1_mrna_XM_039451573.1_17243	4339	4140	0	0
lcl|NC_052670.1_mrna_XM_039451574.1_17244	4333	4134	6.42112	0.436271
lcl|NC_052670.1_mrna_XM_039451576.1_17245	4232	4033	44.5789	3.10468
lcl|NC_052670.1_mrna_XM_039451580.1_17246	2882	2683	72.2514	7.56383
lcl|NC_052670.1_mrna_XM_039451579.1_17247	2716	2517	4.07292e-07	4.54505e-08
lcl|NC_052670.1_mrna_XM_039451578.1_17248	2687	2488	244.749	27.6303
lcl|NC_052670.1_mrna_XM_026130466.2_17249	4090	3891	69.5682	5.02187
lcl|NC_052670.1_mrna_XM_011161503.3_17250	4055	3856	53.0082	3.8612
lcl|NC_052670.1_mrna_XM_026130467.2_17251	4052	3853	133.424	9.72634
lcl|NC_052670.1_mrna_XM_039452136.1_17252	4780	4581	73.7212	4.5201
lcl|NC_052670.1_mrna_XM_011174754.3_17253	4487	4288	32.1828	2.10807
lcl|NC_052670.1_mrna_XM_039452135.1_17254	4402	4203	338.096	22.5942
lcl|NC_052670.1_mrna_XM_026136880.2_17255	1249	1050	1406	376.107
lcl|NC_052670.1_mrna_XM_011174762.3_17256	823	624	3	1.35037
lcl|NC_052670.1_mrna_XM_011174760.3_17257	4127	3928	0	0
lcl|NC_052670.1_mrna_XM_011174761.3_17258	4208	4009	30	2.10185
lcl|NC_052670.1_mrna_XM_039452137.1_17259	4292	4093	2.78238e-08	1.90937e-09
lcl|NC_052670.1_mrna_XM_026136878.2_17260	3780	3581	0	0
lcl|NC_052670.1_mrna_XM_039452138.1_17261	2049	1850	5.27547	0.800949
lcl|NC_052670.1_mrna_XM_026136887.2_17262	1834	1635	4.34022	0.745607
lcl|NC_052670.1_mrna_XM_026136888.2_17263	1866	1667	1.56465e-08	2.63631e-09
lcl|NC_052670.1_mrna_XM_026136886.2_17264	4745	4546	143	8.83532
lcl|NC_052670.1_mrna_XM_011174763.3_17265	1902	1703	253	41.7274
lcl|NC_052670.1_mrna_XM_011174784.3_17266	2503	2304	212.314	25.8829
lcl|NC_052670.1_mrna_XM_039452141.1_17267	2492	2293	287.686	35.2395
lcl|NC_052670.1_mrna_XM_039452139.1_17268	10156	9957	29.4053	0.829493
lcl|NC_052670.1_mrna_XM_026136885.2_17269	10153	9954	59.3184	1.67382
lcl|NC_052670.1_mrna_XM_039452140.1_17270	10157	9958	0	0
lcl|NC_052670.1_mrna_XM_026136883.2_17271	10166	9967	0.000745048	2.0996e-05
lcl|NC_052670.1_mrna_XM_011174766.3_17272	10154	9955	97.9863	2.76465
lcl|NC_052670.1_mrna_XM_026136884.2_17273	10163	9964	368.289	10.3818
lcl|NC_052670.1_mrna_XM_039452143.1_17274	1897	1698	0	0
lcl|NC_052670.1_mrna_XM_039452142.1_17275	1945	1746	0	0
lcl|NC_052670.1_mrna_XM_039452144.1_17276	1568	1369	0	0
lcl|NC_052670.1_ncrna_XR_005575280.1_17277	3383	3184	2	0.17643
lcl|NC_052670.1_ncrna_XR_005575279.1_17278	3449	3250	0	0
lcl|NC_052670.1_mrna_XM_011174768.3_17279	11008	10809	103	2.6765
lcl|NC_052670.1_mrna_XM_011174769.3_17280	5902	5703	119.939	5.90706
lcl|NC_052670.1_ncrna_XR_005575285.1_17281	2200	2001	0	0
lcl|NC_052670.1_mrna_XM_011174771.3_17282	2504	2305	295.855	36.0515
lcl|NC_052670.1_mrna_XM_011174770.3_17283	2528	2329	998.206	120.383
lcl|NC_052670.1_rrna_XR_003268915.1_17284	120	5.05223	0	0
lcl|NC_052670.1_mrna_XM_011174772.3_17285	1130	931	928	279.972
lcl|NC_052670.1_mrna_XM_011174773.3_17286	1341	1142	28.0403	6.89656
lcl|NC_052670.1_ncrna_XR_851282.3_17287	3321	3122	11329.2	1019.25
lcl|NC_052670.1_mrna_XM_011174776.3_17288	3261	3062	344	31.5551
lcl|NC_052670.1_mrna_XM_039451454.1_17289	2624	2425	0	0
lcl|NC_052670.1_mrna_XM_011174778.3_17290	2824	2625	54	5.77804
lcl|NC_052670.1_mrna_XM_011174777.3_17291	4214	4015	0	0
lcl|NC_052670.1_mrna_XM_039451455.1_17292	3843	3644	2.29227	0.176686
lcl|NC_052670.1_mrna_XM_026136882.2_17293	5371	5172	1026.64	55.7541
lcl|NC_052670.1_mrna_XM_011174779.3_17294	2598	2399	150.357	17.6039
lcl|NC_052670.1_mrna_XM_011174780.3_17295	1142	943	27	8.04207
lcl|NC_052670.1_mrna_XM_026136881.2_17296	4600	4401	471.703	30.1046
lcl|NC_052670.1_mrna_XM_039451462.1_17297	4684	4485	54.9328	3.44021
lcl|NC_052670.1_mrna_XM_011174781.3_17298	2745	2546	157.364	17.3605
lcl|NC_052670.1_mrna_XM_011169708.3_17299	3464	3265	65.0656	5.59737
lcl|NC_052670.1_mrna_XM_011169709.3_17300	5607	5408	30.6479	1.59177
lcl|NC_052670.1_mrna_XM_039451621.1_17301	5214	5015	0	0
lcl|NC_052670.1_ncrna_XR_003269455.2_17302	2426	2227	15.2866	1.92799
lcl|NC_052670.1_mrna_XM_011169711.3_17303	3801	3602	90	7.01802
lcl|NC_052670.1_mrna_XM_011169712.3_17304	4526	4327	0	0
lcl|NC_052670.1_mrna_XM_011169718.3_17305	4167	3968	111.864	7.91832
lcl|NC_052670.1_mrna_XM_011169716.3_17306	4209	4010	1.543e-05	1.08078e-06
lcl|NC_052670.1_mrna_XM_011169714.3_17307	4227	4028	1.72759e-07	1.20467e-08
lcl|NC_052670.1_mrna_XM_026140861.2_17308	4212	4013	7.28794e-06	5.10095e-07
lcl|NC_052670.1_mrna_XM_011169715.3_17309	4218	4019	0	0
lcl|NC_052670.1_mrna_XM_011169713.3_17310	4230	4031	8.1872e-08	5.70477e-09
lcl|NC_052670.1_mrna_XM_011169717.3_17311	4199	4000	237.136	16.6515
lcl|NC_052670.1_mrna_XM_026140857.2_17312	4523	4324	242.101	15.7263
lcl|NC_052670.1_mrna_XM_026140858.2_17313	4523	4324	88.9436	5.77757
lcl|NC_052670.1_mrna_XM_026140859.2_17314	4406	4207	0.059864	0.00399677
lcl|NC_052670.1_mrna_XM_039452085.1_17315	4485	4286	53.8957	3.53198
lcl|NC_052670.1_mrna_XM_026140860.2_17316	1640	1441	220.364	42.9528
lcl|NC_052670.1_mrna_XM_039452106.1_17317	1466	1267	15.6365	3.46639
lcl|NC_052670.1_mrna_XM_039452110.1_17318	1900	1701	113.284	18.7059
lcl|NC_052670.1_miscrna_XR_005575275.1_17319	1616	1417	87.6355	17.371
lcl|NC_052670.1_mrna_XM_039452116.1_17320	1524	1325	0	0
lcl|NC_052670.1_mrna_XM_039452115.1_17321	1669	1470	0	0
lcl|NC_052670.1_mrna_XM_039452112.1_17322	1969	1770	60.3124	9.57081
lcl|NC_052670.1_mrna_XM_039452109.1_17323	1914	1715	58.412	9.56651
lcl|NC_052670.1_mrna_XM_039452111.1_17324	2323	2124	9.37685	1.23999
lcl|NC_052670.1_mrna_XM_039452114.1_17325	1397	1198	453.892	106.417
lcl|NC_052670.1_mrna_XM_039452113.1_17326	1079	880	180.161	57.5033
lcl|NC_052670.1_mrna_XM_039452108.1_17327	1611	1412	176.898	35.1887
lcl|NC_052670.1_mrna_XM_011169723.3_17328	1545	1346	95.1021	19.8454
lcl|NC_052670.1_mrna_XM_039452087.1_17329	2566	2367	0	0
lcl|NC_052670.1_mrna_XM_039452089.1_17330	2807	2608	8.06379	0.868455
lcl|NC_052670.1_mrna_XM_039452090.1_17331	2729	2530	86.083	9.55681
lcl|NC_052670.1_mrna_XM_039452091.1_17332	2780	2581	92.7279	10.0911
lcl|NC_052670.1_mrna_XM_039452092.1_17333	2706	2507	14.5136	1.62606
lcl|NC_052670.1_mrna_XM_039452088.1_17334	2788	2589	31.5723	3.42523
lcl|NC_052670.1_mrna_XM_039452093.1_17335	2530	2331	19.2747	2.32253
lcl|NC_052670.1_mrna_XM_039452094.1_17336	2650	2451	0	0
lcl|NC_052670.1_mrna_XM_039452104.1_17337	4099	3900	3.29449e-07	2.37268e-08
lcl|NC_052670.1_mrna_XM_039452103.1_17338	4135	3936	0	0
lcl|NC_052670.1_mrna_XM_039452105.1_17339	4037	3838	3.14995	0.230523
lcl|NC_052670.1_mrna_XM_039452095.1_17340	3028	2829	29.1489	2.89404
lcl|NC_052670.1_mrna_XM_039452099.1_17341	2744	2545	10.2701	1.13346
lcl|NC_052670.1_mrna_XM_039452096.1_17342	2509	2310	0	0
lcl|NC_052670.1_mrna_XM_039452098.1_17343	2630	2431	0	0
lcl|NC_052670.1_mrna_XM_039452097.1_17344	2674	2475	0	0
lcl|NC_052670.1_mrna_XM_039452100.1_17345	2376	2177	4.441e-07	5.72978e-08
lcl|NC_052670.1_mrna_XM_039452102.1_17346	2343	2144	2	0.262012
lcl|NC_052670.1_miscrna_XR_005575257.1_17347	1491	1292	187.394	40.7389
lcl|NC_052670.1_mrna_XM_011169726.3_17348	2191	1992	62.6057	8.82755
lcl|NC_052670.1_mrna_XM_039452107.1_17349	9211	9012	7	0.218169
lcl|NC_052670.1_trna_17350	74	3.56892	0	0
lcl|NC_052670.1_miscrna_XR_005575268.1_17351	2893	2694	13.8523	1.44425
lcl|NC_052670.1_miscrna_XR_005575263.1_17352	3689	3490	0	0
lcl|NC_052670.1_miscrna_XR_005575260.1_17353	4104	3905	0	0
lcl|NC_052670.1_miscrna_XR_005575266.1_17354	3406	3207	0	0
lcl|NC_052670.1_miscrna_XR_005575265.1_17355	3452	3253	0	0
lcl|NC_052670.1_miscrna_XR_005575267.1_17356	3485	3286	0	0
lcl|NC_052670.1_miscrna_XR_005575259.1_17357	3586	3387	0	0
lcl|NC_052670.1_miscrna_XR_005575261.1_17358	4123	3924	0	0
lcl|NC_052670.1_miscrna_XR_005575262.1_17359	3647	3448	0	0
lcl|NC_052670.1_miscrna_XR_005575264.1_17360	3633	3434	0	0
lcl|NC_052670.1_miscrna_XR_005575258.1_17361	3749	3550	0	0
lcl|NC_052670.1_miscrna_XR_005575273.1_17362	3539	3340	0	0
lcl|NC_052670.1_miscrna_XR_005575272.1_17363	3576	3377	0	0
lcl|NC_052670.1_miscrna_XR_005575270.1_17364	3625	3426	20.6647	1.69417
lcl|NC_052670.1_miscrna_XR_005575271.1_17365	3626	3427	0	0
lcl|NC_052670.1_miscrna_XR_005575269.1_17366	3663	3464	12.0623	0.978069
lcl|NC_052670.1_miscrna_XR_005575274.1_17367	3299	3100	13.8172	1.25191
lcl|NC_052670.1_mrna_XM_011169729.2_17368	1471	1272	244.603	54.0121
lcl|NC_052670.1_mrna_XM_039451561.1_17369	5170	4971	363.665	20.5482
lcl|NC_052670.1_mrna_XM_039451562.1_17370	5077	4878	0.016238	0.000934989
lcl|NC_052670.1_mrna_XM_039451563.1_17371	5137	4938	21.5216	1.22416
lcl|NC_052670.1_mrna_XM_026136551.2_17372	6785	6586	283.771	12.1021
lcl|NC_052670.1_mrna_XM_026136550.2_17373	6803	6604	0	0
lcl|NC_052670.1_mrna_XM_039451567.1_17374	983	784	0	0
lcl|NC_052670.1_mrna_XM_039451565.1_17375	1184	985	141.487	40.3457
lcl|NC_052670.1_mrna_XM_039451566.1_17376	1134	935	83.8886	25.2004
lcl|NC_052670.1_mrna_XM_011169731.3_17377	3225	3026	52.6242	4.88464
lcl|NC_052670.1_mrna_XM_026136581.2_17378	3069	2870	0	0
lcl|NC_052670.1_mrna_XM_011169733.3_17379	1772	1573	258	46.0688
lcl|NC_052670.1_mrna_XM_011169734.3_17380	2970	2771	2091	211.95
lcl|NC_052670.1_mrna_XM_026136579.2_17381	1529	1330	446	94.1887
lcl|NC_052670.1_mrna_XM_011166908.3_17382	1240	1041	1551.9	418.726
lcl|NC_052670.1_mrna_XM_011169735.3_17383	2720	2521	466.626	51.9891
lcl|NC_052670.1_mrna_XM_039451407.1_17384	2262	2063	407.248	55.4467
lcl|NC_052670.1_mrna_XM_039451406.1_17385	2505	2306	21.1256	2.57315
lcl|NC_052670.1_mrna_XM_011169736.3_17386	4574	4375	150	9.63006
lcl|NC_052670.1_mrna_XM_011169740.3_17387	1842	1643	1513	258.653
lcl|NC_052670.1_mrna_XM_011169741.3_17388	1472	1273	50	11.0321
lcl|NC_052670.1_mrna_XM_011169744.1_17389	1496	1297	1588.7	344.047
lcl|NC_052670.1_mrna_XM_011169742.1_17390	1436	1237	878.793	199.541
lcl|NC_052670.1_mrna_XM_011169743.1_17391	1340	1141	90.5567	22.2921
lcl|NC_052670.1_mrna_XM_026136554.2_17392	1104	905	39.9509	12.3992
lcl|NC_052670.1_mrna_XM_011169800.2_17393	2303	2104	1742.16	232.573
lcl|NC_052670.1_mrna_XM_039451408.1_17394	3107	2908	88.8356	8.58042
lcl|NC_052670.1_mrna_XM_039452255.1_17395	4167	3968	0	0
lcl|NC_052670.1_mrna_XM_011169745.3_17396	4027	3828	184	13.5009
lcl|NC_052670.1_mrna_XM_011169748.3_17397	1727	1528	475	87.3144
lcl|NC_052670.1_mrna_XM_039452256.1_17398	3970	3771	632	47.0735
lcl|NC_052670.1_mrna_XM_011169749.2_17399	2358	2159	0	0
lcl|NC_052670.1_mrna_XM_026136560.2_17400	2090	1891	0	0
lcl|NC_052670.1_mrna_XM_026136559.2_17401	4946	4747	26.3497	1.55909
lcl|NC_052670.1_mrna_XM_026136558.2_17402	4560	4361	17.6503	1.1368
lcl|NC_052670.1_mrna_XM_011169753.3_17403	4540	4341	0	0
lcl|NC_052670.1_mrna_XM_026136557.2_17404	4653	4454	0	0
lcl|NC_052670.1_mrna_XM_011169752.3_17405	1202	1003	330.481	92.5469
lcl|NC_052670.1_mrna_XM_011169751.3_17406	2105	1906	100.588	14.8231
lcl|NC_052670.1_mrna_XM_039452258.1_17407	2221	2022	0	0
lcl|NC_052670.1_mrna_XM_039452259.1_17408	2142	1943	0	0
lcl|NC_052670.1_mrna_XM_026136563.2_17409	2045	1846	41.4179	6.30191
lcl|NC_052670.1_mrna_XM_026136562.2_17410	1442	1243	49.5129	11.1883
lcl|NC_052670.1_mrna_XM_026136577.2_17411	3210	3011	147.725	13.7803
lcl|NC_052670.1_mrna_XM_039452257.1_17412	2834	2635	1027.9	109.568
lcl|NC_052670.1_mrna_XM_026136576.2_17413	3052	2853	336.788	33.1567
lcl|NC_052670.1_mrna_XM_026136578.2_17414	2447	2248	299.589	37.4322
lcl|NC_052670.1_mrna_XM_039451598.1_17415	5172	4973	0	0
lcl|NC_052670.1_mrna_XM_039451594.1_17416	4989	4790	9.2294e-07	5.41195e-08
lcl|NC_052670.1_mrna_XM_039451602.1_17417	4898	4699	4.53581e-07	2.71122e-08
lcl|NC_052670.1_mrna_XM_039451597.1_17418	5331	5132	0	0
lcl|NC_052670.1_mrna_XM_039451604.1_17419	5241	5042	0	0
lcl|NC_052670.1_mrna_XM_039451596.1_17420	6328	6129	5.34979	0.245168
lcl|NC_052670.1_mrna_XM_039451603.1_17421	6238	6039	3.21965	0.149748
lcl|NC_052670.1_mrna_XM_039451599.1_17422	5009	4810	116.707	6.81501
lcl|NC_052670.1_mrna_XM_039451605.1_17423	4919	4720	67.9531	4.04374
lcl|NC_052670.1_mrna_XM_039451595.1_17424	5189	4990	63.4498	3.57145
lcl|NC_052670.1_mrna_XM_039451591.1_17425	5218	5019	4.00159e-06	2.2394e-07
lcl|NC_052670.1_mrna_XM_039451600.1_17426	5128	4929	1.69594e-06	9.66426e-08
lcl|NC_052670.1_mrna_XM_039451593.1_17427	5502	5303	114.795	6.08021
lcl|NC_052670.1_mrna_XM_039451601.1_17428	5412	5213	70.6889	3.80872
lcl|NC_052670.1_mrna_XM_039451606.1_17429	5231	5032	33.8366	1.88869
lcl|NC_052670.1_mrna_XM_039451447.1_17430	4566	4367	3.44766	0.221747
lcl|NC_052670.1_mrna_XM_039451445.1_17431	11608	11409	53.5332	1.31793
lcl|NC_052670.1_mrna_XM_039451446.1_17432	11502	11303	0.0191255	0.000475265
lcl|NC_052670.1_mrna_XM_011169756.3_17433	11417	11218	0	0
lcl|NC_052670.1_mrna_XM_039451927.1_17434	5068	4869	0	0
lcl|NC_052670.1_mrna_XM_026136582.2_17435	4999	4800	0	0
lcl|NC_052670.1_mrna_XM_039451929.1_17436	4524	4325	1.84897e-07	1.20077e-08
lcl|NC_052670.1_mrna_XM_039451930.1_17437	4453	4254	3	0.198079
lcl|NC_052670.1_mrna_XM_039451928.1_17438	5777	5578	0	0
lcl|NC_052670.1_mrna_XM_039451931.1_17439	5917	5718	0	0
lcl|NC_052670.1_ncrna_XR_005575235.1_17440	2474	2275	0	0
lcl|NC_052670.1_mrna_XM_011169757.3_17441	2182	1983	171.86	24.3426
lcl|NC_052670.1_mrna_XM_039451937.1_17442	1882	1683	93.14	15.5442
lcl|NC_052670.1_mrna_XM_011169759.3_17443	2796	2597	0.0747297	0.00808234
lcl|NC_052670.1_mrna_XM_011169762.3_17444	2199	2000	0.010933	0.00153542
lcl|NC_052670.1_mrna_XM_011169760.3_17445	2792	2593	0.350699	0.0379881
lcl|NC_052670.1_mrna_XM_011169764.3_17446	2195	1996	0.0814345	0.0114594
lcl|NC_052670.1_mrna_XM_026136584.2_17447	2186	1987	7.57471	1.07074
lcl|NC_052670.1_mrna_XM_011169761.3_17448	2782	2583	16.9075	1.83853
lcl|NC_052670.1_mrna_XM_011169766.3_17449	1368	1169	925	222.251
lcl|NC_052670.1_mrna_XM_011169765.3_17450	2062	1863	867	130.714
lcl|NC_052670.1_mrna_XM_011169769.3_17451	1408	1209	497	115.464
lcl|NC_052670.1_mrna_XM_011169767.3_17452	3172	2973	197.846	18.6917
lcl|NC_052670.1_mrna_XM_011169768.3_17453	3076	2877	411.418	40.1661
lcl|NC_052670.1_mrna_XM_026136552.2_17454	2735	2536	1570.74	173.968
lcl|NC_052670.1_mrna_XM_011169773.3_17455	1362	1163	2367	571.655
lcl|NC_052670.1_mrna_XM_039451938.1_17456	556	357	21	16.5222
lcl|NC_052670.1_miscrna_XR_005575234.1_17457	1499	1300	2	0.432118
lcl|NC_052670.1_mrna_XM_039451934.1_17458	6471	6272	0	0
lcl|NC_052670.1_mrna_XM_026136571.2_17459	6695	6496	0	0
lcl|NC_052670.1_mrna_XM_026136572.2_17460	2972	2773	9.89935	1.0027
lcl|NC_052670.1_mrna_XM_026136573.2_17461	5585	5386	0	0
lcl|NC_052670.1_mrna_XM_039451936.1_17462	6527	6328	0	0
lcl|NC_052670.1_mrna_XM_026136570.2_17463	6711	6512	0	0
lcl|NC_052670.1_mrna_XM_039451935.1_17464	7826	7627	0	0
lcl|NC_052670.1_mrna_XM_039451933.1_17465	6579	6380	0	0
lcl|NC_052670.1_mrna_XM_039451932.1_17466	8068	7869	16.1006	0.574698
lcl|NC_052670.1_mrna_XM_011169777.3_17467	1951	1752	2187	350.615
lcl|NC_052670.1_mrna_XM_011169780.3_17468	1027	828	435.34	147.678
lcl|NC_052670.1_mrna_XM_011169781.3_17469	968	769	400.376	146.237
lcl|NC_052670.1_mrna_XM_011169779.3_17470	1096	897	551.284	172.623
lcl|NC_052670.1_mrna_XM_026136564.2_17471	2023	1824	410.443	63.2039
lcl|NC_052670.1_mrna_XM_011169804.1_17472	396	197	118.557	169.035
lcl|NC_052670.1_mrna_XM_011163434.3_17473	1831	1632	62.6835	10.7882
lcl|NC_052670.1_mrna_XM_011169782.3_17474	2231	2032	985	136.153
lcl|NC_052670.1_mrna_XM_011169783.3_17475	1112	913	2	0.615283
lcl|NC_052670.1_ncrna_XR_005575180.1_17476	8676	8477	29.3821	0.973545
lcl|NC_052670.1_mrna_XM_011169789.3_17477	3096	2897	240.06	23.2748
lcl|NC_052670.1_mrna_XM_011169788.3_17478	2685	2486	197.94	22.3639
lcl|NC_052670.1_mrna_XM_011169786.3_17479	707	508	0	0
lcl|NC_052670.1_mrna_XM_011169787.3_17480	704	505	133	73.9735
lcl|NC_052670.1_mrna_XM_039451569.1_17481	2967	2768	80.5189	8.17048
lcl|NC_052670.1_mrna_XM_039451568.1_17482	3047	2848	0	0
lcl|NC_052670.1_mrna_XM_039451570.1_17483	2691	2492	48.4811	5.46437
lcl|NC_052670.1_miscrna_XR_850863.3_17484	1177	978	186.872	53.6687
lcl|NC_052670.1_mrna_XM_039451729.1_17485	2821	2622	0	0
lcl|NC_052670.1_mrna_XM_011164925.3_17486	2809	2610	84.8997	9.13653
lcl|NC_052670.1_mrna_XM_026137180.2_17487	2788	2589	63.8817	6.93043
lcl|NC_052670.1_mrna_XM_011164927.3_17488	2792	2593	938.347	101.643
lcl|NC_052670.1_mrna_XM_011164924.3_17489	2553	2354	0	0
lcl|NC_052670.1_mrna_XM_011164923.3_17490	2542	2343	0	0
lcl|NC_052670.1_mrna_XM_011164919.3_17491	3301	3102	2	0.181094
lcl|NC_052670.1_mrna_XM_039451617.1_17492	2145	1946	0	0
lcl|NC_052670.1_mrna_XM_011164922.3_17493	4613	4414	0	0
lcl|NC_052670.1_mrna_XM_011164920.3_17494	4625	4426	0	0
lcl|NC_052670.1_mrna_XM_039451620.1_17495	4519	4320	0	0
lcl|NC_052670.1_mrna_XM_026137181.2_17496	7161	6962	661	26.6676
lcl|NC_052670.1_mrna_XM_026137182.2_17497	6300	6101	0.0133032	0.000612452
lcl|NC_052670.1_mrna_XM_011164915.3_17498	6327	6128	0.000158662	7.27226e-06
lcl|NC_052670.1_mrna_XM_011164917.3_17499	6260	6061	9.75593	0.452106
lcl|NC_052670.1_mrna_XM_011164916.3_17500	6301	6102	0.0112867	0.000519528
lcl|NC_052670.1_mrna_XM_011164918.3_17501	4401	4202	10.2193	0.683096
lcl|NC_052670.1_mrna_XM_011164912.3_17502	6235	6036	0	0
lcl|NC_052670.1_mrna_XM_011164911.3_17503	4617	4418	100.947	6.41779
lcl|NC_052670.1_mrna_XM_039452179.1_17504	6182	5983	0	0
lcl|NC_052670.1_mrna_XM_039452178.1_17505	6182	5983	25.9529	1.21838
lcl|NC_052670.1_mrna_XM_011164910.3_17506	6245	6046	0	0
lcl|NC_052670.1_mrna_XM_011164914.3_17507	6092	5893	0	0
lcl|NC_052670.1_mrna_XM_011164913.3_17508	5861	5662	160.081	7.94119
lcl|NC_052670.1_mrna_XM_039452180.1_17509	6207	6008	0	0
lcl|NC_052670.1_mrna_XM_011164906.3_17510	1556	1357	373.237	77.2539
lcl|NC_052670.1_mrna_XM_011164905.3_17511	1819	1620	88.7628	15.3898
lcl|NC_052670.1_mrna_XM_026137171.2_17512	1543	1344	0.000323267	6.75582e-05
lcl|NC_052670.1_mrna_XM_011164907.3_17513	3449	3250	540.2	46.686
lcl|NC_052670.1_mrna_XM_011164908.3_17514	3533	3334	290.8	24.4988
lcl|NC_052670.1_mrna_XM_026137173.2_17515	12338	12139	0	0
lcl|NC_052670.1_mrna_XM_026137172.2_17516	13077	12878	3.00163	0.0654674
lcl|NC_052670.1_mrna_XM_011164901.3_17517	13263	13064	1.70186e-06	3.65901e-08
lcl|NC_052670.1_mrna_XM_039452037.1_17518	11379	11180	0	0
lcl|NC_052670.1_mrna_XM_026137174.2_17519	5779	5580	0.0721373	0.00363113
lcl|NC_052670.1_mrna_XM_026137175.2_17520	5764	5565	1.07324	0.0541686
lcl|NC_052670.1_mrna_XM_011164902.3_17521	5776	5577	0.123713	0.0062306
lcl|NC_052670.1_mrna_XM_026137176.2_17522	5755	5556	5.44174	0.2751
lcl|NC_052670.1_mrna_XM_011164904.3_17523	5752	5553	9.35416	0.473144
lcl|NC_052670.1_mrna_XM_011164899.3_17524	2309	2110	617	82.1331
lcl|NC_052670.1_mrna_XM_011164898.3_17525	1568	1369	401	82.2729
lcl|NC_052670.1_mrna_XM_011164897.3_17526	491	292	526	505.963
lcl|NC_052670.1_mrna_XM_011164896.3_17527	497	298	737	694.651
lcl|NC_052670.1_mrna_XM_026137185.2_17528	2843	2644	0	0
lcl|NC_052670.1_mrna_XM_039452160.1_17529	2402	2203	3	0.382492
lcl|NC_052670.1_mrna_XM_039451758.1_17530	2413	2214	1.56239	0.198211
lcl|NC_052670.1_ncrna_XR_005575201.1_17531	2056	1857	84	12.7052
lcl|NC_052670.1_mrna_XM_039451940.1_17532	606	407	0	0
lcl|NC_052670.1_mrna_XM_011164928.3_17533	2116	1917	7.01387	1.02766
lcl|NC_052670.1_mrna_XM_039451797.1_17534	1642	1443	103	20.0487
lcl|NC_052670.1_mrna_XM_011164894.3_17535	826	627	192	86.0101
lcl|NC_052670.1_mrna_XM_026137179.2_17536	3235	3036	68	6.29105
lcl|NC_052670.1_miscrna_XR_005575193.1_17537	1575	1376	0	0
lcl|NC_052670.1_mrna_XM_039451711.1_17538	1442	1243	0	0
lcl|NC_052670.1_miscrna_XR_005575246.1_17539	2244	2045	0	0
lcl|NC_052670.1_mrna_XM_011167452.2_17540	1069	870	0	0
lcl|NC_052670.1_mrna_XM_039451898.1_17541	1622	1423	0	0
lcl|NC_052670.1_mrna_XM_039451899.1_17542	992	793	0	0
lcl|NC_052670.1_mrna_XM_039451900.1_17543	977	778	0	0
lcl|NC_052670.1_mrna_XM_039452022.1_17544	1000	801	4	1.40263
lcl|NC_052670.1_mrna_XM_011167451.3_17545	749	550	12	6.12822
lcl|NC_052670.1_mrna_XM_011167450.3_17546	4550	4351	111.431	7.19339
lcl|NC_052670.1_mrna_XM_026138672.2_17547	1884	1685	657.274	109.563
lcl|NC_052670.1_mrna_XM_011167445.3_17548	568	369	4.27422	3.25346
lcl|NC_052670.1_mrna_XM_039452029.1_17549	687	488	0	0
lcl|NC_052670.1_mrna_XM_039452030.1_17550	886	687	22.0201	9.00281
lcl|NC_052670.1_mrna_XM_039452028.1_17551	1539	1340	14.1099	2.95757
lcl|NC_052670.1_miscrna_XR_850946.3_17552	934	735	0	0
lcl|NC_052670.1_mrna_XM_011167449.3_17553	1417	1218	375.308	86.5478
lcl|NC_052670.1_mrna_XM_011167448.3_17554	1300	1101	8.99791	2.29546
lcl|NC_052670.1_mrna_XM_011167447.3_17555	1634	1435	47.1174	9.22242
lcl|NC_052670.1_mrna_XM_026138671.2_17556	1671	1472	11.4671	2.18807
lcl|NC_052670.1_mrna_XM_026138669.2_17557	4031	3832	890	65.2349
lcl|NC_052670.1_mrna_XM_011167442.3_17558	1445	1246	2127	479.474
lcl|NC_052670.1_mrna_XM_026138667.2_17559	2880	2681	0	0
lcl|NC_052670.1_mrna_XM_039452023.1_17560	2223	2024	8.54828e-06	1.18627e-06
lcl|NC_052670.1_mrna_XM_039452025.1_17561	2195	1996	9.99999	1.4072
lcl|NC_052670.1_mrna_XM_039452024.1_17562	2312	2113	0	0
lcl|NC_052670.1_mrna_XM_011167440.3_17563	1077	878	1196	382.607
lcl|NC_052670.1_mrna_XM_011167437.3_17564	3324	3125	382.051	34.3389
lcl|NC_052670.1_mrna_XM_011167436.3_17565	2386	2187	1500.47	192.705
lcl|NC_052670.1_mrna_XM_039452026.1_17566	2391	2192	58.4828	7.49382
lcl|NC_052670.1_miscrna_XR_005575241.1_17567	1579	1380	302.92	61.6544
lcl|NC_052670.1_mrna_XM_011167434.3_17568	692	493	622.826	354.843
lcl|NC_052670.1_mrna_XM_026138665.2_17569	2013	1814	3.69617	0.572308
lcl|NC_052670.1_mrna_XM_039452027.1_17570	1978	1779	3.90321	0.616257
lcl|NC_052670.1_mrna_XM_011167430.3_17571	1524	1325	0	0
lcl|NC_052670.1_mrna_XM_026138666.2_17572	1488	1289	0	0
lcl|NC_052670.1_ncrna_XR_005575242.1_17573	336	137	1.09997	2.25516
lcl|NC_052670.1_mrna_XM_026138664.2_17574	1487	1288	477.555	104.141
lcl|NC_052670.1_mrna_XM_026138662.2_17575	1893	1694	588	97.4944
lcl|NC_052670.1_mrna_XM_026138660.2_17576	3307	3108	1289	116.49
lcl|NC_052670.1_mrna_XM_011167425.3_17577	1510	1311	673	144.188
lcl|NC_052670.1_mrna_XM_011167424.3_17578	496	297	14	13.24
lcl|NC_052670.1_mrna_XM_039452031.1_17579	2063	1864	0	0
lcl|NC_052670.1_mrna_XM_039452032.1_17580	1918	1719	288.21	47.0921
lcl|NC_052670.1_mrna_XM_011167418.3_17581	2032	1833	83.9163	12.8588
lcl|NC_052670.1_mrna_XM_011167419.3_17582	3107	2908	567.874	54.8496
lcl|NC_052670.1_mrna_XM_011167420.3_17583	5431	5232	0	0
lcl|NC_052670.1_mrna_XM_026138654.2_17584	5198	4999	0	0
lcl|NC_052670.1_mrna_XM_026138656.2_17585	4713	4514	0	0
lcl|NC_052670.1_mrna_XM_039452033.1_17586	4009	3810	21.6313	1.59468
lcl|NC_052670.1_mrna_XM_011167421.3_17587	4796	4597	16	0.9776
lcl|NC_052670.1_mrna_XM_026138657.2_17588	4345	4146	0	0
lcl|NC_052670.1_mrna_XM_011167416.3_17589	2929	2730	18	1.85193
lcl|NC_052670.1_mrna_XM_039452187.1_17590	4663	4464	3.60548	0.226858
lcl|NC_052670.1_mrna_XM_039452201.1_17591	4748	4549	0	0
lcl|NC_052670.1_miscrna_XR_005575286.1_17592	4813	4614	0	0
lcl|NC_052670.1_mrna_XM_039452186.1_17593	4684	4485	0	0
lcl|NC_052670.1_mrna_XM_039452190.1_17594	4642	4443	0	0
lcl|NC_052670.1_mrna_XM_039452193.1_17595	4569	4370	0	0
lcl|NC_052670.1_mrna_XM_039452197.1_17596	4079	3880	0	0
lcl|NC_052670.1_mrna_XM_039452192.1_17597	4577	4378	0	0
lcl|NC_052670.1_mrna_XM_039452194.1_17598	4535	4336	0	0
lcl|NC_052670.1_mrna_XM_039452198.1_17599	4463	4264	0	0
lcl|NC_052670.1_mrna_XM_039452196.1_17600	4505	4306	0	0
lcl|NC_052670.1_mrna_XM_039452191.1_17601	4616	4417	0	0
lcl|NC_052670.1_mrna_XM_039452199.1_17602	4399	4200	0	0
lcl|NC_052670.1_mrna_XM_039452200.1_17603	3894	3695	0.00568336	0.000432022
lcl|NC_052670.1_mrna_XM_039452195.1_17604	3956	3757	42.4377	3.17268
lcl|NC_052670.1_mrna_XM_039452189.1_17605	5073	4874	0	0
lcl|NC_052670.1_mrna_XM_039452188.1_17606	4518	4319	3.9511	0.256951
lcl|NC_052670.1_mrna_XM_011167115.3_17607	5137	4938	48.3147	2.74817
lcl|NC_052670.1_mrna_XM_039452213.1_17608	653	454	2.11231	1.30682
lcl|NC_052670.1_mrna_XM_039452204.1_17609	2481	2282	0	0
lcl|NC_052670.1_mrna_XM_039452202.1_17610	2469	2270	0	0
lcl|NC_052670.1_mrna_XM_039452208.1_17611	2262	2063	2.07815	0.28294
lcl|NC_052670.1_mrna_XM_039452212.1_17612	1145	946	0	0
lcl|NC_052670.1_mrna_XM_039452205.1_17613	4371	4172	0	0
lcl|NC_052670.1_miscrna_XR_005575287.1_17614	4286	4087	4.87063	0.334731
lcl|NC_052670.1_mrna_XM_039451941.1_17615	793	594	0	0
lcl|NC_052670.1_mrna_XM_039452207.1_17616	4360	4161	7.43237e-08	5.01702e-09
lcl|NC_052670.1_miscrna_XR_005575288.1_17617	4360	4161	7.43237e-08	5.01702e-09
lcl|NC_052670.1_mrna_XM_039452206.1_17618	4445	4246	0	0
lcl|NC_052670.1_mrna_XM_039452210.1_17619	1143	944	0	0
lcl|NC_052670.1_mrna_XM_039452209.1_17620	2262	2063	2.07815	0.28294
lcl|NC_052670.1_mrna_XM_039451942.1_17621	513	314	0	0
lcl|NC_052670.1_mrna_XM_039451943.1_17622	4965	4766	0	0
lcl|NC_052670.1_mrna_XM_039451612.1_17623	2553	2354	3	0.357957
lcl|NC_052670.1_mrna_XM_039451610.1_17624	2973	2774	0	0
lcl|NC_052670.1_mrna_XM_039451609.1_17625	3418	3219	0	0
lcl|NC_052670.1_mrna_XM_039451611.1_17626	2565	2366	0	0
lcl|NC_052670.1_mrna_XM_039451945.1_17627	5216	5017	0	0
lcl|NC_052670.1_mrna_XM_039451613.1_17628	890	691	0	0
lcl|NC_052670.1_mrna_XM_039451944.1_17629	998	799	0	0
lcl|NC_052670.1_ncrna_XR_005575183.1_17630	1072	873	0	0
lcl|NC_052670.1_mrna_XM_039452214.1_17631	2265	2066	1	0.135952
lcl|NC_052670.1_mrna_XM_039451808.1_17632	1063	864	0	0
lcl|NC_052670.1_mrna_XM_039451788.1_17633	968	769	3.79362	1.38562
lcl|NC_052670.1_mrna_XM_039451901.1_17634	391	192	0	0
lcl|NC_052670.1_mrna_XM_039452162.1_17635	393	194	0	0
lcl|NC_052670.1_mrna_XM_039452161.1_17636	774	575	1.09376	0.534282
lcl|NC_052670.1_mrna_XM_011174303.3_17637	4428	4229	103.285	6.85985
lcl|NC_052670.1_mrna_XM_011174302.3_17638	4431	4232	366.715	24.3388
lcl|NC_052670.1_mrna_XM_011174309.3_17639	4400	4201	1000.55	66.8962
lcl|NC_052670.1_mrna_XM_026138982.2_17640	3111	2912	187.452	18.0806
lcl|NC_052670.1_mrna_XM_011174308.3_17641	2803	2604	881	95.0278
lcl|NC_052670.1_mrna_XM_039452016.1_17642	8277	8078	0	0
lcl|NC_052670.1_mrna_XM_039452012.1_17643	8492	8293	13.2545	0.448917
lcl|NC_052670.1_mrna_XM_026138983.2_17644	2578	2379	23.8511	2.81598
lcl|NC_052670.1_mrna_XM_039452013.1_17645	2950	2751	3.84145	0.392212
lcl|NC_052670.1_mrna_XM_039452015.1_17646	8073	7874	6.05299	0.215919
lcl|NC_052670.1_mrna_XM_011174304.3_17647	2677	2478	3	0.340044
lcl|NC_052670.1_miscrna_XR_005575238.1_17648	3150	2951	4.59703	0.437546
lcl|NC_052670.1_mrna_XM_011174310.3_17649	3144	2945	35.403	3.37653
lcl|NC_052670.1_rrna_XR_003269192.1_17650	119	5.00576	0	0
lcl|NC_052670.1_rrna_XR_003269193.1_17651	120	5.05223	0	0
lcl|NC_052670.1_mrna_XM_011174313.3_17652	6187	5988	155	7.27052
lcl|NC_052670.1_mrna_XM_026138981.2_17653	3108	2909	595.815	57.5285
lcl|NC_052670.1_mrna_XM_026138979.2_17654	3183	2984	598.643	56.3488
lcl|NC_052670.1_mrna_XM_026138980.2_17655	3180	2981	172.543	16.2574
lcl|NC_052670.1_mrna_XM_011174315.3_17656	6014	5815	122.456	5.91488
lcl|NC_052670.1_mrna_XM_011174316.3_17657	2292	2093	470.544	63.1461
lcl|NC_052670.1_ncrna_XR_005575290.1_17658	239	41.1625	3.22176	21.984
lcl|NC_052670.1_miscrna_XR_005575289.1_17659	4340	4141	294.143	19.9512
lcl|NC_052670.1_mrna_XM_039452236.1_17660	1969	1770	41.836	6.63884
lcl|NC_052670.1_mrna_XM_039452235.1_17661	2475	2276	15.7773	1.94704
lcl|NC_052670.1_mrna_XM_039452237.1_17662	1661	1462	0	0
lcl|NC_052670.1_mrna_XM_039452234.1_17663	2002	1803	0	0
lcl|NC_052670.1_mrna_XM_039452233.1_17664	4287	4088	20.7586	1.42627
lcl|NC_052670.1_mrna_XM_039452232.1_17665	4446	4247	0.000133744	8.84522e-06
lcl|NC_052670.1_mrna_XM_039452231.1_17666	4460	4261	23.0366	1.51853
lcl|NC_052670.1_mrna_XM_011166264.3_17667	1165	966	1891	549.832
lcl|NC_052670.1_mrna_XM_026140695.2_17668	3964	3765	388.515	28.984
lcl|NC_052670.1_mrna_XM_026140693.2_17669	4608	4409	490.048	31.2187
lcl|NC_052670.1_mrna_XM_026140694.2_17670	4156	3957	467.437	33.1797
lcl|NC_052670.1_mrna_XM_026140697.2_17671	1261	1062	0	0
lcl|NC_052670.1_mrna_XM_026140696.2_17672	1436	1237	189	42.9149
lcl|NC_052670.1_mrna_XM_011166268.3_17673	3955	3756	222.93	16.6709
lcl|NC_052670.1_mrna_XM_026140686.2_17674	4781	4582	176	10.7888
lcl|NC_052670.1_mrna_XM_026140687.2_17675	3173	2974	0	0
lcl|NC_052670.1_mrna_XM_011166271.3_17676	3154	2955	0	0
lcl|NC_052670.1_mrna_XM_011166272.3_17677	4052	3853	19	1.38507
lcl|NC_052670.1_mrna_XM_011166273.3_17678	5854	5655	298	14.8013
lcl|NC_052670.1_mrna_XM_039451947.1_17679	765	566	0	0
lcl|NC_052670.1_ncrna_XR_005575195.1_17680	964	765	448	164.487
lcl|NC_052670.1_mrna_XM_026134089.2_17681	2119	1920	57.3484	8.3895
lcl|NC_052670.1_mrna_XM_026134092.2_17682	2044	1845	51.7656	7.88063
lcl|NC_052670.1_mrna_XM_026134091.2_17683	4898	4699	326.343	19.5067
lcl|NC_052670.1_mrna_XM_026134093.2_17684	1919	1720	5.543	0.905174
lcl|NC_052670.1_mrna_XM_011170902.2_17685	767	568	2918	1442.95
lcl|NC_052670.1_mrna_XM_011170901.3_17686	1222	1023	178.66	49.0533
lcl|NC_052670.1_mrna_XM_026134126.2_17687	1574	1375	238.34	48.6866
lcl|NC_052670.1_mrna_XM_011170900.3_17688	6177	5978	296	13.9076
lcl|NC_052670.1_mrna_XM_011170904.3_17689	543	344	722	589.514
lcl|NC_052670.1_mrna_XM_039451747.1_17690	14235	14036	0	0
lcl|NC_052670.1_mrna_XM_039451745.1_17691	14130	13931	0	0
lcl|NC_052670.1_mrna_XM_039451744.1_17692	14101	13902	0	0
lcl|NC_052670.1_mrna_XM_039451746.1_17693	13981	13782	0	0
lcl|NC_052670.1_mrna_XM_039451742.1_17694	14086	13887	0	0
lcl|NC_052670.1_mrna_XM_039451743.1_17695	14080	13881	0	0
lcl|NC_052670.1_mrna_XM_039451748.1_17696	13927	13728	0	0
lcl|NC_052670.1_mrna_XM_026134125.2_17697	14076	13877	10.2146	0.206748
lcl|NC_052670.1_mrna_XM_039451751.1_17698	12599	12400	72.3187	1.63812
lcl|NC_052670.1_mrna_XM_039451750.1_17699	14018	13819	0	0
lcl|NC_052670.1_mrna_XM_039451749.1_17700	14664	14465	111.467	2.16442
lcl|NC_052670.1_mrna_XM_039451753.1_17701	12779	12580	0	0
lcl|NC_052670.1_mrna_XM_039451752.1_17702	16246	16047	3	0.0525101
lcl|NC_052670.1_mrna_XM_011170911.3_17703	1927	1728	3743	608.404
lcl|NC_052670.1_mrna_XM_011170912.3_17704	944	745	534	201.326
lcl|NC_052670.1_mrna_XM_011170915.3_17705	1761	1562	372.801	67.0365
lcl|NC_052670.1_mrna_XM_011170914.3_17706	1937	1738	1208.2	195.256
lcl|NC_052670.1_mrna_XM_039452271.1_17707	1865	1666	0	0
lcl|NC_052670.1_mrna_XM_011170913.3_17708	1720	1521	915	168.969
lcl|NC_052670.1_mrna_XM_011170917.3_17709	3125	2926	747	71.7071
lcl|NC_052670.1_mrna_XM_039452268.1_17710	3140	2941	0	0
lcl|NC_052670.1_mrna_XM_026134085.2_17711	3132	2933	0	0
lcl|NC_052670.1_mrna_XM_011170918.2_17712	892	693	337	136.588
lcl|NC_052670.1_mrna_XM_011170919.3_17713	4877	4678	0	0
lcl|NC_052670.1_mrna_XM_026134082.2_17714	4093	3894	28.846	2.08068
lcl|NC_052670.1_mrna_XM_011170920.3_17715	2078	1879	0	0
lcl|NC_052670.1_mrna_XM_039452269.1_17716	1994	1795	1.70298	0.266477
lcl|NC_052670.1_mrna_XM_026134095.2_17717	4606	4407	18	1.14722
lcl|NC_052670.1_mrna_XM_026134083.2_17718	1807	1608	4	0.698698
lcl|NC_052670.1_mrna_XM_026141787.2_17719	1663	1464	9.54271	1.83082
lcl|NC_052670.1_mrna_XM_039452040.1_17720	2245	2046	1	0.137281
lcl|NC_052670.1_mrna_XM_039452166.1_17721	719	520	0.482984	0.260882
lcl|NC_052670.1_mrna_XM_039451948.1_17722	957	758	0	0
lcl|NC_052670.1_mrna_XM_039451760.1_17723	2856	2657	0	0
lcl|NC_052670.1_mrna_XM_039451761.1_17724	795	596	0	0
lcl|NC_052670.1_mrna_XM_026130250.2_17725	1443	1244	0	0
lcl|NC_052670.1_mrna_XM_026141634.1_17726	693	494	0	0
lcl|NC_052670.1_mrna_XM_026141636.1_17727	2754	2555	0	0
lcl|NC_052670.1_mrna_XM_039451757.1_17728	1146	947	1	0.296596
lcl|NC_052670.1_mrna_XM_026136575.2_17729	1326	1127	0	0
lcl|NC_052670.1_mrna_XM_039451952.1_17730	1464	1265	0	0
lcl|NC_052670.1_mrna_XM_039451985.1_17731	2328	2129	0	0
lcl|NC_052670.1_mrna_XM_039451720.1_17732	5939	5740	4	0.195733
lcl|NC_052670.1_mrna_XM_039451719.1_17733	3007	2808	0	0
lcl|NC_052670.1_mrna_XM_039451718.1_17734	3112	2913	0	0
lcl|NC_052670.1_mrna_XM_039451723.1_17735	1608	1409	0	0
lcl|NC_052670.1_mrna_XM_026141533.2_17736	1201	1002	0	0
lcl|NC_052670.1_ncrna_XR_005575194.1_17737	387	188	0	0
lcl|NC_052670.1_mrna_XM_039451721.1_17738	2451	2252	2.23908	0.279265
lcl|NC_052670.1_mrna_XM_039451722.1_17739	2542	2343	0	0
lcl|NC_052670.1_mrna_XM_039452038.1_17740	884	685	418	171.396
lcl|NC_052670.1_mrna_XM_039452174.1_17741	21879	21680	0	0
lcl|NC_052670.1_mrna_XM_039452175.1_17742	21437	21238	22.2094	0.293723
lcl|NC_052670.1_mrna_XM_039452173.1_17743	21169	20970	0	0
lcl|NC_052670.1_miscrna_XR_005575284.1_17744	3268	3069	12.7906	1.17061
lcl|NC_052670.1_mrna_XM_039452176.1_17745	20499	20300	0	0
lcl|NC_052670.1_mrna_XM_026134138.2_17746	996	797	1	0.352417
lcl|NC_052670.1_mrna_XM_011170922.3_17747	2196	1997	1492.65	209.941
lcl|NC_052670.1_mrna_XM_026134130.2_17748	2214	2015	0	0
lcl|NC_052670.1_mrna_XM_026134129.2_17749	2093	1894	234.51	34.7775
lcl|NC_052670.1_mrna_XM_039452172.1_17750	1840	1641	19.8346	3.39493
lcl|NC_052670.1_mrna_XM_039452171.1_17751	3243	3044	39.1621	3.61357
lcl|NC_052670.1_mrna_XM_011170925.3_17752	3323	3124	693.218	62.3267
lcl|NC_052670.1_mrna_XM_011170926.3_17753	4088	3889	7.62027	0.550362
lcl|NC_052670.1_mrna_XM_011170931.3_17754	5256	5057	304.7	16.9237
lcl|NC_052670.1_mrna_XM_011170932.3_17755	1214	1015	21	5.81124
lcl|NC_052670.1_mrna_XM_011170934.3_17756	2761	2562	80.6359	8.84026
lcl|NC_052670.1_trna_17757	72	3.52559	0	0
lcl|NC_052670.1_mrna_XM_039451476.1_17758	2438	2239	0	0
lcl|NC_052670.1_mrna_XM_039451477.1_17759	2420	2221	128.364	16.2334
lcl|NC_052670.1_ncrna_XR_003268619.1_17760	162	8.26769	0	0
lcl|NC_052670.1_mrna_XM_011170943.3_17761	4401	4202	39.7857	2.65942
lcl|NC_052670.1_mrna_XM_011170940.3_17762	4434	4235	44.2918	2.93755
lcl|NC_052670.1_mrna_XM_039451475.1_17763	3263	3064	19.9225	1.82629
lcl|NC_052670.1_mrna_XM_011170936.3_17764	3252	3053	0	0
lcl|NC_052670.1_mrna_XM_011170945.3_17765	4062	3863	0	0
lcl|NC_052670.1_mrna_XM_011170946.3_17766	4026	3827	0	0
lcl|NC_052670.1_mrna_XM_011170944.3_17767	4127	3928	0	0
lcl|NC_052670.1_mrna_XM_011170947.3_17768	3920	3721	28	2.11356
lcl|NC_052670.1_mrna_XM_011170948.3_17769	574	375	0	0
lcl|NC_052670.1_mrna_XM_011170953.3_17770	2145	1946	614.444	88.686
lcl|NC_052670.1_mrna_XM_011170952.3_17771	2204	2005	358.765	50.2586
lcl|NC_052670.1_mrna_XM_011170949.3_17772	2223	2024	389.232	54.015
lcl|NC_052670.1_mrna_XM_026134086.2_17773	2234	2035	87.1879	12.0339
lcl|NC_052670.1_mrna_XM_011170950.3_17774	2251	2052	558.372	76.4297
lcl|NC_052670.1_mrna_XM_039451403.1_17775	1190	991	13.3127	3.77318
lcl|NC_052670.1_mrna_XM_039451404.1_17776	1420	1221	0	0
lcl|NC_052670.1_mrna_XM_011170954.2_17777	1154	955	49.6873	14.6136
lcl|NC_052670.1_mrna_XM_011170955.3_17778	1080	881	0	0
lcl|NC_052670.1_mrna_XM_039451388.1_17779	1415	1216	0	0
lcl|NC_052670.1_mrna_XM_039451387.1_17780	2163	1964	0	0
lcl|NC_052670.1_mrna_XM_039451386.1_17781	1233	1034	0	0
lcl|NC_052670.1_mrna_XM_039451395.1_17782	1427	1228	0	0
lcl|NC_052670.1_mrna_XM_039451401.1_17783	2485	2286	0	0
lcl|NC_052670.1_mrna_XM_039451400.1_17784	3208	3009	0	0
lcl|NC_052670.1_mrna_XM_026134098.2_17785	2324	2125	1	0.132177
lcl|NC_052670.1_miscrna_XR_005575148.1_17786	2665	2466	0	0
lcl|NC_052670.1_miscrna_XR_005575151.1_17787	2683	2484	0	0
lcl|NC_052670.1_miscrna_XR_005575146.1_17788	2757	2558	0	0
lcl|NC_052670.1_mrna_XM_039451389.1_17789	2555	2356	0	0
lcl|NC_052670.1_miscrna_XR_005575152.1_17790	2397	2198	0	0
lcl|NC_052670.1_miscrna_XR_005575154.1_17791	2415	2216	0	0
lcl|NC_052670.1_mrna_XM_039451391.1_17792	2489	2290	0	0
lcl|NC_052670.1_miscrna_XR_005575150.1_17793	2432	2233	0	0
lcl|NC_052670.1_miscrna_XR_005575153.1_17794	2450	2251	0	0
lcl|NC_052670.1_mrna_XM_039451390.1_17795	2524	2325	0	0
lcl|NC_052670.1_miscrna_XR_005575147.1_17796	2830	2631	0	0
lcl|NC_052670.1_miscrna_XR_005575149.1_17797	2848	2649	0	0
lcl|NC_052670.1_mrna_XM_039451396.1_17798	2419	2220	0.390912	0.0494586
lcl|NC_052670.1_mrna_XM_039451397.1_17799	2418	2219	0.61424	0.0777494
lcl|NC_052670.1_mrna_XM_039451394.1_17800	1895	1696	0	0
lcl|NC_052670.1_mrna_XM_039451392.1_17801	2089	1890	0	0
lcl|NC_052670.1_mrna_XM_039451393.1_17802	2090	1891	0	0
lcl|NC_052670.1_ncrna_XR_005575160.1_17803	856	657	0	0
lcl|NC_052670.1_mrna_XM_039451381.1_17804	2759	2560	0	0
lcl|NC_052670.1_mrna_XM_011170957.3_17805	3258	3059	1	0.0918198
lcl|NC_052670.1_mrna_XM_039451382.1_17806	1982	1783	0	0
lcl|NC_052670.1_mrna_XM_039451383.1_17807	2022	1823	0	0
lcl|NC_052670.1_mrna_XM_039451385.1_17808	1801	1602	0	0
lcl|NC_052670.1_mrna_XM_039451384.1_17809	1438	1239	0	0
lcl|NC_052670.1_mrna_XM_026134101.2_17810	1697	1498	0	0
lcl|NC_052670.1_mrna_XM_039451402.1_17811	1675	1476	0	0
lcl|NC_052670.1_ncrna_XR_005575159.1_17812	6345	6146	0	0
lcl|NC_052670.1_mrna_XM_026134102.2_17813	1307	1108	0	0
lcl|NC_052670.1_mrna_XM_039451399.1_17814	1177	978	0	0
lcl|NC_052670.1_mrna_XM_039451398.1_17815	1312	1113	0	0
lcl|NC_052670.1_mrna_XM_011158655.3_17816	2816	2617	0	0
lcl|NC_052670.1_ncrna_XR_005575277.1_17817	3858	3659	11	0.844396
lcl|NC_052670.1_mrna_XM_039451810.1_17818	926	727	219.111	84.6535
lcl|NC_052670.1_mrna_XM_011158654.3_17819	1092	893	0	0
lcl|NC_052670.1_mrna_XM_011158653.3_17820	2331	2132	0	0
lcl|NC_052670.1_mrna_XM_039451986.1_17821	375	176	0	0
lcl|NC_052670.1_ncrna_XR_005575212.1_17822	2642	2443	0	0
lcl|NC_052670.1_mrna_XM_011158686.3_17823	1047	848	0	0
lcl|NC_052670.1_mrna_XM_039451987.1_17824	600	401	0	0
lcl|NC_052670.1_mrna_XM_039451811.1_17825	1938	1739	1	0.161516
lcl|NC_052670.1_mrna_XM_011158651.3_17826	1014	815	1	0.344634
lcl|NC_052670.1_mrna_XM_039451812.1_17827	1699	1500	0	0
lcl|NC_052670.1_mrna_XM_039451988.1_17828	2925	2726	0	0
lcl|NC_052670.1_mrna_XM_039451814.1_17829	1569	1370	0	0
lcl|NC_052670.1_mrna_XM_039451813.1_17830	1647	1448	0	0
lcl|NC_052670.1_mrna_XM_026134105.2_17831	1464	1265	0	0
lcl|NC_052670.1_ncrna_XR_005575214.1_17832	567	368	0	0
lcl|NC_052670.1_mrna_XM_039451989.1_17833	2674	2475	0	0
lcl|NC_052670.1_mrna_XM_039451870.1_17834	2021	1822	0	0
lcl|NC_052670.1_mrna_XM_039451869.1_17835	1588	1389	0	0
lcl|NC_052670.1_mrna_XM_039451878.1_17836	1479	1280	0	0
lcl|NC_052670.1_mrna_XM_039451843.1_17837	1524	1325	2	0.423965
lcl|NC_052670.1_mrna_XM_039451842.1_17838	1631	1432	0	0
lcl|NC_052670.1_miscrna_XR_005575224.1_17839	1544	1345	5.95806e-07	1.24422e-07
lcl|NC_052670.1_ncrna_XR_005575228.1_17840	2660	2461	0	0
lcl|NC_052670.1_mrna_XM_026134120.2_17841	1477	1278	0	0
lcl|NC_052670.1_mrna_XM_039451991.1_17842	1361	1162	0	0
lcl|NC_052670.1_mrna_XM_039451841.1_17843	2267	2068	0	0
lcl|NC_052670.1_mrna_XM_039451829.1_17844	3945	3746	0	0
lcl|NC_052670.1_mrna_XM_011158679.3_17845	4583	4384	0	0
lcl|NC_052670.1_mrna_XM_039451830.1_17846	3428	3229	1	0.0869857
lcl|NC_052670.1_mrna_XM_011158678.3_17847	1464	1265	0	0
lcl|NC_052670.1_mrna_XM_039451844.1_17848	1522	1323	0	0
lcl|NC_052670.1_ncrna_XR_005575230.1_17849	2511	2312	0	0
lcl|NC_052670.1_ncrna_XR_005575229.1_17850	1127	928	0	0
lcl|NC_052670.1_mrna_XM_026134122.2_17851	1947	1748	0	0
lcl|NC_052670.1_mrna_XM_039451831.1_17852	2149	1950	0	0
lcl|NC_052670.1_ncrna_XR_005575226.1_17853	1255	1056	0	0
lcl|NC_052670.1_mrna_XM_039451825.1_17854	1866	1667	0	0
lcl|NC_052670.1_mrna_XM_011158676.3_17855	1898	1699	0	0
lcl|NC_052670.1_mrna_XM_026134132.2_17856	2956	2757	0	0
lcl|NC_052670.1_mrna_XM_039451834.1_17857	2823	2624	0	0
lcl|NC_052670.1_mrna_XM_039451837.1_17858	1147	948	0	0
lcl|NC_052670.1_mrna_XM_039451836.1_17859	1222	1023	0	0
lcl|NC_052670.1_mrna_XM_039451835.1_17860	1282	1083	0	0
lcl|NC_052670.1_mrna_XM_026134109.2_17861	1357	1158	0	0
lcl|NC_052670.1_mrna_XM_026134081.2_17862	2101	1902	0	0
lcl|NC_052670.1_mrna_XM_039451859.1_17863	2044	1845	0	0
lcl|NC_052670.1_mrna_XM_039451858.1_17864	2174	1975	0	0
lcl|NC_052670.1_mrna_XM_039451877.1_17865	1411	1212	0	0
lcl|NC_052670.1_mrna_XM_039451992.1_17866	564	365	0	0
lcl|NC_052670.1_mrna_XM_011172098.3_17867	1912	1713	0	0
lcl|NC_052670.1_mrna_XM_039451873.1_17868	1440	1241	0	0
lcl|NC_052670.1_mrna_XM_039451857.1_17869	2754	2555	0	0
lcl|NC_052670.1_mrna_XM_039451855.1_17870	2915	2716	0	0
lcl|NC_052670.1_ncrna_XR_005575227.1_17871	1994	1795	0	0
lcl|NC_052670.1_mrna_XM_039451860.1_17872	2701	2502	0	0
lcl|NC_052670.1_mrna_XM_039451861.1_17873	2524	2325	0	0
lcl|NC_052670.1_mrna_XM_039451862.1_17874	2577	2378	0	0
lcl|NC_052670.1_mrna_XM_039451853.1_17875	2043	1844	0	0
lcl|NC_052670.1_mrna_XM_039451852.1_17876	2137	1938	0	0
lcl|NC_052670.1_mrna_XM_039451851.1_17877	2057	1858	0	0
lcl|NC_052670.1_mrna_XM_039451854.1_17878	2064	1865	0	0
lcl|NC_052670.1_mrna_XM_039451863.1_17879	1992	1793	0	0
lcl|NC_052670.1_mrna_XM_039451849.1_17880	1694	1495	0	0
lcl|NC_052670.1_mrna_XM_039451848.1_17881	1712	1513	0	0
lcl|NC_052670.1_mrna_XM_039451847.1_17882	1723	1524	0	0
lcl|NC_052670.1_mrna_XM_039451845.1_17883	1794	1595	0	0
lcl|NC_052670.1_mrna_XM_026134117.2_17884	1931	1732	0	0
lcl|NC_052670.1_mrna_XM_039451850.1_17885	1561	1362	0	0
lcl|NC_052670.1_mrna_XM_039451866.1_17886	1933	1734	0	0
lcl|NC_052670.1_mrna_XM_039451865.1_17887	1951	1752	0	0
lcl|NC_052670.1_mrna_XM_039451864.1_17888	2032	1833	0	0
lcl|NC_052670.1_mrna_XM_039451868.1_17889	1940	1741	0	0
lcl|NC_052670.1_mrna_XM_039451867.1_17890	1958	1759	0	0
lcl|NC_052670.1_mrna_XM_011158668.3_17891	2039	1840	0	0
lcl|NC_052670.1_miscrna_XR_005575225.1_17892	935	736	0	0
lcl|NC_052670.1_mrna_XM_039451876.1_17893	1012	813	0	0
lcl|NC_052670.1_mrna_XM_039451874.1_17894	964	765	0	0
lcl|NC_052670.1_mrna_XM_039451871.1_17895	2426	2227	0	0
lcl|NC_052670.1_mrna_XM_039451872.1_17896	2753	2554	0	0
lcl|NC_052670.1_mrna_XM_011158642.3_17897	1337	1138	0	0
lcl|NC_052670.1_mrna_XM_011158663.3_17898	2083	1884	0	0
lcl|NC_052670.1_mrna_XM_011158641.3_17899	1460	1261	0	0
lcl|NC_052670.1_mrna_XM_039451824.1_17900	1694	1495	0	0
lcl|NC_052670.1_mrna_XM_039451822.1_17901	1824	1625	0	0
lcl|NC_052670.1_mrna_XM_011158662.3_17902	1560	1361	0	0
lcl|NC_052670.1_mrna_XM_039451823.1_17903	1682	1483	0	0
lcl|NC_052670.1_mrna_XM_039451840.1_17904	3152	2953	0	0
lcl|NC_052670.1_mrna_XM_026134119.2_17905	3308	3109	0	0
lcl|NC_052670.1_mrna_XM_039451875.1_17906	1408	1209	0	0
lcl|NC_052670.1_mrna_XM_039451833.1_17907	2514	2315	4	0.485316
lcl|NC_052670.1_mrna_XM_039451832.1_17908	2723	2524	0	0
lcl|NC_052670.1_mrna_XM_039451827.1_17909	2787	2588	1	0.10853
lcl|NC_052670.1_mrna_XM_039451826.1_17910	2868	2669	0	0
lcl|NC_052670.1_miscrna_XR_005575215.1_17911	3973	3774	0	0
lcl|NC_052670.1_miscrna_XR_005575223.1_17912	3106	2907	0	0
lcl|NC_052670.1_miscrna_XR_005575222.1_17913	3186	2987	0	0
lcl|NC_052670.1_mrna_XM_039451839.1_17914	2901	2702	0	0
lcl|NC_052670.1_mrna_XM_039451838.1_17915	3057	2858	0	0
lcl|NC_052670.1_ncrna_XR_005575220.1_17916	3491	3292	4.90246	0.418283
lcl|NC_052670.1_ncrna_XR_005575216.1_17917	3554	3355	2.7103e-08	2.26903e-09
lcl|NC_052670.1_ncrna_XR_005575219.1_17918	2148	1949	2.09754	0.302284
lcl|NC_052670.1_ncrna_XR_005575218.1_17919	1444	1245	0	0
lcl|NC_052670.1_ncrna_XR_005575217.1_17920	1585	1386	0	0
lcl|NC_052670.1_ncrna_XR_005575221.1_17921	1521	1322	2.27687	0.483752
lcl|NC_052670.1_mrna_XM_026138857.2_17922	2013	1814	2	0.309677
lcl|NC_052670.1_mrna_XM_039451816.1_17923	3852	3653	0	0
lcl|NC_052670.1_mrna_XM_039451819.1_17924	3938	3739	0	0
lcl|NC_052670.1_mrna_XM_039451817.1_17925	4023	3824	0	0
lcl|NC_052670.1_mrna_XM_039451818.1_17926	3630	3431	23.5555	1.92835
lcl|NC_052670.1_mrna_XM_011158640.3_17927	4014	3815	54.0447	3.979
lcl|NC_052670.1_mrna_XM_011158639.3_17928	3840	3641	96.3998	7.43655
lcl|NC_052670.1_mrna_XM_026138856.2_17929	2261	2062	117.744	16.0386
lcl|NC_052670.1_mrna_XM_011158638.3_17930	846	647	271.256	117.758
lcl|NC_052670.1_mrna_XM_011158637.3_17931	5338	5139	1254.86	68.5854
lcl|NC_052670.1_mrna_XM_011158636.3_17932	10068	9869	0	0
lcl|NC_052670.1_mrna_XM_039451820.1_17933	9856	9657	113.285	3.29492
lcl|NC_052670.1_mrna_XM_026138852.2_17934	6433	6234	11.3863	0.513017
lcl|NC_052670.1_mrna_XM_026138853.2_17935	6429	6230	22.8414	1.0298
lcl|NC_052670.1_mrna_XM_026138854.2_17936	5705	5506	0	0
lcl|NC_052670.1_mrna_XM_026138855.2_17937	5233	5034	0	0
lcl|NC_052670.1_mrna_XM_039451821.1_17938	5277	5078	138.63	7.66797
lcl|NC_052670.1_mrna_XM_011158634.3_17939	4899	4700	114.657	6.85203
lcl|NC_052670.1_mrna_XM_026138865.2_17940	4689	4490	53.7944	3.36516
lcl|NC_052670.1_mrna_XM_011158635.3_17941	4529	4330	800.672	51.9377
lcl|NC_052670.1_mrna_XM_026138864.2_17942	2348	2149	115	15.0306
lcl|NC_052670.1_mrna_XM_039451588.1_17943	2400	2201	0	0
lcl|NC_052670.1_mrna_XM_039452224.1_17944	2252	2053	5	0.684064
lcl|NC_052670.1_mrna_XM_011158632.3_17945	1945	1746	6.63745	1.06776
lcl|NC_052670.1_mrna_XM_011158631.3_17946	1960	1761	0.00124664	0.000198836
lcl|NC_052670.1_mrna_XM_026138866.2_17947	1682	1483	1.3613	0.257827
lcl|NC_052670.1_mrna_XM_039451452.1_17948	3172	2973	3.23885	0.305993
lcl|NC_052670.1_mrna_XM_026138848.2_17949	2614	2415	0	0
lcl|NC_052670.1_mrna_XM_039451453.1_17950	3515	3316	41.7611	3.53731
lcl|NC_052670.1_mrna_XM_011158630.3_17951	2077	1878	239	35.7452
lcl|NC_052670.1_mrna_XM_026138846.2_17952	1962	1763	0	0
lcl|NC_052670.1_mrna_XM_039451449.1_17953	2547	2348	21.1553	2.53068
lcl|NC_052670.1_mrna_XM_039451450.1_17954	2612	2413	36.38	4.23468
lcl|NC_052670.1_mrna_XM_039451451.1_17955	2131	1932	6.01113	0.873906
lcl|NC_052670.1_mrna_XM_039451448.1_17956	2256	2057	0	0
lcl|NC_052670.1_mrna_XM_026138844.2_17957	2530	2331	24.4536	2.94657
lcl|NC_052670.1_mrna_XM_011167600.3_17958	4093	3894	7826	564.494
lcl|NC_052670.1_mrna_XM_011167602.3_17959	1217	1018	758.796	209.36
lcl|NC_052670.1_mrna_XM_011167604.3_17960	1213	1014	38.7414	10.7313
lcl|NC_052670.1_mrna_XM_011167601.3_17961	4749	4550	155.462	9.59687
lcl|NC_052670.1_mrna_XM_026138858.2_17962	6677	6478	6	0.260151
lcl|NC_052670.1_mrna_XM_026138860.2_17963	1995	1796	0	0
lcl|NC_052670.1_mrna_XM_039451414.1_17964	2375	2176	0	0
lcl|NC_052670.1_mrna_XM_039451413.1_17965	1818	1619	1	0.173488
lcl|NC_052670.1_mrna_XM_039451411.1_17966	2784	2585	2.73902	0.297612
lcl|NC_052670.1_mrna_XM_039451409.1_17967	2786	2587	1.26098	0.136907
lcl|NC_052670.1_mrna_XM_039451412.1_17968	2832	2633	2.65041e-08	2.82734e-09
lcl|NC_052670.1_mrna_XM_039451417.1_17969	5318	5119	7.49102	0.411028
lcl|NC_052670.1_mrna_XM_039451415.1_17970	2454	2255	4	0.498229
lcl|NC_052670.1_mrna_XM_039451416.1_17971	2520	2321	0	0
lcl|NC_052670.1_ncrna_XR_003269637.2_17972	1582	1383	1	0.203092
lcl|NC_052670.1_mrna_XM_011173323.2_17973	864	665	0	0
lcl|NC_052670.1_mrna_XM_039451993.1_17974	3246	3047	4	0.368726
lcl|NC_052670.1_mrna_XM_026137737.2_17975	3096	2897	10.2118	0.990074
lcl|NC_052670.1_mrna_XM_026137738.2_17976	1443	1244	0	0
lcl|NC_052670.1_mrna_XM_026137741.2_17977	3058	2859	66.9924	6.58154
lcl|NC_052670.1_mrna_XM_026137742.2_17978	1607	1408	55.7958	11.1305
lcl|NC_052670.1_miscrna_XR_005575250.1_17979	4901	4702	0	0
lcl|NC_052670.1_miscrna_XR_005575249.1_17980	4916	4717	0	0
lcl|NC_052670.1_mrna_XM_039451995.1_17981	5328	5129	0	0
lcl|NC_052670.1_mrna_XM_039452056.1_17982	13063	12864	12.7749	0.278932
lcl|NC_052670.1_mrna_XM_039452057.1_17983	12489	12290	0	0
lcl|NC_052670.1_mrna_XM_039452058.1_17984	12369	12170	0	0
lcl|NC_052670.1_mrna_XM_039452055.1_17985	14108	13909	0	0
lcl|NC_052670.1_mrna_XM_039452054.1_17986	14120	13921	0	0
lcl|NC_052670.1_mrna_XM_039452060.1_17987	14424	14225	2.27006	0.0448231
lcl|NC_052670.1_mrna_XM_039452059.1_17988	14436	14237	0.974383	0.0192233
lcl|NC_052670.1_mrna_XM_039452062.1_17989	13081	12882	0	0
lcl|NC_052670.1_mrna_XM_039452061.1_17990	13093	12894	0	0
lcl|NC_052670.1_ncrna_XR_005575251.1_17991	2668	2469	0	0
lcl|NC_052670.1_ncrna_XR_005575252.1_17992	1435	1236	0	0
lcl|NC_052670.1_mrna_XM_026137749.2_17993	2101	1902	4	0.590698
lcl|NC_052670.1_mrna_XM_011167098.3_17994	2047	1848	7.04402	1.07062
lcl|NC_052670.1_mrna_XM_039451584.1_17995	1424	1225	0	0
lcl|NC_052670.1_mrna_XM_011167085.3_17996	1244	1045	38	10.2137
lcl|NC_052670.1_mrna_XM_011167072.3_17997	1906	1707	102.696	16.898
lcl|NC_052670.1_mrna_XM_011167073.3_17998	1751	1552	29.1631	5.27787
lcl|NC_052670.1_mrna_XM_026137747.2_17999	1853	1654	171.218	29.0756
lcl|NC_052670.1_mrna_XM_039451583.1_18000	1708	1509	0	0
lcl|NC_052670.1_mrna_XM_026137746.2_18001	1844	1645	52.768	9.00991
lcl|NC_052670.1_mrna_XM_011167074.3_18002	1717	1518	0	0
lcl|NC_052670.1_mrna_XM_011167075.3_18003	2088	1889	133.445	19.842
lcl|NC_052670.1_mrna_XM_011167076.3_18004	2061	1862	84.2029	12.7017
lcl|NC_052670.1_mrna_XM_011167079.3_18005	2206	2007	148.83	20.8286
lcl|NC_052670.1_mrna_XM_011167081.3_18006	2203	2004	186.633	26.1581
lcl|NC_052670.1_mrna_XM_026137745.2_18007	2059	1860	0	0
lcl|NC_052670.1_mrna_XM_011167084.3_18008	835	636	5	2.20815
lcl|NC_052670.1_mrna_XM_039451586.1_18009	1009	810	0	0
lcl|NC_052670.1_mrna_XM_039451996.1_18010	1283	1084	0	0
lcl|NC_052670.1_mrna_XM_011167070.3_18011	1688	1489	0	0
lcl|NC_052670.1_mrna_XM_026137753.2_18012	3970	3771	2	0.148967
lcl|NC_052670.1_mrna_XM_026137759.2_18013	3046	2847	0	0
lcl|NC_052670.1_mrna_XM_026137758.2_18014	3642	3443	1	0.0815791
lcl|NC_052670.1_mrna_XM_011167068.3_18015	852	653	671	288.619
lcl|NC_052670.1_miscrna_XR_005575293.1_18016	2328	2129	5.80219e-06	7.65476e-07
lcl|NC_052670.1_mrna_XM_039452273.1_18017	2308	2109	109.945	14.6425
lcl|NC_052670.1_mrna_XM_039452272.1_18018	2307	2108	596.461	79.4744
lcl|NC_052670.1_miscrna_XR_005575292.1_18019	3255	3056	48.5936	4.46623
lcl|NC_052670.1_ncrna_XR_005575294.1_18020	1017	818	6	2.06022
lcl|NC_052670.1_mrna_XM_011167066.3_18021	2163	1964	608	86.9516
lcl|NC_052670.1_mrna_XM_026137757.2_18022	2327	2128	5.03484	0.664553
lcl|NC_052670.1_mrna_XM_026137756.2_18023	3770	3571	268	21.0795
lcl|NC_052670.1_mrna_XM_039452276.1_18024	3213	3014	44.7269	4.16813
lcl|NC_052670.1_mrna_XM_011167061.3_18025	7414	7215	0	0
lcl|NC_052670.1_mrna_XM_011167063.3_18026	7410	7211	0	0
lcl|NC_052670.1_mrna_XM_011167064.3_18027	7397	7198	19.5139	0.761461
lcl|NC_052670.1_mrna_XM_011167065.3_18028	7394	7195	64.7592	2.52806
lcl|NC_052670.1_mrna_XM_039452275.1_18029	7109	6910	0	0
lcl|NC_052670.1_mrna_XM_011167062.3_18030	7059	6860	0	0
lcl|NC_052670.1_mrna_XM_011176231.2_18031	863	664	71.2025	30.1192
lcl|NC_052670.1_mrna_XM_011176230.3_18032	798	599	190.797	89.4667
lcl|NC_052670.1_mrna_XM_039451441.1_18033	975	776	44.8068	16.218
lcl|NC_052670.1_mrna_XM_011167058.3_18034	1438	1239	46.7917	10.6075
lcl|NC_052670.1_mrna_XM_011167059.3_18035	1552	1353	24.6094	5.1088
lcl|NC_052670.1_mrna_XM_011167057.3_18036	1441	1242	138.559	31.335
lcl|NC_052670.1_mrna_XM_039451440.1_18037	1209	1010	36.2514	10.0813
lcl|NC_052670.1_mrna_XM_011167060.3_18038	1351	1152	8.98133	2.1898
lcl|NC_052670.1_rrna_XR_003269058.1_18039	119	5.00576	0	0
lcl|NC_052670.1_mrna_XM_011167055.3_18040	5107	4908	69.794	3.99419
lcl|NC_052670.1_mrna_XM_011167053.3_18041	7276	7077	3.4685	0.13766
lcl|NC_052670.1_mrna_XM_011167056.3_18042	7159	6960	4.842	0.195403
lcl|NC_052670.1_mrna_XM_011167054.3_18043	7263	7064	137.746	5.477
lcl|NC_052670.1_mrna_XM_026137855.2_18044	7146	6947	204.15	8.25406
lcl|NC_052670.1_miscrna_XR_005575170.1_18045	1897	1698	50	8.27081
lcl|NC_052670.1_mrna_XM_011167051.3_18046	2918	2719	461	47.622
lcl|NC_052670.1_mrna_XM_039451435.1_18047	1749	1550	0	0
lcl|NC_052670.1_mrna_XM_039451418.1_18048	21032	20833	4	0.0539292
lcl|NC_052670.1_ncrna_XR_005575171.1_18049	583	384	0	0
lcl|NC_052670.1_miscrna_XR_005575169.1_18050	1438	1239	151.079	34.2491
lcl|NC_052670.1_mrna_XM_011167050.3_18051	1220	1021	595.921	163.938
lcl|NC_052670.1_mrna_XM_026137856.2_18052	3320	3121	2.57372e-06	2.31624e-07
lcl|NC_052670.1_mrna_XM_026137857.2_18053	3269	3070	5.75972e-07	5.26962e-08
lcl|NC_052670.1_mrna_XM_011167045.3_18054	3244	3045	1482.25	136.725
lcl|NC_052670.1_mrna_XM_011167046.3_18055	3193	2994	668.01	62.6681
lcl|NC_052670.1_mrna_XM_039451430.1_18056	3151	2952	197.504	18.7921
lcl|NC_052670.1_mrna_XM_011167048.3_18057	2726	2527	7.75153	0.861585
lcl|NC_052670.1_mrna_XM_011167047.3_18058	2400	2201	53.4867	6.82561
lcl|NC_052670.1_mrna_XM_039451431.1_18059	2442	2243	3.12167e-07	3.90907e-08
lcl|NC_052670.1_mrna_XM_011167043.3_18060	1813	1614	2057.48	358.053
lcl|NC_052670.1_mrna_XM_026137858.2_18061	2411	2212	99.8854	12.6833
lcl|NC_052670.1_mrna_XM_011167044.3_18062	2451	2252	486.639	60.6952
lcl|NC_052670.1_mrna_XM_026137862.2_18063	9248	9049	89	2.76252
lcl|NC_052670.1_mrna_XM_011167041.3_18064	3467	3268	608	52.2561
lcl|NC_052670.1_mrna_XM_039451419.1_18065	6069	5870	258	12.3452
lcl|NC_052670.1_mrna_XM_011167037.3_18066	1656	1457	3.54564	0.683518
lcl|NC_052670.1_mrna_XM_011167038.3_18067	1565	1366	74.3664	15.2912
lcl|NC_052670.1_miscrna_XR_850940.3_18068	2106	1907	55.0879	8.11375
lcl|NC_052670.1_mrna_XM_011167034.3_18069	3635	3436	2836.41	231.863
lcl|NC_052670.1_mrna_XM_011167035.3_18070	3568	3369	77.5853	6.46836
lcl|NC_052670.1_mrna_XM_011167033.3_18071	3502	3303	1448.33	123.162
lcl|NC_052670.1_mrna_XM_011167030.3_18072	3682	3483	267.601	21.58
lcl|NC_052670.1_mrna_XM_011167029.3_18073	3685	3486	600.179	48.3581
lcl|NC_052670.1_mrna_XM_026137865.2_18074	3522	3323	276.484	23.3698
lcl|NC_052670.1_mrna_XM_039451443.1_18075	4161	3962	302.569	21.4499
lcl|NC_052670.1_mrna_XM_011167028.3_18076	4073	3874	269.016	19.5044
lcl|NC_052670.1_mrna_XM_039451444.1_18077	3951	3752	0	0
lcl|NC_052670.1_mrna_XM_011167031.3_18078	3868	3669	1559.3	119.371
lcl|NC_052670.1_mrna_XM_011167032.3_18079	3377	3178	24.5201	2.16712
lcl|NC_052670.1_mrna_XM_011167019.3_18080	2109	1910	4259.92	626.446
lcl|NC_052670.1_ncrna_XR_005575172.1_18081	792	593	2.07845	0.984467
lcl|NC_052670.1_rrna_XR_003269057.1_18082	119	5.00576	0	0
lcl|NC_052670.1_mrna_XM_039451420.1_18083	12486	12287	57.1589	1.30663
lcl|NC_052670.1_mrna_XM_026137869.2_18084	6077	5878	0	0
lcl|NC_052670.1_mrna_XM_026137868.2_18085	5763	5564	1.26632	0.0639249
lcl|NC_052670.1_mrna_XM_026137867.2_18086	6201	6002	13.703	0.641261
lcl|NC_052670.1_mrna_XM_039451421.1_18087	5456	5257	0	0
lcl|NC_052670.1_mrna_XM_026137872.2_18088	5447	5248	0	0
lcl|NC_052670.1_mrna_XM_026137871.2_18089	5450	5251	3.69791e-08	1.97802e-09
lcl|NC_052670.1_mrna_XM_039451422.1_18090	5279	5080	0	0
lcl|NC_052670.1_mrna_XM_026137873.2_18091	5432	5233	1.15801e-06	6.21554e-08
lcl|NC_052670.1_mrna_XM_011167016.3_18092	4568	4369	145.093	9.32782
lcl|NC_052670.1_mrna_XM_011167018.3_18093	4520	4321	211.131	13.7241
lcl|NC_052670.1_mrna_XM_011167017.3_18094	4555	4356	4.06817	0.262318
lcl|NC_052670.1_mrna_XM_026137876.2_18095	4507	4308	5.70829	0.372174
lcl|NC_052670.1_mrna_XM_039451423.1_18096	13110	12911	127.22	2.76765
lcl|NC_052670.1_mrna_XM_026137878.2_18097	13113	12914	1229.18	26.7344
lcl|NC_052670.1_mrna_XM_026137879.2_18098	14581	14382	27.601	0.53904
lcl|NC_052670.1_mrna_XM_039451434.1_18099	2077	1878	40.1138	5.99948
lcl|NC_052670.1_mrna_XM_039451429.1_18100	5149	4950	98.0962	5.56625
lcl|NC_052670.1_mrna_XM_039451428.1_18101	5152	4953	0.0011009	6.24305e-05
lcl|NC_052670.1_mrna_XM_039451427.1_18102	5227	5028	45.6549	2.5504
lcl|NC_052670.1_mrna_XM_039451426.1_18103	5227	5028	0.247781	0.0138416
lcl|NC_052670.1_mrna_XM_039451424.1_18104	5230	5031	3.1004e-06	1.73093e-07
lcl|NC_052670.1_mrna_XM_039451425.1_18105	5942	5743	0	0
lcl|NC_052670.1_mrna_XM_039451436.1_18106	2607	2408	29	3.38265
lcl|NC_052670.1_mrna_XM_026137887.2_18107	1665	1466	0	0
lcl|NC_052670.1_mrna_XM_011167009.3_18108	2589	2390	248.21	29.17
lcl|NC_052670.1_mrna_XM_011167010.3_18109	2463	2264	467.624	58.0145
lcl|NC_052670.1_mrna_XM_011167011.3_18110	2468	2269	186.166	23.0452
lcl|NC_052670.1_mrna_XM_011167004.3_18111	3665	3466	0	0
lcl|NC_052670.1_mrna_XM_011167005.3_18112	3662	3463	309.781	25.1257
lcl|NC_052670.1_mrna_XM_011167006.3_18113	3660	3461	0	0
lcl|NC_052670.1_mrna_XM_026137889.2_18114	3603	3404	0	0
lcl|NC_052670.1_mrna_XM_026137891.2_18115	3598	3399	0	0
lcl|NC_052670.1_mrna_XM_026137890.2_18116	3338	3139	364.827	32.6446
lcl|NC_052670.1_mrna_XM_011167008.3_18117	3333	3134	0	0
lcl|NC_052670.1_mrna_XM_039451433.1_18118	3023	2824	0	0
lcl|NC_052670.1_mrna_XM_026137892.2_18119	2928	2729	419.392	43.165
lcl|NC_052670.1_mrna_XM_011167003.3_18120	6255	6056	120	5.56559
lcl|NC_052670.1_mrna_XM_039451438.1_18121	1452	1253	0	0
lcl|NC_052670.1_ncrna_XR_005575173.1_18122	1001	802	0	0
lcl|NC_052670.1_mrna_XM_039452134.1_18123	1752	1553	3	0.542582
lcl|NC_052670.1_mrna_XM_011160463.3_18124	1763	1564	0	0
lcl|NC_052670.1_mrna_XM_039451997.1_18125	552	353	1	0.795685
lcl|NC_052670.1_mrna_XM_039452145.1_18126	12254	12055	0	0
lcl|NC_052670.1_mrna_XM_039452146.1_18127	12160	11961	0	0
lcl|NC_052670.1_mrna_XM_039452148.1_18128	10483	10284	9.69748e-05	2.64858e-06
lcl|NC_052670.1_mrna_XM_039452149.1_18129	10428	10229	0.0210153	0.000577056
lcl|NC_052670.1_mrna_XM_039452150.1_18130	10443	10244	0.0048332	0.00013252
lcl|NC_052670.1_mrna_XM_039452147.1_18131	10394	10195	0.592682	0.0163286
lcl|NC_052670.1_mrna_XM_039452151.1_18132	10346	10147	67.3814	1.86517
lcl|NC_052670.1_mrna_XM_026137567.2_18133	12157	11958	0	0
lcl|NC_052670.1_mrna_XM_039452152.1_18134	4059	3860	0	0
lcl|NC_052670.1_mrna_XM_011160405.3_18135	1206	1007	28	7.80988
lcl|NC_052670.1_mrna_XM_011160393.3_18136	1326	1127	138	34.3931
lcl|NC_052670.1_mrna_XM_039451998.1_18137	780	581	0	0
lcl|NC_052670.1_mrna_XM_039451999.1_18138	870	671	0	0
lcl|NC_052670.1_mrna_XM_039452000.1_18139	499	300	0	0
lcl|NC_052670.1_mrna_XM_039452002.1_18140	412	213	0	0
lcl|NC_052670.1_mrna_XM_039452003.1_18141	528	329	0	0
lcl|NC_052670.1_mrna_XM_039452004.1_18142	765	566	0	0
lcl|NC_052670.1_mrna_XM_039451809.1_18143	640	441	2	1.27382
lcl|NC_052670.1_mrna_XM_039452005.1_18144	3338	3139	1	0.0894797
lcl|NC_052670.1_ncrna_XR_005575281.1_18145	384	185	0	0
lcl|NC_052670.1_mrna_XM_011176160.3_18146	1743	1544	0	0
lcl|NC_052670.1_mrna_XM_039452039.1_18147	1959	1760	0	0
lcl|NC_052670.1_mrna_XM_039451759.1_18148	6512	6313	1.22214	0.0543754
lcl|NC_052670.1_mrna_XM_039452239.1_18149	765	566	0	0
lcl|NC_052670.1_mrna_XM_039452007.1_18150	2130	1931	0	0
lcl|NC_052670.1_miscrna_XR_005575282.1_18151	838	639	0	0
lcl|NC_052670.1_mrna_XM_039452164.1_18152	651	452	0.545701	0.339104
lcl|NC_052670.1_mrna_XM_039452008.1_18153	4851	4652	0	0
lcl|NC_052670.1_mrna_XM_039451725.1_18154	1921	1722	0	0
lcl|NC_052670.1_mrna_XM_039451724.1_18155	1647	1448	2	0.387951
lcl|NC_052670.1_mrna_XM_011173238.1_18156	2136	1937	0	0
lcl|NC_052670.1_mrna_XM_039452009.1_18157	1149	950	0	0
lcl|NC_052670.1_ncrna_XR_005575253.1_18158	955	756	3	1.11459
lcl|NC_052670.1_mrna_XM_039451950.1_18159	852	653	0	0
lcl|NC_052670.1_mrna_XM_039452010.1_18160	744	545	0	0
lcl|NC_052670.1_mrna_XM_026139085.2_18161	3315	3116	0	0
lcl|NC_052670.1_mrna_XM_026139083.2_18162	980	781	1	0.359637
lcl|NC_052670.1_mrna_XM_011166670.3_18163	436	237	0	0
lcl|NC_052670.1_mrna_XM_011166671.3_18164	585	386	0	0
lcl|NC_052670.1_mrna_XM_026139080.1_18165	430	231	0	0
lcl|NC_052670.1_mrna_XM_026139079.2_18166	2584	2385	62.3019	7.33717
lcl|NC_052670.1_miscrna_XR_003269216.2_18167	2732	2533	112.557	12.4811
lcl|NC_052670.1_miscrna_XR_005575199.1_18168	3427	3228	5.44949e-08	4.74174e-09
lcl|NC_052670.1_miscrna_XR_005575198.1_18169	3431	3232	9.2475	0.803653
lcl|NC_052670.1_mrna_XM_011166674.3_18170	1924	1725	6	0.976962
lcl|NC_052670.1_mrna_XM_011166675.3_18171	4802	4603	51	3.11204
lcl|NC_052670.1_mrna_XM_026139082.2_18172	1158	959	789	231.086
lcl|NC_052670.1_mrna_XM_039451778.1_18173	7405	7206	0	0
lcl|NC_052670.1_mrna_XM_026139077.2_18174	6432	6233	5.96709e-06	2.68894e-07
lcl|NC_052670.1_mrna_XM_039451780.1_18175	7310	7111	0	0
lcl|NC_052670.1_mrna_XM_026139076.2_18176	6337	6138	29.2426	1.33815
lcl|NC_052670.1_mrna_XM_039451779.1_18177	7820	7621	0	0
lcl|NC_052670.1_mrna_XM_026139065.2_18178	7312	7113	0	0
lcl|NC_052670.1_mrna_XM_026139070.2_18179	7270	7071	0	0
lcl|NC_052670.1_mrna_XM_026139071.2_18180	7144	6945	0	0
lcl|NC_052670.1_mrna_XM_039451777.1_18181	7102	6903	52.0976	2.1198
lcl|NC_052670.1_mrna_XM_026139069.2_18182	7294	7095	0	0
lcl|NC_052670.1_mrna_XM_039451776.1_18183	7126	6927	49.8469	2.0212
lcl|NC_052670.1_mrna_XM_026139068.2_18184	7300	7101	23.0458	0.911566
lcl|NC_052670.1_mrna_XM_026139067.2_18185	7220	7021	0	0
lcl|NC_052670.1_mrna_XM_026139072.2_18186	4681	4482	0	0
lcl|NC_052670.1_mrna_XM_026139075.2_18187	4513	4314	16.3031	1.06146
lcl|NC_052670.1_mrna_XM_026139073.2_18188	4759	4560	24.4862	1.50824
lcl|NC_052670.1_ncrna_XR_003269213.2_18189	3370	3171	0	0
lcl|NC_052670.1_mrna_XM_039451784.1_18190	7971	7772	1.19553	0.0432059
lcl|NC_052670.1_mrna_XM_039451781.1_18191	7524	7325	0	0
lcl|NC_052670.1_mrna_XM_039451782.1_18192	7446	7247	0	0
lcl|NC_052670.1_mrna_XM_039451783.1_18193	7386	7187	0	0
lcl|NC_052670.1_mrna_XM_039451785.1_18194	3370	3171	96.8045	8.57462
lcl|NC_052670.1_ncrna_XR_005575206.1_18195	1891	1692	0	0
lcl|NC_052670.1_mrna_XM_039451786.1_18196	5522	5323	2.14922	0.113407
lcl|NC_052670.1_mrna_XM_039451787.1_18197	3332	3133	0	0
lcl|NC_052670.1_mrna_XM_039452123.1_18198	930	731	3.39552	1.30468
lcl|NC_052670.1_ncrna_XR_005575291.1_18199	1780	1581	1	0.177658
lcl|NC_052670.1_mrna_XM_039452017.1_18200	1798	1599	3.63921	0.639256
lcl|NC_052670.1_mrna_XM_039451946.1_18201	786	587	0	0
lcl|NC_052670.1_miscrna_XR_005575237.1_18202	609	410	0	0
lcl|NC_052670.1_mrna_XM_039451730.1_18203	1644	1445	1	0.194378
lcl|NC_052670.1_mrna_XM_039451734.1_18204	1608	1409	0	0
lcl|NC_052670.1_mrna_XM_039451731.1_18205	1821	1622	226.692	39.2556
lcl|NC_052670.1_mrna_XM_039451735.1_18206	1780	1581	0	0
lcl|NC_052670.1_mrna_XM_039451736.1_18207	1744	1545	10.5355	1.91532
lcl|NC_052670.1_mrna_XM_039451733.1_18208	1829	1630	10.0254	1.72755
lcl|NC_052670.1_mrna_XM_039451732.1_18209	1655	1456	448.222	86.4665
lcl|NC_052670.1_ncrna_XR_850939.2_18210	668	469	157.888	94.5564
lcl|NC_052670.1_mrna_XM_039451587.1_18211	2688	2489	895.772	101.085
lcl|NC_052670.1_mrna_XM_026141734.2_18212	2049	1850	76.28	11.5812
lcl|NC_052670.1_mrna_XM_011166879.3_18213	1945	1746	530.948	85.4128
lcl|NC_052670.1_mrna_XM_039451685.1_18214	1459	1260	9.16217e-06	2.04241e-06
lcl|NC_052670.1_mrna_XM_039451683.1_18215	1518	1319	258.739	55.0975
lcl|NC_052670.1_mrna_XM_039451684.1_18216	1509	1310	0	0
lcl|NC_052670.1_mrna_XM_039451686.1_18217	1499	1300	129.876	28.0609
lcl|NC_052670.1_mrna_XM_026132912.2_18218	1490	1291	0	0
lcl|NC_052670.1_mrna_XM_039451687.1_18219	1389	1190	89.0109	21.0093
lcl|NC_052670.1_mrna_XM_039452018.1_18220	775	576	59.7115	29.1173
lcl|NC_052670.1_mrna_XM_039451681.1_18221	2879	2680	124.002	12.996
lcl|NC_052670.1_mrna_XM_039451680.1_18222	2883	2684	6.04218	0.632305
lcl|NC_052670.1_mrna_XM_039451679.1_18223	2941	2742	0	0
lcl|NC_052670.1_mrna_XM_026138398.2_18224	2928	2729	19.7675	2.03453
lcl|NC_052670.1_mrna_XM_011166872.3_18225	2899	2700	74.2745	7.72666
lcl|NC_052670.1_mrna_XM_011166874.3_18226	2731	2532	490	54.3561
lcl|NC_052670.1_miscrna_XR_003269127.2_18227	2448	2249	0	0
lcl|NC_052670.1_miscrna_XR_003269126.2_18228	2434	2235	192.912	24.2436
lcl|NC_052670.1_mrna_XM_026138397.2_18229	2048	1849	87.1843	13.2439
lcl|NC_052670.1_mrna_XM_039451688.1_18230	1546	1347	36.9039	7.69521
lcl|NC_052670.1_mrna_XM_039451672.1_18231	14530	14331	72.5905	1.42272
lcl|NC_052670.1_mrna_XM_039451674.1_18232	14527	14328	89.552	1.75552
lcl|NC_052670.1_mrna_XM_039451670.1_18233	14560	14361	0.0125647	0.000245744
lcl|NC_052670.1_mrna_XM_039451671.1_18234	14557	14358	0.0154938	0.000303096
lcl|NC_052670.1_mrna_XM_039451677.1_18235	13926	13727	2.15085	0.0440098
lcl|NC_052670.1_mrna_XM_039451678.1_18236	13923	13724	2.67805	0.0548092
lcl|NC_052670.1_mrna_XM_039451675.1_18237	13956	13757	0.000243029	4.96191e-06
lcl|NC_052670.1_mrna_XM_039451676.1_18238	13953	13754	0.000302454	6.17654e-06
lcl|NC_052670.1_mrna_XM_026131815.2_18239	2987	2788	0	0
lcl|NC_052670.1_mrna_XM_026131813.2_18240	3227	3028	0	0
lcl|NC_052670.1_mrna_XM_039451689.1_18241	3191	2992	9.32801e-08	8.75675e-09
lcl|NC_052670.1_miscrna_XR_005575187.1_18242	3211	3012	0	0
lcl|NC_052670.1_miscrna_XR_005575190.1_18243	3136	2937	11.2617	1.077
lcl|NC_052670.1_miscrna_XR_005575189.1_18244	3218	3019	0	0
lcl|NC_052670.1_miscrna_XR_005575188.1_18245	3214	3015	0	0
lcl|NC_052670.1_mrna_XM_011166866.3_18246	2356	2157	354.943	46.2194
lcl|NC_052670.1_mrna_XM_039451693.1_18247	2212	2013	8.42779	1.17594
lcl|NC_052670.1_mrna_XM_039451695.1_18248	2199	2000	8.62891	1.21183
lcl|NC_052670.1_mrna_XM_026138389.2_18249	8972	8773	31.5043	1.00864
lcl|NC_052670.1_mrna_XM_039451691.1_18250	9722	9523	0	0
lcl|NC_052670.1_mrna_XM_039451692.1_18251	5489	5290	231.496	12.2914
lcl|NC_052670.1_ncrna_XR_005575191.1_18252	1884	1685	3	0.500077
lcl|NC_052670.1_mrna_XM_039451696.1_18253	3292	3093	0	0
lcl|NC_052670.1_mrna_XM_039451697.1_18254	3273	3074	22	2.01018
lcl|NC_052670.1_mrna_XM_039451698.1_18255	1909	1710	1	0.164255
lcl|NC_052670.1_mrna_XM_011171048.2_18256	987	788	0	0
lcl|NC_052670.1_mrna_XM_039452019.1_18257	2625	2426	0	0
lcl|NC_052670.1_mrna_XM_011171050.2_18258	747	548	0	0
lcl|NC_052670.1_mrna_XM_039452020.1_18259	375	176	0	0
lcl|NC_052670.1_mrna_XM_039452021.1_18260	4284	4085	0	0
lcl|NC_052670.1_mrna_XM_039451728.1_18261	2200	2001	1804	253.224
lcl|NC_052670.1_mrna_XM_011171694.3_18262	4948	4749	116.092	6.86616
lcl|NC_052670.1_miscrna_XR_005575175.1_18263	4881	4682	0.550937	0.0330511
lcl|NC_052670.1_miscrna_XR_851136.3_18264	4798	4599	0.357556	0.0218371
lcl|NC_052670.1_mrna_XM_026141213.2_18265	1329	1130	223.047	55.4414
lcl|NC_052670.1_mrna_XM_026141214.2_18266	1260	1061	124.953	33.0785
lcl|NC_052670.1_mrna_XM_039451902.1_18267	627	428	0	0
lcl|NC_052670.1_mrna_XM_039451903.1_18268	635	436	2.93236	1.88906
lcl|NC_052670.1_mrna_XM_039452034.1_18269	1233	1034	0	0
lcl|NC_052670.1_mrna_XM_039452163.1_18270	810	611	0	0
lcl|NC_052670.1_mrna_XM_039452035.1_18271	615	416	0	0
lcl|NC_052670.1_mrna_XM_039452124.1_18272	1308	1109	1	0.25327
lcl|NC_052670.1_mrna_XM_011172244.2_18273	2016	1817	0	0
lcl|NC_052670.1_mrna_XM_039451740.1_18274	796	597	0	0
lcl|NC_052670.1_mrna_XM_039451739.1_18275	3867	3668	0	0
lcl|NC_052670.1_mrna_XM_039452036.1_18276	2343	2144	0	0
lcl|NC_052670.1_mrna_XM_039451879.1_18277	1125	926	4.67399e-06	1.41773e-06
lcl|NC_052670.1_mrna_XM_039451880.1_18278	1264	1065	5.62446	1.48336
lcl|NC_052670.1_mrna_XM_039451737.1_18279	1882	1683	105.691	17.6389
lcl|NC_052670.1_mrna_XM_039452247.1_18280	1510	1311	4.10791	0.880103
lcl|NC_052670.1_mrna_XM_039452043.1_18281	2296	2097	0	0
lcl|NC_052670.1_mrna_XM_039452044.1_18282	2168	1969	0	0
lcl|NC_052670.1_mrna_XM_039452048.1_18283	8754	8555	2.00026	0.0656724
lcl|NC_052670.1_mrna_XM_039452049.1_18284	7502	7303	0	0
lcl|NC_052670.1_ncrna_XR_005575245.1_18285	968	769	0	0
lcl|NC_052670.1_ncrna_XR_003269370.2_18286	2618	2419	0	0
lcl|NC_052670.1_mrna_XM_039452046.1_18287	2497	2298	3	0.36668
lcl|NC_052670.1_mrna_XM_039452047.1_18288	2678	2479	0	0
lcl|NC_052670.1_mrna_XM_039452045.1_18289	4158	3959	0	0
lcl|NC_052670.1_mrna_XM_039452248.1_18290	2030	1831	0	0
lcl|NC_052670.1_mrna_XM_039452249.1_18291	786	587	0	0
lcl|NC_052670.1_mrna_XM_039452122.1_18292	2860	2661	2	0.211106
lcl|NC_052670.1_mrna_XM_039452250.1_18293	579	380	0	0
lcl|NC_052670.1_mrna_XM_039451756.1_18294	993	794	15.6645	5.54131
lcl|NC_052670.1_mrna_XM_039451755.1_18295	1014	815	245.462	84.5946
lcl|NC_052670.1_miscrna_XR_005575200.1_18296	928	729	67.2057	25.8937
lcl|NC_052670.1_mrna_XM_026141650.2_18297	1191	992	3	0.849426
lcl|NC_052670.1_mrna_XM_039451622.1_18298	2102	1903	4	0.590387
lcl|NC_052670.1_mrna_XM_039451623.1_18299	1384	1185	11.5783	2.74437
lcl|NC_052670.1_mrna_XM_039451624.1_18300	1433	1234	0	0
lcl|NC_052670.1_mrna_XM_039451625.1_18301	1596	1397	0	0
lcl|NC_052670.1_mrna_XM_011171624.1_18302	603	404	0	0
lcl|NC_052670.1_mrna_XM_011171625.2_18303	543	344	0	0
lcl|NC_052670.1_mrna_XM_011171626.2_18304	4272	4073	0	0
lcl|NC_052670.1_ncrna_XR_005575210.1_18305	870	671	0	0
lcl|NC_052670.1_mrna_XM_039451925.1_18306	1974	1775	0	0
lcl|NC_052670.1_mrna_XM_026141592.2_18307	1941	1742	1	0.161238
lcl|NC_052670.1_mrna_XM_011160768.2_18308	1056	857	0	0
lcl|NC_052670.1_mrna_XM_039452215.1_18309	440	241	0	0
lcl|NC_052670.1_mrna_XM_039452042.1_18310	1085	886	12.8955	4.0881
lcl|NC_052670.1_mrna_XM_039452041.1_18311	998	799	40.2458	14.1478
lcl|NC_052670.1_miscrna_XR_005575244.1_18312	1160	961	0	0
lcl|NC_052670.1_mrna_XM_011172171.1_18313	948	749	0	0
lcl|NC_052670.1_mrna_XM_039451480.1_18314	2082	1883	0	0
lcl|NC_052670.1_mrna_XM_039451479.1_18315	4016	3817	1.5682	0.115397
lcl|NC_052670.1_mrna_XM_039451478.1_18316	1582	1383	2.4318	0.49388
lcl|NC_052670.1_mrna_XM_039451481.1_18317	1306	1107	6.08663	1.54435
lcl|NC_052670.1_mrna_XM_011164932.3_18318	1052	853	65	21.4033
lcl|NC_052670.1_mrna_XM_011164933.3_18319	996	797	0	0
lcl|NC_052670.1_mrna_XM_039452251.1_18320	8337	8138	0	0
lcl|NC_052670.1_mrna_XM_011165385.1_18321	2988	2789	0	0
lcl|NC_052670.1_mrna_XM_011165379.3_18322	759	560	0	0
lcl|NC_052670.1_mrna_XM_011165386.1_18323	642	443	2	1.26807
lcl|NC_052670.1_mrna_XM_011171676.1_18324	2667	2468	0	0
lcl|NC_052670.1_mrna_XM_039452252.1_18325	927	728	0	0
lcl|NC_052670.1_mrna_XM_039451793.1_18326	1836	1637	20.9941	3.60217
lcl|NC_052670.1_mrna_XM_026139378.2_18327	1711	1512	6.7897e-05	1.26129e-05
lcl|NC_052670.1_mrna_XM_039451796.1_18328	1584	1385	0.339767	0.0689045
lcl|NC_052670.1_mrna_XM_026139380.2_18329	1758	1559	41.6101	7.49667
lcl|NC_052670.1_mrna_XM_039451792.1_18330	1701	1502	0	0
lcl|NC_052670.1_mrna_XM_039451791.1_18331	1748	1549	0	0
lcl|NC_052670.1_mrna_XM_039451790.1_18332	1549	1350	0.00243965	0.000507586
lcl|NC_052670.1_mrna_XM_039451795.1_18333	3870	3671	1.73818	0.132992
lcl|NC_052670.1_miscrna_XR_005575207.1_18334	2133	1934	10.3153	1.49811
lcl|NC_052670.1_mrna_XM_039451794.1_18335	2838	2639	0	0
lcl|NC_052670.1_mrna_XM_039452127.1_18336	1268	1069	0	0
lcl|NC_052670.1_mrna_XM_039452126.1_18337	2012	1813	4.66398	0.722561
lcl|NC_052670.1_mrna_XM_026140478.2_18338	1154	955	125	36.764
lcl|NC_052670.1_mrna_XM_039451616.1_18339	1022	823	0	0
lcl|NC_052670.1_mrna_XM_039451615.1_18340	1208	1009	0	0
lcl|NC_052670.1_mrna_XM_039451911.1_18341	1299	1100	596.726	152.369
lcl|NC_052670.1_mrna_XM_039451914.1_18342	1271	1072	96.5172	25.2887
lcl|NC_052670.1_mrna_XM_039451916.1_18343	1254	1055	327.148	87.0977
lcl|NC_052670.1_mrna_XM_039451912.1_18344	2006	1807	161.622	25.1222
lcl|NC_052670.1_mrna_XM_039451913.1_18345	5072	4873	1.55603	0.0896884
lcl|NC_052670.1_mrna_XM_039451917.1_18346	3417	3218	279.193	24.3688
lcl|NC_052670.1_mrna_XM_039451918.1_18347	7534	7335	0	0
lcl|NC_052670.1_mrna_XM_039451919.1_18348	1341	1142	0	0
lcl|NC_052670.1_mrna_XM_039451909.1_18349	1974	1775	8.37754e-07	1.32567e-07
lcl|NC_052670.1_mrna_XM_039451910.1_18350	3422	3223	9.23804	0.805073
lcl|NC_052670.1_mrna_XM_039451922.1_18351	840	641	2.23345	0.978664
lcl|NC_052670.1_mrna_XM_039451923.1_18352	553	354	0.766551	0.60821
lcl|NC_052670.1_mrna_XM_039451920.1_18353	2612	2413	3.38106	0.39356
lcl|NC_052670.1_miscrna_XR_005575233.1_18354	832	633	0	0
lcl|NC_052670.1_mrna_XM_039451921.1_18355	619	420	0	0
lcl|NC_052670.1_mrna_XM_039451908.1_18356	4022	3823	0	0
lcl|NC_052670.1_mrna_XM_039451907.1_18357	4041	3842	0	0
lcl|NC_052670.1_mrna_XM_026140639.2_18358	6431	6232	46.1391	2.07949
lcl|NC_052670.1_mrna_XM_039451904.1_18359	4397	4198	0	0
lcl|NC_052670.1_mrna_XM_039451906.1_18360	4323	4124	0	0
lcl|NC_052670.1_mrna_XM_039451905.1_18361	5190	4991	0	0
lcl|NC_052670.1_mrna_XM_039452253.1_18362	423	224	0	0
lcl|NC_052670.1_mrna_XM_011171219.1_18363	1842	1643	0	0
lcl|NC_052670.1_mrna_XM_011171218.1_18364	534	335	0	0
lcl|NC_052670.1_mrna_XM_011171217.1_18365	1452	1253	0	0
lcl|NC_052670.1_ncrna_XR_005575243.1_18366	1069	870	0	0
lcl|NC_052670.1_ncrna_XR_851183.3_18367	596	397	6	4.24499
lcl|NC_052670.1_mrna_XM_039452254.1_18368	2745	2546	3.9743	0.438448
lcl|NC_052670.1_mrna_XM_026133104.2_18369	965	766	0	0
lcl|NC_052670.1_mrna_XM_039451774.1_18370	589	390	0	0
lcl|NC_052670.1_ncrna_XR_851239.3_18371	693	494	45.4275	25.829
lcl|NC_052671.1_mrna_XM_026141333.2_18372	3734	3535	0	0
lcl|NC_052671.1_mrna_XM_026141336.2_18373	3737	3538	0	0
lcl|NC_052671.1_mrna_XM_011157406.3_18374	3697	3498	269.586	21.6468
lcl|NC_052671.1_mrna_XM_026141334.2_18375	3503	3304	0.838674	0.0712966
lcl|NC_052671.1_mrna_XM_026141335.2_18376	4148	3949	146.575	10.4253
lcl|NC_052671.1_ncrna_XR_005575419.1_18377	640	441	0	0
lcl|NC_052671.1_mrna_XM_039452861.1_18378	2003	1804	0	0
lcl|NC_052671.1_mrna_XM_039452862.1_18379	2023	1824	0	0
lcl|NC_052671.1_miscrna_XR_005575417.1_18380	2091	1892	0	0
lcl|NC_052671.1_miscrna_XR_005575416.1_18381	2110	1911	0	0
lcl|NC_052671.1_mrna_XM_039452858.1_18382	14653	14454	6.40218e-06	1.2441e-07
lcl|NC_052671.1_mrna_XM_039452857.1_18383	14783	14584	0	0
lcl|NC_052671.1_mrna_XM_039452855.1_18384	14960	14761	0	0
lcl|NC_052671.1_mrna_XM_039452852.1_18385	15138	14939	0	0
lcl|NC_052671.1_mrna_XM_039452856.1_18386	14971	14772	0	0
lcl|NC_052671.1_mrna_XM_039452853.1_18387	15149	14950	0	0
lcl|NC_052671.1_mrna_XM_039452859.1_18388	14722	14523	5.39307e-08	1.04303e-09
lcl|NC_052671.1_mrna_XM_039452854.1_18389	15029	14830	0	0
lcl|NC_052671.1_mrna_XM_039452849.1_18390	15207	15008	0	0
lcl|NC_052671.1_mrna_XM_039452850.1_18391	15219	15020	0	0
lcl|NC_052671.1_mrna_XM_039452851.1_18392	14985	14786	0	0
lcl|NC_052671.1_mrna_XM_039452848.1_18393	14451	14252	8.64772	0.170428
lcl|NC_052671.1_mrna_XM_039452846.1_18394	14496	14297	0.366177	0.00719385
lcl|NC_052671.1_mrna_XM_039452860.1_18395	4819	4620	0	0
lcl|NC_052671.1_ncrna_XR_005575418.1_18396	20567	20368	2.14057	0.0295186
lcl|NC_052671.1_mrna_XM_039452549.1_18397	679	480	794	464.617
lcl|NC_052671.1_mrna_XM_011169228.3_18398	2170	1971	85.3864	12.168
lcl|NC_052671.1_mrna_XM_026139364.2_18399	1960	1761	0	0
lcl|NC_052671.1_mrna_XM_026139362.2_18400	2310	2111	63.6136	8.46403
lcl|NC_052671.1_mrna_XM_026139363.2_18401	1967	1768	0	0
lcl|NC_052671.1_mrna_XM_011169225.3_18402	973	774	456.238	165.564
lcl|NC_052671.1_mrna_XM_039452450.1_18403	1041	842	149.762	49.9579
lcl|NC_052671.1_mrna_XM_039452994.1_18404	8647	8448	0.00087249	2.90083e-05
lcl|NC_052671.1_mrna_XM_039452995.1_18405	8551	8352	82.9985	2.79123
lcl|NC_052671.1_mrna_XM_039452992.1_18406	8650	8451	0.000611085	2.031e-05
lcl|NC_052671.1_mrna_XM_039452993.1_18407	8736	8537	0	0
lcl|NC_052671.1_mrna_XM_039452996.1_18408	8007	7808	0	0
lcl|NC_052671.1_mrna_XM_011157190.3_18409	3284	3085	13.7852	1.25509
lcl|NC_052671.1_mrna_XM_011157189.3_18410	3318	3119	32.4803	2.92496
lcl|NC_052671.1_mrna_XM_039452997.1_18411	4068	3869	4.73449	0.343708
lcl|NC_052671.1_mrna_XM_011157188.3_18412	5120	4921	0	0
lcl|NC_052671.1_mrna_XM_011157187.3_18413	4848	4649	15.9399	0.963032
lcl|NC_052671.1_mrna_XM_039453000.1_18414	1299	1100	0	0
lcl|NC_052671.1_mrna_XM_039453001.1_18415	1341	1142	978.233	240.598
lcl|NC_052671.1_mrna_XM_039453002.1_18416	1632	1433	840.167	164.678
lcl|NC_052671.1_mrna_XM_011157186.3_18417	1614	1415	21.6067	4.28892
lcl|NC_052671.1_mrna_XM_026139355.2_18418	2073	1874	153.486	23.0046
lcl|NC_052671.1_mrna_XM_011162630.3_18419	2147	1948	145.514	20.9812
lcl|NC_052671.1_mrna_XM_039452998.1_18420	2757	2558	1315.07	144.399
lcl|NC_052671.1_mrna_XM_039452999.1_18421	2757	2558	983.679	108.011
lcl|NC_052671.1_ncrna_XR_005575366.1_18422	419	220	17	21.7041
lcl|NC_052671.1_mrna_XM_039452598.1_18423	2388	2189	66.9999	8.59694
lcl|NC_052671.1_mrna_XM_039452600.1_18424	2371	2172	1887	244.021
lcl|NC_052671.1_mrna_XM_011157183.3_18425	4540	4341	31580	2043.33
lcl|NC_052671.1_mrna_XM_011157182.3_18426	2249	2050	2	0.274026
lcl|NC_052671.1_mrna_XM_011157181.3_18427	1817	1618	4	0.69438
lcl|NC_052671.1_mrna_XM_011157180.3_18428	3359	3160	1402.72	124.681
lcl|NC_052671.1_mrna_XM_011157179.2_18429	2121	1922	1151	168.205
lcl|NC_052671.1_mrna_XM_039452896.1_18430	3068	2869	0	0
lcl|NC_052671.1_mrna_XM_039452332.1_18431	8898	8699	70.7576	2.28465
lcl|NC_052671.1_mrna_XM_039452338.1_18432	7909	7710	7.86101	0.286378
lcl|NC_052671.1_mrna_XM_039452340.1_18433	1881	1682	3.49774	0.584087
lcl|NC_052671.1_mrna_XM_039452339.1_18434	1914	1715	357	58.4682
lcl|NC_052671.1_mrna_XM_011175868.3_18435	839	640	187.003	82.0702
lcl|NC_052671.1_mrna_XM_011175869.3_18436	832	633	359.997	159.739
lcl|NC_052671.1_mrna_XM_039452475.1_18437	1961	1762	0	0
lcl|NC_052671.1_mrna_XM_039452474.1_18438	1962	1763	0	0
lcl|NC_052671.1_mrna_XM_039452476.1_18439	2122	1923	60	8.7637
lcl|NC_052671.1_mrna_XM_039452477.1_18440	2022	1823	1.33064e-06	2.05017e-07
lcl|NC_052671.1_mrna_XM_039452793.1_18441	14197	13998	6	0.120393
lcl|NC_052671.1_miscrna_XR_005575333.1_18442	1386	1187	0	0
lcl|NC_052671.1_miscrna_XR_005575334.1_18443	1263	1064	6	1.58389
lcl|NC_052671.1_mrna_XM_039452478.1_18444	1195	996	0	0
lcl|NC_052671.1_miscrna_XR_005575335.1_18445	3292	3093	0	0
lcl|NC_052671.1_mrna_XM_039452986.1_18446	3973	3774	3	0.223272
lcl|NC_052671.1_mrna_XM_039452984.1_18447	3085	2886	19.9896	1.94547
lcl|NC_052671.1_mrna_XM_011157176.3_18448	1802	1603	746.01	130.715
lcl|NC_052671.1_mrna_XM_026137011.2_18449	4014	3815	698.377	51.4176
lcl|NC_052671.1_mrna_XM_011157175.3_18450	3710	3511	936.623	74.9289
lcl|NC_052671.1_ncrna_XR_005575462.1_18451	1073	874	33.083	10.6319
lcl|NC_052671.1_ncrna_XR_005575463.1_18452	1068	869	13.6751	4.42005
lcl|NC_052671.1_ncrna_XR_850559.3_18453	661	462	83.9259	51.0234
lcl|NC_052671.1_ncrna_XR_005575461.1_18454	657	458	76.316	46.8021
lcl|NC_052671.1_mrna_XM_011157170.3_18455	1600	1401	0	0
lcl|NC_052671.1_mrna_XM_011157173.3_18456	1430	1231	7	1.59719
lcl|NC_052671.1_mrna_XM_011157171.3_18457	1835	1636	0	0
lcl|NC_052671.1_mrna_XM_011157168.3_18458	5752	5553	1.86347	0.0942563
lcl|NC_052671.1_mrna_XM_039452980.1_18459	5767	5568	0.124524	0.00628161
lcl|NC_052671.1_mrna_XM_039452981.1_18460	5780	5581	0.0120066	0.00060426
lcl|NC_052671.1_mrna_XM_039452982.1_18461	4770	4571	0	0
lcl|NC_052671.1_trna_18462	72	3.52559	0	0
lcl|NC_052671.1_mrna_XM_039452983.1_18463	2658	2459	7.94074e-08	9.07023e-09
lcl|NC_052671.1_mrna_XM_011157167.3_18464	2601	2402	1306	152.716
lcl|NC_052671.1_mrna_XM_039452985.1_18465	3265	3066	82.4441	7.55272
lcl|NC_052671.1_mrna_XM_011157165.3_18466	4301	4102	366	25.0612
lcl|NC_052671.1_mrna_XM_011157163.3_18467	2650	2451	0	0
lcl|NC_052671.1_mrna_XM_011157164.3_18468	2409	2210	2	0.254187
lcl|NC_052671.1_mrna_XM_026137005.2_18469	2093	1894	0	0
lcl|NC_052671.1_mrna_XM_011157161.3_18470	2734	2535	849.924	94.1711
lcl|NC_052671.1_mrna_XM_011157159.3_18471	1218	1019	233.671	64.4091
lcl|NC_052671.1_mrna_XM_011157160.3_18472	1235	1036	157.405	42.675
lcl|NC_052671.1_mrna_XM_011157157.3_18473	3268	3069	35.1333	3.21542
lcl|NC_052671.1_mrna_XM_011157153.3_18474	3368	3169	33.995	3.01307
lcl|NC_052671.1_mrna_XM_011157154.3_18475	3407	3208	56.9201	4.98364
lcl|NC_052671.1_mrna_XM_039452873.1_18476	3174	2975	0	0
lcl|NC_052671.1_mrna_XM_011157156.3_18477	3257	3058	0	0
lcl|NC_052671.1_mrna_XM_039452872.1_18478	3296	3097	1.39996e-08	1.26967e-09
lcl|NC_052671.1_mrna_XM_039452871.1_18479	3288	3089	10.9516	0.995808
lcl|NC_052671.1_mrna_XM_026134230.2_18480	8708	8509	0	0
lcl|NC_052671.1_mrna_XM_026134228.2_18481	8810	8611	5.0545e-05	1.6487e-06
lcl|NC_052671.1_mrna_XM_026134227.2_18482	8813	8614	269.157	8.7764
lcl|NC_052671.1_mrna_XM_011157150.3_18483	1372	1173	663.671	158.917
lcl|NC_052671.1_mrna_XM_039452868.1_18484	1296	1097	1988.33	509.093
lcl|NC_052671.1_mrna_XM_026134304.2_18485	2363	2164	45.691	5.93047
lcl|NC_052671.1_mrna_XM_011157145.3_18486	1620	1421	0	0
lcl|NC_052671.1_mrna_XM_026134305.2_18487	4189	3990	13	0.915137
lcl|NC_052671.1_mrna_XM_011157146.3_18488	3651	3452	226.953	18.4663
lcl|NC_052671.1_mrna_XM_011157148.3_18489	3342	3143	377.466	33.7325
lcl|NC_052671.1_mrna_XM_011157147.3_18490	3402	3203	334.581	29.34
lcl|NC_052671.1_mrna_XM_039452870.1_18491	2944	2745	1.94222	0.198734
lcl|NC_052671.1_mrna_XM_039452869.1_18492	2944	2745	1.94222	0.198734
lcl|NC_052671.1_mrna_XM_039452865.1_18493	1844	1645	31.0695	5.30498
lcl|NC_052671.1_mrna_XM_026134303.2_18494	2388	2189	423.655	54.3603
lcl|NC_052671.1_mrna_XM_039452867.1_18495	1954	1755	0	0
lcl|NC_052671.1_mrna_XM_039452866.1_18496	2085	1886	5.58482	0.831732
lcl|NC_052671.1_mrna_XM_026134301.2_18497	6281	6082	0	0
lcl|NC_052671.1_mrna_XM_011157144.3_18498	5901	5702	46.7939	2.30503
lcl|NC_052671.1_mrna_XM_011157143.3_18499	5863	5664	25.2061	1.24997
lcl|NC_052671.1_mrna_XM_011157142.3_18500	614	415	484	327.577
lcl|NC_052671.1_mrna_XM_011157138.3_18501	2713	2514	156.26	17.4581
lcl|NC_052671.1_mrna_XM_011157141.3_18502	2926	2727	33.5131	3.4518
lcl|NC_052671.1_mrna_XM_011157137.3_18503	2694	2495	0.22732	0.0255907
lcl|NC_052671.1_mrna_XM_011157136.3_18504	6909	6710	141.171	5.90933
lcl|NC_052671.1_mrna_XM_011157135.3_18505	3327	3128	80	7.18355
lcl|NC_052671.1_mrna_XM_011157134.2_18506	2180	1981	28	3.96999
lcl|NC_052671.1_mrna_XM_011157133.3_18507	3474	3275	658	56.4326
lcl|NC_052671.1_trna_18508	82	3.75521	0	0
lcl|NC_052671.1_mrna_XM_039452687.1_18509	1647	1448	11.266	2.18532
lcl|NC_052671.1_mrna_XM_011157130.3_18510	1733	1534	266.734	48.8392
lcl|NC_052671.1_mrna_XM_011157129.3_18511	2739	2540	2144	237.086
lcl|NC_052671.1_mrna_XM_026134307.2_18512	2253	2054	9.85946	1.34824
lcl|NC_052671.1_mrna_XM_026134308.2_18513	2125	1926	8.38335	1.22258
lcl|NC_052671.1_mrna_XM_026134306.2_18514	4245	4046	0	0
lcl|NC_052671.1_miscrna_XR_005575379.1_18515	3860	3661	390.958	29.9948
lcl|NC_052671.1_mrna_XM_026134310.2_18516	4156	3957	97.6641	6.93242
lcl|NC_052671.1_miscrna_XR_005575381.1_18517	1544	1345	75.2246	15.7092
lcl|NC_052671.1_miscrna_XR_005575380.1_18518	1656	1457	79.3114	15.2894
lcl|NC_052671.1_miscrna_XR_005575382.1_18519	2241	2042	16.7645	2.30596
lcl|NC_052671.1_mrna_XM_026134309.2_18520	2060	1861	56.7329	8.56257
lcl|NC_052671.1_mrna_XM_026134311.2_18521	2125	1926	746.19	108.82
lcl|NC_052671.1_mrna_XM_039452688.1_18522	1578	1379	138.912	28.2937
lcl|NC_052671.1_mrna_XM_011157128.3_18523	1230	1031	817	222.576
lcl|NC_052671.1_mrna_XM_039452690.1_18524	3279	3080	164.674	15.0173
lcl|NC_052671.1_mrna_XM_039452692.1_18525	2332	2133	586.814	77.2725
lcl|NC_052671.1_mrna_XM_026134290.2_18526	2431	2232	56.176	7.06923
lcl|NC_052671.1_mrna_XM_011157119.3_18527	2928	2729	71.0104	7.3086
lcl|NC_052671.1_mrna_XM_011157121.3_18528	3418	3219	290.818	25.3756
lcl|NC_052671.1_mrna_XM_011157122.3_18529	3322	3123	29.8809	2.68743
lcl|NC_052671.1_mrna_XM_039452689.1_18530	4373	4174	1048.63	70.5642
lcl|NC_052671.1_mrna_XM_026134280.2_18531	4625	4426	0	0
lcl|NC_052671.1_mrna_XM_026134283.2_18532	3021	2822	0	0
lcl|NC_052671.1_mrna_XM_026134282.2_18533	3100	2901	0	0
lcl|NC_052671.1_mrna_XM_026134281.2_18534	3510	3311	0	0
lcl|NC_052671.1_mrna_XM_039452691.1_18535	3245	3046	0	0
lcl|NC_052671.1_mrna_XM_026134288.2_18536	1532	1333	21.5659	4.54416
lcl|NC_052671.1_mrna_XM_039452694.1_18537	1462	1263	0	0
lcl|NC_052671.1_mrna_XM_011157125.3_18538	1402	1203	67.5582	15.7735
lcl|NC_052671.1_mrna_XM_011157123.3_18539	2853	2654	758.115	80.2325
lcl|NC_052671.1_mrna_XM_011157124.3_18540	1526	1327	63.7605	13.4957
lcl|NC_052671.1_mrna_XM_039452693.1_18541	2368	2169	45	5.82732
lcl|NC_052671.1_mrna_XM_011157198.3_18542	2309	2110	0	0
lcl|NC_052671.1_mrna_XM_011157115.3_18543	2373	2174	1	0.129198
lcl|NC_052671.1_mrna_XM_026134272.2_18544	2641	2442	0	0
lcl|NC_052671.1_mrna_XM_039452695.1_18545	8693	8494	8.03041	0.265547
lcl|NC_052671.1_mrna_XM_026134234.2_18546	8755	8556	0.00545435	0.000179056
lcl|NC_052671.1_mrna_XM_011159460.3_18547	944	745	1391	524.429
lcl|NC_052671.1_mrna_XM_011159459.3_18548	676	477	358	210.805
lcl|NC_052671.1_mrna_XM_011157113.3_18549	3990	3791	0	0
lcl|NC_052671.1_mrna_XM_011157112.3_18550	2668	2469	0	0
lcl|NC_052671.1_ncrna_XR_005575415.1_18551	3113	2914	6	0.578332
lcl|NC_052671.1_mrna_XM_011157111.3_18552	5228	5029	294	16.4203
lcl|NC_052671.1_ncrna_XR_005575409.1_18553	2402	2203	0	0
lcl|NC_052671.1_ncrna_XR_003268631.2_18554	4107	3908	0	0
lcl|NC_052671.1_mrna_XM_011157109.3_18555	6485	6286	26	1.16176
lcl|NC_052671.1_mrna_XM_011157195.1_18556	855	656	0	0
lcl|NC_052671.1_mrna_XM_026134242.2_18557	8237	8038	26.4587	0.924562
lcl|NC_052671.1_mrna_XM_026134241.2_18558	8301	8102	0	0
lcl|NC_052671.1_mrna_XM_039453226.1_18559	7065	6866	0	0
lcl|NC_052671.1_mrna_XM_039453224.1_18560	7275	7076	8.22059	0.32631
lcl|NC_052671.1_mrna_XM_026134239.2_18561	8927	8728	10.4204	0.33534
lcl|NC_052671.1_mrna_XM_011157108.3_18562	6429	6230	129.9	5.8565
lcl|NC_052671.1_ncrna_XR_005575488.1_18563	1693	1494	1	0.188003
lcl|NC_052671.1_mrna_XM_011157107.3_18564	2201	2002	3.74931	0.52602
lcl|NC_052671.1_mrna_XM_011157106.3_18565	3738	3539	209.334	16.614
lcl|NC_052671.1_mrna_XM_011157105.3_18566	3841	3642	0	0
lcl|NC_052671.1_mrna_XM_026134271.2_18567	3743	3544	10	0.792541
lcl|NC_052671.1_ncrna_XR_005575487.1_18568	1303	1104	2	0.508835
lcl|NC_052671.1_mrna_XM_039453227.1_18569	965	766	2	0.73336
lcl|NC_052671.1_mrna_XM_039453229.1_18570	498	299	1	0.939387
lcl|NC_052671.1_ncrna_XR_005575485.1_18571	3666	3467	4	0.324057
lcl|NC_052671.1_ncrna_XR_005575484.1_18572	3730	3531	4.30876e-08	3.42744e-09
lcl|NC_052671.1_mrna_XM_039453228.1_18573	1729	1530	7	1.28506
lcl|NC_052671.1_ncrna_XR_005575486.1_18574	3738	3539	1	0.0793661
lcl|NC_052671.1_mrna_XM_011157103.3_18575	7394	7195	0.00328222	0.000128131
lcl|NC_052671.1_mrna_XM_011157102.3_18576	7433	7234	69.9967	2.71778
lcl|NC_052671.1_mrna_XM_039452941.1_18577	1004	805	1	0.348915
lcl|NC_052671.1_mrna_XM_011157101.3_18578	818	619	194.823	88.4027
lcl|NC_052671.1_mrna_XM_011157100.3_18579	539	340	419.889	346.874
lcl|NC_052671.1_mrna_XM_026134262.2_18580	1964	1765	1066.47	169.715
lcl|NC_052671.1_mrna_XM_026134263.2_18581	1901	1702	2804.81	462.871
lcl|NC_052671.1_mrna_XM_026134261.2_18582	1832	1633	0	0
lcl|NC_052671.1_mrna_XM_026134260.2_18583	814	615	206.531	94.325
lcl|NC_052671.1_mrna_XM_039452946.1_18584	844	645	25.416	11.0678
lcl|NC_052671.1_mrna_XM_039452945.1_18585	1023	824	0	0
lcl|NC_052671.1_mrna_XM_011157099.3_18586	881	682	347.053	142.931
lcl|NC_052671.1_mrna_XM_039452943.1_18587	2574	2375	51.8654	6.1338
lcl|NC_052671.1_mrna_XM_039452942.1_18588	2574	2375	51.8654	6.1338
lcl|NC_052671.1_mrna_XM_039452944.1_18589	2513	2314	43.2693	5.25209
lcl|NC_052671.1_mrna_XM_026134257.2_18590	11585	11386	0.00447138	0.000110303
lcl|NC_052671.1_mrna_XM_026134258.2_18591	11494	11295	13.9908	0.347913
lcl|NC_052671.1_mrna_XM_011157094.3_18592	11569	11370	0.0183227	0.000452631
lcl|NC_052671.1_mrna_XM_011157095.3_18593	11478	11279	57.9865	1.44401
lcl|NC_052671.1_mrna_XM_026134259.2_18594	1088	889	0	0
lcl|NC_052671.1_mrna_XM_011157092.3_18595	6013	5814	0	0
lcl|NC_052671.1_mrna_XM_039452947.1_18596	5902	5703	0	0
lcl|NC_052671.1_mrna_XM_039452948.1_18597	5792	5593	0	0
lcl|NC_052671.1_mrna_XM_039452949.1_18598	5757	5558	0	0
lcl|NC_052671.1_mrna_XM_039452952.1_18599	1623	1424	13.9999	2.76141
lcl|NC_052671.1_mrna_XM_039452950.1_18600	1661	1462	0	0
lcl|NC_052671.1_mrna_XM_039452951.1_18601	1640	1441	9.47702e-05	1.84724e-05
lcl|NC_052671.1_mrna_XM_011157090.3_18602	2521	2322	0	0
lcl|NC_052671.1_mrna_XM_011157088.3_18603	5759	5560	180	9.09313
lcl|NC_052671.1_ncrna_XR_003269684.2_18604	744	545	1.23271	0.635304
lcl|NC_052671.1_mrna_XM_011158278.3_18605	2095	1896	208	30.8135
lcl|NC_052671.1_mrna_XM_026134246.2_18606	482	283	0	0
lcl|NC_052671.1_mrna_XM_011158285.3_18607	2773	2574	3	0.327362
lcl|NC_052671.1_mrna_XM_039452592.1_18608	2102	1903	0	0
lcl|NC_052671.1_mrna_XM_039452590.1_18609	2155	1956	0	0
lcl|NC_052671.1_mrna_XM_039452591.1_18610	2111	1912	0	0
lcl|NC_052671.1_mrna_XM_011158277.3_18611	2657	2458	481	54.9641
lcl|NC_052671.1_mrna_XM_039452472.1_18612	4125	3926	3.49073	0.249736
lcl|NC_052671.1_mrna_XM_039452465.1_18613	3385	3186	0	0
lcl|NC_052671.1_mrna_XM_039452464.1_18614	3363	3164	0	0
lcl|NC_052671.1_mrna_XM_039452468.1_18615	3261	3062	0	0
lcl|NC_052671.1_mrna_XM_039452467.1_18616	3303	3104	20.5093	1.85586
lcl|NC_052671.1_mrna_XM_039452470.1_18617	3201	3002	0	0
lcl|NC_052671.1_mrna_XM_039452469.1_18618	3120	2921	0	0
lcl|NC_052671.1_mrna_XM_039452471.1_18619	3018	2819	0	0
lcl|NC_052671.1_mrna_XM_039452461.1_18620	3011	2812	0	0
lcl|NC_052671.1_mrna_XM_039452463.1_18621	2895	2696	0	0
lcl|NC_052671.1_mrna_XM_039452462.1_18622	3119	2920	0	0
lcl|NC_052671.1_miscrna_XR_005575332.1_18623	3159	2960	0	0
lcl|NC_052671.1_mrna_XM_039452459.1_18624	2789	2590	0	0
lcl|NC_052671.1_mrna_XM_039452460.1_18625	2706	2507	0	0
lcl|NC_052671.1_mrna_XM_026134238.2_18626	2297	2098	0	0
lcl|NC_052671.1_mrna_XM_039452473.1_18627	3153	2954	0	0
lcl|NC_052671.1_mrna_XM_011158276.3_18628	1390	1191	0	0
lcl|NC_052671.1_mrna_XM_026134237.2_18629	3891	3692	0	0
lcl|NC_052671.1_mrna_XM_011158275.3_18630	1685	1486	0	0
lcl|NC_052671.1_mrna_XM_026134236.2_18631	3928	3729	108.801	8.19512
lcl|NC_052671.1_mrna_XM_026134235.2_18632	3908	3709	229.199	17.3569
lcl|NC_052671.1_mrna_XM_039452345.1_18633	4355	4156	0	0
lcl|NC_052671.1_mrna_XM_039452627.1_18634	7477	7278	67.9594	2.62273
lcl|NC_052671.1_mrna_XM_011158272.3_18635	7473	7274	3.02543e-05	1.16823e-06
lcl|NC_052671.1_mrna_XM_026134226.2_18636	7628	7429	57.5683	2.17655
lcl|NC_052671.1_mrna_XM_011158271.3_18637	7525	7326	94.4722	3.62204
lcl|NC_052671.1_mrna_XM_039452624.1_18638	6958	6759	0.00410569	0.000170616
lcl|NC_052671.1_mrna_XM_011158266.3_18639	4871	4672	13.7348	0.825722
lcl|NC_052671.1_mrna_XM_039452626.1_18640	5342	5143	40.2611	2.1988
lcl|NC_052671.1_mrna_XM_039452625.1_18641	6144	5945	0	0
lcl|NC_052671.1_mrna_XM_011158267.3_18642	5997	5798	0	0
lcl|NC_052671.1_mrna_XM_011158269.3_18643	5893	5694	0	0
lcl|NC_052671.1_mrna_XM_011158265.3_18644	843	644	436.364	190.318
lcl|NC_052671.1_mrna_XM_039452628.1_18645	741	542	206.636	107.083
lcl|NC_052671.1_mrna_XM_011158264.3_18646	712	513	252	137.975
lcl|NC_052671.1_mrna_XM_039452629.1_18647	1491	1292	15	3.26095
lcl|NC_052671.1_mrna_XM_011158261.3_18648	1994	1795	1299	203.264
lcl|NC_052671.1_mrna_XM_011158263.3_18649	10969	10770	207.501	5.41154
lcl|NC_052671.1_mrna_XM_026134274.2_18650	10957	10758	2.49859	0.0652348
lcl|NC_052671.1_mrna_XM_026134273.2_18651	10904	10705	0.000203099	5.32889e-06
lcl|NC_052671.1_mrna_XM_011158262.3_18652	2383	2184	0	0
lcl|NC_052671.1_mrna_XM_011158254.3_18653	4587	4388	614	39.3023
lcl|NC_052671.1_mrna_XM_026134247.2_18654	1841	1642	388.824	66.5114
lcl|NC_052671.1_mrna_XM_011158248.3_18655	1318	1119	39.0334	9.79765
lcl|NC_052671.1_mrna_XM_011158251.3_18656	1187	988	268.287	76.2708
lcl|NC_052671.1_mrna_XM_011158250.3_18657	1216	1017	219.072	60.5037
lcl|NC_052671.1_mrna_XM_011158249.3_18658	1486	1287	582.783	127.187
lcl|NC_052671.1_mrna_XM_011158253.3_18659	779	580	281	136.08
lcl|NC_052671.1_mrna_XM_011158242.3_18660	1521	1322	74.6365	15.8575
lcl|NC_052671.1_mrna_XM_011158241.3_18661	1519	1320	361.378	76.896
lcl|NC_052671.1_miscrna_XR_005575376.1_18662	2762	2563	0	0
lcl|NC_052671.1_mrna_XM_026134248.2_18663	2878	2679	300.865	31.5438
lcl|NC_052671.1_mrna_XM_026134250.2_18664	2958	2759	25.9484	2.64165
lcl|NC_052671.1_mrna_XM_039452632.1_18665	2839	2640	3.29771	0.350852
lcl|NC_052671.1_mrna_XM_026134251.2_18666	3870	3671	24.8743	1.90319
lcl|NC_052671.1_mrna_XM_039452633.1_18667	2880	2681	191	20.0102
lcl|NC_052671.1_mrna_XM_026134253.2_18668	2698	2499	2581	290.093
lcl|NC_052671.1_mrna_XM_011158238.3_18669	4606	4407	54.5254	3.47513
lcl|NC_052671.1_mrna_XM_011158239.3_18670	4314	4115	131.475	8.97403
lcl|NC_052671.1_mrna_XM_011158237.3_18671	1467	1268	631	139.774
lcl|NC_052671.1_mrna_XM_011158236.3_18672	2263	2064	1197.14	162.912
lcl|NC_052671.1_mrna_XM_011158281.1_18673	582	383	27.8554	20.4281
lcl|NC_052671.1_mrna_XM_039452988.1_18674	6123	5924	149.815	7.10322
lcl|NC_052671.1_mrna_XM_026134291.2_18675	5511	5312	256.192	13.5464
lcl|NC_052671.1_mrna_XM_026134296.2_18676	5326	5127	0	0
lcl|NC_052671.1_mrna_XM_026134292.2_18677	4944	4745	97.1039	5.74799
lcl|NC_052671.1_mrna_XM_026134297.2_18678	5087	4888	12.7578	0.733092
lcl|NC_052671.1_mrna_XM_026134293.2_18679	3907	3708	3.99372	0.30252
lcl|NC_052671.1_mrna_XM_039452989.1_18680	5214	5015	5.99874	0.335973
lcl|NC_052671.1_mrna_XM_026134294.2_18681	4035	3836	1.13879	0.0833834
lcl|NC_052671.1_mrna_XM_026134298.2_18682	1163	964	834	242.999
lcl|NC_052671.1_mrna_XM_011158233.3_18683	1239	1040	230.476	62.2456
lcl|NC_052671.1_mrna_XM_011158234.3_18684	1021	822	264.524	90.3876
lcl|NC_052671.1_mrna_XM_011158232.3_18685	4507	4308	2.63077e-05	1.71523e-06
lcl|NC_052671.1_mrna_XM_011158231.3_18686	4508	4309	70.4787	4.59407
lcl|NC_052671.1_ncrna_XR_003268635.2_18687	992	793	67.5212	23.9157
lcl|NC_052671.1_mrna_XM_011158230.3_18688	1229	1030	858	233.973
lcl|NC_052671.1_mrna_XM_011158229.3_18689	3095	2896	208	20.1735
lcl|NC_052671.1_mrna_XM_011158228.3_18690	2335	2136	294	38.66
lcl|NC_052671.1_mrna_XM_026134270.2_18691	1753	1554	0	0
lcl|NC_052671.1_mrna_XM_026134269.2_18692	1278	1079	0	0
lcl|NC_052671.1_mrna_XM_039452583.1_18693	1179	980	0	0
lcl|NC_052671.1_mrna_XM_039452586.1_18694	506	307	0	0
lcl|NC_052671.1_mrna_XM_039452584.1_18695	1052	853	0	0
lcl|NC_052671.1_mrna_XM_039452585.1_18696	820	621	0	0
lcl|NC_052671.1_mrna_XM_039452796.1_18697	743	544	0	0
lcl|NC_052671.1_ncrna_XR_005575412.1_18698	168	9.06081	0	0
lcl|NC_052671.1_mrna_XM_039452484.1_18699	1300	1101	0	0
lcl|NC_052671.1_ncrna_XR_005575337.1_18700	397	198	1	1.41857
lcl|NC_052671.1_mrna_XM_039452485.1_18701	1288	1089	0	0
lcl|NC_052671.1_mrna_XM_039452483.1_18702	2190	1991	0	0
lcl|NC_052671.1_mrna_XM_039452482.1_18703	2266	2067	0	0
lcl|NC_052671.1_mrna_XM_039452797.1_18704	1328	1129	0	0
lcl|NC_052671.1_mrna_XM_039452486.1_18705	1680	1481	1	0.189653
lcl|NC_052671.1_mrna_XM_039452487.1_18706	626	427	0	0
lcl|NC_052671.1_mrna_XM_039452798.1_18707	1354	1155	1	0.243183
lcl|NC_052671.1_mrna_XM_039453008.1_18708	631	432	0	0
lcl|NC_052671.1_mrna_XM_039452657.1_18709	1154	955	0	0
lcl|NC_052671.1_mrna_XM_026134538.2_18710	1145	946	0	0
lcl|NC_052671.1_mrna_XM_039452656.1_18711	2172	1973	1	0.14236
lcl|NC_052671.1_mrna_XM_039452658.1_18712	718	519	0	0
lcl|NC_052671.1_mrna_XM_039452659.1_18713	710	511	0	0
lcl|NC_052671.1_mrna_XM_011166853.3_18714	3049	2850	21	2.06962
lcl|NC_052671.1_mrna_XM_026134611.2_18715	4839	4640	29.7342	1.79992
lcl|NC_052671.1_mrna_XM_039452786.1_18716	4490	4291	0	0
lcl|NC_052671.1_mrna_XM_026134613.2_18717	4479	4280	31.4519	2.06404
lcl|NC_052671.1_mrna_XM_026134610.2_18718	4743	4544	1.20494	0.0744805
lcl|NC_052671.1_mrna_XM_026134612.2_18719	6900	6701	6.60899	0.27702
lcl|NC_052671.1_mrna_XM_026134609.2_18720	7046	6847	64	2.6254
lcl|NC_052671.1_mrna_XM_011166852.3_18721	560	361	330	256.757
lcl|NC_052671.1_mrna_XM_011166841.3_18722	1944	1745	4745	763.759
lcl|NC_052671.1_mrna_XM_039452789.1_18723	1651	1452	0	0
lcl|NC_052671.1_mrna_XM_039452787.1_18724	1719	1520	0	0
lcl|NC_052671.1_mrna_XM_039452788.1_18725	1603	1404	29	5.80158
lcl|NC_052671.1_miscrna_XR_005575408.1_18726	7348	7149	0	0
lcl|NC_052671.1_mrna_XM_039452785.1_18727	6806	6607	0	0
lcl|NC_052671.1_mrna_XM_026134574.2_18728	7164	6965	1.06491e-06	4.29445e-08
lcl|NC_052671.1_mrna_XM_011166844.3_18729	7134	6935	72.4131	2.93283
lcl|NC_052671.1_mrna_XM_039452784.1_18730	7110	6911	192.587	7.82711
lcl|NC_052671.1_mrna_XM_026134578.2_18731	6134	5935	0	0
lcl|NC_052671.1_mrna_XM_026134577.2_18732	6520	6321	0	0
lcl|NC_052671.1_mrna_XM_026134579.2_18733	6489	6290	0	0
lcl|NC_052671.1_mrna_XM_011166847.3_18734	1013	814	356	122.84
lcl|NC_052671.1_mrna_XM_011166839.3_18735	1811	1612	1406	244.983
lcl|NC_052671.1_mrna_XM_011166838.3_18736	3494	3295	1078.34	91.9209
lcl|NC_052671.1_mrna_XM_039452791.1_18737	3368	3169	59.664	5.28818
lcl|NC_052671.1_trna_18738	72	3.52559	0	0
lcl|NC_052671.1_mrna_XM_011166836.3_18739	4140	3941	43	3.06463
lcl|NC_052671.1_mrna_XM_011166835.3_18740	805	606	23	10.6603
lcl|NC_052671.1_mrna_XM_011166834.3_18741	11031	10832	0	0
lcl|NC_052671.1_mrna_XM_039452341.1_18742	10645	10446	2	0.0537769
lcl|NC_052671.1_ncrna_XR_003268673.1_18743	106	4.47418	0	0
lcl|NC_052671.1_mrna_XM_039452342.1_18744	4318	4119	0	0
lcl|NC_052671.1_mrna_XM_026134543.2_18745	4170	3971	0	0
lcl|NC_052671.1_mrna_XM_011166860.3_18746	2738	2539	0	0
lcl|NC_052671.1_mrna_XM_026134632.2_18747	11469	11270	0	0
lcl|NC_052671.1_mrna_XM_039452933.1_18748	11482	11283	0	0
lcl|NC_052671.1_mrna_XM_039452934.1_18749	11538	11339	0	0
lcl|NC_052671.1_mrna_XM_011166831.3_18750	11433	11234	0	0
lcl|NC_052671.1_mrna_XM_026134633.2_18751	11373	11174	0	0
lcl|NC_052671.1_mrna_XM_026134631.2_18752	10635	10436	19.0018	0.511417
lcl|NC_052671.1_mrna_XM_011166830.3_18753	1581	1382	556	113.001
lcl|NC_052671.1_mrna_XM_011166827.3_18754	6789	6590	159.916	6.81589
lcl|NC_052671.1_mrna_XM_026134607.2_18755	6684	6485	144.321	6.25079
lcl|NC_052671.1_mrna_XM_026134606.2_18756	6813	6614	0	0
lcl|NC_052671.1_mrna_XM_026134608.2_18757	11575	11376	662.763	16.3638
lcl|NC_052671.1_mrna_XM_039452937.1_18758	1161	962	17.2476	5.03582
lcl|NC_052671.1_ncrna_XR_005575445.1_18759	1985	1786	1	0.157266
lcl|NC_052671.1_mrna_XM_011166824.3_18760	2128	1929	272	39.6052
lcl|NC_052671.1_mrna_XM_011166823.3_18761	955	756	11.7524	4.36636
lcl|NC_052671.1_mrna_XM_011166822.3_18762	794	595	261	123.208
lcl|NC_052671.1_ncrna_XR_005575449.1_18763	1811	1612	1	0.174241
lcl|NC_052671.1_mrna_XM_011166821.3_18764	2167	1968	486	69.3628
lcl|NC_052671.1_mrna_XM_011166819.3_18765	1184	985	368	104.937
lcl|NC_052671.1_mrna_XM_039452939.1_18766	631	432	11.8318	7.69276
lcl|NC_052671.1_miscrna_XR_005575446.1_18767	4829	4630	35.3067	2.14187
lcl|NC_052671.1_mrna_XM_026134557.2_18768	695	496	0	0
lcl|NC_052671.1_mrna_XM_039452938.1_18769	3720	3521	0	0
lcl|NC_052671.1_ncrna_XR_005575450.1_18770	1035	836	1	0.335977
lcl|NC_052671.1_mrna_XM_011166816.3_18771	7686	7487	68	2.55104
lcl|NC_052671.1_miscrna_XR_005575447.1_18772	3760	3561	0	0
lcl|NC_052671.1_miscrna_XR_005575448.1_18773	7182	6983	0	0
lcl|NC_052671.1_mrna_XM_011166814.3_18774	2631	2432	288.037	33.266
lcl|NC_052671.1_mrna_XM_039452493.1_18775	7236	7037	0.701579	0.028003
lcl|NC_052671.1_mrna_XM_039452492.1_18776	7242	7043	0.298421	0.0119011
lcl|NC_052671.1_mrna_XM_026134587.2_18777	8722	8523	0	0
lcl|NC_052671.1_mrna_XM_026134586.2_18778	8724	8525	0	0
lcl|NC_052671.1_mrna_XM_026134585.2_18779	8727	8528	0	0
lcl|NC_052671.1_mrna_XM_011166813.3_18780	8730	8531	0	0
lcl|NC_052671.1_mrna_XM_039452496.1_18781	4579	4380	66	4.23239
lcl|NC_052671.1_mrna_XM_011166803.3_18782	746	547	412.853	211.994
lcl|NC_052671.1_mrna_XM_011166804.3_18783	733	534	106.147	55.8316
lcl|NC_052671.1_miscrna_XR_005575346.1_18784	2372	2173	105.932	13.6925
lcl|NC_052671.1_mrna_XM_039452505.1_18785	2092	1893	299.159	44.3882
lcl|NC_052671.1_mrna_XM_039452498.1_18786	2258	2059	273.877	37.3607
lcl|NC_052671.1_mrna_XM_039452502.1_18787	2466	2267	3.08073e-08	3.81696e-09
lcl|NC_052671.1_mrna_XM_039452500.1_18788	2547	2348	121.052	14.4807
lcl|NC_052671.1_mrna_XM_039452499.1_18789	2377	2178	45.1806	5.82653
lcl|NC_052671.1_mrna_XM_039452501.1_18790	2572	2373	8.14311	0.963847
lcl|NC_052671.1_mrna_XM_039452497.1_18791	2345	2146	1.7105	0.223877
lcl|NC_052671.1_mrna_XM_039452503.1_18792	2224	2025	261.797	36.3125
lcl|NC_052671.1_mrna_XM_039452504.1_18793	2244	2045	40.1488	5.51436
lcl|NC_052671.1_mrna_XM_011166808.3_18794	7107	6908	98.957	4.02355
lcl|NC_052671.1_mrna_XM_011166810.3_18795	6246	6047	36.2835	1.68533
lcl|NC_052671.1_mrna_XM_011166809.3_18796	6339	6140	43.7596	2.0018
lcl|NC_052671.1_mrna_XM_026134595.2_18797	3548	3349	685	57.4501
lcl|NC_052671.1_ncrna_XR_005575347.1_18798	738	539	0	0
lcl|NC_052671.1_mrna_XM_039452506.1_18799	1306	1107	4	1.01491
lcl|NC_052671.1_mrna_XM_011166802.3_18800	1716	1517	0	0
lcl|NC_052671.1_mrna_XM_039452494.1_18801	5149	4950	252.551	14.3304
lcl|NC_052671.1_miscrna_XR_005575345.1_18802	4365	4166	183.449	12.3683
lcl|NC_052671.1_mrna_XM_011166798.3_18803	4823	4624	57.1468	3.47128
lcl|NC_052671.1_mrna_XM_039452507.1_18804	4145	3946	117.853	8.38881
lcl|NC_052671.1_mrna_XM_011166794.3_18805	3670	3471	217	17.5599
lcl|NC_052671.1_mrna_XM_011166795.3_18806	2219	2020	60	8.34287
lcl|NC_052671.1_mrna_XM_011166792.3_18807	4158	3959	36.5427	2.59257
lcl|NC_052671.1_mrna_XM_026134542.2_18808	4090	3891	96.4573	6.96289
lcl|NC_052671.1_mrna_XM_039452509.1_18809	2526	2327	23.8287	2.87621
lcl|NC_052671.1_mrna_XM_011166791.3_18810	2503	2304	185.171	22.5739
lcl|NC_052671.1_ncrna_XR_005575406.1_18811	555	356	0	0
lcl|NC_052671.1_mrna_XM_039452763.1_18812	1898	1699	0	0
lcl|NC_052671.1_mrna_XM_039452799.1_18813	2349	2150	0	0
lcl|NC_052671.1_mrna_XM_039452800.1_18814	744	545	0	0
lcl|NC_052671.1_mrna_XM_039452923.1_18815	602	403	0	0
lcl|NC_052671.1_mrna_XM_039453213.1_18816	7116	6917	0.148317	0.00602268
lcl|NC_052671.1_mrna_XM_039453212.1_18817	7078	6879	37.225	1.51994
lcl|NC_052671.1_mrna_XM_039453214.1_18818	6993	6794	7.09543e-06	2.93339e-07
lcl|NC_052671.1_mrna_XM_011166785.3_18819	8217	8018	132.972	4.65812
lcl|NC_052671.1_mrna_XM_039453216.1_18820	7175	6976	0	0
lcl|NC_052671.1_mrna_XM_011166786.3_18821	7286	7087	66.0277	2.61685
lcl|NC_052671.1_mrna_XM_039453217.1_18822	1110	911	61.3864	18.9265
lcl|NC_052671.1_mrna_XM_026134623.2_18823	1053	854	361.614	118.933
lcl|NC_052671.1_mrna_XM_011166788.3_18824	1781	1582	3847.08	683.031
lcl|NC_052671.1_mrna_XM_011166790.3_18825	1784	1585	261.919	46.4145
lcl|NC_052671.1_mrna_XM_011166784.3_18826	3097	2898	759	73.5629
lcl|NC_052671.1_mrna_XM_039452448.1_18827	1309	1110	66.1494	16.7386
lcl|NC_052671.1_mrna_XM_039452449.1_18828	1315	1116	64.8601	16.3241
lcl|NC_052671.1_mrna_XM_026134568.2_18829	1406	1207	44.7584	10.4156
lcl|NC_052671.1_mrna_XM_011163206.3_18830	1415	1216	293.237	67.7332
lcl|NC_052671.1_mrna_XM_011166858.3_18831	1142	943	1	0.297854
lcl|NC_052671.1_ncrna_XR_005575328.1_18832	3564	3365	3	0.25041
lcl|NC_052671.1_mrna_XM_011166783.3_18833	2430	2231	307	38.6504
lcl|NC_052671.1_mrna_XM_011166782.3_18834	6245	6046	21.4293	0.995534
lcl|NC_052671.1_miscrna_XR_003268665.2_18835	6140	5941	0	0
lcl|NC_052671.1_mrna_XM_011166781.3_18836	6241	6042	0	0
lcl|NC_052671.1_miscrna_XR_003268663.2_18837	4557	4358	1740.31	112.164
lcl|NC_052671.1_miscrna_XR_003268664.2_18838	4789	4590	306.265	18.7413
lcl|NC_052671.1_mrna_XM_011166780.3_18839	4528	4329	0.0800269	0.00519236
lcl|NC_052671.1_mrna_XM_011166778.3_18840	4497	4298	108.087	7.06356
lcl|NC_052671.1_mrna_XM_011166779.3_18841	3901	3702	171.146	12.9851
lcl|NC_052671.1_mrna_XM_026134558.2_18842	4137	3938	16.6864	1.19015
lcl|NC_052671.1_ncrna_XR_003268667.2_18843	2763	2564	36	3.94367
lcl|NC_052671.1_mrna_XM_026134560.2_18844	2705	2506	2.12445e-07	2.38112e-08
lcl|NC_052671.1_mrna_XM_039452882.1_18845	2607	2408	42.2421	4.92725
lcl|NC_052671.1_mrna_XM_011166771.3_18846	1633	1434	31.1255	6.09653
lcl|NC_052671.1_mrna_XM_026134562.2_18847	2073	1874	0	0
lcl|NC_052671.1_mrna_XM_011166769.3_18848	2230	2031	125.82	17.4002
lcl|NC_052671.1_mrna_XM_011166770.3_18849	2228	2029	0.0549101	0.00760127
lcl|NC_052671.1_mrna_XM_011166773.3_18850	1623	1424	1459	287.78
lcl|NC_052671.1_mrna_XM_011166777.3_18851	2019	1820	1062.91	164.037
lcl|NC_052671.1_ncrna_XR_003268669.2_18852	1088	889	1	0.315947
lcl|NC_052671.1_mrna_XM_011166768.3_18853	966	767	478.244	175.134
lcl|NC_052671.1_mrna_XM_011166767.3_18854	1273	1074	769.642	201.28
lcl|NC_052671.1_mrna_XM_039452886.1_18855	1312	1113	26.0005	6.56148
lcl|NC_052671.1_mrna_XM_011166760.3_18856	1687	1488	7.936	1.49801
lcl|NC_052671.1_mrna_XM_011166762.3_18857	1169	970	67.3519	19.5027
lcl|NC_052671.1_mrna_XM_026134620.2_18858	2199	2000	1.47395	0.206999
lcl|NC_052671.1_mrna_XM_026134618.2_18859	2651	2452	0	0
lcl|NC_052671.1_mrna_XM_039452883.1_18860	2544	2345	6.36902	0.762861
lcl|NC_052671.1_mrna_XM_026134616.2_18861	2772	2573	330.983	36.1311
lcl|NC_052671.1_mrna_XM_011166765.3_18862	2508	2309	179.732	21.8634
lcl|NC_052671.1_mrna_XM_039452885.1_18863	1830	1631	60.1538	10.3592
lcl|NC_052671.1_mrna_XM_039452884.1_18864	2012	1813	0	0
lcl|NC_052671.1_mrna_XM_026134622.2_18865	582	383	0	0
lcl|NC_052671.1_mrna_XM_011166766.3_18866	572	373	2.22073	1.67226
lcl|NC_052671.1_mrna_XM_026134615.2_18867	6244	6045	207.881	9.65904
lcl|NC_052671.1_mrna_XM_026134614.2_18868	6253	6054	159.119	7.38237
lcl|NC_052671.1_mrna_XM_026134621.2_18869	1451	1252	5	1.12171
lcl|NC_052671.1_mrna_XM_039452887.1_18870	1529	1330	0	0
lcl|NC_052671.1_mrna_XM_039452420.1_18871	5616	5417	481	24.9403
lcl|NC_052671.1_mrna_XM_039452953.1_18872	2898	2699	863.444	89.856
lcl|NC_052671.1_mrna_XM_011159961.3_18873	2862	2663	438.556	46.2562
lcl|NC_052671.1_mrna_XM_011165370.3_18874	1700	1501	1090.72	204.103
lcl|NC_052671.1_mrna_XM_011165372.3_18875	2589	2390	514.316	60.4432
lcl|NC_052671.1_mrna_XM_011165371.3_18876	2603	2404	922.962	107.836
lcl|NC_052671.1_mrna_XM_039452957.1_18877	2205	2006	1	0.140018
lcl|NC_052671.1_mrna_XM_039452958.1_18878	1494	1295	0	0
lcl|NC_052671.1_mrna_XM_039452955.1_18879	1828	1629	0	0
lcl|NC_052671.1_mrna_XM_039452956.1_18880	1763	1564	1	0.179589
lcl|NC_052671.1_mrna_XM_039452954.1_18881	4129	3930	1	0.0714699
lcl|NC_052671.1_ncrna_XR_005575453.1_18882	510	311	0	0
lcl|NC_052671.1_mrna_XM_026134602.2_18883	3380	3181	4	0.353193
lcl|NC_052671.1_mrna_XM_011164770.3_18884	10239	10040	478	13.3724
lcl|NC_052671.1_mrna_XM_011164771.3_18885	3267	3068	12	1.09861
lcl|NC_052671.1_mrna_XM_011164773.3_18886	5091	4892	103	5.9138
lcl|NC_052671.1_ncrna_XR_005575454.1_18887	801	602	348.13	162.428
lcl|NC_052671.1_ncrna_XR_005575440.1_18888	264	65.044	0	0
lcl|NC_052671.1_mrna_XM_039452685.1_18889	1134	935	0	0
lcl|NC_052671.1_mrna_XM_011175645.3_18890	1222	1023	258.271	70.9112
lcl|NC_052671.1_mrna_XM_039452684.1_18891	1073	874	47.0982	15.1359
lcl|NC_052671.1_mrna_XM_039452682.1_18892	1139	940	90.2472	26.9663
lcl|NC_052671.1_ncrna_XR_005575435.1_18893	262	63.0604	11.5876	51.6123
lcl|NC_052671.1_mrna_XM_039452346.1_18894	5404	5205	0	0
lcl|NC_052671.1_mrna_XM_039452349.1_18895	5221	5022	0	0
lcl|NC_052671.1_mrna_XM_039452347.1_18896	5020	4821	0	0
lcl|NC_052671.1_mrna_XM_039452348.1_18897	4911	4712	3.0094	0.179387
lcl|NC_052671.1_mrna_XM_039452351.1_18898	1160	961	65.7877	19.2281
lcl|NC_052671.1_mrna_XM_039452350.1_18899	3110	2911	0	0
lcl|NC_052671.1_mrna_XM_011166745.3_18900	2392	2193	140.941	18.0515
lcl|NC_052671.1_mrna_XM_011166756.1_18901	1176	977	0	0
lcl|NC_052671.1_mrna_XM_026141540.1_18902	1359	1160	0	0
lcl|NC_052671.1_ncrna_XR_005575343.1_18903	1426	1227	0	0
lcl|NC_052671.1_ncrna_XR_005575342.1_18904	3698	3499	0	0
lcl|NC_052671.1_ncrna_XR_005575341.1_18905	3882	3683	2.42069	0.184609
lcl|NC_052671.1_mrna_XM_011164085.3_18906	634	435	247.924	160.083
lcl|NC_052671.1_mrna_XM_011172261.3_18907	2703	2504	0	0
lcl|NC_052671.1_mrna_XM_011166680.1_18908	1020	821	0	0
lcl|NC_052671.1_mrna_XM_039452802.1_18909	744	545	1.41865	0.731132
lcl|NC_052671.1_mrna_XM_039452697.1_18910	991	792	2	0.709285
lcl|NC_052671.1_mrna_XM_011164076.2_18911	722	523	336	180.449
lcl|NC_052671.1_mrna_XM_011164075.3_18912	1151	952	574	169.352
lcl|NC_052671.1_mrna_XM_026137776.2_18913	3323	3124	146.765	13.1955
lcl|NC_052671.1_miscrna_XR_005575407.1_18914	3174	2975	464.235	43.8295
lcl|NC_052671.1_mrna_XM_011162486.3_18915	855	656	1159.75	496.567
lcl|NC_052671.1_mrna_XM_039452774.1_18916	3263	3064	757.295	69.4212
lcl|NC_052671.1_mrna_XM_011162482.3_18917	3189	2990	12.9684	1.21823
lcl|NC_052671.1_mrna_XM_011162483.3_18918	3244	3045	0	0
lcl|NC_052671.1_mrna_XM_039452778.1_18919	3723	3524	2.15919	0.172096
lcl|NC_052671.1_mrna_XM_011162484.3_18920	2479	2280	19.9818	2.46159
lcl|NC_052671.1_mrna_XM_011162479.3_18921	2140	1941	15	2.17061
lcl|NC_052671.1_mrna_XM_039452777.1_18922	1359	1160	18.4986	4.47917
lcl|NC_052671.1_mrna_XM_011162481.3_18923	2143	1944	93.3422	13.4864
lcl|NC_052671.1_mrna_XM_039452775.1_18924	2661	2462	0	0
lcl|NC_052671.1_mrna_XM_039452776.1_18925	2314	2115	0	0
lcl|NC_052671.1_mrna_XM_026137802.2_18926	6387	6188	21.5445	0.977916
lcl|NC_052671.1_mrna_XM_026137801.2_18927	6223	6024	0	0
lcl|NC_052671.1_mrna_XM_011162478.3_18928	2450	2251	82.0011	10.232
lcl|NC_052671.1_mrna_XM_011162474.3_18929	2558	2359	61.4085	7.31166
lcl|NC_052671.1_mrna_XM_011162471.3_18930	2911	2712	497.442	51.5191
lcl|NC_052671.1_mrna_XM_011162472.3_18931	2433	2234	73.9583	9.29864
lcl|NC_052671.1_mrna_XM_026137775.2_18932	1935	1736	14.5998	2.36218
lcl|NC_052671.1_mrna_XM_011162473.3_18933	1752	1553	1096	198.223
lcl|NC_052671.1_mrna_XM_026137774.2_18934	3911	3712	350.128	26.4932
lcl|NC_052671.1_mrna_XM_011162470.3_18935	4163	3964	33.8722	2.40008
lcl|NC_052671.1_mrna_XM_011162468.3_18936	2878	2679	162.81	17.0696
lcl|NC_052671.1_mrna_XM_026137798.2_18937	2861	2662	4.67641e-07	4.93424e-08
lcl|NC_052671.1_mrna_XM_011162469.3_18938	3003	2804	0	0
lcl|NC_052671.1_mrna_XM_039452781.1_18939	3007	2808	0	0
lcl|NC_052671.1_mrna_XM_011162467.3_18940	1457	1258	2331.19	520.49
lcl|NC_052671.1_mrna_XM_011162462.3_18941	2754	2555	0	0
lcl|NC_052671.1_mrna_XM_011162463.3_18942	2738	2539	106.181	11.7463
lcl|NC_052671.1_mrna_XM_011162465.3_18943	2654	2455	205.819	23.5477
lcl|NC_052671.1_mrna_XM_011162458.3_18944	2278	2079	133.264	18.0043
lcl|NC_052671.1_mrna_XM_011162459.3_18945	2276	2077	90.6953	12.2649
lcl|NC_052671.1_mrna_XM_039452780.1_18946	2138	1939	59.0404	8.55239
lcl|NC_052671.1_mrna_XM_039452779.1_18947	2230	2031	0	0
lcl|NC_052671.1_mrna_XM_011162461.3_18948	1271	1072	2985	782.105
lcl|NC_052671.1_mrna_XM_039452782.1_18949	1101	902	147.297	45.8674
lcl|NC_052671.1_mrna_XM_011162456.3_18950	1173	974	435.657	125.632
lcl|NC_052671.1_mrna_XM_011162455.3_18951	1194	995	0	0
lcl|NC_052671.1_mrna_XM_026137795.2_18952	1171	972	45.0459	13.0168
lcl|NC_052671.1_mrna_XM_026137793.2_18953	1570	1371	574	117.595
lcl|NC_052671.1_trna_18954	73	3.5471	0	0
lcl|NC_052671.1_mrna_XM_026137791.2_18955	1820	1621	217.098	37.6174
lcl|NC_052671.1_mrna_XM_026137792.2_18956	1814	1615	393.902	68.5064
lcl|NC_052671.1_mrna_XM_026137789.2_18957	3846	3647	32.7103	2.51921
lcl|NC_052671.1_mrna_XM_011162454.3_18958	3852	3653	6.28975	0.483614
lcl|NC_052671.1_mrna_XM_026135115.2_18959	4309	4110	40	2.73359
lcl|NC_052671.1_mrna_XM_011161574.3_18960	894	695	504	203.686
lcl|NC_052671.1_mrna_XM_011161605.3_18961	2423	2224	201.277	25.4199
lcl|NC_052671.1_mrna_XM_011161623.3_18962	2686	2487	8.72329	0.98519
lcl|NC_052671.1_mrna_XM_011161613.3_18963	2431	2232	0.000135857	1.70963e-05
lcl|NC_052671.1_mrna_XM_011161584.3_18964	1245	1046	134.989	36.2478
lcl|NC_052671.1_mrna_XM_011161592.3_18965	1141	942	77.0113	22.9625
lcl|NC_052671.1_mrna_XM_039452322.1_18966	2758	2559	13.4353	1.47466
lcl|NC_052671.1_mrna_XM_039452323.1_18967	2626	2427	51.1187	5.91596
lcl|NC_052671.1_mrna_XM_039452321.1_18968	3180	2981	1046.45	98.5986
lcl|NC_052671.1_mrna_XM_011161637.3_18969	726	527	1482.48	790.122
lcl|NC_052671.1_mrna_XM_026135080.1_18970	607	408	1251.19	861.349
lcl|NC_052671.1_ncrna_XR_003268708.2_18971	1121	922	36.0531	10.9832
lcl|NC_052671.1_mrna_XM_011161679.3_18972	1156	957	292.276	85.7821
lcl|NC_052671.1_mrna_XM_039452739.1_18973	1366	1167	0	0
lcl|NC_052671.1_mrna_XM_039452738.1_18974	1226	1027	6	1.64095
lcl|NC_052671.1_mrna_XM_011161692.3_18975	898	699	0	0
lcl|NC_052671.1_mrna_XM_011161703.3_18976	521	322	651	567.859
lcl|NC_052671.1_mrna_XM_011161738.3_18977	1714	1515	407.726	75.5912
lcl|NC_052671.1_mrna_XM_026135076.2_18978	1649	1450	3.05106	0.591016
lcl|NC_052671.1_mrna_XM_011161745.3_18979	1601	1402	144.956	29.0405
lcl|NC_052671.1_mrna_XM_011161752.3_18980	1611	1412	112.941	22.4664
lcl|NC_052671.1_mrna_XM_011161760.3_18981	1502	1303	34.197	7.37157
lcl|NC_052671.1_mrna_XM_039452737.1_18982	1530	1331	4.5478	0.959708
lcl|NC_052671.1_mrna_XM_011161717.3_18983	1350	1151	705.581	172.182
lcl|NC_052671.1_mrna_XM_011161788.3_18984	2438	2239	608	76.272
lcl|NC_052671.1_mrna_XM_011161796.3_18985	2244	2045	0	0
lcl|NC_052671.1_mrna_XM_011161769.3_18986	7400	7201	987	38.4982
lcl|NC_052671.1_mrna_XM_011161775.3_18987	7195	6996	2.11569e-07	8.49412e-09
lcl|NC_052671.1_mrna_XM_039452741.1_18988	2767	2568	0	0
lcl|NC_052671.1_mrna_XM_039452740.1_18989	2765	2566	421	46.083
lcl|NC_052671.1_trna_18990	73	3.5471	0	0
lcl|NC_052671.1_mrna_XM_011161848.3_18991	3699	3500	443.322	35.5768
lcl|NC_052671.1_mrna_XM_039452754.1_18992	1999	1800	0	0
lcl|NC_052671.1_mrna_XM_011161818.3_18993	2442	2243	109.452	13.706
lcl|NC_052671.1_mrna_XM_011161826.3_18994	2273	2074	13.758	1.86321
lcl|NC_052671.1_mrna_XM_011161809.3_18995	2292	2093	144.467	19.3873
lcl|NC_052671.1_mrna_XM_039452753.1_18996	2326	2127	2.73113e-07	3.60654e-08
lcl|NC_052671.1_mrna_XM_026135078.2_18997	2386	2187	5.1371	0.659759
lcl|NC_052671.1_mrna_XM_026135077.2_18998	12037	11838	24.3172	0.576968
lcl|NC_052671.1_mrna_XM_039452751.1_18999	2146	1947	0	0
lcl|NC_052671.1_mrna_XM_011161899.3_19000	4109	3910	127.546	9.1623
lcl|NC_052671.1_mrna_XM_011161909.3_19001	2039	1840	486	74.1881
lcl|NC_052671.1_mrna_XM_011161921.3_19002	3098	2899	776.764	75.2587
lcl|NC_052671.1_mrna_XM_011161930.3_19003	2901	2702	515.236	53.5595
lcl|NC_052671.1_mrna_XM_026135067.2_19004	13039	12840	0	0
lcl|NC_052671.1_mrna_XM_026135064.2_19005	12201	12002	0	0
lcl|NC_052671.1_mrna_XM_026135062.2_19006	12292	12093	0	0
lcl|NC_052671.1_mrna_XM_039452748.1_19007	12306	12107	0	0
lcl|NC_052671.1_mrna_XM_026135060.2_19008	12378	12179	0	0
lcl|NC_052671.1_mrna_XM_039452745.1_19009	12980	12781	0	0
lcl|NC_052671.1_mrna_XM_039452750.1_19010	12300	12101	0	0
lcl|NC_052671.1_mrna_XM_039452749.1_19011	12314	12115	0	0
lcl|NC_052671.1_mrna_XM_039452747.1_19012	12386	12187	0	0
lcl|NC_052671.1_mrna_XM_039452746.1_19013	12734	12535	0	0
lcl|NC_052671.1_mrna_XM_026135059.2_19014	12956	12757	0	0
lcl|NC_052671.1_mrna_XM_011161941.3_19015	12970	12771	0	0
lcl|NC_052671.1_mrna_XM_026135063.2_19016	11650	11451	20	0.490571
lcl|NC_052671.1_mrna_XM_026135058.2_19017	13042	12843	0	0
lcl|NC_052671.1_mrna_XM_026135061.2_19018	12719	12520	0	0
lcl|NC_052671.1_mrna_XM_039452755.1_19019	21629	21430	1.03831	0.0136089
lcl|NC_052671.1_mrna_XM_011161991.3_19020	4722	4523	0	0
lcl|NC_052671.1_mrna_XM_011162000.3_19021	4643	4444	0	0
lcl|NC_052671.1_mrna_XM_039452743.1_19022	2948	2749	0	0
lcl|NC_052671.1_mrna_XM_011162014.3_19023	2962	2763	0	0
lcl|NC_052671.1_mrna_XM_039452744.1_19024	2652	2453	0	0
lcl|NC_052671.1_mrna_XM_011162006.3_19025	2244	2045	1	0.137348
lcl|NC_052671.1_mrna_XM_011161979.3_19026	852	653	840	361.312
lcl|NC_052671.1_mrna_XM_011162051.2_19027	747	548	4	2.05019
lcl|NC_052671.1_mrna_XM_011162061.3_19028	458	259	7	7.59126
lcl|NC_052671.1_mrna_XM_039452752.1_19029	2906	2707	0	0
lcl|NC_052671.1_mrna_XM_026135114.2_19030	2131	1932	0	0
lcl|NC_052671.1_mrna_XM_039452940.1_19031	1136	937	0	0
lcl|NC_052671.1_mrna_XM_039452285.1_19032	370	171	0	0
lcl|NC_052671.1_mrna_XM_026135088.2_19033	2867	2668	0	0
lcl|NC_052671.1_mrna_XM_011162073.3_19034	950	751	8	2.99203
lcl|NC_052671.1_mrna_XM_011162084.3_19035	2798	2599	516	55.7647
lcl|NC_052671.1_mrna_XM_011162094.3_19036	560	361	2	1.5561
lcl|NC_052671.1_mrna_XM_026135105.2_19037	3200	3001	1085	101.55
lcl|NC_052671.1_mrna_XM_011162121.3_19038	767	568	95	46.9776
lcl|NC_052671.1_mrna_XM_026135092.2_19039	3863	3664	115.04	8.81875
lcl|NC_052671.1_mrna_XM_026135095.2_19040	3610	3411	0	0
lcl|NC_052671.1_mrna_XM_039452926.1_19041	3705	3506	105.923	8.48581
lcl|NC_052671.1_mrna_XM_026135094.2_19042	3856	3657	77.5036	5.95268
lcl|NC_052671.1_mrna_XM_026135097.2_19043	3626	3427	20.7562	1.70118
lcl|NC_052671.1_mrna_XM_026135091.2_19044	5239	5040	0	0
lcl|NC_052671.1_mrna_XM_026135098.2_19045	5101	4902	266.59	15.2752
lcl|NC_052671.1_mrna_XM_026135093.2_19046	3579	3380	0	0
lcl|NC_052671.1_mrna_XM_039452927.1_19047	3719	3520	12.2365	0.976404
lcl|NC_052671.1_mrna_XM_011162146.3_19048	1249	1050	1752	468.663
lcl|NC_052671.1_mrna_XM_039452925.1_19049	5094	4895	104	5.96755
lcl|NC_052671.1_mrna_XM_039452930.1_19050	2459	2260	17.1225	2.12801
lcl|NC_052671.1_mrna_XM_026135085.2_19051	2434	2235	12.1584	1.52797
lcl|NC_052671.1_mrna_XM_026135086.2_19052	2361	2162	7.96629e-08	1.03494e-08
lcl|NC_052671.1_mrna_XM_039452929.1_19053	2284	2085	47.1209	6.3478
lcl|NC_052671.1_mrna_XM_026135084.2_19054	2591	2392	459.019	53.8995
lcl|NC_052671.1_mrna_XM_011162162.3_19055	2562	2363	1427.58	169.688
lcl|NC_052671.1_mrna_XM_011162237.3_19056	2364	2165	943.579	122.415
lcl|NC_052671.1_mrna_XM_011162223.3_19057	1290	1091	297.05	76.4751
lcl|NC_052671.1_mrna_XM_039452931.1_19058	3742	3543	1.37101	0.108689
lcl|NC_052671.1_mrna_XM_011162194.3_19059	1912	1713	134	21.9717
lcl|NC_052671.1_mrna_XM_039452928.1_19060	2028	1829	63.4697	9.74694
lcl|NC_052671.1_mrna_XM_011162247.3_19061	1966	1767	2222.53	353.286
lcl|NC_052671.1_mrna_XM_011162259.3_19062	2125	1926	11	1.60418
lcl|NC_052671.1_mrna_XM_011162271.3_19063	2095	1896	2047	303.246
lcl|NC_052671.1_mrna_XM_039452370.1_19064	1834	1635	1853	318.327
lcl|NC_052671.1_mrna_XM_011162284.3_19065	2502	2303	1325	161.599
lcl|NC_052671.1_mrna_XM_011162312.3_19066	1472	1273	205.77	45.4015
lcl|NC_052671.1_mrna_XM_011162304.3_19067	1533	1334	431.332	90.8179
lcl|NC_052671.1_mrna_XM_039452371.1_19068	1806	1607	107.449	18.7803
lcl|NC_052671.1_mrna_XM_011162297.3_19069	1891	1692	29.4487	4.88856
lcl|NC_052671.1_mrna_XM_011162325.3_19070	5638	5439	95.8207	4.9483
lcl|NC_052671.1_mrna_XM_039453015.1_19071	5793	5594	0	0
lcl|NC_052671.1_miscrna_XR_850750.3_19072	5494	5295	88.1793	4.67753
lcl|NC_052671.1_mrna_XM_011162347.3_19073	864	665	1811.18	764.989
lcl|NC_052671.1_mrna_XM_011162353.3_19074	831	632	1541.82	685.224
lcl|NC_052671.1_mrna_XM_011162363.3_19075	3536	3337	553.287	46.5704
lcl|NC_052671.1_mrna_XM_039453017.1_19076	3184	2985	102.713	9.66486
lcl|NC_052671.1_mrna_XM_011162374.3_19077	3534	3335	284.352	23.9484
lcl|NC_052671.1_mrna_XM_039453016.1_19078	3412	3213	0.0280553	0.00245256
lcl|NC_052671.1_mrna_XM_039453018.1_19079	2121	1922	558.944	81.6827
lcl|NC_052671.1_mrna_XM_026135103.2_19080	1395	1196	400.056	93.952
lcl|NC_052671.1_mrna_XM_026135101.2_19081	1867	1668	607	102.214
lcl|NC_052671.1_mrna_XM_026135102.2_19082	1870	1671	0	0
lcl|NC_052671.1_mrna_XM_011162466.3_19083	1487	1288	41	8.94095
lcl|NC_052671.1_mrna_XM_039453020.1_19084	2478	2279	0	0
lcl|NC_052671.1_mrna_XM_011162453.3_19085	2752	2553	341	37.5162
lcl|NC_052671.1_mrna_XM_039453019.1_19086	3090	2891	6	0.582933
lcl|NC_052671.1_mrna_XM_011162427.2_19087	999	800	318	111.648
lcl|NC_052671.1_mrna_XM_011162590.3_19088	595	396	0	0
lcl|NC_052671.1_mrna_XM_026135112.2_19089	544	345	0	0
lcl|NC_052671.1_mrna_XM_011162584.3_19090	698	499	37.4237	21.065
lcl|NC_052671.1_mrna_XM_039453223.1_19091	513	314	4.90806	4.39032
lcl|NC_052671.1_mrna_XM_011162577.3_19092	658	459	4.97787	3.04612
lcl|NC_052671.1_mrna_XM_039453222.1_19093	685	486	15.6903	9.068
lcl|NC_052671.1_mrna_XM_011162555.3_19094	2718	2519	1119.63	124.843
lcl|NC_052671.1_mrna_XM_011162546.3_19095	2891	2692	512.495	53.4725
lcl|NC_052671.1_mrna_XM_011162564.3_19096	1624	1425	14.874	2.93177
lcl|NC_052671.1_mrna_XM_011162526.3_19097	3355	3156	598.064	53.2263
lcl|NC_052671.1_mrna_XM_011162535.3_19098	3351	3152	992.936	88.4811
lcl|NC_052671.1_ncrna_XR_003268709.2_19099	360	161	2	3.48915
lcl|NC_052671.1_mrna_XM_026135109.2_19100	5116	4917	370.161	21.1449
lcl|NC_052671.1_mrna_XM_011162511.3_19101	4138	3939	86.6855	6.18125
lcl|NC_052671.1_mrna_XM_039453221.1_19102	4126	3927	0	0
lcl|NC_052671.1_mrna_XM_026135110.2_19103	3445	3246	618.543	53.5226
lcl|NC_052671.1_mrna_XM_039453220.1_19104	3970	3771	13.3094	0.991328
lcl|NC_052671.1_mrna_XM_011162502.3_19105	4043	3844	86.3011	6.30593
lcl|NC_052671.1_mrna_XM_011162608.3_19106	4396	4197	862.417	57.7157
lcl|NC_052671.1_mrna_XM_039452438.1_19107	2095	1896	0.000496793	7.35957e-05
lcl|NC_052671.1_mrna_XM_026135053.2_19108	2883	2684	265.728	27.8081
lcl|NC_052671.1_mrna_XM_026135052.2_19109	2298	2099	2466.17	330.01
lcl|NC_052671.1_mrna_XM_039452520.1_19110	1498	1299	19.5829	4.23432
lcl|NC_052671.1_mrna_XM_039452521.1_19111	1299	1100	5.50471	1.40559
lcl|NC_052671.1_mrna_XM_039452519.1_19112	1896	1697	354.802	58.7245
lcl|NC_052671.1_mrna_XM_039452518.1_19113	2201	2002	771.111	108.185
lcl|NC_052671.1_ncrna_XR_005575349.1_19114	1348	1149	31.7482	7.76095
lcl|NC_052671.1_mrna_XM_011163671.2_19115	3752	3553	1.25181	0.0989597
lcl|NC_052671.1_mrna_XM_011162659.3_19116	3182	2983	47.7939	4.50023
lcl|NC_052671.1_mrna_XM_039452517.1_19117	1372	1173	21.2061	5.07783
lcl|NC_052671.1_mrna_XM_039453011.1_19118	3517	3318	65.6721	5.5593
lcl|NC_052671.1_mrna_XM_039453014.1_19119	3243	3044	26.3279	2.42934
lcl|NC_052671.1_mrna_XM_011162675.3_19120	4611	4412	17.9898	1.14527
lcl|NC_052671.1_mrna_XM_026135106.2_19121	4644	4445	0.0102107	0.000645208
lcl|NC_052671.1_mrna_XM_039453012.1_19122	3855	3656	0	0
lcl|NC_052671.1_ncrna_XR_005575468.1_19123	773	574	7	3.42533
lcl|NC_052671.1_mrna_XM_039453010.1_19124	6006	5807	0	0
lcl|NC_052671.1_mrna_XM_039453009.1_19125	6040	5841	0	0
lcl|NC_052671.1_mrna_XM_011162698.3_19126	3830	3631	0	0
lcl|NC_052671.1_mrna_XM_039453013.1_19127	3666	3467	0	0
lcl|NC_052671.1_mrna_XM_039452972.1_19128	2029	1830	0	0
lcl|NC_052671.1_mrna_XM_011162792.3_19129	2615	2416	621.325	72.2334
lcl|NC_052671.1_mrna_XM_011162779.3_19130	2434	2235	29	3.64449
lcl|NC_052671.1_mrna_XM_026135131.2_19131	5549	5350	51.2328	2.68974
lcl|NC_052671.1_mrna_XM_011162753.3_19132	5388	5189	108.442	5.86987
lcl|NC_052671.1_mrna_XM_011162823.3_19133	1375	1176	1208	288.52
lcl|NC_052671.1_mrna_XM_026135099.2_19134	1313	1114	0	0
lcl|NC_052671.1_mrna_XM_011162810.3_19135	3381	3182	1.08413e-08	9.56968e-10
lcl|NC_052671.1_mrna_XM_011162803.3_19136	3370	3171	448	39.6824
lcl|NC_052671.1_mrna_XM_039452718.1_19137	7759	7560	1.53659	0.057089
lcl|NC_052671.1_mrna_XM_039452721.1_19138	950	751	0	0
lcl|NC_052671.1_mrna_XM_011162835.3_19139	924	725	0	0
lcl|NC_052671.1_ncrna_XR_850776.3_19140	563	364	0	0
lcl|NC_052671.1_ncrna_XR_005575393.1_19141	2153	1954	0	0
lcl|NC_052671.1_ncrna_XR_005575392.1_19142	1035	836	2	0.671954
lcl|NC_052671.1_mrna_XM_039452720.1_19143	1057	858	7	2.29153
lcl|NC_052671.1_mrna_XM_026135129.2_19144	2924	2725	1	0.103074
lcl|NC_052671.1_mrna_XM_011162871.3_19145	2562	2363	1910.15	227.049
lcl|NC_052671.1_miscrna_XR_005575389.1_19146	1523	1324	4.52042	0.958974
lcl|NC_052671.1_miscrna_XR_005575388.1_19147	1927	1728	2.47958	0.403041
lcl|NC_052671.1_miscrna_XR_005575391.1_19148	1586	1387	0	0
lcl|NC_052671.1_miscrna_XR_005575390.1_19149	1409	1210	0	0
lcl|NC_052671.1_mrna_XM_011162913.3_19150	8096	7897	113.463	4.03561
lcl|NC_052671.1_ncrna_XR_005575394.1_19151	620	421	3	2.0015
lcl|NC_052671.1_mrna_XM_011163738.3_19152	2521	2322	1	0.120963
lcl|NC_052671.1_mrna_XM_011162926.3_19153	4913	4714	92	5.48168
lcl|NC_052671.1_mrna_XM_039452716.1_19154	4524	4325	22	1.42874
lcl|NC_052671.1_mrna_XM_039452717.1_19155	4652	4453	0	0
lcl|NC_052671.1_mrna_XM_011162952.3_19156	699	500	65	36.514
lcl|NC_052671.1_mrna_XM_011162939.3_19157	530	331	898	762.016
lcl|NC_052671.1_mrna_XM_011162961.3_19158	1313	1114	204	51.4352
lcl|NC_052671.1_mrna_XM_026135119.2_19159	4380	4181	0.149847	0.0100666
lcl|NC_052671.1_mrna_XM_026135118.2_19160	4784	4585	0	0
lcl|NC_052671.1_mrna_XM_026135116.2_19161	4963	4764	143.79	8.47758
lcl|NC_052671.1_mrna_XM_026135117.2_19162	5098	4899	73.0604	4.18881
lcl|NC_052671.1_mrna_XM_039453029.1_19163	2896	2697	21.3503	2.2235
lcl|NC_052671.1_mrna_XM_011162987.3_19164	2811	2612	148.983	16.0207
lcl|NC_052671.1_mrna_XM_011162995.3_19165	2789	2590	113.329	12.2901
lcl|NC_052671.1_mrna_XM_039453028.1_19166	2750	2551	58.4692	6.43772
lcl|NC_052671.1_mrna_XM_039453026.1_19167	2996	2797	443.661	44.5527
lcl|NC_052671.1_mrna_XM_011163004.3_19168	2348	2149	25.668	3.35483
lcl|NC_052671.1_mrna_XM_011163013.3_19169	2326	2127	22.5398	2.97645
lcl|NC_052671.1_mrna_XM_039453025.1_19170	3585	3386	25.7149	2.13311
lcl|NC_052671.1_mrna_XM_039453024.1_19171	3669	3470	709.285	57.4126
lcl|NC_052671.1_mrna_XM_011163032.3_19172	4406	4207	2.01576	0.134581
lcl|NC_052671.1_ncrna_XR_005575469.1_19173	1081	882	26.3852	8.40247
lcl|NC_052671.1_ncrna_XR_005575490.1_19174	3995	3796	8.03227	0.594331
lcl|NC_052671.1_ncrna_XR_005575491.1_19175	4000	3801	2.14515	0.158517
lcl|NC_052671.1_ncrna_XR_005575489.1_19176	7132	6933	4.42163	0.179134
lcl|NC_052671.1_mrna_XM_011163065.3_19177	3791	3592	46	3.59697
lcl|NC_052671.1_ncrna_XR_850785.3_19178	1591	1392	2	0.403558
lcl|NC_052671.1_miscrna_XR_005575492.1_19179	6433	6234	5.55136	0.25012
lcl|NC_052671.1_miscrna_XR_850789.3_19180	3530	3331	21.4486	1.80859
lcl|NC_052671.1_mrna_XM_039453230.1_19181	914	715	0	0
lcl|NC_052671.1_trna_19182	72	3.52559	0	0
lcl|NC_052671.1_mrna_XM_011163093.3_19183	8805	8606	4	0.130549
lcl|NC_052671.1_mrna_XM_026136130.2_19184	3762	3563	52.4452	4.13433
lcl|NC_052671.1_mrna_XM_011163129.3_19185	2565	2366	32.1628	3.81817
lcl|NC_052671.1_mrna_XM_011163136.3_19186	2516	2317	70.8372	8.58719
lcl|NC_052671.1_mrna_XM_039453218.1_19187	1948	1749	0	0
lcl|NC_052671.1_mrna_XM_011163118.3_19188	930	731	696	267.428
lcl|NC_052671.1_mrna_XM_039453219.1_19189	2052	1853	199	30.1643
lcl|NC_052671.1_mrna_XM_026136131.2_19190	3176	2977	0	0
lcl|NC_052671.1_mrna_XM_026136132.2_19191	3531	3332	0	0
lcl|NC_052671.1_mrna_XM_026136129.2_19192	3715	3516	50.5548	4.03859
lcl|NC_052671.1_ncrna_XR_003268816.2_19193	979	780	0	0
lcl|NC_052671.1_mrna_XM_039452610.1_19194	5675	5476	0	0
lcl|NC_052671.1_mrna_XM_039452609.1_19195	5925	5726	0	0
lcl|NC_052671.1_mrna_XM_039452608.1_19196	6155	5956	0	0
lcl|NC_052671.1_mrna_XM_039452607.1_19197	6286	6087	18	0.830587
lcl|NC_052671.1_miscrna_XR_005575378.1_19198	2556	2357	0	0
lcl|NC_052671.1_mrna_XM_011163184.3_19199	9006	8807	201.893	6.43887
lcl|NC_052671.1_mrna_XM_026136119.2_19200	9305	9106	0	0
lcl|NC_052671.1_mrna_XM_026136122.2_19201	6245	6046	0	0
lcl|NC_052671.1_mrna_XM_026136123.2_19202	3870	3671	0	0
lcl|NC_052671.1_mrna_XM_026136125.2_19203	3933	3734	0	0
lcl|NC_052671.1_mrna_XM_026136124.2_19204	3153	2954	544.82	51.8034
lcl|NC_052671.1_mrna_XM_011163235.3_19205	3909	3710	14.6026	1.10554
lcl|NC_052671.1_mrna_XM_026136126.2_19206	3464	3265	45.7239	3.93347
lcl|NC_052671.1_mrna_XM_011163221.3_19207	2936	2737	1019.91	104.665
lcl|NC_052671.1_mrna_XM_011163213.3_19208	2942	2743	3.12889e-06	3.20391e-07
lcl|NC_052671.1_mrna_XM_011163228.3_19209	3405	3206	23.7388	2.07975
lcl|NC_052671.1_mrna_XM_039453023.1_19210	3015	2816	0	0
lcl|NC_052671.1_mrna_XM_039453022.1_19211	3306	3107	0	0
lcl|NC_052671.1_mrna_XM_011163202.3_19212	2605	2406	123	14.359
lcl|NC_052671.1_ncrna_XR_005575437.1_19213	3734	3535	0	0
lcl|NC_052671.1_ncrna_XR_005575438.1_19214	3485	3286	1	0.0854768
lcl|NC_052671.1_mrna_XM_011163246.3_19215	6448	6249	3.3166e-06	1.49073e-07
lcl|NC_052671.1_miscrna_XR_005575436.1_19216	6357	6158	0	0
lcl|NC_052671.1_mrna_XM_011163290.3_19217	6346	6147	48.9155	2.23511
lcl|NC_052671.1_mrna_XM_011163299.3_19218	3450	3251	0	0
lcl|NC_052671.1_mrna_XM_039452899.1_19219	2578	2379	60.1348	7.09981
lcl|NC_052671.1_mrna_XM_011163318.3_19220	2327	2128	0	0
lcl|NC_052671.1_mrna_XM_039452898.1_19221	2063	1864	12	1.80822
lcl|NC_052671.1_mrna_XM_011163310.3_19222	2002	1803	1223.15	190.546
lcl|NC_052671.1_mrna_XM_026136128.2_19223	1715	1516	353.8	65.5503
lcl|NC_052671.1_mrna_XM_011163337.3_19224	1640	1441	2442	475.99
lcl|NC_052671.1_mrna_XM_011163347.3_19225	2010	1811	2639.63	409.394
lcl|NC_052671.1_mrna_XM_011163366.3_19226	1229	1030	0	0
lcl|NC_052671.1_mrna_XM_011163374.3_19227	1219	1020	52.9547	14.5821
lcl|NC_052671.1_mrna_XM_011163381.3_19228	1066	867	46.2557	14.9852
lcl|NC_052671.1_mrna_XM_011163353.3_19229	1162	963	42.6168	12.43
lcl|NC_052671.1_mrna_XM_039452900.1_19230	1769	1570	2.98017e-05	5.3316e-06
lcl|NC_052671.1_mrna_XM_039452901.1_19231	1652	1453	73.5388	14.2157
lcl|NC_052671.1_mrna_XM_011163393.3_19232	2303	2104	759	101.324
lcl|NC_052671.1_ncrna_XR_005575439.1_19233	1168	969	10	2.89862
lcl|NC_052671.1_ncrna_XR_003268812.2_19234	1242	1043	0	0
lcl|NC_052671.1_ncrna_XR_003268811.2_19235	1652	1453	3	0.579924
lcl|NC_052671.1_mrna_XM_011163421.3_19236	1020	821	0	0
lcl|NC_052671.1_mrna_XM_039452902.1_19237	910	711	0	0
lcl|NC_052671.1_mrna_XM_026136098.2_19238	942	743	0	0
lcl|NC_052671.1_mrna_XM_026136101.2_19239	1194	995	0	0
lcl|NC_052671.1_mrna_XM_026136102.2_19240	1326	1127	0	0
lcl|NC_052671.1_mrna_XM_026136103.2_19241	1069	870	1	0.322847
lcl|NC_052671.1_mrna_XM_026136099.2_19242	1445	1246	0	0
lcl|NC_052671.1_mrna_XM_039452903.1_19243	2130	1931	0	0
lcl|NC_052671.1_mrna_XM_011163402.3_19244	9236	9037	156.094	4.85153
lcl|NC_052671.1_mrna_XM_039452904.1_19245	936	737	0	0
lcl|NC_052671.1_mrna_XM_039452905.1_19246	1416	1217	1	0.230794
lcl|NC_052671.1_mrna_XM_011163439.3_19247	1741	1542	794.05	144.637
lcl|NC_052671.1_mrna_XM_026136094.2_19248	1456	1257	197.95	44.2318
lcl|NC_052671.1_mrna_XM_011163453.3_19249	7386	7187	202	7.89441
lcl|NC_052671.1_mrna_XM_011163483.3_19250	866	667	462.835	194.902
lcl|NC_052671.1_mrna_XM_026136106.2_19251	2407	2208	2988.16	380.12
lcl|NC_052671.1_mrna_XM_039453202.1_19252	1368	1169	3391	814.759
lcl|NC_052671.1_mrna_XM_026136114.2_19253	3840	3641	2646.1	204.127
lcl|NC_052671.1_mrna_XM_011163546.2_19254	3716	3517	9503.9	759.006
lcl|NC_052671.1_mrna_XM_039452805.1_19255	2687	2488	1158	130.73
lcl|NC_052671.1_mrna_XM_011163509.3_19256	3211	3012	96.9471	9.04056
lcl|NC_052671.1_mrna_XM_011163518.3_19257	3194	2995	108.246	10.1515
lcl|NC_052671.1_mrna_XM_011163534.3_19258	2706	2507	30.0384	3.36542
lcl|NC_052671.1_mrna_XM_039453208.1_19259	2600	2401	0	0
lcl|NC_052671.1_mrna_XM_026136118.2_19260	2602	2403	9.76861	1.14181
lcl|NC_052671.1_mrna_XM_039453206.1_19261	1758	1559	0	0
lcl|NC_052671.1_mrna_XM_039453203.1_19262	2061	1862	0	0
lcl|NC_052671.1_mrna_XM_039453204.1_19263	1791	1592	3.44154	0.607191
lcl|NC_052671.1_mrna_XM_039453205.1_19264	2065	1866	0.668898	0.100685
lcl|NC_052671.1_mrna_XM_039453037.1_19265	2065	1866	0.668898	0.100685
lcl|NC_052671.1_mrna_XM_039453036.1_19266	2144	1945	0	0
lcl|NC_052671.1_mrna_XM_039453035.1_19267	2229	2030	0	0
lcl|NC_052671.1_mrna_XM_039453038.1_19268	1972	1773	12.2573	1.9418
lcl|NC_052671.1_mrna_XM_039453040.1_19269	2181	1982	0	0
lcl|NC_052671.1_mrna_XM_039453039.1_19270	2265	2066	0	0
lcl|NC_052671.1_mrna_XM_039452806.1_19271	2054	1855	3	0.454248
lcl|NC_052671.1_mrna_XM_011177725.3_19272	1853	1654	2	0.339633
lcl|NC_052671.1_mrna_XM_011177726.3_19273	1065	866	0	0
lcl|NC_052671.1_mrna_XM_039453032.1_19274	7412	7213	153.699	5.9851
lcl|NC_052671.1_mrna_XM_039453030.1_19275	7405	7206	45.9039	1.78925
lcl|NC_052671.1_mrna_XM_039453031.1_19276	7363	7164	44.875	1.7594
lcl|NC_052671.1_mrna_XM_039453034.1_19277	6938	6739	62.118	2.58903
lcl|NC_052671.1_mrna_XM_011177729.3_19278	6074	5875	698.338	33.3867
lcl|NC_052671.1_mrna_XM_011177727.2_19279	6079	5880	1966.26	93.9246
lcl|NC_052671.1_mrna_XM_039453042.1_19280	6000	5801	41.8693	2.02726
lcl|NC_052671.1_mrna_XM_039453041.1_19281	6182	5983	53.5333	2.51316
lcl|NC_052671.1_mrna_XM_011177731.3_19282	1304	1105	165.429	42.0498
lcl|NC_052671.1_mrna_XM_011177730.3_19283	1359	1160	433.571	104.983
lcl|NC_052671.1_mrna_XM_039453046.1_19284	4239	4040	1.8629e-07	1.29516e-08
lcl|NC_052671.1_mrna_XM_039453044.1_19285	4167	3968	12.6859	0.897975
lcl|NC_052671.1_mrna_XM_011177733.3_19286	3854	3655	52.6553	4.04642
lcl|NC_052671.1_mrna_XM_039453045.1_19287	3870	3671	0.658792	0.0504057
lcl|NC_052671.1_mrna_XM_039453043.1_19288	4246	4047	3.28167e-08	2.2776e-09
lcl|NC_052671.1_mrna_XM_011177735.3_19289	4874	4675	0	0
lcl|NC_052671.1_mrna_XM_039453047.1_19290	4684	4485	24	1.50302
lcl|NC_052671.1_mrna_XM_039452368.1_19291	3644	3445	107.101	8.73213
lcl|NC_052671.1_mrna_XM_039452366.1_19292	3648	3449	464.981	37.8667
lcl|NC_052671.1_mrna_XM_039452367.1_19293	3817	3618	0	0
lcl|NC_052671.1_mrna_XM_039452364.1_19294	4003	3804	0	0
lcl|NC_052671.1_mrna_XM_039452365.1_19295	3997	3798	0	0
lcl|NC_052671.1_mrna_XM_011177740.3_19296	3792	3593	279.918	21.8821
lcl|NC_052671.1_mrna_XM_011177738.3_19297	3978	3779	1.8023e-06	1.33957e-07
lcl|NC_052671.1_mrna_XM_011177723.3_19298	1435	1236	297	67.4922
lcl|NC_052671.1_mrna_XM_011177724.3_19299	1740	1541	1090	198.673
lcl|NC_052671.1_mrna_XM_026135501.2_19300	1171	972	316	91.3138
lcl|NC_052671.1_mrna_XM_011177756.3_19301	2792	2593	8	0.866569
lcl|NC_052671.1_mrna_XM_026140383.2_19302	1313	1114	53.2651	13.4299
lcl|NC_052671.1_mrna_XM_026140382.2_19303	1285	1086	370.735	95.8847
lcl|NC_052671.1_mrna_XM_026140384.2_19304	1142	943	734	218.625
lcl|NC_052671.1_mrna_XM_011177720.3_19305	3980	3781	1035.18	76.8994
lcl|NC_052671.1_mrna_XM_011177721.3_19306	3935	3736	363.825	27.3528
lcl|NC_052671.1_mrna_XM_039452533.1_19307	991	792	164	58.1613
lcl|NC_052671.1_mrna_XM_011177719.3_19308	825	626	337	151.207
lcl|NC_052671.1_mrna_XM_039452522.1_19309	2244	2045	787.17	108.116
lcl|NC_052671.1_mrna_XM_039452526.1_19310	2127	1928	99.6895	14.5231
lcl|NC_052671.1_mrna_XM_039452527.1_19311	2127	1928	99.6895	14.5231
lcl|NC_052671.1_mrna_XM_039452528.1_19312	2010	1811	0.00135913	0.000210794
lcl|NC_052671.1_mrna_XM_039452525.1_19313	2269	2070	47.8984	6.49929
lcl|NC_052671.1_mrna_XM_039452529.1_19314	1486	1287	45.9928	10.0375
lcl|NC_052671.1_mrna_XM_039452530.1_19315	1176	977	0.0098649	0.00283605
lcl|NC_052671.1_mrna_XM_039452532.1_19316	1145	946	0	0
lcl|NC_052671.1_mrna_XM_039452531.1_19317	1102	903	27.2453	8.47461
lcl|NC_052671.1_mrna_XM_039452523.1_19318	2313	2114	214.552	28.5064
lcl|NC_052671.1_mrna_XM_011177716.3_19319	767	568	403	199.284
lcl|NC_052671.1_mrna_XM_011177715.2_19320	963	764	434	159.556
lcl|NC_052671.1_mrna_XM_011177714.3_19321	3068	2869	285	27.9017
lcl|NC_052671.1_mrna_XM_011177713.3_19322	1866	1667	503.523	84.8397
lcl|NC_052671.1_mrna_XM_011177712.3_19323	1901	1702	174.477	28.7936
lcl|NC_052671.1_mrna_XM_011177711.3_19324	1876	1677	665.987	111.544
lcl|NC_052671.1_mrna_XM_011177709.3_19325	1887	1688	1725.01	287.036
lcl|NC_052671.1_mrna_XM_011177708.3_19326	4227	4028	1386	96.6472
lcl|NC_052671.1_mrna_XM_011177707.3_19327	3294	3095	446	40.4753
lcl|NC_052671.1_mrna_XM_011177706.3_19328	2585	2386	787	92.6446
lcl|NC_052671.1_mrna_XM_011177705.3_19329	2128	1929	1098	159.877
lcl|NC_052671.1_mrna_XM_011177704.3_19330	2000	1801	86	13.4122
lcl|NC_052671.1_mrna_XM_026130189.2_19331	3508	3309	53.5511	4.54556
lcl|NC_052671.1_mrna_XM_011177703.3_19332	3675	3476	490.449	39.6305
lcl|NC_052671.1_mrna_XM_011177702.3_19333	1707	1508	1607	299.316
lcl|NC_052671.1_mrna_XM_011177701.2_19334	1725	1526	1989.89	366.261
lcl|NC_052671.1_mrna_XM_011177700.2_19335	1699	1500	791.106	148.136
lcl|NC_052671.1_mrna_XM_039452535.1_19336	4234	4035	201.2	14.0055
lcl|NC_052671.1_mrna_XM_026130191.2_19337	4495	4296	55.071	3.60059
lcl|NC_052671.1_mrna_XM_026130190.2_19338	4566	4367	221.851	14.269
lcl|NC_052671.1_mrna_XM_011158534.2_19339	986	787	2	0.713791
lcl|NC_052671.1_mrna_XM_039452541.1_19340	10662	10463	0	0
lcl|NC_052671.1_mrna_XM_039452542.1_19341	10590	10391	0	0
lcl|NC_052671.1_mrna_XM_039452540.1_19342	10893	10694	0	0
lcl|NC_052671.1_mrna_XM_039452539.1_19343	10899	10700	0	0
lcl|NC_052671.1_mrna_XM_039452538.1_19344	10940	10741	0	0
lcl|NC_052671.1_mrna_XM_039452537.1_19345	10941	10742	0	0
lcl|NC_052671.1_mrna_XM_011177695.3_19346	10781	10582	459.39	12.1935
lcl|NC_052671.1_mrna_XM_039452536.1_19347	10943	10744	7.61086e-08	1.98968e-09
lcl|NC_052671.1_mrna_XM_039452543.1_19348	9058	8859	217.316	6.89006
lcl|NC_052671.1_mrna_XM_011177693.2_19349	1766	1567	2837	508.518
lcl|NC_052671.1_mrna_XM_026130220.2_19350	9608	9409	0	0
lcl|NC_052671.1_miscrna_XR_003268204.2_19351	9700	9501	0	0
lcl|NC_052671.1_mrna_XM_026130221.2_19352	8453	8254	15.912	0.541471
lcl|NC_052671.1_mrna_XM_039452547.1_19353	8060	7861	0	0
lcl|NC_052671.1_mrna_XM_039452546.1_19354	8104	7905	0	0
lcl|NC_052671.1_mrna_XM_039452545.1_19355	7374	7175	2.9409	0.115126
lcl|NC_052671.1_mrna_XM_039452544.1_19356	7395	7196	0.156828	0.00612136
lcl|NC_052671.1_mrna_XM_026130216.2_19357	8126	7927	0	0
lcl|NC_052671.1_mrna_XM_026130217.2_19358	8059	7860	0	0
lcl|NC_052671.1_mrna_XM_026130215.2_19359	8102	7903	0	0
lcl|NC_052671.1_mrna_XM_026130219.2_19360	7914	7715	0	0
lcl|NC_052671.1_mrna_XM_026130218.2_19361	6162	5963	0	0
lcl|NC_052671.1_ncrna_XR_851486.3_19362	973	774	17	6.16913
lcl|NC_052671.1_mrna_XM_011177682.3_19363	7165	6966	98.1096	3.95589
lcl|NC_052671.1_mrna_XM_011177683.3_19364	6935	6736	0	0
lcl|NC_052671.1_mrna_XM_039452344.1_19365	6905	6706	0	0
lcl|NC_052671.1_mrna_XM_011177684.3_19366	6791	6592	0	0
lcl|NC_052671.1_mrna_XM_011177686.3_19367	1357	1158	578.89	140.412
lcl|NC_052671.1_mrna_XM_011177680.3_19368	600	401	333	233.247
lcl|NC_052671.1_ncrna_XR_005575460.1_19369	1646	1447	37	7.18206
lcl|NC_052671.1_mrna_XM_026130152.2_19370	3750	3551	0	0
lcl|NC_052671.1_mrna_XM_026130151.2_19371	4104	3905	0	0
lcl|NC_052671.1_miscrna_XR_003268193.2_19372	3716	3517	0	0
lcl|NC_052671.1_mrna_XM_011177679.3_19373	13762	13563	14	0.289927
lcl|NC_052671.1_mrna_XM_039452978.1_19374	5213	5014	0	0
lcl|NC_052671.1_mrna_XM_026130260.2_19375	4160	3961	4	0.283642
lcl|NC_052671.1_mrna_XM_011177677.3_19376	1836	1637	1	0.17158
lcl|NC_052671.1_mrna_XM_026130193.2_19377	909	710	0	0
lcl|NC_052671.1_mrna_XM_026130142.2_19378	1246	1047	1	0.268268
lcl|NC_052671.1_mrna_XM_011177676.3_19379	2318	2119	802	106.306
lcl|NC_052671.1_mrna_XM_011177675.3_19380	2160	1961	452.632	64.8311
lcl|NC_052671.1_mrna_XM_011177673.3_19381	2166	1967	0	0
lcl|NC_052671.1_mrna_XM_026130161.2_19382	2280	2081	64.368	8.68787
lcl|NC_052671.1_mrna_XM_039452425.1_19383	2745	2546	1016	112.086
lcl|NC_052671.1_mrna_XM_039453004.1_19384	6657	6458	66	2.87053
lcl|NC_052671.1_miscrna_XR_005575316.1_19385	3873	3674	11.9475	0.913381
lcl|NC_052671.1_mrna_XM_039452416.1_19386	4406	4207	642.053	42.8661
lcl|NC_052671.1_mrna_XM_026130050.2_19387	3363	3164	496	44.0312
lcl|NC_052671.1_mrna_XM_026130051.2_19388	796	597	49.053	23.0785
lcl|NC_052671.1_mrna_XM_011177732.3_19389	965	766	202.947	74.4165
lcl|NC_052671.1_mrna_XM_011177660.3_19390	788	589	259.784	123.883
lcl|NC_052671.1_mrna_XM_026130104.2_19391	782	583	182.642	87.9931
lcl|NC_052671.1_mrna_XM_011177661.3_19392	1236	1037	1029.73	278.909
lcl|NC_052671.1_mrna_XM_026130105.2_19393	1144	945	370.84	110.223
lcl|NC_052671.1_mrna_XM_011177663.3_19394	1806	1607	21.039	3.67727
lcl|NC_052671.1_mrna_XM_011177662.3_19395	2344	2145	11.961	1.56623
lcl|NC_052671.1_mrna_XM_011177664.3_19396	2347	2148	0	0
lcl|NC_052671.1_mrna_NM_001304600.1_19397	5895	5696	10	0.493112
lcl|NC_052671.1_ncrna_XR_003268191.2_19398	9498	9299	0	0
lcl|NC_052671.1_mrna_XM_039452725.1_19399	5033	4834	0	0
lcl|NC_052671.1_mrna_XM_039452724.1_19400	5074	4875	0	0
lcl|NC_052671.1_mrna_XM_039452723.1_19401	5174	4975	0	0
lcl|NC_052671.1_mrna_XM_039452733.1_19402	4792	4593	6	0.366919
lcl|NC_052671.1_mrna_XM_011177749.3_19403	4957	4758	0	0
lcl|NC_052671.1_mrna_XM_011177656.3_19404	1143	944	1137	338.302
lcl|NC_052671.1_mrna_XM_011177655.2_19405	1498	1299	2	0.432451
lcl|NC_052671.1_mrna_XM_039452726.1_19406	1755	1556	0	0
lcl|NC_052671.1_mrna_XM_039452727.1_19407	1468	1269	0	0
lcl|NC_052671.1_mrna_XM_039452722.1_19408	2316	2117	1.00359	0.133153
lcl|NC_052671.1_mrna_XM_039452736.1_19409	449	250	0	0
lcl|NC_052671.1_mrna_XM_039452735.1_19410	520	321	0	0
lcl|NC_052671.1_mrna_XM_026130101.2_19411	1383	1184	1	0.237227
lcl|NC_052671.1_mrna_XM_026130026.2_19412	1111	912	0	0
lcl|NC_052671.1_mrna_XM_039452732.1_19413	1571	1372	0	0
lcl|NC_052671.1_mrna_XM_039452731.1_19414	1384	1185	0	0
lcl|NC_052671.1_mrna_XM_039452807.1_19415	3901	3702	0	0
lcl|NC_052671.1_mrna_XM_039452730.1_19416	1657	1458	0	0
lcl|NC_052671.1_mrna_XM_039452729.1_19417	1477	1278	0	0
lcl|NC_052671.1_mrna_XM_039452728.1_19418	1387	1188	0	0
lcl|NC_052671.1_mrna_XM_011177654.3_19419	4792	4593	10	0.611532
lcl|NC_052671.1_mrna_XM_011177653.3_19420	3205	3006	0	0
lcl|NC_052671.1_mrna_XM_026130184.2_19421	3102	2903	7.09487	0.686456
lcl|NC_052671.1_mrna_XM_026130185.2_19422	3271	3072	0	0
lcl|NC_052671.1_mrna_XM_011177650.3_19423	3275	3076	0	0
lcl|NC_052671.1_mrna_XM_039452808.1_19424	7432	7233	46.9051	1.82145
lcl|NC_052671.1_mrna_XM_011177648.3_19425	9716	9517	224	6.61095
lcl|NC_052671.1_mrna_XM_039452974.1_19426	9905	9706	0	0
lcl|NC_052671.1_mrna_XM_011177640.3_19427	9956	9757	0	0
lcl|NC_052671.1_mrna_XM_011177646.3_19428	9655	9456	45.4627	1.3504
lcl|NC_052671.1_mrna_XM_011177644.3_19429	9796	9597	0	0
lcl|NC_052671.1_mrna_XM_011177643.3_19430	9847	9648	0	0
lcl|NC_052671.1_mrna_XM_011177645.3_19431	9705	9506	110.537	3.26608
lcl|NC_052671.1_mrna_XM_039452975.1_19432	7317	7118	0	0
lcl|NC_052671.1_mrna_XM_011177638.3_19433	3080	2881	682	66.4901
lcl|NC_052671.1_mrna_XM_011177636.3_19434	1369	1170	2231.66	535.744
lcl|NC_052671.1_mrna_XM_039452976.1_19435	1217	1018	130.342	35.9626
lcl|NC_052671.1_mrna_XM_011177637.3_19436	631	432	747	485.683
lcl|NC_052671.1_mrna_XM_011177635.2_19437	1482	1283	1679	367.57
lcl|NC_052671.1_mrna_XM_011177633.3_19438	921	722	1212.9	471.849
lcl|NC_052671.1_mrna_XM_011177634.3_19439	910	711	80.3189	31.7295
lcl|NC_052671.1_mrna_XM_039452343.1_19440	941	742	240.783	91.1458
lcl|NC_052671.1_miscrna_XR_003268188.2_19441	668	469	117.25	70.2192
lcl|NC_052671.1_mrna_XM_026130090.2_19442	496	297	2338.75	2211.79
lcl|NC_052671.1_mrna_XM_011177632.3_19443	3309	3110	755	68.1871
lcl|NC_052671.1_mrna_XM_011177629.3_19444	3017	2818	652.199	65.0062
lcl|NC_052671.1_mrna_XM_011177628.3_19445	2602	2403	827.317	96.7016
lcl|NC_052671.1_mrna_XM_011177631.2_19446	2338	2139	2260.48	296.829
lcl|NC_052671.1_mrna_XM_011177627.3_19447	2751	2552	3270	359.901
lcl|NC_052671.1_mrna_XM_011177626.3_19448	1416	1217	2	0.461589
lcl|NC_052671.1_mrna_XM_011177625.3_19449	3944	3745	341.103	25.5829
lcl|NC_052671.1_mrna_XM_011177624.3_19450	4890	4691	2	0.119751
lcl|NC_052671.1_mrna_XM_011177623.3_19451	4133	3934	549	39.1971
lcl|NC_052671.1_mrna_XM_026130143.2_19452	1438	1239	0	0
lcl|NC_052671.1_mrna_XM_011177621.3_19453	1259	1060	705	186.81
lcl|NC_052671.1_mrna_XM_026130270.2_19454	3091	2892	0	0
lcl|NC_052671.1_mrna_XM_039452315.1_19455	2737	2538	0	0
lcl|NC_052671.1_miscrna_XR_003268210.2_19456	3681	3482	0	0
lcl|NC_052671.1_mrna_XM_026130269.2_19457	3940	3741	349	26.2031
lcl|NC_052671.1_mrna_XM_039452314.1_19458	2566	2367	0	0
lcl|NC_052671.1_mrna_XM_039452318.1_19459	3141	2942	60.511	5.77707
lcl|NC_052671.1_mrna_XM_026130271.2_19460	3205	3006	1154.61	107.886
lcl|NC_052671.1_mrna_XM_026130274.2_19461	3055	2856	204.832	20.1444
lcl|NC_052671.1_mrna_XM_039452317.1_19462	3047	2848	197.485	19.4764
lcl|NC_052671.1_mrna_XM_039452316.1_19463	3053	2854	3.31665e-08	3.26409e-09
lcl|NC_052671.1_mrna_XM_039452320.1_19464	2859	2660	4.42687	0.467445
lcl|NC_052671.1_mrna_XM_039452319.1_19465	2865	2666	21.0063	2.21312
lcl|NC_052671.1_mrna_XM_011177620.3_19466	1228	1029	390.125	106.489
lcl|NC_052671.1_mrna_XM_011177618.3_19467	792	593	587	278.035
lcl|NC_052671.1_mrna_XM_011177616.3_19468	1168	969	337	97.6836
lcl|NC_052671.1_mrna_XM_011177617.3_19469	2702	2503	21	2.35654
lcl|NC_052671.1_mrna_XM_039452809.1_19470	601	402	0	0
lcl|NC_052671.1_mrna_XM_026130022.2_19471	14857	14658	12.8739	0.24669
lcl|NC_052671.1_mrna_XM_039452418.1_19472	4069	3870	0	0
lcl|NC_052671.1_mrna_XM_026130020.2_19473	3902	3703	0	0
lcl|NC_052671.1_mrna_XM_026130021.2_19474	15144	14945	4.60516e-08	8.65494e-10
lcl|NC_052671.1_mrna_XM_011168712.3_19475	4491	4292	0	0
lcl|NC_052671.1_mrna_XM_039452419.1_19476	14039	13840	0	0
lcl|NC_052671.1_mrna_XM_039452973.1_19477	439	240	0	0
lcl|NC_052671.1_mrna_XM_039452966.1_19478	505	306	0	0
lcl|NC_052671.1_mrna_XM_011168711.3_19479	2743	2544	107	11.8136
lcl|NC_052671.1_mrna_XM_026130186.2_19480	11406	11207	8.00574	0.200645
lcl|NC_052671.1_mrna_XM_039452810.1_19481	423	224	0	0
lcl|NC_052671.1_mrna_XM_039452700.1_19482	3459	3260	0	0
lcl|NC_052671.1_mrna_XM_011168710.3_19483	4115	3916	39	2.79729
lcl|NC_052671.1_mrna_XM_011168709.3_19484	2601	2402	1085	126.874
lcl|NC_052671.1_mrna_XM_039452701.1_19485	1650	1451	7	1.35502
lcl|NC_052671.1_mrna_XM_011168706.3_19486	4148	3949	416	29.5884
lcl|NC_052671.1_mrna_XM_026130281.2_19487	4160	3961	4.35335e-07	3.08698e-08
lcl|NC_052671.1_mrna_XM_011168704.3_19488	2892	2693	531.774	55.4634
lcl|NC_052671.1_ncrna_XR_850996.3_19489	952	753	8.90977	3.32343
lcl|NC_052671.1_mrna_XM_011168702.3_19490	6844	6645	40.662	1.71874
lcl|NC_052671.1_mrna_XM_011168701.3_19491	6846	6647	30.0679	1.27056
lcl|NC_052671.1_ncrna_XR_003268186.2_19492	215	23.5677	0	0
lcl|NC_052671.1_mrna_XM_039452334.1_19493	1570	1371	225.27	46.1511
lcl|NC_052671.1_mrna_XM_026130088.2_19494	900	701	191.972	76.9192
lcl|NC_052671.1_mrna_XM_026130094.2_19495	1836	1637	3.19229	0.547734
lcl|NC_052671.1_mrna_XM_039453118.1_19496	3228	3029	0	0
lcl|NC_052671.1_mrna_XM_026130096.2_19497	1068	869	68.8077	22.2399
lcl|NC_052671.1_mrna_XM_026130099.2_19498	3286	3087	413	37.5776
lcl|NC_052671.1_miscrna_XR_003268189.2_19499	1823	1624	6.35056	1.09835
lcl|NC_052671.1_mrna_XM_039453119.1_19500	1279	1080	0	0
lcl|NC_052671.1_mrna_XM_011168700.3_19501	9599	9400	13	0.388447
lcl|NC_052671.1_mrna_XM_039453117.1_19502	5339	5140	1	0.0546453
lcl|NC_052671.1_mrna_XM_011168699.3_19503	6300	6101	28	1.28906
lcl|NC_052671.1_ncrna_XR_005575298.1_19504	13668	13469	14	0.29195
lcl|NC_052671.1_mrna_XM_039452580.1_19505	4035	3836	0	0
lcl|NC_052671.1_mrna_XM_011168696.3_19506	3957	3758	8.96409	0.669985
lcl|NC_052671.1_mrna_XM_011168695.3_19507	3828	3629	21.5648	1.66907
lcl|NC_052671.1_mrna_XM_039453120.1_19508	3710	3511	209.471	16.7575
lcl|NC_052671.1_mrna_XM_026130278.2_19509	7818	7619	99.0019	3.64974
lcl|NC_052671.1_mrna_XM_026130280.2_19510	4514	4315	8.00109	0.520816
lcl|NC_052671.1_mrna_XM_026130279.2_19511	4756	4557	0	0
lcl|NC_052671.1_mrna_XM_026130276.2_19512	3931	3732	0	0
lcl|NC_052671.1_mrna_XM_011168690.3_19513	7056	6857	8.16573	0.334485
lcl|NC_052671.1_mrna_XM_011168689.3_19514	10624	10425	710	19.1293
lcl|NC_052671.1_mrna_XM_011168688.3_19515	5990	5791	156.091	7.57077
lcl|NC_052671.1_mrna_XM_011168687.3_19516	6005	5806	0.00125422	6.06753e-05
lcl|NC_052671.1_mrna_XM_011168685.3_19517	6008	5809	34.9078	1.68786
lcl|NC_052671.1_mrna_XM_011168679.3_19518	2557	2358	187.257	22.3054
lcl|NC_052671.1_mrna_XM_039452844.1_19519	2633	2434	29.6012	3.41589
lcl|NC_052671.1_mrna_XM_011168683.3_19520	2447	2248	111.142	13.8866
lcl|NC_052671.1_mrna_XM_011168678.3_19521	1206	1007	523	145.877
lcl|NC_052671.1_mrna_XM_011168677.2_19522	1044	845	341	113.348
lcl|NC_052671.1_mrna_XM_039452845.1_19523	924	725	0	0
lcl|NC_052671.1_mrna_XM_011168676.3_19524	2187	1988	201.782	28.509
lcl|NC_052671.1_mrna_XM_026131191.2_19525	2933	2734	77.2645	7.93774
lcl|NC_052671.1_mrna_XM_011168675.3_19526	2001	1802	1795	279.786
lcl|NC_052671.1_mrna_XM_011168673.3_19527	1243	1044	467	125.641
lcl|NC_052671.1_mrna_XM_039452843.1_19528	11560	11361	0	0
lcl|NC_052671.1_mrna_XM_039452839.1_19529	11729	11530	0	0
lcl|NC_052671.1_mrna_XM_039452842.1_19530	11556	11357	20.9999	0.519362
lcl|NC_052671.1_mrna_XM_039452841.1_19531	11703	11504	5.25067e-05	1.28198e-06
lcl|NC_052671.1_mrna_XM_039452840.1_19532	11718	11519	1.42106e-05	3.46508e-07
lcl|NC_052671.1_mrna_XM_039452837.1_19533	11721	11522	1.09441e-05	2.66789e-07
lcl|NC_052671.1_mrna_XM_011168669.3_19534	3503	3304	4.24042e-05	3.60483e-06
lcl|NC_052671.1_mrna_XM_011168670.3_19535	3470	3271	0.999958	0.0858651
lcl|NC_052671.1_mrna_XM_011168667.3_19536	6707	6508	69	2.97795
lcl|NC_052671.1_mrna_XM_026130145.2_19537	963	764	655	240.804
lcl|NC_052671.1_mrna_XM_011168663.3_19538	2606	2407	59.7185	6.96864
lcl|NC_052671.1_mrna_XM_026130147.2_19539	2582	2383	126.282	14.8844
lcl|NC_052671.1_mrna_XM_026130146.2_19540	2666	2467	0	0
lcl|NC_052671.1_mrna_XM_026130252.2_19541	1950	1751	0	0
lcl|NC_052671.1_mrna_XM_026130251.2_19542	2246	2047	144.099	19.7723
lcl|NC_052671.1_mrna_XM_011168654.3_19543	2024	1825	0	0
lcl|NC_052671.1_mrna_XM_039452961.1_19544	3196	2997	41.9014	3.92697
lcl|NC_052671.1_mrna_XM_011168660.3_19545	1904	1705	313.97	51.7225
lcl|NC_052671.1_mrna_XM_011168655.3_19546	1908	1709	0.159926	0.026284
lcl|NC_052671.1_mrna_XM_011168658.3_19547	1879	1680	718.87	120.187
lcl|NC_052671.1_mrna_XM_026130254.2_19548	1283	1084	1487	385.299
lcl|NC_052671.1_mrna_XM_026130257.2_19549	1546	1347	236.625	49.3411
lcl|NC_052671.1_mrna_XM_011168653.3_19550	1434	1235	195.375	44.4342
lcl|NC_052671.1_mrna_XM_026130258.2_19551	1411	1212	0	0
lcl|NC_052671.1_miscrna_XR_005575457.1_19552	1136	937	44.7474	13.4136
lcl|NC_052671.1_miscrna_XR_003268208.2_19553	1156	957	11.2749	3.30915
lcl|NC_052671.1_mrna_XM_011168651.3_19554	948	749	129.396	48.5236
lcl|NC_052671.1_mrna_XM_011168652.2_19555	1451	1252	1121.58	251.618
lcl|NC_052671.1_mrna_XM_026130255.2_19556	4477	4278	549	36.0452
lcl|NC_052671.1_mrna_XM_026130266.2_19557	4052	3853	1204.33	87.7935
lcl|NC_052671.1_mrna_XM_026130267.2_19558	3752	3553	37.4739	2.96244
lcl|NC_052671.1_mrna_XM_011168649.3_19559	4025	3826	1447.28	106.249
lcl|NC_052671.1_mrna_XM_011168650.3_19560	3677	3478	58.9128	4.75768
lcl|NC_052671.1_mrna_XM_011168646.3_19561	765	566	1208.29	599.611
lcl|NC_052671.1_mrna_XM_039452962.1_19562	1687	1488	143.668	27.1189
lcl|NC_052671.1_mrna_XM_026130268.2_19563	868	669	37	15.5343
lcl|NC_052671.1_mrna_XM_011168645.3_19564	1431	1232	278.044	63.3897
lcl|NC_052671.1_mrna_XM_039452679.1_19565	1514	1315	156.143	33.3513
lcl|NC_052671.1_mrna_XM_039452680.1_19566	1650	1451	0	0
lcl|NC_052671.1_mrna_XM_011166188.3_19567	1130	931	37	11.1627
lcl|NC_052671.1_mrna_XM_039452287.1_19568	1586	1387	40.5479	8.21121
lcl|NC_052671.1_mrna_XM_039452286.1_19569	1427	1228	897.851	205.363
lcl|NC_052671.1_mrna_XM_026135953.2_19570	1846	1647	22.9928	3.92115
lcl|NC_052671.1_mrna_XM_011160919.3_19571	1580	1381	162.574	33.0653
lcl|NC_052671.1_mrna_XM_011160917.3_19572	1606	1407	1435.03	286.473
lcl|NC_052671.1_mrna_XM_026135951.2_19573	5882	5683	0.00649489	0.000321003
lcl|NC_052671.1_mrna_XM_026135950.2_19574	5885	5686	105.994	5.23586
lcl|NC_052671.1_ncrna_XR_003268807.1_19575	163	8.39114	0	0
lcl|NC_052671.1_mrna_XM_011160923.3_19576	1981	1782	910.135	143.454
lcl|NC_052671.1_mrna_XM_011160924.3_19577	2153	1954	682.717	98.1367
lcl|NC_052671.1_mrna_XM_026135963.2_19578	2231	2032	39.1484	5.41136
lcl|NC_052671.1_mrna_XM_026135964.2_19579	1892	1693	6.79397	1.12715
lcl|NC_052671.1_mrna_XM_026135966.2_19580	1187	988	23.206	6.5972
lcl|NC_052671.1_mrna_XM_026135960.2_19581	3580	3381	54.9178	4.56229
lcl|NC_052671.1_mrna_XM_026135961.2_19582	3780	3581	11.0822	0.869239
lcl|NC_052671.1_mrna_XM_039452491.1_19583	3539	3340	0	0
lcl|NC_052671.1_mrna_XM_026135948.2_19584	1614	1415	0	0
lcl|NC_052671.1_mrna_XM_026135949.2_19585	3563	3364	4.25832	0.355548
lcl|NC_052671.1_mrna_XM_026135945.2_19586	3566	3367	1.7416	0.145285
lcl|NC_052671.1_mrna_XM_026135946.2_19587	1899	1700	6.81425e-07	1.12586e-07
lcl|NC_052671.1_mrna_XM_039452284.1_19588	1891	1692	7.72905e-05	1.28304e-05
lcl|NC_052671.1_mrna_NM_001304611.1_19589	2173	1974	0	0
lcl|NC_052671.1_mrna_XM_026135958.2_19590	1742	1543	320.359	58.3158
lcl|NC_052671.1_mrna_XM_011160930.3_19591	2325	2126	402	53.1103
lcl|NC_052671.1_mrna_XM_011165699.3_19592	1982	1783	1259	198.331
lcl|NC_052671.1_mrna_XM_011160933.3_19593	6147	5948	1536	72.5331
lcl|NC_052671.1_mrna_XM_026135989.2_19594	8807	8608	64.6182	2.10847
lcl|NC_052671.1_mrna_XM_039452372.1_19595	9050	8851	0	0
lcl|NC_052671.1_mrna_XM_026135987.2_19596	9011	8812	0	0
lcl|NC_052671.1_mrna_XM_026135986.2_19597	9080	8881	0	0
lcl|NC_052671.1_mrna_XM_011165337.3_19598	592	393	850	607.494
lcl|NC_052671.1_mrna_XM_011165336.3_19599	2046	1847	119	18.0966
lcl|NC_052671.1_mrna_XM_026135984.2_19600	7300	7101	2.15998	0.0854369
lcl|NC_052671.1_mrna_XM_026135983.2_19601	7350	7151	78.3222	3.07634
lcl|NC_052671.1_mrna_XM_026135982.2_19602	7358	7159	25.5178	1.00117
lcl|NC_052671.1_mrna_XM_011165334.3_19603	2566	2367	39.6776	4.70828
lcl|NC_052671.1_mrna_XM_011165335.3_19604	3197	2998	116.322	10.898
lcl|NC_052671.1_mrna_XM_026135981.2_19605	1009	810	472	163.671
lcl|NC_052671.1_mrna_XM_011165329.3_19606	2280	2081	541.904	73.1419
lcl|NC_052671.1_mrna_XM_026135980.2_19607	2266	2067	697.096	94.7256
lcl|NC_052671.1_mrna_XM_026135979.2_19608	3009	2810	3067	306.565
lcl|NC_052671.1_mrna_XM_026135978.2_19609	2318	2119	0	0
lcl|NC_052671.1_mrna_XM_026135956.2_19610	3325	3126	29.2236	2.62579
lcl|NC_052671.1_mrna_XM_026135955.2_19611	3461	3262	563.708	48.5384
lcl|NC_052671.1_mrna_XM_039452378.1_19612	5140	4941	39.3907	2.23921
lcl|NC_052671.1_mrna_XM_039452379.1_19613	3307	3108	288.901	26.1086
lcl|NC_052671.1_mrna_XM_039452381.1_19614	3214	3015	85.4055	7.95636
lcl|NC_052671.1_mrna_XM_039452380.1_19615	3133	2934	182.043	17.4273
lcl|NC_052671.1_ncrna_XR_005575309.1_19616	309	110	0	0
lcl|NC_052671.1_mrna_XM_039452374.1_19617	2374	2175	285.16	36.8252
lcl|NC_052671.1_mrna_XM_039452375.1_19618	2495	2296	141.659	17.3295
lcl|NC_052671.1_mrna_XM_039452376.1_19619	3001	2802	31.9794	3.20566
lcl|NC_052671.1_mrna_XM_039452377.1_19620	2269	2070	0	0
lcl|NC_052671.1_mrna_XM_039452382.1_19621	2521	2322	136.63	16.5272
lcl|NC_052671.1_mrna_XM_039452383.1_19622	2708	2509	36.9006	4.13093
lcl|NC_052671.1_mrna_XM_011165110.3_19623	1692	1493	2324	437.212
lcl|NC_052671.1_mrna_XM_011165111.3_19624	3232	3033	98	9.07548
lcl|NC_052671.1_mrna_XM_039452441.1_19625	1890	1691	0	0
lcl|NC_052671.1_mrna_XM_039452440.1_19626	1795	1596	0	0
lcl|NC_052671.1_mrna_XM_026135990.2_19627	1513	1314	0	0
lcl|NC_052671.1_mrna_XM_026135974.2_19628	3546	3347	0	0
lcl|NC_052671.1_mrna_XM_026135973.2_19629	3421	3222	0	0
lcl|NC_052671.1_mrna_XM_011165113.3_19630	1760	1561	1	0.179934
lcl|NC_052671.1_mrna_XM_026135969.2_19631	2449	2250	0	0
lcl|NC_052671.1_miscrna_XR_005575327.1_19632	2799	2600	226.099	24.4254
lcl|NC_052671.1_miscrna_XR_005575326.1_19633	4697	4498	2.36986	0.147986
lcl|NC_052671.1_miscrna_XR_005575325.1_19634	5723	5524	0	0
lcl|NC_052671.1_mrna_XM_011165115.3_19635	3929	3730	115.531	8.69972
lcl|NC_052671.1_mrna_XM_026135962.2_19636	8993	8794	2	0.0638792
lcl|NC_052671.1_mrna_XM_039452811.1_19637	861	662	0	0
lcl|NC_052671.1_mrna_XM_011165117.3_19638	606	407	0	0
lcl|NC_052671.1_mrna_XM_026135970.1_19639	912	713	0	0
lcl|NC_052671.1_mrna_XM_039452812.1_19640	428	229	0	0
lcl|NC_052671.1_mrna_XM_039452814.1_19641	1269	1070	0	0
lcl|NC_052671.1_mrna_XM_026135976.2_19642	474	275	2	2.04274
lcl|NC_052671.1_mrna_XM_039452588.1_19643	929	730	0	0
lcl|NC_052671.1_mrna_XM_026135975.2_19644	2125	1926	0	0
lcl|NC_052671.1_mrna_XM_011165118.3_19645	1676	1477	79.7012	15.1565
lcl|NC_052671.1_mrna_XM_011165119.3_19646	1942	1743	42.2988	6.81626
lcl|NC_052671.1_mrna_XM_011165121.3_19647	2536	2337	633	76.0783
lcl|NC_052671.1_mrna_XM_039452696.1_19648	789	590	0	0
lcl|NC_052671.1_mrna_XM_011165122.3_19649	1437	1238	103	23.3686
lcl|NC_052671.1_mrna_XM_011165164.3_19650	1540	1341	0	0
lcl|NC_052671.1_mrna_XM_011165123.3_19651	1032	833	0	0
lcl|NC_052671.1_mrna_XM_011165125.3_19652	2227	2028	10	1.38499
lcl|NC_052671.1_mrna_XM_011165127.3_19653	2350	2151	376.457	49.1576
lcl|NC_052671.1_mrna_XM_011165129.3_19654	2219	2020	0	0
lcl|NC_052671.1_mrna_XM_011165130.3_19655	2199	2000	606.572	85.186
lcl|NC_052671.1_mrna_XM_011165126.3_19656	8986	8787	0.00174336	5.57264e-05
lcl|NC_052671.1_mrna_XM_011165128.3_19657	8549	8350	474.969	15.977
lcl|NC_052671.1_mrna_XM_011158221.3_19658	1336	1137	386	95.3548
lcl|NC_052671.1_ncrna_XR_005575474.1_19659	381	182	0	0
lcl|NC_052671.1_mrna_XM_039453065.1_19660	2716	2517	34.6241	3.86377
lcl|NC_052671.1_mrna_XM_039453063.1_19661	2738	2539	112.376	12.4316
lcl|NC_052671.1_mrna_XM_039453064.1_19662	3220	3021	0	0
lcl|NC_052671.1_mrna_XM_011165132.3_19663	2744	2545	0	0
lcl|NC_052671.1_mrna_XM_039452815.1_19664	696	497	0	0
lcl|NC_052671.1_mrna_XM_039453096.1_19665	2798	2599	0	0
lcl|NC_052671.1_mrna_XM_039453095.1_19666	2675	2476	0	0
lcl|NC_052671.1_ncrna_XR_005575473.1_19667	3579	3380	1	0.0830996
lcl|NC_052671.1_mrna_XM_026138830.2_19668	1757	1558	0	0
lcl|NC_052671.1_mrna_XM_039453061.1_19669	1383	1184	0	0
lcl|NC_052671.1_mrna_XM_039453088.1_19670	1496	1297	0	0
lcl|NC_052671.1_mrna_XM_039453087.1_19671	1565	1366	0	0
lcl|NC_052671.1_mrna_XM_039453089.1_19672	1618	1419	0	0
lcl|NC_052671.1_mrna_XM_039452828.1_19673	2800	2601	0	0
lcl|NC_052671.1_mrna_XM_026138828.2_19674	1403	1204	0	0
lcl|NC_052671.1_mrna_XM_026138832.2_19675	2050	1851	0	0
lcl|NC_052671.1_mrna_XM_039453074.1_19676	1455	1256	0	0
lcl|NC_052671.1_mrna_XM_039453073.1_19677	1386	1187	0	0
lcl|NC_052671.1_mrna_XM_039453075.1_19678	2763	2564	0	0
lcl|NC_052671.1_mrna_XM_039453076.1_19679	2508	2309	0	0
lcl|NC_052671.1_mrna_XM_039453093.1_19680	1208	1009	0	0
lcl|NC_052671.1_mrna_XM_039453078.1_19681	2057	1858	0	0
lcl|NC_052671.1_mrna_XM_039453077.1_19682	1387	1188	0	0
lcl|NC_052671.1_mrna_XM_039453079.1_19683	1152	953	0	0
lcl|NC_052671.1_ncrna_XR_005575471.1_19684	1945	1746	0	0
lcl|NC_052671.1_mrna_XM_039453090.1_19685	2766	2567	3	0.328255
lcl|NC_052671.1_mrna_XM_039453091.1_19686	2805	2606	8.10836e-07	8.73925e-08
lcl|NC_052671.1_mrna_XM_039452829.1_19687	1579	1380	0	0
lcl|NC_052671.1_mrna_XM_039453097.1_19688	2307	2108	0	0
lcl|NC_052671.1_mrna_XM_039453092.1_19689	1909	1710	10	1.64255
lcl|NC_052671.1_mrna_XM_039453080.1_19690	2020	1821	0	0
lcl|NC_052671.1_mrna_XM_039453084.1_19691	964	765	0	0
lcl|NC_052671.1_mrna_XM_039453086.1_19692	1721	1522	0	0
lcl|NC_052671.1_mrna_XM_039453085.1_19693	2338	2139	0	0
lcl|NC_052671.1_mrna_XM_039453083.1_19694	1230	1031	0	0
lcl|NC_052671.1_mrna_XM_026138834.2_19695	1443	1244	0	0
lcl|NC_052671.1_mrna_XM_039453082.1_19696	1223	1024	0	0
lcl|NC_052671.1_mrna_XM_039453072.1_19697	2583	2384	0	0
lcl|NC_052671.1_mrna_XM_039453070.1_19698	2682	2483	0	0
lcl|NC_052671.1_mrna_XM_039453067.1_19699	2712	2513	0	0
lcl|NC_052671.1_mrna_XM_011165177.3_19700	2862	2663	0	0
lcl|NC_052671.1_mrna_XM_039453071.1_19701	2503	2304	0	0
lcl|NC_052671.1_mrna_XM_039453066.1_19702	2683	2484	0	0
lcl|NC_052671.1_mrna_XM_039453068.1_19703	1375	1176	0	0
lcl|NC_052671.1_mrna_XM_039452830.1_19704	2805	2606	0	0
lcl|NC_052671.1_mrna_XM_039453098.1_19705	1610	1411	0	0
lcl|NC_052671.1_ncrna_XR_005575472.1_19706	897	698	0	0
lcl|NC_052671.1_ncrna_XR_005575475.1_19707	1932	1733	0	0
lcl|NC_052671.1_mrna_XM_011165135.2_19708	1508	1309	0	0
lcl|NC_052671.1_ncrna_XR_850878.2_19709	1469	1270	0	0
lcl|NC_052671.1_mrna_XM_039453209.1_19710	10183	9984	73	2.05369
lcl|NC_052671.1_ncrna_XR_850877.3_19711	2564	2365	5	0.59382
lcl|NC_052671.1_mrna_XM_011165138.3_19712	3675	3476	408	32.9683
lcl|NC_052671.1_mrna_XM_026138839.2_19713	1759	1560	688	123.874
lcl|NC_052671.1_mrna_XM_011165185.3_19714	795	596	19	8.95412
lcl|NC_052671.1_mrna_XM_039452832.1_19715	676	477	0	0
lcl|NC_052671.1_mrna_XM_039453211.1_19716	1180	981	0	0
lcl|NC_052671.1_mrna_XM_039453210.1_19717	2016	1817	2	0.309165
lcl|NC_052671.1_ncrna_XR_005575482.1_19718	645	446	16.5031	10.3931
lcl|NC_052671.1_ncrna_XR_005575481.1_19719	646	447	5.27169	3.31252
lcl|NC_052671.1_ncrna_XR_003269283.2_19720	1244	1045	6.00041	1.6128
lcl|NC_052671.1_ncrna_XR_005575483.1_19721	863	664	12	5.07609
lcl|NC_052671.1_mrna_XM_039452833.1_19722	417	218	0	0
lcl|NC_052671.1_mrna_XM_039452413.1_19723	4862	4663	763.498	45.9894
lcl|NC_052671.1_mrna_XM_011168336.3_19724	5086	4887	837.125	48.1131
lcl|NC_052671.1_mrna_XM_026137717.2_19725	6798	6599	88.2504	3.75625
lcl|NC_052671.1_mrna_XM_026137718.2_19726	5754	5555	2.0485e-06	1.03578e-07
lcl|NC_052671.1_mrna_XM_026137719.2_19727	5673	5474	5.12676	0.26306
lcl|NC_052671.1_mrna_XM_011168334.3_19728	1663	1464	163.968	31.4582
lcl|NC_052671.1_mrna_XM_039452414.1_19729	1914	1715	17.3682	2.8445
lcl|NC_052671.1_mrna_XM_026137720.2_19730	2253	2054	676.664	92.5312
lcl|NC_052671.1_mrna_XM_011168331.3_19731	2644	2445	747	85.8139
lcl|NC_052671.1_mrna_XM_011168333.3_19732	1599	1400	712	142.846
lcl|NC_052671.1_mrna_XM_039452410.1_19733	16331	16132	0	0
lcl|NC_052671.1_mrna_XM_039452411.1_19734	16069	15870	112.683	1.99433
lcl|NC_052671.1_mrna_XM_039452409.1_19735	16334	16135	0	0
lcl|NC_052671.1_mrna_XM_026137708.2_19736	16392	16193	0	0
lcl|NC_052671.1_ncrna_XR_005575315.1_19737	9297	9098	1	0.0308724
lcl|NC_052671.1_mrna_XM_026137706.2_19738	4079	3880	4.02848	0.291625
lcl|NC_052671.1_mrna_XM_011168326.3_19739	4625	4426	0	0
lcl|NC_052671.1_mrna_XM_011168327.3_19740	4410	4211	68	4.53565
lcl|NC_052671.1_ncrna_XR_005575465.1_19741	2303	2104	5	0.667483
lcl|NC_052671.1_mrna_XM_011168325.3_19742	8055	7856	36	1.28711
lcl|NC_052671.1_mrna_XM_026137714.2_19743	1737	1538	7	1.27837
lcl|NC_052671.1_mrna_XM_026137715.2_19744	1855	1656	0	0
lcl|NC_052671.1_mrna_XM_026137716.2_19745	1798	1599	0	0
lcl|NC_052671.1_ncrna_XR_005575355.1_19746	686	487	34.7182	20.0237
lcl|NC_052671.1_ncrna_XR_003269040.2_19747	643	444	3.28183	2.0761
lcl|NC_052671.1_ncrna_XR_005575354.1_19748	745	546	0	0
lcl|NC_052671.1_mrna_XM_039452834.1_19749	15704	15505	143.075	2.59183
lcl|NC_052671.1_mrna_XM_011164792.3_19750	1534	1335	1637.82	344.589
lcl|NC_052671.1_mrna_XM_011164791.3_19751	1546	1347	538.176	112.221
lcl|NC_052671.1_mrna_XM_011164788.3_19752	3156	2957	403.184	38.2973
lcl|NC_052671.1_mrna_XM_026139748.2_19753	1007	808	8.14826	2.83249
lcl|NC_052671.1_mrna_XM_039452917.1_19754	3024	2825	0	0
lcl|NC_052671.1_mrna_XM_039452835.1_19755	1232	1033	0	0
lcl|NC_052671.1_mrna_XM_026141754.2_19756	821	622	0	0
lcl|NC_052671.1_ncrna_XR_005575458.1_19757	1083	884	4	1.27094
lcl|NC_052671.1_mrna_XM_039452836.1_19758	590	391	0	0
lcl|NC_052671.1_mrna_XM_039452979.1_19759	656	457	0	0
lcl|NC_052671.1_mrna_XM_039452893.1_19760	1067	868	0	0
lcl|NC_052671.1_mrna_XM_026135524.2_19761	1618	1419	1	0.19794
lcl|NC_052671.1_mrna_XM_039452894.1_19762	1736	1537	0	0
lcl|NC_052671.1_mrna_XM_026135521.2_19763	11249	11050	17	0.432118
lcl|NC_052671.1_mrna_XM_039452969.1_19764	10836	10637	0	0
lcl|NC_052671.1_mrna_XM_026135520.2_19765	11223	11024	0	0
lcl|NC_052671.1_mrna_XM_026135522.2_19766	11033	10834	0	0
lcl|NC_052671.1_mrna_XM_026135519.2_19767	11896	11697	0	0
lcl|NC_052671.1_mrna_XM_039452967.1_19768	11816	11617	0	0
lcl|NC_052671.1_mrna_XM_011164786.2_19769	1318	1119	1	0.251007
lcl|NC_052671.1_mrna_XM_026135523.2_19770	4190	3991	371	26.1101
lcl|NC_052671.1_mrna_XM_026135518.2_19771	4393	4194	0	0
lcl|NC_052671.1_ncrna_XR_850858.3_19772	1931	1732	533.438	86.5071
lcl|NC_052671.1_mrna_XM_011164785.3_19773	1737	1538	2690.58	491.367
lcl|NC_052671.1_mrna_XM_026135514.2_19774	1637	1438	224.417	43.8342
lcl|NC_052671.1_mrna_XM_039452913.1_19775	8915	8716	2.44428	0.078768
lcl|NC_052671.1_mrna_XM_039452915.1_19776	8903	8704	9.73387	0.31411
lcl|NC_052671.1_mrna_XM_039452916.1_19777	8900	8701	13.7546	0.444012
lcl|NC_052671.1_mrna_XM_039452914.1_19778	8912	8713	3.45229	0.11129
lcl|NC_052671.1_mrna_XM_039452912.1_19779	8927	8728	0.614954	0.0197899
lcl|NC_052671.1_mrna_XM_026135513.2_19780	4824	4625	0	0
lcl|NC_052671.1_mrna_XM_011164784.3_19781	4836	4637	0	0
lcl|NC_052671.1_ncrna_XR_005575400.1_19782	8236	8037	0	0
lcl|NC_052671.1_ncrna_XR_005575455.1_19783	537	338	0	0
lcl|NC_052671.1_ncrna_XR_850857.3_19784	1098	899	203	63.4238
lcl|NC_052671.1_mrna_XM_026135525.2_19785	718	519	1	0.541188
lcl|NC_052671.1_ncrna_XR_850856.3_19786	758	559	50	25.1231
lcl|NC_052671.1_mrna_XM_039452698.1_19787	5931	5732	0	0
lcl|NC_052671.1_miscrna_XR_003268771.2_19788	2761	2562	11.3739	1.24694
lcl|NC_052671.1_mrna_XM_011164782.3_19789	1372	1173	33.5699	8.03837
lcl|NC_052671.1_mrna_XM_039452699.1_19790	1347	1148	6.30484e-08	1.54258e-08
lcl|NC_052671.1_mrna_XM_026135516.2_19791	1453	1254	12.0562	2.7004
lcl|NC_052671.1_ncrna_XR_850855.3_19792	2044	1845	689	104.891
lcl|NC_052671.1_mrna_XM_011163418.3_19793	2819	2620	35.8239	3.84049
lcl|NC_052671.1_mrna_XM_039452918.1_19794	2903	2704	360.313	37.4273
lcl|NC_052671.1_mrna_XM_011163419.3_19795	2551	2352	53.8633	6.43238
lcl|NC_052671.1_mrna_XM_011163420.3_19796	4727	4528	6	0.372186
lcl|NC_052671.1_mrna_XM_011163416.3_19797	1741	1542	140.339	25.5629
lcl|NC_052671.1_mrna_XM_011163415.3_19798	1793	1594	1437.66	253.328
lcl|NC_052671.1_mrna_XM_039452863.1_19799	641	442	0	0
lcl|NC_052671.1_ncrna_XR_005575444.1_19800	5152	4953	0	0
lcl|NC_052671.1_mrna_XM_026137477.2_19801	2035	1836	3	0.458949
lcl|NC_052671.1_ncrna_XR_005575383.1_19802	887	688	0	0
lcl|NC_052671.1_mrna_XM_039452971.1_19803	2782	2583	1	0.10874
lcl|NC_052671.1_trna_19804	74	3.56892	0	0
lcl|NC_052671.1_trna_19805	74	3.56892	0	0
lcl|NC_052671.1_mrna_XM_011163414.3_19806	2515	2316	657	79.6788
lcl|NC_052671.1_mrna_XM_039452428.1_19807	5591	5392	154.802	8.06385
lcl|NC_052671.1_mrna_XM_011163413.3_19808	5456	5257	10.2661	0.54851
lcl|NC_052671.1_mrna_XM_039452429.1_19809	5525	5326	178.932	9.43631
lcl|NC_052671.1_mrna_XM_039452431.1_19810	3314	3115	0	0
lcl|NC_052671.1_mrna_XM_039452430.1_19811	2239	2040	0	0
lcl|NC_052671.1_mrna_XM_039452874.1_19812	888	689	0.5	0.203829
lcl|NC_052671.1_mrna_XM_039452434.1_19813	1690	1491	0	0
lcl|NC_052671.1_mrna_XM_039452432.1_19814	1602	1403	0	0
lcl|NC_052671.1_mrna_XM_039452433.1_19815	1587	1388	0	0
lcl|NC_052671.1_mrna_XM_011163984.1_19816	492	293	0	0
lcl|NC_052671.1_mrna_XM_039452875.1_19817	1809	1610	0	0
lcl|NC_052671.1_mrna_XM_039452876.1_19818	783	584	0	0
lcl|NC_052671.1_mrna_XM_039452908.1_19819	4064	3865	8	0.581375
lcl|NC_052671.1_mrna_XM_039452803.1_19820	2570	2371	3	0.35539
lcl|NC_052671.1_mrna_XM_026139717.1_19821	1203	1004	0	0
lcl|NC_052671.1_mrna_XM_011175824.2_19822	609	410	1	0.685065
lcl|NC_052671.1_mrna_XM_039452595.1_19823	800	601	5	2.33674
lcl|NC_052671.1_mrna_XM_039452596.1_19824	2726	2527	50.0214	5.55989
lcl|NC_052671.1_mrna_XM_039452511.1_19825	2370	2171	30.8346	3.98928
lcl|NC_052671.1_mrna_XM_026139713.2_19826	2310	2111	0	0
lcl|NC_052671.1_mrna_XM_011174202.3_19827	2445	2246	296.922	37.132
lcl|NC_052671.1_mrna_XM_011174204.3_19828	2301	2102	163.733	21.8785
lcl|NC_052671.1_mrna_XM_011174203.3_19829	2196	1997	240.039	33.7613
lcl|NC_052671.1_mrna_XM_011174201.3_19830	2358	2159	492.365	64.0546
lcl|NC_052671.1_mrna_XM_039452879.1_19831	715	516	682	371.236
lcl|NC_052671.1_mrna_XM_039452571.1_19832	3173	2974	543.43	51.3238
lcl|NC_052671.1_mrna_XM_039452570.1_19833	3207	3008	109.57	10.2313
lcl|NC_052671.1_ncrna_XR_005575410.1_19834	850	651	210.655	90.8882
lcl|NC_052671.1_mrna_XM_039452660.1_19835	2382	2183	52.3738	6.7387
lcl|NC_052671.1_mrna_XM_039452661.1_19836	2172	1973	68.7911	9.79312
lcl|NC_052671.1_mrna_XM_011164617.3_19837	2850	2651	0	0
lcl|NC_052671.1_mrna_XM_026139929.2_19838	631	432	0	0
lcl|NC_052671.1_mrna_XM_039452910.1_19839	936	737	1	0.381108
lcl|NC_052671.1_mrna_XM_039452895.1_19840	2904	2705	0	0
lcl|NC_052671.1_mrna_XM_011164616.3_19841	2973	2774	0	0
lcl|NC_052671.1_mrna_XM_039452959.1_19842	1903	1704	5	0.824169
lcl|NC_052671.1_mrna_XM_039452773.1_19843	2009	1810	1	0.155181
lcl|NC_052671.1_mrna_XM_039452772.1_19844	2075	1876	0	0
lcl|NC_052671.1_mrna_XM_039452394.1_19845	2952	2753	0	0
lcl|NC_052671.1_mrna_XM_039452393.1_19846	3209	3010	0	0
lcl|NC_052671.1_mrna_XM_039452401.1_19847	997	798	0	0
lcl|NC_052671.1_mrna_XM_039452386.1_19848	3563	3364	0	0
lcl|NC_052671.1_mrna_XM_039452385.1_19849	3763	3564	0	0
lcl|NC_052671.1_mrna_XM_039452388.1_19850	1588	1389	0	0
lcl|NC_052671.1_mrna_XM_039452387.1_19851	1788	1589	0.666667	0.117842
lcl|NC_052671.1_miscrna_XR_005575313.1_19852	1171	972	0	0
lcl|NC_052671.1_mrna_XM_011176057.2_19853	951	752	0	0
lcl|NC_052671.1_mrna_XM_039452398.1_19854	2242	2043	0	0
lcl|NC_052671.1_mrna_XM_039452397.1_19855	2367	2168	0	0
lcl|NC_052671.1_mrna_XM_039452395.1_19856	2369	2170	0	0
lcl|NC_052671.1_mrna_XM_039452396.1_19857	2310	2111	0	0
lcl|NC_052671.1_mrna_XM_039452399.1_19858	1105	906	0	0
lcl|NC_052671.1_ncrna_XR_005575310.1_19859	3523	3324	0	0
lcl|NC_052671.1_ncrna_XR_003269504.2_19860	3723	3524	0	0
lcl|NC_052671.1_ncrna_XR_005575312.1_19861	1588	1389	0	0
lcl|NC_052671.1_ncrna_XR_005575311.1_19862	1788	1589	0.666667	0.117842
lcl|NC_052671.1_ncrna_XR_003269503.2_19863	1171	972	0	0
lcl|NC_052671.1_mrna_XM_039452400.1_19864	1147	948	0	0
lcl|NC_052671.1_mrna_XM_039452391.1_19865	1966	1767	0	0
lcl|NC_052671.1_mrna_XM_039452389.1_19866	1989	1790	2.02925	0.318418
lcl|NC_052671.1_mrna_XM_039452392.1_19867	2238	2039	0	0
lcl|NC_052671.1_mrna_XM_039452390.1_19868	2158	1959	0	0
lcl|NC_052671.1_mrna_XM_039452888.1_19869	4137	3938	1	0.0713247
lcl|NC_052671.1_mrna_XM_039452890.1_19870	1007	808	1.27929	0.444707
lcl|NC_052671.1_mrna_XM_011173448.3_19871	8129	7930	75.9168	2.68894
lcl|NC_052671.1_mrna_XM_011173450.3_19872	8026	7827	19.0832	0.684812
lcl|NC_052671.1_mrna_XM_039452821.1_19873	10049	9850	0	0
lcl|NC_052671.1_mrna_XM_039452820.1_19874	8021	7822	0	0
lcl|NC_052671.1_mrna_XM_039452818.1_19875	8120	7921	4.58134e-08	1.62453e-09
lcl|NC_052671.1_mrna_XM_039452817.1_19876	8123	7924	3.13361e-08	1.11075e-09
lcl|NC_052671.1_mrna_XM_039452819.1_19877	8183	7984	0	0
lcl|NC_052671.1_ncrna_XR_005575414.1_19878	5062	4863	5	0.28879
lcl|NC_052671.1_mrna_XM_011173445.3_19879	4007	3808	0.180559	0.013318
lcl|NC_052671.1_mrna_XM_011173447.3_19880	3995	3796	4.28024	0.316707
lcl|NC_052671.1_mrna_XM_011173446.3_19881	3822	3623	0	0
lcl|NC_052671.1_mrna_XM_039452823.1_19882	3654	3455	2.5392	0.206426
lcl|NC_052671.1_mrna_XM_026140041.2_19883	3804	3605	594.542	46.3226
lcl|NC_052671.1_mrna_XM_039452816.1_19884	3422	3223	203.458	17.7309
lcl|NC_052671.1_mrna_XM_011173443.3_19885	1706	1507	36	6.70973
lcl|NC_052671.1_mrna_XM_039452827.1_19886	590	391	1.63928	1.17758
lcl|NC_052671.1_mrna_XM_039452825.1_19887	1085	886	147.361	46.7158
lcl|NC_052671.1_mrna_XM_039452826.1_19888	749	550	0	0
lcl|NC_052671.1_mrna_XM_026140040.2_19889	994	795	184.598	65.2193
lcl|NC_052671.1_mrna_XM_026140039.2_19890	1000	801	201.402	70.623
lcl|NC_052671.1_mrna_XM_011173436.3_19891	1758	1559	198.325	35.7312
lcl|NC_052671.1_mrna_XM_011173437.3_19892	1751	1552	1249.67	226.163
lcl|NC_052671.1_mrna_XM_011173435.3_19893	2561	2362	72	8.56186
lcl|NC_052671.1_mrna_XM_039452822.1_19894	2342	2143	0	0
lcl|NC_052671.1_mrna_XM_026140038.2_19895	1686	1487	8	1.51111
lcl|NC_052671.1_mrna_XM_011173434.2_19896	2958	2759	1785	181.72
lcl|NC_052671.1_mrna_XM_011173433.3_19897	880	681	658	271.39
lcl|NC_052671.1_mrna_XM_011173432.3_19898	2010	1811	21	3.25699
lcl|NC_052671.1_mrna_XM_039452891.1_19899	639	440	0	0
lcl|NC_052671.1_mrna_XM_011170768.3_19900	693	494	13	7.39149
lcl|NC_052671.1_mrna_XM_039452668.1_19901	6486	6287	2.03376	0.0908597
lcl|NC_052671.1_mrna_XM_039452669.1_19902	5399	5200	0	0
lcl|NC_052671.1_mrna_XM_039452333.1_19903	7864	7665	13	0.476373
lcl|NC_052671.1_mrna_XM_039452612.1_19904	2877	2678	384.26	40.3023
lcl|NC_052671.1_mrna_XM_039452614.1_19905	2604	2405	63.7404	7.44416
lcl|NC_052671.1_mrna_XM_039452613.1_19906	2625	2426	0	0
lcl|NC_052671.1_mrna_XM_011163430.3_19907	4518	4319	355	23.0866
lcl|NC_052671.1_mrna_XM_039452488.1_19908	609	410	2.54119	1.74088
lcl|NC_052671.1_mrna_XM_039452924.1_19909	818	619	3.00639	1.36418
lcl|NC_052671.1_mrna_XM_039452970.1_19910	1093	894	0	0
lcl|NC_052671.1_mrna_XM_039453122.1_19911	957	758	0	0
lcl|NC_052671.1_mrna_XM_039452601.1_19912	3671	3472	4.61182	0.373085
lcl|NC_052671.1_ncrna_XR_005575367.1_19913	1941	1742	0	0
lcl|NC_052671.1_mrna_XM_039452907.1_19914	1283	1084	1	0.259111
lcl|NC_052671.1_ncrna_XR_005575470.1_19915	647	448	0	0
lcl|NC_052671.1_mrna_XM_011173334.3_19916	1398	1199	0	0
lcl|NC_052671.1_mrna_XM_026141704.1_19917	378	179	0	0
lcl|NC_052671.1_mrna_XM_039453124.1_19918	3294	3095	2	0.181504
lcl|NC_052671.1_ncrna_XR_003268157.2_19919	110	4.62459	0	0
lcl|NC_052671.1_mrna_XM_039453125.1_19920	1057	858	0	0
lcl|NC_052671.1_miscrna_XR_005575364.1_19921	1253	1054	0	0
lcl|NC_052671.1_mrna_XM_039452597.1_19922	1159	960	0	0
lcl|NC_052671.1_miscrna_XR_005575365.1_19923	1189	990	0.518717	0.147167
lcl|NC_052671.1_mrna_XM_039453231.1_19924	595	396	0	0
lcl|NC_052671.1_mrna_XM_039453126.1_19925	885	686	0	0
lcl|NC_052671.1_mrna_XM_039452757.1_19926	2243	2044	0	0
lcl|NC_052671.1_mrna_XM_039453127.1_19927	459	260	0	0
lcl|NC_052671.1_mrna_XM_039453128.1_19928	448	249	0	0
lcl|NC_052671.1_mrna_XM_039453130.1_19929	798	599	0	0
lcl|NC_052671.1_mrna_XM_039453131.1_19930	421	222	0	0
lcl|NC_052671.1_mrna_XM_011171205.2_19931	1239	1040	0	0
lcl|NC_052671.1_mrna_XM_039453132.1_19932	474	275	0	0
lcl|NC_052671.1_mrna_XM_039452662.1_19933	1034	835	0	0
lcl|NC_052671.1_ncrna_XR_005575377.1_19934	698	499	1	0.562879
lcl|NC_052671.1_mrna_XM_039452640.1_19935	4082	3883	2.26432	0.16379
lcl|NC_052671.1_mrna_XM_039453133.1_19936	957	758	0	0
lcl|NC_052671.1_mrna_XM_026140288.1_19937	993	794	1	0.353749
lcl|NC_052671.1_mrna_XM_026140289.1_19938	1359	1160	1	0.242135
lcl|NC_052671.1_mrna_XM_011178055.2_19939	2379	2180	0	0
lcl|NC_052671.1_mrna_XM_011178056.1_19940	915	716	0	0
lcl|NC_052671.1_mrna_XM_011178057.2_19941	1350	1151	0	0
lcl|NC_052671.1_mrna_XM_039452402.1_19942	3268	3069	94.7927	8.67549
lcl|NC_052671.1_mrna_XM_011178054.3_19943	3513	3314	284.207	24.0879
lcl|NC_052671.1_mrna_XM_039452404.1_19944	1887	1688	0	0
lcl|NC_052671.1_mrna_XM_039452403.1_19945	2435	2236	0	0
lcl|NC_052671.1_mrna_XM_039452407.1_19946	1705	1506	5	0.932526
lcl|NC_052671.1_mrna_XM_039452405.1_19947	1831	1632	0	0
lcl|NC_052671.1_mrna_XM_039452406.1_19948	1901	1702	0	0
lcl|NC_052671.1_mrna_XM_039452408.1_19949	1817	1618	0	0
lcl|NC_052671.1_mrna_XM_039452426.1_19950	5233	5034	116	6.47233
lcl|NC_052671.1_mrna_XM_026139895.2_19951	3628	3429	0	0
lcl|NC_052671.1_mrna_XM_026139899.2_19952	3728	3529	2	0.159182
lcl|NC_052671.1_mrna_XM_011161509.3_19953	7464	7265	180	6.95909
lcl|NC_052671.1_mrna_XM_039452454.1_19954	5134	4935	60.6019	3.44917
lcl|NC_052671.1_miscrna_XR_005575331.1_19955	5201	5002	98.2467	5.51683
lcl|NC_052671.1_mrna_XM_039452455.1_19956	6318	6119	57.5721	2.64269
lcl|NC_052671.1_miscrna_XR_005575330.1_19957	5269	5070	27.5794	1.52789
lcl|NC_052671.1_mrna_XM_039452453.1_19958	6330	6131	0	0
lcl|NC_052671.1_mrna_XM_039452515.1_19959	1915	1716	732	119.815
lcl|NC_052671.1_ncrna_XR_005575348.1_19960	432	233	0	0
lcl|NC_052671.1_mrna_XM_011176806.3_19961	660	461	1349	821.915
lcl|NC_052671.1_mrna_XM_039452479.1_19962	3904	3705	0	0
lcl|NC_052671.1_mrna_XM_011176808.3_19963	3891	3692	270.139	20.5514
lcl|NC_052671.1_mrna_XM_039452481.1_19964	3594	3395	0	0
lcl|NC_052671.1_mrna_XM_011176810.3_19965	3888	3689	362.073	27.5679
lcl|NC_052671.1_mrna_XM_039452480.1_19966	3578	3379	8.78784	0.730482
lcl|NC_052671.1_mrna_XM_011174336.3_19967	7977	7778	0.00664365	0.000239913
lcl|NC_052671.1_mrna_XM_011174335.3_19968	8031	7832	66.8899	2.39885
lcl|NC_052671.1_mrna_XM_039452326.1_19969	3602	3403	0	0
lcl|NC_052671.1_mrna_XM_039452327.1_19970	3493	3294	0	0
lcl|NC_052671.1_mrna_XM_026141471.2_19971	3784	3585	264	20.6838
lcl|NC_052671.1_mrna_XM_039452325.1_19972	4113	3914	53.6165	3.84763
lcl|NC_052671.1_mrna_XM_026141470.2_19973	4040	3841	750.384	54.8725
lcl|NC_052671.1_mrna_XM_039452329.1_19974	1625	1426	322.58	63.538
lcl|NC_052671.1_mrna_XM_039452330.1_19975	1480	1281	0.123944	0.0271763
lcl|NC_052671.1_mrna_XM_039452331.1_19976	1396	1197	220.517	51.7445
lcl|NC_052671.1_ncrna_XR_005575300.1_19977	339	140	26.374	52.9132
lcl|NC_052671.1_mrna_XM_026141431.2_19978	1843	1644	13.1503	2.24672
lcl|NC_052671.1_mrna_XM_026141430.2_19979	2019	1820	634.85	97.975
lcl|NC_052671.1_mrna_XM_039452354.1_19980	2138	1939	18.5392	2.68553
lcl|NC_052671.1_mrna_XM_011174819.3_19981	2139	1940	110.239	15.9605
lcl|NC_052671.1_mrna_XM_039452352.1_19982	2203	2004	465.604	65.2581
lcl|NC_052671.1_mrna_XM_011174816.3_19983	2474	2275	76.7604	9.47701
lcl|NC_052671.1_mrna_XM_039452353.1_19984	2376	2177	19.8878	2.56593
lcl|NC_052671.1_mrna_XM_011174818.3_19985	2334	2135	130.97	17.2302
lcl|NC_052671.1_mrna_XM_039453134.1_19986	717	518	0	0
lcl|NC_052671.1_mrna_XM_039453135.1_19987	1446	1247	0	0
lcl|NC_052671.1_mrna_XM_011165062.3_19988	1291	1092	470	120.89
lcl|NC_052671.1_mrna_XM_011165063.3_19989	4903	4704	251.931	15.0429
lcl|NC_052671.1_mrna_XM_011165065.3_19990	5935	5736	248.614	12.174
lcl|NC_052671.1_mrna_XM_026140807.2_19991	1388	1189	268.662	63.4658
lcl|NC_052671.1_mrna_XM_011165064.3_19992	1370	1171	410.724	98.5166
lcl|NC_052671.1_ncrna_XR_005575384.1_19993	318	119	12.4123	29.2968
lcl|NC_052671.1_mrna_XM_039452490.1_19994	1587	1388	154	31.1636
lcl|NC_052671.1_ncrna_XR_005575338.1_19995	1647	1448	0	0
lcl|NC_052671.1_ncrna_XR_005575340.1_19996	1585	1386	0	0
lcl|NC_052671.1_mrna_XM_039452489.1_19997	5214	5015	0	0
lcl|NC_052671.1_mrna_XM_039452715.1_19998	2861	2662	3	0.31654
lcl|NC_052671.1_mrna_XM_026131709.2_19999	1140	941	0	0
lcl|NC_052671.1_mrna_XM_039453136.1_20000	645	446	1.15276	0.725974
lcl|NC_052671.1_mrna_XM_039452795.1_20001	592	393	1	0.714699
lcl|NC_052671.1_mrna_XM_039452451.1_20002	5701	5502	43	2.19515
lcl|NC_052671.1_mrna_XM_026140928.2_20003	6301	6102	0	0
lcl|NC_052671.1_mrna_XM_039453137.1_20004	1941	1742	0	0
lcl|NC_052671.1_mrna_XM_039452635.1_20005	1776	1577	46.2247	8.23301
lcl|NC_052671.1_mrna_XM_026141733.2_20006	993	794	491.956	174.029
lcl|NC_052671.1_mrna_XM_039453138.1_20007	495	296	2	1.89782
lcl|NC_052671.1_mrna_XM_026139398.2_20008	2564	2365	925	109.857
lcl|NC_052671.1_mrna_XM_026139399.2_20009	1936	1737	1.20082	0.194176
lcl|NC_052671.1_mrna_XM_026139400.2_20010	1933	1734	6.79918	1.10134
lcl|NC_052671.1_mrna_XM_011169326.3_20011	1811	1612	4458.95	776.932
lcl|NC_052671.1_mrna_XM_011169327.2_20012	1806	1607	3115.05	544.459
lcl|NC_052671.1_mrna_XM_011169325.3_20013	3213	3014	1279.98	119.282
lcl|NC_052671.1_mrna_XM_011169324.3_20014	12224	12025	143.667	3.35574
lcl|NC_052671.1_mrna_XM_011169323.3_20015	7164	6965	784.333	31.6297
lcl|NC_052671.1_mrna_XM_011169322.3_20016	2294	2095	52	6.97164
lcl|NC_052671.1_mrna_XM_011169320.3_20017	14509	14310	239	4.69109
lcl|NC_052671.1_mrna_XM_026139396.2_20018	3431	3232	0	0
lcl|NC_052671.1_mrna_XM_026139397.2_20019	3410	3211	76	6.64797
lcl|NC_052671.1_ncrna_XR_005575422.1_20020	3258	3059	0	0
lcl|NC_052671.1_mrna_XM_039452877.1_20021	5635	5436	0.000439492	2.27084e-05
lcl|NC_052671.1_mrna_XM_026139390.2_20022	5557	5358	868	45.5022
lcl|NC_052671.1_rrna_XR_005575493.1_20023	119	5.00576	0	0
lcl|NC_052671.1_miscrna_XR_005575428.1_20024	981	782	0	0
lcl|NC_052671.1_miscrna_XR_005575427.1_20025	873	674	0	0
lcl|NC_052671.1_miscrna_XR_850588.3_20026	837	638	0	0
lcl|NC_052671.1_miscrna_XR_005575424.1_20027	957	758	0	0
lcl|NC_052671.1_miscrna_XR_850587.3_20028	895	696	1.47835	0.5966
lcl|NC_052671.1_mrna_XM_011157725.3_20029	733	534	0	0
lcl|NC_052671.1_miscrna_XR_005575426.1_20030	418	219	11.1844	14.3444
lcl|NC_052671.1_mrna_XM_026139393.2_20031	605	406	3.25828	2.25412
lcl|NC_052671.1_miscrna_XR_005575425.1_20032	426	227	0	0
lcl|NC_052671.1_miscrna_XR_005575423.1_20033	391	192	13.0625	19.1091
lcl|NC_052671.1_mrna_XM_026139394.2_20034	2451	2252	149.803	18.6839
lcl|NC_052671.1_mrna_XM_039452302.1_20035	3039	2840	15.0507	1.48852
lcl|NC_052671.1_mrna_XM_011157724.3_20036	2931	2732	1184.95	121.825
lcl|NC_052671.1_mrna_XM_039452309.1_20037	6777	6578	0	0
lcl|NC_052671.1_mrna_XM_039452305.1_20038	7185	6986	0	0
lcl|NC_052671.1_mrna_XM_039452308.1_20039	7055	6856	0	0
lcl|NC_052671.1_mrna_XM_039452306.1_20040	7205	7006	0	0
lcl|NC_052671.1_mrna_XM_039452307.1_20041	7190	6991	0	0
lcl|NC_052671.1_mrna_XM_039452303.1_20042	7208	7009	0	0
lcl|NC_052671.1_mrna_XM_039452304.1_20043	7400	7201	1	0.0390052
lcl|NC_052671.1_mrna_XM_039453139.1_20044	2567	2368	44	5.21899
lcl|NC_052671.1_mrna_XM_039453140.1_20045	921	722	0	0
lcl|NC_052671.1_ncrna_XR_003269482.2_20046	1484	1285	2.24273	0.490218
lcl|NC_052671.1_mrna_XM_039453141.1_20047	927	728	0	0
lcl|NC_052671.1_mrna_XM_011175840.1_20048	1179	980	0	0
lcl|NC_052671.1_mrna_XM_026131739.2_20049	757	558	0	0
lcl|NC_052671.1_mrna_XM_039453143.1_20050	2429	2230	0	0
lcl|NC_052671.1_ncrna_XR_005575363.1_20051	937	738	547.339	208.313
lcl|NC_052671.1_ncrna_XR_005575362.1_20052	937	738	5.16583	1.96607
lcl|NC_052671.1_ncrna_XR_005575361.1_20053	938	739	1.32831	0.50486
lcl|NC_052671.1_ncrna_XR_005575360.1_20054	995	796	73.3954	25.8983
lcl|NC_052671.1_ncrna_XR_005575359.1_20055	966	767	106.699	39.0733
lcl|NC_052671.1_mrna_XM_039452677.1_20056	718	519	2.83595	1.53479
lcl|NC_052671.1_mrna_XM_039452675.1_20057	1248	1049	0	0
lcl|NC_052671.1_mrna_XM_026134322.2_20058	1123	924	0	0
lcl|NC_052671.1_mrna_XM_039453144.1_20059	732	533	0	0
lcl|NC_052671.1_mrna_XM_026141237.1_20060	402	203	0	0
lcl|NC_052671.1_mrna_XM_011173247.1_20061	555	356	0	0
lcl|NC_052671.1_mrna_XM_039452299.1_20062	10812	10613	553.659	14.6528
lcl|NC_052671.1_mrna_XM_039452300.1_20063	10599	10400	39.808	1.07511
lcl|NC_052671.1_mrna_XM_039452298.1_20064	10830	10631	0.592063	0.0156426
lcl|NC_052671.1_mrna_XM_039452297.1_20065	10751	10552	26.2655	0.699144
lcl|NC_052671.1_mrna_XM_039452301.1_20066	10652	10453	22.415	0.602301
lcl|NC_052671.1_ncrna_XR_005575297.1_20067	634	435	2.3236	1.50034
lcl|NC_052671.1_mrna_XM_039452423.1_20068	3270	3071	4071	372.338
lcl|NC_052671.1_mrna_XM_039452424.1_20069	2283	2084	16	2.15644
lcl|NC_052671.1_mrna_XM_026141352.2_20070	922	723	0	0
lcl|NC_052671.1_mrna_XM_011162035.3_20071	1377	1178	76.9357	18.3442
lcl|NC_052671.1_mrna_XM_039452456.1_20072	5736	5537	0	0
lcl|NC_052671.1_mrna_XM_039452457.1_20073	5839	5640	8.06427	0.401607
lcl|NC_052671.1_mrna_XM_039452436.1_20074	2851	2652	0.0614505	0.00650831
lcl|NC_052671.1_mrna_XM_039452435.1_20075	2946	2747	317.939	32.5087
lcl|NC_052671.1_mrna_XM_039452437.1_20076	2977	2778	0	0
lcl|NC_052671.1_ncrna_XR_005575476.1_20077	328	129	12	26.1281
lcl|NC_052671.1_mrna_XM_039453107.1_20078	7252	7053	0	0
lcl|NC_052671.1_mrna_XM_039453104.1_20079	7443	7244	4.17443	0.161858
lcl|NC_052671.1_mrna_XM_039453109.1_20080	4463	4264	3.28975	0.216701
lcl|NC_052671.1_mrna_XM_039453108.1_20081	4987	4788	0	0
lcl|NC_052671.1_mrna_XM_039453106.1_20082	7313	7114	0	0
lcl|NC_052671.1_mrna_XM_039453102.1_20083	7504	7305	0	0
lcl|NC_052671.1_mrna_XM_039453105.1_20084	8560	8361	4.20745	0.141344
lcl|NC_052671.1_mrna_XM_039453099.1_20085	10506	10307	0	0
lcl|NC_052671.1_mrna_XM_039453103.1_20086	9051	8852	0	0
lcl|NC_052671.1_mrna_XM_039453101.1_20087	10570	10371	0	0
lcl|NC_052671.1_mrna_XM_039453100.1_20088	10202	10003	0.328374	0.0092205
lcl|NC_052671.1_mrna_XM_039453146.1_20089	672	473	0	0
lcl|NC_052671.1_mrna_XM_039453148.1_20090	1392	1193	0	0
lcl|NC_052671.1_mrna_XM_039453149.1_20091	4998	4799	1	0.0585282
lcl|NC_052671.1_mrna_XM_039452611.1_20092	1010	811	168.462	58.3441
lcl|NC_052671.1_mrna_XM_026141303.2_20093	1385	1186	56.6063	13.4059
lcl|NC_052671.1_mrna_XM_011164826.3_20094	1417	1218	15.4641	3.5661
lcl|NC_052671.1_mrna_XM_026141302.2_20095	1552	1353	549.358	114.044
lcl|NC_052671.1_mrna_XM_011164827.3_20096	1655	1456	260.109	50.1777
lcl|NC_052671.1_mrna_XM_011160950.3_20097	3230	3031	478	44.2953
lcl|NC_052671.1_mrna_XM_039452514.1_20098	1163	964	3042.91	886.6
lcl|NC_052671.1_mrna_XM_039452512.1_20099	1259	1060	4537.85	1202.43
lcl|NC_052671.1_mrna_XM_039452513.1_20100	1275	1076	337.241	88.0327
lcl|NC_052671.1_ncrna_XR_005575411.1_20101	636	437	22.2408	14.295
lcl|NC_052671.1_ncrna_XR_005575430.1_20102	239	41.1625	0.64527	4.40307
lcl|NC_052671.1_mrna_XM_011172815.3_20103	1337	1138	96.8441	23.9027
lcl|NC_052671.1_mrna_XM_011172814.3_20104	1456	1257	417.222	93.2283
lcl|NC_052671.1_mrna_XM_039452324.1_20105	1096	897	341.934	107.069
lcl|NC_052671.1_mrna_XM_026142225.1_20106	597	398	0	0
lcl|NC_052671.1_mrna_XM_039453151.1_20107	5430	5231	0	0
lcl|NC_052671.1_mrna_XM_011172820.2_20108	1026	827	0	0
lcl|NC_052671.1_mrna_XM_011172819.1_20109	672	473	0	0
lcl|NC_052671.1_mrna_XM_011172818.1_20110	1266	1067	0	0
lcl|NC_052671.1_mrna_XM_011172817.1_20111	738	539	0	0
lcl|NC_052671.1_mrna_XM_011172816.1_20112	564	365	0	0
lcl|NC_052671.1_mrna_XM_026140613.1_20113	3483	3284	61.1035	5.22611
lcl|NC_052671.1_mrna_XM_039452762.1_20114	4987	4788	0	0
lcl|NC_052671.1_mrna_XM_039452761.1_20115	3946	3747	0	0
lcl|NC_052671.1_mrna_XM_011176722.3_20116	2853	2654	0	0
lcl|NC_052671.1_mrna_XM_026142071.2_20117	2184	1985	0	0
lcl|NC_052671.1_mrna_XM_039452921.1_20118	3184	2985	0	0
lcl|NC_052671.1_mrna_XM_039452801.1_20119	1864	1665	0	0
lcl|NC_052671.1_mrna_XM_039452655.1_20120	1506	1307	0	0
lcl|NC_052671.1_mrna_XM_039452654.1_20121	2710	2511	0.00659043	0.000737196
lcl|NC_052671.1_miscrna_XR_005575357.1_20122	2533	2334	6.72529	0.80933
lcl|NC_052671.1_miscrna_XR_005575358.1_20123	2443	2244	1.49164	0.186706
lcl|NC_052671.1_mrna_XM_039452572.1_20124	1688	1489	0	0
lcl|NC_052671.1_mrna_XM_039452574.1_20125	1595	1396	1.5513	0.312123
lcl|NC_052671.1_mrna_XM_039452573.1_20126	1646	1447	0	0
lcl|NC_052671.1_mrna_XM_039452288.1_20127	6005	5806	0.000447032	2.16261e-05
lcl|NC_052671.1_mrna_XM_039452289.1_20128	6147	5948	9.91674	0.468289
lcl|NC_052671.1_mrna_XM_039452291.1_20129	6439	6240	4.57965	0.206141
lcl|NC_052671.1_mrna_XM_039452290.1_20130	6443	6244	2.4082	0.108329
lcl|NC_052671.1_mrna_XM_039452292.1_20131	5895	5696	27.438	1.353
lcl|NC_052671.1_mrna_XM_026138925.2_20132	5944	5745	8.26889e-06	4.04271e-07
lcl|NC_052671.1_mrna_XM_039452294.1_20133	5941	5742	30.104	1.47257
lcl|NC_052671.1_mrna_XM_026138928.2_20134	5834	5635	0.552953	0.027562
lcl|NC_052671.1_mrna_XM_026138472.2_20135	2284	2085	4.02845	0.542684
lcl|NC_052671.1_ncrna_XR_005575296.1_20136	1297	1098	0	0
lcl|NC_052671.1_mrna_XM_039452653.1_20137	1628	1429	0	0
lcl|NC_052671.1_ncrna_XR_005575421.1_20138	4243	4044	0	0
lcl|NC_052671.1_ncrna_XR_005575321.1_20139	593	394	0	0
lcl|NC_052671.1_ncrna_XR_005575318.1_20140	3049	2850	0	0
lcl|NC_052671.1_ncrna_XR_005575319.1_20141	2985	2786	0	0
lcl|NC_052671.1_ncrna_XR_005575317.1_20142	2988	2789	0	0
lcl|NC_052671.1_mrna_XM_039453153.1_20143	1594	1395	0	0
lcl|NC_052671.1_mrna_XM_039453154.1_20144	610	411	0	0
lcl|NC_052671.1_ncrna_XR_005575320.1_20145	1657	1458	1	0.192645
lcl|NC_052671.1_ncrna_XR_005575322.1_20146	1245	1046	2	0.537049
lcl|NC_052671.1_ncrna_XR_005575323.1_20147	1857	1658	0	0
lcl|NC_052671.1_ncrna_XR_005575324.1_20148	1657	1458	1	0.192645
lcl|NC_052671.1_mrna_XM_039452422.1_20149	3472	3273	0	0
lcl|NC_052671.1_mrna_XM_039453156.1_20150	5406	5207	0	0
lcl|NC_052671.1_ncrna_XR_005575403.1_20151	3981	3782	0	0
lcl|NC_052671.1_ncrna_XR_005575402.1_20152	3990	3791	0	0
lcl|NC_052671.1_ncrna_XR_005575404.1_20153	3826	3627	0	0
lcl|NC_052671.1_ncrna_XR_005575405.1_20154	1678	1479	2	0.37982
lcl|NC_052671.1_ncrna_XR_005575401.1_20155	442	243	0	0
lcl|NC_052671.1_mrna_XM_011172306.2_20156	918	719	0	0
lcl|NC_052671.1_mrna_XM_026134324.2_20157	3441	3242	0	0
lcl|NC_052671.1_mrna_XM_039453157.1_20158	1311	1112	4	1.01035
lcl|NC_052671.1_mrna_XM_039452794.1_20159	3969	3770	0	0
lcl|NC_052671.1_ncrna_XR_005575464.1_20160	214	23.0114	0	0
lcl|NC_052671.1_mrna_XM_039453158.1_20161	1097	898	0	0
lcl|NC_052671.1_mrna_XM_011159274.2_20162	1452	1253	0	0
lcl|NC_052671.1_mrna_XM_026139664.1_20163	895	696	0	0
lcl|NC_052671.1_mrna_XM_026139663.2_20164	1107	908	2	0.618671
lcl|NC_052671.1_mrna_XM_039453160.1_20165	11746	11547	6	0.145948
lcl|NC_052671.1_mrna_XM_011159276.2_20166	789	590	0	0
lcl|NC_052671.1_mrna_XM_039452977.1_20167	2693	2494	0	0
lcl|NC_052671.1_mrna_XM_039452920.1_20168	749	550	0	0
lcl|NC_052671.1_mrna_XM_026140979.1_20169	462	263	0	0
lcl|NC_052671.1_ncrna_XR_003269479.2_20170	694	495	0	0
lcl|NC_052671.1_mrna_XM_039453162.1_20171	1965	1766	0	0
lcl|NC_052671.1_mrna_XM_039453163.1_20172	4179	3980	0	0
lcl|NC_052671.1_mrna_XM_039452919.1_20173	1818	1619	0	0
lcl|NC_052671.1_ncrna_XR_005575420.1_20174	776	577	0	0
lcl|NC_052671.1_mrna_XM_026132016.1_20175	915	716	0	0
lcl|NC_052671.1_mrna_XM_039452636.1_20176	3895	3696	0	0
lcl|NC_052671.1_mrna_XM_039452637.1_20177	1226	1027	0	0
lcl|NC_052671.1_mrna_XM_039452638.1_20178	1175	976	0	0
lcl|NC_052671.1_mrna_XM_039452639.1_20179	1040	841	0	0
lcl|NC_052671.1_mrna_XM_039453165.1_20180	1065	866	0	0
lcl|NC_052671.1_mrna_XM_039452878.1_20181	741	542	0	0
lcl|NC_052671.1_mrna_XM_039452991.1_20182	2646	2447	0	0
lcl|NC_052671.1_mrna_XM_039453166.1_20183	831	632	0	0
lcl|NC_052671.1_mrna_XM_039452561.1_20184	3382	3183	0	0
lcl|NC_052671.1_mrna_XM_039452560.1_20185	3704	3505	0	0
lcl|NC_052671.1_miscrna_XR_005575352.1_20186	3487	3288	0	0
lcl|NC_052671.1_mrna_XM_039452562.1_20187	3365	3166	5	0.443583
lcl|NC_052671.1_ncrna_XR_005575353.1_20188	2408	2209	1	0.127151
lcl|NC_052671.1_mrna_XM_039452618.1_20189	1494	1295	0	0
lcl|NC_052671.1_mrna_XM_039452617.1_20190	1405	1206	0	0
lcl|NC_052671.1_mrna_XM_039453167.1_20191	891	692	0	0
lcl|NC_052671.1_mrna_XM_039453168.1_20192	363	164	0	0
lcl|NC_052671.1_miscrna_XR_005575429.1_20193	1412	1213	0	0
lcl|NC_052671.1_mrna_XM_039452889.1_20194	1509	1310	0	0
lcl|NC_052671.1_mrna_XM_039453169.1_20195	1155	956	0	0
lcl|NC_052671.1_mrna_XM_039452880.1_20196	1965	1766	0	0
lcl|NC_052671.1_mrna_XM_039452881.1_20197	2108	1909	0	0
lcl|NC_052671.1_mrna_XM_011174835.2_20198	1629	1430	1	0.196417
lcl|NC_052671.1_mrna_XM_039453170.1_20199	5085	4886	0	0
lcl|NC_052671.1_mrna_XM_011172558.2_20200	1092	893	0	0
lcl|NC_052671.1_mrna_XM_039452770.1_20201	1910	1711	1.79101	0.294011
lcl|NC_052671.1_mrna_XM_039452906.1_20202	926	727	1	0.38635
lcl|NC_052671.1_miscrna_XR_005575441.1_20203	926	727	1	0.38635
lcl|NC_052671.1_mrna_XM_026136003.2_20204	700	501	0	0
lcl|NC_052671.1_mrna_XM_039452569.1_20205	2561	2362	825	98.1047
lcl|NC_052671.1_mrna_XM_026135992.2_20206	4292	4093	659	45.223
lcl|NC_052671.1_mrna_XM_026135993.2_20207	4156	3957	0	0
lcl|NC_052671.1_trna_20208	76	3.6135	0	0
lcl|NC_052671.1_mrna_XM_039452444.1_20209	2625	2426	2.32798	0.269528
lcl|NC_052671.1_mrna_XM_039452443.1_20210	1367	1168	92.6545	22.2812
lcl|NC_052671.1_mrna_XM_039452446.1_20211	3592	3393	2.09892	0.173751
lcl|NC_052671.1_mrna_XM_039452447.1_20212	2007	1808	0	0
lcl|NC_052671.1_mrna_XM_039452445.1_20213	2040	1841	4.34032	0.662192
lcl|NC_052671.1_mrna_XM_026141645.2_20214	1032	833	62.5608	21.0947
lcl|NC_052671.1_mrna_XM_039453172.1_20215	5193	4994	0	0
lcl|NC_052671.1_mrna_XM_039452911.1_20216	1218	1019	0	0
lcl|NC_052671.1_mrna_XM_011171536.2_20217	1218	1019	0	0
lcl|NC_052671.1_mrna_XM_011164831.1_20218	573	374	0	0
lcl|NC_052671.1_mrna_XM_039453173.1_20219	1722	1523	0	0
lcl|NC_052671.1_mrna_XM_039453174.1_20220	1005	806	0	0
lcl|NC_052671.1_mrna_XM_026141662.2_20221	450	251	0	0
lcl|NC_052671.1_mrna_XM_039452760.1_20222	1353	1154	0	0
lcl|NC_052671.1_mrna_XM_026137754.2_20223	1184	985	0	0
lcl|NC_052671.1_mrna_XM_011176502.3_20224	705	506	0	0
lcl|NC_052671.1_mrna_XM_039453006.1_20225	2345	2146	1	0.130884
lcl|NC_052671.1_mrna_XM_039452768.1_20226	1673	1474	0	0
lcl|NC_052671.1_mrna_XM_039452766.1_20227	2990	2791	0	0
lcl|NC_052671.1_mrna_XM_039452765.1_20228	3003	2804	0	0
lcl|NC_052671.1_mrna_XM_039452767.1_20229	1559	1360	0	0
lcl|NC_052671.1_mrna_XM_039453007.1_20230	416	217	0	0
lcl|NC_052671.1_mrna_XM_011170770.1_20231	663	464	0	0
lcl|NC_052671.1_mrna_XM_011165378.3_20232	1146	947	0	0
lcl|NC_052671.1_mrna_XM_011178050.3_20233	2899	2700	0	0
lcl|NC_052671.1_mrna_XM_039453176.1_20234	2547	2348	0	0
lcl|NC_052671.1_mrna_XM_026138992.2_20235	2670	2471	0	0
lcl|NC_052671.1_mrna_XM_026138988.2_20236	2763	2564	3.80441e-07	4.16759e-08
lcl|NC_052671.1_mrna_XM_026138987.2_20237	2722	2523	4	0.445306
lcl|NC_052671.1_mrna_XM_039452296.1_20238	3346	3147	0	0
lcl|NC_052671.1_mrna_XM_026138990.2_20239	2902	2703	0	0
lcl|NC_052671.1_mrna_XM_026138989.2_20240	3341	3142	0	0
lcl|NC_052671.1_mrna_XM_039452295.1_20241	3999	3800	0	0
lcl|NC_052671.1_mrna_XM_039453177.1_20242	2283	2084	0	0
lcl|NC_052671.1_mrna_XM_039453178.1_20243	4512	4313	0	0
lcl|NC_052671.1_mrna_XM_011176460.3_20244	4533	4334	0	0
lcl|NC_052671.1_mrna_XM_011171999.3_20245	1089	890	2	0.631184
lcl|NC_052671.1_mrna_XM_039453179.1_20246	2700	2501	1	0.112306
lcl|NC_052671.1_mrna_XM_039453180.1_20247	666	467	0	0
lcl|NC_052671.1_mrna_XM_011172348.2_20248	1428	1229	0	0
lcl|NC_052671.1_mrna_XM_039453181.1_20249	1176	977	0	0
lcl|NC_052671.1_mrna_XM_011172347.2_20250	1500	1301	0	0
lcl|NC_052671.1_ncrna_XR_005575442.1_20251	908	709	0	0
lcl|NC_052671.1_mrna_XM_039453182.1_20252	744	545	0	0
lcl|NC_052671.1_mrna_XM_039452922.1_20253	1326	1127	0	0
lcl|NC_052671.1_mrna_XM_026134569.2_20254	1163	964	1.00959	0.29416
lcl|NC_052671.1_mrna_XM_039452604.1_20255	2002	1803	3.76267	0.58616
lcl|NC_052671.1_mrna_XM_039452605.1_20256	2215	2016	0	0
lcl|NC_052671.1_mrna_XM_039452606.1_20257	2032	1833	16.2373	2.4881
lcl|NC_052671.1_mrna_XM_039452603.1_20258	2050	1851	1	0.151743
lcl|NC_052671.1_mrna_XM_039452602.1_20259	2086	1887	0	0
lcl|NC_052671.1_mrna_XM_039453183.1_20260	669	470	0	0
lcl|NC_052671.1_mrna_XM_039452932.1_20261	4588	4389	4	0.255982
lcl|NC_052671.1_mrna_XM_039453184.1_20262	624	425	0	0
lcl|NC_052671.1_mrna_XM_011169531.3_20263	1302	1103	2508	638.657
lcl|NC_052671.1_mrna_XM_039452355.1_20264	2108	1909	0	0
lcl|NC_052671.1_mrna_XM_039452359.1_20265	1997	1798	1590.65	248.485
lcl|NC_052671.1_mrna_XM_039452356.1_20266	2046	1847	32.6942	4.97187
lcl|NC_052671.1_mrna_XM_039452360.1_20267	1927	1728	251.323	40.8511
lcl|NC_052671.1_mrna_XM_039452357.1_20268	2284	2085	4.3344	0.583901
lcl|NC_052671.1_mrna_XM_039452358.1_20269	1824	1625	0	0
lcl|NC_052671.1_mrna_XM_039452363.1_20270	791	592	893.221	423.792
lcl|NC_052671.1_mrna_XM_039452362.1_20271	662	463	170.779	103.602
lcl|NC_052671.1_mrna_XM_039452559.1_20272	1106	907	67.8729	21.0186
lcl|NC_052671.1_mrna_XM_039452558.1_20273	1146	947	0	0
lcl|NC_052671.1_mrna_XM_039452554.1_20274	4545	4346	3.31927	0.21452
lcl|NC_052671.1_mrna_XM_039452553.1_20275	4557	4358	0.208904	0.013464
lcl|NC_052671.1_mrna_XM_039452552.1_20276	4536	4337	0	0
lcl|NC_052671.1_mrna_XM_039452551.1_20277	4556	4357	1.32317e-07	8.5299e-09
lcl|NC_052671.1_mrna_XM_039452550.1_20278	4566	4367	1.32738e-08	8.53747e-10
lcl|NC_052671.1_mrna_XM_039452557.1_20279	1938	1739	13.9535	2.25371
lcl|NC_052671.1_mrna_XM_039452555.1_20280	1954	1755	22.2504	3.56103
lcl|NC_052671.1_miscrna_XR_005575350.1_20281	1915	1716	0	0
lcl|NC_052671.1_miscrna_XR_005575351.1_20282	1874	1675	35.4046	5.93692
lcl|NC_052671.1_mrna_XM_011164702.3_20283	2104	1905	0	0
lcl|NC_052671.1_miscrna_XR_005575477.1_20284	2410	2211	709.253	90.1007
lcl|NC_052671.1_mrna_XM_039453112.1_20285	2419	2220	52.9761	6.7026
lcl|NC_052671.1_mrna_XM_039453111.1_20286	2852	2653	0	0
lcl|NC_052671.1_mrna_XM_039453110.1_20287	2750	2551	960.771	105.785
lcl|NC_052671.1_ncrna_XR_005575480.1_20288	1577	1378	7	1.4268
lcl|NC_052671.1_ncrna_XR_005575479.1_20289	402	203	2.3831	3.29732
lcl|NC_052671.1_miscrna_XR_005575478.1_20290	1123	924	1.71691	0.521905
lcl|NC_052671.1_mrna_XM_039453113.1_20291	4556	4357	0	0
lcl|NC_052671.1_mrna_XM_039453115.1_20292	4547	4348	0	0
lcl|NC_052671.1_mrna_XM_039453116.1_20293	4553	4354	0	0
lcl|NC_052671.1_mrna_XM_039453114.1_20294	4387	4188	1.28309	0.0860529
lcl|NC_052671.1_mrna_XM_039452960.1_20295	1891	1692	0	0
lcl|NC_052671.1_mrna_XM_011173560.3_20296	3268	3069	10	0.915206
lcl|NC_052671.1_mrna_XM_039452310.1_20297	1246	1047	44.4003	11.9112
lcl|NC_052671.1_mrna_XM_039452311.1_20298	1701	1502	62.9159	11.7654
lcl|NC_052671.1_mrna_XM_011173554.3_20299	1702	1503	1.68382	0.314667
lcl|NC_052671.1_ncrna_XR_005575299.1_20300	1284	1085	609.772	157.853
lcl|NC_052671.1_ncrna_XR_005575431.1_20301	239	41.1625	0.64527	4.40307
lcl|NC_052671.1_mrna_XM_011173551.2_20302	2463	2264	453.136	56.2171
lcl|NC_052671.1_mrna_XM_011173552.2_20303	1591	1392	622.864	125.681
lcl|NC_052671.1_mrna_XM_039452576.1_20304	4770	4571	1.95107	0.119889
lcl|NC_052671.1_mrna_XM_039452577.1_20305	4763	4564	9.0752	0.558504
lcl|NC_052671.1_mrna_XM_039452578.1_20306	4450	4251	0	0
lcl|NC_052671.1_mrna_XM_039452579.1_20307	4443	4244	0	0
lcl|NC_052671.1_mrna_XM_011171093.3_20308	1909	1710	798.967	131.235
lcl|NC_052671.1_mrna_XM_011171094.3_20309	2202	2003	405.101	56.8065
lcl|NC_052671.1_mrna_XM_011171095.3_20310	1401	1202	211.899	49.5154
lcl|NC_052671.1_mrna_XM_011173575.3_20311	1290	1091	8.39881	2.16226
lcl|NC_052671.1_mrna_XM_011172936.3_20312	2167	1968	487	69.5056
lcl|NC_052671.1_mrna_XM_011165682.3_20313	2598	2399	3326.66	389.488
lcl|NC_052671.1_mrna_XM_011165683.3_20314	2707	2508	397.333	44.4983
lcl|NC_052671.1_mrna_XM_039452711.1_20315	1573	1374	13.1259	2.68323
lcl|NC_052671.1_mrna_XM_039452710.1_20316	1695	1496	0	0
lcl|NC_052671.1_mrna_XM_039452709.1_20317	1689	1490	32.6046	6.14622
lcl|NC_052671.1_mrna_XM_039452712.1_20318	1553	1354	0	0
lcl|NC_052671.1_mrna_XM_039452708.1_20319	2881	2682	0	0
lcl|NC_052671.1_mrna_XM_026141924.2_20320	1224	1025	0	0
lcl|NC_052671.1_mrna_XM_026141185.2_20321	2225	2026	84.244	11.6793
lcl|NC_052671.1_mrna_XM_026141183.2_20322	2138	1939	367.151	53.1842
lcl|NC_052671.1_mrna_XM_026141184.2_20323	1666	1467	207.605	39.7487
lcl|NC_052671.1_mrna_XM_026141180.2_20324	11713	11514	35.7443	0.871959
lcl|NC_052671.1_mrna_XM_026141179.2_20325	11680	11481	12.3007	0.300929
lcl|NC_052671.1_mrna_XM_039452704.1_20326	11656	11457	0	0
lcl|NC_052671.1_mrna_XM_026141178.2_20327	11518	11319	0	0
lcl|NC_052671.1_mrna_XM_026141181.2_20328	2973	2774	247.06	25.0156
lcl|NC_052671.1_mrna_XM_026141182.2_20329	10847	10648	6.33945	0.167224
lcl|NC_052671.1_ncrna_XR_003269513.2_20330	536	337	0	0
lcl|NC_052671.1_miscrna_XR_005575385.1_20331	4488	4289	5.78032	0.37854
lcl|NC_052671.1_mrna_XM_039452702.1_20332	3746	3547	139.22	11.0244
lcl|NC_052671.1_mrna_XM_039452703.1_20333	3745	3546	932	73.8232
lcl|NC_052671.1_mrna_XM_039452706.1_20334	3451	3252	4	0.345482
lcl|NC_052671.1_mrna_XM_039452705.1_20335	3609	3410	0	0
lcl|NC_052671.1_mrna_XM_039452714.1_20336	1083	884	2.02301e-07	6.42778e-08
lcl|NC_052671.1_miscrna_XR_005575386.1_20337	1289	1090	61.2556	15.7847
lcl|NC_052671.1_miscrna_XR_005575387.1_20338	1064	865	64.0284	20.7908
lcl|NC_052671.1_mrna_XM_039452713.1_20339	521	322	0	0
lcl|NC_052671.1_mrna_XM_011160296.3_20340	1148	949	28.8732	8.54563
lcl|NC_052671.1_ncrna_XR_003269181.2_20341	997	798	0	0
lcl|NC_052671.1_mrna_XM_026138935.2_20342	2845	2646	14.1828	1.50553
lcl|NC_052671.1_mrna_XM_011172109.3_20343	1821	1622	799.817	138.502
lcl|NC_052671.1_mrna_XM_011172112.3_20344	4399	4200	71.7299	4.79697
lcl|NC_052671.1_mrna_XM_011172113.3_20345	4291	4092	67.2701	4.61745
lcl|NC_052671.1_mrna_XM_026138924.2_20346	8823	8624	356	11.5946
lcl|NC_052671.1_mrna_XM_026138922.2_20347	9006	8807	0	0
lcl|NC_052671.1_mrna_XM_026138923.2_20348	8850	8651	0	0
lcl|NC_052671.1_mrna_XM_011172115.3_20349	2755	2556	70.1088	7.70419
lcl|NC_052671.1_mrna_XM_026138933.2_20350	2757	2558	360.891	39.627
lcl|NC_052671.1_mrna_XM_026138934.2_20351	2653	2454	0	0
lcl|NC_052671.1_mrna_XM_026138930.2_20352	4075	3876	10.8088	0.783268
lcl|NC_052671.1_mrna_XM_011172116.3_20353	1995	1796	23.2156	3.6307
lcl|NC_052671.1_mrna_XM_026138931.2_20354	2079	1880	79.9755	11.9485
lcl|NC_052671.1_mrna_XM_011172118.3_20355	5639	5440	496	25.6093
lcl|NC_052671.1_mrna_XM_039452566.1_20356	2015	1816	0	0
lcl|NC_052671.1_mrna_XM_011172321.3_20357	2006	1807	61.0131	9.48376
lcl|NC_052671.1_mrna_XM_039452568.1_20358	2009	1810	0	0
lcl|NC_052671.1_mrna_XM_011172323.3_20359	1804	1605	9.33202	1.63311
lcl|NC_052671.1_mrna_XM_011172324.3_20360	1561	1362	778	160.442
lcl|NC_052671.1_ncrna_XR_005575356.1_20361	675	476	0	0
lcl|NC_052671.1_mrna_XM_039452564.1_20362	1495	1296	4.05	0.87774
lcl|NC_052671.1_mrna_XM_039452563.1_20363	1532	1333	0	0
lcl|NC_052671.1_mrna_XM_039452565.1_20364	1854	1655	0	0
lcl|NC_052671.1_mrna_XM_011173193.3_20365	1907	1708	0	0
lcl|NC_052671.1_mrna_XM_026133473.2_20366	1675	1476	0	0
lcl|NC_052671.1_mrna_XM_026133468.2_20367	1799	1600	0	0
lcl|NC_052671.1_mrna_XM_039452666.1_20368	1989	1790	0.105596	0.0165695
lcl|NC_052671.1_mrna_XM_039452667.1_20369	1989	1790	1.58322	0.24843
lcl|NC_052671.1_mrna_XM_039452664.1_20370	1989	1790	97.0032	15.2212
lcl|NC_052671.1_mrna_XM_039452663.1_20371	2132	1933	133.308	19.3705
lcl|NC_052671.1_mrna_XM_039452516.1_20372	2001	1802	14	2.18217
lcl|NC_052671.1_ncrna_XR_005575451.1_20373	1463	1264	2.97373	0.660799
lcl|NC_052671.1_mrna_XM_011170596.3_20374	1202	1003	159.2	44.5818
lcl|NC_052671.1_mrna_XM_011170595.3_20375	1208	1009	941.479	262.081
lcl|NC_052671.1_ncrna_XR_005575304.1_20376	1417	1218	0	0
lcl|NC_052671.1_mrna_XM_039452335.1_20377	1076	877	101.321	32.4499
lcl|NC_052671.1_ncrna_XR_005575308.1_20378	1864	1665	11	1.85564
lcl|NC_052671.1_ncrna_XR_005575305.1_20379	1422	1223	0	0
lcl|NC_052671.1_ncrna_XR_005575302.1_20380	1475	1276	0	0
lcl|NC_052671.1_ncrna_XR_005575307.1_20381	1422	1223	20.257	4.65226
lcl|NC_052671.1_ncrna_XR_005575306.1_20382	1410	1211	49.1926	11.4096
lcl|NC_052671.1_ncrna_XR_005575303.1_20383	1483	1284	7.61539	1.66588
lcl|NC_052671.1_miscrna_XR_005575301.1_20384	813	614	0	0
lcl|NC_052671.1_mrna_XM_039452337.1_20385	664	465	0	0
lcl|NC_052671.1_mrna_XM_039452336.1_20386	808	609	0	0
lcl|NC_052671.1_mrna_XM_039453186.1_20387	609	410	0	0
lcl|NC_052671.1_mrna_XM_026140128.2_20388	984	785	17.6	6.29736
lcl|NC_052671.1_mrna_XM_026140126.2_20389	2010	1811	1.50912	0.234056
lcl|NC_052671.1_mrna_XM_011171529.2_20390	945	746	777.261	292.647
lcl|NC_052671.1_mrna_XM_011171530.3_20391	1097	898	38.739	12.1168
lcl|NC_052671.1_mrna_XM_039452758.1_20392	1119	920	0	0
lcl|NC_052671.1_mrna_XM_039452616.1_20393	1185	986	90.2699	25.7147
lcl|NC_052671.1_mrna_XM_039452615.1_20394	1716	1517	132.007	24.4415
lcl|NC_052671.1_mrna_XM_026140926.2_20395	3055	2856	850	83.5943
lcl|NC_052671.1_mrna_XM_011171525.3_20396	3041	2842	1	0.0988306
lcl|NC_052671.1_mrna_XM_011171526.3_20397	3228	3029	0	0
lcl|NC_052671.1_mrna_XM_026140927.2_20398	3084	2885	2.87535e-07	2.79937e-08
lcl|NC_052671.1_ncrna_XR_005575329.1_20399	880	681	1.1041	0.455382
lcl|NC_052671.1_ncrna_XR_005575399.1_20400	1169	970	1	0.289564
lcl|NC_052671.1_mrna_XM_011166896.1_20401	804	605	0	0
lcl|NC_052671.1_mrna_XM_011166897.1_20402	606	407	0	0
lcl|NC_052671.1_mrna_XM_011174969.2_20403	1338	1139	0	0
lcl|NC_052671.1_mrna_XM_011174967.1_20404	2370	2171	0	0
lcl|NC_052671.1_mrna_XM_039453187.1_20405	1389	1190	0	0
lcl|NC_052671.1_mrna_XM_011174965.1_20406	390	191	0	0
lcl|NC_052671.1_mrna_XM_011172596.1_20407	435	236	0	0
lcl|NC_052671.1_mrna_XM_039452759.1_20408	1120	921	0	0
lcl|NC_052671.1_mrna_XM_039452756.1_20409	1122	923	0	0
lcl|NC_052671.1_mrna_XM_026141505.2_20410	666	467	2	1.2029
lcl|NC_052671.1_mrna_XM_011172106.3_20411	2640	2441	0	0
lcl|NC_052671.1_mrna_XM_039452619.1_20412	3479	3280	2.64021	0.226089
lcl|NC_052671.1_mrna_XM_039452620.1_20413	2334	2135	0	0
lcl|NC_052671.1_ncrna_XR_005575369.1_20414	2832	2633	1	0.106676
lcl|NC_052671.1_ncrna_XR_005575368.1_20415	3140	2941	0	0
lcl|NC_052671.1_mrna_XM_039453005.1_20416	2646	2447	0	0
lcl|NC_052671.1_mrna_XM_039453188.1_20417	550	351	0	0
lcl|NC_052671.1_mrna_XM_039453189.1_20418	3339	3140	0	0
lcl|NC_052671.1_mrna_XM_039453190.1_20419	366	167	0	0
lcl|NC_052671.1_mrna_XM_039453191.1_20420	957	758	0	0
lcl|NC_052671.1_mrna_XM_039452965.1_20421	1320	1121	0	0
lcl|NC_052671.1_mrna_XM_039452964.1_20422	692	493	0	0
lcl|NC_052671.1_mrna_XM_039453192.1_20423	1396	1197	1	0.234651
lcl|NC_052671.1_mrna_XM_039452674.1_20424	1748	1549	0	0
lcl|NC_052671.1_mrna_XM_039452673.1_20425	1859	1660	6.99993	1.18441
lcl|NC_052671.1_mrna_XM_026130293.2_20426	1634	1435	7.29704e-05	1.42827e-05
lcl|NC_052671.1_mrna_XM_039452671.1_20427	2886	2687	13.0257	1.3616
lcl|NC_052671.1_mrna_XM_039452672.1_20428	2811	2612	0	0
lcl|NC_052671.1_mrna_XM_039452813.1_20429	1050	851	0	0
lcl|NC_052671.1_ncrna_XR_005575434.1_20430	4731	4532	0	0
lcl|NC_052671.1_ncrna_XR_005575433.1_20431	4759	4560	0	0
lcl|NC_052671.1_ncrna_XR_005575432.1_20432	4838	4639	0	0
lcl|NC_052671.1_mrna_XM_039453060.1_20433	1127	928	90.7144	27.4564
lcl|NC_052671.1_mrna_XM_039453056.1_20434	3911	3712	83.2552	6.29969
lcl|NC_052671.1_mrna_XM_039453059.1_20435	969	770	289.391	105.563
lcl|NC_052671.1_mrna_XM_039453058.1_20436	2992	2793	0	0
lcl|NC_052671.1_mrna_XM_039453057.1_20437	1739	1540	0	0
lcl|NC_052671.1_mrna_XM_039453052.1_20438	1976	1777	2.6075e-06	4.12147e-07
lcl|NC_052671.1_mrna_XM_039453053.1_20439	1913	1714	117.009	19.1745
lcl|NC_052671.1_mrna_XM_039453054.1_20440	1901	1702	124.695	20.578
lcl|NC_052671.1_mrna_XM_039453050.1_20441	2257	2058	1.42506	0.194493
lcl|NC_052671.1_mrna_XM_039453051.1_20442	2165	1966	0.634582	0.0906608
lcl|NC_052671.1_mrna_XM_039453055.1_20443	1722	1523	20.6307	3.80479
lcl|NC_052671.1_mrna_XM_011176547.3_20444	2614	2415	32.4256	3.77126
lcl|NC_052671.1_mrna_XM_039453049.1_20445	3030	2831	9.02656	0.895567
lcl|NC_052671.1_mrna_XM_039453048.1_20446	3075	2876	1.21889e-06	1.19039e-07
lcl|NC_052671.1_mrna_XM_039453003.1_20447	627	428	0	0
lcl|NC_052671.1_ncrna_XR_005575372.1_20448	5392	5193	0	0
lcl|NC_052671.1_ncrna_XR_005575374.1_20449	1483	1284	0	0
lcl|NC_052671.1_ncrna_XR_005575373.1_20450	1189	990	0	0
lcl|NC_052671.1_mrna_XM_039452623.1_20451	2835	2636	0	0
lcl|NC_052671.1_mrna_XM_039452622.1_20452	2838	2639	0	0
lcl|NC_052671.1_mrna_XM_039452621.1_20453	2898	2699	0	0
lcl|NC_052671.1_mrna_XM_039453193.1_20454	1106	907	0	0
lcl|NC_052671.1_mrna_XM_039452594.1_20455	1191	992	0.173964	0.0492566
lcl|NC_052671.1_mrna_XM_039452593.1_20456	946	747	0	0
lcl|NC_052671.1_ncrna_XR_005575456.1_20457	979	780	2.36862	0.852936
lcl|NC_052671.1_mrna_XM_039453194.1_20458	414	215	0	0
lcl|NC_052671.1_mrna_XM_039453195.1_20459	969	770	0	0
lcl|NC_052671.1_mrna_XM_039452642.1_20460	2435	2236	0	0
lcl|NC_052671.1_mrna_XM_039452650.1_20461	2276	2077	0	0
lcl|NC_052671.1_mrna_XM_039452647.1_20462	2329	2130	0	0
lcl|NC_052671.1_mrna_XM_039452644.1_20463	2343	2144	0	0
lcl|NC_052671.1_mrna_XM_039452645.1_20464	2290	2091	4.68692	0.629577
lcl|NC_052671.1_mrna_XM_039452648.1_20465	2189	1990	0	0
lcl|NC_052671.1_mrna_XM_039452652.1_20466	2135	1936	0	0
lcl|NC_052671.1_mrna_XM_039452651.1_20467	2180	1981	0	0
lcl|NC_052671.1_mrna_XM_039452641.1_20468	2213	2014	0	0
lcl|NC_052671.1_mrna_XM_039452646.1_20469	2114	1915	0	0
lcl|NC_052671.1_mrna_XM_039452649.1_20470	2060	1861	0	0
lcl|NC_052671.1_mrna_XM_039452643.1_20471	2272	2073	0	0
lcl|NC_052671.1_mrna_XM_039453196.1_20472	1596	1397	0	0
lcl|NC_052671.1_mrna_XM_039453197.1_20473	489	290	0	0
lcl|NC_052671.1_mrna_XM_039452892.1_20474	1490	1291	0	0
lcl|NC_052671.1_mrna_XM_039452681.1_20475	3604	3405	1	0.0824895
lcl|NC_052671.1_mrna_XM_039453198.1_20476	484	285	0	0
lcl|NC_052671.1_ncrna_XR_005575443.1_20477	293	94.0001	1	2.98805
lcl|NC_052671.1_mrna_XM_011175889.2_20478	1092	893	0	0
lcl|NC_052671.1_mrna_XM_026141794.1_20479	2034	1835	0	0
lcl|NC_052671.1_mrna_XM_026132413.1_20480	1200	1001	0	0
lcl|NC_052671.1_mrna_XM_026141247.2_20481	1086	887	0	0
lcl|NC_052671.1_mrna_XM_039453199.1_20482	1281	1082	0	0
lcl|NC_052671.1_mrna_XM_039453200.1_20483	3849	3650	0	0
lcl|NC_052671.1_mrna_XM_039453201.1_20484	1806	1607	0	0
lcl|NC_052671.1_ncrna_XR_005575370.1_20485	170	9.35544	0	0
lcl|NC_052671.1_mrna_XM_026141648.2_20486	1428	1229	584	133.468
lcl|NC_052671.1_mrna_XM_039452771.1_20487	628	429	87	56.961
lcl|NC_052672.1_mrna_XM_039453695.1_20488	5040	4841	0	0
lcl|NC_052672.1_mrna_XM_039453793.1_20489	3986	3787	3.67708	0.272724
lcl|NC_052672.1_mrna_XM_039453794.1_20490	2482	2283	0	0
lcl|NC_052672.1_miscrna_XR_005575593.1_20491	2446	2247	4.32292	0.540368
lcl|NC_052672.1_mrna_XM_011171907.3_20492	2051	1852	35.3709	5.3644
lcl|NC_052672.1_mrna_XM_011171905.3_20493	1636	1437	396	77.4023
lcl|NC_052672.1_mrna_XM_039453858.1_20494	10165	9966	0	0
lcl|NC_052672.1_mrna_XM_039453845.1_20495	10174	9975	2.37028	0.0667424
lcl|NC_052672.1_mrna_XM_039453869.1_20496	10135	9936	0	0
lcl|NC_052672.1_mrna_XM_039453842.1_20497	10177	9978	0	0
lcl|NC_052672.1_mrna_XM_039453846.1_20498	10174	9975	0	0
lcl|NC_052672.1_mrna_XM_039453850.1_20499	10168	9969	0	0
lcl|NC_052672.1_mrna_XM_039453883.1_20500	10078	9879	0	0
lcl|NC_052672.1_mrna_XM_039453882.1_20501	10081	9882	0	0
lcl|NC_052672.1_mrna_XM_039453841.1_20502	10180	9981	0	0
lcl|NC_052672.1_mrna_XM_039453887.1_20503	10075	9876	0	0
lcl|NC_052672.1_mrna_XM_039453891.1_20504	10072	9873	0	0
lcl|NC_052672.1_mrna_XM_039453844.1_20505	10174	9975	0	0
lcl|NC_052672.1_mrna_XM_039453861.1_20506	10138	9939	0	0
lcl|NC_052672.1_mrna_XM_039453849.1_20507	10168	9969	0	0
lcl|NC_052672.1_mrna_XM_039453885.1_20508	10075	9876	0	0
lcl|NC_052672.1_mrna_XM_039453879.1_20509	10084	9885	0	0
lcl|NC_052672.1_mrna_XM_039453878.1_20510	10090	9891	0	0
lcl|NC_052672.1_mrna_XM_039453875.1_20511	10093	9894	0	0
lcl|NC_052672.1_mrna_XM_039453874.1_20512	10093	9894	0	0
lcl|NC_052672.1_mrna_XM_039453876.1_20513	10093	9894	0	0
lcl|NC_052672.1_mrna_XM_039453881.1_20514	10084	9885	0	0
lcl|NC_052672.1_mrna_XM_039453847.1_20515	10171	9972	0	0
lcl|NC_052672.1_mrna_XM_039453893.1_20516	9973	9774	0	0
lcl|NC_052672.1_mrna_XM_039453892.1_20517	9985	9786	0	0
lcl|NC_052672.1_mrna_XM_039453873.1_20518	10123	9924	0	0
lcl|NC_052672.1_mrna_XM_039453880.1_20519	10084	9885	0	0
lcl|NC_052672.1_mrna_XM_039453860.1_20520	10162	9963	0	0
lcl|NC_052672.1_mrna_XM_039453868.1_20521	10135	9936	0	0
lcl|NC_052672.1_mrna_XM_039453854.1_20522	10165	9966	0	0
lcl|NC_052672.1_mrna_XM_039453855.1_20523	10165	9966	0	0
lcl|NC_052672.1_mrna_XM_039453857.1_20524	10165	9966	0	0
lcl|NC_052672.1_mrna_XM_039453867.1_20525	10135	9936	0	0
lcl|NC_052672.1_mrna_XM_039453843.1_20526	10174	9975	4.74055	0.133485
lcl|NC_052672.1_mrna_XM_039453856.1_20527	10165	9966	0	0
lcl|NC_052672.1_mrna_XM_039453866.1_20528	10135	9936	0	0
lcl|NC_052672.1_mrna_XM_039453872.1_20529	10132	9933	0	0
lcl|NC_052672.1_mrna_XM_039453859.1_20530	10162	9963	0	0
lcl|NC_052672.1_mrna_XM_039453889.1_20531	10072	9873	0	0
lcl|NC_052672.1_mrna_XM_039453863.1_20532	10135	9936	0	0
lcl|NC_052672.1_mrna_XM_039453852.1_20533	10165	9966	0	0
lcl|NC_052672.1_mrna_XM_039453848.1_20534	10168	9969	0	0
lcl|NC_052672.1_mrna_XM_039453884.1_20535	10075	9876	0	0
lcl|NC_052672.1_mrna_XM_039453886.1_20536	10075	9876	0	0
lcl|NC_052672.1_mrna_XM_039453853.1_20537	10165	9966	0	0
lcl|NC_052672.1_mrna_XM_039453870.1_20538	10132	9933	0	0
lcl|NC_052672.1_mrna_XM_039453890.1_20539	10072	9873	0	0
lcl|NC_052672.1_mrna_XM_039453864.1_20540	10135	9936	0	0
lcl|NC_052672.1_mrna_XM_039453862.1_20541	10135	9936	0	0
lcl|NC_052672.1_mrna_XM_039453851.1_20542	10165	9966	0	0
lcl|NC_052672.1_mrna_XM_039453840.1_20543	12451	12252	1.88917	0.0433093
lcl|NC_052672.1_mrna_XM_011171903.3_20544	2028	1829	821	126.08
lcl|NC_052672.1_mrna_XM_039453285.1_20545	4007	3808	0.010988	0.000810473
lcl|NC_052672.1_mrna_XM_011171900.3_20546	3982	3783	8.13018	0.603642
lcl|NC_052672.1_mrna_XM_011171902.3_20547	2843	2644	115.23	12.2411
lcl|NC_052672.1_mrna_XM_011171901.3_20548	2632	2433	639.629	73.8417
lcl|NC_052672.1_mrna_XM_039453696.1_20549	438	239	0	0
lcl|NC_052672.1_ncrna_XR_003269226.2_20550	2380	2181	4	0.515134
lcl|NC_052672.1_mrna_XM_011162978.3_20551	4156	3957	91	6.45938
lcl|NC_052672.1_mrna_XM_026139175.2_20552	4865	4666	844.157	50.8153
lcl|NC_052672.1_mrna_XM_039453621.1_20553	4528	4329	0	0
lcl|NC_052672.1_mrna_XM_039453622.1_20554	1963	1764	469.768	74.7997
lcl|NC_052672.1_mrna_XM_039453624.1_20555	5098	4899	7.77772	0.445924
lcl|NC_052672.1_mrna_XM_039453623.1_20556	2313	2114	93.0724	12.3661
lcl|NC_052672.1_mrna_XM_026139179.2_20557	1123	924	0	0
lcl|NC_052672.1_mrna_XM_026139178.2_20558	1102	903	363	112.911
lcl|NC_052672.1_mrna_XM_026139177.2_20559	3497	3298	24	2.04398
lcl|NC_052672.1_mrna_XM_039453626.1_20560	3810	3611	79	6.14491
lcl|NC_052672.1_ncrna_XR_005575578.1_20561	666	467	208	125.101
lcl|NC_052672.1_ncrna_XR_005575579.1_20562	334	135	0	0
lcl|NC_052672.1_mrna_XM_039453628.1_20563	4054	3855	483.727	35.2445
lcl|NC_052672.1_mrna_XM_039453627.1_20564	4250	4051	0	0
lcl|NC_052672.1_mrna_XM_039453630.1_20565	3779	3580	0	0
lcl|NC_052672.1_mrna_XM_039453629.1_20566	3778	3579	0	0
lcl|NC_052672.1_mrna_XM_026139171.2_20567	1011	812	1.03146	0.35679
lcl|NC_052672.1_ncrna_XR_005575580.1_20568	239	41.1625	0.64527	4.40307
lcl|NC_052672.1_mrna_XM_039453632.1_20569	1108	909	34.1987	10.5672
lcl|NC_052672.1_mrna_XM_039453631.1_20570	1612	1413	163.985	32.5971
lcl|NC_052672.1_mrna_XM_039453633.1_20571	1527	1328	0	0
lcl|NC_052672.1_mrna_XM_011162973.3_20572	2936	2737	322	33.0443
lcl|NC_052672.1_mrna_XM_026139173.2_20573	1202	1003	201	56.2874
lcl|NC_052672.1_mrna_XM_011162972.3_20574	2093	1894	824.322	122.245
lcl|NC_052672.1_mrna_XM_039453257.1_20575	1984	1785	1.67757	0.263972
lcl|NC_052672.1_mrna_XM_011162971.3_20576	1578	1379	44.0883	8.97996
lcl|NC_052672.1_mrna_XM_026139163.2_20577	1076	877	24.1811	7.74447
lcl|NC_052672.1_mrna_XM_039453256.1_20578	3295	3096	507	45.9963
lcl|NC_052672.1_ncrna_XR_003269223.2_20579	1225	1026	5.21507	1.42767
lcl|NC_052672.1_mrna_XM_011162970.3_20580	1209	1010	825.99	229.704
lcl|NC_052672.1_miscrna_XR_005575501.1_20581	2662	2463	19.2487	2.19509
lcl|NC_052672.1_mrna_XM_026139174.2_20582	3476	3277	17.7876	1.5246
lcl|NC_052672.1_miscrna_XR_005575499.1_20583	4966	4767	0	0
lcl|NC_052672.1_miscrna_XR_005575500.1_20584	4959	4760	0	0
lcl|NC_052672.1_miscrna_XR_005575498.1_20585	4347	4148	2.96376	0.200687
lcl|NC_052672.1_mrna_XM_026139169.2_20586	2862	2663	156.939	16.5529
lcl|NC_052672.1_mrna_XM_026139168.2_20587	2878	2679	425.061	44.5651
lcl|NC_052672.1_mrna_XM_039453572.1_20588	733	534	32.0327	16.8488
lcl|NC_052672.1_ncrna_XR_005575566.1_20589	762	563	0	0
lcl|NC_052672.1_ncrna_XR_005575570.1_20590	275	76.0064	1	3.69543
lcl|NC_052672.1_mrna_XM_026139167.2_20591	6649	6450	192.949	8.40229
lcl|NC_052672.1_mrna_XM_039453249.1_20592	6054	5855	0	0
lcl|NC_052672.1_mrna_XM_039453248.1_20593	6415	6216	172.051	7.77432
lcl|NC_052672.1_mrna_XM_039453250.1_20594	2704	2505	568.476	63.7412
lcl|NC_052672.1_mrna_XM_039453251.1_20595	2682	2483	1614.52	182.635
lcl|NC_052672.1_ncrna_XR_003269225.2_20596	5615	5416	6.04932	0.313721
lcl|NC_052672.1_ncrna_XR_003269224.2_20597	5677	5478	0	0
lcl|NC_052672.1_mrna_XM_039453296.1_20598	6277	6078	43.8902	2.02826
lcl|NC_052672.1_mrna_XM_039453297.1_20599	5306	5107	96.1098	5.28588
lcl|NC_052672.1_mrna_XM_026138620.2_20600	7939	7740	0	0
lcl|NC_052672.1_mrna_XM_026138622.2_20601	7085	6886	25.8226	1.05329
lcl|NC_052672.1_mrna_XM_039453280.1_20602	7102	6903	2.17737	0.0885953
lcl|NC_052672.1_mrna_XM_011162600.3_20603	3416	3217	1180	103.026
lcl|NC_052672.1_ncrna_XR_005575495.1_20604	3331	3132	8.72808	0.782732
lcl|NC_052672.1_mrna_XM_039453239.1_20605	3763	3564	2	0.157619
lcl|NC_052672.1_ncrna_XR_003269148.2_20606	7566	7367	98.2719	3.74675
lcl|NC_052672.1_ncrna_XR_005575494.1_20607	7718	7519	0	0
lcl|NC_052672.1_miscrna_XR_005575496.1_20608	1666	1467	66.1551	12.6663
lcl|NC_052672.1_mrna_XM_039453240.1_20609	1498	1299	45.4911	9.83633
lcl|NC_052672.1_mrna_XM_026138616.2_20610	1579	1380	84.8273	17.2652
lcl|NC_052672.1_mrna_XM_026138615.2_20611	1374	1175	33.1693	7.92891
lcl|NC_052672.1_mrna_XM_026138617.2_20612	1393	1194	89.1208	20.9648
lcl|NC_052672.1_mrna_XM_026140760.1_20613	426	227	0	0
lcl|NC_052672.1_mrna_XM_039453715.1_20614	585	386	0	0
lcl|NC_052672.1_mrna_XM_026136014.2_20615	573	374	0	0
lcl|NC_052672.1_mrna_XM_039453716.1_20616	1368	1169	0	0
lcl|NC_052672.1_mrna_XM_011172362.3_20617	2376	2177	0	0
lcl|NC_052672.1_mrna_XM_011164821.1_20618	945	746	0	0
lcl|NC_052672.1_mrna_XM_039453525.1_20619	2452	2253	0	0
lcl|NC_052672.1_mrna_XM_039453522.1_20620	2515	2316	0	0
lcl|NC_052672.1_mrna_XM_039453523.1_20621	2725	2526	0	0
lcl|NC_052672.1_mrna_XM_039453717.1_20622	681	482	0	0
lcl|NC_052672.1_mrna_XM_039453526.1_20623	1169	970	0	0
lcl|NC_052672.1_mrna_XM_039453519.1_20624	2365	2166	0	0
lcl|NC_052672.1_mrna_XM_039453520.1_20625	2292	2093	0	0
lcl|NC_052672.1_mrna_XM_039453521.1_20626	2327	2128	0	0
lcl|NC_052672.1_mrna_XM_039453800.1_20627	502	303	0	0
lcl|NC_052672.1_mrna_XM_039453719.1_20628	2554	2355	0	0
lcl|NC_052672.1_mrna_XM_039453720.1_20629	1806	1607	0	0
lcl|NC_052672.1_mrna_XM_039453391.1_20630	3169	2970	0	0
lcl|NC_052672.1_mrna_XM_039453581.1_20631	2470	2271	0	0
lcl|NC_052672.1_mrna_XM_039453580.1_20632	2508	2309	0	0
lcl|NC_052672.1_mrna_XM_039453579.1_20633	2628	2429	0	0
lcl|NC_052672.1_mrna_XM_039453582.1_20634	805	606	1	0.463493
lcl|NC_052672.1_ncrna_XR_005575569.1_20635	755	556	1	0.505174
lcl|NC_052672.1_mrna_XM_039453721.1_20636	339	140	0	0
lcl|NC_052672.1_mrna_XM_039453798.1_20637	1536	1337	0	0
lcl|NC_052672.1_mrna_XM_039453722.1_20638	789	590	0	0
lcl|NC_052672.1_mrna_XM_039453598.1_20639	3317	3118	0	0
lcl|NC_052672.1_mrna_XM_039453599.1_20640	3211	3012	0	0
lcl|NC_052672.1_mrna_XM_039453614.1_20641	2977	2778	0	0
lcl|NC_052672.1_mrna_XM_039453613.1_20642	3083	2884	0	0
lcl|NC_052672.1_mrna_XM_039453589.1_20643	2062	1863	0	0
lcl|NC_052672.1_mrna_XM_011172169.1_20644	825	626	0	0
lcl|NC_052672.1_mrna_XM_039453405.1_20645	7200	7001	3.21647	0.129043
lcl|NC_052672.1_mrna_XM_039453404.1_20646	7221	7022	0.159488	0.00637946
lcl|NC_052672.1_mrna_XM_039453399.1_20647	7359	7160	9.59549e-06	3.76418e-07
lcl|NC_052672.1_mrna_XM_039453395.1_20648	7407	7208	1.17925e-08	4.59523e-10
lcl|NC_052672.1_mrna_XM_039453403.1_20649	7221	7022	1.23534	0.0494129
lcl|NC_052672.1_mrna_XM_039453402.1_20650	7242	7043	0.0618062	0.00246485
lcl|NC_052672.1_mrna_XM_039453398.1_20651	7380	7181	3.86145e-06	1.51036e-07
lcl|NC_052672.1_mrna_XM_039453407.1_20652	6630	6431	66.4458	2.90205
lcl|NC_052672.1_mrna_XM_039453401.1_20653	7266	7067	36.0941	1.43455
lcl|NC_052672.1_mrna_XM_039453394.1_20654	7407	7208	8.95385e-08	3.48908e-09
lcl|NC_052672.1_mrna_XM_039453408.1_20655	6606	6407	186.128	8.15968
lcl|NC_052672.1_mrna_XM_039453406.1_20656	6651	6452	2.52564	0.109949
lcl|NC_052672.1_mrna_XM_039453400.1_20657	7287	7088	1.84057	0.0729364
lcl|NC_052672.1_mrna_XM_039453396.1_20658	7383	7184	2.19392e-07	8.57769e-09
lcl|NC_052672.1_mrna_XM_039453393.1_20659	7428	7229	0	0
lcl|NC_052672.1_miscrna_XR_005575536.1_20660	1647	1448	7.29906	1.41584
lcl|NC_052672.1_miscrna_XR_005575532.1_20661	2677	2478	0	0
lcl|NC_052672.1_miscrna_XR_005575533.1_20662	2385	2186	1.15865	0.148874
lcl|NC_052672.1_miscrna_XR_005575534.1_20663	3133	2934	0	0
lcl|NC_052672.1_miscrna_XR_005575535.1_20664	1473	1274	0	0
lcl|NC_052672.1_mrna_XM_039453421.1_20665	1768	1569	430.812	77.1224
lcl|NC_052672.1_mrna_XM_039453422.1_20666	2162	1963	0	0
lcl|NC_052672.1_mrna_XM_039453423.1_20667	1958	1759	18.2024	2.90655
lcl|NC_052672.1_ncrna_XR_005575543.1_20668	2894	2695	1	0.104221
lcl|NC_052672.1_ncrna_XR_005575542.1_20669	1144	945	43.902	13.0487
lcl|NC_052672.1_mrna_XM_039453409.1_20670	10880	10681	0	0
lcl|NC_052672.1_mrna_XM_039453410.1_20671	10643	10444	20	0.537872
lcl|NC_052672.1_mrna_XM_011162597.3_20672	9064	8865	0	0
lcl|NC_052672.1_mrna_XM_039453427.1_20673	6023	5824	7	0.337592
lcl|NC_052672.1_mrna_XM_011162599.3_20674	5263	5064	1	0.0554654
lcl|NC_052672.1_ncrna_XR_005575541.1_20675	3535	3336	3.09799	0.260837
lcl|NC_052672.1_ncrna_XR_005575540.1_20676	858	659	0	0
lcl|NC_052672.1_ncrna_XR_005575539.1_20677	726	527	0	0
lcl|NC_052672.1_mrna_XM_011162596.3_20678	1000	801	425	149.029
lcl|NC_052672.1_mrna_XM_011162595.3_20679	3267	3068	144	13.1833
lcl|NC_052672.1_mrna_XM_011162592.3_20680	734	535	17.1838	9.02153
lcl|NC_052672.1_mrna_XM_011162594.3_20681	676	477	0	0
lcl|NC_052672.1_mrna_XM_011162593.3_20682	700	501	15.3725	8.61831
lcl|NC_052672.1_mrna_XM_011162591.3_20683	719	520	102.942	55.6038
lcl|NC_052672.1_mrna_XM_039453429.1_20684	431	232	59.5018	72.0374
lcl|NC_052672.1_mrna_XM_026141535.2_20685	1410	1211	1059	245.622
lcl|NC_052672.1_mrna_XM_011162588.3_20686	1496	1297	491.958	106.538
lcl|NC_052672.1_mrna_XM_011162589.3_20687	1460	1261	89.0418	19.8333
lcl|NC_052672.1_mrna_XM_026141534.2_20688	5888	5689	432.668	21.3616
lcl|NC_052672.1_miscrna_XR_005575537.1_20689	5801	5602	43.7009	2.1911
lcl|NC_052672.1_mrna_XM_039453426.1_20690	5489	5290	13.6312	0.723762
lcl|NC_052672.1_mrna_XM_039453417.1_20691	3769	3570	190.162	14.9613
lcl|NC_052672.1_mrna_XM_039453416.1_20692	3544	3345	11.493	0.965056
lcl|NC_052672.1_mrna_XM_011161976.3_20693	2922	2723	195.838	20.2006
lcl|NC_052672.1_mrna_XM_011161975.3_20694	3009	2810	734.263	73.3941
lcl|NC_052672.1_mrna_XM_039453418.1_20695	2923	2724	136.497	14.0745
lcl|NC_052672.1_mrna_XM_039453419.1_20696	2791	2592	280.747	30.4226
lcl|NC_052672.1_mrna_XM_011161971.3_20697	626	427	0	0
lcl|NC_052672.1_mrna_XM_039453425.1_20698	1225	1026	10.781	2.95139
lcl|NC_052672.1_mrna_XM_011161973.3_20699	1488	1289	0	0
lcl|NC_052672.1_mrna_XM_039453424.1_20700	6808	6609	19.4766	0.827739
lcl|NC_052672.1_mrna_XM_011161970.3_20701	1914	1715	4	0.655106
lcl|NC_052672.1_mrna_XM_039453414.1_20702	4669	4470	0	0
lcl|NC_052672.1_ncrna_XR_005575538.1_20703	934	735	0	0
lcl|NC_052672.1_mrna_XM_039453420.1_20704	1297	1098	0	0
lcl|NC_052672.1_mrna_XM_039453428.1_20705	1162	963	0	0
lcl|NC_052672.1_mrna_XM_011176232.3_20706	2463	2264	6	0.744373
lcl|NC_052672.1_mrna_XM_039453412.1_20707	4683	4484	5.48879	0.343817
lcl|NC_052672.1_mrna_XM_039453411.1_20708	4689	4490	1.43548	0.089798
lcl|NC_052672.1_mrna_XM_039453415.1_20709	5725	5526	0	0
lcl|NC_052672.1_mrna_XM_039453413.1_20710	5948	5749	30.0757	1.4694
lcl|NC_052672.1_mrna_XM_039453328.1_20711	1407	1208	422.98	98.3486
lcl|NC_052672.1_mrna_XM_039453904.1_20712	1321	1122	8.58523	2.14919
lcl|NC_052672.1_mrna_XM_026141128.2_20713	1357	1158	19.43	4.7128
lcl|NC_052672.1_mrna_XM_026141130.2_20714	1380	1181	0	0
lcl|NC_052672.1_mrna_XM_026141127.2_20715	1378	1179	98.8875	23.5583
lcl|NC_052672.1_mrna_XM_039453905.1_20716	1482	1283	41.7562	9.14135
lcl|NC_052672.1_mrna_XM_039453897.1_20717	3838	3639	0	0
lcl|NC_052672.1_mrna_XM_039453901.1_20718	3750	3551	16.7181	1.32237
lcl|NC_052672.1_mrna_XM_039453902.1_20719	3709	3510	40.9557	3.27735
lcl|NC_052672.1_mrna_XM_039453898.1_20720	3819	3620	0	0
lcl|NC_052672.1_mrna_XM_039453900.1_20721	3782	3583	78.6192	6.16307
lcl|NC_052672.1_mrna_XM_039453899.1_20722	3750	3551	16.7602	1.3257
lcl|NC_052672.1_mrna_XM_039453896.1_20723	4117	3918	13.4777	0.966199
lcl|NC_052672.1_mrna_XM_039453903.1_20724	3880	3681	19.9321	1.52091
lcl|NC_052672.1_ncrna_XR_005575554.1_20725	1328	1129	20.535	5.10876
lcl|NC_052672.1_mrna_XM_026141469.2_20726	571	372	819	618.382
lcl|NC_052672.1_mrna_XM_026141468.2_20727	2050	1851	26.6987	4.05135
lcl|NC_052672.1_mrna_XM_026141467.2_20728	2098	1899	41.8299	6.18697
lcl|NC_052672.1_mrna_XM_026141465.2_20729	2101	1902	0	0
lcl|NC_052672.1_mrna_XM_011169666.3_20730	2086	1887	648.087	96.4666
lcl|NC_052672.1_mrna_XM_026141466.2_20731	1880	1681	973.394	162.644
lcl|NC_052672.1_ncrna_XR_005575524.1_20732	6132	5933	4	0.189366
lcl|NC_052672.1_ncrna_XR_005575523.1_20733	812	613	7	3.2074
lcl|NC_052672.1_mrna_XM_011169991.3_20734	2188	1989	449.564	63.4852
lcl|NC_052672.1_mrna_XM_026141537.2_20735	2375	2176	118.482	15.2935
lcl|NC_052672.1_ncrna_XR_005575574.1_20736	239	41.1625	0.64527	4.40307
lcl|NC_052672.1_mrna_XM_039453452.1_20737	2062	1863	0	0
lcl|NC_052672.1_mrna_XM_039453451.1_20738	2117	1918	38.3837	5.621
lcl|NC_052672.1_miscrna_XR_005575514.1_20739	1564	1365	0	0
lcl|NC_052672.1_miscrna_XR_005575515.1_20740	1524	1325	39	8.26731
lcl|NC_052672.1_miscrna_XR_005575513.1_20741	1550	1351	1.33744e-07	2.78058e-08
lcl|NC_052672.1_ncrna_XR_005575512.1_20742	656	457	44	27.0428
lcl|NC_052672.1_mrna_XM_039453454.1_20743	1081	882	0.900149	0.286656
lcl|NC_052672.1_mrna_XM_039453453.1_20744	1162	963	5.52032	1.6101
lcl|NC_052672.1_mrna_XM_039453455.1_20745	995	796	0.160059	0.0564785
lcl|NC_052672.1_mrna_XM_039453636.1_20746	1916	1717	17.6473	2.88685
lcl|NC_052672.1_mrna_XM_039453637.1_20747	1384	1185	10.7136	2.5394
lcl|NC_052672.1_mrna_XM_039453639.1_20748	1573	1374	207.285	42.3737
lcl|NC_052672.1_mrna_XM_039453638.1_20749	2653	2454	0	0
lcl|NC_052672.1_mrna_XM_026141606.2_20750	1575	1376	48.1916	9.83714
lcl|NC_052672.1_mrna_XM_026141604.2_20751	1916	1717	17.6473	2.88685
lcl|NC_052672.1_mrna_XM_026141605.2_20752	1384	1185	10.7136	2.5394
lcl|NC_052672.1_mrna_XM_039453641.1_20753	1084	885	0.0298679	0.00947932
lcl|NC_052672.1_mrna_XM_039453642.1_20754	917	718	0.000226757	8.87058e-05
lcl|NC_052672.1_mrna_XM_011174284.3_20755	1700	1501	212.105	39.6905
lcl|NC_052672.1_mrna_XM_011174282.3_20756	1753	1554	1473.82	266.384
lcl|NC_052672.1_mrna_XM_011174283.3_20757	1744	1545	39.9028	7.25422
lcl|NC_052672.1_mrna_XM_026132921.2_20758	1674	1475	102.175	19.4567
lcl|NC_052672.1_mrna_XM_039453657.1_20759	998	799	1	0.351535
lcl|NC_052672.1_mrna_XM_026136934.2_20760	1595	1396	13.4501	2.70618
lcl|NC_052672.1_mrna_XM_039453658.1_20761	642	443	113.762	72.129
lcl|NC_052672.1_mrna_XM_039453653.1_20762	1380	1181	0	0
lcl|NC_052672.1_mrna_XM_039453655.1_20763	1603	1404	0	0
lcl|NC_052672.1_mrna_XM_039453644.1_20764	1412	1213	2.09757	0.485704
lcl|NC_052672.1_mrna_XM_039453654.1_20765	1535	1336	5.10808	1.07391
lcl|NC_052672.1_mrna_XM_039453643.1_20766	1457	1258	0	0
lcl|NC_052672.1_mrna_XM_039453648.1_20767	1682	1483	0	0
lcl|NC_052672.1_mrna_XM_039453646.1_20768	1822	1623	16.0313	2.77439
lcl|NC_052672.1_mrna_XM_039453649.1_20769	1515	1316	0	0
lcl|NC_052672.1_mrna_XM_039453651.1_20770	1553	1354	3.15009e-07	6.5346e-08
lcl|NC_052672.1_mrna_XM_039453650.1_20771	1557	1358	0	0
lcl|NC_052672.1_mrna_XM_039453645.1_20772	1614	1415	0.00526121	0.00104435
lcl|NC_052672.1_mrna_XM_039453652.1_20773	2932	2733	1.62141	0.166637
lcl|NC_052672.1_mrna_XM_039453729.1_20774	546	347	0	0
lcl|NC_052672.1_mrna_XM_039453726.1_20775	3742	3543	6.42035	0.508983
lcl|NC_052672.1_mrna_XM_039453374.1_20776	1827	1628	3.13634	0.541108
lcl|NC_052672.1_mrna_XM_039453375.1_20777	1189	990	0	0
lcl|NC_052672.1_miscrna_XR_005575511.1_20778	1523	1324	26.8252	5.69076
lcl|NC_052672.1_mrna_XM_026132173.2_20779	1757	1558	144.605	26.0694
lcl|NC_052672.1_mrna_XM_011174735.3_20780	2346	2147	5.04611	0.660146
lcl|NC_052672.1_mrna_XM_039453325.1_20781	3131	2932	2.81683	0.269844
lcl|NC_052672.1_mrna_XM_039453324.1_20782	3139	2940	0.183167	0.0174991
lcl|NC_052672.1_mrna_XM_039453326.1_20783	2622	2423	0	0
lcl|NC_052672.1_mrna_XM_039453327.1_20784	2443	2244	0	0
lcl|NC_052672.1_ncrna_XR_005575547.1_20785	843	644	85.4089	37.2506
lcl|NC_052672.1_mrna_XM_039453287.1_20786	1226	1027	18.1608	4.96683
lcl|NC_052672.1_mrna_XM_039453730.1_20787	1368	1169	0	0
lcl|NC_052672.1_mrna_XM_039453731.1_20788	3774	3575	1	0.0785669
lcl|NC_052672.1_mrna_XM_026138466.2_20789	900	701	2.5523	1.02266
lcl|NC_052672.1_mrna_XM_026141496.2_20790	4802	4603	0	0
lcl|NC_052672.1_mrna_XM_039453295.1_20791	4781	4582	0.0101437	0.000621812
lcl|NC_052672.1_mrna_XM_039453294.1_20792	4798	4599	0.0002472	1.50974e-05
lcl|NC_052672.1_mrna_XM_039453292.1_20793	4802	4603	0.00010336	6.30704e-06
lcl|NC_052672.1_mrna_XM_039453293.1_20794	4819	4620	2.56181e-06	1.55747e-07
lcl|NC_052672.1_mrna_XM_039453289.1_20795	4933	4734	14.792	0.877635
lcl|NC_052672.1_mrna_XM_039453291.1_20796	4785	4586	0	0
lcl|NC_052672.1_mrna_XM_039453290.1_20797	4805	4606	0	0
lcl|NC_052672.1_mrna_XM_026130480.2_20798	790	591	0	0
lcl|NC_052672.1_mrna_XM_039453739.1_20799	1002	803	0	0
lcl|NC_052672.1_mrna_XM_039453346.1_20800	1733	1534	0	0
lcl|NC_052672.1_mrna_XM_039453347.1_20801	1810	1611	0	0
lcl|NC_052672.1_mrna_XM_039453348.1_20802	1901	1702	0	0
lcl|NC_052672.1_mrna_XM_039453350.1_20803	1460	1261	0	0
lcl|NC_052672.1_mrna_XM_039453349.1_20804	1850	1651	0	0
lcl|NC_052672.1_mrna_XM_039453732.1_20805	3513	3314	0	0
lcl|NC_052672.1_mrna_XM_026141719.2_20806	1523	1324	0	0
lcl|NC_052672.1_ncrna_XR_005575497.1_20807	808	609	1	0.46121
lcl|NC_052672.1_mrna_XM_039453252.1_20808	1732	1533	0	0
lcl|NC_052672.1_mrna_XM_039453254.1_20809	6898	6699	0	0
lcl|NC_052672.1_mrna_XM_039453733.1_20810	1899	1700	0	0
lcl|NC_052672.1_mrna_XM_026141074.1_20811	1146	947	0	0
lcl|NC_052672.1_mrna_XM_039453255.1_20812	942	743	165.93	62.7265
lcl|NC_052672.1_mrna_XM_026136141.2_20813	935	736	313.519	119.647
lcl|NC_052672.1_mrna_XM_039453734.1_20814	411	212	0	0
lcl|NC_052672.1_mrna_XM_039453635.1_20815	868	669	0	0
lcl|NC_052672.1_mrna_XM_039453634.1_20816	1087	888	0	0
lcl|NC_052672.1_mrna_XM_039453437.1_20817	2970	2771	0	0
lcl|NC_052672.1_mrna_XM_039453434.1_20818	2875	2676	70.4932	7.39907
lcl|NC_052672.1_mrna_XM_039453436.1_20819	2800	2601	0	0
lcl|NC_052672.1_mrna_XM_011176647.3_20820	2544	2345	0	0
lcl|NC_052672.1_mrna_XM_039453518.1_20821	1201	1002	0	0
lcl|NC_052672.1_ncrna_XR_005575553.1_20822	1041	842	7	2.33508
lcl|NC_052672.1_mrna_XM_039453735.1_20823	417	218	0	0
lcl|NC_052672.1_mrna_XM_039453736.1_20824	1524	1325	1	0.211982
lcl|NC_052672.1_mrna_XM_039453799.1_20825	755	556	0	0
lcl|NC_052672.1_mrna_XM_039453596.1_20826	4211	4012	5	0.350046
lcl|NC_052672.1_mrna_XM_011161967.3_20827	3394	3195	19.092	1.6784
lcl|NC_052672.1_mrna_XM_011161959.3_20828	1468	1269	7	1.54936
lcl|NC_052672.1_mrna_XM_011161960.3_20829	3641	3442	443.088	36.1572
lcl|NC_052672.1_miscrna_XR_850741.2_20830	2713	2514	182.912	20.4358
lcl|NC_052672.1_mrna_XM_039453597.1_20831	2907	2708	257.007	26.657
lcl|NC_052672.1_mrna_XM_011161961.3_20832	2892	2693	2504.08	261.173
lcl|NC_052672.1_mrna_XM_011161962.3_20833	1089	890	31.9108	10.0708
lcl|NC_052672.1_mrna_XM_011161964.3_20834	1559	1360	104.276	21.5358
lcl|NC_052672.1_mrna_XM_011161963.3_20835	1640	1441	82.95	16.1684
lcl|NC_052672.1_mrna_XM_011161965.3_20836	2264	2065	168.774	22.9563
lcl|NC_052672.1_mrna_XM_011161968.3_20837	2831	2632	0	0
lcl|NC_052672.1_mrna_XM_039453595.1_20838	6845	6646	577.444	24.4042
lcl|NC_052672.1_mrna_XM_039453593.1_20839	8306	8107	38.8426	1.34575
lcl|NC_052672.1_mrna_XM_039453592.1_20840	11165	10966	0	0
lcl|NC_052672.1_mrna_XM_039453591.1_20841	11255	11056	0	0
lcl|NC_052672.1_mrna_XM_039453590.1_20842	12770	12571	0	0
lcl|NC_052672.1_mrna_XM_039453594.1_20843	12576	12377	0	0
lcl|NC_052672.1_mrna_XM_011161956.3_20844	1991	1792	585	91.6925
lcl|NC_052672.1_mrna_XM_026136789.2_20845	7859	7660	84.1215	3.08456
lcl|NC_052672.1_mrna_XM_026136788.2_20846	8919	8720	0	0
lcl|NC_052672.1_mrna_XM_011161955.3_20847	7673	7474	0	0
lcl|NC_052672.1_mrna_XM_011161953.3_20848	9912	9713	2.91872	0.0844025
lcl|NC_052672.1_mrna_XM_039453300.1_20849	2697	2498	0	0
lcl|NC_052672.1_mrna_XM_039453299.1_20850	3002	2803	11.6761	1.17001
lcl|NC_052672.1_mrna_XM_026136765.2_20851	1870	1671	19.9291	3.34987
lcl|NC_052672.1_mrna_XM_011161948.3_20852	2190	1991	55.2127	7.78904
lcl|NC_052672.1_mrna_XM_011161950.3_20853	2154	1955	209.889	30.1549
lcl|NC_052672.1_mrna_XM_011161951.3_20854	2142	1943	154.99	22.4051
lcl|NC_052672.1_mrna_XM_011161952.3_20855	2106	1907	535.909	78.9325
lcl|NC_052672.1_mrna_XM_039453737.1_20856	2759	2560	0	0
lcl|NC_052672.1_mrna_XM_026136783.2_20857	3276	3077	0	0
lcl|NC_052672.1_mrna_XM_039453338.1_20858	3069	2870	3	0.293599
lcl|NC_052672.1_mrna_XM_039453337.1_20859	3152	2953	0	0
lcl|NC_052672.1_mrna_XM_039453336.1_20860	3184	2985	0	0
lcl|NC_052672.1_mrna_XM_039453335.1_20861	3190	2991	0	0
lcl|NC_052672.1_mrna_XM_026136784.2_20862	3141	2942	0	0
lcl|NC_052672.1_mrna_XM_039453792.1_20863	1652	1453	2	0.386616
lcl|NC_052672.1_mrna_XM_039453738.1_20864	2534	2335	3	0.360869
lcl|NC_052672.1_mrna_XM_011159091.3_20865	2797	2598	2000.99	216.333
lcl|NC_052672.1_mrna_XM_011159088.3_20866	4954	4755	511.764	30.2298
lcl|NC_052672.1_mrna_XM_011159089.3_20867	4915	4716	2502.81	149.063
lcl|NC_052672.1_mrna_XM_026136764.2_20868	4358	4159	89.4242	6.03924
lcl|NC_052672.1_mrna_XM_026136768.2_20869	7223	7024	71	2.83916
lcl|NC_052672.1_ncrna_XR_005575609.1_20870	5273	5074	123.654	6.84502
lcl|NC_052672.1_ncrna_XR_005575607.1_20871	6909	6710	6.55428	0.274358
lcl|NC_052672.1_ncrna_XR_005575612.1_20872	3207	3008	0	0
lcl|NC_052672.1_ncrna_XR_005575606.1_20873	3196	2997	0	0
lcl|NC_052672.1_ncrna_XR_005575605.1_20874	3090	2891	0	0
lcl|NC_052672.1_ncrna_XR_005575613.1_20875	3056	2857	83.7914	8.23768
lcl|NC_052672.1_ncrna_XR_005575611.1_20876	3155	2956	0	0
lcl|NC_052672.1_ncrna_XR_005575614.1_20877	3066	2867	0	0
lcl|NC_052672.1_ncrna_XR_005575608.1_20878	3616	3417	0	0
lcl|NC_052672.1_ncrna_XR_005575610.1_20879	3525	3326	0	0
lcl|NC_052672.1_mrna_XM_011157237.3_20880	3788	3589	27.8217	2.17734
lcl|NC_052672.1_mrna_XM_039453907.1_20881	3401	3202	11.1783	0.98055
lcl|NC_052672.1_mrna_XM_039453908.1_20882	3224	3025	36.9544	3.43128
lcl|NC_052672.1_mrna_XM_011157239.3_20883	2699	2500	693.046	77.8641
lcl|NC_052672.1_ncrna_XR_003268910.1_20884	193	14.3155	0	0
lcl|NC_052672.1_mrna_XM_039453740.1_20885	1806	1607	0	0
lcl|NC_052672.1_mrna_XM_039453741.1_20886	5935	5736	1.20244	0.0588804
lcl|NC_052672.1_mrna_XM_039453742.1_20887	1680	1481	0	0
lcl|NC_052672.1_mrna_XM_039453743.1_20888	1419	1220	4.79756	1.10453
lcl|NC_052672.1_mrna_XM_039453756.1_20889	4067	3868	0	0
lcl|NC_052672.1_mrna_XM_039453758.1_20890	4066	3867	0	0
lcl|NC_052672.1_mrna_XM_039453757.1_20891	4065	3866	0	0
lcl|NC_052672.1_mrna_XM_039453759.1_20892	3813	3614	0	0
lcl|NC_052672.1_mrna_XM_039453784.1_20893	1665	1466	0	0
lcl|NC_052672.1_mrna_XM_039453783.1_20894	1708	1509	0	0
lcl|NC_052672.1_mrna_XM_039453761.1_20895	3624	3425	0	0
lcl|NC_052672.1_mrna_XM_039453760.1_20896	3604	3405	0	0
lcl|NC_052672.1_mrna_XM_039453785.1_20897	2364	2165	0	0
lcl|NC_052672.1_mrna_XM_039453786.1_20898	2496	2297	0	0
lcl|NC_052672.1_miscrna_XR_005575591.1_20899	2212	2013	2.77883	0.387734
lcl|NC_052672.1_mrna_XM_039453755.1_20900	4464	4265	0	0
lcl|NC_052672.1_mrna_XM_039453762.1_20901	3379	3180	0	0
lcl|NC_052672.1_mrna_XM_039453763.1_20902	3350	3151	0	0
lcl|NC_052672.1_mrna_XM_039453776.1_20903	3962	3763	1.47518	0.11011
lcl|NC_052672.1_mrna_XM_039453765.1_20904	5663	5464	0	0
lcl|NC_052672.1_mrna_XM_039453767.1_20905	5969	5770	0	0
lcl|NC_052672.1_mrna_XM_039453764.1_20906	4939	4740	0	0
lcl|NC_052672.1_mrna_XM_039453769.1_20907	4641	4442	0	0
lcl|NC_052672.1_mrna_XM_039453766.1_20908	4477	4278	9.88431	0.648965
lcl|NC_052672.1_mrna_XM_026141136.2_20909	3169	2970	0	0
lcl|NC_052672.1_mrna_XM_039453768.1_20910	4223	4024	1	0.0698004
lcl|NC_052672.1_mrna_XM_039453780.1_20911	3368	3169	0	0
lcl|NC_052672.1_mrna_XM_039453777.1_20912	3497	3298	0	0
lcl|NC_052672.1_mrna_XM_039453779.1_20913	3508	3309	0	0
lcl|NC_052672.1_mrna_XM_039453778.1_20914	3340	3141	0	0
lcl|NC_052672.1_mrna_XM_039453744.1_20915	1416	1217	0	0
lcl|NC_052672.1_mrna_XM_039453745.1_20916	975	776	0	0
lcl|NC_052672.1_mrna_XM_039453782.1_20917	2761	2562	0	0
lcl|NC_052672.1_mrna_XM_039453772.1_20918	4804	4605	0	0
lcl|NC_052672.1_mrna_XM_039453773.1_20919	6174	5975	0	0
lcl|NC_052672.1_mrna_XM_039453770.1_20920	5953	5754	0	0
lcl|NC_052672.1_mrna_XM_039453775.1_20921	5926	5727	0	0
lcl|NC_052672.1_mrna_XM_039453771.1_20922	5664	5465	0	0
lcl|NC_052672.1_mrna_XM_039453789.1_20923	853	654	0	0
lcl|NC_052672.1_mrna_XM_039453774.1_20924	3404	3205	0	0
lcl|NC_052672.1_mrna_XM_039453751.1_20925	3572	3373	0	0
lcl|NC_052672.1_mrna_XM_039453749.1_20926	3644	3445	0	0
lcl|NC_052672.1_mrna_XM_039453754.1_20927	2954	2755	0	0
lcl|NC_052672.1_mrna_XM_039453752.1_20928	3062	2863	0	0
lcl|NC_052672.1_mrna_XM_039453753.1_20929	5017	4818	0	0
lcl|NC_052672.1_mrna_XM_039453746.1_20930	2801	2602	0	0
lcl|NC_052672.1_mrna_XM_039453788.1_20931	1616	1417	0	0
lcl|NC_052672.1_mrna_XM_026132593.2_20932	1646	1447	0	0
lcl|NC_052672.1_miscrna_XR_005575592.1_20933	3664	3465	0	0
lcl|NC_052672.1_mrna_XM_039453787.1_20934	3278	3079	4	0.364893
lcl|NC_052672.1_mrna_XM_039453790.1_20935	1396	1197	0	0
lcl|NC_052672.1_mrna_XM_011166147.3_20936	4578	4379	117	7.50458
lcl|NC_052672.1_mrna_XM_011166146.3_20937	3119	2920	393	37.8029
lcl|NC_052672.1_mrna_XM_039453385.1_20938	3414	3215	4.22782	0.369361
lcl|NC_052672.1_mrna_XM_026138037.2_20939	3584	3385	0	0
lcl|NC_052672.1_mrna_XM_026138034.2_20940	3651	3452	0	0
lcl|NC_052672.1_mrna_XM_026138036.2_20941	3741	3542	0	0
lcl|NC_052672.1_mrna_XM_011166144.3_20942	3551	3352	2.77218	0.232291
lcl|NC_052672.1_mrna_XM_026138035.2_20943	4977	4778	0	0
lcl|NC_052672.1_mrna_XM_039453384.1_20944	5294	5095	0	0
lcl|NC_052672.1_mrna_XM_011166139.3_20945	5993	5794	0	0
lcl|NC_052672.1_mrna_XM_011166141.3_20946	5994	5795	0	0
lcl|NC_052672.1_mrna_XM_039453377.1_20947	5982	5783	0	0
lcl|NC_052672.1_mrna_XM_011166138.3_20948	7733	7534	0	0
lcl|NC_052672.1_mrna_XM_011166143.3_20949	7380	7181	13	0.50848
lcl|NC_052672.1_mrna_XM_026138043.2_20950	10742	10543	5.71081	0.152142
lcl|NC_052672.1_mrna_XM_026138041.2_20951	10850	10651	0.000207607	5.47478e-06
lcl|NC_052672.1_mrna_XM_026138042.2_20952	10874	10675	2.17175e-05	5.71423e-07
lcl|NC_052672.1_mrna_XM_039453379.1_20953	11754	11555	0	0
lcl|NC_052672.1_mrna_XM_039453380.1_20954	9876	9677	0	0
lcl|NC_052672.1_mrna_XM_039453381.1_20955	11595	11396	0.00969083	0.000238849
lcl|NC_052672.1_mrna_XM_011166137.3_20956	11526	11327	4.28365	0.106222
lcl|NC_052672.1_mrna_XM_011166135.3_20957	2685	2486	1991.49	225.005
lcl|NC_052672.1_mrna_XM_039453382.1_20958	1541	1342	55.5119	11.6185
lcl|NC_052672.1_mrna_XM_026129921.2_20959	1400	1201	0	0
lcl|NC_052672.1_mrna_XM_011167780.3_20960	1942	1743	18.8895	3.04396
lcl|NC_052672.1_mrna_XM_011167781.3_20961	1886	1687	651.11	108.407
lcl|NC_052672.1_mrna_XM_011167783.3_20962	1291	1092	177	45.5267
lcl|NC_052672.1_mrna_XM_039453676.1_20963	2877	2678	5.9369	0.62268
lcl|NC_052672.1_mrna_XM_026140069.2_20964	3591	3392	65.0631	5.38759
lcl|NC_052672.1_mrna_XM_039453675.1_20965	5197	4998	61.0097	3.42861
lcl|NC_052672.1_mrna_XM_026140068.2_20966	5622	5423	102.08	5.28709
lcl|NC_052672.1_mrna_XM_026140078.2_20967	6292	6093	0	0
lcl|NC_052672.1_mrna_XM_039453660.1_20968	7475	7276	4.11229	0.158747
lcl|NC_052672.1_mrna_XM_026140076.2_20969	6144	5945	22.2554	1.05148
lcl|NC_052672.1_mrna_XM_026140072.2_20970	7419	7220	0	0
lcl|NC_052672.1_mrna_XM_026140070.2_20971	7425	7226	0	0
lcl|NC_052672.1_mrna_XM_039453667.1_20972	6975	6776	34.3311	1.42308
lcl|NC_052672.1_mrna_XM_039453666.1_20973	7246	7047	0	0
lcl|NC_052672.1_mrna_XM_039453665.1_20974	7308	7109	0	0
lcl|NC_052672.1_mrna_XM_026140077.2_20975	6064	5865	0	0
lcl|NC_052672.1_mrna_XM_039453668.1_20976	5946	5747	0	0
lcl|NC_052672.1_mrna_XM_026140075.2_20977	6311	6112	4.22916	0.194351
lcl|NC_052672.1_mrna_XM_026140074.2_20978	7232	7033	3.21849	0.128537
lcl|NC_052672.1_mrna_XM_026140073.2_20979	9059	8860	4.22588	0.133968
lcl|NC_052672.1_mrna_XM_026140080.2_20980	7061	6862	16.5971	0.679357
lcl|NC_052672.1_mrna_XM_026140079.2_20981	7075	6876	2.14894	0.0877815
lcl|NC_052672.1_mrna_XM_039453670.1_20982	6658	6459	7.20788	0.313443
lcl|NC_052672.1_mrna_XM_039453662.1_20983	6961	6762	66.6736	2.76946
lcl|NC_052672.1_mrna_XM_011167793.3_20984	6494	6295	0	0
lcl|NC_052672.1_mrna_XM_039453661.1_20985	6420	6221	0	0
lcl|NC_052672.1_mrna_XM_039453663.1_20986	6299	6100	0	0
lcl|NC_052672.1_ncrna_XR_003269358.2_20987	5135	4936	6	0.341422
lcl|NC_052672.1_miscrna_XR_005575581.1_20988	1472	1273	22.9436	5.06232
lcl|NC_052672.1_miscrna_XR_850960.3_20989	1436	1237	209.655	47.6048
lcl|NC_052672.1_mrna_XM_039453678.1_20990	1295	1096	316.402	81.0857
lcl|NC_052672.1_mrna_XM_026140093.2_20991	776	577	0	0
lcl|NC_052672.1_mrna_XM_026140092.2_20992	800	601	3	1.40205
lcl|NC_052672.1_mrna_XM_011167785.3_20993	3648	3449	36.7613	2.99373
lcl|NC_052672.1_mrna_XM_026140094.2_20994	692	493	0	0
lcl|NC_052672.1_mrna_XM_039453680.1_20995	638	439	0	0
lcl|NC_052672.1_mrna_XM_011167786.3_20996	509	310	1	0.906054
lcl|NC_052672.1_mrna_XM_026140088.2_20997	1035	836	3	1.00793
lcl|NC_052672.1_mrna_XM_026140090.2_20998	863	664	0	0
lcl|NC_052672.1_mrna_XM_011167784.3_20999	3610	3411	638.239	52.5554
lcl|NC_052672.1_mrna_XM_026140081.2_21000	2515	2316	338.589	41.0629
lcl|NC_052672.1_mrna_XM_039453674.1_21001	2680	2481	0	0
lcl|NC_052672.1_mrna_XM_026140086.2_21002	2801	2602	9.33496	1.00768
lcl|NC_052672.1_mrna_XM_026140085.2_21003	2694	2495	0	0
lcl|NC_052672.1_mrna_XM_026140083.2_21004	2814	2615	271.058	29.1143
lcl|NC_052672.1_mrna_XM_039453671.1_21005	2856	2657	7.66159e-07	8.09922e-08
lcl|NC_052672.1_mrna_XM_026140084.2_21006	2453	2254	247.49	30.8404
lcl|NC_052672.1_mrna_XM_039453673.1_21007	2434	2235	74.2992	9.33732
lcl|NC_052672.1_mrna_XM_026140082.2_21008	2301	2102	546.229	72.9891
lcl|NC_052672.1_mrna_XM_011167798.3_21009	2673	2474	1	0.113531
lcl|NC_052672.1_ncrna_XR_005575585.1_21010	1626	1427	0.239366	0.0471145
lcl|NC_052672.1_mrna_XM_039453711.1_21011	3157	2958	0	0
lcl|NC_052672.1_mrna_XM_039453710.1_21012	3607	3408	0	0
lcl|NC_052672.1_mrna_XM_039453712.1_21013	4011	3812	1.20478	0.0887708
lcl|NC_052672.1_mrna_XM_039453697.1_21014	5140	4941	0	0
lcl|NC_052672.1_mrna_XM_039453698.1_21015	4371	4172	0	0
lcl|NC_052672.1_mrna_XM_039453707.1_21016	4499	4300	0	0
lcl|NC_052672.1_mrna_XM_039453705.1_21017	3293	3094	0	0
lcl|NC_052672.1_mrna_XM_039453708.1_21018	3054	2855	0	0
lcl|NC_052672.1_mrna_XM_039453713.1_21019	4538	4339	1.31154	0.0848998
lcl|NC_052672.1_mrna_XM_039453702.1_21020	3549	3350	0	0
lcl|NC_052672.1_mrna_XM_039453704.1_21021	3132	2933	0	0
lcl|NC_052672.1_mrna_XM_039453703.1_21022	3171	2972	0	0
lcl|NC_052672.1_mrna_XM_039453701.1_21023	3557	3358	0	0
lcl|NC_052672.1_mrna_XM_039453699.1_21024	3553	3354	0	0
lcl|NC_052672.1_mrna_XM_039453700.1_21025	4508	4309	0	0
lcl|NC_052672.1_mrna_XM_026140653.2_21026	2636	2437	0	0
lcl|NC_052672.1_mrna_XM_039453709.1_21027	5265	5066	0	0
lcl|NC_052672.1_mrna_XM_011172297.3_21028	5408	5209	0	0
lcl|NC_052672.1_mrna_XM_011172299.3_21029	4506	4307	0	0
lcl|NC_052672.1_miscrna_XR_005575584.1_21030	4150	3951	2.106	0.149716
lcl|NC_052672.1_mrna_XM_026136829.2_21031	1068	869	5	1.61609
lcl|NC_052672.1_mrna_XM_011165727.3_21032	7280	7081	0	0
lcl|NC_052672.1_mrna_XM_011165726.3_21033	7535	7336	188	7.19804
lcl|NC_052672.1_mrna_XM_026138903.2_21034	721	522	1	0.538078
lcl|NC_052672.1_miscrna_XR_005575507.1_21035	7438	7239	0	0
lcl|NC_052672.1_miscrna_XR_005575508.1_21036	7360	7161	0	0
lcl|NC_052672.1_mrna_XM_039453319.1_21037	1370	1171	9	2.15874
lcl|NC_052672.1_mrna_XM_039453320.1_21038	1424	1225	0	0
lcl|NC_052672.1_mrna_XM_039453318.1_21039	1666	1467	0	0
lcl|NC_052672.1_mrna_XM_011165730.3_21040	6029	5830	20.555	0.990297
lcl|NC_052672.1_mrna_XM_026138899.2_21041	6026	5827	34.445	1.66034
lcl|NC_052672.1_mrna_XM_011165731.3_21042	5668	5469	3	0.154074
lcl|NC_052672.1_mrna_XM_039453321.1_21043	5329	5130	0	0
lcl|NC_052672.1_mrna_XM_011165733.3_21044	3416	3217	1.40877	0.123
lcl|NC_052672.1_mrna_XM_026138891.2_21045	3413	3214	3.59123	0.313844
lcl|NC_052672.1_mrna_XM_011165734.3_21046	3413	3214	0	0
lcl|NC_052672.1_mrna_XM_039453963.1_21047	3410	3211	0	0
lcl|NC_052672.1_ncrna_XR_005575624.1_21048	1630	1431	6.91466	1.35721
lcl|NC_052672.1_mrna_XM_011165736.3_21049	3021	2822	346	34.4378
lcl|NC_052672.1_mrna_XM_039453960.1_21050	2704	2505	33.9256	3.80396
lcl|NC_052672.1_mrna_XM_039453959.1_21051	2323	2124	0	0
lcl|NC_052672.1_mrna_XM_039453957.1_21052	2633	2434	282.074	32.5506
lcl|NC_052672.1_mrna_XM_039453961.1_21053	2322	2123	0	0
lcl|NC_052672.1_mrna_XM_011165741.2_21054	1140	941	2856	852.48
lcl|NC_052672.1_mrna_XM_026138895.2_21055	1940	1741	47.1813	7.61179
lcl|NC_052672.1_mrna_XM_039453236.1_21056	1778	1579	140.349	24.9657
lcl|NC_052672.1_mrna_XM_026138896.2_21057	1607	1408	55.4695	11.0654
lcl|NC_052672.1_mrna_XM_039453234.1_21058	4882	4683	0	0
lcl|NC_052672.1_mrna_XM_011165747.3_21059	4901	4702	10.9908	0.65654
lcl|NC_052672.1_mrna_XM_011165745.3_21060	4940	4741	11.8804	0.703842
lcl|NC_052672.1_mrna_XM_011165744.3_21061	5033	4834	0	0
lcl|NC_052672.1_mrna_XM_026138893.2_21062	4582	4383	2.70206e-08	1.73157e-09
lcl|NC_052672.1_mrna_XM_011165748.3_21063	4897	4698	0	0
lcl|NC_052672.1_mrna_XM_039453235.1_21064	4717	4518	0	0
lcl|NC_052672.1_mrna_XM_011165746.3_21065	4900	4701	0	0
lcl|NC_052672.1_mrna_XM_026138894.2_21066	4128	3929	164.129	11.7333
lcl|NC_052672.1_mrna_XM_011165751.3_21067	3454	3255	1141	98.4579
lcl|NC_052672.1_mrna_XM_011165758.2_21068	4336	4137	16	1.0863
lcl|NC_052672.1_mrna_XM_011165753.3_21069	2264	2065	0	0
lcl|NC_052672.1_mrna_XM_011165752.3_21070	2628	2429	0	0
lcl|NC_052672.1_mrna_XM_039453238.1_21071	3114	2915	0	0
lcl|NC_052672.1_mrna_XM_039453431.1_21072	2584	2385	0	0
lcl|NC_052672.1_mrna_XM_039453432.1_21073	3055	2856	0	0
lcl|NC_052672.1_mrna_XM_039453433.1_21074	2804	2605	0	0
lcl|NC_052672.1_mrna_XM_026138900.2_21075	1303	1104	1	0.254417
lcl|NC_052672.1_miscrna_XR_003269175.2_21076	1391	1192	0	0
lcl|NC_052672.1_miscrna_XR_003269172.2_21077	1455	1256	0	0
lcl|NC_052672.1_miscrna_XR_005575518.1_21078	1463	1264	0	0
lcl|NC_052672.1_miscrna_XR_005575520.1_21079	1535	1336	0	0
lcl|NC_052672.1_miscrna_XR_005575519.1_21080	1654	1455	0	0
lcl|NC_052672.1_trna_21081	76	3.6135	0	0
lcl|NC_052672.1_mrna_XM_039453353.1_21082	6779	6580	0	0
lcl|NC_052672.1_mrna_XM_039453747.1_21083	609	410	0	0
lcl|NC_052672.1_mrna_XM_039453344.1_21084	1324	1125	5.30167	1.32366
lcl|NC_052672.1_mrna_XM_039453345.1_21085	1444	1245	1.12387e-05	2.5355e-06
lcl|NC_052672.1_mrna_XM_039453343.1_21086	9730	9531	43.415	1.27943
lcl|NC_052672.1_mrna_XM_039453796.1_21087	933	734	0	0
lcl|NC_052672.1_mrna_XM_039453795.1_21088	2895	2696	1	0.104183
lcl|NC_052672.1_mrna_XM_039453376.1_21089	7320	7121	0	0
lcl|NC_052672.1_mrna_XM_039453438.1_21090	7160	6961	1	0.0403501
lcl|NC_052672.1_mrna_XM_026138202.2_21091	1920	1721	81.3986	13.2847
lcl|NC_052672.1_mrna_XM_011170564.3_21092	1957	1758	0	0
lcl|NC_052672.1_mrna_XM_039453386.1_21093	1934	1735	0	0
lcl|NC_052672.1_mrna_XM_039453387.1_21094	2435	2236	0	0
lcl|NC_052672.1_mrna_XM_039453388.1_21095	1827	1628	1.71139e-08	2.95264e-09
lcl|NC_052672.1_mrna_XM_039453389.1_21096	1624	1425	34.6014	6.82015
lcl|NC_052672.1_mrna_XM_026138200.2_21097	2440	2241	0	0
lcl|NC_052672.1_mrna_XM_039453542.1_21098	2606	2407	0	0
lcl|NC_052672.1_mrna_XM_039453543.1_21099	2419	2220	0	0
lcl|NC_052672.1_mrna_XM_011170561.3_21100	2252	2053	0	0
lcl|NC_052672.1_mrna_XM_039453544.1_21101	2056	1857	12	1.81504
lcl|NC_052672.1_mrna_XM_039453545.1_21102	1744	1545	0	0
lcl|NC_052672.1_mrna_XM_011170559.3_21103	2305	2106	26.4998	3.53427
lcl|NC_052672.1_mrna_XM_011170560.3_21104	2302	2103	27.5002	3.67292
lcl|NC_052672.1_mrna_XM_026138199.2_21105	1285	1086	0	0
lcl|NC_052672.1_mrna_XM_039453247.1_21106	1869	1670	1	0.16819
lcl|NC_052672.1_mrna_XM_039453748.1_21107	7647	7448	0	0
lcl|NC_052672.1_mrna_XM_011170558.3_21108	6892	6693	23	0.965212
lcl|NC_052672.1_mrna_XM_011170568.3_21109	3897	3698	40	3.03815
lcl|NC_052672.1_mrna_XM_039453478.1_21110	5748	5549	0	0
lcl|NC_052672.1_mrna_XM_039453476.1_21111	4031	3832	0	0
lcl|NC_052672.1_mrna_XM_039453477.1_21112	4049	3850	0	0
lcl|NC_052672.1_mrna_XM_039453475.1_21113	4220	4021	0	0
lcl|NC_052672.1_miscrna_XR_005575548.1_21114	5177	4978	0	0
lcl|NC_052672.1_mrna_XM_039453473.1_21115	5264	5065	0	0
lcl|NC_052672.1_mrna_XM_039453258.1_21116	4581	4382	0	0
lcl|NC_052672.1_mrna_XM_039453467.1_21117	5883	5684	6.94869e-05	3.43372e-06
lcl|NC_052672.1_mrna_XM_039453469.1_21118	5802	5603	0	0
lcl|NC_052672.1_mrna_XM_039453468.1_21119	5811	5612	24.8267	1.24256
lcl|NC_052672.1_mrna_XM_039453470.1_21120	4289	4090	0	0
lcl|NC_052672.1_mrna_XM_039453471.1_21121	4412	4213	0	0
lcl|NC_052672.1_mrna_XM_039453462.1_21122	6206	6007	3.76265	0.175935
lcl|NC_052672.1_mrna_XM_039453461.1_21123	7219	7020	0	0
lcl|NC_052672.1_mrna_XM_026138173.2_21124	7036	6837	8.23735	0.338406
lcl|NC_052672.1_mrna_XM_039453459.1_21125	7290	7091	0	0
lcl|NC_052672.1_mrna_XM_039453463.1_21126	7005	6806	0	0
lcl|NC_052672.1_mrna_XM_039453460.1_21127	7157	6958	1.87969e-07	7.58783e-09
lcl|NC_052672.1_mrna_XM_039453465.1_21128	7045	6846	1.01806	0.0417688
lcl|NC_052672.1_mrna_XM_039453464.1_21129	6454	6255	4.0792	0.183174
lcl|NC_052672.1_mrna_XM_039453259.1_21130	6691	6492	0	0
lcl|NC_052672.1_ncrna_XR_005575550.1_21131	760	561	21.6061	10.8176
lcl|NC_052672.1_mrna_XM_026138174.2_21132	2848	2649	0	0
lcl|NC_052672.1_mrna_XM_011158742.3_21133	3145	2946	19	1.81149
lcl|NC_052672.1_mrna_XM_039453472.1_21134	4554	4355	5	0.322476
lcl|NC_052672.1_mrna_XM_039453260.1_21135	4569	4370	0	0
lcl|NC_052672.1_mrna_XM_039453483.1_21136	1111	912	0	0
lcl|NC_052672.1_mrna_XM_039453479.1_21137	4602	4403	0	0
lcl|NC_052672.1_mrna_XM_039453261.1_21138	4650	4451	6	0.378625
lcl|NC_052672.1_mrna_XM_039453481.1_21139	1830	1631	0	0
lcl|NC_052672.1_mrna_XM_011158740.3_21140	1807	1608	69.4953	12.1391
lcl|NC_052672.1_mrna_XM_039453482.1_21141	1736	1537	9.24793e-06	1.69e-06
lcl|NC_052672.1_mrna_XM_039453456.1_21142	6549	6350	0	0
lcl|NC_052672.1_mrna_XM_039453458.1_21143	6232	6033	8	0.372454
lcl|NC_052672.1_miscrna_XR_005575549.1_21144	2102	1903	7.49019	1.10553
lcl|NC_052672.1_mrna_XM_011158746.3_21145	3388	3189	243.51	21.4475
lcl|NC_052672.1_mrna_XM_011158738.3_21146	5427	5228	65.2584	3.50604
lcl|NC_052672.1_mrna_XM_011158736.3_21147	2385	2186	0	0
lcl|NC_052672.1_mrna_XM_011158737.3_21148	2361	2162	0	0
lcl|NC_052672.1_ncrna_XR_003269101.2_21149	1249	1050	76.3891	20.4342
lcl|NC_052672.1_ncrna_XR_005575551.1_21150	783	584	1	0.480953
lcl|NC_052672.1_mrna_XM_039453480.1_21151	1933	1734	4.85729	0.786794
lcl|NC_052672.1_mrna_XM_011158734.3_21152	1052	853	139	45.7701
lcl|NC_052672.1_mrna_XM_011158733.3_21153	1874	1675	483	80.9931
lcl|NC_052672.1_mrna_XM_011158732.3_21154	1873	1674	8	1.3423
lcl|NC_052672.1_mrna_XM_039453484.1_21155	1837	1638	0	0
lcl|NC_052672.1_mrna_XM_039453490.1_21156	2942	2743	0	0
lcl|NC_052672.1_mrna_XM_039453488.1_21157	3047	2848	0	0
lcl|NC_052672.1_mrna_XM_039453491.1_21158	2804	2605	2	0.215644
lcl|NC_052672.1_mrna_XM_039453489.1_21159	2939	2740	0	0
lcl|NC_052672.1_mrna_XM_039453487.1_21160	3071	2872	0	0
lcl|NC_052672.1_mrna_XM_039453486.1_21161	3070	2871	0	0
lcl|NC_052672.1_mrna_XM_039453485.1_21162	3073	2874	0	0
lcl|NC_052672.1_mrna_XM_039453505.1_21163	2456	2257	0	0
lcl|NC_052672.1_mrna_XM_039453504.1_21164	2455	2256	0	0
lcl|NC_052672.1_mrna_XM_039453510.1_21165	2401	2202	0	0
lcl|NC_052672.1_mrna_XM_039453509.1_21166	2437	2238	0	0
lcl|NC_052672.1_mrna_XM_039453506.1_21167	2452	2253	0	0
lcl|NC_052672.1_mrna_XM_039453502.1_21168	2458	2259	0	0
lcl|NC_052672.1_mrna_XM_039453503.1_21169	2491	2292	0	0
lcl|NC_052672.1_mrna_XM_039453513.1_21170	2295	2096	0	0
lcl|NC_052672.1_mrna_XM_011158727.3_21171	2433	2234	24.6972	3.10513
lcl|NC_052672.1_mrna_XM_039453514.1_21172	2261	2062	0	0
lcl|NC_052672.1_mrna_XM_026138179.2_21173	2297	2098	0	0
lcl|NC_052672.1_mrna_XM_039453512.1_21174	2318	2119	0	0
lcl|NC_052672.1_mrna_XM_039453507.1_21175	2441	2242	0	0
lcl|NC_052672.1_mrna_XM_011158730.3_21176	2302	2103	0	0
lcl|NC_052672.1_mrna_XM_011158726.3_21177	2433	2234	61.4667	7.7281
lcl|NC_052672.1_mrna_XM_039453511.1_21178	2378	2179	0	0
lcl|NC_052672.1_mrna_XM_011158724.3_21179	2435	2236	0.0167442	0.00210333
lcl|NC_052672.1_mrna_XM_011158728.3_21180	2419	2220	43.8193	5.54407
lcl|NC_052672.1_mrna_XM_039453497.1_21181	7527	7328	27.1987	1.04251
lcl|NC_052672.1_mrna_XM_011158723.3_21182	2122	1923	411	60.0314
lcl|NC_052672.1_mrna_XM_026138176.2_21183	1779	1580	2	0.35554
lcl|NC_052672.1_mrna_XM_039453515.1_21184	1998	1799	0	0
lcl|NC_052672.1_ncrna_XR_005575552.1_21185	576	377	0	0
lcl|NC_052672.1_mrna_XM_026138186.2_21186	7712	7513	29.6309	1.10777
lcl|NC_052672.1_mrna_XM_039453498.1_21187	7319	7120	0	0
lcl|NC_052672.1_mrna_XM_026138183.2_21188	7257	7058	8.60252	0.342342
lcl|NC_052672.1_mrna_XM_039453492.1_21189	4830	4631	0	0
lcl|NC_052672.1_mrna_XM_039453493.1_21190	4816	4617	0	0
lcl|NC_052672.1_mrna_XM_026138181.2_21191	8875	8676	0	0
lcl|NC_052672.1_mrna_XM_026138185.2_21192	8784	8585	0	0
lcl|NC_052672.1_mrna_XM_026138182.2_21193	8871	8672	0	0
lcl|NC_052672.1_mrna_XM_039453499.1_21194	6163	5964	4.64552	0.218782
lcl|NC_052672.1_mrna_XM_011158718.3_21195	8852	8653	0	0
lcl|NC_052672.1_mrna_XM_039453496.1_21196	8723	8524	0	0
lcl|NC_052672.1_mrna_XM_039453500.1_21197	5301	5102	0	0
lcl|NC_052672.1_mrna_XM_039453501.1_21198	5362	5163	0	0
lcl|NC_052672.1_mrna_XM_039453495.1_21199	5590	5391	0	0
lcl|NC_052672.1_mrna_XM_026138188.2_21200	2759	2560	0	0
lcl|NC_052672.1_mrna_XM_039453516.1_21201	2257	2058	0	0
lcl|NC_052672.1_miscrna_XR_003269100.2_21202	1291	1092	0	0
lcl|NC_052672.1_mrna_XM_026138190.2_21203	1413	1214	0	0
lcl|NC_052672.1_mrna_XM_039453517.1_21204	1627	1428	0	0
lcl|NC_052672.1_mrna_XM_011163250.3_21205	2039	1840	2586.08	394.766
lcl|NC_052672.1_mrna_XM_039453838.1_21206	1904	1705	120.92	19.9201
lcl|NC_052672.1_mrna_XM_011163248.3_21207	3855	3656	159	12.2154
lcl|NC_052672.1_mrna_XM_039453837.1_21208	3061	2862	0	0
lcl|NC_052672.1_rrna_XR_003269554.1_21209	119	5.00576	0	0
lcl|NC_052672.1_ncrna_XR_005575603.1_21210	6954	6755	0	0
lcl|NC_052672.1_ncrna_XR_005575604.1_21211	1923	1724	0	0
lcl|NC_052672.1_mrna_XM_011163247.3_21212	7558	7359	11	0.419846
lcl|NC_052672.1_mrna_XM_011163245.3_21213	1811	1612	1688	294.119
lcl|NC_052672.1_mrna_XM_011163242.3_21214	1855	1656	123.806	20.9988
lcl|NC_052672.1_mrna_XM_011163244.3_21215	1256	1057	0.0101867	0.0027069
lcl|NC_052672.1_mrna_XM_026137723.2_21216	1251	1052	1.18429	0.316196
lcl|NC_052672.1_mrna_XM_039453839.1_21217	6088	5889	0	0
lcl|NC_052672.1_mrna_XM_026137721.2_21218	6101	5902	0	0
lcl|NC_052672.1_mrna_XM_011163239.3_21219	1924	1725	2221	361.639
lcl|NC_052672.1_mrna_XM_011163238.3_21220	732	533	53	27.9296
lcl|NC_052672.1_mrna_XM_011163237.3_21221	4826	4627	0	0
lcl|NC_052672.1_trna_21222	74	3.56892	0	0
lcl|NC_052672.1_mrna_XM_039453351.1_21223	1715	1516	774	143.403
lcl|NC_052672.1_mrna_XM_026137726.2_21224	4444	4245	0	0
lcl|NC_052672.1_miscrna_XR_850796.3_21225	4558	4359	0	0
lcl|NC_052672.1_miscrna_XR_005575582.1_21226	1004	805	10.0814	3.51755
lcl|NC_052672.1_miscrna_XR_005575583.1_21227	1626	1427	1.39731	0.275032
lcl|NC_052672.1_mrna_XM_026137727.2_21228	3328	3129	0	0
lcl|NC_052672.1_miscrna_XR_003269041.2_21229	3449	3250	15.2051	1.31408
lcl|NC_052672.1_mrna_XM_011163230.3_21230	9063	8864	1.45395	0.0460719
lcl|NC_052672.1_mrna_XM_011163231.3_21231	9505	9306	105.862	3.19517
lcl|NC_052672.1_mrna_XM_039453683.1_21232	1114	915	0	0
lcl|NC_052672.1_mrna_XM_011163232.3_21233	858	659	0	0
lcl|NC_052672.1_mrna_XM_039453682.1_21234	1097	898	0	0
lcl|NC_052672.1_mrna_XM_011162358.3_21235	1153	954	0	0
lcl|NC_052672.1_mrna_XM_011163233.3_21236	1198	999	0	0
lcl|NC_052672.1_mrna_XM_039453684.1_21237	3452	3253	1733	149.634
lcl|NC_052672.1_mrna_XM_039453583.1_21238	1715	1516	149.323	27.6658
lcl|NC_052672.1_mrna_XM_039453392.1_21239	3494	3295	4.8437	0.412893
lcl|NC_052672.1_mrna_XM_026140841.2_21240	2195	1996	1	0.14072
lcl|NC_052672.1_mrna_XM_039453262.1_21241	6211	6012	1	0.0467193
lcl|NC_052672.1_mrna_XM_039453263.1_21242	3977	3778	256.449	19.0658
lcl|NC_052672.1_ncrna_XR_005575567.1_21243	433	234	0	0
lcl|NC_052672.1_mrna_XM_011172124.2_21244	846	647	1245	540.481
lcl|NC_052672.1_mrna_XM_011172127.3_21245	910	711	447.033	176.598
lcl|NC_052672.1_mrna_XM_011172126.3_21246	909	710	166.255	65.7708
lcl|NC_052672.1_mrna_XM_011172128.3_21247	990	791	88.7113	31.5006
lcl|NC_052672.1_mrna_XM_011172125.3_21248	1168	969	2694	780.889
lcl|NC_052672.1_mrna_XM_011172129.3_21249	2240	2041	821	112.984
lcl|NC_052672.1_miscrna_XR_003269512.2_21250	2244	2045	1.32481e-08	1.8196e-09
lcl|NC_052672.1_mrna_XM_026141165.2_21251	6531	6332	0	0
lcl|NC_052672.1_mrna_XM_026141164.2_21252	6569	6370	162.239	7.15373
lcl|NC_052672.1_mrna_XM_026141166.2_21253	6398	6199	23.7607	1.0766
lcl|NC_052672.1_mrna_XM_011172134.3_21254	4741	4542	4	0.247359
lcl|NC_052672.1_mrna_XM_011172135.3_21255	985	786	829.627	296.467
lcl|NC_052672.1_mrna_XM_011161939.3_21256	2292	2093	188.287	25.2677
lcl|NC_052672.1_miscrna_XR_850740.3_21257	1591	1392	70.7133	14.2685
lcl|NC_052672.1_mrna_XM_011161942.3_21258	5524	5325	33.0077	1.74105
lcl|NC_052672.1_mrna_XM_039453807.1_21259	3524	3325	36	3.04107
lcl|NC_052672.1_mrna_XM_039453809.1_21260	8075	7876	2	0.0713247
lcl|NC_052672.1_mrna_XM_039453810.1_21261	7833	7634	0	0
lcl|NC_052672.1_mrna_XM_039453808.1_21262	8283	8084	0	0
lcl|NC_052672.1_ncrna_XR_005575599.1_21263	2850	2651	0	0
lcl|NC_052672.1_mrna_XM_011161937.3_21264	1978	1779	567	89.5206
lcl|NC_052672.1_mrna_XM_011161936.3_21265	8091	7892	0	0
lcl|NC_052672.1_mrna_XM_039453804.1_21266	7911	7712	4	0.145683
lcl|NC_052672.1_mrna_XM_026137091.2_21267	1151	952	44.1792	13.0346
lcl|NC_052672.1_mrna_XM_011158360.3_21268	1160	961	11.7702	3.44013
lcl|NC_052672.1_mrna_XM_011158359.3_21269	1162	963	46.0506	13.4315
lcl|NC_052672.1_mrna_XM_026137077.2_21270	4326	4127	0	0
lcl|NC_052672.1_mrna_XM_039453805.1_21271	4290	4091	4.37054e-05	3.00069e-06
lcl|NC_052672.1_mrna_XM_039453806.1_21272	4235	4036	34.3948	2.39363
lcl|NC_052672.1_ncrna_XR_005575600.1_21273	2271	2072	39	5.28677
lcl|NC_052672.1_miscrna_XR_005575595.1_21274	1524	1325	2.02763	0.429821
lcl|NC_052672.1_miscrna_XR_005575596.1_21275	1811	1612	0	0
lcl|NC_052672.1_miscrna_XR_005575598.1_21276	2062	1863	0	0
lcl|NC_052672.1_miscrna_XR_005575597.1_21277	1946	1747	0	0
lcl|NC_052672.1_mrna_XM_011161933.3_21278	904	705	37.9724	15.1284
lcl|NC_052672.1_mrna_XM_011161934.3_21279	705	506	118	65.5009
lcl|NC_052672.1_mrna_XM_026137078.2_21280	4368	4169	1.60518	0.108146
lcl|NC_052672.1_mrna_XM_026137079.2_21281	4605	4406	0	0
lcl|NC_052672.1_mrna_XM_026137080.2_21282	2034	1835	2	0.306133
lcl|NC_052672.1_mrna_XM_011161927.3_21283	1515	1316	1295	276.395
lcl|NC_052672.1_mrna_XM_011161926.3_21284	612	413	5	3.40044
lcl|NC_052672.1_mrna_XM_011161922.3_21285	864	665	0	0
lcl|NC_052672.1_ncrna_XR_003268936.2_21286	1200	1001	3	0.841788
lcl|NC_052672.1_miscrna_XR_005575622.1_21287	572	373	0	0
lcl|NC_052672.1_mrna_XM_011161924.3_21288	631	432	0	0
lcl|NC_052672.1_mrna_XM_011161919.3_21289	3304	3105	228.982	20.7136
lcl|NC_052672.1_mrna_XM_011161920.3_21290	2965	2766	421.018	42.7527
lcl|NC_052672.1_mrna_XM_039453951.1_21291	5289	5090	89.2868	4.92703
lcl|NC_052672.1_mrna_XM_011161918.3_21292	5362	5163	39.7132	2.16047
lcl|NC_052672.1_mrna_XM_039453952.1_21293	1853	1654	915.822	155.522
lcl|NC_052672.1_mrna_XM_039453954.1_21294	1853	1654	499.671	84.8525
lcl|NC_052672.1_mrna_XM_011161915.3_21295	1971	1772	262.507	41.6095
lcl|NC_052672.1_mrna_XM_011161917.3_21296	2305	2106	362.929	48.4038
lcl|NC_052672.1_mrna_XM_011161914.3_21297	1821	1622	37.6973	6.52793
lcl|NC_052672.1_mrna_XM_039453955.1_21298	1847	1648	119.374	20.3454
lcl|NC_052672.1_mrna_XM_039453956.1_21299	1825	1626	0	0
lcl|NC_052672.1_mrna_XM_011161913.3_21300	1167	968	3030	879.191
lcl|NC_052672.1_ncrna_XR_005575623.1_21301	1535	1336	1	0.210237
lcl|NC_052672.1_mrna_XM_011161910.3_21302	4253	4054	0	0
lcl|NC_052672.1_mrna_XM_011161912.2_21303	4210	4011	199.643	13.9803
lcl|NC_052672.1_mrna_XM_011161911.3_21304	4767	4568	29.3573	1.80512
lcl|NC_052672.1_mrna_XM_026137086.2_21305	4056	3857	218	15.8753
lcl|NC_052672.1_mrna_XM_039453821.1_21306	2788	2589	0	0
lcl|NC_052672.1_mrna_XM_026137083.2_21307	2836	2637	0	0
lcl|NC_052672.1_mrna_XM_039453264.1_21308	5194	4995	114.321	6.42845
lcl|NC_052672.1_mrna_XM_039453827.1_21309	2086	1887	2.67862	0.398708
lcl|NC_052672.1_mrna_XM_039453828.1_21310	2087	1888	1.57446	0.234231
lcl|NC_052672.1_mrna_XM_039453826.1_21311	2176	1977	0	0
lcl|NC_052672.1_mrna_XM_039453829.1_21312	2170	1971	0	0
lcl|NC_052672.1_mrna_XM_039453265.1_21313	4430	4231	22.426	1.48876
lcl|NC_052672.1_mrna_XM_039453831.1_21314	2607	2408	5	0.583216
lcl|NC_052672.1_mrna_XM_011162638.3_21315	3149	2950	0	0
lcl|NC_052672.1_mrna_XM_039453830.1_21316	3176	2977	0	0
lcl|NC_052672.1_mrna_XM_039453825.1_21317	2138	1939	0	0
lcl|NC_052672.1_mrna_XM_039453823.1_21318	2765	2566	0	0
lcl|NC_052672.1_mrna_XM_039453822.1_21319	2464	2265	0	0
lcl|NC_052672.1_mrna_XM_039453824.1_21320	2425	2226	0	0
lcl|NC_052672.1_mrna_XM_039453833.1_21321	2593	2394	0	0
lcl|NC_052672.1_mrna_XM_011162636.3_21322	2504	2305	0	0
lcl|NC_052672.1_mrna_XM_039453836.1_21323	1988	1789	0	0
lcl|NC_052672.1_mrna_XM_039453834.1_21324	2035	1836	0	0
lcl|NC_052672.1_mrna_XM_011162639.3_21325	1423	1224	0	0
lcl|NC_052672.1_mrna_XM_011162635.2_21326	1547	1348	0	0
lcl|NC_052672.1_mrna_XM_011162634.3_21327	1848	1649	3	0.510995
lcl|NC_052672.1_mrna_XM_011176817.3_21328	2629	2430	0	0
lcl|NC_052672.1_mrna_XM_011176816.3_21329	2612	2413	788.219	91.7499
lcl|NC_052672.1_mrna_XM_039453439.1_21330	2492	2293	3.78072	0.463113
lcl|NC_052672.1_mrna_XM_011176818.3_21331	5056	4857	158	9.13702
lcl|NC_052672.1_mrna_XM_011176819.3_21332	446	247	164	186.493
lcl|NC_052672.1_mrna_XM_026136973.2_21333	12600	12401	21.1372	0.478747
lcl|NC_052672.1_mrna_XM_011176820.3_21334	12587	12388	60.5235	1.37227
lcl|NC_052672.1_miscrna_XR_005575544.1_21335	1617	1418	0	0
lcl|NC_052672.1_mrna_XM_026136983.2_21336	1465	1266	0	0
lcl|NC_052672.1_ncrna_XR_003268925.2_21337	1626	1427	6	1.18098
lcl|NC_052672.1_ncrna_XR_005575545.1_21338	6860	6661	3	0.126502
lcl|NC_052672.1_mrna_XM_011176824.3_21339	1179	980	0	0
lcl|NC_052672.1_mrna_XM_011176827.3_21340	2009	1810	5024	779.627
lcl|NC_052672.1_mrna_XM_026136974.2_21341	7648	7449	4.25174e-08	1.60319e-09
lcl|NC_052672.1_mrna_XM_026136976.2_21342	7597	7398	4.17989e-05	1.58696e-06
lcl|NC_052672.1_mrna_XM_039453442.1_21343	7085	6886	20.5215	0.83706
lcl|NC_052672.1_mrna_XM_026136977.2_21344	7565	7366	101.735	3.87929
lcl|NC_052672.1_mrna_XM_026136975.2_21345	7601	7402	0.765156	0.0290347
lcl|NC_052672.1_mrna_XM_039453266.1_21346	2615	2416	0	0
lcl|NC_052672.1_mrna_XM_039453449.1_21347	1968	1769	1	0.158777
lcl|NC_052672.1_mrna_XM_039453443.1_21348	3588	3389	0.291468	0.0241565
lcl|NC_052672.1_mrna_XM_039453444.1_21349	3585	3386	0.708532	0.0587744
lcl|NC_052672.1_ncrna_XR_005575546.1_21350	2801	2602	2.01843	0.217883
lcl|NC_052672.1_mrna_XM_011176828.3_21351	1356	1157	128	31.0737
lcl|NC_052672.1_mrna_XM_011176829.3_21352	1372	1173	147.189	35.2447
lcl|NC_052672.1_mrna_XM_039453446.1_21353	1717	1518	73.0681	13.5198
lcl|NC_052672.1_mrna_XM_026136980.2_21354	1640	1441	0.0396256	0.00772374
lcl|NC_052672.1_mrna_XM_011176830.3_21355	1652	1453	6.88834	1.33157
lcl|NC_052672.1_mrna_XM_039453447.1_21356	1582	1383	0	0
lcl|NC_052672.1_mrna_XM_026136978.2_21357	1651	1452	0.503099	0.09732
lcl|NC_052672.1_mrna_XM_026136979.2_21358	1637	1438	0.0112095	0.00218949
lcl|NC_052672.1_mrna_XM_039453448.1_21359	1264	1065	3.2818	0.865522
lcl|NC_052672.1_mrna_XM_026136990.2_21360	10574	10375	123.851	3.35294
lcl|NC_052672.1_mrna_XM_011176836.3_21361	3913	3714	185.023	13.9926
lcl|NC_052672.1_mrna_XM_011176839.3_21362	3818	3619	99.1333	7.6939
lcl|NC_052672.1_mrna_XM_011176837.3_21363	3930	3731	215.297	16.2079
lcl|NC_052672.1_mrna_XM_011176838.3_21364	3818	3619	99.1333	7.6939
lcl|NC_052672.1_mrna_XM_011176833.3_21365	3855	3656	132.328	10.1663
lcl|NC_052672.1_mrna_XM_011176831.3_21366	3944	3745	0.234818	0.0176115
lcl|NC_052672.1_miscrna_XR_005575586.1_21367	935	736	0	0
lcl|NC_052672.1_miscrna_XR_005575587.1_21368	813	614	2	0.914908
lcl|NC_052672.1_ncrna_XR_005575589.1_21369	857	658	9.90117	4.22646
lcl|NC_052672.1_mrna_XM_039453725.1_21370	1470	1271	1	0.220989
lcl|NC_052672.1_mrna_XM_039453724.1_21371	882	683	0	0
lcl|NC_052672.1_mrna_XM_026136987.2_21372	2182	1983	0	0
lcl|NC_052672.1_mrna_XM_011176845.3_21373	1675	1476	549	104.472
lcl|NC_052672.1_mrna_XM_011176844.3_21374	1764	1565	92	16.5116
lcl|NC_052672.1_mrna_XM_011176863.3_21375	1596	1397	0	0
lcl|NC_052672.1_mrna_XM_011176842.3_21376	2133	1934	1501	217.992
lcl|NC_052672.1_mrna_XM_011176840.3_21377	1616	1417	120	23.7863
lcl|NC_052672.1_mrna_XM_011176849.3_21378	3204	3005	470.036	43.9342
lcl|NC_052672.1_mrna_XM_011176850.2_21379	2416	2217	0	0
lcl|NC_052672.1_mrna_XM_039453541.1_21380	2413	2214	0	0
lcl|NC_052672.1_mrna_XM_026136971.2_21381	1448	1249	2	0.449763
lcl|NC_052672.1_ncrna_XR_003268923.2_21382	1561	1362	0	0
lcl|NC_052672.1_mrna_XM_011176853.3_21383	4271	4072	1.07218	0.0739562
lcl|NC_052672.1_mrna_XM_011176852.3_21384	4419	4220	0	0
lcl|NC_052672.1_miscrna_XR_003268922.2_21385	2221	2022	0	0
lcl|NC_052672.1_mrna_XM_026136969.2_21386	9947	9748	195.666	5.63787
lcl|NC_052672.1_mrna_XM_011176854.3_21387	10064	9865	84.3341	2.40116
lcl|NC_052672.1_mrna_XM_039453723.1_21388	1157	958	0	0
lcl|NC_052672.1_mrna_XM_039453267.1_21389	654	455	0	0
lcl|NC_052672.1_mrna_XM_039453561.1_21390	1584	1385	73.6291	14.9319
lcl|NC_052672.1_mrna_XM_039453562.1_21391	1505	1306	4.30838e-08	9.26587e-09
lcl|NC_052672.1_mrna_XM_039453560.1_21392	1599	1400	851.371	170.807
lcl|NC_052672.1_mrna_XM_011178092.3_21393	1254	1055	896	238.546
lcl|NC_052672.1_mrna_XM_026134638.2_21394	1237	1038	58	15.6945
lcl|NC_052672.1_mrna_XM_026134636.2_21395	1691	1492	785.605	147.894
lcl|NC_052672.1_mrna_XM_026134637.2_21396	1522	1323	1414.39	300.28
lcl|NC_052672.1_mrna_XM_026134676.2_21397	15770	15571	151.6	2.73462
lcl|NC_052672.1_mrna_XM_026134674.2_21398	3964	3765	29.5253	2.20265
lcl|NC_052672.1_mrna_XM_026134678.2_21399	3283	3084	11.4031	1.03854
lcl|NC_052672.1_mrna_XM_026134679.2_21400	2926	2727	0	0
lcl|NC_052672.1_mrna_XM_039453548.1_21401	4218	4019	2.564	0.179191
lcl|NC_052672.1_mrna_XM_026134675.2_21402	4209	4010	24.2925	1.70155
lcl|NC_052672.1_mrna_XM_026134680.2_21403	540	341	128.199	105.596
lcl|NC_052672.1_mrna_XM_011178097.3_21404	1358	1159	705.801	171.047
lcl|NC_052672.1_mrna_XM_026134677.2_21405	2927	2728	0	0
lcl|NC_052672.1_mrna_XM_011178095.3_21406	3565	3366	14.6155	1.2196
lcl|NC_052672.1_mrna_XM_026134671.2_21407	2495	2296	9.96243	1.21873
lcl|NC_052672.1_mrna_XM_026134669.2_21408	2500	2301	127.038	15.5071
lcl|NC_052672.1_mrna_XM_026134684.2_21409	722	523	14.0684	7.55542
lcl|NC_052672.1_mrna_XM_011178102.3_21410	862	663	14.4246	6.11089
lcl|NC_052672.1_mrna_XM_011178103.3_21411	854	655	34.507	14.7973
lcl|NC_052672.1_mrna_XM_011178100.3_21412	6239	6040	0	0
lcl|NC_052672.1_mrna_XM_011178099.3_21413	2212	2013	116.363	16.2363
lcl|NC_052672.1_mrna_XM_011178098.3_21414	2032	1833	412.637	63.2297
lcl|NC_052672.1_mrna_XM_011178106.3_21415	6702	6503	1	0.0431919
lcl|NC_052672.1_ncrna_XR_005575565.1_21416	972	773	2	0.726719
lcl|NC_052672.1_mrna_XM_011178107.3_21417	5936	5737	0	0
lcl|NC_052672.1_mrna_XM_039453546.1_21418	6180	5981	0	0
lcl|NC_052672.1_miscrna_XR_005575564.1_21419	2280	2081	25	3.3743
lcl|NC_052672.1_mrna_XM_039453563.1_21420	2719	2520	0	0
lcl|NC_052672.1_mrna_XM_039453547.1_21421	5527	5328	31	1.63423
lcl|NC_052672.1_mrna_XM_011178108.3_21422	5672	5473	0	0
lcl|NC_052672.1_mrna_XM_026134712.2_21423	7647	7448	0	0
lcl|NC_052672.1_mrna_XM_026134711.2_21424	6756	6557	0	0
lcl|NC_052672.1_mrna_XM_026134710.1_21425	649	450	212	132.324
lcl|NC_052672.1_trna_21426	82	3.75521	0	0
lcl|NC_052672.1_mrna_XM_039453555.1_21427	5279	5080	271.055	14.9868
lcl|NC_052672.1_mrna_XM_039453550.1_21428	5638	5439	22.0501	1.13869
lcl|NC_052672.1_mrna_XM_039453552.1_21429	5392	5193	4.10412	0.221982
lcl|NC_052672.1_mrna_XM_039453553.1_21430	5232	5033	213.982	11.9417
lcl|NC_052672.1_mrna_XM_039453554.1_21431	6108	5909	0	0
lcl|NC_052672.1_mrna_XM_039453557.1_21432	6041	5842	0.000622089	2.99093e-05
lcl|NC_052672.1_mrna_XM_039453549.1_21433	5630	5431	37.6006	1.9446
lcl|NC_052672.1_mrna_XM_039453558.1_21434	5911	5712	7.67315	0.377313
lcl|NC_052672.1_mrna_XM_039453559.1_21435	5908	5709	0.0179531	0.000883273
lcl|NC_052672.1_mrna_XM_039453556.1_21436	6084	5885	150.516	7.18376
lcl|NC_052672.1_ncrna_XR_003268675.2_21437	11568	11369	5.12594	0.126639
lcl|NC_052672.1_mrna_XM_011157010.3_21438	5933	5734	404.909	19.8342
lcl|NC_052672.1_mrna_XM_039453340.1_21439	6561	6362	3.09093	0.136462
lcl|NC_052672.1_mrna_XM_011157011.3_21440	2032	1833	209.022	32.0291
lcl|NC_052672.1_mrna_XM_039453339.1_21441	1960	1761	105.978	16.9034
lcl|NC_052672.1_mrna_XM_011157012.3_21442	2000	1801	2.05331	0.320226
lcl|NC_052672.1_mrna_XM_011157015.3_21443	6599	6400	63.7558	2.79805
lcl|NC_052672.1_mrna_XM_011157014.3_21444	6649	6450	0.02598	0.00113135
lcl|NC_052672.1_mrna_XM_026134672.2_21445	6298	6099	92.2182	4.24692
lcl|NC_052672.1_mrna_XM_026134673.2_21446	3859	3660	1476.5	113.31
lcl|NC_052672.1_mrna_XM_011157018.3_21447	3631	3432	85.5026	6.99757
lcl|NC_052672.1_mrna_XM_011157017.3_21448	1135	936	361	108.33
lcl|NC_052672.1_mrna_XM_011157019.3_21449	1412	1213	50.2129	11.6271
lcl|NC_052672.1_mrna_XM_011157021.3_21450	1541	1342	227.787	47.6752
lcl|NC_052672.1_mrna_XM_011157022.3_21451	2705	2506	239.754	26.8721
lcl|NC_052672.1_mrna_XM_011157027.3_21452	2912	2713	658.889	68.2147
lcl|NC_052672.1_mrna_XM_039453342.1_21453	1596	1397	424.111	85.2706
lcl|NC_052672.1_miscrna_XR_005575521.1_21454	633	434	0	0
lcl|NC_052672.1_mrna_XM_011157028.3_21455	1218	1019	0	0
lcl|NC_052672.1_miscrna_XR_005575522.1_21456	2046	1847	3.05453	0.464508
lcl|NC_052672.1_mrna_XM_011157030.3_21457	2817	2618	68.7673	7.37782
lcl|NC_052672.1_mrna_XM_011157032.3_21458	2780	2581	56.2327	6.11951
lcl|NC_052672.1_mrna_XM_011157033.3_21459	651	452	1	0.621409
lcl|NC_052672.1_mrna_XM_011157034.3_21460	2392	2193	0	0
lcl|NC_052672.1_mrna_XM_011157035.3_21461	944	745	0	0
lcl|NC_052672.1_mrna_XM_011157037.3_21462	1461	1262	642.546	143.008
lcl|NC_052672.1_mrna_XM_011157038.3_21463	2316	2117	270.454	35.8829
lcl|NC_052672.1_mrna_XM_011157054.3_21464	1278	1079	15.3954	4.00762
lcl|NC_052672.1_mrna_XM_039453330.1_21465	1263	1064	9.01664	2.38023
lcl|NC_052672.1_ncrna_XR_005575516.1_21466	1843	1644	200.618	34.2755
lcl|NC_052672.1_ncrna_XR_005575517.1_21467	1856	1657	0	0
lcl|NC_052672.1_mrna_XM_011157055.3_21468	1265	1066	34.5879	9.11345
lcl|NC_052672.1_mrna_XM_039453329.1_21469	3629	3430	5	0.409441
lcl|NC_052672.1_mrna_XM_011157039.3_21470	2777	2578	0	0
lcl|NC_052672.1_mrna_XM_011157040.3_21471	2539	2340	0	0
lcl|NC_052672.1_mrna_XM_011157046.3_21472	3974	3775	8.80565e-08	6.55179e-09
lcl|NC_052672.1_mrna_XM_011157044.3_21473	4172	3973	15	1.06045
lcl|NC_052672.1_mrna_XM_026134668.2_21474	4392	4193	0	0
lcl|NC_052672.1_mrna_XM_011157041.3_21475	4268	4069	0	0
lcl|NC_052672.1_mrna_XM_011157043.3_21476	4242	4043	3.69964e-07	2.57023e-08
lcl|NC_052672.1_mrna_XM_011157042.3_21477	4238	4039	9.98475e-07	6.94351e-08
lcl|NC_052672.1_mrna_XM_011157047.3_21478	816	617	1	0.45523
lcl|NC_052672.1_mrna_XM_011157056.3_21479	1685	1486	3	0.567046
lcl|NC_052672.1_mrna_XM_011157049.3_21480	4221	4022	70	4.88846
lcl|NC_052672.1_mrna_XM_039453276.1_21481	3729	3530	0	0
lcl|NC_052672.1_mrna_XM_011157050.3_21482	3585	3386	0	0
lcl|NC_052672.1_mrna_XM_039453268.1_21483	2042	1843	0	0
lcl|NC_052672.1_mrna_XM_039453278.1_21484	1088	889	0	0
lcl|NC_052672.1_mrna_XM_039453277.1_21485	3851	3652	0	0
lcl|NC_052672.1_mrna_XM_011157051.3_21486	3890	3691	0	0
lcl|NC_052672.1_mrna_XM_011157052.3_21487	3022	2823	1	0.0994958
lcl|NC_052672.1_mrna_XM_026134645.2_21488	1589	1390	5	1.01035
lcl|NC_052672.1_mrna_XM_026134663.2_21489	3669	3470	36	2.91399
lcl|NC_052672.1_mrna_XM_039453322.1_21490	4946	4747	1	0.0591693
lcl|NC_052672.1_mrna_XM_011164689.3_21491	1630	1431	0	0
lcl|NC_052672.1_mrna_XM_026134666.2_21492	1659	1460	0	0
lcl|NC_052672.1_mrna_XM_026134665.2_21493	1693	1494	0	0
lcl|NC_052672.1_mrna_XM_011164686.3_21494	2422	2223	4	0.505401
lcl|NC_052672.1_mrna_XM_026134648.2_21495	1701	1502	0	0
lcl|NC_052672.1_mrna_XM_026134650.2_21496	5321	5122	0	0
lcl|NC_052672.1_mrna_XM_026134649.2_21497	5312	5113	0	0
lcl|NC_052672.1_mrna_XM_011164684.3_21498	5101	4902	93.0705	5.33279
lcl|NC_052672.1_mrna_XM_039453619.1_21499	1895	1696	0	0
lcl|NC_052672.1_mrna_XM_039453618.1_21500	2018	1819	0	0
lcl|NC_052672.1_mrna_XM_011164681.3_21501	1792	1593	0	0
lcl|NC_052672.1_mrna_XM_011164682.3_21502	4781	4582	11.9295	0.731277
lcl|NC_052672.1_miscrna_XR_005575576.1_21503	1598	1399	0	0
lcl|NC_052672.1_ncrna_XR_005575577.1_21504	2937	2738	0	0
lcl|NC_052672.1_mrna_XM_011164679.3_21505	2468	2269	0	0
lcl|NC_052672.1_mrna_XM_011164676.3_21506	1055	856	822	269.72
lcl|NC_052672.1_mrna_XM_011164674.3_21507	6185	5986	0	0
lcl|NC_052672.1_mrna_XM_011164675.3_21508	6158	5959	44.8824	2.11553
lcl|NC_052672.1_miscrna_XR_005575575.1_21509	4432	4233	715.118	47.451
lcl|NC_052672.1_mrna_XM_039453617.1_21510	6869	6670	28	1.17909
lcl|NC_052672.1_mrna_XM_039453616.1_21511	6947	6748	0	0
lcl|NC_052672.1_mrna_XM_011164673.3_21512	1702	1503	0	0
lcl|NC_052672.1_mrna_XM_011164672.3_21513	1855	1656	131	22.2191
lcl|NC_052672.1_mrna_XM_011164671.3_21514	3884	3685	970	73.935
lcl|NC_052672.1_mrna_XM_011164670.3_21515	2116	1917	733	107.398
lcl|NC_052672.1_mrna_XM_026134687.2_21516	5320	5121	0.555349	0.0304598
lcl|NC_052672.1_mrna_XM_039453895.1_21517	5309	5110	22.1268	1.21622
lcl|NC_052672.1_mrna_XM_026134688.2_21518	5190	4991	3.56813	0.200802
lcl|NC_052672.1_mrna_XM_026134690.2_21519	5181	4982	103.906	5.85803
lcl|NC_052672.1_mrna_XM_039453894.1_21520	5336	5137	124.844	6.82612
lcl|NC_052672.1_mrna_XM_011164718.3_21521	2661	2462	730	83.2819
lcl|NC_052672.1_mrna_XM_011164664.3_21522	4085	3886	27	1.95154
lcl|NC_052672.1_mrna_XM_011164663.3_21523	3059	2860	45	4.41939
lcl|NC_052672.1_mrna_XM_011164648.3_21524	3386	3187	44	3.87781
lcl|NC_052672.1_mrna_XM_026134693.2_21525	6500	6301	0	0
lcl|NC_052672.1_mrna_XM_026134696.2_21526	7066	6867	0	0
lcl|NC_052672.1_mrna_XM_026134694.2_21527	7127	6928	0	0
lcl|NC_052672.1_mrna_XM_026134691.2_21528	7138	6939	20.0787	0.812743
lcl|NC_052672.1_mrna_XM_026134692.2_21529	6708	6509	24.9213	1.07541
lcl|NC_052672.1_mrna_XM_026134695.2_21530	7100	6901	0	0
lcl|NC_052672.1_mrna_XM_026134642.2_21531	2098	1899	1	0.147908
lcl|NC_052672.1_ncrna_XR_005575571.1_21532	362	163	1	1.72317
lcl|NC_052672.1_mrna_XM_039453585.1_21533	4268	4069	2	0.138057
lcl|NC_052672.1_mrna_XM_011164651.3_21534	789	590	0	0
lcl|NC_052672.1_ncrna_XR_005575572.1_21535	2193	1994	0	0
lcl|NC_052672.1_mrna_XM_026134700.2_21536	1366	1167	4	0.962731
lcl|NC_052672.1_mrna_XM_039453588.1_21537	1743	1544	1	0.181915
lcl|NC_052672.1_mrna_XM_039453269.1_21538	746	547	0	0
lcl|NC_052672.1_mrna_XM_011164653.3_21539	2110	1911	364.766	53.6128
lcl|NC_052672.1_mrna_XM_039453587.1_21540	2097	1898	85.0572	12.5872
lcl|NC_052672.1_mrna_XM_039453586.1_21541	1976	1777	188.638	29.8165
lcl|NC_052672.1_mrna_XM_011164652.3_21542	4414	4215	1	0.0666374
lcl|NC_052672.1_mrna_XM_026134698.2_21543	1592	1393	66.5394	13.4166
lcl|NC_052672.1_mrna_XM_011164655.3_21544	3203	3004	0	0
lcl|NC_052672.1_mrna_XM_011164656.3_21545	3783	3584	551	43.1817
lcl|NC_052672.1_mrna_XM_026134685.2_21546	7204	7005	0	0
lcl|NC_052672.1_mrna_XM_011164659.3_21547	7213	7014	0	0
lcl|NC_052672.1_mrna_XM_011164658.3_21548	7215	7016	0	0
lcl|NC_052672.1_mrna_XM_026134686.2_21549	3394	3195	0	0
lcl|NC_052672.1_mrna_XM_039453584.1_21550	2672	2473	0	0
lcl|NC_052672.1_mrna_XM_011164662.3_21551	1236	1037	449	121.614
lcl|NC_052672.1_mrna_XM_026134654.2_21552	2845	2646	0	0
lcl|NC_052672.1_mrna_XM_011164643.3_21553	2908	2709	621	64.387
lcl|NC_052672.1_mrna_XM_026134653.2_21554	817	618	168.812	76.7238
lcl|NC_052672.1_mrna_XM_026134652.2_21555	760	561	189.188	94.7212
lcl|NC_052672.1_mrna_XM_011164641.3_21556	1745	1546	341.138	61.9778
lcl|NC_052672.1_mrna_XM_011164642.3_21557	1733	1534	1961.86	359.219
lcl|NC_052672.1_mrna_XM_011164639.3_21558	754	555	5	2.53042
lcl|NC_052672.1_mrna_XM_011164638.3_21559	6806	6607	227.59	9.67529
lcl|NC_052672.1_miscrna_XR_850848.3_21560	1909	1710	33.8578	5.56132
lcl|NC_052672.1_mrna_XM_026134682.2_21561	1975	1776	223.71	35.38
lcl|NC_052672.1_mrna_XM_011164637.3_21562	1585	1386	9	1.82387
lcl|NC_052672.1_mrna_XM_039453803.1_21563	1926	1727	0.000634168	0.00010314
lcl|NC_052672.1_mrna_XM_011164633.3_21564	4081	3882	32.4317	2.34655
lcl|NC_052672.1_trna_21565	82	3.75521	0	0
lcl|NC_052672.1_mrna_XM_011164627.3_21566	2109	1910	6.609	0.971892
lcl|NC_052672.1_trna_21567	82	3.75521	0	0
lcl|NC_052672.1_mrna_XM_039453801.1_21568	2510	2311	0	0
lcl|NC_052672.1_mrna_XM_011164630.3_21569	1846	1647	2.97416e-06	5.07208e-07
lcl|NC_052672.1_mrna_XM_011164629.3_21570	1820	1621	25.391	4.39959
lcl|NC_052672.1_mrna_XM_011164632.3_21571	3339	3140	10.2674	0.918431
lcl|NC_052672.1_mrna_XM_026134641.2_21572	3698	3499	48.7325	3.91193
lcl|NC_052672.1_mrna_XM_026134640.2_21573	3669	3470	6.54917e-05	5.30118e-06
lcl|NC_052672.1_mrna_XM_039453802.1_21574	1761	1562	11.078	1.99203
lcl|NC_052672.1_mrna_XM_011164626.3_21575	1620	1421	13.922	2.75184
lcl|NC_052672.1_mrna_XM_011164625.3_21576	881	682	285.426	117.551
lcl|NC_052672.1_mrna_XM_011157918.3_21577	5796	5597	180	9.03302
lcl|NC_052672.1_mrna_XM_039453245.1_21578	1877	1678	0	0
lcl|NC_052672.1_mrna_XM_011157919.3_21579	1597	1398	1864.49	374.601
lcl|NC_052672.1_mrna_XM_039453246.1_21580	1499	1300	57.5067	12.4248
lcl|NC_052672.1_trna_21581	73	3.5471	0	0
lcl|NC_052672.1_mrna_XM_011157917.3_21582	4805	4606	1	0.0609806
lcl|NC_052672.1_mrna_XM_011157914.3_21583	2675	2476	187.661	21.2882
lcl|NC_052672.1_mrna_XM_011157915.3_21584	3294	3095	11.5186	1.04533
lcl|NC_052672.1_mrna_XM_039453242.1_21585	2286	2087	0	0
lcl|NC_052672.1_mrna_XM_039453241.1_21586	2542	2343	0	0
lcl|NC_052672.1_mrna_XM_011157916.3_21587	3188	2989	145.299	13.6537
lcl|NC_052672.1_mrna_XM_039453243.1_21588	2934	2735	0.000172539	1.77193e-05
lcl|NC_052672.1_mrna_XM_039453244.1_21589	2900	2701	48.5213	5.04573
lcl|NC_052672.1_mrna_XM_011157911.2_21590	1120	921	11.6837	3.56318
lcl|NC_052672.1_mrna_XM_011157910.3_21591	997	798	256.248	90.1931
lcl|NC_052672.1_mrna_XM_026135926.2_21592	939	740	107.132	40.6635
lcl|NC_052672.1_mrna_XM_011157912.3_21593	2163	1964	119.936	17.1523
lcl|NC_052672.1_mrna_XM_011157909.3_21594	4147	3948	126.072	8.96929
lcl|NC_052672.1_mrna_XM_011157908.3_21595	4157	3958	438.928	31.1482
lcl|NC_052672.1_mrna_XM_026135925.2_21596	3996	3797	807.89	59.7623
lcl|NC_052672.1_mrna_XM_011157907.3_21597	4414	4215	163.424	10.8901
lcl|NC_052672.1_mrna_XM_011157903.3_21598	1061	862	148	48.2248
lcl|NC_052672.1_mrna_XM_011157905.3_21599	1657	1458	939.703	181.029
lcl|NC_052672.1_mrna_XM_026135920.2_21600	2450	2251	937	116.918
lcl|NC_052672.1_mrna_XM_011157898.3_21601	4438	4239	17	1.12642
lcl|NC_052672.1_mrna_XM_011157899.3_21602	1838	1639	611	104.708
lcl|NC_052672.1_mrna_XM_011157901.3_21603	3971	3772	0	0
lcl|NC_052672.1_mrna_XM_039453537.1_21604	3151	2952	660.935	62.8866
lcl|NC_052672.1_mrna_XM_026135923.2_21605	1309	1110	258.853	65.5007
lcl|NC_052672.1_mrna_XM_011157897.3_21606	1220	1021	334.438	92.0038
lcl|NC_052672.1_mrna_XM_011157895.3_21607	1257	1058	751.429	199.488
lcl|NC_052672.1_mrna_XM_011157896.3_21608	1176	977	64.2801	18.4798
lcl|NC_052672.1_mrna_XM_011157891.3_21609	9265	9066	182.188	5.64443
lcl|NC_052672.1_mrna_XM_011157893.3_21610	9155	8956	341.601	10.7132
lcl|NC_052672.1_mrna_XM_026135919.2_21611	9137	8938	174.211	5.47458
lcl|NC_052672.1_mrna_XM_011157889.3_21612	3746	3547	396	31.3581
lcl|NC_052672.1_mrna_XM_011157888.3_21613	1668	1469	899	171.891
lcl|NC_052672.1_ncrna_XR_005575557.1_21614	220	26.5685	0	0
lcl|NC_052672.1_mrna_XM_039453527.1_21615	10820	10621	142.774	3.77571
lcl|NC_052672.1_mrna_XM_026135917.2_21616	8048	7849	0	0
lcl|NC_052672.1_mrna_XM_011157885.3_21617	8201	8002	30.2261	1.06096
lcl|NC_052672.1_mrna_XM_039453530.1_21618	8070	7871	0	0
lcl|NC_052672.1_mrna_XM_039453528.1_21619	8430	8231	0	0
lcl|NC_052672.1_mrna_XM_039453529.1_21620	8294	8095	0	0
lcl|NC_052672.1_mrna_XM_039453534.1_21621	1775	1576	415.223	74.0016
lcl|NC_052672.1_mrna_XM_011157878.3_21622	1981	1782	489.171	77.1026
lcl|NC_052672.1_mrna_XM_039453535.1_21623	1972	1773	48.6057	7.70007
lcl|NC_052672.1_mrna_XM_011157883.3_21624	3908	3709	30.6525	2.32126
lcl|NC_052672.1_mrna_XM_011157882.3_21625	3957	3758	37.2265	2.78234
lcl|NC_052672.1_mrna_XM_011157884.3_21626	4180	3981	136.704	9.64505
lcl|NC_052672.1_mrna_XM_011157881.3_21627	4241	4042	313.709	21.7995
lcl|NC_052672.1_ncrna_XR_003268803.2_21628	651	452	9.7084	6.03288
lcl|NC_052672.1_mrna_XM_039453538.1_21629	2634	2435	1175.6	135.605
lcl|NC_052672.1_mrna_XM_039453539.1_21630	952	753	374.399	139.655
lcl|NC_052672.1_ncrna_XR_005575556.1_21631	2336	2137	3.57855	0.470347
lcl|NC_052672.1_ncrna_XR_005575555.1_21632	13768	13569	3.56079	0.073708
lcl|NC_052672.1_mrna_XM_011157867.3_21633	1051	852	105	34.6151
lcl|NC_052672.1_mrna_XM_011157868.3_21634	2315	2116	236	31.3265
lcl|NC_052672.1_mrna_XM_039453531.1_21635	8407	8208	6	0.205319
lcl|NC_052672.1_mrna_XM_011157872.3_21636	8836	8637	38.7189	1.25915
lcl|NC_052672.1_mrna_XM_026135910.2_21637	4280	4081	3.28108	0.225822
lcl|NC_052672.1_mrna_XM_039453533.1_21638	4065	3866	0	0
lcl|NC_052672.1_mrna_XM_039453532.1_21639	4077	3878	0	0
lcl|NC_052672.1_mrna_XM_026135908.2_21640	9884	9685	37.6517	1.09194
lcl|NC_052672.1_mrna_XM_026135907.2_21641	9436	9237	4.34833	0.132223
lcl|NC_052672.1_mrna_XM_026135909.2_21642	5141	4942	4.20061	0.23874
lcl|NC_052672.1_mrna_XM_011157875.3_21643	5143	4944	2.79939	0.159038
lcl|NC_052672.1_mrna_XM_011157876.3_21644	815	616	48	21.8865
lcl|NC_052672.1_mrna_XM_011157877.3_21645	1732	1533	35	6.41271
lcl|NC_052672.1_mrna_XM_026135900.2_21646	5543	5344	46.3745	2.43741
lcl|NC_052672.1_mrna_XM_026135899.2_21647	5603	5404	111.625	5.80181
lcl|NC_052672.1_ncrna_XR_005575559.1_21648	1611	1412	6.38914	1.27094
lcl|NC_052672.1_ncrna_XR_005575561.1_21649	1390	1191	126.202	29.7626
lcl|NC_052672.1_ncrna_XR_005575562.1_21650	1519	1320	5.92588	1.26094
lcl|NC_052672.1_ncrna_XR_005575560.1_21651	1597	1398	0	0
lcl|NC_052672.1_ncrna_XR_005575558.1_21652	1654	1455	0	0
lcl|NC_052672.1_ncrna_XR_003268801.2_21653	1206	1007	46.5669	12.9886
lcl|NC_052672.1_mrna_XM_011157866.3_21654	3052	2853	130.375	12.8353
lcl|NC_052672.1_mrna_XM_011157865.3_21655	3125	2926	331.4	31.8122
lcl|NC_052672.1_mrna_XM_039453540.1_21656	3192	2993	0.228676	0.02146
lcl|NC_052672.1_mrna_XM_026135901.2_21657	2419	2220	692.87	87.6626
lcl|NC_052672.1_ncrna_XR_850595.3_21658	2069	1870	28.0429	4.21208
lcl|NC_052672.1_mrna_XM_011157860.3_21659	1779	1580	1514.31	269.199
lcl|NC_052672.1_mrna_XM_011157859.3_21660	1713	1514	1220.69	226.462
lcl|NC_052672.1_mrna_XM_026135897.2_21661	1647	1448	29.3753	5.6981
lcl|NC_052672.1_mrna_XM_011157858.3_21662	1629	1430	443.625	87.1356
lcl|NC_052672.1_mrna_XM_011157857.3_21663	5029	4830	1586	92.2299
lcl|NC_052672.1_mrna_XM_011157856.3_21664	913	714	15	5.90077
lcl|NC_052672.1_mrna_XM_011157854.3_21665	2134	1935	329.117	47.7732
lcl|NC_052672.1_mrna_XM_011157855.3_21666	2139	1940	285.883	41.3907
lcl|NC_052672.1_mrna_XM_011159363.3_21667	2743	2544	0	0
lcl|NC_052672.1_mrna_XM_026137189.2_21668	4712	4513	0	0
lcl|NC_052672.1_mrna_XM_039453575.1_21669	4691	4492	0	0
lcl|NC_052672.1_mrna_XM_026137190.2_21670	4679	4480	0	0
lcl|NC_052672.1_mrna_XM_026137192.2_21671	4576	4377	0.144543	0.00927545
lcl|NC_052672.1_mrna_XM_011159361.3_21672	4699	4500	0	0
lcl|NC_052672.1_mrna_XM_011159362.3_21673	4563	4364	2.85546	0.183784
lcl|NC_052672.1_mrna_XM_011159352.3_21674	8566	8367	144.973	4.86668
lcl|NC_052672.1_mrna_XM_026137187.2_21675	7354	7155	82.6117	3.243
lcl|NC_052672.1_mrna_XM_011159351.3_21676	9422	9223	0	0
lcl|NC_052672.1_mrna_XM_039453573.1_21677	5262	5063	3.41555	0.189482
lcl|NC_052672.1_mrna_XM_011159355.3_21678	810	611	14	6.4358
lcl|NC_052672.1_mrna_XM_011159356.3_21679	3408	3209	69.0108	6.04036
lcl|NC_052672.1_mrna_XM_026137188.2_21680	3222	3023	47.9892	4.45884
lcl|NC_052672.1_mrna_XM_039453577.1_21681	1328	1129	0	0
lcl|NC_052672.1_mrna_XM_011159359.3_21682	1624	1425	8	1.57685
lcl|NC_052672.1_mrna_XM_011159360.3_21683	1162	963	1252	365.169
lcl|NC_052672.1_mrna_XM_039453919.1_21684	3347	3148	0	0
lcl|NC_052672.1_mrna_XM_026137208.2_21685	3287	3088	0	0
lcl|NC_052672.1_mrna_XM_026137209.2_21686	3278	3079	0	0
lcl|NC_052672.1_miscrna_XR_005575617.1_21687	3198	2999	0	0
lcl|NC_052672.1_mrna_XM_011159341.3_21688	4875	4676	2	0.120135
lcl|NC_052672.1_mrna_XM_039453947.1_21689	1894	1695	0	0
lcl|NC_052672.1_mrna_XM_039453925.1_21690	12237	12038	0	0
lcl|NC_052672.1_mrna_XM_039453934.1_21691	12098	11899	0	0
lcl|NC_052672.1_mrna_XM_039453922.1_21692	12253	12054	0	0
lcl|NC_052672.1_mrna_XM_039453929.1_21693	12115	11916	0	0
lcl|NC_052672.1_mrna_XM_039453939.1_21694	12079	11880	0	0
lcl|NC_052672.1_mrna_XM_039453943.1_21695	12076	11877	0	0
lcl|NC_052672.1_mrna_XM_039453924.1_21696	12234	12035	0	0
lcl|NC_052672.1_mrna_XM_039453926.1_21697	12231	12032	0	0
lcl|NC_052672.1_mrna_XM_039453936.1_21698	12093	11894	0	0
lcl|NC_052672.1_mrna_XM_039453923.1_21699	12233	12034	0	0
lcl|NC_052672.1_mrna_XM_039453932.1_21700	12094	11895	0	0
lcl|NC_052672.1_mrna_XM_039453933.1_21701	12093	11894	0	0
lcl|NC_052672.1_mrna_XM_039453927.1_21702	12211	12012	0	0
lcl|NC_052672.1_mrna_XM_039453928.1_21703	12106	11907	0	0
lcl|NC_052672.1_mrna_XM_039453941.1_21704	12067	11868	0	0
lcl|NC_052672.1_mrna_XM_039453938.1_21705	12069	11870	0	0
lcl|NC_052672.1_mrna_XM_039453942.1_21706	12066	11867	0	0
lcl|NC_052672.1_mrna_XM_039453931.1_21707	12081	11882	0	0
lcl|NC_052672.1_mrna_XM_039453935.1_21708	12078	11879	0	0
lcl|NC_052672.1_mrna_XM_039453930.1_21709	12079	11880	0	0
lcl|NC_052672.1_mrna_XM_039453937.1_21710	12058	11859	0	0
lcl|NC_052672.1_mrna_XM_039453940.1_21711	12055	11856	0	0
lcl|NC_052672.1_mrna_XM_039453944.1_21712	15189	14990	0	0
lcl|NC_052672.1_mrna_XM_039453946.1_21713	11725	11526	33	0.804176
lcl|NC_052672.1_ncrna_XR_005575620.1_21714	7602	7403	8	0.303527
lcl|NC_052672.1_miscrna_XR_005575619.1_21715	34733	34534	9.0049	0.0732399
lcl|NC_052672.1_mrna_XM_026133254.2_21716	5709	5510	182	9.2776
lcl|NC_052672.1_mrna_XM_039453270.1_21717	4674	4475	221	13.8712
lcl|NC_052672.1_mrna_XM_026133259.2_21718	3012	2813	915.443	91.4066
lcl|NC_052672.1_mrna_XM_026133256.2_21719	3002	2803	1044.78	104.693
lcl|NC_052672.1_mrna_XM_026133258.2_21720	2999	2800	114.704	11.5064
lcl|NC_052672.1_mrna_XM_026133260.2_21721	5438	5239	108.774	5.83168
lcl|NC_052672.1_mrna_XM_026133261.2_21722	5412	5213	19.7602	1.06468
lcl|NC_052672.1_mrna_XM_039453920.1_21723	5123	4924	8.63	0.492276
lcl|NC_052672.1_mrna_XM_039453921.1_21724	5028	4829	48.9097	2.84481
lcl|NC_052672.1_mrna_XM_011170174.3_21725	5818	5619	144.484	7.22231
lcl|NC_052672.1_mrna_XM_039453918.1_21726	5917	5718	115.516	5.67432
lcl|NC_052672.1_miscrna_XR_005575618.1_21727	1993	1794	25.8941	4.0541
lcl|NC_052672.1_mrna_XM_011170170.3_21728	2588	2389	1292.5	151.96
lcl|NC_052672.1_mrna_XM_011170171.3_21729	412	213	68.4369	90.2457
lcl|NC_052672.1_mrna_XM_026133279.2_21730	438	239	28.1735	33.11
lcl|NC_052672.1_mrna_XM_026133287.2_21731	4193	3994	8	0.562597
lcl|NC_052672.1_mrna_XM_039453949.1_21732	5821	5622	547.818	27.3691
lcl|NC_052672.1_mrna_XM_011170168.3_21733	2596	2397	65.1818	7.63791
lcl|NC_052672.1_mrna_XM_011170166.3_21734	1954	1755	2276.51	364.34
lcl|NC_052672.1_mrna_XM_039453950.1_21735	1715	1516	986.495	182.773
lcl|NC_052672.1_mrna_XM_011170167.3_21736	4023	3824	24.4405	1.79518
lcl|NC_052672.1_miscrna_XR_005575621.1_21737	4316	4117	1.55951	0.106396
lcl|NC_052672.1_mrna_XM_039453911.1_21738	4074	3875	130.984	9.49429
lcl|NC_052672.1_mrna_XM_039453912.1_21739	4071	3872	45.1539	3.27548
lcl|NC_052672.1_mrna_XM_039453914.1_21740	2892	2693	0.00125713	0.000131117
lcl|NC_052672.1_mrna_XM_039453915.1_21741	2862	2663	95.3154	10.0533
lcl|NC_052672.1_mrna_XM_039453916.1_21742	2869	2670	6.84933	0.720531
lcl|NC_052672.1_mrna_XM_039453913.1_21743	2762	2563	40.939	4.48647
lcl|NC_052672.1_mrna_XM_011170161.3_21744	889	690	421.549	171.599
lcl|NC_052672.1_mrna_XM_011170162.3_21745	636	437	186.451	119.839
lcl|NC_052672.1_mrna_XM_011170164.3_21746	2088	1889	1324	196.866
lcl|NC_052672.1_mrna_XM_011170165.3_21747	2038	1839	340.002	51.9297
lcl|NC_052672.1_ncrna_XR_003268527.2_21748	1279	1080	49.0585	12.7587
lcl|NC_052672.1_mrna_XM_011170154.3_21749	4856	4657	0.0855785	0.00516148
lcl|NC_052672.1_mrna_XM_026133232.2_21750	4832	4633	58.6125	3.5534
lcl|NC_052672.1_mrna_XM_011170152.3_21751	4211	4012	24.8329	1.73853
lcl|NC_052672.1_mrna_XM_011170155.3_21752	4229	4030	0	0
lcl|NC_052672.1_mrna_XM_011170156.3_21753	4213	4014	24.5415	1.71727
lcl|NC_052672.1_mrna_XM_011170150.3_21754	8973	8774	58.9424	1.88689
lcl|NC_052672.1_mrna_XM_011170151.3_21755	7931	7732	6.0576	0.220052
lcl|NC_052672.1_mrna_XM_011170149.3_21756	834	635	0	0
lcl|NC_052672.1_mrna_XM_011170148.3_21757	1560	1361	222	45.8153
lcl|NC_052672.1_ncrna_XR_005575510.1_21758	836	637	0	0
lcl|NC_052672.1_ncrna_XR_005575509.1_21759	800	601	0	0
lcl|NC_052672.1_mrna_XM_011170146.3_21760	1390	1191	26	6.13165
lcl|NC_052672.1_mrna_XM_011170147.3_21761	1425	1226	0	0
lcl|NC_052672.1_mrna_XM_026133274.2_21762	4426	4227	0	0
lcl|NC_052672.1_mrna_XM_039453272.1_21763	3729	3530	0	0
lcl|NC_052672.1_mrna_XM_039453271.1_21764	1005	806	0	0
lcl|NC_052672.1_mrna_XM_039453323.1_21765	1472	1273	0	0
lcl|NC_052672.1_mrna_XM_026133286.2_21766	1919	1720	23.0877	3.77023
lcl|NC_052672.1_mrna_XM_039453334.1_21767	705	506	0	0
lcl|NC_052672.1_mrna_XM_011170140.2_21768	786	587	0	0
lcl|NC_052672.1_mrna_XM_011170139.2_21769	827	628	0	0
lcl|NC_052672.1_mrna_XM_039453333.1_21770	764	565	0	0
lcl|NC_052672.1_mrna_XM_011170138.3_21771	1860	1661	36.9123	6.24191
lcl|NC_052672.1_miscrna_XR_005575594.1_21772	970	771	0	0
lcl|NC_052672.1_miscrna_XR_851060.3_21773	817	618	0	0
lcl|NC_052672.1_mrna_XM_011170137.3_21774	757	558	0	0
lcl|NC_052672.1_mrna_XM_011170136.2_21775	1512	1313	0	0
lcl|NC_052672.1_mrna_XM_011170135.3_21776	847	648	0	0
lcl|NC_052672.1_mrna_XM_011170134.3_21777	894	695	0	0
lcl|NC_052672.1_mrna_XM_011170133.3_21778	881	682	0	0
lcl|NC_052672.1_ncrna_XR_003269628.2_21779	1783	1584	2	0.354642
lcl|NC_052672.1_mrna_XM_011170132.3_21780	836	637	0	0
lcl|NC_052672.1_mrna_XM_039453312.1_21781	12938	12739	0	0
lcl|NC_052672.1_mrna_XM_011170128.3_21782	12723	12524	0	0
lcl|NC_052672.1_mrna_XM_039453314.1_21783	11473	11274	0.659745	0.0164367
lcl|NC_052672.1_mrna_XM_039453311.1_21784	11568	11369	0.000145951	3.6058e-06
lcl|NC_052672.1_mrna_XM_039453315.1_21785	11414	11215	127.34	3.1892
lcl|NC_052672.1_ncrna_XR_005575502.1_21786	3626	3427	0	0
lcl|NC_052672.1_ncrna_XR_005575504.1_21787	7296	7097	0	0
lcl|NC_052672.1_ncrna_XR_005575505.1_21788	2156	1957	0	0
lcl|NC_052672.1_ncrna_XR_005575503.1_21789	2279	2080	0	0
lcl|NC_052672.1_mrna_XM_039453302.1_21790	11107	10908	5.60289	0.144272
lcl|NC_052672.1_mrna_XM_026133283.2_21791	9279	9080	76.3971	2.36323
lcl|NC_052672.1_mrna_XM_039453304.1_21792	15020	14821	11.7879	0.223396
lcl|NC_052672.1_mrna_XM_026133284.2_21793	5548	5349	11	0.577611
lcl|NC_052672.1_mrna_XM_039453273.1_21794	1071	872	0	0
lcl|NC_052672.1_mrna_XM_011170119.3_21795	1559	1360	111.642	23.057
lcl|NC_052672.1_mrna_XM_011170120.3_21796	1472	1273	0	0
lcl|NC_052672.1_mrna_XM_039453317.1_21797	1291	1092	81.3582	20.9264
lcl|NC_052672.1_mrna_XM_039453310.1_21798	2356	2157	42	5.46909
lcl|NC_052672.1_mrna_XM_039453308.1_21799	2406	2207	0	0
lcl|NC_052672.1_mrna_XM_039453306.1_21800	2472	2273	0	0
lcl|NC_052672.1_mrna_XM_039453307.1_21801	2548	2349	0	0
lcl|NC_052672.1_mrna_XM_039453309.1_21802	2535	2336	0	0
lcl|NC_052672.1_mrna_XM_039453305.1_21803	10612	10413	8.14789	0.219778
lcl|NC_052672.1_mrna_XM_026133285.2_21804	9334	9135	8.06417	0.247952
lcl|NC_052672.1_mrna_XM_011170126.3_21805	986	787	872	311.213
lcl|NC_052672.1_mrna_XM_039453303.1_21806	3846	3647	719.063	55.3792
lcl|NC_052672.1_mrna_XM_011170115.3_21807	2444	2245	207.937	26.0155
lcl|NC_052672.1_mrna_XM_039453316.1_21808	1432	1233	0	0
lcl|NC_052672.1_mrna_XM_011170114.3_21809	1530	1331	0	0
lcl|NC_052672.1_mrna_XM_026133281.2_21810	1530	1331	0	0
lcl|NC_052672.1_mrna_XM_011170112.3_21811	1539	1340	140	29.3453
lcl|NC_052672.1_mrna_XM_011170103.3_21812	3146	2947	120.308	11.4665
lcl|NC_052672.1_mrna_XM_011170104.3_21813	2999	2800	17.6884	1.77438
lcl|NC_052672.1_mrna_XM_011170106.3_21814	2936	2737	0.0031599	0.000324275
lcl|NC_052672.1_mrna_XM_026133229.2_21815	7669	7470	8.1816	0.307633
lcl|NC_052672.1_mrna_XM_026133228.2_21816	7675	7476	15.2007	0.571096
lcl|NC_052672.1_mrna_XM_026133227.2_21817	7684	7485	95.0331	3.56615
lcl|NC_052672.1_mrna_XM_011170107.3_21818	7690	7491	175.585	6.58358
lcl|NC_052672.1_mrna_XM_011170102.3_21819	1472	1273	1174	259.033
lcl|NC_052672.1_mrna_XM_011175717.3_21820	810	611	720	330.984
lcl|NC_052672.1_mrna_XM_039453811.1_21821	2707	2508	0	0
lcl|NC_052672.1_mrna_XM_026133250.2_21822	3379	3180	0	0
lcl|NC_052672.1_mrna_XM_026133252.2_21823	3354	3155	43.7413	3.89411
lcl|NC_052672.1_mrna_XM_026133251.2_21824	2107	1908	2.25871	0.332504
lcl|NC_052672.1_mrna_XM_011170097.3_21825	4497	4298	64.8938	4.24085
lcl|NC_052672.1_mrna_XM_011170099.3_21826	4087	3888	13.3275	0.962808
lcl|NC_052672.1_mrna_XM_011170096.3_21827	4506	4307	2.55194e-06	1.66422e-07
lcl|NC_052672.1_mrna_XM_011170095.3_21828	4524	4325	0.121435	0.0078863
lcl|NC_052672.1_mrna_XM_011170098.3_21829	3731	3532	3.65721	0.290834
lcl|NC_052672.1_miscrna_XR_005575601.1_21830	3471	3272	0	0
lcl|NC_052672.1_miscrna_XR_005575602.1_21831	2338	2139	31	4.07068
lcl|NC_052672.1_mrna_XM_039453820.1_21832	1436	1237	0	0
lcl|NC_052672.1_mrna_XM_039453817.1_21833	1970	1771	10.0438	1.59293
lcl|NC_052672.1_mrna_XM_039453818.1_21834	1743	1544	638.956	116.236
lcl|NC_052672.1_mrna_XM_011170092.3_21835	4180	3981	283	19.9669
lcl|NC_052672.1_mrna_XM_011170093.3_21836	4180	3981	0	0
lcl|NC_052672.1_mrna_XM_011170086.3_21837	1916	1717	235.717	38.56
lcl|NC_052672.1_mrna_XM_039453819.1_21838	1942	1743	37.5555	6.05189
lcl|NC_052672.1_mrna_XM_011170089.3_21839	1989	1790	49.5453	7.77436
lcl|NC_052672.1_mrna_XM_011170085.3_21840	1994	1795	17.182	2.68859
lcl|NC_052672.1_mrna_XM_026133219.2_21841	1383	1184	0	0
lcl|NC_052672.1_mrna_XM_011170082.3_21842	1380	1181	31.2101	7.42269
lcl|NC_052672.1_mrna_XM_026133220.2_21843	1490	1291	0	0
lcl|NC_052672.1_mrna_XM_011170083.3_21844	1486	1287	128.715	28.091
lcl|NC_052672.1_mrna_XM_026133221.2_21845	1492	1293	0	0
lcl|NC_052672.1_mrna_XM_011170084.3_21846	1483	1284	34.7071	7.59222
lcl|NC_052672.1_mrna_XM_011170065.3_21847	4341	4142	13.4598	0.912734
lcl|NC_052672.1_mrna_XM_011170081.3_21848	4424	4225	0	0
lcl|NC_052672.1_mrna_XM_011170075.3_21849	4285	4086	106.695	7.33436
lcl|NC_052672.1_mrna_XM_039453813.1_21850	4397	4198	0	0
lcl|NC_052672.1_mrna_XM_011170064.3_21851	4402	4203	0	0
lcl|NC_052672.1_mrna_XM_011170074.3_21852	4392	4193	129.738	8.69073
lcl|NC_052672.1_mrna_XM_011170079.3_21853	4187	3988	0.578693	0.0407576
lcl|NC_052672.1_mrna_XM_011170071.3_21854	4242	4043	0.0935299	0.00649774
lcl|NC_052672.1_mrna_XM_011170070.3_21855	4304	4105	0	0
lcl|NC_052672.1_mrna_XM_011170080.3_21856	4277	4078	60.3662	4.15779
lcl|NC_052672.1_mrna_XM_011170073.3_21857	4330	4131	15.645	1.06374
lcl|NC_052672.1_mrna_XM_011170072.3_21858	4392	4193	0	0
lcl|NC_052672.1_mrna_XM_011170076.3_21859	4095	3896	80.7861	5.82416
lcl|NC_052672.1_mrna_XM_039453815.1_21860	4044	3845	0.00567645	0.000414664
lcl|NC_052672.1_mrna_XM_011170062.3_21861	3063	2864	705.931	69.2317
lcl|NC_052672.1_mrna_XM_011170063.3_21862	3107	2908	166.069	16.0402
lcl|NC_052672.1_mrna_XM_039453332.1_21863	3342	3143	0	0
lcl|NC_052672.1_mrna_XM_039453331.1_21864	3656	3457	325.405	26.4387
lcl|NC_052672.1_mrna_XM_039453274.1_21865	1597	1398	16.2207	3.25895
lcl|NC_052672.1_mrna_XM_039453363.1_21866	2081	1882	4.53862	0.677361
lcl|NC_052672.1_mrna_XM_039453365.1_21867	1559	1360	29.5306	6.09887
lcl|NC_052672.1_mrna_XM_039453366.1_21868	1448	1249	16.9683	3.81585
lcl|NC_052672.1_mrna_XM_039453368.1_21869	1336	1137	0	0
lcl|NC_052672.1_mrna_XM_011170059.3_21870	1630	1431	0	0
lcl|NC_052672.1_mrna_XM_039453369.1_21871	1060	861	1	0.326221
lcl|NC_052672.1_mrna_XM_011170055.3_21872	3083	2884	47	4.57739
lcl|NC_052672.1_ncrna_XR_005575527.1_21873	5612	5413	0	0
lcl|NC_052672.1_mrna_XM_039453371.1_21874	2029	1830	0	0
lcl|NC_052672.1_mrna_XM_026133247.2_21875	2014	1815	1.41381	0.218791
lcl|NC_052672.1_mrna_XM_039453372.1_21876	1017	818	0	0
lcl|NC_052672.1_mrna_XM_039453370.1_21877	2119	1920	11.9222	1.7441
lcl|NC_052672.1_mrna_XM_011170050.3_21878	795	596	42.3115	19.9401
lcl|NC_052672.1_mrna_XM_011170051.3_21879	4283	4084	903.92	62.167
lcl|NC_052672.1_mrna_XM_026133233.2_21880	3988	3789	0	0
lcl|NC_052672.1_mrna_XM_011170052.3_21881	4100	3901	173.433	12.4874
lcl|NC_052672.1_mrna_XM_039453359.1_21882	3551	3352	7.62131	0.638618
lcl|NC_052672.1_mrna_XM_039453358.1_21883	4527	4328	4.32263e-08	2.80528e-09
lcl|NC_052672.1_mrna_XM_026133234.2_21884	4439	4240	38.3626	2.54131
lcl|NC_052672.1_mrna_XM_039453357.1_21885	4472	4273	0.016098	0.00105817
lcl|NC_052672.1_mrna_XM_039453356.1_21886	4481	4282	0	0
lcl|NC_052672.1_mrna_XM_039453355.1_21887	4541	4342	0	0
lcl|NC_052672.1_mrna_XM_011170047.3_21888	1915	1716	377.826	61.8429
lcl|NC_052672.1_mrna_XM_026133236.2_21889	2028	1829	28.1743	4.32668
lcl|NC_052672.1_mrna_XM_011170049.3_21890	2585	2386	3220	379.054
lcl|NC_052672.1_mrna_XM_039453364.1_21891	2142	1943	41.9141	6.05902
lcl|NC_052672.1_mrna_XM_026133237.2_21892	2180	1981	0	0
lcl|NC_052672.1_mrna_XM_026133238.2_21893	2115	1916	463.358	67.9261
lcl|NC_052672.1_mrna_XM_026133241.2_21894	2131	1932	561.327	81.6065
lcl|NC_052672.1_mrna_XM_026133239.2_21895	2127	1928	0	0
lcl|NC_052672.1_mrna_XM_026133242.2_21896	2064	1865	2722.53	410.024
lcl|NC_052672.1_mrna_XM_026133240.2_21897	2207	2008	164.873	23.0622
lcl|NC_052672.1_mrna_XM_011170045.3_21898	1562	1363	69.0587	14.2311
lcl|NC_052672.1_mrna_XM_011170046.3_21899	1187	988	112.941	32.1079
lcl|NC_052672.1_mrna_XM_011170044.3_21900	595	396	28	19.86
lcl|NC_052672.1_mrna_XM_011170043.3_21901	1755	1556	2094	377.992
lcl|NC_052672.1_mrna_XM_011175502.3_21902	3408	3209	17.5431	1.53551
lcl|NC_052672.1_mrna_XM_039453360.1_21903	7172	6973	44.1636	1.77894
lcl|NC_052672.1_miscrna_XR_005575525.1_21904	4824	4625	476.044	28.9102
lcl|NC_052672.1_miscrna_XR_005575526.1_21905	4680	4481	1.19579e-06	7.4954e-08
lcl|NC_052672.1_mrna_XM_011170042.2_21906	519	320	52.3428	45.9434
lcl|NC_052672.1_mrna_XM_011170041.3_21907	2253	2054	327.524	44.7877
lcl|NC_052672.1_mrna_XM_039453361.1_21908	2261	2062	150.089	20.4445
lcl|NC_052672.1_mrna_XM_026133282.2_21909	2634	2435	508	58.5977
lcl|NC_052672.1_mrna_XM_011170040.3_21910	2386	2187	187	24.0164
lcl|NC_052672.1_mrna_XM_026133225.2_21911	2758	2559	0	0
lcl|NC_052672.1_mrna_XM_011170038.3_21912	1955	1756	6.99995	1.11966
lcl|NC_052672.1_mrna_XM_039453362.1_21913	1976	1777	4.64184e-05	7.337e-06
lcl|NC_052672.1_mrna_XM_011170036.3_21914	1805	1606	125	21.8615
lcl|NC_052672.1_mrna_XM_039453602.1_21915	3228	3029	0	0
lcl|NC_052672.1_mrna_XM_039453601.1_21916	3232	3033	0	0
lcl|NC_052672.1_mrna_XM_039453603.1_21917	2463	2264	25.7969	3.20042
lcl|NC_052672.1_mrna_XM_039453604.1_21918	2947	2748	102.198	10.4458
lcl|NC_052672.1_mrna_XM_039453600.1_21919	3809	3610	113.005	8.79235
lcl|NC_052672.1_mrna_XM_011170035.3_21920	2340	2141	699	91.7015
lcl|NC_052672.1_mrna_XM_011170034.3_21921	716	517	466	253.169
lcl|NC_052672.1_mrna_XM_026133296.2_21922	2141	1942	0	0
lcl|NC_052672.1_mrna_XM_026133294.2_21923	2158	1959	53	7.59901
lcl|NC_052672.1_mrna_XM_026133295.2_21924	2128	1929	0	0
lcl|NC_052672.1_mrna_XM_026133302.2_21925	4713	4514	49.0373	3.05127
lcl|NC_052672.1_mrna_XM_039453606.1_21926	4552	4353	0.280764	0.0181163
lcl|NC_052672.1_mrna_XM_039453605.1_21927	4536	4337	61.9231	4.01032
lcl|NC_052672.1_mrna_XM_039453608.1_21928	1591	1392	984.723	198.697
lcl|NC_052672.1_mrna_XM_011170032.3_21929	3154	2955	225.72	21.455
lcl|NC_052672.1_mrna_XM_011170024.3_21930	1473	1274	76.3544	16.8337
lcl|NC_052672.1_mrna_XM_011170025.3_21931	1436	1237	200.326	45.4865
lcl|NC_052672.1_mrna_XM_011170026.3_21932	1070	871	637.996	205.738
lcl|NC_052672.1_mrna_XM_039453612.1_21933	1133	934	37.9206	11.4037
lcl|NC_052672.1_mrna_XM_011170027.3_21934	1231	1032	0	0
lcl|NC_052672.1_mrna_XM_039453611.1_21935	1247	1048	47.4037	12.7048
lcl|NC_052672.1_mrna_XM_011170020.3_21936	1710	1511	516.619	96.0332
lcl|NC_052672.1_mrna_XM_011170021.3_21937	1848	1649	28.6328	4.87708
lcl|NC_052672.1_mrna_XM_026133289.2_21938	1445	1246	74.7483	16.85
lcl|NC_052672.1_mrna_XM_011170022.2_21939	896	697	11.0328	4.44598
lcl|NC_052672.1_mrna_XM_011170019.3_21940	1101	902	1869	581.994
lcl|NC_052672.1_mrna_XM_026133290.2_21941	2979	2780	104.696	10.578
lcl|NC_052672.1_mrna_XM_011170018.3_21942	2890	2691	612.304	63.91
lcl|NC_052672.1_mrna_XM_011170017.3_21943	1801	1602	2303.87	403.935
lcl|NC_052672.1_mrna_XM_026133291.2_21944	1764	1565	213.572	38.3307
lcl|NC_052672.1_mrna_XM_011170016.3_21945	1803	1604	175.364	30.708
lcl|NC_052672.1_mrna_XM_039453609.1_21946	1852	1653	25.063	4.2587
lcl|NC_052672.1_mrna_XM_011170015.3_21947	1868	1669	3713	624.862
lcl|NC_052672.1_mrna_XM_011170013.3_21948	1252	1053	1023	272.875
lcl|NC_052672.1_trna_21949	72	3.52559	0	0
lcl|NC_052672.1_mrna_XM_026133292.2_21950	1327	1128	193.276	48.1265
lcl|NC_052672.1_mrna_XM_011170012.3_21951	1248	1049	424.724	113.723
lcl|NC_052672.1_mrna_XM_026133280.2_21952	2447	2248	437	54.601
lcl|NC_052672.1_mrna_XM_011170010.3_21953	1213	1014	119	32.9628
lcl|NC_052672.1_mrna_XM_011170009.3_21954	2091	1892	5511	818.135
lcl|NC_052672.1_mrna_XM_039453284.1_21955	1964	1765	914	145.451
lcl|NC_052672.1_mrna_XM_011170006.3_21956	1835	1636	88.7329	15.2341
lcl|NC_052672.1_mrna_XM_011170007.3_21957	1813	1614	409.205	71.2119
lcl|NC_052672.1_mrna_XM_026133308.2_21958	1793	1594	320.349	56.4483
lcl|NC_052672.1_mrna_XM_026133306.2_21959	1758	1559	67.7133	12.1996
lcl|NC_052672.1_mrna_XM_039453283.1_21960	1598	1399	0	0
lcl|NC_052672.1_mrna_XM_011170005.3_21961	3628	3429	255	20.8876
lcl|NC_052672.1_mrna_XM_039453281.1_21962	3430	3231	0	0
lcl|NC_052672.1_mrna_XM_026133310.2_21963	1945	1746	106.375	17.1124
lcl|NC_052672.1_mrna_XM_026133311.2_21964	1808	1609	57.6384	10.0617
lcl|NC_052672.1_mrna_XM_026133309.2_21965	1835	1636	566.034	97.1796
lcl|NC_052672.1_mrna_XM_011170000.3_21966	1585	1386	577.559	117.044
lcl|NC_052672.1_mrna_XM_039453687.1_21967	3318	3119	19.0894	1.71907
lcl|NC_052672.1_mrna_XM_011169998.3_21968	6437	6238	31.9106	1.43683
lcl|NC_052672.1_mrna_XM_039453686.1_21969	7006	6807	0	0
lcl|NC_052672.1_mrna_XM_011169997.3_21970	2128	1929	418.837	60.9858
lcl|NC_052672.1_mrna_XM_039453689.1_21971	2670	2471	3.38113	0.384331
lcl|NC_052672.1_mrna_XM_039453690.1_21972	6406	6207	2.78202	0.125891
lcl|NC_052672.1_mrna_XM_039453685.1_21973	2351	2152	1374.97	179.46
lcl|NC_052672.1_mrna_XM_011174888.3_21974	2050	1851	1395	211.682
lcl|NC_052672.1_mrna_XM_026140155.2_21975	3218	3019	660.087	61.4121
lcl|NC_052672.1_mrna_XM_026140154.2_21976	3227	3028	777.71	72.1402
lcl|NC_052672.1_mrna_XM_026140156.2_21977	2210	2011	86.2033	12.04
lcl|NC_052672.1_mrna_XM_011174890.3_21978	6221	6022	11.6321	0.542541
lcl|NC_052672.1_mrna_XM_039453694.1_21979	5859	5660	0	0
lcl|NC_052672.1_mrna_XM_011174892.3_21980	3991	3792	423.032	31.3343
lcl|NC_052672.1_mrna_XM_011174891.3_21981	5729	5530	254.411	12.9219
lcl|NC_052672.1_mrna_XM_039453692.1_21982	3051	2852	0	0
lcl|NC_052672.1_mrna_XM_026140159.2_21983	3459	3260	14.2264	1.22572
lcl|NC_052672.1_mrna_XM_026140158.2_21984	3724	3525	0	0
lcl|NC_052672.1_mrna_XM_011174896.3_21985	3689	3490	0	0
lcl|NC_052672.1_mrna_XM_011174894.3_21986	2898	2699	110.774	11.5279
lcl|NC_052672.1_mrna_XM_039453691.1_21987	3752	3553	67	5.29658
lcl|NC_052672.1_ncrna_XR_005575568.1_21988	1961	1762	0	0
lcl|NC_052672.1_mrna_XM_039453566.1_21989	5569	5370	0	0
lcl|NC_052672.1_mrna_XM_026140172.2_21990	6316	6117	21	0.964265
lcl|NC_052672.1_mrna_XM_039453564.1_21991	5389	5190	0	0
lcl|NC_052672.1_mrna_XM_039453565.1_21992	5570	5371	0	0
lcl|NC_052672.1_mrna_XM_026140173.2_21993	6317	6118	0	0
lcl|NC_052672.1_mrna_XM_011174900.3_21994	934	735	1500.75	573.506
lcl|NC_052672.1_mrna_XM_039453568.1_21995	3085	2886	1088.84	105.97
lcl|NC_052672.1_mrna_XM_039453567.1_21996	3332	3133	516.558	46.31
lcl|NC_052672.1_mrna_XM_039453569.1_21997	3295	3096	15.8442	1.43742
lcl|NC_052672.1_mrna_XM_011174902.3_21998	2176	1977	160.475	22.799
lcl|NC_052672.1_mrna_XM_011174903.3_21999	2099	1900	190.808	28.2071
lcl|NC_052672.1_mrna_XM_011174901.3_22000	2281	2082	253.25	34.1653
lcl|NC_052672.1_mrna_XM_011174904.3_22001	2128	1929	165.467	24.0933
lcl|NC_052672.1_mrna_XM_011169599.3_22002	2298	2099	1237.96	165.658
lcl|NC_052672.1_mrna_XM_026140170.2_22003	1133	934	47.0694	14.1549
lcl|NC_052672.1_mrna_XM_026140169.2_22004	1163	964	0	0
lcl|NC_052672.1_mrna_XM_026140167.2_22005	3480	3281	181	15.4949
lcl|NC_052672.1_mrna_XM_011174905.3_22006	3175	2976	10	0.943806
lcl|NC_052672.1_mrna_XM_011174907.3_22007	3616	3417	2.13815e-06	1.75755e-07
lcl|NC_052672.1_mrna_XM_011174906.3_22008	3616	3417	173.277	14.2434
lcl|NC_052672.1_mrna_XM_011174909.3_22009	3441	3242	498	43.1452
lcl|NC_052672.1_mrna_XM_011174910.3_22010	8046	7847	74.9597	2.68312
lcl|NC_052672.1_mrna_XM_011174913.3_22011	8166	7967	21.2994	0.750909
lcl|NC_052672.1_mrna_XM_011174912.3_22012	7917	7718	31.9288	1.16197
lcl|NC_052672.1_mrna_XM_011174911.3_22013	7903	7704	28.2089	1.02846
lcl|NC_052672.1_mrna_XM_026140165.2_22014	5034	4835	1113	64.6568
lcl|NC_052672.1_mrna_XM_039453570.1_22015	5055	4856	4.00808e-08	2.31832e-09
lcl|NC_052672.1_mrna_XM_011174914.3_22016	1080	881	670	213.607
lcl|NC_052672.1_ncrna_XR_005575616.1_22017	1669	1470	12	2.29287
lcl|NC_052672.1_miscrna_XR_005575615.1_22018	6214	6015	2.2693	0.105967
lcl|NC_052672.1_mrna_XM_011175439.3_22019	2584	2385	264.661	31.1686
lcl|NC_052672.1_mrna_XM_011175370.3_22020	2500	2301	854.339	104.287
lcl|NC_052672.1_mrna_XM_026140161.2_22021	2553	2354	988.471	117.943
lcl|NC_052672.1_mrna_XM_039453909.1_22022	2495	2296	331.165	40.5124
lcl|NC_052672.1_mrna_XM_026140160.2_22023	4378	4179	99.5414	6.69032
lcl|NC_052672.1_mrna_XM_026140163.2_22024	1354	1155	29.6149	7.20184
lcl|NC_052672.1_mrna_XM_026140164.2_22025	1042	843	0.040195	0.0133924
lcl|NC_052672.1_mrna_XM_011174927.3_22026	2161	1962	44	6.29897
lcl|NC_052672.1_mrna_XM_011174921.3_22027	1128	929	25.0366	7.56963
lcl|NC_052672.1_mrna_XM_039453910.1_22028	1036	837	313.17	105.092
lcl|NC_052672.1_mrna_XM_011174920.3_22029	1225	1026	307.078	84.0654
lcl|NC_052672.1_mrna_XM_011174922.3_22030	1149	950	81.0604	23.9663
lcl|NC_052672.1_mrna_XM_011174919.3_22031	1377	1178	781	186.218
lcl|NC_052672.1_mrna_XM_039453275.1_22032	677	478	0	0
lcl|NC_052672.1_mrna_XM_026137513.2_22033	812	613	0	0
lcl|NC_052673.1_mrna_XM_039454422.1_22034	3186	2987	0	0
lcl|NC_052673.1_mrna_XM_039454424.1_22035	2022	1823	0	0
lcl|NC_052673.1_mrna_XM_039454310.1_22036	2884	2685	1	0.10461
lcl|NC_052673.1_mrna_XM_039454308.1_22037	3273	3074	0	0
lcl|NC_052673.1_mrna_XM_039454307.1_22038	3964	3765	0	0
lcl|NC_052673.1_mrna_XM_039454303.1_22039	3728	3529	0	0
lcl|NC_052673.1_mrna_XM_039454304.1_22040	3707	3508	0	0
lcl|NC_052673.1_mrna_XM_039454305.1_22041	3572	3373	0	0
lcl|NC_052673.1_mrna_XM_039454306.1_22042	3434	3235	0	0
lcl|NC_052673.1_mrna_XM_039454309.1_22043	2650	2451	0	0
lcl|NC_052673.1_mrna_XM_026132088.2_22044	3993	3794	1	0.0740318
lcl|NC_052673.1_mrna_XM_039454677.1_22045	2172	1973	1.28954	0.18358
lcl|NC_052673.1_mrna_XM_039454676.1_22046	1919	1720	0	0
lcl|NC_052673.1_ncrna_XR_005575780.1_22047	538	339	0	0
lcl|NC_052673.1_mrna_XM_039454680.1_22048	1140	941	0	0
lcl|NC_052673.1_mrna_XM_039454427.1_22049	8355	8156	6	0.206628
lcl|NC_052673.1_ncrna_XR_003269141.2_22050	2800	2601	2	0.215976
lcl|NC_052673.1_mrna_XM_039454678.1_22051	5356	5157	1.6476	0.089737
lcl|NC_052673.1_mrna_XM_039454428.1_22052	1125	926	0	0
lcl|NC_052673.1_mrna_XM_039454640.1_22053	3506	3307	0	0
lcl|NC_052673.1_mrna_XM_039454641.1_22054	1020	821	0	0
lcl|NC_052673.1_mrna_XM_039454430.1_22055	1142	943	1	0.297854
lcl|NC_052673.1_mrna_XM_039454431.1_22056	1026	827	0	0
lcl|NC_052673.1_mrna_XM_039454415.1_22057	351	152	0	0
lcl|NC_052673.1_mrna_XM_039454172.1_22058	2929	2730	0	0
lcl|NC_052673.1_mrna_XM_039454171.1_22059	2967	2768	0	0
lcl|NC_052673.1_mrna_XM_039454173.1_22060	2924	2725	0	0
lcl|NC_052673.1_mrna_XM_039454174.1_22061	2922	2723	0	0
lcl|NC_052673.1_mrna_XM_039454176.1_22062	546	347	12.5296	10.142
lcl|NC_052673.1_mrna_XM_039454175.1_22063	1394	1195	38.473	9.04282
lcl|NC_052673.1_mrna_XM_039454432.1_22064	963	764	0	0
lcl|NC_052673.1_mrna_XM_039454353.1_22065	1853	1654	2.50898	0.426067
lcl|NC_052673.1_mrna_XM_039454316.1_22066	982	783	0	0
lcl|NC_052673.1_mrna_XM_011171561.3_22067	3598	3399	1615	133.456
lcl|NC_052673.1_mrna_XM_026141027.2_22068	5410	5211	0	0
lcl|NC_052673.1_mrna_XM_026141029.2_22069	5153	4954	25.9953	1.47385
lcl|NC_052673.1_mrna_XM_026141028.2_22070	3697	3498	102.005	8.19061
lcl|NC_052673.1_mrna_XM_011171563.3_22071	951	752	903	337.276
lcl|NC_052673.1_ncrna_XR_005575645.1_22072	3306	3107	29.2203	2.64155
lcl|NC_052673.1_mrna_XM_026141030.2_22073	1646	1447	2	0.388219
lcl|NC_052673.1_mrna_XM_011171564.3_22074	3266	3067	647	59.2524
lcl|NC_052673.1_mrna_XM_039454199.1_22075	1424	1225	307.72	70.5562
lcl|NC_052673.1_mrna_XM_039454696.1_22076	6483	6284	119.897	5.35904
lcl|NC_052673.1_mrna_XM_039454700.1_22077	6288	6089	0	0
lcl|NC_052673.1_mrna_XM_039454697.1_22078	5819	5620	0.000328548	1.64202e-05
lcl|NC_052673.1_mrna_XM_039454699.1_22079	5801	5602	9.17042	0.459792
lcl|NC_052673.1_mrna_XM_039454698.1_22080	5806	5607	3.74779	0.187741
lcl|NC_052673.1_mrna_XM_039454695.1_22081	6485	6286	0.0112431	0.000502374
lcl|NC_052673.1_mrna_XM_011159338.3_22082	6467	6268	103.609	4.64283
lcl|NC_052673.1_mrna_XM_011159336.3_22083	6472	6273	46.5648	2.08496
lcl|NC_052673.1_mrna_XM_039454391.1_22084	4379	4180	0	0
lcl|NC_052673.1_mrna_XM_011159339.1_22085	978	779	0	0
lcl|NC_052673.1_mrna_XM_039454079.1_22086	1973	1774	0	0
lcl|NC_052673.1_mrna_XM_026138813.2_22087	2018	1819	0	0
lcl|NC_052673.1_mrna_XM_039454078.1_22088	1364	1165	0	0
lcl|NC_052673.1_mrna_XM_039454435.1_22089	1890	1691	0	0
lcl|NC_052673.1_ncrna_XR_005575773.1_22090	1321	1122	0	0
lcl|NC_052673.1_mrna_XM_039454404.1_22091	2436	2237	0	0
lcl|NC_052673.1_mrna_XM_039454403.1_22092	2098	1899	0	0
lcl|NC_052673.1_mrna_XM_039454402.1_22093	2190	1991	0	0
lcl|NC_052673.1_mrna_XM_039454563.1_22094	2657	2458	1.22431	0.139902
lcl|NC_052673.1_ncrna_XR_005575717.1_22095	689	490	11	6.3054
lcl|NC_052673.1_mrna_XM_026138816.1_22096	708	509	0	0
lcl|NC_052673.1_mrna_XM_026140033.2_22097	1423	1224	0	0
lcl|NC_052673.1_mrna_XM_039454387.1_22098	1137	938	0	0
lcl|NC_052673.1_mrna_XM_011167100.3_22099	2145	1946	0	0
lcl|NC_052673.1_mrna_XM_011173932.2_22100	753	554	0	0
lcl|NC_052673.1_mrna_XM_026141692.2_22101	1296	1097	0.566013	0.144922
lcl|NC_052673.1_mrna_XM_011169618.1_22102	945	746	0	0
lcl|NC_052673.1_mrna_XM_039454536.1_22103	940	741	0	0
lcl|NC_052673.1_mrna_XM_026140534.2_22104	3279	3080	0	0
lcl|NC_052673.1_mrna_XM_039454274.1_22105	3016	2817	0	0
lcl|NC_052673.1_mrna_XM_039454272.1_22106	3069	2870	23.0748	2.25825
lcl|NC_052673.1_mrna_XM_039454273.1_22107	3085	2886	0	0
lcl|NC_052673.1_mrna_XM_039454275.1_22108	3174	2975	58.9905	5.56943
lcl|NC_052673.1_mrna_XM_039454271.1_22109	3189	2990	2.41023e-05	2.26414e-06
lcl|NC_052673.1_mrna_XM_039454276.1_22110	2656	2457	25.503	2.91542
lcl|NC_052673.1_mrna_XM_039454277.1_22111	2420	2221	58.2564	7.36734
lcl|NC_052673.1_mrna_XM_026131521.1_22112	2223	2024	0	0
lcl|NC_052673.1_mrna_XM_039454299.1_22113	384	185	0	0
lcl|NC_052673.1_mrna_XM_039454460.1_22114	881	682	0	0
lcl|NC_052673.1_mrna_XM_039454296.1_22115	1035	836	1.63333	0.548762
lcl|NC_052673.1_mrna_XM_039454297.1_22116	662	463	0	0
lcl|NC_052673.1_mrna_XM_039454461.1_22117	1352	1153	0	0
lcl|NC_052673.1_mrna_XM_039454298.1_22118	850	651	0.00639545	0.00275934
lcl|NC_052673.1_mrna_XM_011168800.2_22119	764	565	0	0
lcl|NC_052673.1_mrna_XM_039454537.1_22120	1286	1087	1	0.258396
lcl|NC_052673.1_mrna_XM_039454468.1_22121	2406	2207	0	0
lcl|NC_052673.1_mrna_XM_039454360.1_22122	2590	2391	0	0
lcl|NC_052673.1_mrna_XM_039454361.1_22123	2142	1943	0	0
lcl|NC_052673.1_mrna_XM_039454469.1_22124	642	443	0	0
lcl|NC_052673.1_mrna_XM_039454359.1_22125	509	310	0	0
lcl|NC_052673.1_mrna_XM_039454264.1_22126	907	708	0	0
lcl|NC_052673.1_mrna_XM_039454442.1_22127	1254	1055	0	0
lcl|NC_052673.1_mrna_XM_039454443.1_22128	1288	1089	0	0
lcl|NC_052673.1_mrna_XM_039454441.1_22129	1290	1091	0	0
lcl|NC_052673.1_mrna_XM_026140782.2_22130	985	786	2	0.714699
lcl|NC_052673.1_mrna_XM_039454471.1_22131	2283	2084	0	0
lcl|NC_052673.1_mrna_XM_039454369.1_22132	3398	3199	12.0851	1.06109
lcl|NC_052673.1_mrna_XM_039454368.1_22133	3455	3256	2.44954e-07	2.11308e-08
lcl|NC_052673.1_mrna_XM_039454472.1_22134	738	539	0	0
lcl|NC_052673.1_ncrna_XR_005575701.1_22135	899	700	0	0
lcl|NC_052673.1_mrna_XM_039454534.1_22136	1407	1208	0	0
lcl|NC_052673.1_mrna_XM_039454473.1_22137	1311	1112	0	0
lcl|NC_052673.1_ncrna_XR_005575718.1_22138	663	464	0	0
lcl|NC_052673.1_mrna_XM_011165764.1_22139	702	503	0	0
lcl|NC_052673.1_mrna_XM_039454474.1_22140	3375	3176	0	0
lcl|NC_052673.1_mrna_XM_039454475.1_22141	1016	817	0	0
lcl|NC_052673.1_mrna_XM_039454477.1_22142	2146	1947	0	0
lcl|NC_052673.1_mrna_XM_039454211.1_22143	1595	1396	0	0
lcl|NC_052673.1_mrna_XM_039454202.1_22144	1353	1154	0	0
lcl|NC_052673.1_mrna_XM_039454201.1_22145	1963	1764	12.5859	2.00402
lcl|NC_052673.1_mrna_XM_039454200.1_22146	1965	1766	2.55856	0.406931
lcl|NC_052673.1_mrna_XM_039454204.1_22147	1629	1430	0	0
lcl|NC_052673.1_mrna_XM_039454203.1_22148	1631	1432	0	0
lcl|NC_052673.1_mrna_XM_039454205.1_22149	1526	1327	0	0
lcl|NC_052673.1_miscrna_XR_005575668.1_22150	1782	1583	309.885	54.9838
lcl|NC_052673.1_mrna_XM_039454206.1_22151	1232	1033	0	0
lcl|NC_052673.1_mrna_XM_039454210.1_22152	2058	1859	0	0
lcl|NC_052673.1_mrna_XM_039454208.1_22153	2294	2095	0.0043259	0.000579974
lcl|NC_052673.1_mrna_XM_039454209.1_22154	2310	2111	8.02481e-05	1.06773e-05
lcl|NC_052673.1_mrna_XM_039454207.1_22155	2292	2093	180.498	24.2225
lcl|NC_052673.1_mrna_XM_039454212.1_22156	2483	2284	4	0.491903
lcl|NC_052673.1_mrna_XM_011172317.1_22157	822	623	0	0
lcl|NC_052673.1_mrna_XM_026129918.2_22158	498	299	0	0
lcl|NC_052673.1_mrna_XM_026138920.2_22159	4710	4511	2	0.12453
lcl|NC_052673.1_mrna_XM_039454267.1_22160	4814	4615	0	0
lcl|NC_052673.1_mrna_XM_039454266.1_22161	4920	4721	0	0
lcl|NC_052673.1_mrna_XM_039454265.1_22162	4860	4661	0	0
lcl|NC_052673.1_mrna_XM_026138916.1_22163	654	455	0	0
lcl|NC_052673.1_mrna_XM_026137076.2_22164	1089	890	0	0
lcl|NC_052673.1_mrna_XM_011171962.3_22165	684	485	1	0.579127
lcl|NC_052673.1_mrna_XM_039454559.1_22166	4969	4770	2.11501	0.12454
lcl|NC_052673.1_mrna_XM_039454557.1_22167	5065	4866	2.21176	0.127668
lcl|NC_052673.1_mrna_XM_039454556.1_22168	5060	4861	0	0
lcl|NC_052673.1_mrna_XM_039454553.1_22169	5050	4851	9.78312e-08	5.6645e-09
lcl|NC_052673.1_mrna_XM_039454554.1_22170	5147	4948	7.63704	0.433522
lcl|NC_052673.1_mrna_XM_039454555.1_22171	5586	5387	0	0
lcl|NC_052673.1_mrna_XM_039454560.1_22172	10321	10122	17.0529	0.473204
lcl|NC_052673.1_mrna_XM_039454561.1_22173	4949	4750	3	0.177396
lcl|NC_052673.1_mrna_XM_026138921.1_22174	579	380	0	0
lcl|NC_052673.1_mrna_XM_039454478.1_22175	1203	1004	0	0
lcl|NC_052673.1_mrna_XM_039454317.1_22176	675	476	1	0.590077
lcl|NC_052673.1_mrna_XM_011173549.3_22177	1323	1124	0	0
lcl|NC_052673.1_mrna_XM_039454595.1_22178	1589	1390	0	0
lcl|NC_052673.1_mrna_XM_026141716.2_22179	387	188	0	0
lcl|NC_052673.1_mrna_XM_039454270.1_22180	1690	1491	0	0
lcl|NC_052673.1_mrna_XM_039454268.1_22181	1602	1403	0	0
lcl|NC_052673.1_mrna_XM_039454269.1_22182	1587	1388	0	0
lcl|NC_052673.1_miscrna_XR_005575680.1_22183	4589	4390	0	0
lcl|NC_052673.1_miscrna_XR_005575681.1_22184	4486	4287	0	0
lcl|NC_052673.1_mrna_XM_039454370.1_22185	2323	2124	0	0
lcl|NC_052673.1_mrna_XM_039454516.1_22186	1884	1685	0	0
lcl|NC_052673.1_mrna_XM_011172064.1_22187	1098	899	0	0
lcl|NC_052673.1_mrna_XM_011172063.1_22188	477	278	0	0
lcl|NC_052673.1_mrna_XM_039454390.1_22189	699	500	1	0.561753
lcl|NC_052673.1_mrna_XM_039454389.1_22190	1691	1492	0	0
lcl|NC_052673.1_mrna_XM_039454388.1_22191	1632	1433	0	0
lcl|NC_052673.1_ncrna_XR_005575711.1_22192	2783	2584	3.97014	0.431548
lcl|NC_052673.1_ncrna_XR_005575712.1_22193	2599	2400	2.47249e-06	2.8936e-07
lcl|NC_052673.1_ncrna_XR_005575695.1_22194	291	92.0002	0.537461	1.64087
lcl|NC_052673.1_mrna_XM_039454320.1_22195	1601	1402	0	0
lcl|NC_052673.1_mrna_XM_039454321.1_22196	1395	1196	0	0
lcl|NC_052673.1_mrna_XM_039454318.1_22197	1340	1141	15.388	3.78803
lcl|NC_052673.1_mrna_XM_039454319.1_22198	1310	1111	0	0
lcl|NC_052673.1_mrna_XM_039454329.1_22199	1128	929	3.80794	1.1513
lcl|NC_052673.1_mrna_XM_039454624.1_22200	846	647	0	0
lcl|NC_052673.1_mrna_XM_039454326.1_22201	1568	1369	0	0
lcl|NC_052673.1_mrna_XM_039454324.1_22202	1556	1357	0	0
lcl|NC_052673.1_mrna_XM_039454628.1_22203	846	647	0	0
lcl|NC_052673.1_mrna_XM_039454330.1_22204	3833	3634	0	0
lcl|NC_052673.1_mrna_XM_039454332.1_22205	3833	3634	0	0
lcl|NC_052673.1_mrna_XM_039454333.1_22206	1788	1589	0	0
lcl|NC_052673.1_mrna_XM_039454331.1_22207	3765	3566	0	0
lcl|NC_052673.1_mrna_XM_026139774.2_22208	456	257	0	0
lcl|NC_052673.1_mrna_XM_039453976.1_22209	2154	1955	0	0
lcl|NC_052673.1_mrna_XM_039453977.1_22210	5343	5144	0	0
lcl|NC_052673.1_mrna_XM_039453978.1_22211	3798	3599	0	0
lcl|NC_052673.1_mrna_XM_039453979.1_22212	2472	2273	0	0
lcl|NC_052673.1_mrna_XM_039453981.1_22213	921	722	0	0
lcl|NC_052673.1_mrna_XM_039453982.1_22214	1791	1592	0	0
lcl|NC_052673.1_mrna_XM_011166906.1_22215	4812	4613	0	0
lcl|NC_052673.1_mrna_XM_011173265.1_22216	2451	2252	0	0
lcl|NC_052673.1_mrna_XM_039454386.1_22217	1743	1544	0	0
lcl|NC_052673.1_mrna_XM_011172314.3_22218	1035	836	0	0
lcl|NC_052673.1_mrna_XM_039453984.1_22219	1131	932	0	0
lcl|NC_052673.1_mrna_XM_039453985.1_22220	1128	929	1	0.302343
lcl|NC_052673.1_mrna_XM_026141695.2_22221	1041	842	1	0.333583
lcl|NC_052673.1_mrna_XM_039453986.1_22222	1375	1176	0	0
lcl|NC_052673.1_ncrna_XR_005575715.1_22223	450	251	0	0
lcl|NC_052673.1_mrna_XM_026140479.2_22224	2258	2059	3.77798	0.51537
lcl|NC_052673.1_mrna_XM_039454405.1_22225	1713	1514	0.222018	0.0411888
lcl|NC_052673.1_mrna_XM_039454407.1_22226	2163	1964	3	0.429038
lcl|NC_052673.1_mrna_XM_039453987.1_22227	401	202	0	0
lcl|NC_052673.1_mrna_XM_039453988.1_22228	1311	1112	0	0
lcl|NC_052673.1_mrna_XM_026140477.2_22229	852	653	0	0
lcl|NC_052673.1_mrna_XM_026140476.2_22230	1581	1382	0	0
lcl|NC_052673.1_mrna_XM_026140475.2_22231	1104	905	0	0
lcl|NC_052673.1_mrna_XM_026141790.1_22232	567	368	0	0
lcl|NC_052673.1_mrna_XM_039454294.1_22233	1511	1312	18.8323	4.03167
lcl|NC_052673.1_mrna_XM_039454293.1_22234	2699	2500	0.538689	0.0605221
lcl|NC_052673.1_mrna_XM_039453990.1_22235	933	734	0	0
lcl|NC_052673.1_mrna_XM_011167595.1_22236	570	371	0	0
lcl|NC_052673.1_mrna_XM_039453991.1_22237	2694	2495	0	0
lcl|NC_052673.1_mrna_XM_011168242.1_22238	1596	1397	0	0
lcl|NC_052673.1_mrna_XM_039453993.1_22239	2223	2024	0	0
lcl|NC_052673.1_mrna_XM_039453994.1_22240	2859	2660	0	0
lcl|NC_052673.1_mrna_XM_039454338.1_22241	1598	1399	0	0
lcl|NC_052673.1_mrna_XM_039453995.1_22242	2558	2359	0.439164	0.0522895
lcl|NC_052673.1_mrna_XM_039453996.1_22243	2904	2705	0	0
lcl|NC_052673.1_mrna_XM_039454596.1_22244	970	771	1	0.364302
lcl|NC_052673.1_ncrna_XR_005575768.1_22245	1324	1125	1	0.249668
lcl|NC_052673.1_mrna_XM_026133070.2_22246	5169	4970	0	0
lcl|NC_052673.1_mrna_XM_026141068.2_22247	858	659	0	0
lcl|NC_052673.1_mrna_XM_011171705.1_22248	1842	1643	0	0
lcl|NC_052673.1_mrna_XM_039453997.1_22249	759	560	0	0
lcl|NC_052673.1_mrna_XM_039454411.1_22250	2502	2303	1	0.121961
lcl|NC_052673.1_mrna_XM_039454410.1_22251	3603	3404	0	0
lcl|NC_052673.1_mrna_XM_039454409.1_22252	3420	3221	0	0
lcl|NC_052673.1_mrna_XM_039453998.1_22253	1138	939	2	0.598246
lcl|NC_052673.1_ncrna_XR_005575707.1_22254	2656	2457	1	0.114317
lcl|NC_052673.1_mrna_XM_026141512.2_22255	1009	810	0	0
lcl|NC_052673.1_mrna_XM_039454393.1_22256	2746	2547	0	0
lcl|NC_052673.1_mrna_XM_039454394.1_22257	2677	2478	0	0
lcl|NC_052673.1_ncrna_XR_005575756.1_22258	3467	3268	0	0
lcl|NC_052673.1_mrna_XM_039454000.1_22259	1662	1463	0	0
lcl|NC_052673.1_miscrna_XR_005575728.1_22260	2900	2701	0	0
lcl|NC_052673.1_miscrna_XR_005575727.1_22261	2809	2610	0	0
lcl|NC_052673.1_ncrna_XR_005575733.1_22262	1449	1250	0	0
lcl|NC_052673.1_miscrna_XR_005575724.1_22263	4006	3807	0	0
lcl|NC_052673.1_miscrna_XR_005575725.1_22264	3787	3588	0	0
lcl|NC_052673.1_miscrna_XR_005575732.1_22265	3716	3517	0	0
lcl|NC_052673.1_mrna_XM_039454465.1_22266	3613	3414	0	0
lcl|NC_052673.1_miscrna_XR_005575723.1_22267	4471	4272	0	0
lcl|NC_052673.1_miscrna_XR_005575731.1_22268	4297	4098	0	0
lcl|NC_052673.1_mrna_XM_039454467.1_22269	4181	3982	0	0
lcl|NC_052673.1_miscrna_XR_005575730.1_22270	5919	5720	1.78638	0.0877191
lcl|NC_052673.1_miscrna_XR_005575722.1_22271	3138	2939	0	0
lcl|NC_052673.1_mrna_XM_039454464.1_22272	2964	2765	0	0
lcl|NC_052673.1_mrna_XM_039454463.1_22273	5064	4865	0	0
lcl|NC_052673.1_miscrna_XR_005575726.1_22274	4979	4780	0	0
lcl|NC_052673.1_miscrna_XR_005575729.1_22275	2717	2518	16.2136	1.80859
lcl|NC_052673.1_mrna_XM_011164589.3_22276	1180	981	1	0.286317
lcl|NC_052673.1_mrna_XM_039454001.1_22277	3498	3299	0	0
lcl|NC_052673.1_mrna_XM_039454002.1_22278	1464	1265	0	0
lcl|NC_052673.1_mrna_XM_026139156.2_22279	1566	1367	0	0
lcl|NC_052673.1_mrna_XM_039454681.1_22280	2933	2734	80	8.21878
lcl|NC_052673.1_ncrna_XR_005575781.1_22281	3735	3536	2	0.158867
lcl|NC_052673.1_mrna_XM_039454003.1_22282	627	428	1	0.656254
lcl|NC_052673.1_mrna_XM_026141167.2_22283	279	80.003	0	0
lcl|NC_052673.1_mrna_XM_026130945.2_22284	1543	1344	2	0.417971
lcl|NC_052673.1_mrna_XM_039454335.1_22285	968	769	0	0
lcl|NC_052673.1_mrna_XM_039454336.1_22286	1058	859	0	0
lcl|NC_052673.1_mrna_XM_026130953.2_22287	683	484	2	1.16065
lcl|NC_052673.1_mrna_XM_039454337.1_22288	1245	1046	1.64877	0.442735
lcl|NC_052673.1_mrna_XM_039454004.1_22289	1374	1175	3.17182	0.758204
lcl|NC_052673.1_mrna_XM_039454421.1_22290	1960	1761	1	0.159498
lcl|NC_052673.1_mrna_XM_026141682.2_22291	1413	1214	0	0
lcl|NC_052673.1_mrna_XM_039454005.1_22292	2369	2170	1.81438	0.234847
lcl|NC_052673.1_mrna_XM_011165853.3_22293	2805	2606	0	0
lcl|NC_052673.1_mrna_XM_026140745.2_22294	906	707	0	0
lcl|NC_052673.1_mrna_XM_039454006.1_22295	702	503	0	0
lcl|NC_052673.1_mrna_XM_026140007.2_22296	3001	2802	0	0
lcl|NC_052673.1_mrna_XM_039454383.1_22297	2101	1902	0	0
lcl|NC_052673.1_mrna_XM_039454384.1_22298	2718	2519	0	0
lcl|NC_052673.1_mrna_XM_039454385.1_22299	2496	2297	0	0
lcl|NC_052673.1_mrna_XM_039454382.1_22300	2195	1996	0	0
lcl|NC_052673.1_mrna_XM_039454354.1_22301	1772	1573	0	0
lcl|NC_052673.1_mrna_XM_026132902.2_22302	1676	1477	0	0
lcl|NC_052673.1_mrna_XM_039454355.1_22303	1500	1301	83.1712	17.9561
lcl|NC_052673.1_mrna_XM_039454356.1_22304	1495	1296	102.755	22.2696
lcl|NC_052673.1_trna_22305	76	3.6135	0	0
lcl|NC_052673.1_mrna_XM_039454007.1_22306	480	281	0	0
lcl|NC_052673.1_mrna_XM_039454008.1_22307	774	575	2	0.976962
lcl|NC_052673.1_mrna_XM_039454408.1_22308	1473	1274	5	1.10234
lcl|NC_052673.1_mrna_XM_026140342.2_22309	2619	2420	0	0
lcl|NC_052673.1_mrna_XM_039454313.1_22310	2536	2337	0	0
lcl|NC_052673.1_mrna_XM_039454311.1_22311	2531	2332	7	0.843112
lcl|NC_052673.1_mrna_XM_039454312.1_22312	2528	2329	0	0
lcl|NC_052673.1_mrna_XM_039454569.1_22313	2287	2088	27.8338	3.74418
lcl|NC_052673.1_mrna_XM_039454571.1_22314	3168	2969	57.5944	5.44861
lcl|NC_052673.1_mrna_XM_039454567.1_22315	5507	5308	168.665	8.92502
lcl|NC_052673.1_mrna_XM_039454566.1_22316	5522	5323	5.99252	0.316205
lcl|NC_052673.1_mrna_XM_039454572.1_22317	2362	2163	65.0485	8.44688
lcl|NC_052673.1_mrna_XM_039454570.1_22318	2379	2180	0.00691917	0.000891483
lcl|NC_052673.1_mrna_XM_039454366.1_22319	3494	3295	0	0
lcl|NC_052673.1_mrna_XM_039454367.1_22320	3479	3280	0	0
lcl|NC_052673.1_mrna_XM_039454564.1_22321	1133	934	0	0
lcl|NC_052673.1_mrna_XM_039454426.1_22322	1092	893	0	0
lcl|NC_052673.1_mrna_XM_039454425.1_22323	1230	1031	0	0
lcl|NC_052673.1_mrna_XM_039454009.1_22324	3246	3047	0	0
lcl|NC_052673.1_mrna_XM_039454010.1_22325	1830	1631	5	0.861057
lcl|NC_052673.1_mrna_XM_039454632.1_22326	1794	1595	0	0
lcl|NC_052673.1_mrna_XM_039454631.1_22327	1872	1673	0	0
lcl|NC_052673.1_mrna_XM_039454011.1_22328	609	410	0	0
lcl|NC_052673.1_mrna_XM_039454012.1_22329	782	583	0	0
lcl|NC_052673.1_mrna_XM_026140667.2_22330	1016	817	2505	861.195
lcl|NC_052673.1_mrna_XM_039454314.1_22331	7769	7570	2	0.0742078
lcl|NC_052673.1_mrna_XM_039454014.1_22332	630	431	0	0
lcl|NC_052673.1_mrna_XM_011176175.1_22333	756	557	0	0
lcl|NC_052673.1_miscrna_XR_005575690.1_22334	1498	1299	0	0
lcl|NC_052673.1_miscrna_XR_005575692.1_22335	1459	1260	0	0
lcl|NC_052673.1_miscrna_XR_005575693.1_22336	1314	1115	0	0
lcl|NC_052673.1_miscrna_XR_005575691.1_22337	1393	1194	0	0
lcl|NC_052673.1_miscrna_XR_005575689.1_22338	1473	1274	0	0
lcl|NC_052673.1_mrna_XM_039454315.1_22339	1374	1175	3.76238	0.899374
lcl|NC_052673.1_mrna_XM_039454358.1_22340	651	452	0	0
lcl|NC_052673.1_ncrna_XR_005575766.1_22341	559	360	1	0.780213
lcl|NC_052673.1_miscrna_XR_003269380.2_22342	5042	4843	0	0
lcl|NC_052673.1_miscrna_XR_005575758.1_22343	5036	4837	0	0
lcl|NC_052673.1_mrna_XM_026140284.2_22344	5319	5120	109	5.9796
lcl|NC_052673.1_mrna_XM_039454538.1_22345	5170	4971	0	0
lcl|NC_052673.1_mrna_XM_026140286.2_22346	4449	4250	0	0
lcl|NC_052673.1_mrna_XM_039454539.1_22347	4285	4086	0	0
lcl|NC_052673.1_mrna_XM_011166987.1_22348	876	677	0	0
lcl|NC_052673.1_ncrna_XR_005575763.1_22349	3360	3161	388.404	34.5124
lcl|NC_052673.1_miscrna_XR_005575761.1_22350	527	328	6.852	5.86758
lcl|NC_052673.1_miscrna_XR_005575760.1_22351	559	360	119.111	92.9317
lcl|NC_052673.1_miscrna_XR_005575759.1_22352	1570	1371	33.0885	6.77883
lcl|NC_052673.1_mrna_XM_039454545.1_22353	2096	1897	77.2523	11.4383
lcl|NC_052673.1_mrna_XM_039454543.1_22354	2102	1903	2.31707e-06	3.41992e-07
lcl|NC_052673.1_mrna_XM_039454542.1_22355	2134	1935	5.02282e-06	7.29093e-07
lcl|NC_052673.1_mrna_XM_039454546.1_22356	1172	973	30.0949	8.68753
lcl|NC_052673.1_mrna_XM_039454547.1_22357	1031	832	0	0
lcl|NC_052673.1_mrna_XM_039454548.1_22358	1084	885	1.79116e-05	5.6847e-06
lcl|NC_052673.1_mrna_XM_039454549.1_22359	904	705	29.0463	11.5722
lcl|NC_052673.1_miscrna_XR_005575762.1_22360	249	50.3754	0	0
lcl|NC_052673.1_mrna_XM_039454550.1_22361	1524	1325	0	0
lcl|NC_052673.1_mrna_XM_039454552.1_22362	779	580	0	0
lcl|NC_052673.1_mrna_XM_039454016.1_22363	1591	1392	0	0
lcl|NC_052673.1_mrna_XM_039454541.1_22364	3867	3668	4	0.3063
lcl|NC_052673.1_mrna_XM_039454540.1_22365	4188	3989	0	0
lcl|NC_052673.1_mrna_XM_039454018.1_22366	1605	1406	0	0
lcl|NC_052673.1_mrna_XM_039454395.1_22367	3751	3552	0	0
lcl|NC_052673.1_mrna_XM_011171911.3_22368	2039	1840	0	0
lcl|NC_052673.1_mrna_XM_039454019.1_22369	540	341	0	0
lcl|NC_052673.1_mrna_XM_039454020.1_22370	1137	938	0	0
lcl|NC_052673.1_mrna_XM_039454342.1_22371	1444	1245	0	0
lcl|NC_052673.1_mrna_XM_039454341.1_22372	1476	1277	0	0
lcl|NC_052673.1_miscrna_XR_005575697.1_22373	1442	1243	0	0
lcl|NC_052673.1_mrna_XM_039454343.1_22374	963	764	1.99622	0.733888
lcl|NC_052673.1_mrna_XM_039454340.1_22375	1532	1333	0	0
lcl|NC_052673.1_mrna_XM_039454339.1_22376	1373	1174	14.1077	3.37524
lcl|NC_052673.1_mrna_XM_039454416.1_22377	1430	1231	0	0
lcl|NC_052673.1_ncrna_XR_005575716.1_22378	237	39.4185	0	0
lcl|NC_052673.1_mrna_XM_039454604.1_22379	1935	1736	399.255	64.5976
lcl|NC_052673.1_mrna_XM_039454602.1_22380	2030	1831	0	0
lcl|NC_052673.1_mrna_XM_039454603.1_22381	1839	1640	6.74477	1.15515
lcl|NC_052673.1_mrna_XM_039454599.1_22382	9319	9120	0	0
lcl|NC_052673.1_mrna_XM_039454598.1_22383	9532	9333	0	0
lcl|NC_052673.1_mrna_XM_039454600.1_22384	9517	9318	0	0
lcl|NC_052673.1_mrna_XM_026138887.2_22385	8941	8742	48.1971	1.54855
lcl|NC_052673.1_mrna_XM_026138886.2_22386	8955	8756	9.68246	0.310596
lcl|NC_052673.1_mrna_XM_026138889.2_22387	4411	4212	41.1204	2.74211
lcl|NC_052673.1_mrna_XM_039454601.1_22388	4531	4332	0	0
lcl|NC_052673.1_mrna_XM_026138888.2_22389	4421	4222	1.23382e-06	8.2082e-08
lcl|NC_052673.1_mrna_XM_026138879.2_22390	2842	2643	12	1.27526
lcl|NC_052673.1_mrna_XM_011168020.3_22391	2870	2671	495	52.0532
lcl|NC_052673.1_mrna_XM_039454189.1_22392	2968	2769	0.611533	0.0620316
lcl|NC_052673.1_mrna_XM_039454188.1_22393	2954	2755	98.7135	10.064
lcl|NC_052673.1_mrna_XM_039454187.1_22394	5205	5006	18.5255	1.03943
lcl|NC_052673.1_mrna_XM_039454182.1_22395	5239	5040	0	0
lcl|NC_052673.1_mrna_XM_039454179.1_22396	5271	5072	0	0
lcl|NC_052673.1_mrna_XM_039454184.1_22397	5158	4959	0	0
lcl|NC_052673.1_mrna_XM_039454181.1_22398	5190	4991	0	0
lcl|NC_052673.1_mrna_XM_039454183.1_22399	5124	4925	17.15	0.97808
lcl|NC_052673.1_mrna_XM_039454180.1_22400	5184	4985	0	0
lcl|NC_052673.1_mrna_XM_039454186.1_22401	5137	4938	2.44069	0.138828
lcl|NC_052673.1_mrna_XM_039454185.1_22402	4842	4643	0.00204418	0.000123662
lcl|NC_052673.1_mrna_XM_039454192.1_22403	1495	1296	0	0
lcl|NC_052673.1_mrna_XM_039454191.1_22404	1406	1207	0	0
lcl|NC_052673.1_mrna_XM_039454190.1_22405	2415	2216	13.0269	1.65116
lcl|NC_052673.1_mrna_XM_039454021.1_22406	1337	1138	9.99134	2.46602
lcl|NC_052673.1_ncrna_XR_005575631.1_22407	405	206	2.85081	3.88702
lcl|NC_052673.1_mrna_XM_039454040.1_22408	1343	1144	0	0
lcl|NC_052673.1_ncrna_XR_005575632.1_22409	200	16.6423	0	0
lcl|NC_052673.1_mrna_XM_011174691.3_22410	1322	1123	5	1.25056
lcl|NC_052673.1_ncrna_XR_005575633.1_22411	200	16.6423	0	0
lcl|NC_052673.1_mrna_XM_039454042.1_22412	1322	1123	0	0
lcl|NC_052673.1_ncrna_XR_005575634.1_22413	310	111	0	0
lcl|NC_052673.1_mrna_XM_039454041.1_22414	1321	1122	0	0
lcl|NC_052673.1_ncrna_XR_005575635.1_22415	200	16.6423	0	0
lcl|NC_052673.1_mrna_XM_039454043.1_22416	1853	1654	0	0
lcl|NC_052673.1_mrna_XM_039454046.1_22417	916	717	4.66552	1.82766
lcl|NC_052673.1_mrna_XM_039454044.1_22418	1409	1210	0	0
lcl|NC_052673.1_mrna_XM_039454045.1_22419	1699	1500	4	0.749005
lcl|NC_052673.1_mrna_XM_011174368.3_22420	2778	2579	0	0
lcl|NC_052673.1_mrna_XM_039454047.1_22421	869	670	4.99339	2.09332
lcl|NC_052673.1_mrna_XM_039454048.1_22422	710	511	0	0
lcl|NC_052673.1_mrna_XM_039454049.1_22423	686	487	0	0
lcl|NC_052673.1_mrna_XM_039454051.1_22424	3104	2905	1.17986	0.114078
lcl|NC_052673.1_mrna_XM_039454055.1_22425	3779	3580	0	0
lcl|NC_052673.1_mrna_XM_039454052.1_22426	3847	3648	0	0
lcl|NC_052673.1_mrna_XM_039454053.1_22427	3841	3642	0	0
lcl|NC_052673.1_mrna_XM_039454050.1_22428	3850	3651	0	0
lcl|NC_052673.1_mrna_XM_039454056.1_22429	3496	3297	0	0
lcl|NC_052673.1_mrna_XM_039454054.1_22430	3821	3622	0	0
lcl|NC_052673.1_mrna_XM_039454057.1_22431	3486	3287	0	0
lcl|NC_052673.1_mrna_XM_039454058.1_22432	3554	3355	0	0
lcl|NC_052673.1_mrna_XM_026138527.2_22433	1702	1503	0.5	0.0934387
lcl|NC_052673.1_mrna_XM_039454022.1_22434	1632	1433	0	0
lcl|NC_052673.1_mrna_XM_039454023.1_22435	1311	1112	0	0
lcl|NC_052673.1_miscrna_XR_005575682.1_22436	1011	812	0	0
lcl|NC_052673.1_ncrna_XR_005575683.1_22437	809	610	0	0
lcl|NC_052673.1_mrna_XM_039454280.1_22438	2859	2660	0	0
lcl|NC_052673.1_mrna_XM_039454281.1_22439	4117	3918	0	0
lcl|NC_052673.1_mrna_XM_039454282.1_22440	530	331	0	0
lcl|NC_052673.1_mrna_XM_039454024.1_22441	672	473	0	0
lcl|NC_052673.1_ncrna_XR_005575764.1_22442	814	615	0	0
lcl|NC_052673.1_mrna_XM_011173416.3_22443	5241	5042	27.8507	1.55149
lcl|NC_052673.1_mrna_XM_039454178.1_22444	2872	2673	16.1493	1.69696
lcl|NC_052673.1_mrna_XM_011176220.3_22445	904	705	39	15.5379
lcl|NC_052673.1_mrna_XM_039454118.1_22446	7507	7308	142.513	5.47735
lcl|NC_052673.1_mrna_XM_039454117.1_22447	7335	7136	392.831	15.462
lcl|NC_052673.1_miscrna_XR_005575648.1_22448	6923	6724	109.656	4.58058
lcl|NC_052673.1_mrna_XM_026138529.1_22449	1371	1172	0	0
lcl|NC_052673.1_mrna_XM_011173430.2_22450	4059	3860	0	0
lcl|NC_052673.1_mrna_XM_026138524.2_22451	6573	6374	41	1.80671
lcl|NC_052673.1_mrna_XM_011173426.3_22452	3569	3370	0	0
lcl|NC_052673.1_mrna_XM_039454630.1_22453	5483	5284	0	0
lcl|NC_052673.1_mrna_XM_011173424.3_22454	4052	3853	0	0
lcl|NC_052673.1_mrna_XM_039454629.1_22455	4310	4111	26.4203	1.80512
lcl|NC_052673.1_mrna_XM_011173425.3_22456	3532	3333	66.5797	5.61077
lcl|NC_052673.1_mrna_XM_011166183.3_22457	6625	6426	1.00018	0.0437171
lcl|NC_052673.1_mrna_XM_039454565.1_22458	2906	2707	0	0
lcl|NC_052673.1_mrna_XM_039454169.1_22459	2499	2300	312.54	38.1674
lcl|NC_052673.1_ncrna_XR_005575661.1_22460	1764	1565	135.975	24.4041
lcl|NC_052673.1_mrna_XM_039454170.1_22461	2126	1927	146.938	21.4175
lcl|NC_052673.1_mrna_XM_026138523.2_22462	1974	1775	32.3531	5.11957
lcl|NC_052673.1_mrna_XM_026138521.2_22463	2023	1824	24.0547	3.70417
lcl|NC_052673.1_mrna_XM_026138520.2_22464	2174	1975	1373.14	195.282
lcl|NC_052673.1_mrna_XM_039454518.1_22465	2388	2189	0	0
lcl|NC_052673.1_mrna_XM_039454413.1_22466	2087	1888	0	0
lcl|NC_052673.1_mrna_XM_039454414.1_22467	2029	1830	0	0
lcl|NC_052673.1_mrna_XM_039454653.1_22468	997	798	0	0
lcl|NC_052673.1_mrna_XM_039454025.1_22469	1626	1427	0	0
lcl|NC_052673.1_mrna_XM_039454654.1_22470	1105	906	0.329882	0.102269
lcl|NC_052673.1_mrna_XM_039454026.1_22471	561	362	0	0
lcl|NC_052673.1_mrna_XM_039454652.1_22472	3767	3568	5.31331	0.418269
lcl|NC_052673.1_mrna_XM_039454651.1_22473	3745	3546	0	0
lcl|NC_052673.1_mrna_XM_039454650.1_22474	3775	3576	1.22745e-08	9.64097e-10
lcl|NC_052673.1_mrna_XM_039454655.1_22475	1537	1338	1	0.209923
lcl|NC_052673.1_ncrna_XR_003268874.2_22476	1622	1423	5	0.986917
lcl|NC_052673.1_mrna_XM_011170976.3_22477	669	470	51.6168	30.8467
lcl|NC_052673.1_mrna_XM_011170975.3_22478	767	568	207.383	102.551
lcl|NC_052673.1_mrna_XM_026136465.2_22479	6820	6621	14.0383	0.595535
lcl|NC_052673.1_mrna_XM_026136445.2_22480	3120	2921	24.1453	2.32176
lcl|NC_052673.1_mrna_XM_011170978.3_22481	3150	2951	996.855	94.8808
lcl|NC_052673.1_mrna_XM_011170979.3_22482	4301	4102	1085.25	74.3104
lcl|NC_052673.1_mrna_XM_039454684.1_22483	5707	5508	14.8571	0.75763
lcl|NC_052673.1_mrna_XM_039454682.1_22484	5597	5398	0	0
lcl|NC_052673.1_mrna_XM_026136486.2_22485	5462	5263	0	0
lcl|NC_052673.1_mrna_XM_011170980.3_22486	5387	5188	0	0
lcl|NC_052673.1_mrna_XM_039454686.1_22487	5459	5260	0	0
lcl|NC_052673.1_mrna_XM_039454685.1_22488	5543	5344	2.76873e-08	1.45522e-09
lcl|NC_052673.1_mrna_XM_026136490.2_22489	5407	5208	21.4111	1.15474
lcl|NC_052673.1_mrna_XM_039454683.1_22490	5799	5600	22.2082	1.11388
lcl|NC_052673.1_mrna_XM_039454687.1_22491	6573	6374	3.52365	0.155273
lcl|NC_052673.1_mrna_XM_011170983.3_22492	1712	1513	646	119.925
lcl|NC_052673.1_mrna_XM_011170985.3_22493	2109	1910	1252.79	184.23
lcl|NC_052673.1_mrna_XM_011170984.3_22494	1932	1733	1093.21	177.182
lcl|NC_052673.1_mrna_XM_011170986.3_22495	1824	1625	80	13.8278
lcl|NC_052673.1_ncrna_XR_005575669.1_22496	1668	1469	22.894	4.37739
lcl|NC_052673.1_mrna_XM_039454213.1_22497	1749	1550	2.79213	0.505963
lcl|NC_052673.1_mrna_XM_011170988.3_22498	1886	1687	12.3139	2.05019
lcl|NC_052673.1_mrna_XM_026136459.2_22499	2527	2328	132.606	15.9991
lcl|NC_052673.1_mrna_XM_039454120.1_22500	2523	2324	3.94434e-08	4.7671e-09
lcl|NC_052673.1_mrna_XM_039454119.1_22501	2801	2602	110.131	11.8883
lcl|NC_052673.1_mrna_XM_011170995.3_22502	3117	2918	171.647	16.5222
lcl|NC_052673.1_mrna_XM_026136462.2_22503	2879	2680	159.627	16.7297
lcl|NC_052673.1_mrna_XM_011170996.3_22504	1751	1552	479	86.6881
lcl|NC_052673.1_miscrna_XR_005575658.1_22505	2113	1914	193.761	28.4341
lcl|NC_052673.1_miscrna_XR_005575657.1_22506	2116	1917	40.2759	5.90119
lcl|NC_052673.1_mrna_XM_039454135.1_22507	2224	2025	0.000125316	1.7382e-05
lcl|NC_052673.1_mrna_XM_039454142.1_22508	2135	1936	31.2218	4.52968
lcl|NC_052673.1_mrna_XM_039454137.1_22509	2604	2405	34.0604	3.97787
lcl|NC_052673.1_mrna_XM_039454140.1_22510	2613	2414	0	0
lcl|NC_052673.1_mrna_XM_039454139.1_22511	2563	2364	9.91118	1.17759
lcl|NC_052673.1_mrna_XM_039454141.1_22512	2489	2290	0	0
lcl|NC_052673.1_mrna_XM_039454136.1_22513	2320	2121	0	0
lcl|NC_052673.1_mrna_XM_039454138.1_22514	2270	2071	5.68515	0.771041
lcl|NC_052673.1_mrna_XM_026136476.2_22515	2080	1881	29.0471	4.3374
lcl|NC_052673.1_mrna_XM_026136479.2_22516	2546	2347	38.6347	4.62359
lcl|NC_052673.1_mrna_XM_026136475.2_22517	3725	3526	1235.67	98.4321
lcl|NC_052673.1_mrna_XM_011171001.3_22518	6312	6113	0.208715	0.00958994
lcl|NC_052673.1_mrna_XM_011170999.3_22519	6384	6185	232.791	10.5716
lcl|NC_052673.1_mrna_XM_039454143.1_22520	1386	1187	0	0
lcl|NC_052673.1_mrna_XM_039454144.1_22521	1254	1055	14.568	3.87848
lcl|NC_052673.1_mrna_XM_011176078.3_22522	1316	1117	8.25653	2.07616
lcl|NC_052673.1_mrna_XM_011171003.3_22523	1039	840	896	299.602
lcl|NC_052673.1_mrna_XM_039454145.1_22524	2278	2079	478	64.5787
lcl|NC_052673.1_mrna_XM_011171006.3_22525	3460	3261	1802	155.21
lcl|NC_052673.1_mrna_XM_011171007.3_22526	1893	1694	3151	522.457
lcl|NC_052673.1_mrna_XM_026136448.2_22527	15383	15184	617.465	11.422
lcl|NC_052673.1_mrna_XM_039454151.1_22528	15401	15202	25.7088	0.475003
lcl|NC_052673.1_mrna_XM_039454154.1_22529	13795	13596	0	0
lcl|NC_052673.1_mrna_XM_039454146.1_22530	13851	13652	26.4566	0.54432
lcl|NC_052673.1_mrna_XM_039454149.1_22531	14471	14272	14.8707	0.29266
lcl|NC_052673.1_mrna_XM_039454150.1_22532	14071	13872	31.0658	0.629013
lcl|NC_052673.1_mrna_XM_039454155.1_22533	14316	14117	5.8007	0.115413
lcl|NC_052673.1_mrna_XM_039454156.1_22534	14247	14048	0	0
lcl|NC_052673.1_mrna_XM_039454152.1_22535	14115	13916	15.3397	0.309612
lcl|NC_052673.1_mrna_XM_039454148.1_22536	14675	14476	67.7337	1.31423
lcl|NC_052673.1_mrna_XM_039454153.1_22537	15815	15616	6.55847	0.117964
lcl|NC_052673.1_ncrna_XR_005575659.1_22538	2081	1882	10.6243	1.58562
lcl|NC_052673.1_mrna_XM_039454158.1_22539	9567	9368	29.873	0.895671
lcl|NC_052673.1_mrna_XM_039454157.1_22540	9567	9368	17.7431	0.531983
lcl|NC_052673.1_mrna_XM_026136473.2_22541	9564	9365	0	0
lcl|NC_052673.1_mrna_XM_039454159.1_22542	8994	8795	700.88	22.3833
lcl|NC_052673.1_mrna_XM_039454161.1_22543	1319	1120	0	0
lcl|NC_052673.1_mrna_XM_011171013.3_22544	1575	1376	182	37.1508
lcl|NC_052673.1_mrna_XM_011171015.3_22545	1232	1033	2863	778.461
lcl|NC_052673.1_mrna_XM_011171016.3_22546	1695	1496	3306	620.707
lcl|NC_052673.1_mrna_XM_026136442.2_22547	4040	3841	370.384	27.0847
lcl|NC_052673.1_mrna_XM_011171022.3_22548	2885	2686	282.118	29.5013
lcl|NC_052673.1_mrna_XM_011171024.3_22549	2428	2229	185.135	23.3289
lcl|NC_052673.1_mrna_XM_026136441.2_22550	2387	2188	133.363	17.1199
lcl|NC_052673.1_mrna_XM_011171017.3_22551	3487	3288	146.325	12.4997
lcl|NC_052673.1_mrna_XM_039454070.1_22552	2723	2524	18.6754	2.07824
lcl|NC_052673.1_mrna_XM_026136444.2_22553	8689	8490	8.00485	0.264826
lcl|NC_052673.1_mrna_XM_026136443.2_22554	8776	8577	0.000289968	9.49577e-06
lcl|NC_052673.1_mrna_XM_011171026.3_22555	632	433	0	0
lcl|NC_052673.1_mrna_XM_011171025.3_22556	1450	1251	0	0
lcl|NC_052673.1_mrna_XM_039454519.1_22557	8741	8542	0	0
lcl|NC_052673.1_mrna_XM_039454520.1_22558	8383	8184	0	0
lcl|NC_052673.1_mrna_XM_039454522.1_22559	8320	8121	0	0
lcl|NC_052673.1_mrna_XM_026136482.2_22560	9367	9168	0	0
lcl|NC_052673.1_mrna_XM_026136480.2_22561	9426	9227	0	0
lcl|NC_052673.1_mrna_XM_039454521.1_22562	9197	8998	0	0
lcl|NC_052673.1_ncrna_XR_005575752.1_22563	13441	13242	2.01321	0.0427022
lcl|NC_052673.1_mrna_XM_011157926.3_22564	734	535	0	0
lcl|NC_052673.1_mrna_XM_039454525.1_22565	691	492	0	0
lcl|NC_052673.1_mrna_XM_039454527.1_22566	593	394	0	0
lcl|NC_052673.1_mrna_XM_039454528.1_22567	594	395	0	0
lcl|NC_052673.1_ncrna_XR_005575753.1_22568	574	375	0	0
lcl|NC_052673.1_mrna_XM_039454526.1_22569	716	517	0	0
lcl|NC_052673.1_mrna_XM_026136483.2_22570	721	522	0	0
lcl|NC_052673.1_mrna_XM_026136481.2_22571	13779	13580	2.66895	0.0552023
lcl|NC_052673.1_mrna_XM_011163584.3_22572	13776	13577	3.33105	0.0689116
lcl|NC_052673.1_mrna_XM_039454523.1_22573	10653	10454	0	0
lcl|NC_052673.1_mrna_XM_011163585.3_22574	2357	2158	1	0.130156
lcl|NC_052673.1_mrna_XM_039454334.1_22575	2594	2395	3	0.351829
lcl|NC_052673.1_mrna_XM_011163608.3_22576	1666	1467	0	0
lcl|NC_052673.1_mrna_XM_011163586.2_22577	840	641	1	0.438185
lcl|NC_052673.1_mrna_XM_011163587.3_22578	1220	1021	0	0
lcl|NC_052673.1_mrna_XM_026136468.2_22579	1363	1164	0	0
lcl|NC_052673.1_mrna_XM_026136467.2_22580	1992	1793	0	0
lcl|NC_052673.1_mrna_XM_011163589.3_22581	8672	8473	0	0
lcl|NC_052673.1_mrna_XM_011163591.3_22582	978	779	0	0
lcl|NC_052673.1_mrna_XM_026136466.2_22583	931	732	0	0
lcl|NC_052673.1_mrna_XM_011163593.3_22584	1097	898	180.834	56.5614
lcl|NC_052673.1_mrna_XM_011163592.3_22585	1010	811	31.1657	10.7937
lcl|NC_052673.1_mrna_XM_011163594.3_22586	736	537	389	203.466
lcl|NC_052673.1_mrna_XM_026136439.2_22587	1413	1214	0	0
lcl|NC_052673.1_mrna_XM_011163595.3_22588	756	557	0	0
lcl|NC_052673.1_mrna_XM_011163596.3_22589	644	445	924	583.214
lcl|NC_052673.1_mrna_XM_011163598.3_22590	3161	2962	15	1.4224
lcl|NC_052673.1_mrna_XM_011163597.3_22591	3212	3013	5.49252e-07	5.12021e-08
lcl|NC_052673.1_mrna_XM_039454122.1_22592	1070	871	0	0
lcl|NC_052673.1_mrna_XM_011163600.3_22593	1061	862	86	28.0225
lcl|NC_052673.1_mrna_XM_011163599.3_22594	1290	1091	792	203.899
lcl|NC_052673.1_mrna_XM_011163603.3_22595	2329	2130	0	0
lcl|NC_052673.1_mrna_XM_011163602.3_22596	2253	2054	5	0.683731
lcl|NC_052673.1_mrna_XM_011163605.3_22597	1601	1402	858.965	172.085
lcl|NC_052673.1_mrna_XM_039454121.1_22598	1551	1352	37.0346	7.6939
lcl|NC_052673.1_mrna_XM_026130187.1_22599	894	695	147.39	59.5659
lcl|NC_052673.1_mrna_XM_011163606.3_22600	1055	856	61.6104	20.216
lcl|NC_052673.1_mrna_XM_039454124.1_22601	1542	1343	65.9823	13.7996
lcl|NC_052673.1_mrna_XM_039454123.1_22602	1631	1432	8.03588	1.57618
lcl|NC_052673.1_mrna_XM_011157266.3_22603	3782	3583	70.6612	5.53923
lcl|NC_052673.1_ncrna_XR_005575743.1_22604	3101	2902	0	0
lcl|NC_052673.1_ncrna_XR_005575744.1_22605	2967	2768	0	0
lcl|NC_052673.1_ncrna_XR_005575746.1_22606	2841	2642	1.3548	0.144032
lcl|NC_052673.1_ncrna_XR_005575741.1_22607	2988	2789	0	0
lcl|NC_052673.1_ncrna_XR_005575742.1_22608	3016	2817	0	0
lcl|NC_052673.1_ncrna_XR_005575747.1_22609	731	532	0	0
lcl|NC_052673.1_mrna_XM_011157279.3_22610	1230	1031	0	0
lcl|NC_052673.1_mrna_XM_011157293.3_22611	1869	1670	0	0
lcl|NC_052673.1_mrna_XM_011157304.3_22612	1522	1323	0	0
lcl|NC_052673.1_mrna_XM_039454492.1_22613	1968	1769	0	0
lcl|NC_052673.1_mrna_XM_039454491.1_22614	1399	1200	0	0
lcl|NC_052673.1_mrna_XM_039454487.1_22615	2012	1813	0	0
lcl|NC_052673.1_miscrna_XR_005575736.1_22616	1933	1734	0	0
lcl|NC_052673.1_mrna_XM_011157862.3_22617	1849	1650	0	0
lcl|NC_052673.1_mrna_XM_039454488.1_22618	1600	1401	0	0
lcl|NC_052673.1_mrna_XM_039454027.1_22619	3068	2869	0	0
lcl|NC_052673.1_mrna_XM_039454496.1_22620	2158	1959	1	0.143378
lcl|NC_052673.1_mrna_XM_039454028.1_22621	7315	7116	0	0
lcl|NC_052673.1_ncrna_XR_005575748.1_22622	1893	1694	0	0
lcl|NC_052673.1_mrna_XM_039454506.1_22623	3082	2883	1	0.0974251
lcl|NC_052673.1_mrna_XM_039454503.1_22624	1638	1439	0	0
lcl|NC_052673.1_mrna_XM_039454504.1_22625	1823	1624	0	0
lcl|NC_052673.1_mrna_XM_011157913.3_22626	1634	1435	0	0
lcl|NC_052673.1_mrna_XM_039454501.1_22627	2854	2655	0	0
lcl|NC_052673.1_mrna_XM_011157337.3_22628	2659	2460	0	0
lcl|NC_052673.1_mrna_XM_039454502.1_22629	2437	2238	0	0
lcl|NC_052673.1_miscrna_XR_005575734.1_22630	2528	2329	0	0
lcl|NC_052673.1_miscrna_XR_005575735.1_22631	2109	1910	0	0
lcl|NC_052673.1_mrna_XM_039454484.1_22632	1710	1511	0	0
lcl|NC_052673.1_mrna_XM_039454485.1_22633	1517	1318	0	0
lcl|NC_052673.1_mrna_XM_039454486.1_22634	1596	1397	0	0
lcl|NC_052673.1_mrna_XM_039454494.1_22635	1331	1132	0	0
lcl|NC_052673.1_mrna_XM_039454493.1_22636	1564	1365	0	0
lcl|NC_052673.1_mrna_XM_011171945.3_22637	1371	1172	0	0
lcl|NC_052673.1_mrna_XM_039454495.1_22638	1450	1251	0	0
lcl|NC_052673.1_mrna_XM_011157357.3_22639	1970	1771	0	0
lcl|NC_052673.1_mrna_XM_039454499.1_22640	2050	1851	0	0
lcl|NC_052673.1_mrna_XM_011157369.3_22641	2109	1910	0	0
lcl|NC_052673.1_mrna_XM_039454029.1_22642	3556	3357	0	0
lcl|NC_052673.1_mrna_XM_011157402.3_22643	1969	1770	0	0
lcl|NC_052673.1_ncrna_XR_005575750.1_22644	1917	1718	0	0
lcl|NC_052673.1_mrna_XM_026135506.2_22645	1380	1181	0	0
lcl|NC_052673.1_mrna_XM_039454497.1_22646	1189	990	0	0
lcl|NC_052673.1_miscrna_XR_005575738.1_22647	3111	2912	0	0
lcl|NC_052673.1_mrna_XM_039454508.1_22648	2546	2347	0	0
lcl|NC_052673.1_miscrna_XR_005575737.1_22649	2188	1989	0	0
lcl|NC_052673.1_miscrna_XR_005575740.1_22650	2369	2170	0	0
lcl|NC_052673.1_mrna_XM_039454498.1_22651	1505	1306	0	0
lcl|NC_052673.1_mrna_XM_011157932.3_22652	1610	1411	0	0
lcl|NC_052673.1_miscrna_XR_005575739.1_22653	572	373	0	0
lcl|NC_052673.1_mrna_XM_039454480.1_22654	1638	1439	0	0
lcl|NC_052673.1_mrna_XM_039454479.1_22655	1748	1549	0	0
lcl|NC_052673.1_mrna_XM_011157446.3_22656	1488	1289	0	0
lcl|NC_052673.1_mrna_XM_039454482.1_22657	1483	1284	0	0
lcl|NC_052673.1_mrna_XM_039454483.1_22658	1332	1133	2	0.495811
lcl|NC_052673.1_mrna_XM_039454481.1_22659	1452	1253	0	0
lcl|NC_052673.1_ncrna_XR_005575749.1_22660	473	274	0	0
lcl|NC_052673.1_mrna_XM_039454030.1_22661	5007	4808	0	0
lcl|NC_052673.1_mrna_XM_011157458.3_22662	2229	2030	0	0
lcl|NC_052673.1_mrna_XM_039454505.1_22663	1498	1299	0	0
lcl|NC_052673.1_mrna_XM_039454489.1_22664	2092	1893	0	0
lcl|NC_052673.1_mrna_XM_039454490.1_22665	1984	1785	0	0
lcl|NC_052673.1_mrna_XM_011157469.3_22666	1262	1063	0	0
lcl|NC_052673.1_mrna_XM_026135502.2_22667	3240	3041	0	0
lcl|NC_052673.1_mrna_XM_039454500.1_22668	1886	1687	0	0
lcl|NC_052673.1_mrna_XM_011157992.2_22669	1580	1381	0	0
lcl|NC_052673.1_mrna_XM_039454032.1_22670	1423	1224	0	0
lcl|NC_052673.1_mrna_XM_011157480.3_22671	1641	1442	0	0
lcl|NC_052673.1_mrna_XM_011157515.3_22672	3543	3344	2	0.167988
lcl|NC_052673.1_mrna_XM_011157503.3_22673	1679	1480	0	0
lcl|NC_052673.1_mrna_XM_011158016.3_22674	1744	1545	0	0
lcl|NC_052673.1_mrna_XM_039454507.1_22675	883	684	0	0
lcl|NC_052673.1_mrna_XM_039454509.1_22676	591	392	0	0
lcl|NC_052673.1_mrna_XM_039454510.1_22677	797	598	0.873823	0.410429
lcl|NC_052673.1_mrna_XM_039454511.1_22678	5045	4846	9.12618	0.528958
lcl|NC_052673.1_mrna_XM_011157526.3_22679	752	553	13	6.60289
lcl|NC_052673.1_ncrna_XR_005575751.1_22680	2347	2148	11	1.43838
lcl|NC_052673.1_mrna_XM_039454515.1_22681	32791	32592	13.6407	0.117555
lcl|NC_052673.1_mrna_XM_026135490.2_22682	32777	32578	41.1456	0.354744
lcl|NC_052673.1_mrna_XM_039454513.1_22683	33872	33673	5.81906	0.0485385
lcl|NC_052673.1_mrna_XM_026135492.2_22684	33787	33588	73.4195	0.613964
lcl|NC_052673.1_mrna_XM_039454514.1_22685	33294	33095	0	0
lcl|NC_052673.1_mrna_XM_026135505.2_22686	1919	1720	0	0
lcl|NC_052673.1_mrna_XM_011157541.3_22687	1887	1688	0	0
lcl|NC_052673.1_mrna_XM_039454295.1_22688	1774	1575	0	0
lcl|NC_052673.1_mrna_XM_026135504.2_22689	1979	1780	0	0
lcl|NC_052673.1_mrna_XM_026135503.2_22690	1793	1594	0	0
lcl|NC_052673.1_mrna_XM_026135488.2_22691	5212	5013	0.283134	0.0158639
lcl|NC_052673.1_mrna_XM_026135489.2_22692	5203	5004	1.71687	0.0963684
lcl|NC_052673.1_mrna_XM_011157554.3_22693	5288	5089	7.90026e-08	4.36038e-09
lcl|NC_052673.1_mrna_XM_026135487.2_22694	5423	5224	0	0
lcl|NC_052673.1_mrna_XM_039454448.1_22695	9845	9646	47.8151	1.3923
lcl|NC_052673.1_mrna_XM_039454449.1_22696	9823	9624	0	0
lcl|NC_052673.1_mrna_XM_039454450.1_22697	9782	9583	28.1463	0.824966
lcl|NC_052673.1_mrna_XM_039454446.1_22698	10635	10436	6.41558	0.17267
lcl|NC_052673.1_mrna_XM_039454447.1_22699	4607	4408	21.623	1.37781
lcl|NC_052673.1_mrna_XM_011157574.3_22700	9904	9705	0	0
lcl|NC_052673.1_mrna_XM_039454451.1_22701	2478	2279	196.794	24.254
lcl|NC_052673.1_mrna_XM_011157626.3_22702	2743	2544	181.206	20.0065
lcl|NC_052673.1_mrna_XM_011157594.3_22703	1754	1555	662.723	119.706
lcl|NC_052673.1_mrna_XM_011157602.3_22704	1712	1513	80.3516	14.9166
lcl|NC_052673.1_mrna_XM_026135494.2_22705	1595	1396	391.926	78.8558
lcl|NC_052673.1_mrna_XM_039454452.1_22706	5330	5131	164.938	9.0289
lcl|NC_052673.1_mrna_XM_039454453.1_22707	5324	5125	0.529145	0.0289999
lcl|NC_052673.1_mrna_XM_011157664.3_22708	5431	5232	22.8775	1.22816
lcl|NC_052673.1_mrna_XM_011157655.3_22709	5440	5241	4.08079	0.218699
lcl|NC_052673.1_mrna_XM_026135466.2_22710	4924	4725	3.61709	0.215017
lcl|NC_052673.1_mrna_XM_011157647.3_22711	4933	4734	0.536339	0.031822
lcl|NC_052673.1_mrna_XM_039454455.1_22712	5632	5433	2.28216	0.117983
lcl|NC_052673.1_mrna_XM_026135468.2_22713	5640	5441	0.521684	0.0269305
lcl|NC_052673.1_mrna_XM_026135467.2_22714	4924	4725	3.61709	0.215017
lcl|NC_052673.1_mrna_XM_039454456.1_22715	2055	1856	0	0
lcl|NC_052673.1_mrna_XM_039454457.1_22716	1798	1599	0	0
lcl|NC_052673.1_mrna_XM_039454459.1_22717	2997	2798	0	0
lcl|NC_052673.1_mrna_XM_039454458.1_22718	1330	1131	1	0.248344
lcl|NC_052673.1_mrna_XM_039454033.1_22719	663	464	0	0
lcl|NC_052673.1_mrna_XM_026135483.2_22720	2967	2768	0	0
lcl|NC_052673.1_mrna_XM_039454193.1_22721	2882	2683	14	1.46563
lcl|NC_052673.1_mrna_XM_026135484.2_22722	2976	2777	0	0
lcl|NC_052673.1_mrna_XM_026135485.2_22723	2251	2052	0	0
lcl|NC_052673.1_mrna_XM_039454194.1_22724	2194	1995	18	2.53423
lcl|NC_052673.1_mrna_XM_011157707.3_22725	2256	2057	0	0
lcl|NC_052673.1_mrna_XM_011157715.3_22726	2120	1921	0	0
lcl|NC_052673.1_mrna_XM_026135475.2_22727	512	313	0	0
lcl|NC_052673.1_mrna_XM_039454197.1_22728	488	289	0	0
lcl|NC_052673.1_mrna_XM_039454196.1_22729	628	429	0	0
lcl|NC_052673.1_mrna_XM_026135478.2_22730	602	403	2	1.39393
lcl|NC_052673.1_miscrna_XR_005575667.1_22731	3014	2815	0	0
lcl|NC_052673.1_miscrna_XR_005575666.1_22732	3029	2830	7.8469	0.778803
lcl|NC_052673.1_miscrna_XR_005575665.1_22733	3089	2890	3.09678	0.300973
lcl|NC_052673.1_miscrna_XR_005575663.1_22734	3156	2957	0	0
lcl|NC_052673.1_miscrna_XR_005575664.1_22735	3193	2994	0	0
lcl|NC_052673.1_mrna_XM_039454195.1_22736	657	458	0	0
lcl|NC_052673.1_mrna_XM_026135476.2_22737	662	463	0	0
lcl|NC_052673.1_mrna_XM_039454198.1_22738	1290	1091	0	0
lcl|NC_052673.1_mrna_XM_026135479.2_22739	2269	2070	3	0.407068
lcl|NC_052673.1_mrna_XM_039454034.1_22740	494	295	0	0
lcl|NC_052673.1_mrna_XM_026135477.2_22741	645	446	0	0
lcl|NC_052673.1_mrna_XM_026135472.2_22742	4678	4479	54.5652	3.42177
lcl|NC_052673.1_mrna_XM_026135469.2_22743	4680	4481	330.69	20.7282
lcl|NC_052673.1_mrna_XM_039454095.1_22744	4524	4325	143.745	9.33515
lcl|NC_052673.1_mrna_XM_039454085.1_22745	8155	7956	5.65804	0.19975
lcl|NC_052673.1_mrna_XM_039454086.1_22746	8162	7963	2.34196	0.0826072
lcl|NC_052673.1_mrna_XM_039454084.1_22747	8345	8146	0	0
lcl|NC_052673.1_mrna_XM_039454094.1_22748	8399	8200	0	0
lcl|NC_052673.1_mrna_XM_039454093.1_22749	8402	8203	0	0
lcl|NC_052673.1_mrna_XM_039454092.1_22750	8405	8206	0	0
lcl|NC_052673.1_mrna_XM_039454091.1_22751	8444	8245	0	0
lcl|NC_052673.1_mrna_XM_039454089.1_22752	8447	8248	0	0
lcl|NC_052673.1_mrna_XM_039454090.1_22753	8444	8245	0	0
lcl|NC_052673.1_mrna_XM_039454088.1_22754	8447	8248	0	0
lcl|NC_052673.1_mrna_XM_039454087.1_22755	8417	8218	0	0
lcl|NC_052673.1_mrna_XM_039454083.1_22756	8450	8251	0	0
lcl|NC_052673.1_miscrna_XR_005575706.1_22757	2072	1873	0	0
lcl|NC_052673.1_mrna_XM_039454363.1_22758	1858	1659	11.2496	1.90461
lcl|NC_052673.1_mrna_XM_026135481.2_22759	1840	1641	0	0
lcl|NC_052673.1_mrna_XM_026135480.2_22760	1656	1457	29.7054	5.72653
lcl|NC_052673.1_mrna_XM_039454362.1_22761	1423	1224	62.045	14.2377
lcl|NC_052673.1_miscrna_XR_005575703.1_22762	2864	2665	2	0.210789
lcl|NC_052673.1_miscrna_XR_005575704.1_22763	2650	2451	0	0
lcl|NC_052673.1_miscrna_XR_005575705.1_22764	4144	3945	0	0
lcl|NC_052673.1_miscrna_XR_005575702.1_22765	4282	4083	0	0
lcl|NC_052673.1_mrna_XM_026135510.2_22766	9468	9269	106.146	3.21653
lcl|NC_052673.1_mrna_XM_026135511.2_22767	8693	8494	0.853727	0.0282308
lcl|NC_052673.1_mrna_XM_026137662.2_22768	2060	1861	0	0
lcl|NC_052673.1_mrna_XM_011160269.3_22769	6169	5970	0	0
lcl|NC_052673.1_mrna_XM_011160282.3_22770	4746	4547	2.36886	0.146329
lcl|NC_052673.1_mrna_XM_026137665.2_22771	4752	4553	0.631139	0.0389353
lcl|NC_052673.1_mrna_XM_026137661.2_22772	5484	5285	4	0.212584
lcl|NC_052673.1_mrna_XM_011160305.3_22773	5164	4965	5.1901	0.293611
lcl|NC_052673.1_miscrna_XR_005575755.1_22774	2900	2701	0	0
lcl|NC_052673.1_miscrna_XR_005575754.1_22775	2905	2706	12.6483	1.31287
lcl|NC_052673.1_mrna_XM_011160252.3_22776	3087	2888	425.169	41.3504
lcl|NC_052673.1_mrna_XM_011160233.3_22777	3357	3158	1.02207	0.090904
lcl|NC_052673.1_miscrna_XR_850682.3_22778	3738	3539	0	0
lcl|NC_052673.1_miscrna_XR_005575626.1_22779	3704	3505	0	0
lcl|NC_052673.1_miscrna_XR_005575627.1_22780	3545	3346	0	0
lcl|NC_052673.1_ncrna_XR_005575694.1_22781	7862	7663	0	0
lcl|NC_052673.1_mrna_XM_039454594.1_22782	13525	13326	0.000152786	3.22032e-06
lcl|NC_052673.1_mrna_XM_026137655.2_22783	13522	13323	0.000189481	3.99466e-06
lcl|NC_052673.1_mrna_XM_039454593.1_22784	13536	13337	75.1781	1.58325
lcl|NC_052673.1_mrna_XM_026137653.2_22785	13287	13088	1.1938e-08	2.56196e-10
lcl|NC_052673.1_mrna_XM_039454592.1_22786	2551	2352	270.634	32.3193
lcl|NC_052673.1_mrna_XM_011160211.3_22787	7986	7787	204.008	7.35857
lcl|NC_052673.1_mrna_XM_011160198.3_22788	4929	4730	20	1.18764
lcl|NC_052673.1_ncrna_XR_005575783.1_22789	2816	2617	6	0.643966
lcl|NC_052673.1_trna_22790	72	3.52559	0	0
lcl|NC_052673.1_trna_22791	72	3.52559	0	0
lcl|NC_052673.1_mrna_XM_011160185.3_22792	7011	6812	0	0
lcl|NC_052673.1_mrna_XM_039454693.1_22793	6046	5847	0	0
lcl|NC_052673.1_mrna_XM_039454694.1_22794	6042	5843	0	0
lcl|NC_052673.1_mrna_XM_011160148.3_22795	7066	6867	0	0
lcl|NC_052673.1_mrna_XM_011160175.3_22796	7063	6864	14.8571	0.607958
lcl|NC_052673.1_mrna_XM_026137657.2_22797	6139	5940	147.143	6.95774
lcl|NC_052673.1_mrna_XM_039454392.1_22798	1700	1501	0	0
lcl|NC_052673.1_miscrna_XR_005575772.1_22799	4011	3812	79.7784	5.87825
lcl|NC_052673.1_mrna_XM_011174662.3_22800	4204	4005	113.837	7.98358
lcl|NC_052673.1_miscrna_XR_005575771.1_22801	3817	3618	170.384	13.2275
lcl|NC_052673.1_mrna_XM_039454605.1_22802	4451	4252	179.901	11.8838
lcl|NC_052673.1_mrna_XM_039454607.1_22803	4659	4460	270.062	17.0077
lcl|NC_052673.1_mrna_XM_039454606.1_22804	4574	4375	119.677	7.68332
lcl|NC_052673.1_mrna_XM_039454608.1_22805	4425	4226	20.36	1.35321
lcl|NC_052673.1_mrna_XM_039454612.1_22806	2804	2605	0	0
lcl|NC_052673.1_mrna_XM_026134626.2_22807	2992	2793	0	0
lcl|NC_052673.1_mrna_XM_039454611.1_22808	2962	2763	0	0
lcl|NC_052673.1_mrna_XM_026134629.2_22809	2904	2705	0.000843828	8.76198e-05
lcl|NC_052673.1_mrna_XM_026134630.2_22810	2874	2675	60.851	6.38939
lcl|NC_052673.1_mrna_XM_026134624.2_22811	6696	6497	7.67951	0.331999
lcl|NC_052673.1_mrna_XM_039454609.1_22812	6712	6513	0	0
lcl|NC_052673.1_mrna_XM_026134625.2_22813	6801	6602	67.4687	2.8704
lcl|NC_052673.1_mrna_XM_039454610.1_22814	6292	6093	0	0
lcl|NC_052673.1_mrna_XM_011174664.2_22815	2379	2180	1307.47	168.458
lcl|NC_052673.1_mrna_XM_039454625.1_22816	2337	2138	405.526	53.2754
lcl|NC_052673.1_mrna_XM_011174666.3_22817	516	317	510	451.884
lcl|NC_052673.1_mrna_XM_026134583.2_22818	6714	6515	2.58256e-06	1.1134e-07
lcl|NC_052673.1_mrna_XM_026134584.2_22819	6611	6412	1317	57.691
lcl|NC_052673.1_mrna_XM_011174665.3_22820	6725	6526	2.29797e-06	9.89039e-08
lcl|NC_052673.1_mrna_XM_011174667.2_22821	3549	3350	2575	215.898
lcl|NC_052673.1_mrna_XM_011174668.3_22822	4552	4353	242	15.615
lcl|NC_052673.1_mrna_XM_011174670.3_22823	4007	3808	568.496	41.9321
lcl|NC_052673.1_mrna_XM_039454627.1_22824	3257	3058	119.346	10.9619
lcl|NC_052673.1_mrna_XM_011174672.3_22825	4004	3805	0.157796	0.0116482
lcl|NC_052673.1_mrna_XM_011174669.3_22826	842	643	524	228.895
lcl|NC_052673.1_mrna_XM_026134598.2_22827	2887	2688	0	0
lcl|NC_052673.1_mrna_XM_011174674.3_22828	724	525	2	1.07001
lcl|NC_052673.1_mrna_XM_011174686.3_22829	5301	5102	132	7.2669
lcl|NC_052673.1_mrna_XM_026134539.2_22830	5211	5012	8.6798e-05	4.86423e-06
lcl|NC_052673.1_mrna_XM_039453974.1_22831	1519	1320	74.3165	15.8135
lcl|NC_052673.1_mrna_XM_011174676.3_22832	1503	1304	2534.68	545.961
lcl|NC_052673.1_mrna_XM_011174681.3_22833	3805	3606	0	0
lcl|NC_052673.1_mrna_XM_011174679.3_22834	3808	3609	0	0
lcl|NC_052673.1_mrna_XM_011174678.3_22835	3666	3467	106.132	8.59825
lcl|NC_052673.1_mrna_XM_039454215.1_22836	3981	3782	0	0
lcl|NC_052673.1_mrna_XM_039454214.1_22837	4117	3918	0	0
lcl|NC_052673.1_mrna_XM_011174677.3_22838	3683	3484	3.70643e-05	2.98809e-06
lcl|NC_052673.1_mrna_XM_011174680.3_22839	3568	3369	73.8675	6.1584
lcl|NC_052673.1_mrna_NM_001304610.1_22840	674	475	1593	941.972
lcl|NC_052673.1_miscrna_XR_005575649.1_22841	3826	3627	291.251	22.5546
lcl|NC_052673.1_mrna_XM_011160911.3_22842	2534	2335	1861.75	223.949
lcl|NC_052673.1_miscrna_XR_005575650.1_22843	2522	2323	64.2182	7.7647
lcl|NC_052673.1_miscrna_XR_005575651.1_22844	2299	2100	0	0
lcl|NC_052673.1_mrna_XM_011160910.3_22845	2091	1892	519.917	77.1843
lcl|NC_052673.1_mrna_XM_011160909.3_22846	5308	5109	10.8646	0.597303
lcl|NC_052673.1_ncrna_XR_005575714.1_22847	1860	1661	1	0.169101
lcl|NC_052673.1_mrna_XM_039453966.1_22848	2503	2304	64.2028	7.82685
lcl|NC_052673.1_mrna_XM_039453965.1_22849	3542	3343	0	0
lcl|NC_052673.1_mrna_XM_039453964.1_22850	2591	2392	0	0
lcl|NC_052673.1_mrna_NM_001304609.1_22851	1328	1129	18.5395	4.61233
lcl|NC_052673.1_mrna_XM_011160899.3_22852	2879	2680	0.118863	0.0124574
lcl|NC_052673.1_mrna_XM_011160901.3_22853	2903	2704	112.366	11.672
lcl|NC_052673.1_mrna_XM_011160900.3_22854	2777	2578	284.847	31.0344
lcl|NC_052673.1_mrna_XM_011160903.3_22855	2656	2457	79.8809	9.13174
lcl|NC_052673.1_mrna_XM_011160904.3_22856	2637	2438	57.3434	6.60641
lcl|NC_052673.1_mrna_XM_026138704.2_22857	2612	2413	190.664	22.1935
lcl|NC_052673.1_ncrna_XR_005575713.1_22858	978	779	1.03818	0.374325
lcl|NC_052673.1_mrna_XM_026138705.2_22859	5648	5449	276	14.2268
lcl|NC_052673.1_mrna_XM_039454399.1_22860	5710	5511	130.509	6.6516
lcl|NC_052673.1_mrna_XM_039454396.1_22861	6069	5870	0	0
lcl|NC_052673.1_mrna_XM_039454398.1_22862	5768	5569	0	0
lcl|NC_052673.1_mrna_XM_039454400.1_22863	6058	5859	0	0
lcl|NC_052673.1_mrna_XM_039454397.1_22864	3668	3469	32.4909	2.63071
lcl|NC_052673.1_mrna_XM_011160895.3_22865	913	714	215.231	84.6688
lcl|NC_052673.1_mrna_XM_011160894.3_22866	1021	822	543.769	185.805
lcl|NC_052673.1_mrna_XM_011160892.3_22867	2523	2324	1704.54	206.009
lcl|NC_052673.1_mrna_XM_039454401.1_22868	2721	2522	92.0438	10.251
lcl|NC_052673.1_mrna_XM_011160893.3_22869	2584	2385	55.4189	6.52657
lcl|NC_052673.1_mrna_XM_011160891.3_22870	2038	1839	1166	178.087
lcl|NC_052673.1_mrna_XM_011160887.3_22871	957	758	192.513	71.3357
lcl|NC_052673.1_mrna_XM_011160890.3_22872	654	455	16.4869	10.1776
lcl|NC_052673.1_mrna_XM_011160884.3_22873	1694	1495	616	115.732
lcl|NC_052673.1_mrna_XM_011160885.3_22874	459	260	86.3774	93.313
lcl|NC_052673.1_mrna_XM_011160886.3_22875	680	481	52.8091	30.8375
lcl|NC_052673.1_mrna_XM_026138702.2_22876	7880	7681	0.175402	0.00641407
lcl|NC_052673.1_mrna_XM_011160883.3_22877	8150	7951	0	0
lcl|NC_052673.1_mrna_XM_011160881.3_22878	8157	7958	52.8246	1.86444
lcl|NC_052673.1_mrna_XM_011160880.3_22879	2428	2229	615	77.4963
lcl|NC_052673.1_mrna_XM_011160879.3_22880	13978	13779	101.428	2.06755
lcl|NC_052673.1_mrna_XM_011160878.3_22881	22475	22276	61.5719	0.776357
lcl|NC_052673.1_mrna_XM_026138706.2_22882	3713	3514	7	0.559515
lcl|NC_052673.1_mrna_XM_011160877.3_22883	1022	823	322	109.893
lcl|NC_052673.1_mrna_XM_039454439.1_22884	1858	1659	0.000700939	0.000118672
lcl|NC_052673.1_mrna_XM_011157528.3_22885	2062	1863	6556.9	988.556
lcl|NC_052673.1_miscrna_XR_005575721.1_22886	1129	930	0	0
lcl|NC_052673.1_miscrna_XR_005575719.1_22887	1525	1326	0	0
lcl|NC_052673.1_miscrna_XR_005575720.1_22888	1105	906	2.10211	0.651694
lcl|NC_052673.1_mrna_XM_039454440.1_22889	520	321	0	0
lcl|NC_052673.1_mrna_XM_039454437.1_22890	25404	25205	49.014	0.546197
lcl|NC_052673.1_mrna_XM_026133314.2_22891	2458	2259	1	0.124337
lcl|NC_052673.1_ncrna_XR_003268542.2_22892	1216	1017	0	0
lcl|NC_052673.1_ncrna_XR_005575696.1_22893	2278	2079	0	0
lcl|NC_052673.1_mrna_XM_026133352.2_22894	13102	12903	11.1303	0.242288
lcl|NC_052673.1_mrna_XM_039454327.1_22895	13768	13569	0	0
lcl|NC_052673.1_mrna_XM_026133353.2_22896	13874	13675	0	0
lcl|NC_052673.1_mrna_XM_026133351.2_22897	13786	13587	0	0
lcl|NC_052673.1_mrna_XM_011157532.3_22898	13786	13587	0	0
lcl|NC_052673.1_mrna_XM_026133350.2_22899	12957	12758	5.8697	0.129226
lcl|NC_052673.1_mrna_XM_011157533.3_22900	3877	3678	7	0.534567
lcl|NC_052673.1_mrna_XM_026133354.2_22901	10438	10239	70	1.92024
lcl|NC_052673.1_mrna_XM_011157534.3_22902	1343	1144	1294	317.705
lcl|NC_052673.1_mrna_XM_011157535.3_22903	880	681	184	75.8903
lcl|NC_052673.1_mrna_XM_011157537.3_22904	3392	3193	0	0
lcl|NC_052673.1_mrna_XM_039454322.1_22905	1254	1055	0	0
lcl|NC_052673.1_mrna_XM_039454323.1_22906	1459	1260	0	0
lcl|NC_052673.1_mrna_XM_011157538.3_22907	877	678	0	0
lcl|NC_052673.1_mrna_XM_011157539.3_22908	1065	866	3	0.973014
lcl|NC_052673.1_mrna_XM_011157542.3_22909	769	570	11	5.42043
lcl|NC_052673.1_mrna_XM_011157540.3_22910	1244	1045	2	0.537563
lcl|NC_052673.1_miscrna_XR_005575765.1_22911	2996	2797	0	0
lcl|NC_052673.1_mrna_XM_039454574.1_22912	3597	3398	196.439	16.2376
lcl|NC_052673.1_mrna_XM_039454575.1_22913	3742	3543	0	0
lcl|NC_052673.1_mrna_XM_011157547.3_22914	3867	3668	16.5606	1.26812
lcl|NC_052673.1_mrna_XM_026133346.2_22915	3233	3034	0	0
lcl|NC_052673.1_mrna_XM_011157548.3_22916	3310	3111	4	0.36114
lcl|NC_052673.1_mrna_XM_011157550.3_22917	1388	1189	0	0
lcl|NC_052673.1_mrna_XM_011157549.3_22918	1467	1268	0	0
lcl|NC_052673.1_mrna_XM_039454576.1_22919	1706	1507	16	2.9821
lcl|NC_052673.1_mrna_XM_026133359.2_22920	4580	4381	60.8607	3.90193
lcl|NC_052673.1_mrna_XM_026133367.2_22921	4190	3991	0	0
lcl|NC_052673.1_mrna_XM_026133362.2_22922	4584	4385	231.763	14.8453
lcl|NC_052673.1_mrna_XM_026133361.2_22923	4611	4412	3.15449e-08	2.00821e-09
lcl|NC_052673.1_mrna_XM_026133357.2_22924	4638	4439	0	0
lcl|NC_052673.1_mrna_XM_026133363.2_22925	4577	4378	355.893	22.8328
lcl|NC_052673.1_mrna_XM_026133365.2_22926	4451	4252	271.886	17.9601
lcl|NC_052673.1_mrna_XM_026133360.2_22927	4610	4411	0.000808468	5.14803e-05
lcl|NC_052673.1_mrna_XM_026133364.2_22928	4478	4279	1.81868e-08	1.1938e-09
lcl|NC_052673.1_mrna_XM_026133366.2_22929	4250	4051	136.507	9.46471
lcl|NC_052673.1_mrna_XM_026133358.2_22930	5126	4927	69.0908	3.93871
lcl|NC_052673.1_mrna_XM_011157551.3_22931	2279	2080	1498	202.285
lcl|NC_052673.1_mrna_XM_039454578.1_22932	13741	13542	0	0
lcl|NC_052673.1_mrna_XM_039454577.1_22933	13787	13588	0	0
lcl|NC_052673.1_mrna_XM_039454579.1_22934	13652	13453	0	0
lcl|NC_052673.1_mrna_XM_011157552.3_22935	3178	2979	195.156	18.4004
lcl|NC_052673.1_mrna_XM_039454581.1_22936	3162	2963	55.8437	5.29369
lcl|NC_052673.1_mrna_XM_039454580.1_22937	13684	13485	0	0
lcl|NC_052673.1_mrna_XM_011157553.3_22938	15650	15451	6.28233	0.114204
lcl|NC_052673.1_mrna_XM_026133329.2_22939	13808	13609	0	0
lcl|NC_052673.1_mrna_XM_026133328.2_22940	13138	12939	21.739	0.471906
lcl|NC_052673.1_mrna_XM_011157556.3_22941	2624	2425	0.00151818	0.000175844
lcl|NC_052673.1_mrna_XM_011157557.3_22942	2600	2401	32.6486	3.81934
lcl|NC_052673.1_ncrna_XR_850578.3_22943	2151	1952	48	6.9068
lcl|NC_052673.1_mrna_XM_011157555.3_22944	2843	2644	19.3499	2.05557
lcl|NC_052673.1_mrna_XM_011157558.3_22945	9149	8950	105	3.2952
lcl|NC_052673.1_trna_22946	73	3.5471	0	0
lcl|NC_052673.1_mrna_XM_039454378.1_22947	2646	2447	16.8138	1.92996
lcl|NC_052673.1_mrna_XM_026133335.2_22948	2561	2362	390.186	46.3989
lcl|NC_052673.1_mrna_XM_026133337.2_22949	1506	1307	441.177	94.8098
lcl|NC_052673.1_mrna_XM_026133336.2_22950	1509	1310	976.823	209.44
lcl|NC_052673.1_mrna_XM_039454380.1_22951	1449	1250	192.637	43.2858
lcl|NC_052673.1_mrna_XM_026133341.2_22952	1472	1273	212.493	46.8848
lcl|NC_052673.1_mrna_XM_039454379.1_22953	1463	1264	268.87	59.7463
lcl|NC_052673.1_mrna_XM_039454371.1_22954	14856	14657	46.2754	0.88679
lcl|NC_052673.1_mrna_XM_026133332.2_22955	14855	14656	0	0
lcl|NC_052673.1_mrna_XM_039454374.1_22956	14656	14457	0	0
lcl|NC_052673.1_mrna_XM_039454372.1_22957	14809	14610	24.9118	0.478929
lcl|NC_052673.1_mrna_XM_039454373.1_22958	14806	14607	11.6453	0.223927
lcl|NC_052673.1_mrna_XM_039454377.1_22959	6597	6398	34.1001	1.49702
lcl|NC_052673.1_ncrna_XR_005575708.1_22960	1718	1519	6	1.10945
lcl|NC_052673.1_mrna_XM_039454375.1_22961	15509	15310	0.0116867	0.000214403
lcl|NC_052673.1_mrna_XM_026133334.2_22962	15419	15220	4.32425	0.0798016
lcl|NC_052673.1_ncrna_XR_005575709.1_22963	2184	1985	0.321329	0.0454679
lcl|NC_052673.1_ncrna_XR_005575710.1_22964	2180	1981	2.43004	0.344544
lcl|NC_052673.1_mrna_XM_026133333.2_22965	12304	12105	0	0
lcl|NC_052673.1_mrna_XM_039454376.1_22966	12255	12056	11.0511	0.257464
lcl|NC_052673.1_mrna_XM_011157559.3_22967	1853	1654	130.68	22.1917
lcl|NC_052673.1_mrna_XM_011157561.3_22968	3787	3588	3	0.234847
lcl|NC_052673.1_mrna_XM_011157562.3_22969	1198	999	88	24.7419
lcl|NC_052673.1_mrna_XM_039454350.1_22970	5258	5059	11	0.610722
lcl|NC_052673.1_mrna_XM_026133327.2_22971	2961	2762	0	0
lcl|NC_052673.1_mrna_XM_026133320.2_22972	2439	2240	0	0
lcl|NC_052673.1_mrna_XM_026133321.2_22973	2270	2071	0	0
lcl|NC_052673.1_mrna_XM_011157564.3_22974	2399	2200	0	0
lcl|NC_052673.1_mrna_XM_026133322.1_22975	2731	2532	1	0.110931
lcl|NC_052673.1_mrna_XM_039454351.1_22976	8093	7894	0	0
lcl|NC_052673.1_mrna_XM_011157571.3_22977	8008	7809	0	0
lcl|NC_052673.1_mrna_XM_026133324.2_22978	7948	7749	0	0
lcl|NC_052673.1_mrna_XM_011157568.3_22979	8134	7935	0	0
lcl|NC_052673.1_mrna_XM_011157570.3_22980	7821	7622	0	0
lcl|NC_052673.1_mrna_XM_011157567.3_22981	3091	2892	0	0
lcl|NC_052673.1_mrna_XM_039454352.1_22982	2874	2675	0	0
lcl|NC_052673.1_mrna_XM_039454349.1_22983	14922	14723	35.0069	0.667841
lcl|NC_052673.1_mrna_XM_011163300.3_22984	2360	2161	0	0
lcl|NC_052673.1_mrna_XM_039454289.1_22985	1558	1359	0	0
lcl|NC_052673.1_mrna_XM_039454290.1_22986	1580	1381	0	0
lcl|NC_052673.1_miscrna_XR_005575685.1_22987	11115	10916	0	0
lcl|NC_052673.1_mrna_XM_039454287.1_22988	10571	10372	0	0
lcl|NC_052673.1_mrna_XM_039454285.1_22989	10724	10525	13.6599	0.364536
lcl|NC_052673.1_miscrna_XR_005575684.1_22990	10895	10696	0	0
lcl|NC_052673.1_miscrna_XR_005575686.1_22991	10862	10663	0	0
lcl|NC_052673.1_miscrna_XR_005575688.1_22992	10657	10458	0	0
lcl|NC_052673.1_miscrna_XR_005575687.1_22993	10810	10611	0	0
lcl|NC_052673.1_mrna_XM_039454286.1_22994	10505	10306	2.34013	0.0637772
lcl|NC_052673.1_mrna_XM_039454283.1_22995	9208	9009	0	0
lcl|NC_052673.1_mrna_XM_039454284.1_22996	9772	9573	0	0
lcl|NC_052673.1_mrna_XM_011163293.3_22997	2020	1821	1006	155.169
lcl|NC_052673.1_mrna_XM_011163292.3_22998	1257	1058	691	183.446
lcl|NC_052673.1_mrna_XM_011163291.3_22999	1671	1472	2759	526.453
lcl|NC_052673.1_mrna_XM_011163287.3_23000	1957	1758	17.0789	2.7287
lcl|NC_052673.1_mrna_XM_026137120.2_23001	2173	1974	29.5432	4.20364
lcl|NC_052673.1_mrna_XM_026137121.2_23002	2214	2015	37.378	5.21022
lcl|NC_052673.1_mrna_XM_039454036.1_23003	900	701	0	0
lcl|NC_052673.1_mrna_XM_039454037.1_23004	1976	1777	0	0
lcl|NC_052673.1_mrna_XM_011163286.3_23005	2784	2585	0	0
lcl|NC_052673.1_mrna_XM_011163289.3_23006	5892	5693	121	5.9698
lcl|NC_052673.1_miscrna_XR_850800.3_23007	5464	5265	0	0
lcl|NC_052673.1_mrna_XM_026137119.2_23008	3415	3216	0	0
lcl|NC_052673.1_ncrna_XR_850801.3_23009	758	559	11	5.52709
lcl|NC_052673.1_ncrna_XR_003268945.2_23010	1290	1091	3	0.772347
lcl|NC_052673.1_mrna_XM_011163280.3_23011	816	617	0	0
lcl|NC_052673.1_mrna_XM_011163279.3_23012	962	763	7	2.57685
lcl|NC_052673.1_mrna_XM_039454292.1_23013	1056	857	0	0
lcl|NC_052673.1_mrna_XM_011163281.3_23014	1304	1105	345	87.6945
lcl|NC_052673.1_ncrna_XR_005575660.1_23015	787	588	2	0.955363
lcl|NC_052673.1_mrna_XM_039454165.1_23016	1557	1358	955	197.524
lcl|NC_052673.1_mrna_XM_011163272.3_23017	4455	4256	94	6.20357
lcl|NC_052673.1_mrna_XM_011163274.3_23018	3575	3376	80	6.65585
lcl|NC_052673.1_mrna_XM_011163277.3_23019	5937	5738	0	0
lcl|NC_052673.1_mrna_XM_026137115.2_23020	5712	5513	24.9718	1.27227
lcl|NC_052673.1_mrna_XM_026137114.2_23021	5713	5514	0	0
lcl|NC_052673.1_mrna_XM_011163275.3_23022	7278	7079	309.028	12.2615
lcl|NC_052673.1_mrna_XM_039454168.1_23023	3214	3015	0	0
lcl|NC_052673.1_rrna_XR_003268947.2_23024	119	5.00576	0	0
lcl|NC_052673.1_mrna_XM_011163268.3_23025	3251	3052	71.9812	6.62446
lcl|NC_052673.1_mrna_XM_026137125.2_23026	4394	4195	5.38552	0.360588
lcl|NC_052673.1_mrna_XM_039453969.1_23027	5840	5641	0	0
lcl|NC_052673.1_mrna_XM_011163261.3_23028	5200	5001	266.013	14.9404
lcl|NC_052673.1_mrna_XM_026137130.2_23029	5660	5461	0	0
lcl|NC_052673.1_mrna_XM_026137127.2_23030	5702	5503	0.0738794	0.00377085
lcl|NC_052673.1_mrna_XM_011163267.3_23031	5663	5464	0	0
lcl|NC_052673.1_mrna_XM_011163260.3_23032	5705	5506	0	0
lcl|NC_052673.1_mrna_XM_011163264.3_23033	5564	5365	0	0
lcl|NC_052673.1_mrna_XM_011163263.3_23034	5606	5407	3.53545	0.183656
lcl|NC_052673.1_mrna_XM_026137126.2_23035	5732	5533	0	0
lcl|NC_052673.1_mrna_XM_011163258.3_23036	5774	5575	101.009	5.08896
lcl|NC_052673.1_mrna_XM_011163259.3_23037	5735	5536	0	0
lcl|NC_052673.1_mrna_XM_011163257.3_23038	5777	5578	0	0
lcl|NC_052673.1_mrna_XM_011163266.3_23039	2896	2697	0	0
lcl|NC_052673.1_mrna_XM_011163265.3_23040	2899	2700	0	0
lcl|NC_052673.1_mrna_XM_026137128.2_23041	3868	3669	0	0
lcl|NC_052673.1_mrna_XM_039453968.1_23042	3693	3494	4.98383	0.400642
lcl|NC_052673.1_miscrna_XR_005575625.1_23043	2811	2612	0	0
lcl|NC_052673.1_mrna_XM_011163252.3_23044	4275	4076	40	2.7564
lcl|NC_052673.1_mrna_XM_011163254.3_23045	2173	1974	26	3.69949
lcl|NC_052673.1_mrna_XM_039453971.1_23046	1000	801	34	11.9224
lcl|NC_052673.1_mrna_XM_011163255.3_23047	2915	2716	3	0.310247
lcl|NC_052673.1_mrna_XM_026137108.2_23048	2121	1922	13	1.89979
lcl|NC_052673.1_mrna_XM_011163256.3_23049	3496	3297	2	0.170383
lcl|NC_052673.1_mrna_XM_039453970.1_23050	1657	1458	604	116.358
lcl|NC_052673.1_mrna_XM_026137109.2_23051	1035	836	0	0
lcl|NC_052673.1_mrna_XM_039454637.1_23052	1185	986	0	0
lcl|NC_052673.1_mrna_XM_011172842.3_23053	6342	6143	331	15.1343
lcl|NC_052673.1_mrna_XM_026137117.2_23054	2496	2297	0.000174958	2.13938e-05
lcl|NC_052673.1_mrna_XM_039454633.1_23055	2468	2269	38.4957	4.76534
lcl|NC_052673.1_mrna_XM_011172845.3_23056	3405	3206	1109.24	97.1801
lcl|NC_052673.1_mrna_XM_011172846.2_23057	3590	3391	79.265	6.56553
lcl|NC_052673.1_mrna_XM_039454635.1_23058	5364	5165	0.0193714	0.00105343
lcl|NC_052673.1_mrna_XM_011172854.3_23059	5846	5647	272.288	13.5434
lcl|NC_052673.1_mrna_XM_039454634.1_23060	5459	5260	76.0434	4.06061
lcl|NC_052673.1_mrna_XM_026137118.2_23061	5468	5269	0.634717	0.0338351
lcl|NC_052673.1_mrna_XM_039454636.1_23062	5488	5289	0.0141996	0.00075408
lcl|NC_052673.1_mrna_XM_011172850.3_23063	1524	1325	0	0
lcl|NC_052673.1_mrna_XM_011172847.3_23064	1687	1488	21.8231	4.11936
lcl|NC_052673.1_mrna_XM_011172851.3_23065	1447	1248	0	0
lcl|NC_052673.1_mrna_XM_039454638.1_23066	1425	1226	0	0
lcl|NC_052673.1_mrna_XM_011172848.3_23067	1540	1341	10.665	2.23383
lcl|NC_052673.1_mrna_XM_011172852.3_23068	1508	1309	0	0
lcl|NC_052673.1_mrna_XM_039454639.1_23069	1149	950	14.5118	4.29056
lcl|NC_052673.1_mrna_XM_011172855.1_23070	582	383	0	0
lcl|NC_052673.1_mrna_XM_011164488.3_23071	1565	1366	1211	249.006
lcl|NC_052673.1_mrna_XM_011164485.3_23072	5469	5270	330.9	17.6361
lcl|NC_052673.1_mrna_XM_011164484.3_23073	3815	3616	362.072	28.1243
lcl|NC_052673.1_mrna_XM_011164483.3_23074	3899	3700	4978.03	377.895
lcl|NC_052673.1_mrna_XM_011164482.3_23075	4753	4554	585.038	36.0834
lcl|NC_052673.1_mrna_XM_011164481.3_23076	4795	4596	0.00153235	9.3647e-05
lcl|NC_052673.1_mrna_XM_026137412.2_23077	4813	4614	115.727	7.04486
lcl|NC_052673.1_mrna_XM_011164480.3_23078	4816	4617	0.215958	0.0131379
lcl|NC_052673.1_mrna_XM_011164479.3_23079	4852	4653	59.0174	3.56257
lcl|NC_052673.1_mrna_XM_011164478.3_23080	4858	4659	6.52654e-07	3.93465e-08
lcl|NC_052673.1_miscrna_XR_005575641.1_23081	2914	2715	0	0
lcl|NC_052673.1_miscrna_XR_003268990.2_23082	2846	2647	22.7316	2.41208
lcl|NC_052673.1_miscrna_XR_005575640.1_23083	2625	2426	67.2478	7.7858
lcl|NC_052673.1_mrna_XM_011164476.3_23084	5336	5137	252.021	13.7798
lcl|NC_052673.1_mrna_XM_011164469.3_23085	2748	2549	392	43.1948
lcl|NC_052673.1_ncrna_XR_005575642.1_23086	443	244	1	1.15113
lcl|NC_052673.1_mrna_XM_026137414.2_23087	1707	1508	80.8697	15.0626
lcl|NC_052673.1_mrna_XM_026137416.2_23088	1706	1507	209.163	38.9841
lcl|NC_052673.1_mrna_XM_026137413.2_23089	1747	1548	1264.54	229.444
lcl|NC_052673.1_mrna_XM_026137417.2_23090	1660	1461	20.4266	3.927
lcl|NC_052673.1_mrna_XM_026137410.2_23091	8905	8706	28	0.903348
lcl|NC_052673.1_mrna_XM_026137418.2_23092	5920	5721	395	19.3928
lcl|NC_052673.1_mrna_XM_011164467.3_23093	9574	9375	38.5168	1.15397
lcl|NC_052673.1_mrna_XM_039454100.1_23094	7140	6941	132.483	5.36111
lcl|NC_052673.1_mrna_XM_011164465.3_23095	2515	2316	0	0
lcl|NC_052673.1_mrna_XM_011164466.3_23096	2432	2233	1175.59	147.871
lcl|NC_052673.1_mrna_XM_039454101.1_23097	2375	2176	818.411	105.64
lcl|NC_052673.1_mrna_XM_011164463.3_23098	2019	1820	359.725	55.5156
lcl|NC_052673.1_mrna_XM_011164462.2_23099	2092	1893	432.275	64.1395
lcl|NC_052673.1_mrna_XM_026137421.2_23100	1881	1682	0	0
lcl|NC_052673.1_mrna_XM_011164464.3_23101	1721	1522	0	0
lcl|NC_052673.1_mrna_XM_011164458.3_23102	9667	9468	3.88902	0.115371
lcl|NC_052673.1_miscrna_XR_005575643.1_23103	8422	8223	144.468	4.93466
lcl|NC_052673.1_mrna_XM_011164460.3_23104	9613	9414	4.58249e-08	1.36724e-09
lcl|NC_052673.1_mrna_XM_026137419.2_23105	9628	9429	0	0
lcl|NC_052673.1_mrna_XM_011164461.3_23106	9574	9375	48.893	1.46484
lcl|NC_052673.1_mrna_XM_011164456.3_23107	5652	5453	0	0
lcl|NC_052673.1_mrna_XM_039454098.1_23108	5596	5397	0	0
lcl|NC_052673.1_mrna_XM_039454099.1_23109	5331	5132	45.0499	2.4656
lcl|NC_052673.1_mrna_XM_011164457.3_23110	7056	6857	7.95014	0.325654
lcl|NC_052673.1_rrna_XR_003268993.2_23111	119	5.00576	0	0
lcl|NC_052673.1_mrna_XM_039454102.1_23112	3684	3485	231.758	18.6788
lcl|NC_052673.1_mrna_XM_039454104.1_23113	2443	2244	8.62877e-08	1.08005e-08
lcl|NC_052673.1_mrna_XM_039454103.1_23114	2456	2257	374.242	46.5732
lcl|NC_052673.1_mrna_XM_011164454.3_23115	2010	1811	608	94.2976
lcl|NC_052673.1_mrna_XM_039454105.1_23116	14786	14587	10.7799	0.20757
lcl|NC_052673.1_mrna_XM_011164440.3_23117	3477	3278	21.5639	1.84771
lcl|NC_052673.1_mrna_XM_039454112.1_23118	3434	3235	0	0
lcl|NC_052673.1_mrna_XM_039454111.1_23119	3402	3203	0.000948783	8.32004e-05
lcl|NC_052673.1_mrna_XM_039454110.1_23120	3501	3302	1.2959e-06	1.10233e-07
lcl|NC_052673.1_mrna_XM_039454109.1_23121	3597	3398	70.1013	5.79453
lcl|NC_052673.1_mrna_XM_039454106.1_23122	4117	3918	0	0
lcl|NC_052673.1_mrna_XM_039454108.1_23123	3657	3458	66.1	5.36899
lcl|NC_052673.1_mrna_XM_011164443.3_23124	3660	3461	16.5382	1.34215
lcl|NC_052673.1_mrna_XM_011164448.3_23125	3333	3134	267.108	23.9389
lcl|NC_052673.1_mrna_XM_011164438.3_23126	3942	3743	0	0
lcl|NC_052673.1_mrna_XM_011164439.3_23127	3886	3687	0.0248956	0.00189655
lcl|NC_052673.1_mrna_XM_011164441.3_23128	3790	3591	6.03016e-08	4.7166e-09
lcl|NC_052673.1_mrna_XM_011164442.3_23129	3736	3537	15.5626	1.23584
lcl|NC_052673.1_mrna_XM_011164449.3_23130	7501	7302	0	0
lcl|NC_052673.1_mrna_XM_026137423.2_23131	7890	7691	0	0
lcl|NC_052673.1_miscrna_XR_003268992.2_23132	6000	5801	0	0
lcl|NC_052673.1_mrna_XM_011164450.3_23133	3979	3780	3538	262.895
lcl|NC_052673.1_mrna_XM_011164451.3_23134	12970	12771	27	0.59382
lcl|NC_052673.1_mrna_XM_026137409.2_23135	14851	14652	36.481	0.699335
lcl|NC_052673.1_mrna_XM_011164452.3_23136	14919	14720	202.739	3.86853
lcl|NC_052673.1_ncrna_XR_005575644.1_23137	2910	2711	42.6218	4.41589
lcl|NC_052673.1_mrna_XM_039454529.1_23138	9803	9604	0.00774539	0.00022652
lcl|NC_052673.1_mrna_XM_026137435.2_23139	9647	9448	1.90091e-07	5.65117e-09
lcl|NC_052673.1_mrna_XM_026137433.2_23140	9785	9586	0.050841	0.00148968
lcl|NC_052673.1_mrna_XM_026137430.2_23141	9800	9601	0.0105958	0.000309978
lcl|NC_052673.1_mrna_XM_026137434.2_23142	9722	9523	37.8831	1.11734
lcl|NC_052673.1_mrna_XM_026137431.2_23143	9800	9601	0.0105958	0.000309978
lcl|NC_052673.1_mrna_XM_026137432.2_23144	9788	9589	0.037146	0.00108806
lcl|NC_052673.1_mrna_XM_039454533.1_23145	1645	1446	488.786	94.9438
lcl|NC_052673.1_mrna_XM_011164437.3_23146	1699	1500	521.214	97.5978
lcl|NC_052673.1_mrna_XM_039454531.1_23147	7128	6929	143.208	5.80515
lcl|NC_052673.1_mrna_XM_026137437.2_23148	8344	8145	0	0
lcl|NC_052673.1_mrna_XM_011164435.3_23149	7903	7704	2.46427e-08	8.98439e-10
lcl|NC_052673.1_mrna_XM_011164436.3_23150	7850	7651	2.5047e-05	9.19503e-07
lcl|NC_052673.1_mrna_XM_039454532.1_23151	7801	7602	120.792	4.46298
lcl|NC_052673.1_mrna_XM_011164429.3_23152	1217	1018	186.362	51.4193
lcl|NC_052673.1_mrna_XM_011164430.3_23153	1237	1038	154.638	41.844
lcl|NC_052673.1_mrna_XM_011164428.3_23154	2064	1865	3201	482.084
lcl|NC_052673.1_ncrna_XR_005575653.1_23155	2301	2102	21.4606	2.86764
lcl|NC_052673.1_ncrna_XR_850845.3_23156	2141	1942	0	0
lcl|NC_052673.1_mrna_XM_026137438.2_23157	10890	10691	46.6202	1.22482
lcl|NC_052673.1_mrna_XM_039454365.1_23158	15786	15587	1.37979	0.0248638
lcl|NC_052673.1_mrna_XM_026137439.2_23159	15766	15567	5.00146	0.0902418
lcl|NC_052673.1_mrna_XM_026131621.2_23160	5828	5629	175	8.73218
lcl|NC_052673.1_mrna_XM_011164422.3_23161	4504	4305	2.69133	0.175594
lcl|NC_052673.1_mrna_XM_011164420.3_23162	4576	4377	56.9621	3.65532
lcl|NC_052673.1_mrna_XM_011164423.3_23163	3403	3204	0	0
lcl|NC_052673.1_mrna_XM_026131559.2_23164	3033	2834	47.3465	4.6925
lcl|NC_052673.1_ncrna_XR_005575782.1_23165	1609	1410	2	0.398407
lcl|NC_052673.1_mrna_XM_026131575.2_23166	4810	4611	71.2517	4.34026
lcl|NC_052673.1_mrna_XM_011164418.3_23167	4884	4685	0	0
lcl|NC_052673.1_mrna_XM_011164419.3_23168	4869	4670	37.7483	2.27037
lcl|NC_052673.1_mrna_XM_026131588.2_23169	1508	1309	960	205.991
lcl|NC_052673.1_mrna_XM_011164414.3_23170	1647	1448	557.625	108.166
lcl|NC_052673.1_mrna_XM_039454130.1_23171	1497	1298	129.203	27.9585
lcl|NC_052673.1_miscrna_XR_005575655.1_23172	1552	1353	58.1723	12.0763
lcl|NC_052673.1_mrna_XM_011164415.3_23173	1593	1394	363.542	73.2499
lcl|NC_052673.1_mrna_XM_011164417.3_23174	1567	1368	0	0
lcl|NC_052673.1_mrna_XM_039454131.1_23175	1575	1376	0	0
lcl|NC_052673.1_mrna_XM_011164416.3_23176	1645	1446	7.45836	1.44874
lcl|NC_052673.1_mrna_XM_011164412.3_23177	2140	1941	96.2105	13.9224
lcl|NC_052673.1_ncrna_XR_005575656.1_23178	637	438	5.78946	3.71261
lcl|NC_052673.1_mrna_XM_011164411.3_23179	1780	1581	55	9.77117
lcl|NC_052673.1_mrna_XM_011164410.2_23180	1549	1350	2674.26	556.398
lcl|NC_052673.1_mrna_XM_039454177.1_23181	1742	1543	18.7398	3.41125
lcl|NC_052673.1_mrna_XM_011164408.3_23182	1848	1649	3602	613.534
lcl|NC_052673.1_ncrna_XR_005575662.1_23183	775	576	28.8546	14.0705
lcl|NC_052673.1_mrna_XM_011164406.3_23184	837	638	25.2107	11.0989
lcl|NC_052673.1_mrna_XM_011164407.3_23185	674	475	11.9347	7.05722
lcl|NC_052673.1_mrna_XM_039454133.1_23186	3284	3085	0	0
lcl|NC_052673.1_mrna_XM_011164403.3_23187	3423	3224	39.8972	3.47587
lcl|NC_052673.1_mrna_XM_011164402.3_23188	3489	3290	224.103	19.1323
lcl|NC_052673.1_mrna_XM_011164401.3_23189	1769	1570	8	1.43122
lcl|NC_052673.1_mrna_XM_026131606.2_23190	3125	2926	64	6.14358
lcl|NC_052673.1_mrna_XM_039454132.1_23191	2745	2546	0	0
lcl|NC_052673.1_mrna_XM_026131607.2_23192	920	721	185.143	72.1254
lcl|NC_052673.1_mrna_XM_026131608.2_23193	827	628	224.889	100.583
lcl|NC_052673.1_miscrna_XR_003268312.2_23194	989	790	208.967	74.2963
lcl|NC_052673.1_mrna_XM_026131556.2_23195	14763	14564	338.333	6.52498
lcl|NC_052673.1_mrna_XM_026131555.2_23196	14490	14291	0	0
lcl|NC_052673.1_mrna_XM_026131554.2_23197	14544	14345	0	0
lcl|NC_052673.1_mrna_XM_039453972.1_23198	14467	14268	54.6791	1.0764
lcl|NC_052673.1_mrna_XM_039453973.1_23199	15835	15636	0	0
lcl|NC_052673.1_ncrna_XR_005575628.1_23200	908	709	515.632	204.272
lcl|NC_052673.1_ncrna_XR_850844.3_23201	927	728	250.484	96.6418
lcl|NC_052673.1_mrna_XM_011164397.3_23202	2222	2023	802	111.351
lcl|NC_052673.1_mrna_XM_026131558.2_23203	3878	3679	921.274	70.3356
lcl|NC_052673.1_mrna_XM_039454113.1_23204	6120	5921	0	0
lcl|NC_052673.1_mrna_XM_011164394.3_23205	6123	5924	9.51198	0.450995
lcl|NC_052673.1_mrna_XM_026131557.2_23206	6098	5899	7.27877	0.346573
lcl|NC_052673.1_mrna_XM_039454114.1_23207	6110	5911	16.9348	0.804699
lcl|NC_052673.1_mrna_XM_011164392.3_23208	6137	5938	0	0
lcl|NC_052673.1_mrna_XM_039454116.1_23209	14070	13871	49.5064	1.00247
lcl|NC_052673.1_mrna_XM_011164388.3_23210	13861	13662	77.7639	1.59875
lcl|NC_052673.1_miscrna_XR_005575647.1_23211	2965	2766	0	0
lcl|NC_052673.1_miscrna_XR_005575646.1_23212	3103	2904	2.11692	0.20475
lcl|NC_052673.1_mrna_XM_026131566.2_23213	2102	1903	3.61278	0.533234
lcl|NC_052673.1_mrna_XM_011164385.3_23214	6579	6380	51	2.24525
lcl|NC_052673.1_ncrna_XR_850843.3_23215	1366	1167	2	0.481365
lcl|NC_052673.1_mrna_XM_011164384.3_23216	4624	4425	272	17.2652
lcl|NC_052673.1_mrna_XM_011164380.3_23217	3485	3286	111	9.48792
lcl|NC_052673.1_ncrna_XR_005575769.1_23218	2052	1853	32	4.85054
lcl|NC_052673.1_mrna_XM_026131615.2_23219	7896	7697	0	0
lcl|NC_052673.1_mrna_XM_011164371.3_23220	7989	7790	37	1.33407
lcl|NC_052673.1_mrna_XM_011164372.3_23221	1582	1383	1	0.203092
lcl|NC_052673.1_mrna_XM_011164514.3_23222	1961	1762	0	0
lcl|NC_052673.1_mrna_XM_011164373.3_23223	2685	2486	78	8.8127
lcl|NC_052673.1_mrna_XM_026131616.2_23224	1351	1152	40	9.75266
lcl|NC_052673.1_mrna_XM_039454688.1_23225	18823	18624	32.7588	0.494049
lcl|NC_052673.1_mrna_XM_026131613.2_23226	18941	18742	0.0580935	0.000870618
lcl|NC_052673.1_mrna_XM_026131614.2_23227	18890	18691	0.893458	0.0134263
lcl|NC_052673.1_mrna_XM_011164374.3_23228	18911	18712	0.289694	0.00434846
lcl|NC_052673.1_mrna_XM_039454690.1_23229	1456	1257	5.96511	1.3329
lcl|NC_052673.1_mrna_XM_026131620.2_23230	1504	1305	226.848	48.8248
lcl|NC_052673.1_miscrna_XR_850842.3_23231	1815	1616	111.241	19.3349
lcl|NC_052673.1_miscrna_XR_850841.3_23232	1818	1619	162.936	28.2673
lcl|NC_052673.1_mrna_XM_039454689.1_23233	1942	1743	4.28729	0.690878
lcl|NC_052673.1_mrna_XM_011164377.3_23234	1953	1754	476.722	76.3399
lcl|NC_052673.1_mrna_XM_011164378.3_23235	1119	920	16.1404	4.92766
lcl|NC_052673.1_mrna_NM_001304580.1_23236	549	350	0.859649	0.689873
lcl|NC_052673.1_mrna_XM_011164370.3_23237	7086	6887	0	0
lcl|NC_052673.1_mrna_XM_011164362.3_23238	2102	1903	0	0
lcl|NC_052673.1_mrna_XM_026131737.2_23239	2118	1919	0	0
lcl|NC_052673.1_mrna_XM_026131736.2_23240	1717	1518	5	0.925154
lcl|NC_052673.1_mrna_XM_011164363.3_23241	3131	2932	0	0
lcl|NC_052673.1_mrna_XM_039454620.1_23242	1287	1088	5.86307	1.5136
lcl|NC_052673.1_mrna_XM_039454621.1_23243	1290	1091	0.37041	0.0953616
lcl|NC_052673.1_mrna_XM_039454618.1_23244	820	621	0	0
lcl|NC_052673.1_mrna_XM_039454619.1_23245	823	624	19.7643	8.89635
lcl|NC_052673.1_mrna_XM_039454622.1_23246	997	798	0	0
lcl|NC_052673.1_miscrna_XR_003268332.2_23247	5198	4999	0	0
lcl|NC_052673.1_mrna_XM_011164369.3_23248	4942	4743	2.10887	0.124885
lcl|NC_052673.1_mrna_XM_026131734.2_23249	4718	4519	3.22482e-05	2.00437e-06
lcl|NC_052673.1_mrna_XM_026131735.2_23250	4664	4465	5.55963	0.349736
lcl|NC_052673.1_mrna_XM_039454623.1_23251	4824	4625	0	0
lcl|NC_052673.1_mrna_XM_011164367.3_23252	992	793	2.89338	1.02482
lcl|NC_052673.1_mrna_XM_039454616.1_23253	9550	9351	1.44034	0.0432636
lcl|NC_052673.1_miscrna_XR_005575775.1_23254	776	577	0	0
lcl|NC_052673.1_miscrna_XR_005575776.1_23255	779	580	0	0
lcl|NC_052673.1_mrna_XM_011164360.3_23256	4382	4183	252	16.9211
lcl|NC_052673.1_mrna_XM_011164361.3_23257	1086	887	2070	655.485
lcl|NC_052673.1_mrna_XM_011164357.3_23258	2619	2420	358	41.5512
lcl|NC_052673.1_mrna_XM_039454615.1_23259	5865	5666	12	0.594868
lcl|NC_052673.1_mrna_XM_026131694.2_23260	5994	5795	0	0
lcl|NC_052673.1_mrna_XM_039454614.1_23261	5438	5239	0	0
lcl|NC_052673.1_mrna_XM_039454613.1_23262	5202	5003	0	0
lcl|NC_052673.1_mrna_XM_026131695.2_23263	5193	4994	0	0
lcl|NC_052673.1_mrna_XM_011164358.3_23264	5322	5123	0	0
lcl|NC_052673.1_mrna_XM_026131692.2_23265	2111	1912	14	2.05663
lcl|NC_052673.1_mrna_XM_026131693.2_23266	2244	2045	0	0
lcl|NC_052673.1_mrna_XM_039454038.1_23267	713	514	0	0
lcl|NC_052673.1_mrna_XM_039454279.1_23268	2831	2632	426.416	45.5054
lcl|NC_052673.1_mrna_XM_039454278.1_23269	1740	1541	678.584	123.685
lcl|NC_052673.1_mrna_XM_026131657.2_23270	3312	3113	0	0
lcl|NC_052673.1_mrna_XM_039454302.1_23271	2508	2309	0	0
lcl|NC_052673.1_mrna_XM_011164355.3_23272	3165	2966	3	0.284096
lcl|NC_052673.1_mrna_XM_039454301.1_23273	2461	2262	0	0
lcl|NC_052673.1_mrna_XM_039454300.1_23274	2330	2131	0	0
lcl|NC_052673.1_mrna_XM_011164353.1_23275	2043	1844	809	123.226
lcl|NC_052673.1_mrna_XM_026131642.2_23276	2082	1883	0	0
lcl|NC_052673.1_mrna_XM_011164352.3_23277	2012	1813	13	2.01401
lcl|NC_052673.1_ncrna_XR_850838.3_23278	1332	1133	582.346	144.367
lcl|NC_052673.1_mrna_XM_011164347.3_23279	1106	907	275.184	85.2179
lcl|NC_052673.1_mrna_XM_011164348.3_23280	1052	853	460.359	151.587
lcl|NC_052673.1_mrna_XM_039454066.1_23281	2587	2388	10.7419	1.26347
lcl|NC_052673.1_mrna_XM_039454067.1_23282	3083	2884	23.2581	2.26513
lcl|NC_052673.1_mrna_XM_011164351.2_23283	1740	1541	7	1.27588
lcl|NC_052673.1_mrna_XM_011164346.3_23284	1527	1328	49.9854	10.5721
lcl|NC_052673.1_mrna_XM_011164345.3_23285	2189	1990	10.0146	1.4135
lcl|NC_052673.1_mrna_XM_011164341.3_23286	7554	7355	3	0.114566
lcl|NC_052673.1_mrna_XM_011164343.3_23287	1093	894	274.561	86.2615
lcl|NC_052673.1_mrna_XM_039454068.1_23288	1014	815	36.4391	12.5582
lcl|NC_052673.1_mrna_XM_026131604.2_23289	1078	879	26.9194	8.60185
lcl|NC_052673.1_miscrna_XR_850837.3_23290	725	526	125.081	66.7913
lcl|NC_052673.1_mrna_XM_011164340.3_23291	5497	5298	147	7.79329
lcl|NC_052673.1_mrna_XM_011164339.3_23292	1389	1190	3642	859.624
lcl|NC_052673.1_mrna_XM_011164337.3_23293	725	526	413	220.536
lcl|NC_052673.1_mrna_XM_011164338.3_23294	1456	1257	761	170.045
lcl|NC_052673.1_mrna_XM_039454675.1_23295	1299	1100	154.935	39.5616
lcl|NC_052673.1_mrna_XM_011164332.3_23296	1272	1073	252.065	65.9824
lcl|NC_052673.1_mrna_XM_011164336.3_23297	2458	2259	770.908	95.8522
lcl|NC_052673.1_mrna_XM_039454674.1_23298	2653	2454	137.536	15.7419
lcl|NC_052673.1_mrna_XM_026131652.2_23299	1298	1099	62.5562	15.9878
lcl|NC_052673.1_mrna_XM_026131648.2_23300	6307	6108	0	0
lcl|NC_052673.1_mrna_XM_026131649.2_23301	6271	6072	458	21.186
lcl|NC_052673.1_mrna_XM_011164621.3_23302	2768	2569	1013.86	110.849
lcl|NC_052673.1_mrna_XM_011164330.3_23303	3456	3257	118.137	10.1879
lcl|NC_052673.1_mrna_XM_039454164.1_23304	4739	4540	0	0
lcl|NC_052673.1_mrna_XM_039454163.1_23305	4698	4499	0	0
lcl|NC_052673.1_mrna_XM_026131630.2_23306	4818	4619	0	0
lcl|NC_052673.1_mrna_XM_039454162.1_23307	5565	5366	0	0
lcl|NC_052673.1_mrna_XM_011164328.3_23308	5368	5169	0	0
lcl|NC_052673.1_mrna_XM_011164329.3_23309	5332	5133	0	0
lcl|NC_052673.1_mrna_XM_026131629.2_23310	4576	4377	113	7.25133
lcl|NC_052673.1_mrna_XM_011164310.3_23311	769	570	254	125.163
lcl|NC_052673.1_ncrna_XR_003268333.1_23312	162	8.26769	0	0
lcl|NC_052673.1_mrna_XM_011164312.3_23313	3230	3031	0	0
lcl|NC_052673.1_mrna_XM_011164311.3_23314	3261	3062	0	0
lcl|NC_052673.1_mrna_XM_039454129.1_23315	3082	2883	1	0.0974251
lcl|NC_052673.1_mrna_XM_011164314.3_23316	3079	2880	43	4.19365
lcl|NC_052673.1_ncrna_XR_005575654.1_23317	1467	1268	1	0.221512
lcl|NC_052673.1_mrna_XM_026131690.2_23318	3488	3289	0	0
lcl|NC_052673.1_mrna_XM_011164319.3_23319	5347	5148	75.8105	4.13625
lcl|NC_052673.1_mrna_XM_011164317.3_23320	3744	3545	63.5442	5.03472
lcl|NC_052673.1_mrna_XM_011164318.3_23321	3314	3115	518.508	46.7534
lcl|NC_052673.1_mrna_XM_011164316.3_23322	4046	3847	19.1371	1.39724
lcl|NC_052673.1_mrna_XM_039454644.1_23323	8129	7930	98.889	3.5026
lcl|NC_052673.1_mrna_XM_039454643.1_23324	8376	8177	0	0
lcl|NC_052673.1_mrna_XM_039454642.1_23325	8380	8181	0	0
lcl|NC_052673.1_mrna_XM_039454645.1_23326	7972	7773	20.7397	0.749428
lcl|NC_052673.1_mrna_XM_011164320.3_23327	6220	6021	9.33913	0.435666
lcl|NC_052673.1_mrna_XM_011164323.3_23328	5043	4844	55.0322	3.19101
lcl|NC_052673.1_ncrna_XR_005575777.1_23329	1224	1025	0	0
lcl|NC_052673.1_mrna_XM_039454649.1_23330	1649	1450	27.1822	5.26542
lcl|NC_052673.1_mrna_XM_011164325.3_23331	1640	1441	104.952	20.457
lcl|NC_052673.1_mrna_XM_011164326.3_23332	3219	3020	224.866	20.9138
lcl|NC_052673.1_mrna_XM_039454646.1_23333	3270	3071	0	0
lcl|NC_052673.1_mrna_XM_011164327.3_23334	2706	2507	0	0
lcl|NC_052673.1_mrna_XM_039454647.1_23335	2639	2440	0	0
lcl|NC_052673.1_mrna_XM_026131688.2_23336	3230	3031	79	7.32077
lcl|NC_052673.1_mrna_XM_011164309.3_23337	6035	5836	7	0.336898
lcl|NC_052673.1_mrna_XM_039454080.1_23338	8066	7867	0.00092445	3.30058e-05
lcl|NC_052673.1_mrna_XM_011164308.2_23339	8006	7807	1.99908	0.0719218
lcl|NC_052673.1_mrna_XM_011164307.3_23340	1662	1463	500	95.9934
lcl|NC_052673.1_mrna_XM_011164304.3_23341	658	459	38.4852	23.5503
lcl|NC_052673.1_mrna_XM_011164305.3_23342	4266	4067	5.30247	0.366201
lcl|NC_052673.1_mrna_XM_039454082.1_23343	3499	3300	58.5679	4.98496
lcl|NC_052673.1_mrna_XM_039454081.1_23344	3685	3486	243.644	19.6311
lcl|NC_052673.1_miscrna_XR_005575639.1_23345	2978	2779	0	0
lcl|NC_052673.1_mrna_XM_026131599.2_23346	8331	8132	38.6048	1.3334
lcl|NC_052673.1_mrna_XM_026131596.2_23347	8339	8140	14.3988	0.49684
lcl|NC_052673.1_mrna_XM_026131594.2_23348	8444	8245	3.76159e-05	1.28144e-06
lcl|NC_052673.1_mrna_XM_026131598.2_23349	8329	8130	49.4068	1.70691
lcl|NC_052673.1_mrna_XM_026131593.2_23350	8449	8250	2.04783e-05	6.97196e-07
lcl|NC_052673.1_mrna_XM_026131592.2_23351	8452	8253	1.42208e-05	4.83979e-07
lcl|NC_052673.1_mrna_XM_026131595.2_23352	8337	8138	18.4232	0.635862
lcl|NC_052673.1_mrna_XM_026131597.2_23353	8333	8134	30.1664	1.04168
lcl|NC_052673.1_ncrna_XR_005575699.1_23354	7954	7755	0	0
lcl|NC_052673.1_ncrna_XR_005575700.1_23355	1755	1556	0	0
lcl|NC_052673.1_mrna_XM_011164295.3_23356	7688	7489	181.008	6.78873
lcl|NC_052673.1_mrna_XM_011164296.3_23357	7593	7394	37.9924	1.44322
lcl|NC_052673.1_mrna_XM_026131697.2_23358	7976	7777	0	0
lcl|NC_052673.1_mrna_XM_011164294.3_23359	1884	1685	45.6327	7.60662
lcl|NC_052673.1_mrna_XM_039454348.1_23360	1797	1598	126.367	22.2113
lcl|NC_052673.1_mrna_XM_011164291.3_23361	1288	1089	2642.36	681.522
lcl|NC_052673.1_mrna_XM_011164292.3_23362	1267	1068	750.639	197.413
lcl|NC_052673.1_mrna_XM_011164290.3_23363	1685	1486	2016	381.055
lcl|NC_052673.1_mrna_XM_011164287.3_23364	1688	1489	313.887	59.2099
lcl|NC_052673.1_mrna_XM_039454347.1_23365	1538	1339	350.048	73.4281
lcl|NC_052673.1_mrna_XM_026131550.2_23366	1926	1727	82.0654	13.347
lcl|NC_052673.1_mrna_XM_026131546.2_23367	3606	3407	0.604449	0.0498314
lcl|NC_052673.1_mrna_XM_026131548.2_23368	3595	3396	15.4891	1.28107
lcl|NC_052673.1_mrna_XM_026131544.2_23369	3393	3194	7.16423e-07	6.30015e-08
lcl|NC_052673.1_mrna_XM_026131547.2_23370	3382	3183	40.0161	3.53113
lcl|NC_052673.1_mrna_XM_039454346.1_23371	3368	3169	177.89	15.7669
lcl|NC_052673.1_mrna_XM_011164280.3_23372	4623	4424	33.4206	2.12185
lcl|NC_052673.1_mrna_XM_011164278.3_23373	4716	4517	36.0681	2.24279
lcl|NC_052673.1_mrna_XM_039454344.1_23374	4660	4461	521.052	32.8068
lcl|NC_052673.1_mrna_XM_026131543.2_23375	4637	4438	58.5618	3.70632
lcl|NC_052673.1_mrna_XM_039454345.1_23376	4506	4307	17.8978	1.16719
lcl|NC_052673.1_mrna_XM_011164277.3_23377	2149	1950	46.5925	6.71115
lcl|NC_052673.1_ncrna_XR_005575638.1_23378	396	197	0	0
lcl|NC_052673.1_ncrna_XR_005575637.1_23379	563	364	3.4075	2.62936
lcl|NC_052673.1_mrna_XM_026131580.2_23380	6040	5841	0	0
lcl|NC_052673.1_mrna_XM_039454073.1_23381	5950	5751	0	0
lcl|NC_052673.1_mrna_XM_039454074.1_23382	5659	5460	133.635	6.87451
lcl|NC_052673.1_mrna_XM_039454072.1_23383	5942	5743	0	0
lcl|NC_052673.1_mrna_XM_011164274.3_23384	6122	5923	28.3655	1.34513
lcl|NC_052673.1_mrna_XM_011164273.3_23385	575	376	243.67	182.024
lcl|NC_052673.1_mrna_XM_011164272.3_23386	466	267	16.6377	17.5024
lcl|NC_052673.1_mrna_XM_026131583.2_23387	1380	1181	533.16	126.801
lcl|NC_052673.1_mrna_XM_039454076.1_23388	1186	987	9.53293	2.71285
lcl|NC_052673.1_mrna_XM_011164267.3_23389	2242	2043	437.784	60.1876
lcl|NC_052673.1_mrna_XM_039454075.1_23390	2098	1899	31.2162	4.61712
lcl|NC_052673.1_mrna_XM_039454077.1_23391	865	666	37.843	15.9598
lcl|NC_052673.1_mrna_XM_011164269.3_23392	1246	1047	468.473	125.676
lcl|NC_052673.1_mrna_XM_011164270.3_23393	1078	879	51.6836	16.515
lcl|NC_052673.1_mrna_XM_011164265.3_23394	1906	1707	873	143.647
lcl|NC_052673.1_mrna_XM_039454127.1_23395	8705	8506	79.9642	2.6405
lcl|NC_052673.1_mrna_XM_039454126.1_23396	8784	8585	6.03581	0.197475
lcl|NC_052673.1_mrna_XM_011164263.3_23397	2834	2635	159.888	17.0432
lcl|NC_052673.1_mrna_XM_011164262.3_23398	2851	2652	191.758	20.3094
lcl|NC_052673.1_miscrna_XR_850832.3_23399	2030	1831	2.5611	0.392874
lcl|NC_052673.1_mrna_XM_011164261.3_23400	2358	2159	117.771	15.3215
lcl|NC_052673.1_miscrna_XR_850831.3_23401	2048	1849	2.01582	0.306217
lcl|NC_052673.1_mrna_XM_011164259.3_23402	2376	2177	92.9007	11.9861
lcl|NC_052673.1_ncrna_XR_005575652.1_23403	1237	1038	3.10533	0.840285
lcl|NC_052673.1_mrna_XM_011164258.3_23404	2363	2164	277	35.9533
lcl|NC_052673.1_mrna_XM_011164256.3_23405	941	742	2882	1090.95
lcl|NC_052673.1_mrna_XM_011164257.3_23406	1007	808	1963	682.377
lcl|NC_052673.1_ncrna_XR_850830.3_23407	2588	2389	5230.68	614.976
lcl|NC_052673.1_mrna_XM_039454691.1_23408	9549	9350	10	0.300403
lcl|NC_052673.1_mrna_XM_011164253.3_23409	1527	1328	0	0
lcl|NC_052673.1_mrna_XM_026131564.2_23410	369	170	0	0
lcl|NC_052673.1_mrna_XM_026131563.2_23411	1989	1790	95.9651	15.0583
lcl|NC_052673.1_mrna_XM_011164255.3_23412	2005	1806	480.035	74.657
lcl|NC_052673.1_mrna_XM_011164251.3_23413	4570	4371	1	0.0642591
lcl|NC_052673.1_mrna_XM_011164252.3_23414	1743	1544	68	12.3702
lcl|NC_052673.1_mrna_XM_039454669.1_23415	1300	1101	0	0
lcl|NC_052673.1_mrna_XM_011164249.3_23416	1295	1096	49	12.5574
lcl|NC_052673.1_mrna_XM_026131732.2_23417	14370	14171	5.52971	0.109602
lcl|NC_052673.1_mrna_XM_011164248.3_23418	14462	14263	121.486	2.39238
lcl|NC_052673.1_mrna_XM_011164247.3_23419	5087	4888	0	0
lcl|NC_052673.1_mrna_XM_011164244.3_23420	7115	6916	154.249	6.26445
lcl|NC_052673.1_mrna_XM_026131618.2_23421	6808	6609	46.751	1.98688
lcl|NC_052673.1_mrna_XM_011164243.3_23422	9102	8903	269.543	8.50369
lcl|NC_052673.1_mrna_XM_039454671.1_23423	9120	8921	0.000118459	3.72966e-06
lcl|NC_052673.1_mrna_XM_039454670.1_23424	9097	8898	0.00157786	4.98072e-05
lcl|NC_052673.1_mrna_XM_039454672.1_23425	9093	8894	0.00247703	7.82257e-05
lcl|NC_052673.1_mrna_XM_011164236.3_23426	1072	873	645	207.521
lcl|NC_052673.1_mrna_XM_011164237.3_23427	1545	1346	461.674	96.3398
lcl|NC_052673.1_mrna_XM_026131671.2_23428	1038	839	19.0571	6.37985
lcl|NC_052673.1_mrna_XM_026131669.2_23429	1125	926	28.2693	8.57471
lcl|NC_052673.1_mrna_XM_026131670.2_23430	1168	969	0	0
lcl|NC_052673.1_mrna_XM_011164240.3_23431	3375	3176	82	7.25185
lcl|NC_052673.1_mrna_XM_039454666.1_23432	2555	2356	734.828	87.6044
lcl|NC_052673.1_mrna_XM_011164235.3_23433	2771	2572	514.172	56.1505
lcl|NC_052673.1_mrna_XM_026131667.2_23434	2741	2542	13	1.43643
lcl|NC_052673.1_mrna_XM_039454668.1_23435	2819	2620	0	0
lcl|NC_052673.1_mrna_XM_011164234.3_23436	2636	2437	0	0
lcl|NC_052673.1_mrna_XM_039454667.1_23437	2895	2696	0	0
lcl|NC_052673.1_mrna_XM_011164230.3_23438	8141	7942	1.27073	0.0449406
lcl|NC_052673.1_mrna_XM_011164231.3_23439	8099	7900	259.27	9.21811
lcl|NC_052673.1_mrna_XM_011164233.3_23440	5527	5328	31.4588	1.65842
lcl|NC_052673.1_mrna_XM_011161524.3_23441	1916	1717	18	2.94454
lcl|NC_052673.1_mrna_XM_026131730.2_23442	999	800	0	0
lcl|NC_052673.1_mrna_XM_039454665.1_23443	1551	1352	0	0
lcl|NC_052673.1_mrna_XM_026131729.2_23444	1522	1323	0	0
lcl|NC_052673.1_mrna_XM_011164227.3_23445	1370	1171	15	3.59791
lcl|NC_052673.1_mrna_XM_011164223.3_23446	3539	3340	458	38.5154
lcl|NC_052673.1_mrna_XM_011164224.3_23447	1435	1236	0	0
lcl|NC_052673.1_mrna_XM_011164225.3_23448	1181	982	0	0
lcl|NC_052673.1_mrna_XM_039454673.1_23449	1068	869	1	0.323218
lcl|NC_052673.1_mrna_XM_011164222.3_23450	5381	5182	0	0
lcl|NC_052673.1_mrna_XM_011164221.3_23451	7785	7586	9.98156	0.369574
lcl|NC_052673.1_mrna_XM_011164218.3_23452	8244	8045	32.0184	1.11787
lcl|NC_052673.1_ncrna_XR_005575779.1_23453	2626	2427	1	0.11573
lcl|NC_052673.1_mrna_XM_011164217.3_23454	2609	2410	976.47	113.804
lcl|NC_052673.1_mrna_XM_011164216.3_23455	2636	2437	2276.53	262.382
lcl|NC_052673.1_mrna_XM_011164215.3_23456	4262	4063	376.068	25.9977
lcl|NC_052673.1_mrna_XM_026131728.2_23457	1427	1228	31.9323	7.30377
lcl|NC_052673.1_mrna_XM_011164213.3_23458	1069	870	1306	421.638
lcl|NC_052673.1_mrna_XM_011164214.3_23459	1311	1112	592	149.531
lcl|NC_052673.1_mrna_XM_011164210.3_23460	4390	4191	898.069	60.1877
lcl|NC_052673.1_mrna_XM_011164211.3_23461	3889	3690	634.931	48.3299
lcl|NC_052673.1_mrna_XM_011164209.3_23462	2763	2564	10.9106	1.19522
lcl|NC_052673.1_mrna_XM_039454659.1_23463	2528	2329	521.089	62.8432
lcl|NC_052673.1_mrna_XM_011164205.3_23464	4190	3991	0	0
lcl|NC_052673.1_mrna_XM_011164203.3_23465	4354	4155	26.9019	1.81856
lcl|NC_052673.1_mrna_XM_039454662.1_23466	4365	4166	16.7094	1.12657
lcl|NC_052673.1_mrna_XM_039454661.1_23467	4500	4301	0	0
lcl|NC_052673.1_mrna_XM_039454663.1_23468	3894	3695	0	0
lcl|NC_052673.1_mrna_XM_026131727.2_23469	3988	3789	5.38871	0.399462
lcl|NC_052673.1_mrna_XM_039454656.1_23470	30712	30513	0	0
lcl|NC_052673.1_mrna_XM_039454657.1_23471	30049	29850	4.18801	0.0394075
lcl|NC_052673.1_mrna_XM_026131725.2_23472	8791	8592	6.95668e-07	2.27417e-08
lcl|NC_052673.1_mrna_XM_011164208.3_23473	8676	8477	0.51528	0.0170733
lcl|NC_052673.1_mrna_XM_039454658.1_23474	8658	8459	4.34481	0.144267
lcl|NC_052673.1_ncrna_XR_005575674.1_23475	591	392	138.786	99.4435
lcl|NC_052673.1_mrna_XM_011164202.3_23476	1561	1362	385.778	79.5566
lcl|NC_052673.1_mrna_XM_011164201.3_23477	7900	7701	190.094	6.93327
lcl|NC_052673.1_mrna_XM_011164195.2_23478	1406	1207	285.906	66.5321
lcl|NC_052673.1_mrna_XM_039454250.1_23479	3597	3398	517.523	42.7781
lcl|NC_052673.1_mrna_XM_039454251.1_23480	3742	3543	170.63	13.5269
lcl|NC_052673.1_mrna_XM_039454252.1_23481	3680	3481	70.4495	5.68446
lcl|NC_052673.1_mrna_XM_011164196.3_23482	3818	3619	510.398	39.6129
lcl|NC_052673.1_mrna_XM_011164194.3_23483	1277	1078	580	151.121
lcl|NC_052673.1_mrna_XM_011164191.3_23484	9672	9473	0	0
lcl|NC_052673.1_mrna_XM_039454236.1_23485	9669	9470	0	0
lcl|NC_052673.1_mrna_XM_011164192.3_23486	9666	9467	0	0
lcl|NC_052673.1_mrna_XM_011164193.3_23487	9660	9461	0	0
lcl|NC_052673.1_mrna_XM_026131708.2_23488	9654	9455	0	0
lcl|NC_052673.1_mrna_XM_039454237.1_23489	9203	9004	83	2.58916
lcl|NC_052673.1_mrna_XM_026131704.2_23490	4346	4147	0	0
lcl|NC_052673.1_mrna_XM_026131706.2_23491	4677	4478	8.02374	0.503278
lcl|NC_052673.1_mrna_XM_039454258.1_23492	4716	4517	0.00133992	8.33188e-05
lcl|NC_052673.1_mrna_XM_026131707.2_23493	2445	2246	9.97492	1.24743
lcl|NC_052673.1_ncrna_XR_005575675.1_23494	1955	1756	0	0
lcl|NC_052673.1_mrna_XM_039454257.1_23495	2701	2502	4	0.449043
lcl|NC_052673.1_mrna_XM_039454166.1_23496	3753	3554	82.8638	6.54882
lcl|NC_052673.1_mrna_XM_039454256.1_23497	2796	2597	4.05789	0.438878
lcl|NC_052673.1_mrna_XM_026131698.2_23498	2128	1929	4.07833	0.593835
lcl|NC_052673.1_mrna_XM_026131701.2_23499	2329	2130	102	13.4504
lcl|NC_052673.1_mrna_XM_026131623.2_23500	3281	3082	668.975	60.9667
lcl|NC_052673.1_mrna_XM_026131622.2_23501	3287	3088	234.324	21.3135
lcl|NC_052673.1_mrna_XM_011164182.3_23502	2106	1907	2	0.294574
lcl|NC_052673.1_ncrna_XR_003268313.2_23503	1036	837	2	0.671151
lcl|NC_052673.1_ncrna_XR_005575676.1_23504	2413	2214	1.70107	0.215805
lcl|NC_052673.1_mrna_XM_011164184.3_23505	1710	1511	34	6.32019
lcl|NC_052673.1_mrna_XM_011164181.3_23506	2965	2766	688	69.8638
lcl|NC_052673.1_mrna_XM_011164180.3_23507	5778	5579	102	5.13523
lcl|NC_052673.1_mrna_XM_039454255.1_23508	2683	2484	32.7199	3.69978
lcl|NC_052673.1_mrna_XM_011164179.3_23509	2596	2397	924.28	108.306
lcl|NC_052673.1_mrna_XM_011164178.3_23510	1514	1315	214	45.7092
lcl|NC_052673.1_mrna_XM_011164175.3_23511	1355	1156	121.644	29.5563
lcl|NC_052673.1_mrna_XM_026131659.2_23512	6303	6104	410.356	18.8826
lcl|NC_052673.1_mrna_XM_026131658.2_23513	3801	3602	0	0
lcl|NC_052673.1_mrna_XM_039454238.1_23514	3868	3669	0	0
lcl|NC_052673.1_mrna_XM_039454239.1_23515	3798	3599	0	0
lcl|NC_052673.1_mrna_XM_039454260.1_23516	1154	955	21.9073	6.44319
lcl|NC_052673.1_mrna_XM_011164176.3_23517	1805	1606	571.093	99.8796
lcl|NC_052673.1_mrna_XM_011164177.3_23518	2315	2116	234.984	31.1917
lcl|NC_052673.1_mrna_XM_039454248.1_23519	1524	1325	0	0
lcl|NC_052673.1_mrna_XM_039454247.1_23520	1533	1334	0	0
lcl|NC_052673.1_mrna_XM_039454246.1_23521	1541	1342	0	0
lcl|NC_052673.1_mrna_XM_039454245.1_23522	1651	1452	123.794	23.9469
lcl|NC_052673.1_mrna_XM_039454244.1_23523	1660	1461	418.051	80.3701
lcl|NC_052673.1_mrna_XM_039454243.1_23524	1669	1470	249.089	47.594
lcl|NC_052673.1_mrna_XM_039454242.1_23525	4629	4430	7.08253	0.449056
lcl|NC_052673.1_mrna_XM_039454240.1_23526	4155	3956	194	13.774
lcl|NC_052673.1_mrna_XM_039454249.1_23527	1651	1452	0	0
lcl|NC_052673.1_mrna_XM_011164174.3_23528	3911	3712	85.8042	6.49256
lcl|NC_052673.1_miscrna_XR_003268319.2_23529	3759	3560	5.23584	0.413097
lcl|NC_052673.1_miscrna_XR_005575672.1_23530	3882	3683	27.0429	2.06238
lcl|NC_052673.1_mrna_XM_011164173.3_23531	4033	3834	461.917	33.8398
lcl|NC_052673.1_mrna_XM_011164172.3_23532	2586	2387	1955	230.044
lcl|NC_052673.1_mrna_XM_039454253.1_23533	3597	3398	141.124	11.6652
lcl|NC_052673.1_mrna_XM_039454254.1_23534	3648	3449	60.8759	4.95756
lcl|NC_052673.1_mrna_XM_039454259.1_23535	2419	2220	254.927	32.2536
lcl|NC_052673.1_mrna_XM_011164171.3_23536	2245	2046	172.073	23.6223
lcl|NC_052673.1_ncrna_XR_005575673.1_23537	725	526	1.67927	0.896705
lcl|NC_052673.1_ncrna_XR_003268320.2_23538	814	615	45.6265	20.8381
lcl|NC_052673.1_mrna_XM_011164170.3_23539	920	721	896.694	349.321
lcl|NC_052673.1_mrna_XM_011164165.3_23540	7112	6913	0	0
lcl|NC_052673.1_mrna_XM_026131636.2_23541	7103	6904	0	0
lcl|NC_052673.1_mrna_XM_011164166.3_23542	7024	6825	0	0
lcl|NC_052673.1_mrna_XM_039454241.1_23543	7015	6816	0	0
lcl|NC_052673.1_mrna_XM_011164167.3_23544	6938	6739	228.152	9.50923
lcl|NC_052673.1_mrna_XM_011164168.3_23545	6851	6652	37.8476	1.59809
lcl|NC_052673.1_mrna_XM_011164164.3_23546	3983	3784	116.001	8.61047
lcl|NC_052673.1_mrna_XM_026131635.2_23547	4315	4116	28.7999	1.96531
lcl|NC_052673.1_mrna_XM_011164163.3_23548	1213	1014	307	85.0386
lcl|NC_052673.1_mrna_XM_039454263.1_23549	4561	4362	20.321	1.3085
lcl|NC_052673.1_mrna_XM_011164162.3_23550	7326	7127	3.23174	0.127364
lcl|NC_052673.1_mrna_XM_011164161.3_23551	7823	7624	40.1738	1.48005
lcl|NC_052673.1_mrna_XM_011164160.3_23552	7838	7639	5.59448	0.205702
lcl|NC_052673.1_mrna_XM_026131573.2_23553	4201	4002	142.878	10.0278
lcl|NC_052673.1_mrna_XM_011164159.3_23554	876	677	891	369.662
lcl|NC_052673.1_mrna_XM_011164158.3_23555	2056	1857	3.44955	0.521754
lcl|NC_052673.1_mrna_XM_011164151.3_23556	3073	2874	1037	101.346
lcl|NC_052673.1_mrna_XM_026131567.2_23557	11610	11411	3.60493e-06	8.87338e-08
lcl|NC_052673.1_mrna_XM_039454261.1_23558	11432	11233	25.4289	0.635839
lcl|NC_052673.1_mrna_XM_026131569.2_23559	11492	11293	0.121567	0.00302359
lcl|NC_052673.1_mrna_XM_026131568.2_23560	11613	11414	2.76944e-06	6.81506e-08
lcl|NC_052673.1_miscrna_XR_005575677.1_23561	1827	1628	0	0
lcl|NC_052673.1_mrna_XM_026131571.2_23562	3635	3436	47.7294	3.90165
lcl|NC_052673.1_mrna_XM_026131570.2_23563	3634	3435	264.271	21.6092
lcl|NC_052673.1_mrna_XM_039454262.1_23564	6420	6221	0	0
lcl|NC_052673.1_mrna_XM_011164155.3_23565	5687	5488	49.0723	2.51153
lcl|NC_052673.1_ncrna_XR_005575678.1_23566	13576	13377	3	0.062991
lcl|NC_052673.1_mrna_XM_011164150.3_23567	3198	2999	242	22.6649
lcl|NC_052673.1_mrna_XM_011164149.3_23568	3573	3374	872	72.5917
lcl|NC_052673.1_mrna_XM_011164500.3_23569	6785	6586	27.8034	1.18575
lcl|NC_052673.1_mrna_XM_026131673.2_23570	6825	6626	47.3051	2.00527
lcl|NC_052673.1_ncrna_XR_005575679.1_23571	1640	1441	2	0.389836
lcl|NC_052673.1_mrna_XM_011164148.3_23572	2603	2404	1139.63	133.151
lcl|NC_052673.1_mrna_XM_011164147.3_23573	2612	2413	662.37	77.1008
lcl|NC_052673.1_mrna_XM_011164145.3_23574	10053	9854	227.213	6.47645
lcl|NC_052673.1_ncrna_XR_003268310.2_23575	2129	1930	20.8557	3.03517
lcl|NC_052673.1_mrna_XM_026131633.2_23576	2303	2104	162.628	21.7103
lcl|NC_052673.1_mrna_XM_026131634.2_23577	2271	2072	40.7826	5.52842
lcl|NC_052673.1_miscrna_XR_005575767.1_23578	2109	1910	1.31714	0.193693
lcl|NC_052673.1_miscrna_XR_003268318.2_23579	2026	1827	0.228799	0.0351748
lcl|NC_052673.1_mrna_XM_011159781.3_23580	2010	1811	329.57	51.1146
lcl|NC_052673.1_miscrna_XR_003268317.2_23581	2178	1979	0.00268533	0.000381126
lcl|NC_052673.1_miscrna_XR_850664.3_23582	2091	1892	191.471	28.4248
lcl|NC_052673.1_mrna_XM_026131662.2_23583	5596	5397	21.4735	1.11755
lcl|NC_052673.1_mrna_XM_011164143.3_23584	4842	4643	7.53154	0.455618
lcl|NC_052673.1_mrna_XM_011164144.3_23585	3681	3482	0	0
lcl|NC_052673.1_mrna_XM_011164139.3_23586	4793	4594	0	0
lcl|NC_052673.1_mrna_XM_011164140.3_23587	4781	4582	192.582	11.8053
lcl|NC_052673.1_mrna_XM_039454587.1_23588	5049	4850	370.791	21.4735
lcl|NC_052673.1_mrna_XM_039454588.1_23589	6403	6204	32.9789	1.49307
lcl|NC_052673.1_mrna_XM_026131664.2_23590	6314	6115	0	0
lcl|NC_052673.1_mrna_XM_026131665.2_23591	6315	6116	107.755	4.94864
lcl|NC_052673.1_mrna_XM_026131666.2_23592	6225	6026	66.893	3.11794
lcl|NC_052673.1_mrna_XM_026131661.2_23593	8142	7943	34.241	1.21081
lcl|NC_052673.1_mrna_XM_039454583.1_23594	7856	7657	6.75903	0.247937
lcl|NC_052673.1_mrna_XM_039454585.1_23595	3008	2809	159.078	15.9064
lcl|NC_052673.1_mrna_XM_011164138.3_23596	2927	2728	1082.92	111.498
lcl|NC_052673.1_mrna_XM_011164137.3_23597	2969	2770	80	8.11196
lcl|NC_052673.1_mrna_XM_011164136.3_23598	5306	5107	165	9.07473
lcl|NC_052673.1_mrna_XM_026131625.2_23599	4938	4739	122.502	7.26059
lcl|NC_052673.1_mrna_XM_039454584.1_23600	4855	4656	0	0
lcl|NC_052673.1_mrna_XM_039454589.1_23601	957	758	6.49809	2.40786
lcl|NC_052673.1_mrna_XM_026131627.2_23602	803	604	2.11927	0.985521
lcl|NC_052673.1_mrna_XM_039454590.1_23603	753	554	0	0
lcl|NC_052673.1_mrna_XM_026131626.2_23604	1107	908	637.881	197.319
lcl|NC_052673.1_mrna_XM_026131574.2_23605	3989	3790	9	0.66699
lcl|NC_052673.1_mrna_XM_039454420.1_23606	2777	2578	167	18.1949
lcl|NC_052673.1_mrna_XM_011164130.3_23607	4803	4604	287	17.509
lcl|NC_052673.1_mrna_XM_039454418.1_23608	5855	5656	10.1783	0.505454
lcl|NC_052673.1_mrna_XM_011164127.3_23609	1746	1547	1066.33	193.605
lcl|NC_052673.1_mrna_XM_026131551.2_23610	1835	1636	92.6729	15.9106
lcl|NC_052673.1_mrna_XM_039454417.1_23611	5742	5543	8.02507e-08	4.06649e-09
lcl|NC_052673.1_mrna_XM_039454419.1_23612	5541	5342	0	0
lcl|NC_052673.1_mrna_XM_011164128.3_23613	2758	2559	27	2.96353
lcl|NC_052673.1_mrna_XM_026131552.2_23614	6279	6080	6	0.277181
lcl|NC_052673.1_mrna_XM_011164125.3_23615	2816	2617	24.2086	2.59825
lcl|NC_052673.1_mrna_XM_026131645.2_23616	1687	1488	35	6.60664
lcl|NC_052673.1_mrna_XM_011164492.3_23617	2497	2298	0	0
lcl|NC_052673.1_mrna_XM_026131655.2_23618	4363	4164	0	0
lcl|NC_052673.1_mrna_XM_026131656.2_23619	4131	3932	0	0
lcl|NC_052673.1_mrna_XM_026131654.2_23620	4262	4063	0	0
lcl|NC_052673.1_mrna_XM_011164123.3_23621	7078	6879	0.000311322	1.27116e-05
lcl|NC_052673.1_mrna_XM_011164124.3_23622	6991	6792	109	4.50758
lcl|NC_052673.1_mrna_XM_026131682.2_23623	1470	1271	4.45883	0.985351
lcl|NC_052673.1_mrna_XM_026131683.2_23624	1376	1177	0	0
lcl|NC_052673.1_mrna_XM_026131681.2_23625	1406	1207	0	0
lcl|NC_052673.1_mrna_XM_026131678.2_23626	1670	1471	30.3266	5.79064
lcl|NC_052673.1_mrna_XM_026131679.2_23627	1557	1358	0	0
lcl|NC_052673.1_mrna_XM_026131680.2_23628	1403	1204	0	0
lcl|NC_052673.1_mrna_XM_011177951.3_23629	2593	2394	0	0
lcl|NC_052673.1_mrna_XM_011177949.3_23630	3411	3212	7.21456	0.630885
lcl|NC_052673.1_mrna_XM_011164119.3_23631	3746	3547	46	3.64261
lcl|NC_052673.1_mrna_XM_039454702.1_23632	3176	2977	0	0
lcl|NC_052673.1_mrna_XM_011164120.3_23633	3032	2833	21.2214	2.10399
lcl|NC_052673.1_mrna_XM_011164122.3_23634	2444	2245	2323.78	290.733
lcl|NC_052673.1_mrna_XM_011164118.3_23635	1412	1213	803	185.939
lcl|NC_052673.1_mrna_XM_026131676.2_23636	2952	2753	488.911	49.8815
lcl|NC_052673.1_mrna_XM_011164199.3_23637	3260	3061	74.0885	6.79835
lcl|NC_052673.1_mrna_XM_039454224.1_23638	4205	4006	0	0
lcl|NC_052673.1_mrna_XM_039454223.1_23639	4108	3909	4.14728	0.297998
lcl|NC_052673.1_mrna_XM_039454222.1_23640	3631	3432	0	0
lcl|NC_052673.1_mrna_XM_026131610.2_23641	3390	3191	0	0
lcl|NC_052673.1_mrna_XM_039454225.1_23642	4845	4646	1.0306	0.0623055
lcl|NC_052673.1_mrna_XM_039454227.1_23643	11178	10979	58.9104	1.50711
lcl|NC_052673.1_mrna_XM_039454226.1_23644	3666	3467	2.08287	0.168743
lcl|NC_052673.1_mrna_XM_039454221.1_23645	3417	3218	0	0
lcl|NC_052673.1_mrna_XM_011164117.3_23646	1872	1673	418	70.1772
lcl|NC_052673.1_mrna_XM_011164115.3_23647	4092	3893	0	0
lcl|NC_052673.1_mrna_XM_011164116.3_23648	4050	3851	199.469	14.5485
lcl|NC_052673.1_mrna_XM_026131600.2_23649	3824	3625	14.4918	1.12287
lcl|NC_052673.1_mrna_XM_039454229.1_23650	3964	3765	34.0394	2.53941
lcl|NC_052673.1_mrna_XM_039454235.1_23651	1374	1175	1084	259.124
lcl|NC_052673.1_mrna_XM_039454228.1_23652	4627	4428	0	0
lcl|NC_052673.1_mrna_XM_026131718.2_23653	4724	4525	58.8114	3.65055
lcl|NC_052673.1_mrna_XM_026131719.2_23654	4653	4454	161.218	10.1666
lcl|NC_052673.1_ncrna_XR_005575671.1_23655	439	240	1	1.17032
lcl|NC_052673.1_mrna_XM_039454220.1_23656	6542	6343	0.00181491	8.03666e-05
lcl|NC_052673.1_mrna_XM_011162703.3_23657	6551	6352	41.1536	1.81975
lcl|NC_052673.1_miscrna_XR_850769.3_23658	6637	6438	148.845	6.49378
lcl|NC_052673.1_mrna_XM_011162701.3_23659	6566	6367	1.52712e-07	6.73678e-09
lcl|NC_052673.1_miscrna_XR_850768.3_23660	6652	6453	7.38e-07	3.21226e-08
lcl|NC_052673.1_mrna_XM_011162702.3_23661	5993	5794	0	0
lcl|NC_052673.1_miscrna_XR_005575670.1_23662	2553	2354	50.4676	6.02174
lcl|NC_052673.1_mrna_XM_039454234.1_23663	2573	2374	691.532	81.8177
lcl|NC_052673.1_mrna_XM_039454230.1_23664	3183	2984	329.92	31.0546
lcl|NC_052673.1_mrna_XM_011162700.3_23665	2537	2338	25.4825	3.06135
lcl|NC_052673.1_mrna_XM_039454231.1_23666	2583	2384	0	0
lcl|NC_052673.1_ncrna_XR_003268330.2_23667	450	251	1.59748	1.78762
lcl|NC_052673.1_mrna_XM_039454232.1_23668	1942	1743	271.702	43.7836
lcl|NC_052673.1_mrna_XM_039454233.1_23669	1941	1742	188.027	30.3171
lcl|NC_052673.1_mrna_XM_026131724.2_23670	1929	1730	36.2707	5.88878
lcl|NC_052673.1_mrna_XM_011162685.3_23671	1582	1383	336.349	68.3098
lcl|NC_052673.1_mrna_XM_011162687.3_23672	2776	2577	389.214	42.4219
lcl|NC_052673.1_mrna_XM_011162690.3_23673	7607	7408	0	0
lcl|NC_052673.1_mrna_XM_026131711.2_23674	7604	7405	0	0
lcl|NC_052673.1_mrna_XM_011162688.3_23675	7613	7414	0	0
lcl|NC_052673.1_mrna_XM_039454218.1_23676	7544	7345	0	0
lcl|NC_052673.1_mrna_XM_011162695.3_23677	7442	7243	2.71202e-05	1.05169e-06
lcl|NC_052673.1_mrna_XM_026131710.2_23678	7610	7411	0	0
lcl|NC_052673.1_mrna_XM_011162692.3_23679	7586	7387	2.45714e-06	9.34281e-08
lcl|NC_052673.1_mrna_XM_026131712.2_23680	7583	7384	0	0
lcl|NC_052673.1_mrna_XM_011162691.3_23681	7592	7393	0	0
lcl|NC_052673.1_mrna_XM_039454219.1_23682	7496	7297	190	7.31349
lcl|NC_052673.1_mrna_XM_011162689.3_23683	7575	7376	0	0
lcl|NC_052673.1_mrna_XM_026131715.2_23684	7654	7455	0	0
lcl|NC_052673.1_mrna_XM_026131716.2_23685	7651	7452	0	0
lcl|NC_052673.1_mrna_XM_039454039.1_23686	3486	3287	1526.98	130.481
lcl|NC_052673.1_mrna_XM_039454060.1_23687	2806	2607	0	0
lcl|NC_052673.1_ncrna_XR_005575636.1_23688	1421	1222	6	1.3791
lcl|NC_052673.1_mrna_XM_011162682.3_23689	1813	1614	0	0
lcl|NC_052673.1_mrna_XM_011162681.3_23690	1883	1684	0	0
lcl|NC_052673.1_mrna_XM_011162680.3_23691	2989	2790	6.83824	0.688423
lcl|NC_052673.1_mrna_XM_026131602.2_23692	1765	1566	565.162	101.367
lcl|NC_052673.1_mrna_XM_039454059.1_23693	2016	1817	0	0
lcl|NC_052673.1_mrna_XM_011162683.3_23694	624	425	639	422.306
lcl|NC_052673.1_mrna_XM_026131639.2_23695	1378	1179	409.493	97.5547
lcl|NC_052673.1_mrna_XM_026131643.2_23696	1291	1092	21.3013	5.47897
lcl|NC_052673.1_mrna_XM_026131647.2_23697	1314	1115	0	0
lcl|NC_052673.1_mrna_XM_011162679.3_23698	1389	1190	117.125	27.645
lcl|NC_052673.1_mrna_XM_011162678.3_23699	1302	1103	203.347	51.7818
lcl|NC_052673.1_mrna_XM_039454062.1_23700	1338	1139	781.735	192.775
lcl|NC_052673.1_mrna_XM_039454063.1_23701	633	434	208.361	134.847
lcl|NC_052673.1_mrna_XM_039454064.1_23702	518	319	10.6394	9.36788
lcl|NC_052674.1_mrna_XM_011165652.3_23703	2493	2294	4909	601.057
lcl|NC_052674.1_mrna_XM_039454706.1_23704	4537	4338	103.168	6.6799
lcl|NC_052674.1_mrna_XM_011165653.3_23705	5080	4881	3.28036	0.188768
lcl|NC_052674.1_mrna_XM_011165654.3_23706	5072	4873	8.07311	0.465329
lcl|NC_052674.1_mrna_XM_039454705.1_23707	4309	4110	4.47889	0.306086
lcl|NC_052674.1_mrna_XM_011165655.3_23708	4712	4513	0	0
lcl|NC_052674.1_mrna_XM_011165650.3_23709	4916	4717	9	0.535911
lcl|NC_052674.1_mrna_XM_026136289.2_23710	2804	2605	1	0.107822
lcl|NC_052674.1_mrna_XM_011165651.3_23711	2376	2177	0	0
lcl|NC_052674.1_mrna_XM_011165647.3_23712	3548	3349	216	18.1157
lcl|NC_052674.1_mrna_XM_011165648.3_23713	3402	3203	0	0
lcl|NC_052674.1_mrna_XM_011165645.3_23714	3341	3142	222.102	19.8546
lcl|NC_052674.1_mrna_XM_011165646.3_23715	2280	2081	20.8982	2.82067
lcl|NC_052674.1_mrna_XM_026136269.2_23716	2242	2043	525	72.1783
lcl|NC_052674.1_mrna_XM_011165643.3_23717	1134	935	708.828	212.934
lcl|NC_052674.1_mrna_XM_026136290.2_23718	1101	902	3.17209	0.987767
lcl|NC_052674.1_mrna_XM_011165642.3_23719	6351	6152	13.0032	0.593677
lcl|NC_052674.1_ncrna_XR_850897.3_23720	2137	1938	10	1.44931
lcl|NC_052674.1_ncrna_XR_003268828.2_23721	2072	1873	2	0.299922
lcl|NC_052674.1_mrna_XM_011165641.3_23722	3727	3528	3	0.238841
lcl|NC_052674.1_mrna_XM_011165640.3_23723	1018	819	286	98.0839
lcl|NC_052674.1_mrna_XM_011165639.3_23724	1954	1755	187	29.9282
lcl|NC_052674.1_mrna_XM_026136291.2_23725	10207	10008	22	0.617435
lcl|NC_052674.1_mrna_XM_011165637.3_23726	2230	2031	0	0
lcl|NC_052674.1_mrna_XM_011165638.3_23727	2175	1976	2	0.284288
lcl|NC_052674.1_mrna_XM_039454829.1_23728	2001	1802	0	0
lcl|NC_052674.1_mrna_XM_026136270.2_23729	1688	1489	10	1.88634
lcl|NC_052674.1_mrna_XM_011165635.2_23730	2821	2622	0	0
lcl|NC_052674.1_mrna_XM_011165667.3_23731	1696	1497	0	0
lcl|NC_052674.1_mrna_XM_011165634.3_23732	1822	1623	0	0
lcl|NC_052674.1_mrna_XM_039455064.1_23733	1556	1357	0.0116054	0.00240212
lcl|NC_052674.1_mrna_XM_011165633.3_23734	1550	1351	0.988395	0.20549
lcl|NC_052674.1_mrna_XM_011165632.3_23735	1302	1103	1	0.254648
lcl|NC_052674.1_mrna_XM_039455129.1_23736	1407	1208	0	0
lcl|NC_052674.1_mrna_XM_011165631.3_23737	1615	1416	0	0
lcl|NC_052674.1_mrna_XM_039455008.1_23738	1359	1160	0	0
lcl|NC_052674.1_mrna_XM_011165628.3_23739	3172	2973	0	0
lcl|NC_052674.1_mrna_XM_039455052.1_23740	710	511	0	0
lcl|NC_052674.1_mrna_XM_039455007.1_23741	2713	2514	7	0.782075
lcl|NC_052674.1_mrna_XM_011165626.3_23742	1897	1698	0	0
lcl|NC_052674.1_mrna_XM_011165666.2_23743	952	753	0	0
lcl|NC_052674.1_mrna_XM_011165625.2_23744	1114	915	0	0
lcl|NC_052674.1_mrna_XM_011165624.1_23745	864	665	0	0
lcl|NC_052674.1_mrna_XM_011165623.2_23746	1514	1315	1	0.213594
lcl|NC_052674.1_mrna_XM_011165663.3_23747	3034	2835	5	0.495373
lcl|NC_052674.1_mrna_XM_011165621.3_23748	916	717	5	1.95869
lcl|NC_052674.1_mrna_XM_011165622.3_23749	944	745	0	0
lcl|NC_052674.1_mrna_XM_011165620.3_23750	1730	1531	0	0
lcl|NC_052674.1_ncrna_XR_005575846.1_23751	3066	2867	78	7.64157
lcl|NC_052674.1_mrna_XM_026136292.2_23752	951	752	12.5486	4.68698
lcl|NC_052674.1_mrna_XM_026136300.2_23753	2271	2072	70.2373	9.52124
lcl|NC_052674.1_mrna_XM_026136301.2_23754	2212	2013	208.763	29.129
lcl|NC_052674.1_mrna_XM_039455099.1_23755	3620	3421	165.962	13.6261
lcl|NC_052674.1_mrna_XM_026136298.2_23756	2773	2574	0	0
lcl|NC_052674.1_mrna_XM_039455100.1_23757	2617	2418	0	0
lcl|NC_052674.1_mrna_XM_039455101.1_23758	5009	4810	0	0
lcl|NC_052674.1_mrna_XM_011165618.3_23759	3867	3668	10.1917	0.780426
lcl|NC_052674.1_mrna_XM_026136302.2_23760	20752	20553	7.02533	0.096008
lcl|NC_052674.1_ncrna_XR_850896.3_23761	3056	2857	4	0.393247
lcl|NC_052674.1_mrna_XM_039455076.1_23762	1620	1421	1646	325.35
lcl|NC_052674.1_mrna_XM_039455074.1_23763	4360	4161	46.2333	3.12085
lcl|NC_052674.1_mrna_XM_039455075.1_23764	3640	3441	127.767	10.4291
lcl|NC_052674.1_mrna_XM_039455080.1_23765	1600	1401	31.9951	6.41448
lcl|NC_052674.1_mrna_XM_039455079.1_23766	1663	1464	484.111	92.8795
lcl|NC_052674.1_mrna_XM_039455078.1_23767	1148	949	37.1828	11.005
lcl|NC_052674.1_mrna_XM_039455077.1_23768	1190	991	303.633	86.0578
lcl|NC_052674.1_mrna_XM_011165616.3_23769	4491	4292	189	12.3685
lcl|NC_052674.1_ncrna_XR_005575884.1_23770	4321	4122	12	0.817691
lcl|NC_052674.1_ncrna_XR_003268826.2_23771	4595	4396	0	0
lcl|NC_052674.1_ncrna_XR_005575883.1_23772	3813	3614	0	0
lcl|NC_052674.1_ncrna_XR_005575885.1_23773	3812	3613	0	0
lcl|NC_052674.1_mrna_XM_011165610.3_23774	5122	4923	12.9894	0.741099
lcl|NC_052674.1_mrna_XM_039455070.1_23775	3985	3786	93.3299	6.92398
lcl|NC_052674.1_mrna_XM_011165611.2_23776	975	776	33.8365	12.2473
lcl|NC_052674.1_mrna_XM_026136267.2_23777	846	647	239.579	104.006
lcl|NC_052674.1_mrna_XM_026136268.2_23778	730	531	147.509	78.0258
lcl|NC_052674.1_mrna_XM_011165613.3_23779	853	654	578.167	248.308
lcl|NC_052674.1_mrna_XM_039455081.1_23780	1041	842	358.828	119.699
lcl|NC_052674.1_mrna_XM_026136265.2_23781	873	674	6.69312	2.78923
lcl|NC_052674.1_mrna_XM_011165615.3_23782	1457	1258	112.852	25.1967
lcl|NC_052674.1_mrna_XM_011165614.3_23783	1381	1182	583.148	138.573
lcl|NC_052674.1_mrna_XM_026136264.2_23784	2420	2221	329.785	41.706
lcl|NC_052674.1_mrna_XM_011165608.3_23785	2154	1955	127.215	18.2771
lcl|NC_052674.1_miscrna_XR_850892.3_23786	1506	1307	125	26.8627
lcl|NC_052674.1_mrna_XM_011165605.3_23787	1884	1685	0	0
lcl|NC_052674.1_mrna_XM_011165606.3_23788	1736	1537	9.00036	1.64476
lcl|NC_052674.1_ncrna_XR_003268834.2_23789	499	300	17.2904	16.1882
lcl|NC_052674.1_mrna_XM_039455073.1_23790	2951	2752	91.517	9.34047
lcl|NC_052674.1_mrna_XM_011165604.3_23791	2875	2676	884.79	92.8688
lcl|NC_052674.1_mrna_XM_011165603.3_23792	2926	2727	474.403	48.8628
lcl|NC_052674.1_mrna_XM_011165598.3_23793	2584	2385	1058	124.599
lcl|NC_052674.1_mrna_XM_011165600.3_23794	1148	949	321.19	95.0629
lcl|NC_052674.1_mrna_XM_026136303.2_23795	2971	2772	0	0
lcl|NC_052674.1_mrna_XM_011165601.3_23796	2979	2780	0	0
lcl|NC_052674.1_mrna_XM_039455071.1_23797	3076	2877	416.545	40.6666
lcl|NC_052674.1_mrna_XM_039455072.1_23798	2744	2545	18.4554	2.03681
lcl|NC_052674.1_mrna_XM_011165602.3_23799	848	649	127	54.9635
lcl|NC_052674.1_mrna_XM_026136296.2_23800	4451	4252	1.00369	0.0663015
lcl|NC_052674.1_mrna_XM_011165597.3_23801	933	734	0	0
lcl|NC_052674.1_mrna_XM_011165596.3_23802	3446	3247	125	10.8129
lcl|NC_052674.1_ncrna_XR_003268831.2_23803	1830	1631	0	0
lcl|NC_052674.1_mrna_XM_011164342.3_23804	2152	1953	0.0005479	7.8798e-05
lcl|NC_052674.1_mrna_XM_026136286.2_23805	2458	2259	36.2219	4.50371
lcl|NC_052674.1_mrna_XM_039455197.1_23806	2162	1963	91.3598	13.0723
lcl|NC_052674.1_mrna_XM_039455181.1_23807	5410	5211	67.7629	3.65247
lcl|NC_052674.1_mrna_XM_039455184.1_23808	5619	5420	0	0
lcl|NC_052674.1_mrna_XM_039455182.1_23809	5634	5435	0	0
lcl|NC_052674.1_mrna_XM_039455183.1_23810	5622	5423	25.6313	1.32754
lcl|NC_052674.1_mrna_XM_039455186.1_23811	5568	5369	0.00046001	2.40652e-05
lcl|NC_052674.1_mrna_XM_039455180.1_23812	5637	5438	1.60536	0.0829182
lcl|NC_052674.1_mrna_XM_039455194.1_23813	1516	1317	79.7997	17.0189
lcl|NC_052674.1_mrna_XM_039455195.1_23814	1322	1123	50.2266	12.5623
lcl|NC_052674.1_mrna_XM_039455196.1_23815	1254	1055	13.9737	3.72028
lcl|NC_052674.1_mrna_XM_039455187.1_23816	4277	4078	0	0
lcl|NC_052674.1_mrna_XM_039455188.1_23817	4253	4054	0	0
lcl|NC_052674.1_mrna_XM_039455189.1_23818	4085	3886	21.7871	1.57475
lcl|NC_052674.1_mrna_XM_026136278.2_23819	4226	4027	0	0
lcl|NC_052674.1_mrna_XM_026136279.2_23820	4202	4003	0	0
lcl|NC_052674.1_mrna_XM_026136280.2_23821	4359	4160	4.21288	0.284447
lcl|NC_052674.1_mrna_XM_039455191.1_23822	3209	3010	0	0
lcl|NC_052674.1_mrna_XM_039455190.1_23823	3277	3078	4.80824	0.438766
lcl|NC_052674.1_mrna_XM_039455193.1_23824	4295	4096	689.192	47.2602
lcl|NC_052674.1_miscrna_XR_005575910.1_23825	832	633	25	11.0931
lcl|NC_052674.1_mrna_XM_039454973.1_23826	1665	1466	246.289	47.1874
lcl|NC_052674.1_mrna_XM_039454969.1_23827	1826	1627	16.152	2.78839
lcl|NC_052674.1_mrna_XM_039454970.1_23828	1737	1538	28.0037	5.11417
lcl|NC_052674.1_mrna_XM_039454971.1_23829	1663	1464	23.2361	4.45797
lcl|NC_052674.1_mrna_XM_039454972.1_23830	1692	1493	10.0569	1.892
lcl|NC_052674.1_mrna_XM_039454974.1_23831	1791	1592	11.5925	2.04526
lcl|NC_052674.1_mrna_XM_039454975.1_23832	1819	1620	0	0
lcl|NC_052674.1_mrna_XM_039455227.1_23833	2453	2254	0	0
lcl|NC_052674.1_mrna_XM_039455228.1_23834	281	82.002	0	0
lcl|NC_052674.1_mrna_XM_011163124.3_23835	1257	1058	1692	449.19
lcl|NC_052674.1_mrna_XM_011163123.3_23836	2190	1991	7	0.987512
lcl|NC_052674.1_mrna_XM_011163126.3_23837	2482	2283	258.095	31.7533
lcl|NC_052674.1_mrna_XM_011163125.3_23838	2491	2292	19.905	2.43929
lcl|NC_052674.1_mrna_XM_011163127.3_23839	1698	1499	367	68.767
lcl|NC_052674.1_mrna_XM_026130773.2_23840	3111	2912	536	51.6998
lcl|NC_052674.1_mrna_XM_039454780.1_23841	9625	9426	4	0.119192
lcl|NC_052674.1_mrna_XM_011163128.3_23842	1932	1733	191	30.9564
lcl|NC_052674.1_mrna_XM_039455004.1_23843	1314	1115	16.778	4.2265
lcl|NC_052674.1_mrna_XM_039455005.1_23844	1634	1435	1	0.195733
lcl|NC_052674.1_mrna_XM_011163130.3_23845	1914	1715	3.22199	0.527686
lcl|NC_052674.1_mrna_XM_011163131.3_23846	1344	1145	1	0.245307
lcl|NC_052674.1_mrna_XM_039455006.1_23847	1448	1249	0	0
lcl|NC_052674.1_mrna_XM_011163132.3_23848	1637	1438	0	0
lcl|NC_052674.1_mrna_XM_011163133.3_23849	1800	1601	209	36.6666
lcl|NC_052674.1_mrna_XM_026130755.2_23850	9078	8879	75.8595	2.39973
lcl|NC_052674.1_mrna_XM_026130754.2_23851	9242	9043	55.1405	1.71267
lcl|NC_052674.1_mrna_XM_026130756.2_23852	3742	3543	1	0.0792765
lcl|NC_052674.1_mrna_XM_026130796.2_23853	1086	887	44.9334	14.2286
lcl|NC_052674.1_mrna_XM_026130795.2_23854	1097	898	9.59575	3.00136
lcl|NC_052674.1_mrna_XM_011163135.3_23855	1222	1023	68.2852	18.7485
lcl|NC_052674.1_mrna_XM_039454756.1_23856	1438	1239	0	0
lcl|NC_052674.1_mrna_XM_011163138.3_23857	1208	1009	153.794	42.8118
lcl|NC_052674.1_mrna_XM_026130797.2_23858	929	730	13.3918	5.15267
lcl|NC_052674.1_mrna_XM_026130793.2_23859	6805	6606	471.319	20.0397
lcl|NC_052674.1_mrna_XM_026130794.2_23860	6802	6603	16.3658	0.696164
lcl|NC_052674.1_mrna_XM_039454774.1_23861	8249	8050	2.85326	0.0995547
lcl|NC_052674.1_mrna_XM_039454775.1_23862	8246	8047	4.14674	0.14474
lcl|NC_052674.1_mrna_XM_039454776.1_23863	3729	3530	21	1.67094
lcl|NC_052674.1_mrna_XM_026130822.2_23864	3820	3621	0	0
lcl|NC_052674.1_mrna_XM_011163144.3_23865	3658	3459	47.0141	3.81762
lcl|NC_052674.1_mrna_XM_011163143.3_23866	3755	3556	1138.71	89.9428
lcl|NC_052674.1_miscrna_XR_005575818.1_23867	3814	3615	0	0
lcl|NC_052674.1_miscrna_XR_005575817.1_23868	3817	3618	0	0
lcl|NC_052674.1_mrna_XM_011163141.3_23869	3770	3571	717.758	56.4552
lcl|NC_052674.1_miscrna_XR_005575816.1_23870	3829	3630	0	0
lcl|NC_052674.1_miscrna_XR_005575815.1_23871	3832	3633	0	0
lcl|NC_052674.1_mrna_XM_011163142.3_23872	3869	3670	70.1492	5.36874
lcl|NC_052674.1_mrna_XM_026130777.2_23873	3735	3536	133.37	10.594
lcl|NC_052674.1_ncrna_XR_005575908.1_23874	4606	4407	6.83995	0.435939
lcl|NC_052674.1_mrna_XM_011163149.3_23875	3652	3453	0.00335341	0.000272776
lcl|NC_052674.1_mrna_XM_039455321.1_23876	4176	3977	8.47492	0.598543
lcl|NC_052674.1_mrna_XM_039455322.1_23877	3931	3732	21.5217	1.61976
lcl|NC_052674.1_mrna_XM_039455320.1_23878	3934	3735	0	0
lcl|NC_052674.1_mrna_XM_026130769.2_23879	6396	6197	0.000355685	1.61213e-05
lcl|NC_052674.1_mrna_XM_011163147.3_23880	6727	6528	0	0
lcl|NC_052674.1_mrna_XM_011163145.3_23881	6858	6659	12.9996	0.548325
lcl|NC_052674.1_mrna_XM_039455318.1_23882	5811	5612	0	0
lcl|NC_052674.1_ncrna_XR_005575927.1_23883	8584	8385	1	0.0334975
lcl|NC_052674.1_ncrna_XR_005575814.1_23884	10093	9894	6	0.170332
lcl|NC_052674.1_mrna_XM_011163153.3_23885	1574	1375	11.8324	2.41704
lcl|NC_052674.1_mrna_XM_011163152.3_23886	1977	1778	22.0097	3.47694
lcl|NC_052674.1_mrna_XM_026130821.2_23887	1617	1418	142.767	28.2791
lcl|NC_052674.1_mrna_XM_011163151.3_23888	948	749	1.39148	0.521807
lcl|NC_052674.1_mrna_XM_039455174.1_23889	414	215	0	0
lcl|NC_052674.1_mrna_XM_011163154.3_23890	1465	1266	1	0.221862
lcl|NC_052674.1_mrna_XM_039454764.1_23891	2505	2306	0.00885612	0.0010787
lcl|NC_052674.1_mrna_XM_039454763.1_23892	2804	2605	263.991	28.4641
lcl|NC_052674.1_mrna_XM_039454767.1_23893	1949	1750	46.8861	7.52527
lcl|NC_052674.1_mrna_XM_039454766.1_23894	2450	2251	23.8632	2.97762
lcl|NC_052674.1_mrna_XM_011159958.3_23895	1673	1474	3.25064	0.619423
lcl|NC_052674.1_mrna_XM_011163155.3_23896	1409	1210	11	2.55342
lcl|NC_052674.1_mrna_XM_011163157.3_23897	1848	1649	73	12.4342
lcl|NC_052674.1_mrna_XM_026130789.2_23898	1983	1784	0	0
lcl|NC_052674.1_mrna_XM_039454769.1_23899	1828	1629	3.93087e-06	6.77772e-07
lcl|NC_052674.1_mrna_XM_039454760.1_23900	9552	9353	26.1257	0.784572
lcl|NC_052674.1_mrna_XM_039454761.1_23901	6330	6131	53.8743	2.46812
lcl|NC_052674.1_mrna_XM_011163159.3_23902	1914	1715	126	20.6358
lcl|NC_052674.1_mrna_XM_011163160.3_23903	3223	3024	130.176	12.0911
lcl|NC_052674.1_mrna_XM_011163161.3_23904	1488	1289	455.824	99.3252
lcl|NC_052674.1_mrna_XM_011163165.3_23905	1255	1056	38.3204	10.1925
lcl|NC_052674.1_mrna_XM_011163169.3_23906	686	487	446	257.23
lcl|NC_052674.1_mrna_XM_011163166.3_23907	888	689	201.626	82.1946
lcl|NC_052674.1_mrna_XM_011163168.3_23908	1238	1039	126.065	34.0795
lcl|NC_052674.1_mrna_XM_026130791.2_23909	896	697	55.5687	22.393
lcl|NC_052674.1_mrna_XM_011163164.3_23910	1328	1129	285.73	71.085
lcl|NC_052674.1_mrna_XM_011163163.3_23911	718	519	309.167	167.318
lcl|NC_052674.1_mrna_XM_011163174.3_23912	3606	3407	97.2037	8.01358
lcl|NC_052674.1_mrna_XM_039455155.1_23913	4122	3923	0	0
lcl|NC_052674.1_mrna_XM_026130787.2_23914	3212	3013	0	0
lcl|NC_052674.1_mrna_XM_026130785.2_23915	3216	3017	130.496	12.1489
lcl|NC_052674.1_mrna_XM_026130786.2_23916	2785	2586	513.666	55.7916
lcl|NC_052674.1_mrna_XM_039455154.1_23917	2924	2725	109.744	11.3118
lcl|NC_052674.1_mrna_XM_011163176.3_23918	3109	2910	59.3943	5.73281
lcl|NC_052674.1_mrna_XM_039455156.1_23919	4005	3806	8.49554	0.626957
lcl|NC_052674.1_mrna_XM_011163178.3_23920	1645	1446	0	0
lcl|NC_052674.1_mrna_XM_039455152.1_23921	6098	5899	0.295817	0.0140851
lcl|NC_052674.1_mrna_XM_039455153.1_23922	6085	5886	2.70418	0.129042
lcl|NC_052674.1_mrna_XM_011163170.3_23923	8103	7904	25.0376	0.889736
lcl|NC_052674.1_mrna_XM_011163181.3_23924	4701	4502	0	0
lcl|NC_052674.1_miscrna_XR_005575837.1_23925	3041	2842	0	0
lcl|NC_052674.1_mrna_XM_039454911.1_23926	3157	2958	0	0
lcl|NC_052674.1_mrna_XM_011163180.3_23927	4235	4036	33	2.29656
lcl|NC_052674.1_mrna_XM_011163182.3_23928	1103	904	0	0
lcl|NC_052674.1_mrna_XM_011163183.3_23929	1764	1565	91	16.3321
lcl|NC_052674.1_mrna_XM_039455126.1_23930	2589	2390	9.7666	1.14779
lcl|NC_052674.1_mrna_XM_039455127.1_23931	1212	1013	5.2334	1.45108
lcl|NC_052674.1_mrna_XM_039455245.1_23932	1748	1549	0	0
lcl|NC_052674.1_mrna_XM_039455246.1_23933	1994	1795	0	0
lcl|NC_052674.1_mrna_XM_026130860.2_23934	1993	1794	0	0
lcl|NC_052674.1_mrna_XM_011159637.3_23935	386	187	28	42.0564
lcl|NC_052674.1_mrna_XM_039454848.1_23936	4006	3807	49.1107	3.62334
lcl|NC_052674.1_mrna_XM_011159643.3_23937	3810	3611	2.55663e-06	1.98864e-07
lcl|NC_052674.1_mrna_XM_011159640.3_23938	3793	3594	405.889	31.7209
lcl|NC_052674.1_mrna_XM_039454847.1_23939	3477	3278	0	0
lcl|NC_052674.1_mrna_XM_011159638.2_23940	783	584	222	106.772
lcl|NC_052674.1_ncrna_XR_005575825.1_23941	2066	1867	7	1.0531
lcl|NC_052674.1_ncrna_XR_005575826.1_23942	999	800	0	0
lcl|NC_052674.1_mrna_XM_039454863.1_23943	3617	3418	0	0
lcl|NC_052674.1_mrna_XM_039454857.1_23944	5136	4937	1.0511e-08	5.97995e-10
lcl|NC_052674.1_mrna_XM_026130825.2_23945	5129	4930	0	0
lcl|NC_052674.1_mrna_XM_039454859.1_23946	5084	4885	0	0
lcl|NC_052674.1_mrna_XM_039454861.1_23947	9077	8878	0	0
lcl|NC_052674.1_mrna_XM_026130824.2_23948	3593	3394	0	0
lcl|NC_052674.1_mrna_XM_026130826.2_23949	3584	3385	0	0
lcl|NC_052674.1_mrna_XM_039454866.1_23950	5206	5007	0	0
lcl|NC_052674.1_mrna_XM_039454856.1_23951	5152	4953	0	0
lcl|NC_052674.1_mrna_XM_039454858.1_23952	9100	8901	0.0855087	0.00269828
lcl|NC_052674.1_mrna_XM_039454860.1_23953	9091	8892	0.235871	0.0074506
lcl|NC_052674.1_mrna_XM_011159644.3_23954	3600	3401	0	0
lcl|NC_052674.1_mrna_XM_026130823.2_23955	9053	8854	17.3058	0.548994
lcl|NC_052674.1_mrna_XM_039454865.1_23956	5973	5774	0	0
lcl|NC_052674.1_mrna_XM_039454867.1_23957	5919	5720	0	0
lcl|NC_052674.1_mrna_XM_039454864.1_23958	5863	5664	0	0
lcl|NC_052674.1_mrna_XM_011159646.3_23959	4549	4350	0.388076	0.0250578
lcl|NC_052674.1_mrna_XM_011159648.3_23960	8750	8551	2.03547	0.0668595
lcl|NC_052674.1_mrna_XM_039454868.1_23961	5307	5108	0	0
lcl|NC_052674.1_mrna_XM_039454862.1_23962	6832	6633	0	0
lcl|NC_052674.1_mrna_XM_039455175.1_23963	4986	4787	158.681	9.31061
lcl|NC_052674.1_mrna_XM_011159652.3_23964	1958	1759	2143.32	342.245
lcl|NC_052674.1_ncrna_XR_850657.3_23965	935	736	18	6.86927
lcl|NC_052674.1_mrna_XM_011159655.3_23966	4216	4017	0	0
lcl|NC_052674.1_mrna_XM_039454872.1_23967	4466	4267	0	0
lcl|NC_052674.1_mrna_XM_039454871.1_23968	4178	3979	3.51446e-05	2.48085e-06
lcl|NC_052674.1_mrna_XM_039454874.1_23969	4122	3923	52.4755	3.75711
lcl|NC_052674.1_mrna_XM_039454873.1_23970	5676	5477	3.52445	0.180744
lcl|NC_052674.1_ncrna_XR_003268244.2_23971	579	380	0	0
lcl|NC_052674.1_mrna_XM_011159656.3_23972	1246	1047	2	0.536536
lcl|NC_052674.1_mrna_XM_039454875.1_23973	5805	5606	22.3177	1.11818
lcl|NC_052674.1_mrna_XM_026130854.2_23974	8292	8093	1.38983	0.0482356
lcl|NC_052674.1_mrna_XM_026130853.2_23975	8304	8105	0.31445	0.0108972
lcl|NC_052674.1_mrna_XM_026130852.2_23976	8352	8153	0	0
lcl|NC_052674.1_mrna_XM_026130850.2_23977	8364	8165	0	0
lcl|NC_052674.1_mrna_XM_026130848.2_23978	1329	1130	0	0
lcl|NC_052674.1_mrna_XM_026130847.2_23979	1636	1437	173.807	33.9724
lcl|NC_052674.1_mrna_XM_026130849.2_23980	1907	1708	195.193	32.099
lcl|NC_052674.1_mrna_XM_026130799.2_23981	3678	3479	19	1.53396
lcl|NC_052674.1_miscrna_XR_005575904.1_23982	2273	2074	0.776749	0.105193
lcl|NC_052674.1_mrna_XM_011159660.3_23983	4016	3817	6.56033e-06	4.82747e-07
lcl|NC_052674.1_mrna_XM_026130800.2_23984	3980	3781	0.0880552	0.0065413
lcl|NC_052674.1_mrna_XM_026130801.2_23985	3968	3769	2.13519	0.15912
lcl|NC_052674.1_mrna_XM_039455123.1_23986	1615	1416	168.279	33.3797
lcl|NC_052674.1_mrna_XM_039455122.1_23987	4143	3944	0	0
lcl|NC_052674.1_mrna_XM_039455125.1_23988	2479	2280	359.618	44.3019
lcl|NC_052674.1_mrna_XM_026130803.2_23989	3938	3739	357.329	26.8429
lcl|NC_052674.1_ncrna_XR_005575905.1_23990	5661	5462	5	0.257119
lcl|NC_052674.1_mrna_XM_039455124.1_23991	8224	8025	457.773	16.0222
lcl|NC_052674.1_mrna_XM_011159663.3_23992	1036	837	1932	648.332
lcl|NC_052674.1_mrna_XM_011159664.3_23993	1059	860	748	244.297
lcl|NC_052674.1_mrna_XM_011159668.3_23994	2321	2122	246.275	32.598
lcl|NC_052674.1_mrna_XM_011159667.3_23995	1982	1783	577.725	91.0093
lcl|NC_052674.1_mrna_XM_011159665.3_23996	2207	2008	424	59.3086
lcl|NC_052674.1_mrna_XM_011159672.3_23997	3761	3562	1064	83.9003
lcl|NC_052674.1_mrna_XM_026130833.2_23998	1258	1059	14.5728	3.86512
lcl|NC_052674.1_mrna_XM_039454976.1_23999	1409	1210	8.0838	1.87649
lcl|NC_052674.1_mrna_XM_039454977.1_24000	1312	1113	11.3434	2.86262
lcl|NC_052674.1_mrna_XM_026130834.2_24001	1174	975	0	0
lcl|NC_052674.1_mrna_XM_011159670.3_24002	1219	1020	825	227.18
lcl|NC_052674.1_mrna_XM_011159669.3_24003	1613	1414	26	5.16464
lcl|NC_052674.1_trna_24004	73	3.5471	0	0
lcl|NC_052674.1_mrna_XM_026130835.2_24005	1849	1650	1356	230.83
lcl|NC_052674.1_mrna_XM_011159674.3_24006	4532	4333	896.607	58.1205
lcl|NC_052674.1_mrna_XM_039454999.1_24007	1746	1547	1062.39	192.89
lcl|NC_052674.1_mrna_XM_011159675.3_24008	1210	1011	593	164.748
lcl|NC_052674.1_trna_24009	73	3.5471	0	0
lcl|NC_052674.1_mrna_XM_011159676.3_24010	683	484	402	233.29
lcl|NC_052674.1_mrna_XM_026130764.2_24011	3385	3186	0	0
lcl|NC_052674.1_mrna_XM_026130765.2_24012	1831	1632	157.854	27.1676
lcl|NC_052674.1_mrna_XM_026130766.2_24013	3616	3417	778.146	63.9635
lcl|NC_052674.1_mrna_XM_039454978.1_24014	8200	8001	0	0
lcl|NC_052674.1_mrna_XM_039454983.1_24015	7948	7749	0	0
lcl|NC_052674.1_mrna_XM_039454980.1_24016	8014	7815	0	0
lcl|NC_052674.1_mrna_XM_039454979.1_24017	8028	7829	30.8887	1.10818
lcl|NC_052674.1_mrna_XM_039454984.1_24018	7932	7733	49.1113	1.78381
lcl|NC_052674.1_mrna_XM_039454985.1_24019	7905	7706	5.16146e-07	1.8813e-08
lcl|NC_052674.1_mrna_XM_039454981.1_24020	6204	6005	0	0
lcl|NC_052674.1_mrna_XM_039454982.1_24021	6185	5986	0	0
lcl|NC_052674.1_mrna_XM_039454987.1_24022	6245	6046	0	0
lcl|NC_052674.1_mrna_XM_039454986.1_24023	6263	6064	0	0
lcl|NC_052674.1_mrna_XM_039455002.1_24024	1091	892	11.2875	3.55426
lcl|NC_052674.1_mrna_XM_039455001.1_24025	904	705	2.22694	0.887229
lcl|NC_052674.1_mrna_XM_011159678.3_24026	2004	1805	499.486	77.7251
lcl|NC_052674.1_ncrna_XR_005575857.1_24027	1469	1270	1.77985	0.393636
lcl|NC_052674.1_mrna_XM_026130873.2_24028	11094	10895	4	0.103121
lcl|NC_052674.1_ncrna_XR_005575856.1_24029	2136	1937	4.24731	0.615886
lcl|NC_052674.1_mrna_XM_026130872.2_24030	3062	2863	0	0
lcl|NC_052674.1_mrna_XM_011159682.3_24031	4083	3884	1122.75	81.1931
lcl|NC_052674.1_mrna_XM_011159680.3_24032	2836	2637	498.721	53.1207
lcl|NC_052674.1_mrna_XM_039454988.1_24033	1946	1747	8	1.28621
lcl|NC_052674.1_mrna_XM_011159695.3_24034	2139	1940	0	0
lcl|NC_052674.1_miscrna_XR_005575852.1_24035	2188	1989	0	0
lcl|NC_052674.1_mrna_XM_011159694.3_24036	2170	1971	0	0
lcl|NC_052674.1_mrna_XM_026130881.2_24037	1782	1583	7.32413	1.29954
lcl|NC_052674.1_mrna_XM_026130880.2_24038	1800	1601	13.6759	2.39927
lcl|NC_052674.1_mrna_XM_026130876.2_24039	3527	3328	16	1.35037
lcl|NC_052674.1_mrna_XM_011159689.3_24040	3279	3080	110	10.0313
lcl|NC_052674.1_mrna_XM_039454989.1_24041	2949	2750	1.43123e-06	1.46182e-07
lcl|NC_052674.1_mrna_XM_039454990.1_24042	2226	2027	0	0
lcl|NC_052674.1_mrna_XM_011159687.3_24043	2908	2709	5	0.518414
lcl|NC_052674.1_miscrna_XR_005575853.1_24044	2281	2082	0	0
lcl|NC_052674.1_mrna_XM_039454991.1_24045	2137	1938	23.9185	3.46654
lcl|NC_052674.1_mrna_XM_026130877.2_24046	2221	2022	0	0
lcl|NC_052674.1_miscrna_XR_005575854.1_24047	2680	2481	0	0
lcl|NC_052674.1_mrna_XM_039454992.1_24048	2802	2603	0	0
lcl|NC_052674.1_mrna_XM_039454993.1_24049	2761	2562	0	0
lcl|NC_052674.1_mrna_XM_011159684.3_24050	2748	2549	0	0
lcl|NC_052674.1_mrna_XM_039454994.1_24051	2715	2516	0	0
lcl|NC_052674.1_mrna_XM_039454996.1_24052	2707	2508	0	0
lcl|NC_052674.1_mrna_XM_026130878.2_24053	2264	2065	0	0
lcl|NC_052674.1_mrna_XM_039454997.1_24054	2183	1984	0	0
lcl|NC_052674.1_mrna_XM_026130879.2_24055	2100	1901	2.08149	0.307544
lcl|NC_052674.1_mrna_XM_011159683.3_24056	4570	4371	0	0
lcl|NC_052674.1_mrna_XM_039455003.1_24057	4424	4225	0	0
lcl|NC_052674.1_mrna_XM_011159696.3_24058	4972	4773	3	0.176541
lcl|NC_052674.1_mrna_XM_011159697.3_24059	2279	2080	350	47.2629
lcl|NC_052674.1_mrna_XM_011159698.3_24060	2015	1816	1364	210.967
lcl|NC_052674.1_mrna_XM_011159699.3_24061	1714	1515	654.205	121.288
lcl|NC_052674.1_mrna_XM_026130870.2_24062	1626	1427	381.795	75.1489
lcl|NC_052674.1_mrna_XM_039454707.1_24063	9685	9486	145.506	4.30836
lcl|NC_052674.1_mrna_XM_039454711.1_24064	8288	8089	0	0
lcl|NC_052674.1_mrna_XM_026130866.2_24065	8291	8092	0	0
lcl|NC_052674.1_mrna_XM_026130863.2_24066	8372	8173	0	0
lcl|NC_052674.1_mrna_XM_039454708.1_24067	8417	8218	0	0
lcl|NC_052674.1_mrna_XM_039454713.1_24068	8243	8044	0	0
lcl|NC_052674.1_mrna_XM_039454712.1_24069	8261	8062	0	0
lcl|NC_052674.1_mrna_XM_026130867.2_24070	8242	8043	0	0
lcl|NC_052674.1_mrna_XM_039454709.1_24071	8338	8139	0	0
lcl|NC_052674.1_mrna_XM_039454710.1_24072	8425	8226	7.49437	0.255895
lcl|NC_052674.1_mrna_XM_026130871.2_24073	1490	1291	0	0
lcl|NC_052674.1_mrna_XM_011159703.3_24074	1462	1263	2	0.444777
lcl|NC_052674.1_mrna_XM_011159765.3_24075	2447	2248	0	0
lcl|NC_052674.1_mrna_XM_039455176.1_24076	2076	1877	0	0
lcl|NC_052674.1_mrna_XM_039455177.1_24077	1915	1716	1	0.163681
lcl|NC_052674.1_mrna_XM_011159704.3_24078	3850	3651	0	0
lcl|NC_052674.1_mrna_XM_039455047.1_24079	2330	2131	14	1.84527
lcl|NC_052674.1_mrna_XM_011159715.3_24080	9318	9119	0	0
lcl|NC_052674.1_mrna_XM_026130838.2_24081	9129	8930	0	0
lcl|NC_052674.1_mrna_XM_026130837.2_24082	9231	9032	0	0
lcl|NC_052674.1_mrna_XM_011159714.3_24083	9321	9122	0	0
lcl|NC_052674.1_mrna_XM_026130842.2_24084	8723	8524	72.5084	2.38924
lcl|NC_052674.1_mrna_XM_026130836.2_24085	7847	7648	64.0717	2.35307
lcl|NC_052674.1_mrna_XM_011159718.3_24086	8146	7947	33.2811	1.17628
lcl|NC_052674.1_mrna_XM_039455045.1_24087	8238	8039	14.1142	0.493139
lcl|NC_052674.1_mrna_XM_039455046.1_24088	8338	8139	5.81472e-05	2.00666e-06
lcl|NC_052674.1_mrna_XM_011159717.3_24089	7727	7528	0.00401491	0.0001498
lcl|NC_052674.1_mrna_XM_026130841.2_24090	7719	7520	6.65014e-08	2.48387e-09
lcl|NC_052674.1_mrna_XM_026130840.2_24091	8817	8618	13.943	0.454429
lcl|NC_052674.1_mrna_XM_011159719.3_24092	7615	7416	0.0774631	0.00293387
lcl|NC_052674.1_ncrna_XR_005575875.1_24093	1781	1582	14	2.48563
lcl|NC_052674.1_mrna_XM_039455048.1_24094	1996	1797	1	0.156303
lcl|NC_052674.1_mrna_XM_011159709.3_24095	2108	1909	0	0
lcl|NC_052674.1_mrna_XM_011159710.3_24096	2093	1894	0	0
lcl|NC_052674.1_mrna_XM_011159708.3_24097	2277	2078	0	0
lcl|NC_052674.1_mrna_XM_039455049.1_24098	2362	2163	0	0
lcl|NC_052674.1_mrna_XM_026130846.2_24099	1707	1508	3	0.558773
lcl|NC_052674.1_mrna_XM_011159706.3_24100	2428	2229	0	0
lcl|NC_052674.1_mrna_XM_011159705.3_24101	2439	2240	0	0
lcl|NC_052674.1_ncrna_XR_005575876.1_24102	736	537	1	0.523048
lcl|NC_052674.1_ncrna_XR_005575877.1_24103	3005	2806	1	0.100099
lcl|NC_052674.1_mrna_XM_011159721.3_24104	12811	12612	66.4036	1.47885
lcl|NC_052674.1_mrna_XM_011159723.3_24105	5224	5025	19.2175	1.07418
lcl|NC_052674.1_mrna_XM_039454876.1_24106	3210	3011	11.5222	1.07483
lcl|NC_052674.1_mrna_XM_026130882.2_24107	4328	4129	18.5616	1.26266
lcl|NC_052674.1_mrna_XM_011159722.3_24108	10117	9918	1.32102	0.0374113
lcl|NC_052674.1_mrna_XM_026130816.2_24109	1391	1192	0	0
lcl|NC_052674.1_mrna_XM_026130817.2_24110	1874	1675	10	1.67688
lcl|NC_052674.1_ncrna_XR_005575828.1_24111	592	393	0	0
lcl|NC_052674.1_mrna_XM_039454877.1_24112	3727	3528	0	0
lcl|NC_052674.1_mrna_XM_039454878.1_24113	3085	2886	0	0
lcl|NC_052674.1_mrna_XM_039454880.1_24114	3051	2852	0	0
lcl|NC_052674.1_mrna_XM_026130814.2_24115	2974	2775	0	0
lcl|NC_052674.1_mrna_XM_039454879.1_24116	2940	2741	0	0
lcl|NC_052674.1_mrna_XM_039454881.1_24117	2793	2594	6.53632e-06	7.07749e-07
lcl|NC_052674.1_mrna_XM_039454882.1_24118	2759	2560	3.65199	0.400687
lcl|NC_052674.1_mrna_XM_011159726.3_24119	5893	5694	11.4275	0.5637
lcl|NC_052674.1_mrna_XM_011159728.3_24120	5869	5670	1.78384	0.0883666
lcl|NC_052674.1_mrna_XM_039454883.1_24121	7513	7314	0	0
lcl|NC_052674.1_mrna_XM_011159731.3_24122	4904	4705	69.1367	4.12729
lcl|NC_052674.1_mrna_XM_011159733.3_24123	3494	3295	411	35.035
lcl|NC_052674.1_mrna_XM_011159734.3_24124	5868	5669	187	9.26512
lcl|NC_052674.1_mrna_XM_039454836.1_24125	1156	957	457.968	134.412
lcl|NC_052674.1_mrna_XM_039454837.1_24126	1175	976	20.7157	5.96164
lcl|NC_052674.1_mrna_XM_026130781.2_24127	992	793	286.185	101.365
lcl|NC_052674.1_mrna_XM_026130782.2_24128	940	741	170.131	64.4884
lcl|NC_052674.1_mrna_XM_026130883.2_24129	2515	2316	0	0
lcl|NC_052674.1_mrna_XM_011159770.2_24130	689	490	0	0
lcl|NC_052674.1_mrna_XM_011159737.3_24131	974	775	7	2.53695
lcl|NC_052674.1_mrna_XM_011159738.3_24132	1458	1259	1049	234.027
lcl|NC_052674.1_mrna_XM_026130776.2_24133	6362	6163	0	0
lcl|NC_052674.1_mrna_XM_011159741.3_24134	6257	6058	0.112657	0.00522327
lcl|NC_052674.1_mrna_XM_039454838.1_24135	6240	6041	1.88734	0.0877522
lcl|NC_052674.1_mrna_XM_011159742.3_24136	1480	1281	4956	1086.67
lcl|NC_052674.1_mrna_XM_011159743.3_24137	580	381	0	0
lcl|NC_052674.1_mrna_XM_011159744.3_24138	586	387	0	0
lcl|NC_052674.1_mrna_XM_026130820.2_24139	1128	929	0	0
lcl|NC_052674.1_ncrna_XR_005575923.1_24140	2335	2136	3	0.39449
lcl|NC_052674.1_mrna_XM_039455271.1_24141	2636	2437	2	0.23051
lcl|NC_052674.1_ncrna_XR_005575861.1_24142	9366	9167	0	0
lcl|NC_052674.1_ncrna_XR_003268248.2_24143	8259	8060	0	0
lcl|NC_052674.1_ncrna_XR_005575842.1_24144	10584	10385	1	0.0270464
lcl|NC_052674.1_ncrna_XR_005575841.1_24145	11947	11748	0	0
lcl|NC_052674.1_ncrna_XR_850663.3_24146	836	637	1	0.440937
lcl|NC_052674.1_ncrna_XR_005575906.1_24147	512	313	0	0
lcl|NC_052674.1_mrna_XM_011159750.3_24148	1248	1049	362	96.9279
lcl|NC_052674.1_mrna_XM_011159752.3_24149	2811	2612	17	1.82806
lcl|NC_052674.1_mrna_XM_011159754.3_24150	2643	2444	0.228659	0.0262786
lcl|NC_052674.1_mrna_XM_011159753.3_24151	2649	2450	537.771	61.652
lcl|NC_052674.1_mrna_XM_026130780.2_24152	1034	835	274.79	92.4335
lcl|NC_052674.1_mrna_XM_011159755.3_24153	3438	3239	184	15.9559
lcl|NC_052674.1_mrna_XM_011162802.3_24154	1132	933	67.3666	20.2805
lcl|NC_052674.1_mrna_XM_026130779.2_24155	6595	6396	34.8426	1.53009
lcl|NC_052674.1_mrna_XM_026130778.2_24156	6661	6462	0.00117554	5.10958e-05
lcl|NC_052674.1_ncrna_XR_005575920.1_24157	9363	9164	1	0.03065
lcl|NC_052674.1_mrna_XM_026130798.2_24158	2102	1903	864	127.524
lcl|NC_052674.1_mrna_XM_039454827.1_24159	5434	5235	7.59844	0.407684
lcl|NC_052674.1_mrna_XM_011159757.3_24160	5510	5311	680.402	35.9836
lcl|NC_052674.1_mrna_XM_011169686.3_24161	1521	1322	155.126	32.9586
lcl|NC_052674.1_mrna_XM_011169684.3_24162	1464	1265	142.874	31.7233
lcl|NC_052674.1_mrna_XM_011169681.3_24163	2042	1843	190	28.9564
lcl|NC_052674.1_mrna_XM_011169679.3_24164	2531	2332	56.8709	6.84979
lcl|NC_052674.1_mrna_XM_011169678.3_24165	2533	2334	111.129	13.3734
lcl|NC_052674.1_mrna_XM_011169689.3_24166	3818	3619	25	1.94029
lcl|NC_052674.1_mrna_XM_011169694.3_24167	8435	8236	5	0.170518
lcl|NC_052674.1_mrna_XM_039455254.1_24168	12843	12644	0	0
lcl|NC_052674.1_mrna_XM_011169705.3_24169	1686	1487	0	0
lcl|NC_052674.1_mrna_XM_026138819.2_24170	3775	3576	572.345	44.9548
lcl|NC_052674.1_mrna_XM_011162631.3_24171	837	638	10.5377	4.63917
lcl|NC_052674.1_mrna_XM_011169691.3_24172	6284	6085	374	17.2634
lcl|NC_052674.1_mrna_XM_011169692.3_24173	6378	6179	0	0
lcl|NC_052674.1_mrna_XM_011169696.3_24174	2573	2374	153	18.102
lcl|NC_052674.1_mrna_XM_039455179.1_24175	3203	3004	2	0.187002
lcl|NC_052674.1_ncrna_XR_005575922.1_24176	716	517	0	0
lcl|NC_052674.1_mrna_XM_026138822.2_24177	2989	2790	0	0
lcl|NC_052674.1_mrna_XM_011169698.3_24178	2893	2694	1143	119.169
lcl|NC_052674.1_mrna_XM_039455266.1_24179	4643	4444	401.071	25.3491
lcl|NC_052674.1_mrna_XM_011169699.3_24180	1438	1239	279.528	63.368
lcl|NC_052674.1_mrna_XM_039455265.1_24181	1333	1134	34.4006	8.52057
lcl|NC_052674.1_mrna_XM_039455270.1_24182	1276	1077	36.8026	9.59796
lcl|NC_052674.1_mrna_XM_039455269.1_24183	1605	1406	743.197	148.469
lcl|NC_052674.1_mrna_XM_011169700.3_24184	1176	977	518	148.919
lcl|NC_052674.1_mrna_XM_039455267.1_24185	1300	1101	1	0.255111
lcl|NC_052674.1_mrna_XM_039455261.1_24186	5087	4888	49.7954	2.86137
lcl|NC_052674.1_mrna_XM_039455257.1_24187	5875	5676	0	0
lcl|NC_052674.1_mrna_XM_039455258.1_24188	5776	5577	11.8506	0.596836
lcl|NC_052674.1_mrna_XM_039455262.1_24189	5862	5663	0	0
lcl|NC_052674.1_mrna_XM_011167520.3_24190	5822	5623	65.0576	3.24972
lcl|NC_052674.1_mrna_XM_011167522.3_24191	5809	5610	0.234526	0.011742
lcl|NC_052674.1_mrna_XM_039455259.1_24192	5623	5424	0	0
lcl|NC_052674.1_mrna_XM_026138634.2_24193	3059	2860	26.3921	2.59193
lcl|NC_052674.1_mrna_XM_026138632.2_24194	2146	1947	0	0
lcl|NC_052674.1_mrna_XM_039455263.1_24195	2077	1878	42.6698	6.38176
lcl|NC_052674.1_mrna_XM_026138633.2_24196	2033	1834	0	0
lcl|NC_052674.1_mrna_XM_026138635.2_24197	1934	1735	687.999	111.379
lcl|NC_052674.1_mrna_XM_026138636.2_24198	1274	1075	24.0011	6.27102
lcl|NC_052674.1_mrna_XM_011167519.3_24199	2170	1971	1385.52	197.443
lcl|NC_052674.1_mrna_XM_011167518.3_24200	2173	1974	346.479	49.2998
lcl|NC_052674.1_mrna_XM_011167503.3_24201	3912	3713	142	10.7419
lcl|NC_052674.1_mrna_XM_011167504.3_24202	1357	1158	885	214.66
lcl|NC_052674.1_mrna_XM_039455042.1_24203	3068	2869	0.00281311	0.000275405
lcl|NC_052674.1_mrna_XM_039455043.1_24204	3064	2865	0.0114006	0.00111768
lcl|NC_052674.1_mrna_XM_026138641.2_24205	3042	2843	25.9858	2.56729
lcl|NC_052674.1_mrna_XM_011167509.3_24206	5154	4955	15.6225	0.885571
lcl|NC_052674.1_mrna_XM_026138640.2_24207	3673	3474	0	0
lcl|NC_052674.1_mrna_XM_026138639.2_24208	3744	3545	16.3775	1.29762
lcl|NC_052674.1_mrna_XM_039455040.1_24209	2124	1925	0	0
lcl|NC_052674.1_mrna_XM_011167510.3_24210	2118	1919	0	0
lcl|NC_052674.1_mrna_XM_011167511.3_24211	3493	3294	2	0.170538
lcl|NC_052674.1_mrna_XM_026138642.2_24212	3167	2968	4	0.37854
lcl|NC_052674.1_mrna_XM_011167512.3_24213	1447	1248	303.693	68.3495
lcl|NC_052674.1_mrna_XM_039455041.1_24214	1448	1249	14.3074	3.21746
lcl|NC_052674.1_mrna_XM_011167516.3_24215	3676	3477	168.796	13.6356
lcl|NC_052674.1_mrna_XM_011167515.3_24216	4262	4063	1763.2	121.891
lcl|NC_052674.1_mrna_XM_026138637.2_24217	5998	5799	23.5732	1.14178
lcl|NC_052674.1_mrna_XM_039455037.1_24218	5752	5553	42.7907	2.1644
lcl|NC_052674.1_mrna_XM_011167501.3_24219	1098	899	30	9.37297
lcl|NC_052674.1_mrna_XM_039455038.1_24220	5973	5774	0	0
lcl|NC_052674.1_mrna_XM_011167500.3_24221	1491	1292	334	72.6105
lcl|NC_052674.1_mrna_XM_011167499.3_24222	6395	6196	9.63608	0.436822
lcl|NC_052674.1_mrna_XM_011167498.3_24223	2677	2478	26	2.94705
lcl|NC_052674.1_mrna_XM_011167495.3_24224	2170	1971	113.679	16.1998
lcl|NC_052674.1_mrna_XM_011167492.3_24225	2166	1967	98.3209	14.0397
lcl|NC_052674.1_mrna_XM_011167494.3_24226	2165	1966	0	0
lcl|NC_052674.1_mrna_XM_011167493.3_24227	2161	1962	0	0
lcl|NC_052674.1_mrna_XM_039455044.1_24228	1395	1196	24	5.63632
lcl|NC_052674.1_mrna_XM_011167489.3_24229	5592	5393	483	25.1555
lcl|NC_052674.1_mrna_XM_011167478.3_24230	6030	5831	0.29574	0.0142457
lcl|NC_052674.1_mrna_XM_011167484.3_24231	6027	5828	467.161	22.5145
lcl|NC_052674.1_mrna_XM_011167480.3_24232	5480	5281	0	0
lcl|NC_052674.1_mrna_XM_011167485.3_24233	5477	5278	0	0
lcl|NC_052674.1_mrna_XM_011167481.3_24234	5458	5259	0	0
lcl|NC_052674.1_mrna_XM_011167486.3_24235	5455	5256	0	0
lcl|NC_052674.1_mrna_XM_011167474.3_24236	5488	5289	0	0
lcl|NC_052674.1_mrna_XM_011167487.3_24237	5422	5223	46.6129	2.5067
lcl|NC_052674.1_mrna_XM_011167488.3_24238	5413	5214	15.426	0.830995
lcl|NC_052674.1_mrna_XM_011167476.3_24239	5478	5279	26.9555	1.43421
lcl|NC_052674.1_mrna_XM_011167475.3_24240	5483	5284	0	0
lcl|NC_052674.1_mrna_XM_039455039.1_24241	5199	5000	0	0
lcl|NC_052674.1_mrna_XM_011167479.3_24242	5316	5117	0.00336347	0.000184624
lcl|NC_052674.1_mrna_XM_026138631.2_24243	5313	5114	15.5458	0.853825
lcl|NC_052674.1_mrna_XM_011167473.3_24244	1430	1231	92	20.9916
lcl|NC_052674.1_mrna_XM_011167472.3_24245	3038	2839	1336	132.177
lcl|NC_052674.1_mrna_XM_039455199.1_24246	654	455	0	0
lcl|NC_052674.1_mrna_XM_011168365.3_24247	941	742	1452	549.64
lcl|NC_052674.1_mrna_XM_039455014.1_24248	5526	5327	0	0
lcl|NC_052674.1_mrna_XM_039455013.1_24249	5528	5329	0	0
lcl|NC_052674.1_mrna_XM_039455012.1_24250	5549	5350	1.07712e-08	5.6549e-10
lcl|NC_052674.1_mrna_XM_011168252.3_24251	5487	5288	0.00128761	6.83928e-05
lcl|NC_052674.1_mrna_XM_011168245.3_24252	5429	5230	82.0187	4.40481
lcl|NC_052674.1_miscrna_XR_005575866.1_24253	5375	5176	0	0
lcl|NC_052674.1_mrna_XM_039455031.1_24254	4194	3995	16.0423	1.12789
lcl|NC_052674.1_mrna_XM_039455022.1_24255	4226	4027	0	0
lcl|NC_052674.1_mrna_XM_039455024.1_24256	3132	2933	35.567	3.40605
lcl|NC_052674.1_mrna_XM_026132559.2_24257	3021	2822	77.6051	7.72412
lcl|NC_052674.1_mrna_XM_039455021.1_24258	3128	2929	36.3484	3.48563
lcl|NC_052674.1_mrna_XM_039455020.1_24259	3017	2818	79.4615	7.92011
lcl|NC_052674.1_mrna_XM_026132563.2_24260	4072	3873	0	0
lcl|NC_052674.1_mrna_XM_039455023.1_24261	4093	3894	9.60606	0.692892
lcl|NC_052674.1_mrna_XM_039455009.1_24262	7945	7746	2	0.0725217
lcl|NC_052674.1_mrna_XM_026132557.2_24263	9562	9363	20.1431	0.604265
lcl|NC_052674.1_mrna_XM_026132555.2_24264	9894	9695	0	0
lcl|NC_052674.1_mrna_XM_026132556.2_24265	9911	9712	0	0
lcl|NC_052674.1_mrna_XM_026132558.2_24266	9947	9748	0	0
lcl|NC_052674.1_mrna_XM_026132554.2_24267	9956	9757	0	0
lcl|NC_052674.1_mrna_XM_011168308.3_24268	9294	9095	0	0
lcl|NC_052674.1_mrna_XM_011168278.3_24269	11031	10832	1.77738	0.0460879
lcl|NC_052674.1_mrna_XM_011168272.3_24270	11075	10876	0.0304755	0.000787041
lcl|NC_052674.1_mrna_XM_011168259.3_24271	11120	10921	71.9244	1.84982
lcl|NC_052674.1_mrna_XM_039455016.1_24272	5135	4936	1.85839e-06	1.05749e-07
lcl|NC_052674.1_miscrna_XR_005575867.1_24273	4380	4181	1.12459	0.0755495
lcl|NC_052674.1_mrna_XM_039455019.1_24274	2690	2491	169.366	19.0971
lcl|NC_052674.1_mrna_XM_039455026.1_24275	3199	3000	0	0
lcl|NC_052674.1_mrna_XM_039455030.1_24276	3154	2955	271.672	25.8228
lcl|NC_052674.1_mrna_XM_039455027.1_24277	3190	2991	51.0809	4.79687
lcl|NC_052674.1_mrna_XM_039455028.1_24278	3146	2947	0	0
lcl|NC_052674.1_mrna_XM_026132580.2_24279	3015	2816	273.562	27.2859
lcl|NC_052674.1_mrna_XM_026132583.2_24280	2962	2763	44.0044	4.47333
lcl|NC_052674.1_mrna_XM_026132582.2_24281	2876	2677	146.64	15.3858
lcl|NC_052674.1_mrna_XM_039455029.1_24282	2694	2495	0.0444646	0.00500564
lcl|NC_052674.1_mrna_XM_011168351.3_24283	7002	6803	187	7.7207
lcl|NC_052674.1_mrna_XM_011168230.3_24284	4243	4044	21.0503	1.46205
lcl|NC_052674.1_mrna_XM_011168224.3_24285	4315	4116	95.7552	6.53435
lcl|NC_052674.1_mrna_XM_011168216.3_24286	4369	4170	129.194	8.70209
lcl|NC_052674.1_mrna_XM_026132536.2_24287	7615	7416	191	7.23401
lcl|NC_052674.1_mrna_XM_011168210.3_24288	1605	1406	1005	200.769
lcl|NC_052674.1_mrna_XM_039455032.1_24289	1334	1135	73.976	18.3067
lcl|NC_052674.1_mrna_XM_026132543.2_24290	1305	1106	0	0
lcl|NC_052674.1_mrna_XM_026132542.2_24291	1320	1121	132.024	33.0798
lcl|NC_052674.1_mrna_XM_026132538.2_24292	4733	4534	0	0
lcl|NC_052674.1_mrna_XM_011168204.3_24293	1799	1600	1191.57	209.178
lcl|NC_052674.1_mrna_XM_039455011.1_24294	7485	7286	84.4265	3.25466
lcl|NC_052674.1_mrna_XM_026132537.2_24295	4762	4563	0	0
lcl|NC_052674.1_ncrna_XR_005575868.1_24296	749	550	0	0
lcl|NC_052674.1_mrna_XM_011168173.3_24297	2078	1879	17	2.54119
lcl|NC_052674.1_mrna_XM_026132540.2_24298	5764	5565	0	0
lcl|NC_052674.1_mrna_XM_026132541.2_24299	6304	6105	0	0
lcl|NC_052674.1_mrna_XM_026132539.2_24300	6363	6164	0	0
lcl|NC_052674.1_ncrna_XR_005575870.1_24301	2512	2313	0	0
lcl|NC_052674.1_ncrna_XR_005575869.1_24302	1011	812	8	2.76726
lcl|NC_052674.1_mrna_XM_011168142.3_24303	5402	5203	2	0.107967
lcl|NC_052674.1_mrna_XM_011168154.3_24304	1177	978	502	144.172
lcl|NC_052674.1_mrna_XM_011168068.3_24305	922	723	146	56.7192
lcl|NC_052674.1_mrna_XM_011168080.3_24306	5837	5638	241.918	12.052
lcl|NC_052674.1_mrna_XM_011168088.3_24307	5926	5727	0	0
lcl|NC_052674.1_mrna_XM_011168096.3_24308	5720	5521	0.679947	0.0345918
lcl|NC_052674.1_mrna_XM_026132574.2_24309	6105	5906	87.4017	4.15664
lcl|NC_052674.1_mrna_XM_039454771.1_24310	3099	2900	120	11.6225
lcl|NC_052674.1_mrna_XM_039454770.1_24311	2977	2778	0	0
lcl|NC_052674.1_mrna_XM_039454772.1_24312	2793	2594	71	7.68784
lcl|NC_052674.1_mrna_XM_011168047.3_24313	511	312	190	171.047
lcl|NC_052674.1_mrna_XM_011168033.3_24314	634	435	197	127.202
lcl|NC_052674.1_mrna_XM_011168025.3_24315	531	332	181	153.129
lcl|NC_052674.1_mrna_XM_011168014.3_24316	4177	3978	46.4721	3.28128
lcl|NC_052674.1_mrna_XM_039455280.1_24317	4155	3956	33.3017	2.36442
lcl|NC_052674.1_mrna_XM_039455278.1_24318	4050	3851	194.051	14.1533
lcl|NC_052674.1_mrna_XM_011167998.3_24319	4087	3888	0	0
lcl|NC_052674.1_mrna_XM_039455279.1_24320	4089	3890	19.1749	1.38452
lcl|NC_052674.1_mrna_XM_011167992.3_24321	3207	3008	500	46.6883
lcl|NC_052674.1_mrna_XM_011167981.3_24322	1486	1287	2400.37	523.86
lcl|NC_052674.1_mrna_XM_026132572.2_24323	1599	1400	142.629	28.6152
lcl|NC_052674.1_mrna_XM_026132515.2_24324	2034	1835	10001	1530.82
lcl|NC_052674.1_mrna_XM_039455283.1_24325	3981	3782	253.709	18.8421
lcl|NC_052674.1_mrna_XM_039455282.1_24326	3904	3705	340.94	25.8467
lcl|NC_052674.1_mrna_XM_039455284.1_24327	3980	3781	237.246	17.6241
lcl|NC_052674.1_mrna_XM_039455285.1_24328	1580	1381	99.403	20.2172
lcl|NC_052674.1_mrna_XM_011167953.2_24329	1264	1065	751.403	198.171
lcl|NC_052674.1_mrna_XM_039455200.1_24330	1080	881	0	0
lcl|NC_052674.1_ncrna_XR_005575830.1_24331	7967	7768	32.3691	1.17041
lcl|NC_052674.1_ncrna_XR_005575829.1_24332	8185	7986	0	0
lcl|NC_052674.1_mrna_XM_011167916.3_24333	2340	2141	805.631	105.69
lcl|NC_052674.1_ncrna_XR_005575887.1_24334	5933	5734	3	0.146953
lcl|NC_052674.1_ncrna_XR_005575886.1_24335	6969	6770	0	0
lcl|NC_052674.1_mrna_XM_011167904.3_24336	3763	3564	3	0.236428
lcl|NC_052674.1_mrna_XM_039455087.1_24337	1298	1099	872	222.861
lcl|NC_052674.1_ncrna_XR_005575890.1_24338	5211	5012	2.47921e-07	1.38937e-08
lcl|NC_052674.1_ncrna_XR_005575891.1_24339	5126	4927	7	0.399054
lcl|NC_052674.1_ncrna_XR_005575889.1_24340	6961	6762	0	0
lcl|NC_052674.1_ncrna_XR_005575888.1_24341	7044	6845	0	0
lcl|NC_052674.1_trna_24342	74	3.56892	0	0
lcl|NC_052674.1_mrna_XM_011167868.3_24343	871	672	0	0
lcl|NC_052674.1_ncrna_XR_005575893.1_24344	5711	5512	0	0
lcl|NC_052674.1_ncrna_XR_005575892.1_24345	5190	4991	1	0.0562766
lcl|NC_052674.1_mrna_XM_039455088.1_24346	1928	1729	0	0
lcl|NC_052674.1_mrna_XM_026132512.2_24347	1852	1653	1	0.169919
lcl|NC_052674.1_ncrna_XR_005575895.1_24348	2165	1966	0	0
lcl|NC_052674.1_ncrna_XR_005575894.1_24349	1292	1093	4	1.02791
lcl|NC_052674.1_mrna_XM_011167828.3_24350	2623	2424	28	3.24445
lcl|NC_052674.1_mrna_XM_011167794.3_24351	5421	5222	8.47113e-06	4.55638e-07
lcl|NC_052674.1_mrna_XM_011167815.3_24352	5364	5165	0.511426	0.0278117
lcl|NC_052674.1_mrna_XM_011167808.3_24353	5405	5206	0.000183926	9.92327e-06
lcl|NC_052674.1_mrna_XM_026132499.2_24354	5348	5149	11.4884	0.626688
lcl|NC_052674.1_mrna_XM_026132500.2_24355	3790	3591	69	5.39696
lcl|NC_052674.1_mrna_XM_011167761.3_24356	6844	6645	0	0
lcl|NC_052674.1_mrna_XM_026132544.2_24357	6232	6033	0	0
lcl|NC_052674.1_mrna_XM_026132547.2_24358	7410	7211	0	0
lcl|NC_052674.1_mrna_XM_026132546.2_24359	7406	7207	0	0
lcl|NC_052674.1_mrna_XM_026132545.2_24360	8418	8219	0	0
lcl|NC_052674.1_mrna_XM_039454899.1_24361	3828	3629	5.88717e-06	4.55654e-07
lcl|NC_052674.1_mrna_XM_039454898.1_24362	5424	5225	0	0
lcl|NC_052674.1_mrna_XM_026132549.2_24363	3779	3580	4.91541	0.38565
lcl|NC_052674.1_mrna_XM_026132550.2_24364	3775	3576	15.0846	1.18482
lcl|NC_052674.1_ncrna_XR_005575836.1_24365	1878	1679	9	1.50559
lcl|NC_052674.1_miscrna_XR_005575834.1_24366	2563	2364	28.949	3.43955
lcl|NC_052674.1_mrna_XM_011167771.3_24367	1257	1058	221.335	58.7597
lcl|NC_052674.1_mrna_XM_011167767.3_24368	1466	1267	0.00472757	0.00104804
lcl|NC_052674.1_mrna_XM_011167778.3_24369	1622	1423	344.975	68.0925
lcl|NC_052674.1_miscrna_XR_005575835.1_24370	2315	2116	382.429	50.7634
lcl|NC_052674.1_mrna_XM_011167775.3_24371	2387	2188	114.307	14.6738
lcl|NC_052674.1_mrna_XM_011167728.3_24372	4841	4642	356.785	21.5883
lcl|NC_052674.1_mrna_XM_039454902.1_24373	2350	2151	0	0
lcl|NC_052674.1_mrna_XM_011167746.3_24374	2209	2010	39.2147	5.47985
lcl|NC_052674.1_mrna_XM_039454905.1_24375	3460	3261	11.3541	0.977952
lcl|NC_052674.1_mrna_XM_026132551.2_24376	3252	3053	24.8053	2.28209
lcl|NC_052674.1_mrna_XM_011167715.3_24377	6441	6242	5.94819e-06	2.67656e-07
lcl|NC_052674.1_mrna_XM_011167706.3_24378	6444	6245	121.841	5.47993
lcl|NC_052674.1_mrna_XM_026132517.2_24379	4114	3915	5.23416e-06	3.75518e-07
lcl|NC_052674.1_mrna_XM_011167694.3_24380	4097	3898	155.516	11.2059
lcl|NC_052674.1_mrna_XM_011167685.3_24381	3984	3785	1454.48	107.934
lcl|NC_052674.1_mrna_XM_039454900.1_24382	4757	4558	0	0
lcl|NC_052674.1_mrna_XM_039454901.1_24383	3186	2987	0	0
lcl|NC_052674.1_mrna_XM_011167673.3_24384	3018	2819	2.35538e-06	2.34683e-07
lcl|NC_052674.1_mrna_XM_011167666.3_24385	3008	2809	475	47.4961
lcl|NC_052674.1_mrna_XM_026132565.2_24386	15934	15735	39.9999	0.714016
lcl|NC_052674.1_mrna_XM_026132567.2_24387	15907	15708	0	0
lcl|NC_052674.1_mrna_XM_026132569.2_24388	15722	15523	7.15858e-05	1.29529e-06
lcl|NC_052674.1_mrna_XM_039454903.1_24389	4188	3989	0	0
lcl|NC_052674.1_mrna_XM_011174968.3_24390	4634	4435	0	0
lcl|NC_052674.1_mrna_XM_011174974.3_24391	4510	4311	6	0.390921
lcl|NC_052674.1_mrna_XM_011174979.3_24392	3789	3590	1	0.0782386
lcl|NC_052674.1_mrna_XM_011174942.3_24393	6735	6536	0	0
lcl|NC_052674.1_mrna_XM_011174957.3_24394	4697	4498	13.9778	0.872842
lcl|NC_052674.1_mrna_XM_011174951.3_24395	4726	4527	0.0221831	0.00137635
lcl|NC_052674.1_ncrna_XR_003268428.2_24396	802	603	0	0
lcl|NC_052674.1_mrna_XM_011174908.3_24397	2026	1827	2654.77	408.136
lcl|NC_052674.1_mrna_XM_039455317.1_24398	2200	2001	37.2272	5.22551
lcl|NC_052674.1_mrna_XM_011174895.3_24399	6917	6718	4.84781	0.202685
lcl|NC_052674.1_mrna_XM_039455310.1_24400	6913	6714	8.81018	0.368569
lcl|NC_052674.1_mrna_XM_026132491.2_24401	6054	5855	0	0
lcl|NC_052674.1_mrna_XM_026132493.2_24402	5937	5738	0	0
lcl|NC_052674.1_mrna_XM_026132492.2_24403	6024	5825	7.73681e-08	3.73063e-09
lcl|NC_052674.1_mrna_XM_026132498.2_24404	5907	5708	0	0
lcl|NC_052674.1_miscrna_XR_005575926.1_24405	4456	4257	6.34201	0.418446
lcl|NC_052674.1_mrna_XM_039455312.1_24406	5150	4951	0	0
lcl|NC_052674.1_mrna_XM_039455316.1_24407	4963	4764	0	0
lcl|NC_052674.1_mrna_XM_026132495.2_24408	5938	5739	0	0
lcl|NC_052674.1_mrna_XM_039455313.1_24409	5908	5709	0	0
lcl|NC_052674.1_mrna_XM_039455314.1_24410	5791	5592	0	0
lcl|NC_052674.1_mrna_XM_026132496.2_24411	7791	7592	0	0
lcl|NC_052674.1_mrna_XM_039454910.1_24412	3412	3213	0	0
lcl|NC_052674.1_mrna_XM_039454906.1_24413	3445	3246	0	0
lcl|NC_052674.1_mrna_XM_039454908.1_24414	3601	3402	0	0
lcl|NC_052674.1_mrna_XM_039454907.1_24415	3628	3429	0	0
lcl|NC_052674.1_mrna_XM_039454909.1_24416	3248	3049	30	2.76363
lcl|NC_052674.1_ncrna_XR_851287.3_24417	1262	1063	8	2.11384
lcl|NC_052674.1_mrna_XM_011174867.3_24418	4435	4236	30	1.98921
lcl|NC_052674.1_mrna_XM_039454704.1_24419	2750	2551	83	9.13868
lcl|NC_052674.1_mrna_XM_039455201.1_24420	537	338	0	0
lcl|NC_052674.1_mrna_XM_039455202.1_24421	3183	2984	0	0
lcl|NC_052674.1_mrna_XM_039455204.1_24422	537	338	0	0
lcl|NC_052674.1_mrna_XM_011177816.3_24423	8671	8472	11.8894	0.394177
lcl|NC_052674.1_mrna_XM_039454773.1_24424	8726	8527	31.1106	1.02477
lcl|NC_052674.1_ncrna_XR_005575879.1_24425	2791	2592	5	0.541815
lcl|NC_052674.1_mrna_XM_039454834.1_24426	6243	6044	0	0
lcl|NC_052674.1_mrna_XM_039454835.1_24427	1975	1776	0	0
lcl|NC_052674.1_mrna_XM_011177813.3_24428	17256	17057	2	0.0329339
lcl|NC_052674.1_mrna_XM_026136877.2_24429	1421	1222	29	6.66565
lcl|NC_052674.1_mrna_XM_011177803.3_24430	5444	5245	158.196	8.47163
lcl|NC_052674.1_mrna_XM_026136872.2_24431	5462	5263	5.09162	0.27173
lcl|NC_052674.1_mrna_XM_039454919.1_24432	5925	5726	19.8602	0.974201
lcl|NC_052674.1_mrna_XM_039454918.1_24433	10452	10253	0	0
lcl|NC_052674.1_mrna_XM_026136873.2_24434	6145	5946	0	0
lcl|NC_052674.1_mrna_XM_026136874.2_24435	5349	5150	51.8517	2.82795
lcl|NC_052674.1_mrna_XM_011177809.3_24436	1911	1712	10188.5	1671.56
lcl|NC_052674.1_mrna_XM_011177810.3_24437	1899	1700	351.505	58.0763
lcl|NC_052674.1_mrna_XM_011177811.3_24438	1698	1499	4339.97	813.207
lcl|NC_052674.1_mrna_XM_039454917.1_24439	15593	15394	69.0861	1.26054
lcl|NC_052674.1_mrna_XM_026136871.2_24440	15620	15421	11.9139	0.216998
lcl|NC_052674.1_mrna_XM_011177801.3_24441	4278	4079	31	2.13464
lcl|NC_052674.1_mrna_XM_039454921.1_24442	1267	1068	0	0
lcl|NC_052674.1_mrna_XM_026136876.2_24443	4837	4638	210.647	12.7567
lcl|NC_052674.1_mrna_XM_039454920.1_24444	5066	4867	14.3531	0.828326
lcl|NC_052674.1_mrna_XM_011177797.3_24445	3262	3063	88.7394	8.1374
lcl|NC_052674.1_mrna_XM_011177798.3_24446	3231	3032	249.672	23.1289
lcl|NC_052674.1_mrna_XM_011177796.3_24447	3231	3032	43.4288	4.02313
lcl|NC_052674.1_mrna_XM_011177795.3_24448	3263	3064	117.512	10.7723
lcl|NC_052674.1_mrna_XM_011177794.3_24449	3372	3173	164.605	14.571
lcl|NC_052674.1_mrna_XM_026136868.2_24450	4769	4570	0	0
lcl|NC_052674.1_mrna_XM_026136869.2_24451	4586	4387	799.187	51.1678
lcl|NC_052674.1_mrna_XM_026136870.2_24452	4658	4459	1.13475e-06	7.14787e-08
lcl|NC_052674.1_mrna_XM_011177788.3_24453	5559	5360	7.64772e-05	4.00758e-06
lcl|NC_052674.1_mrna_XM_011177789.3_24454	5490	5291	33.6853	1.78821
lcl|NC_052674.1_mrna_XM_011177790.3_24455	5702	5503	38.135	1.94643
lcl|NC_052674.1_mrna_XM_011177793.3_24456	3243	3044	35.6023	3.28511
lcl|NC_052674.1_mrna_XM_039455253.1_24457	3072	2873	25.2342	2.467
lcl|NC_052674.1_mrna_XM_011166072.2_24458	777	578	400.927	194.829
lcl|NC_052674.1_mrna_XM_039455323.1_24459	4279	4080	88.4615	6.08989
lcl|NC_052674.1_mrna_XM_011166083.3_24460	4218	4019	514.539	35.9597
lcl|NC_052674.1_mrna_XM_039455328.1_24461	2542	2343	61	7.31262
lcl|NC_052674.1_mrna_XM_039455326.1_24462	1992	1793	0	0
lcl|NC_052674.1_mrna_XM_011166109.3_24463	2139	1940	0	0
lcl|NC_052674.1_mrna_XM_026139258.2_24464	1995	1796	0	0
lcl|NC_052674.1_mrna_XM_011166095.3_24465	2142	1943	37.3654	5.40148
lcl|NC_052674.1_mrna_XM_011166102.3_24466	2038	1839	42.6346	6.51173
lcl|NC_052674.1_mrna_XM_039455325.1_24467	2302	2103	0	0
lcl|NC_052674.1_mrna_XM_011166140.3_24468	5136	4937	39.1565	2.2277
lcl|NC_052674.1_mrna_XM_039455327.1_24469	1810	1611	0	0
lcl|NC_052674.1_mrna_XM_011166129.3_24470	2679	2480	188	21.2923
lcl|NC_052674.1_mrna_XM_026139259.2_24471	2099	1900	0	0
lcl|NC_052674.1_mrna_XM_011166151.3_24472	1640	1441	8	1.55934
lcl|NC_052674.1_mrna_XM_011166162.3_24473	1978	1779	1	0.157885
lcl|NC_052674.1_mrna_XM_011166173.3_24474	2746	2547	91.4595	10.0859
lcl|NC_052674.1_mrna_XM_011166179.3_24475	2942	2743	53.5405	5.48242
lcl|NC_052674.1_mrna_XM_039454831.1_24476	2837	2638	0	0
lcl|NC_052674.1_mrna_XM_011166235.3_24477	2809	2610	0	0
lcl|NC_052674.1_mrna_XM_011166226.3_24478	2560	2361	36.9159	4.39171
lcl|NC_052674.1_mrna_XM_039454832.1_24479	3125	2926	3.0841	0.296053
lcl|NC_052674.1_mrna_XM_039454830.1_24480	5513	5314	1	0.052856
lcl|NC_052674.1_mrna_XM_026139263.2_24481	7053	6854	0	0
lcl|NC_052674.1_mrna_XM_011166193.3_24482	1580	1381	60.237	12.2514
lcl|NC_052674.1_mrna_XM_011166189.3_24483	1850	1651	134.526	22.8863
lcl|NC_052674.1_mrna_XM_039454833.1_24484	1580	1381	60.237	12.2514
lcl|NC_052674.1_mrna_XM_011166248.3_24485	2815	2616	309	33.177
lcl|NC_052674.1_mrna_XM_026139268.2_24486	3390	3191	8	0.704172
lcl|NC_052674.1_miscrna_XR_005575784.1_24487	1975	1776	1512.15	239.148
lcl|NC_052674.1_mrna_XM_011166290.3_24488	1863	1664	1241.02	209.48
lcl|NC_052674.1_mrna_XM_011166275.3_24489	2553	2354	751.091	89.6194
lcl|NC_052674.1_mrna_XM_011166281.3_24490	2536	2337	562.737	67.6336
lcl|NC_052674.1_mrna_XM_011166263.3_24491	2184	1985	733.441	103.782
lcl|NC_052674.1_mrna_XM_011166325.3_24492	1270	1071	767	201.151
lcl|NC_052674.1_mrna_XM_011166312.3_24493	2068	1869	224.904	33.799
lcl|NC_052674.1_mrna_XM_039454722.1_24494	2280	2081	0	0
lcl|NC_052674.1_ncrna_XR_005575785.1_24495	1584	1385	32	6.48957
lcl|NC_052674.1_mrna_XM_011166299.3_24496	3487	3288	13.0961	1.11873
lcl|NC_052674.1_mrna_XM_011166414.3_24497	2696	2497	544.254	61.2207
lcl|NC_052674.1_mrna_XM_011166385.3_24498	2320	2121	601.746	79.6872
lcl|NC_052674.1_mrna_XM_011166394.3_24499	2313	2114	0	0
lcl|NC_052674.1_mrna_XM_039455249.1_24500	3934	3735	52.7723	3.96855
lcl|NC_052674.1_mrna_XM_011166351.3_24501	4723	4524	45.8707	2.84793
lcl|NC_052674.1_mrna_XM_011166375.3_24502	7739	7540	44	1.63907
lcl|NC_052674.1_mrna_XM_011166345.3_24503	4281	4082	0	0
lcl|NC_052674.1_mrna_XM_026139267.2_24504	4205	4006	0	0
lcl|NC_052674.1_mrna_XM_011166424.3_24505	10230	10031	324.035	9.07325
lcl|NC_052674.1_mrna_XM_011166448.3_24506	9323	9124	102.515	3.15587
lcl|NC_052674.1_mrna_XM_026139265.2_24507	9455	9256	9.38954e-07	2.84929e-08
lcl|NC_052674.1_mrna_XM_011166438.3_24508	9334	9135	0.021642	0.000665434
lcl|NC_052674.1_mrna_XM_039455247.1_24509	9400	9201	79.7854	2.43559
lcl|NC_052674.1_mrna_XM_011166429.3_24510	9403	9204	9.93758e-05	3.03263e-06
lcl|NC_052674.1_mrna_XM_026139266.2_24511	9388	9189	0	0
lcl|NC_052674.1_mrna_XM_039454782.1_24512	4519	4320	0	0
lcl|NC_052674.1_mrna_XM_039454784.1_24513	4475	4276	0	0
lcl|NC_052674.1_mrna_XM_039454783.1_24514	4475	4276	0	0
lcl|NC_052674.1_mrna_XM_039454785.1_24515	4431	4232	0	0
lcl|NC_052674.1_mrna_XM_039454781.1_24516	4370	4171	0.0592278	0.00398842
lcl|NC_052674.1_mrna_XM_039454788.1_24517	4345	4146	24.6179	1.66777
lcl|NC_052674.1_mrna_XM_039454787.1_24518	3505	3306	32.3229	2.74614
lcl|NC_052674.1_mrna_XM_039454786.1_24519	4081	3882	0	0
lcl|NC_052674.1_mrna_XM_011166461.3_24520	2464	2265	284	35.2181
lcl|NC_052674.1_mrna_XM_011166473.3_24521	2184	1985	0	0
lcl|NC_052674.1_mrna_XM_011166487.3_24522	506	307	261	238.791
lcl|NC_052674.1_mrna_XM_011166499.3_24523	778	579	621	301.251
lcl|NC_052674.1_mrna_XM_026139264.2_24524	2050	1851	633	96.0535
lcl|NC_052674.1_mrna_XM_011166522.3_24525	1959	1760	1567	250.076
lcl|NC_052674.1_mrna_XM_039454933.1_24526	1370	1171	640.694	153.677
lcl|NC_052674.1_mrna_XM_011174956.3_24527	3353	3154	71	6.32284
lcl|NC_052674.1_mrna_XM_039454943.1_24528	4893	4694	33	1.97463
lcl|NC_052674.1_mrna_XM_039454959.1_24529	9380	9181	16	0.489492
lcl|NC_052674.1_mrna_XM_039454958.1_24530	7870	7671	0	0
lcl|NC_052674.1_mrna_XM_039454954.1_24531	7873	7674	0	0
lcl|NC_052674.1_mrna_XM_039454960.1_24532	8432	8233	0	0
lcl|NC_052674.1_mrna_XM_039454953.1_24533	8024	7825	0	0
lcl|NC_052674.1_mrna_XM_039454955.1_24534	8936	8737	0	0
lcl|NC_052674.1_mrna_XM_039454962.1_24535	8384	8185	0	0
lcl|NC_052674.1_mrna_XM_039454961.1_24536	8697	8498	0	0
lcl|NC_052674.1_mrna_XM_039454956.1_24537	8140	7941	0	0
lcl|NC_052674.1_mrna_XM_039454957.1_24538	9498	9299	0	0
lcl|NC_052674.1_ncrna_XR_005575844.1_24539	1128	929	12	3.62812
lcl|NC_052674.1_mrna_XM_026139213.2_24540	1338	1139	1.12299	0.276928
lcl|NC_052674.1_miscrna_XR_005575843.1_24541	11020	10821	76.0799	1.97478
lcl|NC_052674.1_mrna_XM_039454936.1_24542	10966	10767	0	0
lcl|NC_052674.1_mrna_XM_039454935.1_24543	11512	11313	36.1799	0.898266
lcl|NC_052674.1_mrna_XM_039454939.1_24544	10886	10687	0	0
lcl|NC_052674.1_mrna_XM_026139202.2_24545	10849	10650	0	0
lcl|NC_052674.1_mrna_XM_039454940.1_24546	10881	10682	0	0
lcl|NC_052674.1_mrna_XM_039454934.1_24547	10893	10694	0	0
lcl|NC_052674.1_mrna_XM_039454937.1_24548	11040	10841	61.5647	1.59506
lcl|NC_052674.1_mrna_XM_039454942.1_24549	10745	10546	61.6497	1.64195
lcl|NC_052674.1_mrna_XM_039454941.1_24550	10856	10657	0	0
lcl|NC_052674.1_mrna_XM_039454938.1_24551	10098	9899	42.1464	1.19587
lcl|NC_052674.1_mrna_XM_026139205.2_24552	8922	8723	0	0
lcl|NC_052674.1_trna_24553	73	3.5471	0	0
lcl|NC_052674.1_trna_24554	73	3.5471	0	0
lcl|NC_052674.1_trna_24555	73	3.5471	0	0
lcl|NC_052674.1_trna_24556	73	3.5471	0	0
lcl|NC_052674.1_trna_24557	73	3.5471	0	0
lcl|NC_052674.1_trna_24558	73	3.5471	0	0
lcl|NC_052674.1_trna_24559	73	3.5471	0	0
lcl|NC_052674.1_trna_24560	73	3.5471	0	0
lcl|NC_052674.1_trna_24561	73	3.5471	0	0
lcl|NC_052674.1_trna_24562	73	3.5471	0	0
lcl|NC_052674.1_trna_24563	73	3.5471	0	0
lcl|NC_052674.1_trna_24564	73	3.5471	0	0
lcl|NC_052674.1_trna_24565	73	3.5471	0	0
lcl|NC_052674.1_trna_24566	73	3.5471	0	0
lcl|NC_052674.1_trna_24567	73	3.5471	0	0
lcl|NC_052674.1_trna_24568	73	3.5471	0	0
lcl|NC_052674.1_trna_24569	73	3.5471	0	0
lcl|NC_052674.1_trna_24570	73	3.5471	0	0
lcl|NC_052674.1_trna_24571	73	3.5471	0	0
lcl|NC_052674.1_trna_24572	73	3.5471	0	0
lcl|NC_052674.1_mrna_XM_026139208.2_24573	1971	1772	6.81248	1.07983
lcl|NC_052674.1_mrna_XM_026139207.2_24574	2281	2082	1.26819e-07	1.71088e-08
lcl|NC_052674.1_mrna_XM_026139206.2_24575	2362	2163	58.8451	7.64134
lcl|NC_052674.1_mrna_XM_039454964.1_24576	2984	2785	6.59887	0.665518
lcl|NC_052674.1_mrna_XM_026139209.2_24577	1809	1610	5495.97	958.813
lcl|NC_052674.1_mrna_XM_011174949.3_24578	2032	1833	1017.03	155.843
lcl|NC_052674.1_mrna_XM_011174948.3_24579	2707	2508	897	100.457
lcl|NC_052674.1_mrna_XM_039454949.1_24580	1959	1760	11.1901	1.78581
lcl|NC_052674.1_mrna_XM_039454947.1_24581	2229	2030	0	0
lcl|NC_052674.1_mrna_XM_039454948.1_24582	2229	2030	33.2552	4.60128
lcl|NC_052674.1_mrna_XM_011163989.3_24583	1948	1749	9.55473	1.53442
lcl|NC_052674.1_mrna_XM_039454945.1_24584	3030	2831	45.4936	4.51363
lcl|NC_052674.1_mrna_XM_039454944.1_24585	2909	2710	948.913	98.3496
lcl|NC_052674.1_mrna_XM_039454946.1_24586	2889	2690	52.5936	5.49157
lcl|NC_052674.1_mrna_XM_039454963.1_24587	1880	1681	0	0
lcl|NC_052674.1_mrna_XM_011174963.3_24588	2516	2317	93	11.2739
lcl|NC_052674.1_mrna_XM_026139216.2_24589	5029	4830	0	0
lcl|NC_052674.1_mrna_XM_026139217.2_24590	4908	4709	12.0039	0.715993
lcl|NC_052674.1_mrna_XM_039455205.1_24591	6726	6527	239	10.2849
lcl|NC_052674.1_mrna_XM_011174938.3_24592	3180	2981	8.68909	0.818707
lcl|NC_052674.1_mrna_XM_039454952.1_24593	3207	3008	0.00102653	9.58537e-05
lcl|NC_052674.1_mrna_XM_026139199.2_24594	3200	3001	0.0106229	0.000994244
lcl|NC_052674.1_mrna_XM_011174937.3_24595	3191	2992	0.216054	0.0202823
lcl|NC_052674.1_mrna_XM_026139198.2_24596	3218	3019	2.63836e-05	2.45463e-06
lcl|NC_052674.1_mrna_XM_039454950.1_24597	2846	2647	2.08318	0.221049
lcl|NC_052674.1_mrna_XM_026139188.2_24598	5072	4873	41	2.36321
lcl|NC_052674.1_mrna_XM_011174935.3_24599	1695	1496	7	1.31426
lcl|NC_052674.1_mrna_XM_011174959.3_24600	2085	1886	0	0
lcl|NC_052674.1_mrna_XM_039454797.1_24601	2832	2633	0	0
lcl|NC_052674.1_mrna_XM_026139191.2_24602	2459	2260	1.42754e-05	1.77418e-06
lcl|NC_052674.1_mrna_XM_026139193.2_24603	2434	2235	0.999986	0.12567
lcl|NC_052674.1_mrna_XM_039454798.1_24604	4459	4260	0	0
lcl|NC_052674.1_mrna_XM_026139190.2_24605	4521	4322	0	0
lcl|NC_052674.1_mrna_XM_039454796.1_24606	2263	2064	0	0
lcl|NC_052674.1_mrna_XM_039454922.1_24607	1769	1570	0	0
lcl|NC_052674.1_mrna_XM_011174936.3_24608	3282	3083	0	0
lcl|NC_052674.1_mrna_XM_011174934.3_24609	2275	2076	0	0
lcl|NC_052674.1_mrna_XM_026139195.2_24610	1110	911	1.05049	0.323885
lcl|NC_052674.1_mrna_XM_039454967.1_24611	2727	2528	0	0
lcl|NC_052674.1_mrna_XM_039454966.1_24612	2729	2530	0	0
lcl|NC_052674.1_mrna_XM_039454968.1_24613	1004	805	0	0
lcl|NC_052674.1_mrna_XM_011177436.3_24614	1353	1154	0	0
lcl|NC_052674.1_mrna_XM_011167755.3_24615	21454	21255	200	2.64292
lcl|NC_052674.1_mrna_XM_039455170.1_24616	1114	915	1	0.306969
lcl|NC_052674.1_mrna_XM_011167747.3_24617	536	337	407	339.219
lcl|NC_052674.1_mrna_XM_011167748.3_24618	1388	1189	0	0
lcl|NC_052674.1_mrna_XM_011167749.2_24619	750	551	32.3836	16.5078
lcl|NC_052674.1_mrna_XM_011167750.3_24620	1044	845	1429.62	475.202
lcl|NC_052674.1_mrna_XM_011167751.3_24621	670	471	4.61765	2.7537
lcl|NC_052674.1_miscrna_XR_850957.3_24622	572	373	7.69014e-06	5.79083e-06
lcl|NC_052674.1_mrna_XM_011167752.3_24623	568	369	0.382338	0.291029
lcl|NC_052674.1_mrna_XM_039455165.1_24624	14294	14095	0	0
lcl|NC_052674.1_mrna_XM_011167754.3_24625	6461	6262	82.6389	3.7067
lcl|NC_052674.1_mrna_XM_039455167.1_24626	6380	6181	41.5822	1.88958
lcl|NC_052674.1_mrna_XM_039455166.1_24627	6476	6277	0.778826	0.0348501
lcl|NC_052674.1_mrna_XM_039455168.1_24628	5673	5474	0	0
lcl|NC_052674.1_ncrna_XR_850955.3_24629	4438	4239	108.758	7.20632
lcl|NC_052674.1_ncrna_XR_005575909.1_24630	4297	4098	14.242	0.976145
lcl|NC_052674.1_mrna_XM_026136740.2_24631	1038	839	559	187.14
lcl|NC_052674.1_ncrna_XR_003268903.1_24632	135	5.87326	0	0
lcl|NC_052674.1_ncrna_XR_003268902.1_24633	141	6.28195	0	0
lcl|NC_052674.1_mrna_XM_011167744.3_24634	1560	1361	350	72.2313
lcl|NC_052674.1_trna_24635	82	3.75521	0	0
lcl|NC_052674.1_trna_24636	72	3.52559	0	0
lcl|NC_052674.1_trna_24637	82	3.75521	0	0
lcl|NC_052674.1_trna_24638	72	3.52559	0	0
lcl|NC_052674.1_trna_24639	74	3.56892	0	0
lcl|NC_052674.1_mrna_XM_011167743.3_24640	1318	1119	1	0.251007
lcl|NC_052674.1_mrna_XM_011167742.3_24641	1766	1567	463	82.9904
lcl|NC_052674.1_mrna_XM_039455062.1_24642	1573	1374	161.711	33.0575
lcl|NC_052674.1_mrna_XM_039455063.1_24643	1525	1326	1.28856	0.272946
lcl|NC_052674.1_mrna_XM_011167740.3_24644	1851	1652	213	36.2147
lcl|NC_052674.1_mrna_XM_026136725.2_24645	5859	5660	138	6.84823
lcl|NC_052674.1_mrna_XM_026136744.2_24646	6069	5870	392.552	18.7834
lcl|NC_052674.1_mrna_XM_039455060.1_24647	3467	3268	100.157	8.60822
lcl|NC_052674.1_mrna_XM_039455061.1_24648	3544	3345	71.4689	6.00118
lcl|NC_052674.1_mrna_XM_026136750.2_24649	3469	3270	23.9052	2.05334
lcl|NC_052674.1_mrna_XM_039455055.1_24650	3612	3413	2.31252e-06	1.90311e-07
lcl|NC_052674.1_mrna_XM_039455057.1_24651	3662	3463	44.4798	3.60766
lcl|NC_052674.1_mrna_XM_039455056.1_24652	4146	3947	11.9489	0.850312
lcl|NC_052674.1_mrna_XM_039455058.1_24653	3968	3769	0.366231	0.0272926
lcl|NC_052674.1_mrna_XM_039455059.1_24654	3450	3251	0	0
lcl|NC_052674.1_mrna_XM_026136743.2_24655	5656	5457	661.42	34.0439
lcl|NC_052674.1_mrna_XM_011167732.3_24656	6070	5871	308.197	14.7446
lcl|NC_052674.1_mrna_XM_011167731.3_24657	2322	2123	13.1049	1.73381
lcl|NC_052674.1_mrna_XM_039454849.1_24658	2160	1961	2.89506	0.414664
lcl|NC_052674.1_mrna_XM_039454850.1_24659	2454	2255	94	11.7084
lcl|NC_052674.1_ncrna_XR_005575823.1_24660	219	25.9389	1.74797	18.9278
lcl|NC_052674.1_mrna_XM_039454852.1_24661	2237	2038	0	0
lcl|NC_052674.1_mrna_XM_039454851.1_24662	2260	2061	0	0
lcl|NC_052674.1_mrna_XM_039455206.1_24663	1272	1073	0	0
lcl|NC_052674.1_mrna_XM_039455207.1_24664	2226	2027	0.352396	0.0488307
lcl|NC_052674.1_mrna_XM_039455208.1_24665	1940	1741	0	0
lcl|NC_052674.1_mrna_XM_039454932.1_24666	2197	1998	0	0
lcl|NC_052674.1_mrna_XM_039454931.1_24667	2649	2450	0	0
lcl|NC_052674.1_mrna_XM_039455131.1_24668	2321	2122	3	0.397092
lcl|NC_052674.1_mrna_XM_039455130.1_24669	3322	3123	1000.47	89.9802
lcl|NC_052674.1_mrna_XM_011167726.3_24670	2147	1948	497.74	71.7677
lcl|NC_052674.1_mrna_XM_011167729.3_24671	2190	1991	332.586	46.9189
lcl|NC_052674.1_mrna_XM_011167727.3_24672	2190	1991	155.207	21.8955
lcl|NC_052674.1_ncrna_XR_005575907.1_24673	736	537	0	0
lcl|NC_052674.1_mrna_XM_011167725.3_24674	810	611	2557.92	1175.87
lcl|NC_052674.1_mrna_XM_039455147.1_24675	692	493	1533.08	873.444
lcl|NC_052674.1_mrna_XM_026136758.2_24676	3950	3751	304.878	22.8294
lcl|NC_052674.1_mrna_XM_026136759.2_24677	3397	3198	205.78	18.0734
lcl|NC_052674.1_mrna_XM_039455144.1_24678	3194	2995	0	0
lcl|NC_052674.1_mrna_XM_011167723.3_24679	5505	5306	1.49262e-05	7.90127e-07
lcl|NC_052674.1_mrna_XM_011167722.3_24680	5445	5246	1.34191	0.0718476
lcl|NC_052674.1_mrna_XM_039455145.1_24681	4889	4690	0	0
lcl|NC_052674.1_mrna_XM_011167720.3_24682	4500	4301	2	0.13061
lcl|NC_052674.1_mrna_XM_039455133.1_24683	5086	4887	31.7964	1.82748
lcl|NC_052674.1_mrna_XM_039455132.1_24684	5325	5126	0	0
lcl|NC_052674.1_mrna_XM_039455136.1_24685	5306	5107	53.6163	2.94881
lcl|NC_052674.1_mrna_XM_039455137.1_24686	5268	5069	40.9199	2.2674
lcl|NC_052674.1_mrna_XM_039455135.1_24687	5187	4988	0	0
lcl|NC_052674.1_mrna_XM_039455134.1_24688	6657	6458	0	0
lcl|NC_052674.1_mrna_XM_011167716.3_24689	984	785	288.725	103.307
lcl|NC_052674.1_mrna_XM_039455148.1_24690	896	697	0	0
lcl|NC_052674.1_mrna_XM_011167717.3_24691	779	580	114.275	55.3397
lcl|NC_052674.1_mrna_XM_039455139.1_24692	4387	4188	0	0
lcl|NC_052674.1_mrna_XM_011167718.3_24693	3798	3599	11	0.858473
lcl|NC_052674.1_mrna_XM_039455138.1_24694	3939	3740	0	0
lcl|NC_052674.1_mrna_XM_011167719.3_24695	5350	5151	0	0
lcl|NC_052674.1_mrna_XM_011167710.3_24696	4267	4068	3.02025e-06	2.08534e-07
lcl|NC_052674.1_mrna_XM_039455143.1_24697	4213	4014	2	0.139948
lcl|NC_052674.1_mrna_XM_039455142.1_24698	4270	4071	1.44186e-06	9.94806e-08
lcl|NC_052674.1_mrna_XM_039455140.1_24699	3501	3302	0	0
lcl|NC_052674.1_mrna_XM_011167707.3_24700	4259	4060	218.203	15.0956
lcl|NC_052674.1_mrna_XM_011167709.3_24701	1717	1518	500.797	92.6629
lcl|NC_052674.1_mrna_XM_011167705.3_24702	6540	6341	30	1.32886
lcl|NC_052674.1_mrna_XM_026136739.2_24703	3421	3222	14	1.22045
lcl|NC_052674.1_mrna_XM_011167700.3_24704	5393	5194	133.335	7.21035
lcl|NC_052674.1_mrna_XM_011167699.3_24705	5148	4949	36.5676	2.07537
lcl|NC_052674.1_mrna_XM_011167703.3_24706	5175	4976	1066.05	60.1745
lcl|NC_052674.1_mrna_XM_039454888.1_24707	5184	4985	127.598	7.18943
lcl|NC_052674.1_mrna_XM_011167701.3_24708	5299	5100	44.4508	2.44807
lcl|NC_052674.1_mrna_XM_039454889.1_24709	1527	1328	1	0.211504
lcl|NC_052674.1_mrna_XM_011167698.3_24710	5438	5239	124	6.64797
lcl|NC_052674.1_mrna_XM_039454891.1_24711	5079	4880	9	0.51801
lcl|NC_052674.1_mrna_XM_011167697.3_24712	1455	1256	54.2853	12.1397
lcl|NC_052674.1_mrna_XM_039454887.1_24713	2539	2340	15.2647	1.83226
lcl|NC_052674.1_mrna_XM_039454886.1_24714	3071	2872	80.9774	7.91946
lcl|NC_052674.1_mrna_XM_039454890.1_24715	1095	896	144.203	45.2046
lcl|NC_052674.1_mrna_XM_011167696.2_24716	1056	857	225.269	73.8307
lcl|NC_052674.1_mrna_XM_011167691.3_24717	10178	9979	186.762	5.25675
lcl|NC_052674.1_mrna_XM_011167692.3_24718	10103	9904	17.691	0.501714
lcl|NC_052674.1_mrna_XM_011167693.3_24719	10089	9890	313.428	8.90137
lcl|NC_052674.1_ncrna_XR_005575833.1_24720	2743	2544	16.1192	1.77968
lcl|NC_052674.1_mrna_XM_011167690.3_24721	2412	2213	1196	151.798
lcl|NC_052674.1_mrna_XM_039454895.1_24722	2280	2081	0	0
lcl|NC_052674.1_mrna_XM_011167689.3_24723	3591	3392	460	38.0906
lcl|NC_052674.1_mrna_XM_026136731.2_24724	3663	3464	0	0
lcl|NC_052674.1_mrna_XM_039454892.1_24725	3606	3407	0	0
lcl|NC_052674.1_mrna_XM_026136730.2_24726	2857	2658	749	79.1485
lcl|NC_052674.1_mrna_XM_026136762.2_24727	2547	2348	411	49.1654
lcl|NC_052674.1_mrna_XM_011167684.3_24728	2856	2657	470.935	49.7835
lcl|NC_052674.1_mrna_XM_011167686.3_24729	3341	3142	29.0649	2.59824
lcl|NC_052674.1_mrna_XM_011167687.3_24730	3345	3146	0	0
lcl|NC_052674.1_mrna_XM_011167683.3_24731	4933	4734	550	32.6325
lcl|NC_052674.1_mrna_XM_011167682.3_24732	4758	4559	175	10.7816
lcl|NC_052674.1_mrna_XM_011167679.3_24733	4174	3975	166.924	11.795
lcl|NC_052674.1_mrna_XM_011167680.3_24734	4272	4073	48.0761	3.31536
lcl|NC_052674.1_mrna_XM_039454896.1_24735	4277	4078	1.02126e-08	7.03406e-10
lcl|NC_052674.1_mrna_XM_011167677.3_24736	1273	1074	159.45	41.6999
lcl|NC_052674.1_mrna_XM_011167676.2_24737	1260	1061	1472.18	389.728
lcl|NC_052674.1_mrna_XM_011167678.3_24738	5299	5100	128.368	7.06975
lcl|NC_052674.1_mrna_XM_026136736.2_24739	1935	1736	933	150.955
lcl|NC_052674.1_mrna_XM_011167674.3_24740	1814	1615	145	25.218
lcl|NC_052674.1_mrna_XM_011167672.3_24741	4420	4221	210	13.974
lcl|NC_052674.1_mrna_XM_011167671.3_24742	1535	1336	225	47.3033
lcl|NC_052674.1_mrna_XM_011167669.3_24743	3004	2805	17	1.70228
lcl|NC_052674.1_mrna_XM_026137833.2_24744	1072	873	0	0
lcl|NC_052674.1_mrna_XM_011169384.3_24745	1958	1759	616	98.3627
lcl|NC_052674.1_mrna_XM_039455094.1_24746	1677	1478	0	0
lcl|NC_052674.1_mrna_XM_039455095.1_24747	1617	1418	2.72566	0.539898
lcl|NC_052674.1_mrna_XM_039455097.1_24748	1838	1639	0	0
lcl|NC_052674.1_mrna_XM_039455096.1_24749	1843	1644	7.27434	1.24282
lcl|NC_052674.1_mrna_XM_039455098.1_24750	1589	1390	0	0
lcl|NC_052674.1_mrna_XM_039455054.1_24751	2739	2540	0	0
lcl|NC_052674.1_mrna_XM_011169387.3_24752	2282	2083	1	0.134842
lcl|NC_052674.1_mrna_XM_026137847.2_24753	2649	2450	4.05248	0.46459
lcl|NC_052674.1_mrna_XM_039454923.1_24754	2313	2114	1646.83	218.806
lcl|NC_052674.1_mrna_XM_026137846.2_24755	1479	1280	688.172	151.009
lcl|NC_052674.1_mrna_XM_026137827.2_24756	8393	8194	75	2.57088
lcl|NC_052674.1_mrna_XM_011169388.3_24757	3884	3685	628	47.8672
lcl|NC_052674.1_mrna_XM_011169393.3_24758	2067	1868	328	49.3188
lcl|NC_052674.1_mrna_XM_011169394.3_24759	1411	1212	953.997	221.085
lcl|NC_052674.1_mrna_XM_011169395.3_24760	1366	1167	583	140.318
lcl|NC_052674.1_mrna_XM_011169396.3_24761	1027	828	737	250.007
lcl|NC_052674.1_mrna_XM_011169397.3_24762	2712	2513	417	46.6079
lcl|NC_052674.1_mrna_XM_039455288.1_24763	1062	863	0	0
lcl|NC_052674.1_mrna_XM_011169398.3_24764	1193	994	4	1.13029
lcl|NC_052674.1_mrna_XM_011169400.3_24765	1831	1632	2718.32	467.84
lcl|NC_052674.1_mrna_XM_011169401.3_24766	2172	1973	490.675	69.8526
lcl|NC_052674.1_mrna_XM_026137843.2_24767	4059	3860	0	0
lcl|NC_052674.1_mrna_XM_026137842.2_24768	4265	4066	81.3579	5.62015
lcl|NC_052674.1_mrna_XM_026137841.2_24769	4215	4016	167.296	11.7006
lcl|NC_052674.1_mrna_XM_039455160.1_24770	4212	4013	3.37185e-05	2.36002e-06
lcl|NC_052674.1_mrna_XM_039455161.1_24771	4103	3904	217.562	15.6527
lcl|NC_052674.1_mrna_XM_026137840.2_24772	4725	4526	8	0.496468
lcl|NC_052674.1_mrna_XM_039455158.1_24773	9146	8947	7.38075	0.231707
lcl|NC_052674.1_mrna_XM_039455159.1_24774	9143	8944	0.00699597	0.000219701
lcl|NC_052674.1_mrna_XM_026137832.2_24775	4082	3883	447.551	32.3736
lcl|NC_052674.1_mrna_XM_011169407.3_24776	4094	3895	478.449	34.502
lcl|NC_052674.1_mrna_XM_011169404.3_24777	1176	977	467	134.257
lcl|NC_052674.1_mrna_XM_026137831.2_24778	2211	2012	1158	161.658
lcl|NC_052674.1_mrna_XM_039455163.1_24779	4906	4707	143	8.53311
lcl|NC_052674.1_mrna_XM_011169411.3_24780	4745	4546	24	1.48285
lcl|NC_052674.1_mrna_XM_011169410.3_24781	4833	4634	27	1.63653
lcl|NC_052674.1_miscrna_XR_851029.3_24782	3750	3551	185.989	14.7113
lcl|NC_052674.1_mrna_XM_011169412.3_24783	4227	4028	159.17	11.0991
lcl|NC_052674.1_mrna_XM_039454728.1_24784	3792	3593	13.8407	1.08198
lcl|NC_052674.1_mrna_XM_039454725.1_24785	6580	6381	8.53655	0.375759
lcl|NC_052674.1_mrna_XM_039454724.1_24786	6164	5965	0	0
lcl|NC_052674.1_mrna_XM_011169414.3_24787	5078	4879	39.0958	2.25069
lcl|NC_052674.1_mrna_XM_039454727.1_24788	6481	6282	4.47755	0.200197
lcl|NC_052674.1_mrna_XM_011169415.3_24789	7895	7696	97	3.54016
lcl|NC_052674.1_mrna_XM_011169417.3_24790	4151	3952	707.93	50.314
lcl|NC_052674.1_mrna_XM_026137852.2_24791	4113	3914	179.152	12.8563
lcl|NC_052674.1_mrna_XM_026137853.2_24792	4614	4415	0	0
lcl|NC_052674.1_mrna_XM_039454912.1_24793	4940	4741	3.19451	0.189256
lcl|NC_052674.1_mrna_XM_011169418.3_24794	4569	4370	0	0
lcl|NC_052674.1_mrna_XM_011169420.3_24795	4912	4713	5.95864	0.355112
lcl|NC_052674.1_mrna_XM_011169419.3_24796	4621	4422	5.86528	0.372551
lcl|NC_052674.1_mrna_XM_011169421.3_24797	3548	3349	461.982	38.7459
lcl|NC_052674.1_mrna_XM_026137835.2_24798	6932	6733	91.7881	3.82907
lcl|NC_052674.1_mrna_XM_011169422.3_24799	6765	6566	0	0
lcl|NC_052674.1_mrna_XM_011169427.3_24800	1426	1227	180.52	41.3234
lcl|NC_052674.1_miscrna_XR_005575838.1_24801	3040	2841	430.48	42.5596
lcl|NC_052674.1_mrna_XM_011169425.3_24802	2109	1910	1152	169.408
lcl|NC_052674.1_mrna_XM_011169424.3_24803	5465	5266	147.943	7.89098
lcl|NC_052674.1_ncrna_XR_005575839.1_24804	2016	1817	2	0.309165
lcl|NC_052674.1_mrna_XM_026137836.2_24805	5326	5127	14.2684	0.781678
lcl|NC_052674.1_mrna_XM_026137838.2_24806	1086	887	221.459	70.1271
lcl|NC_052674.1_mrna_XM_039454915.1_24807	2605	2406	0	0
lcl|NC_052674.1_mrna_XM_011169429.3_24808	2489	2290	54.9467	6.7394
lcl|NC_052674.1_mrna_XM_026137837.2_24809	4863	4664	21.594	1.30044
lcl|NC_052674.1_mrna_XM_011169430.3_24810	2026	1827	240.59	36.9875
lcl|NC_052674.1_mrna_XM_011169431.3_24811	5117	4918	295.41	16.8714
lcl|NC_052674.1_mrna_XM_039454913.1_24812	2522	2323	112.728	13.6301
lcl|NC_052674.1_ncrna_XR_005575840.1_24813	431	232	2	2.42135
lcl|NC_052674.1_mrna_XM_011169432.3_24814	4583	4384	272.272	17.4441
lcl|NC_052674.1_mrna_XM_039454916.1_24815	847	648	0	0
lcl|NC_052674.1_miscrna_XR_005575786.1_24816	4020	3821	0	0
lcl|NC_052674.1_miscrna_XR_005575787.1_24817	3941	3742	0	0
lcl|NC_052674.1_mrna_XM_039454734.1_24818	1707	1508	0	0
lcl|NC_052674.1_mrna_XM_039454733.1_24819	944	745	0	0
lcl|NC_052674.1_mrna_XM_039454731.1_24820	4175	3976	413.183	29.1885
lcl|NC_052674.1_mrna_XM_039454729.1_24821	4234	4035	375.411	26.1324
lcl|NC_052674.1_mrna_XM_011168237.3_24822	4377	4178	2267.96	152.469
lcl|NC_052674.1_mrna_XM_039454730.1_24823	4439	4240	65.3535	4.32931
lcl|NC_052674.1_mrna_XM_011168236.3_24824	1942	1743	579	93.3033
lcl|NC_052674.1_mrna_XM_011168235.3_24825	1653	1454	0	0
lcl|NC_052674.1_mrna_XM_026139409.2_24826	1454	1255	35	7.83321
lcl|NC_052674.1_mrna_XM_011177964.3_24827	2231	2032	31	4.28503
lcl|NC_052674.1_mrna_XM_039455210.1_24828	1327	1128	426	106.076
lcl|NC_052674.1_mrna_XM_011168233.3_24829	2267	2068	9	1.22238
lcl|NC_052674.1_mrna_XM_026139415.2_24830	1749	1550	0	0
lcl|NC_052674.1_mrna_XM_039454737.1_24831	1774	1575	0	0
lcl|NC_052674.1_mrna_XM_011168232.3_24832	2289	2090	9.82586	1.3205
lcl|NC_052674.1_mrna_XM_039454736.1_24833	2696	2497	33.2117	3.73584
lcl|NC_052674.1_mrna_XM_039454738.1_24834	1827	1628	2.38818	0.412029
lcl|NC_052674.1_mrna_XM_026139413.2_24835	2518	2319	105.506	12.7789
lcl|NC_052674.1_mrna_XM_039454739.1_24836	2493	2294	112.068	13.7216
lcl|NC_052674.1_mrna_XM_039454743.1_24837	1197	998	31.8976	8.97725
lcl|NC_052674.1_mrna_XM_026139412.2_24838	1190	991	40.8027	11.5646
lcl|NC_052674.1_miscrna_XR_005575788.1_24839	1357	1158	11.2997	2.74078
lcl|NC_052674.1_mrna_XM_011168229.3_24840	4206	4007	413.374	28.9761
lcl|NC_052674.1_mrna_XM_039454742.1_24841	1918	1719	223.554	36.5278
lcl|NC_052674.1_mrna_XM_039454741.1_24842	1915	1716	85.0717	13.9246
lcl|NC_052674.1_ncrna_XR_850984.3_24843	746	547	0	0
lcl|NC_052674.1_mrna_XM_026139420.2_24844	7701	7502	9	0.336962
lcl|NC_052674.1_mrna_XM_026139417.2_24845	7852	7653	1.87769e-08	6.89143e-10
lcl|NC_052674.1_mrna_XM_026139418.2_24846	7857	7658	0	0
lcl|NC_052674.1_ncrna_XR_005575797.1_24847	2152	1953	0	0
lcl|NC_052674.1_ncrna_XR_005575796.1_24848	1026	827	95	32.2652
lcl|NC_052674.1_miscrna_XR_005575792.1_24849	7994	7795	0	0
lcl|NC_052674.1_miscrna_XR_005575795.1_24850	2841	2642	0	0
lcl|NC_052674.1_miscrna_XR_005575791.1_24851	7276	7077	0	0
lcl|NC_052674.1_miscrna_XR_005575793.1_24852	7123	6924	0	0
lcl|NC_052674.1_miscrna_XR_005575790.1_24853	5038	4839	0	0
lcl|NC_052674.1_miscrna_XR_005575794.1_24854	6909	6710	0	0
lcl|NC_052674.1_miscrna_XR_005575789.1_24855	7001	6802	0	0
lcl|NC_052674.1_mrna_XM_039454746.1_24856	903	704	0	0
lcl|NC_052674.1_mrna_XM_039454745.1_24857	471	272	2	2.06527
lcl|NC_052674.1_ncrna_XR_003269264.2_24858	909	710	15	5.93401
lcl|NC_052674.1_ncrna_XR_005575798.1_24859	10198	9999	0	0
lcl|NC_052674.1_mrna_XM_039455220.1_24860	1641	1442	16	3.11652
lcl|NC_052674.1_mrna_XM_011168225.3_24861	5004	4805	449	26.2463
lcl|NC_052674.1_miscrna_XR_005575799.1_24862	1333	1134	2.61518	0.647746
lcl|NC_052674.1_mrna_XM_039454747.1_24863	1024	825	1.78413	0.60742
lcl|NC_052674.1_mrna_XM_039454749.1_24864	1129	930	0.180293	0.0544519
lcl|NC_052674.1_mrna_XM_039454750.1_24865	1126	927	4.60685	1.39585
lcl|NC_052674.1_mrna_XM_039454748.1_24866	1426	1227	1.15409	0.264187
lcl|NC_052674.1_miscrna_XR_005575800.1_24867	1723	1524	0	0
lcl|NC_052674.1_ncrna_XR_005575803.1_24868	2879	2680	0	0
lcl|NC_052674.1_ncrna_XR_005575804.1_24869	2923	2724	5.14955	0.530979
lcl|NC_052674.1_ncrna_XR_005575802.1_24870	3067	2868	0	0
lcl|NC_052674.1_ncrna_XR_005575805.1_24871	1108	909	3.66003	1.13093
lcl|NC_052674.1_miscrna_XR_005575801.1_24872	1446	1247	0	0
lcl|NC_052674.1_mrna_XM_026130107.2_24873	1043	844	0	0
lcl|NC_052674.1_mrna_XM_039454751.1_24874	658	459	0	0
lcl|NC_052674.1_mrna_XM_011173608.2_24875	3303	3104	68.7795	6.22376
lcl|NC_052674.1_mrna_XM_011173609.2_24876	3255	3056	909.22	83.5664
lcl|NC_052674.1_miscrna_XR_005575806.1_24877	1844	1645	4.27508	0.729952
lcl|NC_052674.1_mrna_XM_026138274.2_24878	8838	8639	0	0
lcl|NC_052674.1_mrna_XM_026138275.2_24879	8792	8593	0	0
lcl|NC_052674.1_mrna_XM_026138271.2_24880	9518	9319	0.0751605	0.00226535
lcl|NC_052674.1_mrna_XM_011173607.3_24881	9473	9274	9.64976	0.292257
lcl|NC_052674.1_mrna_XM_026138276.2_24882	9746	9547	0	0
lcl|NC_052674.1_mrna_XM_011173604.3_24883	2629	2430	0	0
lcl|NC_052674.1_mrna_XM_026138269.2_24884	11063	10864	0	0
lcl|NC_052674.1_mrna_XM_026138268.2_24885	11068	10869	0	0
lcl|NC_052674.1_mrna_XM_026138266.2_24886	3387	3188	23.1212	2.03708
lcl|NC_052674.1_mrna_XM_026138265.2_24887	3394	3195	2.56214	0.225242
lcl|NC_052674.1_mrna_XM_026138260.2_24888	6575	6376	0	0
lcl|NC_052674.1_mrna_XM_026138255.2_24889	6820	6621	20.8804	0.885789
lcl|NC_052674.1_mrna_XM_026138264.2_24890	6040	5841	0	0
lcl|NC_052674.1_mrna_XM_026138254.2_24891	6045	5846	0	0
lcl|NC_052674.1_mrna_XM_026138258.2_24892	5582	5383	0	0
lcl|NC_052674.1_mrna_XM_026138257.2_24893	5608	5409	0	0
lcl|NC_052674.1_mrna_XM_026138259.2_24894	5272	5073	0	0
lcl|NC_052674.1_mrna_XM_039454754.1_24895	5421	5222	2.73635e-05	1.47181e-06
lcl|NC_052674.1_mrna_XM_026138262.2_24896	5452	5253	0	0
lcl|NC_052674.1_mrna_XM_026138263.2_24897	5304	5105	0	0
lcl|NC_052674.1_mrna_XM_039454753.1_24898	5362	5163	2.43623	0.132535
lcl|NC_052674.1_mrna_XM_039454755.1_24899	5378	5179	0	0
lcl|NC_052674.1_mrna_XM_026138261.2_24900	6977	6778	0	0
lcl|NC_052674.1_mrna_XM_011173602.3_24901	5044	4845	6.24402	0.361981
lcl|NC_052674.1_ncrna_XR_005575924.1_24902	928	729	1	0.38529
lcl|NC_052674.1_mrna_XM_026138252.1_24903	1499	1300	1059	228.806
lcl|NC_052674.1_mrna_XM_039455292.1_24904	5591	5392	5.4959	0.286289
lcl|NC_052674.1_mrna_XM_039455291.1_24905	5610	5411	0.161364	0.00837614
lcl|NC_052674.1_mrna_XM_039455293.1_24906	5607	5408	0.281436	0.014617
lcl|NC_052674.1_mrna_XM_039455297.1_24907	5514	5315	8.92831	0.471826
lcl|NC_052674.1_mrna_XM_039455298.1_24908	5511	5312	15.7292	0.831697
lcl|NC_052674.1_mrna_XM_039455295.1_24909	5586	5387	63.4038	3.30585
lcl|NC_052674.1_mrna_XM_039455294.1_24910	5601	5402	0	0
lcl|NC_052674.1_mrna_XM_039455296.1_24911	5577	5378	0	0
lcl|NC_052674.1_mrna_XM_039455221.1_24912	2670	2471	0	0
lcl|NC_052674.1_mrna_XM_026138279.2_24913	4859	4660	41.5485	2.50429
lcl|NC_052674.1_mrna_XM_026138278.2_24914	4915	4716	16.9415	1.00901
lcl|NC_052674.1_mrna_XM_026138277.2_24915	5115	4916	61.6595	3.52293
lcl|NC_052674.1_mrna_XM_026138280.2_24916	4273	4074	819.85	56.5235
lcl|NC_052674.1_ncrna_XR_005575921.1_24917	1737	1538	19	3.46987
lcl|NC_052674.1_mrna_XM_039454757.1_24918	3819	3620	0	0
lcl|NC_052674.1_mrna_XM_039454758.1_24919	1835	1636	0	0
lcl|NC_052674.1_ncrna_XR_005575810.1_24920	6234	6035	0	0
lcl|NC_052674.1_ncrna_XR_005575808.1_24921	4375	4176	0.0274794	0.00184826
lcl|NC_052674.1_ncrna_XR_005575809.1_24922	4353	4154	5.49397	0.37148
lcl|NC_052674.1_mrna_XM_039454759.1_24923	1720	1521	0	0
lcl|NC_052674.1_miscrna_XR_005575807.1_24924	1136	937	0	0
lcl|NC_052674.1_ncrna_XR_005575813.1_24925	509	310	0	0
lcl|NC_052674.1_ncrna_XR_005575811.1_24926	933	734	1	0.382666
lcl|NC_052674.1_ncrna_XR_005575812.1_24927	2384	2185	1	0.128548
lcl|NC_052674.1_mrna_XM_039455223.1_24928	649	450	0	0
lcl|NC_052674.1_mrna_XM_039455224.1_24929	1062	863	0	0
lcl|NC_052674.1_mrna_XM_039455157.1_24930	1047	848	0	0
lcl|NC_052674.1_mrna_XM_039455120.1_24931	1362	1163	0	0
lcl|NC_052674.1_mrna_XM_039455119.1_24932	1165	966	1.69417	0.4926
lcl|NC_052674.1_mrna_XM_039455226.1_24933	1173	974	0	0
lcl|NC_052674.1_ncrna_XR_005575873.1_24934	886	687	1	0.408845
lcl|NC_052674.1_mrna_XM_026130604.2_24935	732	533	0	0
lcl|NC_052674.1_mrna_XM_011171488.1_24936	441	242	0	0
lcl|NC_052674.1_mrna_XM_011171487.1_24937	1263	1064	1	0.263982
lcl|NC_052674.1_mrna_XM_011171486.1_24938	1248	1049	1	0.267757
lcl|NC_052674.1_mrna_XM_011171484.1_24939	1125	926	0	0
lcl|NC_052674.1_ncrna_XR_005575859.1_24940	2620	2421	0	0
lcl|NC_052674.1_ncrna_XR_005575858.1_24941	1575	1376	0	0
lcl|NC_052674.1_mrna_XM_026138977.2_24942	1104	905	0	0
lcl|NC_052674.1_mrna_XM_026138978.2_24943	538	339	0	0
lcl|NC_052674.1_mrna_XM_039454965.1_24944	1987	1788	0	0
lcl|NC_052674.1_mrna_XM_011173489.2_24945	777	578	0	0
lcl|NC_052674.1_mrna_XM_011173488.2_24946	960	761	0	0
lcl|NC_052674.1_mrna_XM_039455084.1_24947	1338	1139	0	0
lcl|NC_052674.1_mrna_XM_039455082.1_24948	1356	1157	0.777805	0.188822
lcl|NC_052674.1_mrna_XM_039455083.1_24949	1336	1137	8.80219	2.17443
lcl|NC_052674.1_mrna_XM_039455085.1_24950	1133	934	0	0
lcl|NC_052674.1_mrna_XM_026129941.2_24951	1842	1643	0	0
lcl|NC_052674.1_mrna_XM_039454927.1_24952	831	632	4.98528	2.21558
lcl|NC_052674.1_mrna_XM_039454926.1_24953	2159	1960	1	0.143304
lcl|NC_052674.1_mrna_XM_039454925.1_24954	1793	1594	0	0
lcl|NC_052674.1_mrna_XM_039455034.1_24955	1396	1197	0	0
lcl|NC_052674.1_mrna_XM_039455035.1_24956	1737	1538	0	0
lcl|NC_052674.1_ncrna_XR_005575872.1_24957	1476	1277	0	0
lcl|NC_052674.1_ncrna_XR_005575899.1_24958	628	429	3	1.96417
lcl|NC_052674.1_ncrna_XR_005575898.1_24959	786	587	0	0
lcl|NC_052674.1_ncrna_XR_005575900.1_24960	719	520	0	0
lcl|NC_052674.1_mrna_XM_039455150.1_24961	2011	1812	0.940691	0.145816
lcl|NC_052674.1_mrna_XM_039455149.1_24962	2016	1817	0.0593093	0.00916819
lcl|NC_052674.1_mrna_XM_039455051.1_24963	1783	1584	0	0
lcl|NC_052674.1_ncrna_XR_005575903.1_24964	163	8.39114	0	0
lcl|NC_052674.1_mrna_XM_039455230.1_24965	1173	974	1.18562	0.341902
lcl|NC_052674.1_mrna_XM_039455231.1_24966	1290	1091	0	0
lcl|NC_052674.1_mrna_XM_039455128.1_24967	997	798	0	0
lcl|NC_052674.1_mrna_XM_039455232.1_24968	3156	2957	0	0
lcl|NC_052674.1_mrna_XM_039455250.1_24969	2083	1884	10	1.49085
lcl|NC_052674.1_ncrna_XR_003268602.2_24970	832	633	1.15844	0.514026
lcl|NC_052674.1_mrna_XM_011166427.2_24971	1142	943	1128	335.98
lcl|NC_052674.1_mrna_XM_039454884.1_24972	1181	982	326	93.2442
lcl|NC_052674.1_mrna_XM_039454885.1_24973	1049	850	10.9979	3.63417
lcl|NC_052674.1_ncrna_XR_005575824.1_24974	256	57.1478	0	0
lcl|NC_052674.1_mrna_XM_026140138.2_24975	2510	2311	665.324	80.8629
lcl|NC_052674.1_mrna_XM_039454854.1_24976	2210	2011	0	0
lcl|NC_052674.1_mrna_XM_039454855.1_24977	2574	2375	6.6756	0.789482
lcl|NC_052674.1_mrna_XM_039454853.1_24978	2380	2181	2.17301e-05	2.79848e-06
lcl|NC_052674.1_mrna_XM_039455211.1_24979	4154	3955	5.14818	0.365614
lcl|NC_052674.1_mrna_XM_026140137.2_24980	3248	3049	124.173	11.4389
lcl|NC_052674.1_mrna_XM_039455213.1_24981	3421	3222	51.6788	4.50508
lcl|NC_052674.1_mrna_XM_026140139.2_24982	2813	2614	126.987	13.6449
lcl|NC_052674.1_mrna_XM_026140141.2_24983	2643	2444	0	0
lcl|NC_052674.1_mrna_XM_026140143.2_24984	2640	2441	0	0
lcl|NC_052674.1_mrna_XM_039455215.1_24985	2595	2396	0	0
lcl|NC_052674.1_mrna_XM_026140140.2_24986	2592	2393	150.846	17.7055
lcl|NC_052674.1_mrna_XM_026140142.2_24987	2693	2494	50.2342	5.65743
lcl|NC_052674.1_mrna_XM_026140144.2_24988	2690	2491	4.70073e-08	5.30038e-09
lcl|NC_052674.1_mrna_XM_039455214.1_24989	2562	2363	0	0
lcl|NC_052674.1_mrna_XM_026140145.2_24990	2564	2365	32.9322	3.91116
lcl|NC_052674.1_miscrna_XR_005575914.1_24991	9976	9777	0	0
lcl|NC_052674.1_miscrna_XR_005575913.1_24992	10133	9934	35.845	1.01349
lcl|NC_052674.1_miscrna_XR_005575912.1_24993	10503	10304	0	0
lcl|NC_052674.1_miscrna_XR_005575911.1_24994	10660	10461	4.68705e-06	1.25847e-07
lcl|NC_052674.1_mrna_XM_011162616.3_24995	3464	3265	134.542	11.5742
lcl|NC_052674.1_mrna_XM_039455216.1_24996	3437	3238	80.7381	7.00354
lcl|NC_052674.1_mrna_XM_039455218.1_24997	3453	3254	0	0
lcl|NC_052674.1_mrna_XM_011162618.3_24998	3572	3373	92.7372	7.72242
lcl|NC_052674.1_mrna_XM_026140152.2_24999	3450	3251	4.4137	0.381331
lcl|NC_052674.1_mrna_XM_011162617.3_25000	3569	3370	359.899	29.9962
lcl|NC_052674.1_mrna_XM_039455219.1_25001	3454	3255	0	0
lcl|NC_052674.1_mrna_XM_026140153.2_25002	3457	3258	11.9499	1.03022
lcl|NC_052674.1_mrna_XM_011162622.3_25003	1879	1680	580	96.9693
lcl|NC_052674.1_mrna_XM_026140148.2_25004	5411	5212	24.876	1.34058
lcl|NC_052674.1_mrna_XM_026140147.2_25005	5487	5288	111.124	5.90245
lcl|NC_052674.1_mrna_XM_011162623.3_25006	1685	1486	889.607	168.149
lcl|NC_052674.1_mrna_XM_039455275.1_25007	1485	1286	7.30988	1.59656
lcl|NC_052674.1_mrna_XM_026140149.2_25008	1704	1505	7.62167	1.42243
lcl|NC_052674.1_mrna_XM_039455276.1_25009	1123	924	27.4615	8.34771
lcl|NC_052674.1_mrna_XM_039455273.1_25010	3295	3096	0	0
lcl|NC_052674.1_mrna_XM_011162624.3_25011	589	390	0	0
lcl|NC_052674.1_mrna_XM_011172154.3_25012	3485	3286	35.1039	3.00057
lcl|NC_052674.1_mrna_XM_026141207.2_25013	3290	3091	0	0
lcl|NC_052674.1_mrna_XM_011172153.3_25014	3432	3233	0	0
lcl|NC_052674.1_mrna_XM_039455274.1_25015	2714	2515	0	0
lcl|NC_052674.1_miscrna_XR_851152.3_25016	2933	2734	175.291	18.0085
lcl|NC_052674.1_mrna_XM_011172155.3_25017	2768	2569	0	0
lcl|NC_052674.1_mrna_XM_011172156.3_25018	5654	5455	32.4604	1.67138
lcl|NC_052674.1_mrna_XM_026141206.2_25019	5603	5404	46.0854	2.39532
lcl|NC_052674.1_mrna_XM_011172157.3_25020	5639	5440	0.0590682	0.00304979
lcl|NC_052674.1_mrna_XM_039454790.1_25021	2729	2530	0	0
lcl|NC_052674.1_mrna_XM_039454791.1_25022	2721	2522	0	0
lcl|NC_052674.1_mrna_XM_039454792.1_25023	2767	2568	0	0
lcl|NC_052674.1_mrna_XM_039454789.1_25024	2597	2398	0	0
lcl|NC_052674.1_mrna_XM_026141491.2_25025	753	554	2.15973	1.09498
lcl|NC_052674.1_mrna_XM_039454794.1_25026	1674	1475	0	0
lcl|NC_052674.1_miscrna_XR_005575820.1_25027	1144	945	0	0
lcl|NC_052674.1_miscrna_XR_005575821.1_25028	1121	922	0	0
lcl|NC_052674.1_miscrna_XR_005575819.1_25029	1240	1041	0	0
lcl|NC_052674.1_mrna_XM_039454793.1_25030	881	682	0	0
lcl|NC_052674.1_mrna_XM_039454800.1_25031	990	791	0	0
lcl|NC_052674.1_mrna_XM_039455209.1_25032	566	367	0	0
lcl|NC_052674.1_mrna_XM_039454801.1_25033	3912	3713	0	0
lcl|NC_052674.1_miscrna_XR_005575882.1_25034	4416	4217	3.30481	0.22012
lcl|NC_052674.1_mrna_XM_039455068.1_25035	4504	4305	0	0
lcl|NC_052674.1_mrna_XM_026140749.2_25036	4571	4372	0	0
lcl|NC_052674.1_mrna_XM_011165850.1_25037	978	779	0	0
lcl|NC_052674.1_mrna_XM_039454840.1_25038	3940	3741	0	0
lcl|NC_052674.1_mrna_XM_039454839.1_25039	3483	3284	0	0
lcl|NC_052674.1_mrna_XM_039454843.1_25040	1186	987	0	0
lcl|NC_052674.1_mrna_XM_039454846.1_25041	3085	2886	0	0
lcl|NC_052674.1_mrna_XM_039454845.1_25042	3084	2885	0	0
lcl|NC_052674.1_mrna_XM_039454841.1_25043	1140	941	0	0
lcl|NC_052674.1_mrna_XM_039454842.1_25044	1334	1135	0	0
lcl|NC_052674.1_miscrna_XR_005575822.1_25045	1118	919	0	0
lcl|NC_052674.1_mrna_XM_039454844.1_25046	2339	2140	2.34392	0.307642
lcl|NC_052674.1_mrna_XM_026140747.2_25047	1426	1227	1.65608	0.379099
lcl|NC_052674.1_mrna_XM_026131860.2_25048	2698	2499	0	0
lcl|NC_052674.1_mrna_XM_026131850.2_25049	2701	2502	0	0
lcl|NC_052674.1_mrna_XM_039455090.1_25050	3622	3423	12.1982	1.00093
lcl|NC_052674.1_mrna_XM_039455089.1_25051	3652	3453	0	0
lcl|NC_052674.1_mrna_XM_039455093.1_25052	3920	3721	82.2601	6.20934
lcl|NC_052674.1_mrna_XM_039455092.1_25053	3965	3766	180.542	13.4652
lcl|NC_052674.1_mrna_XM_039455091.1_25054	3617	3418	0	0
lcl|NC_052674.1_ncrna_XR_005575897.1_25055	231	34.449	0	0
lcl|NC_052674.1_trna_25056	76	3.6135	0	0
lcl|NC_052674.1_miscrna_XR_005575863.1_25057	1476	1277	22.2067	4.88437
lcl|NC_052674.1_miscrna_XR_005575864.1_25058	1449	1250	13.1727	2.95993
lcl|NC_052674.1_miscrna_XR_005575862.1_25059	1619	1420	181.621	35.9246
lcl|NC_052674.1_mrna_XM_039454715.1_25060	1815	1616	1202.08	208.934
lcl|NC_052674.1_mrna_XM_026140023.2_25061	1924	1725	0	0
lcl|NC_052674.1_mrna_XM_026140024.2_25062	1829	1630	26.5276	4.57115
lcl|NC_052674.1_mrna_XM_026140027.2_25063	1693	1494	26.3887	4.96116
lcl|NC_052674.1_mrna_XM_039454719.1_25064	3964	3765	0	0
lcl|NC_052674.1_mrna_XM_039454720.1_25065	3607	3408	14	1.15384
lcl|NC_052674.1_mrna_XM_039454718.1_25066	1696	1497	0	0
lcl|NC_052674.1_mrna_XM_026140026.2_25067	1785	1586	0	0
lcl|NC_052674.1_mrna_XM_039454717.1_25068	1693	1494	0	0
lcl|NC_052674.1_mrna_XM_026141896.2_25069	2514	2315	0	0
lcl|NC_052674.1_mrna_XM_039455033.1_25070	1822	1623	0	0
lcl|NC_052674.1_mrna_XM_039454803.1_25071	3582	3383	0	0
lcl|NC_052674.1_mrna_XM_039455066.1_25072	3483	3284	3.19806	0.273526
lcl|NC_052674.1_mrna_XM_039455065.1_25073	1912	1713	3.23973e-05	5.31211e-06
lcl|NC_052674.1_mrna_XM_039454805.1_25074	957	758	0	0
lcl|NC_052674.1_mrna_XM_026141171.1_25075	990	791	0	0
lcl|NC_052674.1_mrna_XM_039455172.1_25076	705	506	0	0
lcl|NC_052674.1_mrna_XM_039454806.1_25077	837	638	0	0
lcl|NC_052674.1_mrna_XM_026141173.2_25078	4992	4793	0	0
lcl|NC_052674.1_mrna_XM_026139626.2_25079	713	514	0	0
lcl|NC_052674.1_mrna_XM_039454807.1_25080	636	437	0	0
lcl|NC_052674.1_mrna_XM_011170522.1_25081	1296	1097	0	0
lcl|NC_052674.1_mrna_XM_039454808.1_25082	783	584	0	0
lcl|NC_052674.1_mrna_XM_039454809.1_25083	1146	947	0	0
lcl|NC_052674.1_mrna_XM_039455229.1_25084	1845	1646	0	0
lcl|NC_052674.1_mrna_XM_011172592.3_25085	1494	1295	246.649	53.4965
lcl|NC_052674.1_mrna_XM_039455118.1_25086	1448	1249	6.27631	1.41142
lcl|NC_052674.1_mrna_XM_011171051.1_25087	1716	1517	0	0
lcl|NC_052674.1_mrna_XM_039454811.1_25088	7985	7786	2	0.0721492
lcl|NC_052674.1_mrna_XM_026139361.2_25089	4682	4483	0	0
lcl|NC_052674.1_miscrna_XR_005575847.1_25090	457	258	0	0
lcl|NC_052674.1_ncrna_XR_005575849.1_25091	533	334	0	0
lcl|NC_052674.1_ncrna_XR_005575848.1_25092	635	436	0	0
lcl|NC_052674.1_ncrna_XR_005575880.1_25093	2675	2476	5.08265	0.576574
lcl|NC_052674.1_mrna_XM_011166947.1_25094	822	623	0	0
lcl|NC_052674.1_miscrna_XR_005575917.1_25095	5467	5268	0	0
lcl|NC_052674.1_mrna_XM_039455238.1_25096	5579	5380	0	0
lcl|NC_052674.1_mrna_XM_039455241.1_25097	2865	2666	0	0
lcl|NC_052674.1_mrna_XM_039455234.1_25098	7265	7066	0.00241805	9.61188e-05
lcl|NC_052674.1_mrna_XM_039455235.1_25099	7328	7129	3.28791e-07	1.29541e-08
lcl|NC_052674.1_mrna_XM_039455233.1_25100	7215	7016	2.99758	0.120004
lcl|NC_052674.1_mrna_XM_039455237.1_25101	10578	10379	0	0
lcl|NC_052674.1_mrna_XM_039455236.1_25102	10690	10491	0	0
lcl|NC_052674.1_mrna_XM_039455242.1_25103	656	457	1.5627	0.960452
lcl|NC_052674.1_mrna_XM_039455243.1_25104	2228	2029	0	0
lcl|NC_052674.1_miscrna_XR_005575918.1_25105	1748	1549	1	0.181328
lcl|NC_052674.1_mrna_XM_039455244.1_25106	814	615	0	0
lcl|NC_052674.1_miscrna_XR_005575919.1_25107	257	58.1281	0	0
lcl|NC_052674.1_mrna_XM_026135057.2_25108	2212	2013	0	0
lcl|NC_052674.1_mrna_XM_039455067.1_25109	1273	1074	0	0
lcl|NC_052674.1_mrna_XM_039454812.1_25110	1317	1118	0	0
lcl|NC_052674.1_mrna_XM_039454813.1_25111	1794	1595	0	0
lcl|NC_052674.1_mrna_XM_039454814.1_25112	990	791	0	0
lcl|NC_052674.1_ncrna_XR_005575916.1_25113	4501	4302	1	0.0652898
lcl|NC_052674.1_mrna_XM_039455053.1_25114	2424	2225	4	0.504947
lcl|NC_052674.1_mrna_XM_026141602.2_25115	1212	1013	0	0
lcl|NC_052674.1_mrna_XM_039455104.1_25116	2713	2514	0	0
lcl|NC_052674.1_mrna_XM_039455106.1_25117	2668	2469	0	0
lcl|NC_052674.1_mrna_XM_039455102.1_25118	2901	2702	280.926	29.2027
lcl|NC_052674.1_mrna_XM_039455103.1_25119	3616	3417	8.11487	0.667041
lcl|NC_052674.1_trna_25120	76	3.6135	0	0
lcl|NC_052674.1_mrna_XM_039455105.1_25121	2704	2505	29.9587	3.35916
lcl|NC_052674.1_ncrna_XR_005575901.1_25122	2453	2254	8	0.9969
lcl|NC_052674.1_mrna_XM_026139060.2_25123	2396	2197	2.01349	0.257416
lcl|NC_052674.1_mrna_XM_026139058.2_25124	1443	1244	842	190.111
lcl|NC_052674.1_miscrna_XR_005575902.1_25125	5219	5020	0	0
lcl|NC_052674.1_mrna_XM_039455116.1_25126	3911	3712	0	0
lcl|NC_052674.1_mrna_XM_039455114.1_25127	1162	963	16.5312	4.82163
lcl|NC_052674.1_mrna_XM_039455117.1_25128	7457	7258	0	0
lcl|NC_052674.1_mrna_XM_039455115.1_25129	3364	3165	5.49176	0.487364
lcl|NC_052674.1_mrna_XM_039455110.1_25130	2954	2755	0	0
lcl|NC_052674.1_mrna_XM_039455109.1_25131	2975	2776	0	0
lcl|NC_052674.1_mrna_XM_039455108.1_25132	3047	2848	0	0
lcl|NC_052674.1_mrna_XM_039455107.1_25133	3076	2877	1	0.0976283
lcl|NC_052674.1_mrna_XM_039455111.1_25134	2713	2514	0	0
lcl|NC_052674.1_mrna_XM_039455113.1_25135	7800	7601	0	0
lcl|NC_052674.1_mrna_XM_039455112.1_25136	7777	7578	0	0
lcl|NC_052674.1_mrna_XM_039454815.1_25137	2868	2669	0.5	0.0526183
lcl|NC_052674.1_mrna_XM_039454816.1_25138	2868	2669	0.5	0.0526183
lcl|NC_052674.1_mrna_XM_039454817.1_25139	1179	980	0	0
lcl|NC_052674.1_mrna_XM_011174457.3_25140	988	789	1.43126	0.509515
lcl|NC_052674.1_mrna_XM_039455301.1_25141	1466	1267	7.22081	1.60076
lcl|NC_052674.1_mrna_XM_039455300.1_25142	1678	1479	6.05658	1.1502
lcl|NC_052674.1_mrna_XM_039455302.1_25143	2117	1918	36.4474	5.33745
lcl|NC_052674.1_mrna_XM_039455305.1_25144	1438	1239	9.95244	2.25618
lcl|NC_052674.1_mrna_XM_039455306.1_25145	1180	981	0	0
lcl|NC_052674.1_mrna_XM_039455303.1_25146	1559	1360	7.26092	1.49958
lcl|NC_052674.1_mrna_XM_039455304.1_25147	1392	1193	0	0
lcl|NC_052674.1_mrna_XM_039455307.1_25148	1334	1135	0	0
lcl|NC_052674.1_mrna_XM_026140216.2_25149	1369	1170	14.5563	3.49446
lcl|NC_052674.1_mrna_XM_026140214.2_25150	1158	959	8.67788	2.54162
lcl|NC_052674.1_trna_25151	76	3.6135	0	0
lcl|NC_052674.1_mrna_XM_039455308.1_25152	2376	2177	109.235	14.0935
lcl|NC_052674.1_ncrna_XR_005575925.1_25153	1739	1540	10.5106	1.91699
lcl|NC_052674.1_mrna_XM_026140211.2_25154	1258	1059	0	0
lcl|NC_052674.1_mrna_XM_026140212.2_25155	939	740	9.53084	3.61756
lcl|NC_052674.1_mrna_XM_026140213.2_25156	1048	849	0	0
lcl|NC_052674.1_ncrna_XR_005575845.1_25157	1870	1671	0	0
lcl|NC_052674.1_mrna_XM_039454818.1_25158	747	548	0	0
lcl|NC_052674.1_mrna_XM_011173222.2_25159	1107	908	0	0
lcl|NC_052674.1_mrna_XM_026141260.1_25160	1176	977	0	0
lcl|NC_052674.1_mrna_XM_039454819.1_25161	1203	1004	0	0
lcl|NC_052674.1_mrna_XM_039455036.1_25162	1088	889	0	0
lcl|NC_052674.1_ncrna_XR_005575878.1_25163	577	378	0	0
lcl|NC_052674.1_ncrna_XR_005575874.1_25164	1632	1433	0	0
lcl|NC_052674.1_mrna_XM_039454777.1_25165	1724	1525	27.1058	4.99238
lcl|NC_052674.1_mrna_XM_039454778.1_25166	1697	1498	5.41154e-08	1.01467e-08
lcl|NC_052674.1_mrna_XM_039454779.1_25167	1690	1491	170.894	32.1933
lcl|NC_052674.1_mrna_XM_011171579.2_25168	954	755	0	0
lcl|NC_052674.1_mrna_XM_026137705.2_25169	6431	6232	0	0
lcl|NC_052674.1_miscrna_XR_005575831.1_25170	6279	6080	0	0
lcl|NC_052674.1_miscrna_XR_005575832.1_25171	6055	5856	0	0
lcl|NC_052674.1_miscrna_XR_003269038.2_25172	5903	5704	0	0
lcl|NC_052674.1_ncrna_XR_005575881.1_25173	1812	1613	0	0
lcl|NC_052674.1_mrna_XM_039454820.1_25174	5040	4841	0	0
lcl|NC_052674.1_mrna_XM_039454821.1_25175	3858	3659	0	0
lcl|NC_052674.1_mrna_XM_026137700.1_25176	1248	1049	0	0
lcl|NC_052674.1_mrna_XM_039454822.1_25177	687	488	0	0
lcl|NC_052674.1_ncrna_XR_003269037.2_25178	1213	1014	4	1.10799
lcl|NC_052674.1_mrna_XM_011171666.1_25179	1164	965	0	0
lcl|NC_052674.1_ncrna_XR_005575896.1_25180	2999	2800	2	0.200626
lcl|NC_052674.1_mrna_XM_026137701.1_25181	609	410	0	0
lcl|NC_052674.1_mrna_XM_039454929.1_25182	1321	1122	2.30246	0.576387
lcl|NC_052674.1_mrna_XM_039454928.1_25183	1177	978	5.69754	1.63631
lcl|NC_052674.1_mrna_XM_039454930.1_25184	671	472	4	2.38031
lcl|NC_052674.1_mrna_XM_039454823.1_25185	2355	2156	0	0
lcl|NC_052674.1_mrna_XM_026141191.1_25186	558	359	0	0
lcl|NC_052674.1_mrna_XM_039454825.1_25187	2016	1817	0	0
lcl|NC_052674.1_mrna_XM_039454826.1_25188	2637	2438	0	0
lcl|NC_052674.1_ncrna_XR_005575865.1_25189	615	416	2.1703	1.46536
lcl|NC_052674.1_ncrna_XR_005575871.1_25190	1444	1245	0	0
lcl|NC_052675.1_mrna_XM_039456006.1_25191	1519	1320	0	0
lcl|NC_052675.1_mrna_XM_039456113.1_25192	3758	3559	0	0
lcl|NC_052675.1_mrna_XM_039455990.1_25193	691	492	0	0
lcl|NC_052675.1_mrna_XM_039455989.1_25194	804	605	0	0
lcl|NC_052675.1_mrna_XM_039456022.1_25195	1984	1785	0	0
lcl|NC_052675.1_mrna_XM_039456112.1_25196	1582	1383	0	0
lcl|NC_052675.1_miscrna_XR_005576039.1_25197	1802	1603	0	0
lcl|NC_052675.1_miscrna_XR_005576038.1_25198	2417	2218	0	0
lcl|NC_052675.1_miscrna_XR_005576040.1_25199	2388	2189	0	0
lcl|NC_052675.1_miscrna_XR_005576004.1_25200	2252	2053	0	0
lcl|NC_052675.1_miscrna_XR_005576005.1_25201	2097	1898	0	0
lcl|NC_052675.1_mrna_XM_039455842.1_25202	3715	3516	0	0
lcl|NC_052675.1_mrna_XM_039455841.1_25203	3885	3686	0	0
lcl|NC_052675.1_mrna_XM_039455843.1_25204	3671	3472	0	0
lcl|NC_052675.1_mrna_XM_039455846.1_25205	3500	3301	0	0
lcl|NC_052675.1_mrna_XM_039455844.1_25206	3638	3439	0	0
lcl|NC_052675.1_mrna_XM_039455848.1_25207	3467	3268	0	0
lcl|NC_052675.1_mrna_XM_039455845.1_25208	2442	2243	0	0
lcl|NC_052675.1_miscrna_XR_005576006.1_25209	3073	2874	0	0
lcl|NC_052675.1_mrna_XM_039455847.1_25210	2161	1962	0	0
lcl|NC_052675.1_ncrna_XR_005576056.1_25211	1866	1667	3	0.505477
lcl|NC_052675.1_mrna_XM_039455338.1_25212	463	264	0	0
lcl|NC_052675.1_mrna_XM_039455333.1_25213	3716	3517	1.19277	0.0952574
lcl|NC_052675.1_mrna_XM_039455332.1_25214	3713	3514	2.80723	0.224384
lcl|NC_052675.1_mrna_XM_039455337.1_25215	2179	1980	3	0.425571
lcl|NC_052675.1_mrna_XM_039455339.1_25216	1313	1114	0	0
lcl|NC_052675.1_mrna_XM_039455336.1_25217	1372	1173	0	0
lcl|NC_052675.1_mrna_XM_026139732.2_25218	1637	1438	236.519	46.1979
lcl|NC_052675.1_mrna_XM_039455335.1_25219	1637	1438	1.75232	0.34227
lcl|NC_052675.1_mrna_XM_039455911.1_25220	1721	1522	62.6495	11.5616
lcl|NC_052675.1_mrna_XM_039455914.1_25221	1304	1105	37.238	9.46542
lcl|NC_052675.1_mrna_XM_039456205.1_25222	5153	4954	28.806	1.63321
lcl|NC_052675.1_mrna_XM_039456208.1_25223	4988	4789	88.0932	5.1667
lcl|NC_052675.1_mrna_XM_039456207.1_25224	5126	4927	1.09012	0.0621452
lcl|NC_052675.1_mrna_XM_039456206.1_25225	5150	4951	0.0106482	0.000604088
lcl|NC_052675.1_miscrna_XR_005576085.1_25226	4877	4678	0	0
lcl|NC_052675.1_mrna_XM_039456209.1_25227	4938	4739	0	0
lcl|NC_052675.1_mrna_XM_039456335.1_25228	2338	2139	5	0.656561
lcl|NC_052675.1_mrna_XM_039456338.1_25229	2343	2144	0	0
lcl|NC_052675.1_mrna_XM_039456337.1_25230	2341	2142	0	0
lcl|NC_052675.1_mrna_XM_039456336.1_25231	2464	2265	0	0
lcl|NC_052675.1_mrna_XM_039456256.1_25232	1525	1326	4	0.84729
lcl|NC_052675.1_mrna_XM_011163423.3_25233	1715	1516	75.8772	14.0581
lcl|NC_052675.1_mrna_XM_026140208.2_25234	4912	4713	0	0
lcl|NC_052675.1_mrna_XM_026140207.2_25235	1461	1262	497.123	110.642
lcl|NC_052675.1_mrna_XM_039456023.1_25236	3984	3785	0	0
lcl|NC_052675.1_mrna_XM_039456024.1_25237	7904	7705	1.0012	0.0364974
lcl|NC_052675.1_mrna_XM_039456025.1_25238	789	590	0	0
lcl|NC_052675.1_mrna_XM_039455941.1_25239	8422	8223	3.40196	0.116202
lcl|NC_052675.1_mrna_XM_011171106.1_25240	795	596	0	0
lcl|NC_052675.1_mrna_XM_039455918.1_25241	5002	4803	0	0
lcl|NC_052675.1_ncrna_XR_005576030.1_25242	1089	890	2	0.631184
lcl|NC_052675.1_mrna_XM_039455919.1_25243	856	657	1	0.427514
lcl|NC_052675.1_mrna_XM_039456071.1_25244	1261	1062	0	0
lcl|NC_052675.1_mrna_XM_039456309.1_25245	1023	824	0	0
lcl|NC_052675.1_mrna_XM_039456308.1_25246	1714	1515	0	0
lcl|NC_052675.1_mrna_XM_039456307.1_25247	1486	1287	0	0
lcl|NC_052675.1_mrna_XM_011170599.3_25248	2257	2058	0	0
lcl|NC_052675.1_mrna_XM_039456306.1_25249	2698	2499	0	0
lcl|NC_052675.1_mrna_XM_039456027.1_25250	2284	2085	0	0
lcl|NC_052675.1_mrna_XM_011173315.3_25251	2908	2709	0	0
lcl|NC_052675.1_mrna_XM_039456304.1_25252	2360	2161	0	0
lcl|NC_052675.1_mrna_XM_039456305.1_25253	2205	2006	0	0
lcl|NC_052675.1_mrna_XM_039456028.1_25254	729	530	0	0
lcl|NC_052675.1_mrna_XM_039456310.1_25255	2263	2064	89.5797	12.1903
lcl|NC_052675.1_mrna_XM_039456032.1_25256	1035	836	34.4203	11.5644
lcl|NC_052675.1_ncrna_XR_005576101.1_25257	4628	4429	1.32999	0.0843446
lcl|NC_052675.1_mrna_XM_039455780.1_25258	3881	3682	0	0
lcl|NC_052675.1_mrna_XM_039455779.1_25259	3990	3791	3.36852	0.249575
lcl|NC_052675.1_mrna_XM_039455778.1_25260	4293	4094	0	0
lcl|NC_052675.1_ncrna_XR_005575990.1_25261	4752	4553	11.303	0.697289
lcl|NC_052675.1_mrna_XM_039455777.1_25262	2733	2534	4.1999	0.46553
lcl|NC_052675.1_mrna_XM_039456033.1_25263	954	755	0	0
lcl|NC_052675.1_ncrna_XR_005575969.1_25264	2864	2665	0	0
lcl|NC_052675.1_ncrna_XR_005575968.1_25265	2938	2739	1.67001	0.171255
lcl|NC_052675.1_ncrna_XR_005575967.1_25266	3004	2805	0	0
lcl|NC_052675.1_mrna_XM_039455707.1_25267	7907	7708	2	0.0728793
lcl|NC_052675.1_mrna_XM_039456034.1_25268	834	635	0	0
lcl|NC_052675.1_mrna_XM_039456035.1_25269	1626	1427	0	0
lcl|NC_052675.1_mrna_XM_039456036.1_25270	1206	1007	0	0
lcl|NC_052675.1_mrna_XM_039456038.1_25271	2016	1817	0	0
lcl|NC_052675.1_mrna_XM_039456039.1_25272	2031	1832	0	0
lcl|NC_052675.1_mrna_XM_039456040.1_25273	3867	3668	0	0
lcl|NC_052675.1_mrna_XM_039456041.1_25274	564	365	0	0
lcl|NC_052675.1_mrna_XM_039456042.1_25275	2088	1889	0	0
lcl|NC_052675.1_mrna_XM_039456043.1_25276	909	710	0	0
lcl|NC_052675.1_mrna_XM_026137405.1_25277	441	242	0	0
lcl|NC_052675.1_mrna_XM_039456044.1_25278	855	656	0	0
lcl|NC_052675.1_mrna_XM_011173584.1_25279	1015	816	0	0
lcl|NC_052675.1_mrna_XM_039456013.1_25280	3544	3345	2.25388	0.189256
lcl|NC_052675.1_mrna_XM_039456012.1_25281	3345	3146	0	0
lcl|NC_052675.1_mrna_XM_039456014.1_25282	3345	3146	0	0
lcl|NC_052675.1_mrna_XM_039456011.1_25283	3539	3340	10.105	0.849776
lcl|NC_052675.1_mrna_XM_011176277.3_25284	1836	1637	0	0
lcl|NC_052675.1_mrna_XM_039456045.1_25285	3402	3203	0	0
lcl|NC_052675.1_mrna_XM_026141769.2_25286	2055	1856	0	0
lcl|NC_052675.1_mrna_XM_039456010.1_25287	1294	1095	107	27.4464
lcl|NC_052675.1_ncrna_XR_005576031.1_25288	844	645	51	22.2089
lcl|NC_052675.1_ncrna_XR_005576032.1_25289	408	209	8	10.7513
lcl|NC_052675.1_mrna_XM_039456046.1_25290	4164	3965	0	0
lcl|NC_052675.1_mrna_XM_039456029.1_25291	1377	1178	0	0
lcl|NC_052675.1_mrna_XM_039456031.1_25292	1382	1183	0	0
lcl|NC_052675.1_mrna_XM_039456030.1_25293	1521	1322	1.21926	0.259049
lcl|NC_052675.1_mrna_XM_011176201.3_25294	1050	851	0	0
lcl|NC_052675.1_mrna_XM_039456047.1_25295	1575	1376	0	0
lcl|NC_052675.1_mrna_XM_039456048.1_25296	603	404	0	0
lcl|NC_052675.1_mrna_XM_026140790.2_25297	4079	3880	178.223	12.9018
lcl|NC_052675.1_mrna_XM_011172291.3_25298	4223	4024	425.455	29.6969
lcl|NC_052675.1_miscrna_XR_003269445.2_25299	4165	3966	73.3218	5.19273
lcl|NC_052675.1_mrna_XM_039456295.1_25300	2435	2236	0	0
lcl|NC_052675.1_mrna_XM_039456293.1_25301	2295	2096	122.703	16.443
lcl|NC_052675.1_mrna_XM_039456294.1_25302	4397	4198	0	0
lcl|NC_052675.1_mrna_XM_039456297.1_25303	4195	3996	3.31459	0.232981
lcl|NC_052675.1_mrna_XM_039456299.1_25304	1767	1568	42.9139	7.6872
lcl|NC_052675.1_mrna_XM_039456292.1_25305	3554	3355	57.0684	4.7777
lcl|NC_052675.1_miscrna_XR_005576099.1_25306	2779	2580	0	0
lcl|NC_052675.1_mrna_XM_039456300.1_25307	2553	2354	0	0
lcl|NC_052675.1_miscrna_XR_005576100.1_25308	2681	2482	0	0
lcl|NC_052675.1_mrna_XM_039456298.1_25309	2063	1864	0	0
lcl|NC_052675.1_mrna_XM_039456301.1_25310	2420	2221	2	0.252928
lcl|NC_052675.1_mrna_XM_039456302.1_25311	2169	1970	0	0
lcl|NC_052675.1_mrna_XM_039455997.1_25312	3019	2820	0	0
lcl|NC_052675.1_mrna_XM_039455996.1_25313	3032	2833	0	0
lcl|NC_052675.1_mrna_XM_039455998.1_25314	2913	2714	0	0
lcl|NC_052675.1_mrna_XM_039455999.1_25315	3494	3295	0	0
lcl|NC_052675.1_mrna_XM_039455993.1_25316	3006	2807	0	0
lcl|NC_052675.1_mrna_XM_039455995.1_25317	2963	2764	0	0
lcl|NC_052675.1_mrna_XM_039455994.1_25318	3002	2803	0	0
lcl|NC_052675.1_mrna_XM_011162380.3_25319	1343	1144	3.51429	0.862835
lcl|NC_052675.1_mrna_XM_026140098.2_25320	5888	5689	48.5131	2.39518
lcl|NC_052675.1_mrna_XM_026140097.2_25321	8772	8573	2.97261	0.0973914
lcl|NC_052675.1_mrna_XM_011162381.3_25322	8723	8524	0	0
lcl|NC_052675.1_mrna_XM_039455992.1_25323	8741	8542	0	0
lcl|NC_052675.1_mrna_XM_039455991.1_25324	9242	9043	0	0
lcl|NC_052675.1_miscrna_XR_005576057.1_25325	1356	1157	1	0.242763
lcl|NC_052675.1_mrna_XM_039456049.1_25326	1314	1115	0	0
lcl|NC_052675.1_mrna_XM_039456058.1_25327	1425	1226	0	0
lcl|NC_052675.1_mrna_XM_039455976.1_25328	1374	1175	0	0
lcl|NC_052675.1_ncrna_XR_005576069.1_25329	2561	2362	0	0
lcl|NC_052675.1_mrna_XM_026141623.1_25330	2343	2144	0	0
lcl|NC_052675.1_mrna_XM_011175924.3_25331	969	770	0	0
lcl|NC_052675.1_mrna_XM_039456050.1_25332	1198	999	21.8357	6.13929
lcl|NC_052675.1_mrna_XM_039455930.1_25333	2947	2748	47.9999	4.90613
lcl|NC_052675.1_mrna_XM_039455932.1_25334	2923	2724	9.16216e-05	9.44727e-06
lcl|NC_052675.1_mrna_XM_039455931.1_25335	2879	2680	4.29371e-07	4.50001e-08
lcl|NC_052675.1_mrna_XM_039456051.1_25336	3666	3467	0	0
lcl|NC_052675.1_mrna_XM_039456052.1_25337	2712	2513	0	0
lcl|NC_052675.1_mrna_XM_039456053.1_25338	795	596	0	0
lcl|NC_052675.1_mrna_XM_039456054.1_25339	1254	1055	0	0
lcl|NC_052675.1_mrna_XM_039455765.1_25340	1720	1521	27	4.98598
lcl|NC_052675.1_mrna_XM_039455764.1_25341	2208	2009	22.6812	3.17104
lcl|NC_052675.1_mrna_XM_026140433.2_25342	2437	2238	29.3188	3.67961
lcl|NC_052675.1_mrna_XM_026140435.2_25343	1902	1703	0	0
lcl|NC_052675.1_mrna_XM_011157218.3_25344	1842	1643	4.09247	0.699622
lcl|NC_052675.1_mrna_XM_039455951.1_25345	1842	1643	0	0
lcl|NC_052675.1_mrna_XM_039455949.1_25346	2093	1894	4.65008	0.689598
lcl|NC_052675.1_mrna_XM_039455950.1_25347	2223	2024	6.28731	0.872509
lcl|NC_052675.1_mrna_XM_026140432.2_25348	2958	2759	0	0
lcl|NC_052675.1_mrna_XM_039456129.1_25349	676	477	0	0
lcl|NC_052675.1_mrna_XM_026140537.1_25350	1779	1580	0	0
lcl|NC_052675.1_mrna_XM_039455879.1_25351	3539	3340	7.40306	0.622559
lcl|NC_052675.1_mrna_XM_039456055.1_25352	3639	3440	0	0
lcl|NC_052675.1_mrna_XM_039456056.1_25353	699	500	0.5	0.280877
lcl|NC_052675.1_mrna_XM_039455940.1_25354	4893	4694	0	0
lcl|NC_052675.1_mrna_XM_039456026.1_25355	831	632	0	0
lcl|NC_052675.1_mrna_XM_011176111.3_25356	1479	1280	0	0
lcl|NC_052675.1_mrna_XM_039456059.1_25357	1244	1045	0	0
lcl|NC_052675.1_ncrna_XR_005576091.1_25358	651	452	0	0
lcl|NC_052675.1_ncrna_XR_005576092.1_25359	513	314	0	0
lcl|NC_052675.1_mrna_XM_039455345.1_25360	417	218	0	0
lcl|NC_052675.1_mrna_XM_039455346.1_25361	5373	5174	5	0.271431
lcl|NC_052675.1_mrna_XM_039456267.1_25362	5205	5006	0	0
lcl|NC_052675.1_mrna_XM_039456266.1_25363	5280	5081	0	0
lcl|NC_052675.1_mrna_XM_039455347.1_25364	1287	1088	0	0
lcl|NC_052675.1_mrna_XM_026140603.2_25365	1864	1665	1	0.168695
lcl|NC_052675.1_mrna_XM_026140600.1_25366	720	521	0	0
lcl|NC_052675.1_mrna_XM_011159136.2_25367	962	763	67	24.6641
lcl|NC_052675.1_mrna_XM_026140601.2_25368	3603	3404	1	0.0825137
lcl|NC_052675.1_ncrna_XR_005576093.1_25369	3937	3738	1	0.0751409
lcl|NC_052675.1_mrna_XM_039455349.1_25370	1323	1124	0	0
lcl|NC_052675.1_mrna_XM_039456268.1_25371	2077	1878	0	0
lcl|NC_052675.1_mrna_XM_039456269.1_25372	2122	1923	0	0
lcl|NC_052675.1_miscrna_XR_005576090.1_25373	1002	803	2	0.699568
lcl|NC_052675.1_mrna_XM_039456271.1_25374	882	683	0	0
lcl|NC_052675.1_mrna_XM_039455350.1_25375	1639	1440	0	0
lcl|NC_052675.1_mrna_XM_026141348.2_25376	4917	4718	0	0
lcl|NC_052675.1_mrna_XM_039455351.1_25377	1357	1158	0	0
lcl|NC_052675.1_mrna_XM_039455353.1_25378	876	677	0	0
lcl|NC_052675.1_mrna_XM_039455354.1_25379	1230	1031	0	0
lcl|NC_052675.1_mrna_XM_039456270.1_25380	851	652	0	0
lcl|NC_052675.1_mrna_XM_039456272.1_25381	833	634	0	0
lcl|NC_052675.1_mrna_XM_039455356.1_25382	4689	4490	0	0
lcl|NC_052675.1_mrna_XM_039455357.1_25383	699	500	0	0
lcl|NC_052675.1_mrna_XM_026138590.2_25384	1113	914	0	0
lcl|NC_052675.1_mrna_XM_026133217.2_25385	1768	1569	0	0
lcl|NC_052675.1_mrna_XM_011176619.3_25386	1872	1673	0	0
lcl|NC_052675.1_mrna_XM_039455508.1_25387	1236	1037	0	0
lcl|NC_052675.1_mrna_XM_039455505.1_25388	3033	2834	0	0
lcl|NC_052675.1_mrna_XM_039455358.1_25389	1260	1061	0	0
lcl|NC_052675.1_mrna_XM_039455360.1_25390	1125	926	0	0
lcl|NC_052675.1_mrna_XM_039455361.1_25391	811	612	0	0
lcl|NC_052675.1_mrna_XM_039455506.1_25392	1701	1502	0	0
lcl|NC_052675.1_mrna_XM_039455507.1_25393	1363	1164	0	0
lcl|NC_052675.1_mrna_XM_039455362.1_25394	906	707	0	0
lcl|NC_052675.1_mrna_XM_039455363.1_25395	339	140	0	0
lcl|NC_052675.1_mrna_XM_011176122.3_25396	4821	4622	0	0
lcl|NC_052675.1_mrna_XM_011171532.2_25397	5343	5144	0	0
lcl|NC_052675.1_mrna_XM_026141411.2_25398	4710	4511	0	0
lcl|NC_052675.1_mrna_XM_011166893.1_25399	1278	1079	0	0
lcl|NC_052675.1_mrna_XM_039455365.1_25400	1227	1028	0	0
lcl|NC_052675.1_mrna_XM_011166890.3_25401	1111	912	149.897	46.1651
lcl|NC_052675.1_mrna_XM_039455933.1_25402	1049	850	0	0
lcl|NC_052675.1_mrna_XM_011166892.3_25403	1216	1017	0	0
lcl|NC_052675.1_mrna_XM_026141492.2_25404	1186	987	16.5513	4.71011
lcl|NC_052675.1_mrna_XM_011166889.3_25405	1238	1039	139.61	37.7412
lcl|NC_052675.1_mrna_XM_039455934.1_25406	1008	809	34.0202	11.8115
lcl|NC_052675.1_mrna_XM_039455367.1_25407	576	377	0	0
lcl|NC_052675.1_mrna_XM_026141339.1_25408	975	776	0	0
lcl|NC_052675.1_mrna_XM_039455368.1_25409	242	43.8484	0	0
lcl|NC_052675.1_mrna_XM_039456069.1_25410	718	519	0	0
lcl|NC_052675.1_mrna_XM_011167611.1_25411	558	359	0	0
lcl|NC_052675.1_mrna_XM_011164581.2_25412	1437	1238	0	0
lcl|NC_052675.1_mrna_XM_039455369.1_25413	870	671	0	0
lcl|NC_052675.1_mrna_XM_039455371.1_25414	666	467	0	0
lcl|NC_052675.1_mrna_XM_039456082.1_25415	484	285	1	0.985532
lcl|NC_052675.1_mrna_XM_039455910.1_25416	1071	872	0	0
lcl|NC_052675.1_mrna_XM_026142090.2_25417	1555	1356	0	0
lcl|NC_052675.1_mrna_XM_039455372.1_25418	450	251	0.767778	0.859167
lcl|NC_052675.1_mrna_XM_026141108.2_25419	957	758	0	0
lcl|NC_052675.1_mrna_XM_011165576.2_25420	774	575	0	0
lcl|NC_052675.1_mrna_XM_039456073.1_25421	1132	933	44.5936	13.4248
lcl|NC_052675.1_mrna_XM_026133897.2_25422	410	211	8.10368	10.7874
lcl|NC_052675.1_mrna_XM_039456090.1_25423	1667	1468	0	0
lcl|NC_052675.1_mrna_XM_039455374.1_25424	2533	2334	4	0.481365
lcl|NC_052675.1_mrna_XM_039455782.1_25425	3806	3607	5.47463	0.426309
lcl|NC_052675.1_mrna_XM_039455786.1_25426	3787	3588	7.69298	0.602224
lcl|NC_052675.1_mrna_XM_039455787.1_25427	4117	3918	2.07623e-07	1.48842e-08
lcl|NC_052675.1_mrna_XM_039455781.1_25428	4138	3939	42.5396	3.03336
lcl|NC_052675.1_mrna_XM_039455785.1_25429	4118	3919	74.3729	5.33034
lcl|NC_052675.1_mrna_XM_039455783.1_25430	4181	3982	0	0
lcl|NC_052675.1_mrna_XM_039455784.1_25431	3685	3486	8.9199	0.718701
lcl|NC_052675.1_ncrna_XR_005575991.1_25432	2555	2356	3	0.357653
lcl|NC_052675.1_mrna_XM_011158708.3_25433	1251	1052	2869	766.003
lcl|NC_052675.1_mrna_XM_026139344.2_25434	2462	2263	572	70.9949
lcl|NC_052675.1_mrna_XM_026139345.2_25435	2352	2153	0	0
lcl|NC_052675.1_mrna_XM_039455920.1_25436	2391	2192	0	0
lcl|NC_052675.1_mrna_XM_039455921.1_25437	2381	2182	0	0
lcl|NC_052675.1_mrna_XM_026139348.2_25438	2174	1975	0	0
lcl|NC_052675.1_mrna_XM_026139349.2_25439	2047	1848	0	0
lcl|NC_052675.1_ncrna_XR_003269259.2_25440	3156	2957	0	0
lcl|NC_052675.1_mrna_XM_011170535.1_25441	525	326	0	0
lcl|NC_052675.1_mrna_XM_039455922.1_25442	2784	2585	15	1.62985
lcl|NC_052675.1_mrna_XM_011168250.2_25443	858	659	0	0
lcl|NC_052675.1_ncrna_XR_005576033.1_25444	617	418	2.86564	1.92558
lcl|NC_052675.1_ncrna_XR_003269258.2_25445	666	467	0	0
lcl|NC_052675.1_mrna_XM_039455375.1_25446	615	416	0	0
lcl|NC_052675.1_mrna_XM_039456118.1_25447	911	712	0	0
lcl|NC_052675.1_mrna_XM_039455376.1_25448	663	464	0	0
lcl|NC_052675.1_mrna_XM_039455378.1_25449	879	680	0	0
lcl|NC_052675.1_mrna_XM_026141116.1_25450	2628	2429	0	0
lcl|NC_052675.1_mrna_XM_026141115.2_25451	1692	1493	0	0
lcl|NC_052675.1_mrna_XM_026141114.2_25452	940	741	0	0
lcl|NC_052675.1_mrna_XM_039456084.1_25453	989	790	0	0
lcl|NC_052675.1_mrna_XM_039455379.1_25454	552	353	0	0
lcl|NC_052675.1_mrna_XM_011174389.2_25455	699	500	0.5	0.280877
lcl|NC_052675.1_mrna_XM_039455381.1_25456	4086	3887	3	0.216782
lcl|NC_052675.1_mrna_XM_039456008.1_25457	4248	4049	0	0
lcl|NC_052675.1_mrna_XM_039456007.1_25458	3965	3766	1	0.0745822
lcl|NC_052675.1_miscrna_XR_005576046.1_25459	3026	2827	0	0
lcl|NC_052675.1_mrna_XM_039456204.1_25460	2429	2230	0	0
lcl|NC_052675.1_mrna_XM_039455680.1_25461	1761	1562	0	0
lcl|NC_052675.1_mrna_XM_039455681.1_25462	3595	3396	0	0
lcl|NC_052675.1_miscrna_XR_005575957.1_25463	3359	3160	0	0
lcl|NC_052675.1_miscrna_XR_005575956.1_25464	3272	3073	0	0
lcl|NC_052675.1_mrna_XM_039455682.1_25465	2808	2609	3	0.322971
lcl|NC_052675.1_mrna_XM_039455683.1_25466	5000	4801	0	0
lcl|NC_052675.1_mrna_XM_011167151.1_25467	510	311	0	0
lcl|NC_052675.1_mrna_XM_011167152.3_25468	564	365	0	0
lcl|NC_052675.1_mrna_XM_039455383.1_25469	4614	4415	0	0
lcl|NC_052675.1_mrna_XM_039455384.1_25470	870	671	0	0
lcl|NC_052675.1_mrna_XM_039455980.1_25471	1330	1131	0	0
lcl|NC_052675.1_mrna_XM_039455943.1_25472	5778	5579	0	0
lcl|NC_052675.1_mrna_XM_039455942.1_25473	5853	5654	0	0
lcl|NC_052675.1_ncrna_XR_005576020.1_25474	1160	961	5	1.46138
lcl|NC_052675.1_miscrna_XR_005576021.1_25475	1171	972	0	0
lcl|NC_052675.1_mrna_XM_039455889.1_25476	3435	3236	0	0
lcl|NC_052675.1_mrna_XM_039455888.1_25477	3635	3436	0	0
lcl|NC_052675.1_mrna_XM_039455891.1_25478	1588	1389	0	0
lcl|NC_052675.1_mrna_XM_039455890.1_25479	1788	1589	0.666667	0.117842
lcl|NC_052675.1_miscrna_XR_005576022.1_25480	3874	3675	4.02828	0.307877
lcl|NC_052675.1_ncrna_XR_005576023.1_25481	519	320	0	0
lcl|NC_052675.1_mrna_XM_039455386.1_25482	3255	3056	0	0
lcl|NC_052675.1_mrna_XM_039455387.1_25483	843	644	0	0
lcl|NC_052675.1_mrna_XM_039455853.1_25484	5056	4857	3.12699	0.180832
lcl|NC_052675.1_mrna_XM_039455854.1_25485	683	484	0	0
lcl|NC_052675.1_mrna_XM_039456254.1_25486	2725	2526	0	0
lcl|NC_052675.1_mrna_XM_039456253.1_25487	2804	2605	17	1.83298
lcl|NC_052675.1_mrna_XM_039456255.1_25488	434	235	0	0
lcl|NC_052675.1_ncrna_XR_003269299.2_25489	4827	4628	0	0
lcl|NC_052675.1_mrna_XM_011167135.3_25490	1401	1202	0	0
lcl|NC_052675.1_ncrna_XR_005576089.1_25491	7619	7420	1	0.037854
lcl|NC_052675.1_ncrna_XR_003269298.2_25492	4908	4709	2	0.119294
lcl|NC_052675.1_mrna_XM_039455388.1_25493	651	452	0	0
lcl|NC_052675.1_mrna_XM_026142093.2_25494	772	573	0	0
lcl|NC_052675.1_mrna_XM_039455390.1_25495	1602	1403	0	0
lcl|NC_052675.1_mrna_XM_039455391.1_25496	3345	3146	0	0
lcl|NC_052675.1_mrna_XM_039455392.1_25497	1626	1427	0	0
lcl|NC_052675.1_mrna_XM_039455393.1_25498	606	407	0	0
lcl|NC_052675.1_mrna_XM_026140851.2_25499	988	789	7	2.49194
lcl|NC_052675.1_mrna_XM_011170531.1_25500	1200	1001	0	0
lcl|NC_052675.1_mrna_XM_011170529.1_25501	564	365	0	0
lcl|NC_052675.1_mrna_XM_039455394.1_25502	498	299	0	0
lcl|NC_052675.1_mrna_XM_039455395.1_25503	1854	1655	0	0
lcl|NC_052675.1_mrna_XM_039455397.1_25504	378	179	0	0
lcl|NC_052675.1_mrna_XM_039456075.1_25505	765	566	0	0
lcl|NC_052675.1_mrna_XM_011170549.2_25506	1626	1427	0	0
lcl|NC_052675.1_ncrna_XR_005576043.1_25507	774	575	0	0
lcl|NC_052675.1_ncrna_XR_005576042.1_25508	855	656	0	0
lcl|NC_052675.1_ncrna_XR_005576041.1_25509	1099	900	0	0
lcl|NC_052675.1_mrna_XM_039456078.1_25510	2905	2706	0	0
lcl|NC_052675.1_mrna_XM_039456076.1_25511	3414	3215	24	2.09675
lcl|NC_052675.1_mrna_XM_039456077.1_25512	3482	3283	0	0
lcl|NC_052675.1_ncrna_XR_005576062.1_25513	2062	1863	1	0.150766
lcl|NC_052675.1_mrna_XM_039456080.1_25514	1649	1450	466.303	90.3267
lcl|NC_052675.1_mrna_XM_039456081.1_25515	1597	1398	47.6968	9.58292
lcl|NC_052675.1_mrna_XM_026135944.2_25516	3396	3197	0	0
lcl|NC_052675.1_mrna_XM_039455876.1_25517	654	455	13.4792	8.32089
lcl|NC_052675.1_mrna_XM_039455875.1_25518	1155	956	0	0
lcl|NC_052675.1_mrna_XM_039455874.1_25519	1056	857	0	0
lcl|NC_052675.1_mrna_XM_026135954.2_25520	552	353	0	0
lcl|NC_052675.1_ncrna_XR_003269536.2_25521	261	62.0706	2	9.05023
lcl|NC_052675.1_miscrna_XR_005575988.1_25522	4388	4189	0	0
lcl|NC_052675.1_miscrna_XR_005575989.1_25523	3838	3639	0	0
lcl|NC_052675.1_miscrna_XR_005575985.1_25524	4089	3890	0	0
lcl|NC_052675.1_miscrna_XR_005575987.1_25525	3930	3731	0	0
lcl|NC_052675.1_miscrna_XR_005575986.1_25526	3926	3727	0	0
lcl|NC_052675.1_mrna_XM_039455772.1_25527	3740	3541	1	0.0793213
lcl|NC_052675.1_mrna_XM_039455399.1_25528	636	437	0	0
lcl|NC_052675.1_mrna_XM_039456005.1_25529	2208	2009	56.2909	7.86998
lcl|NC_052675.1_mrna_XM_039456002.1_25530	2480	2281	154.377	19.0096
lcl|NC_052675.1_mrna_XM_039456004.1_25531	2262	2063	17.2644	2.35054
lcl|NC_052675.1_mrna_XM_039456001.1_25532	2583	2384	195.067	22.9823
lcl|NC_052675.1_mrna_XM_039456000.1_25533	2496	2297	0	0
lcl|NC_052675.1_mrna_XM_039456003.1_25534	2277	2078	0.000236939	3.20263e-05
lcl|NC_052675.1_ncrna_XR_003269209.2_25535	2796	2597	0	0
lcl|NC_052675.1_mrna_XM_026139056.2_25536	2798	2599	1211	130.874
lcl|NC_052675.1_ncrna_XR_005576045.1_25537	1284	1085	1	0.258873
lcl|NC_052675.1_mrna_XM_011177784.1_25538	408	209	0	0
lcl|NC_052675.1_mrna_XM_039456094.1_25539	7818	7619	0	0
lcl|NC_052675.1_mrna_XM_039456097.1_25540	7955	7756	14.626	0.529668
lcl|NC_052675.1_mrna_XM_039456101.1_25541	7903	7704	0	0
lcl|NC_052675.1_mrna_XM_039456098.1_25542	7906	7707	0	0
lcl|NC_052675.1_mrna_XM_039456100.1_25543	7920	7721	0	0
lcl|NC_052675.1_mrna_XM_039456099.1_25544	8014	7815	13.2618	0.476638
lcl|NC_052675.1_mrna_XM_039456096.1_25545	9429	9230	0	0
lcl|NC_052675.1_mrna_XM_039456095.1_25546	9443	9244	0	0
lcl|NC_052675.1_mrna_XM_039456102.1_25547	4327	4128	42.2105	2.87208
lcl|NC_052675.1_mrna_XM_039455400.1_25548	3177	2978	0	0
lcl|NC_052675.1_mrna_XM_039455924.1_25549	1334	1135	112.68	27.8848
lcl|NC_052675.1_mrna_XM_011159284.3_25550	1093	894	123.486	38.7969
lcl|NC_052675.1_mrna_XM_039455788.1_25551	1704	1505	1488.86	277.865
lcl|NC_052675.1_mrna_XM_039455790.1_25552	1503	1304	27.888	6.00697
lcl|NC_052675.1_mrna_XM_039455791.1_25553	1811	1612	8.34879	1.4547
lcl|NC_052675.1_mrna_XM_039455789.1_25554	1589	1390	61.8987	12.5078
lcl|NC_052675.1_ncrna_XR_005576011.1_25555	1665	1466	0	0
lcl|NC_052675.1_ncrna_XR_005576013.1_25556	1610	1411	23.0045	4.57933
lcl|NC_052675.1_ncrna_XR_005576012.1_25557	1598	1399	48.5951	9.75642
lcl|NC_052675.1_mrna_XM_039455401.1_25558	774	575	0	0
lcl|NC_052675.1_mrna_XM_011167143.3_25559	636	437	39.4851	25.3786
lcl|NC_052675.1_mrna_XM_011167142.3_25560	642	443	91.1251	57.7764
lcl|NC_052675.1_mrna_XM_011167145.3_25561	592	393	0	0
lcl|NC_052675.1_mrna_XM_011167144.3_25562	674	475	6.38979	3.77841
lcl|NC_052675.1_mrna_XM_039455979.1_25563	4344	4145	0	0
lcl|NC_052675.1_mrna_XM_039455978.1_25564	4401	4202	16.2563	1.08663
lcl|NC_052675.1_mrna_XM_039455977.1_25565	3889	3690	0	0
lcl|NC_052675.1_mrna_XM_011176473.3_25566	1343	1144	0	0
lcl|NC_052675.1_mrna_XM_039455731.1_25567	6113	5914	43.8006	2.08025
lcl|NC_052675.1_mrna_XM_011176549.2_25568	591	392	0	0
lcl|NC_052675.1_mrna_XM_026135550.2_25569	3921	3722	0	0
lcl|NC_052675.1_mrna_XM_039455727.1_25570	1330	1131	73	18.1291
lcl|NC_052675.1_mrna_XM_039455728.1_25571	1318	1119	0	0
lcl|NC_052675.1_mrna_XM_039455729.1_25572	1368	1169	0	0
lcl|NC_052675.1_mrna_XM_039455730.1_25573	1632	1433	0	0
lcl|NC_052675.1_mrna_XM_039455917.1_25574	1852	1653	1.07217	0.182183
lcl|NC_052675.1_mrna_XM_039455916.1_25575	1853	1654	0.584555	0.0992672
lcl|NC_052675.1_mrna_XM_039455915.1_25576	2491	2292	42.3148	5.18553
lcl|NC_052675.1_mrna_XM_039455403.1_25577	564	365	0	0
lcl|NC_052675.1_mrna_XM_039455404.1_25578	1956	1757	0	0
lcl|NC_052675.1_mrna_XM_039455405.1_25579	2763	2564	0	0
lcl|NC_052675.1_mrna_XM_039455406.1_25580	2727	2528	0	0
lcl|NC_052675.1_ncrna_XR_005576055.1_25581	5975	5776	9	0.437654
lcl|NC_052675.1_mrna_XM_039456258.1_25582	1343	1144	0	0
lcl|NC_052675.1_mrna_XM_039456259.1_25583	1343	1144	0	0
lcl|NC_052675.1_mrna_XM_011172805.1_25584	828	629	0	0
lcl|NC_052675.1_mrna_XM_039455407.1_25585	3297	3098	0	0
lcl|NC_052675.1_ncrna_XR_005576065.1_25586	1411	1212	0	0
lcl|NC_052675.1_ncrna_XR_005576064.1_25587	1209	1010	0	0
lcl|NC_052675.1_mrna_XM_039455409.1_25588	2421	2222	0	0
lcl|NC_052675.1_mrna_XM_026141399.1_25589	852	653	0	0
lcl|NC_052675.1_mrna_XM_011171668.3_25590	2588	2389	54	6.34882
lcl|NC_052675.1_mrna_XM_026141296.2_25591	2540	2341	20	2.39963
lcl|NC_052675.1_mrna_XM_039455776.1_25592	3569	3370	364.833	30.4074
lcl|NC_052675.1_mrna_XM_039455775.1_25593	3620	3421	0.000104557	8.58448e-06
lcl|NC_052675.1_mrna_XM_039455773.1_25594	3629	3430	57.1669	4.6813
lcl|NC_052675.1_mrna_XM_039455774.1_25595	2904	2705	3.00735e-08	3.12272e-09
lcl|NC_052675.1_mrna_XM_011169288.3_25596	2540	2341	773.669	92.8259
lcl|NC_052675.1_mrna_XM_011164765.3_25597	658	459	1580	966.852
lcl|NC_052675.1_mrna_XM_011169289.3_25598	975	776	601.499	217.715
lcl|NC_052675.1_mrna_XM_011169290.3_25599	1089	890	25.5013	8.048
lcl|NC_052675.1_mrna_XM_039455959.1_25600	611	412	0	0
lcl|NC_052675.1_mrna_XM_026140539.1_25601	414	215	3.15221	4.11806
lcl|NC_052675.1_mrna_XM_039455412.1_25602	2883	2684	0	0
lcl|NC_052675.1_ncrna_XR_005576036.1_25603	286	87.0007	0	0
lcl|NC_052675.1_miscrna_XR_005576035.1_25604	1179	980	0	0
lcl|NC_052675.1_mrna_XM_039455958.1_25605	1654	1455	1.17961	0.227715
lcl|NC_052675.1_mrna_XM_026141637.2_25606	1780	1581	63.354	11.2553
lcl|NC_052675.1_mrna_XM_026141638.2_25607	1776	1577	652.646	116.242
lcl|NC_052675.1_mrna_XM_039455761.1_25608	7956	7757	0	0
lcl|NC_052675.1_mrna_XM_039455762.1_25609	8231	8032	0	0
lcl|NC_052675.1_mrna_XM_039455760.1_25610	8266	8067	0	0
lcl|NC_052675.1_mrna_XM_011173947.3_25611	8103	7904	0	0
lcl|NC_052675.1_mrna_XM_039455763.1_25612	8205	8006	1.8079e-08	6.34271e-10
lcl|NC_052675.1_mrna_XM_011173946.3_25613	8138	7939	0.085002	0.00300732
lcl|NC_052675.1_mrna_XM_011173948.3_25614	8079	7880	150.915	5.37925
lcl|NC_052675.1_mrna_XM_011171481.3_25615	1506	1307	1	0.214902
lcl|NC_052675.1_mrna_XM_011171482.3_25616	3378	3179	0	0
lcl|NC_052675.1_mrna_XM_026140565.2_25617	6764	6565	121.785	5.21044
lcl|NC_052675.1_mrna_XM_026140564.2_25618	6806	6607	0	0
lcl|NC_052675.1_mrna_XM_026140566.2_25619	7157	6958	0	0
lcl|NC_052675.1_mrna_XM_011164968.3_25620	1824	1625	285	49.2615
lcl|NC_052675.1_mrna_XM_011164966.3_25621	4608	4409	46.5437	2.96508
lcl|NC_052675.1_mrna_XM_011164967.3_25622	4942	4743	56.4268	3.34155
lcl|NC_052675.1_mrna_XM_011164964.3_25623	4719	4520	117.176	7.28143
lcl|NC_052675.1_mrna_XM_011164965.3_25624	5053	4854	0.270755	0.0156672
lcl|NC_052675.1_mrna_XM_039455679.1_25625	3914	3715	36.5825	2.76586
lcl|NC_052675.1_mrna_XM_039455344.1_25626	9701	9502	10.8044	0.319376
lcl|NC_052675.1_mrna_XM_039455341.1_25627	9776	9577	121.368	3.55952
lcl|NC_052675.1_mrna_XM_039455340.1_25628	9794	9595	0.000617957	1.80896e-05
lcl|NC_052675.1_mrna_XM_039455342.1_25629	9743	9544	0.129554	0.00381273
lcl|NC_052675.1_mrna_XM_039455343.1_25630	9727	9528	0.697138	0.020551
lcl|NC_052675.1_mrna_XM_039455939.1_25631	2095	1896	29.6539	4.39298
lcl|NC_052675.1_mrna_XM_039455938.1_25632	2081	1882	62.7179	9.36025
lcl|NC_052675.1_mrna_XM_039455937.1_25633	1976	1777	11.7968	1.86463
lcl|NC_052675.1_mrna_XM_039455935.1_25634	1918	1719	531.738	86.8836
lcl|NC_052675.1_mrna_XM_039456131.1_25635	613	414	0	0
lcl|NC_052675.1_mrna_XM_039456130.1_25636	692	493	0	0
lcl|NC_052675.1_mrna_XM_026139828.2_25637	5232	5033	0	0
lcl|NC_052675.1_mrna_XM_011172288.3_25638	1615	1416	76.1846	15.1119
lcl|NC_052675.1_mrna_XM_011172287.3_25639	1611	1412	421.885	83.9219
lcl|NC_052675.1_mrna_XM_011172289.3_25640	1573	1374	52.9568	10.8256
lcl|NC_052675.1_mrna_XM_026140575.2_25641	1647	1448	841.974	163.322
lcl|NC_052675.1_mrna_XM_026140567.2_25642	4764	4565	1086	66.8197
lcl|NC_052675.1_mrna_XM_026140572.2_25643	7408	7209	56.3543	2.19567
lcl|NC_052675.1_mrna_XM_026140571.2_25644	7529	7330	60.5779	2.32127
lcl|NC_052675.1_trna_25645	72	3.52559	0	0
lcl|NC_052675.1_mrna_XM_026140568.2_25646	5685	5486	5.25409	0.269003
lcl|NC_052675.1_mrna_XM_026140569.2_25647	5679	5480	15.7459	0.807055
lcl|NC_052675.1_miscrna_XR_005576052.1_25648	2373	2174	642.113	82.9598
lcl|NC_052675.1_miscrna_XR_005576053.1_25649	2374	2175	0	0
lcl|NC_052675.1_mrna_XM_039456020.1_25650	2436	2237	0	0
lcl|NC_052675.1_mrna_XM_039456021.1_25651	1979	1780	109.887	17.3397
lcl|NC_052675.1_mrna_XM_039456016.1_25652	5976	5777	87.0843	4.23402
lcl|NC_052675.1_mrna_XM_039456018.1_25653	5731	5532	25.1521	1.27705
lcl|NC_052675.1_mrna_XM_039456017.1_25654	5729	5530	67.252	3.41582
lcl|NC_052675.1_ncrna_XR_005576054.1_25655	348	149	0	0
lcl|NC_052675.1_miscrna_XR_005576051.1_25656	4601	4402	1.75754	0.112143
lcl|NC_052675.1_miscrna_XR_005576050.1_25657	4600	4401	2.20735	0.140875
lcl|NC_052675.1_mrna_XM_039456019.1_25658	6226	6027	103.547	4.8256
lcl|NC_052675.1_mrna_XM_011172281.2_25659	686	487	229	132.075
lcl|NC_052675.1_mrna_XM_011172283.3_25660	1704	1505	1037	193.534
lcl|NC_052675.1_mrna_XM_011172284.3_25661	1359	1160	1234	298.795
lcl|NC_052675.1_miscrna_XR_005576048.1_25662	1418	1219	2.33209e-08	5.37351e-09
lcl|NC_052675.1_miscrna_XR_005576049.1_25663	1396	1197	2	0.469301
lcl|NC_052675.1_miscrna_XR_005576047.1_25664	1437	1238	0	0
lcl|NC_052675.1_mrna_XM_039456009.1_25665	807	608	0	0
lcl|NC_052675.1_mrna_XM_039455413.1_25666	694	495	0	0
lcl|NC_052675.1_mrna_XM_039455984.1_25667	722	523	0	0
lcl|NC_052675.1_miscrna_XR_005576044.1_25668	957	758	0	0
lcl|NC_052675.1_mrna_XM_039455983.1_25669	1013	814	2.89111	0.997599
lcl|NC_052675.1_mrna_XM_039455982.1_25670	2754	2555	1.10889	0.121903
lcl|NC_052675.1_mrna_XM_011165202.3_25671	6493	6294	88.8171	3.96356
lcl|NC_052675.1_mrna_XM_011165211.3_25672	6175	5976	87.9209	4.13235
lcl|NC_052675.1_mrna_XM_026137159.2_25673	6655	6456	638.346	27.7721
lcl|NC_052675.1_mrna_XM_011165206.3_25674	7139	6940	0	0
lcl|NC_052675.1_mrna_XM_011165207.3_25675	6725	6526	0	0
lcl|NC_052675.1_mrna_XM_026137157.2_25676	6591	6392	0	0
lcl|NC_052675.1_mrna_XM_011165203.3_25677	6787	6588	85.9161	3.663
lcl|NC_052675.1_mrna_XM_011165261.3_25678	7417	7218	25.1718	0.979519
lcl|NC_052675.1_mrna_XM_011165215.3_25679	8263	8064	0	0
lcl|NC_052675.1_mrna_XM_026137154.2_25680	7962	7763	102.828	3.72048
lcl|NC_052675.1_mrna_XM_026137155.2_25681	3941	3742	0	0
lcl|NC_052675.1_mrna_XM_026137156.2_25682	3928	3729	0	0
lcl|NC_052675.1_mrna_XM_039455985.1_25683	1612	1413	4	0.795122
lcl|NC_052675.1_mrna_XM_026137161.2_25684	5224	5025	4	0.223583
lcl|NC_052675.1_mrna_XM_011165216.2_25685	568	369	226	172.027
lcl|NC_052675.1_mrna_XM_039455721.1_25686	6160	5961	1.00403e-07	4.73089e-09
lcl|NC_052675.1_mrna_XM_039455723.1_25687	6060	5861	2.35065	0.11265
lcl|NC_052675.1_mrna_XM_039455722.1_25688	6063	5864	1.40696	0.0673912
lcl|NC_052675.1_mrna_XM_026137162.2_25689	6134	5935	8.05081e-06	3.81009e-07
lcl|NC_052675.1_mrna_XM_039455720.1_25690	6158	5959	1.40579e-07	6.62616e-09
lcl|NC_052675.1_mrna_XM_011165218.3_25691	6161	5962	8.4855e-08	3.99762e-09
lcl|NC_052675.1_mrna_XM_026137163.2_25692	6514	6315	0	0
lcl|NC_052675.1_mrna_XM_039455724.1_25693	3539	3340	0	0
lcl|NC_052675.1_mrna_XM_039455725.1_25694	2941	2742	5.24238	0.537003
lcl|NC_052675.1_mrna_XM_011165219.3_25695	2424	2225	1191.2	150.373
lcl|NC_052675.1_mrna_XM_011165220.3_25696	2007	1808	728.801	113.221
lcl|NC_052675.1_mrna_XM_011165222.3_25697	964	765	143	52.5038
lcl|NC_052675.1_mrna_XM_026137149.2_25698	1234	1035	131.913	35.7984
lcl|NC_052675.1_mrna_XM_039455768.1_25699	1650	1451	3.50406	0.678296
lcl|NC_052675.1_mrna_XM_039455766.1_25700	1661	1462	0.00179792	0.000345413
lcl|NC_052675.1_mrna_XM_039455767.1_25701	1851	1652	0	0
lcl|NC_052675.1_mrna_XM_011165224.3_25702	1348	1149	21.3562	5.22059
lcl|NC_052675.1_mrna_XM_011165223.3_25703	1425	1226	551.225	126.286
lcl|NC_052675.1_mrna_XM_011165225.3_25704	2198	1999	509	71.5189
lcl|NC_052675.1_mrna_XM_011165229.3_25705	482	283	2	1.98499
lcl|NC_052675.1_mrna_XM_011165227.3_25706	5616	5417	914.684	47.4273
lcl|NC_052675.1_mrna_XM_011165228.3_25707	5608	5409	504.316	26.1879
lcl|NC_052675.1_mrna_XM_011165226.3_25708	1084	885	2	0.63475
lcl|NC_052675.1_mrna_XM_039456145.1_25709	5569	5370	63.6268	3.32799
lcl|NC_052675.1_mrna_XM_026137165.2_25710	4818	4619	80.3844	4.88809
lcl|NC_052675.1_mrna_XM_011165231.3_25711	5453	5254	0.0722559	0.00386277
lcl|NC_052675.1_mrna_XM_026137167.2_25712	5272	5073	0	0
lcl|NC_052675.1_mrna_XM_026137168.2_25713	5148	4949	0	0
lcl|NC_052675.1_mrna_XM_026137166.2_25714	5444	5245	654.917	35.0717
lcl|NC_052675.1_mrna_XM_039456146.1_25715	5139	4940	0	0
lcl|NC_052675.1_mrna_XM_039456144.1_25716	6823	6624	13.7084	0.581277
lcl|NC_052675.1_mrna_XM_011165232.3_25717	5354	5155	33.3423	1.8167
lcl|NC_052675.1_trna_25718	76	3.6135	0	0
lcl|NC_052675.1_mrna_XM_026137147.2_25719	6149	5950	457	21.5732
lcl|NC_052675.1_mrna_XM_011165234.3_25720	1721	1522	89	16.4245
lcl|NC_052675.1_mrna_XM_011165235.3_25721	2215	2016	973.159	135.584
lcl|NC_052675.1_mrna_XM_039455734.1_25722	2588	2389	87.8413	10.3276
lcl|NC_052675.1_mrna_XM_011165237.3_25723	1494	1295	405.917	88.0406
lcl|NC_052675.1_mrna_XM_011165236.3_25724	3225	3026	417.323	38.7364
lcl|NC_052675.1_mrna_XM_011165243.3_25725	1467	1268	427	94.5855
lcl|NC_052675.1_mrna_XM_011165241.3_25726	1629	1430	85	16.6955
lcl|NC_052675.1_mrna_XM_039456142.1_25727	4482	4283	38.4629	2.52238
lcl|NC_052675.1_mrna_XM_039456139.1_25728	5050	4851	0	0
lcl|NC_052675.1_mrna_XM_026137150.2_25729	4851	4652	4.69389e-06	2.83406e-07
lcl|NC_052675.1_mrna_XM_039456141.1_25730	4640	4441	2.01406e-07	1.27382e-08
lcl|NC_052675.1_mrna_XM_039456140.1_25731	4562	4363	10.5371	0.678344
lcl|NC_052675.1_mrna_XM_039456143.1_25732	3343	3144	0	0
lcl|NC_052675.1_mrna_XM_011165244.3_25733	3912	3713	69.4346	5.25251
lcl|NC_052675.1_mrna_XM_011165245.3_25734	3909	3710	220.506	16.6941
lcl|NC_052675.1_mrna_XM_026137151.2_25735	3840	3641	0	0
lcl|NC_052675.1_mrna_XM_011165246.3_25736	3837	3638	233.059	17.9937
lcl|NC_052675.1_mrna_XM_011165249.3_25737	2564	2365	650	77.1966
lcl|NC_052675.1_mrna_XM_011165247.3_25738	1479	1280	664	145.705
lcl|NC_052675.1_mrna_XM_011165250.3_25739	9583	9384	81.6871	2.44501
lcl|NC_052675.1_mrna_XM_026137169.2_25740	9709	9510	54.3129	1.60412
lcl|NC_052675.1_mrna_XM_011165253.3_25741	964	765	3313	1216.4
lcl|NC_052675.1_mrna_XM_026137170.2_25742	1299	1100	1170	298.751
lcl|NC_052675.1_mrna_XM_011165255.3_25743	5246	5047	69	3.84
lcl|NC_052675.1_mrna_XM_039455415.1_25744	2826	2627	1	0.106919
lcl|NC_052675.1_mrna_XM_039455732.1_25745	1991	1792	769.34	120.586
lcl|NC_052675.1_mrna_XM_039455733.1_25746	1609	1410	508.66	101.327
lcl|NC_052675.1_mrna_XM_026141345.2_25747	1088	889	0	0
lcl|NC_052675.1_mrna_XM_026141344.2_25748	2981	2782	0	0
lcl|NC_052675.1_ncrna_XR_005575983.1_25749	955	756	0	0
lcl|NC_052675.1_ncrna_XR_005575984.1_25750	805	606	3.09468	1.43436
lcl|NC_052675.1_ncrna_XR_005575982.1_25751	934	735	0	0
lcl|NC_052675.1_ncrna_XR_005575981.1_25752	1001	802	0	0
lcl|NC_052675.1_ncrna_XR_003269189.2_25753	1088	889	0	0
lcl|NC_052675.1_mrna_XM_039455770.1_25754	1042	843	19.627	6.53945
lcl|NC_052675.1_mrna_XM_039455769.1_25755	579	380	0	0
lcl|NC_052675.1_mrna_XM_039455925.1_25756	3233	3034	4	0.370305
lcl|NC_052675.1_mrna_XM_039455926.1_25757	2588	2389	0	0
lcl|NC_052675.1_mrna_XM_039455927.1_25758	571	372	6	4.53027
lcl|NC_052675.1_mrna_XM_039455929.1_25759	423	224	1	1.25391
lcl|NC_052675.1_mrna_XM_039455928.1_25760	524	325	1	0.864236
lcl|NC_052675.1_mrna_XM_011160868.3_25761	3266	3067	44.1471	4.043
lcl|NC_052675.1_mrna_XM_011160864.3_25762	3236	3037	631.915	58.4426
lcl|NC_052675.1_mrna_XM_039455771.1_25763	3146	2947	0.000686441	6.54243e-05
lcl|NC_052675.1_mrna_XM_011160870.3_25764	3123	2924	30.9199	2.97014
lcl|NC_052675.1_mrna_XM_011160869.3_25765	3109	2910	171.012	16.5063
lcl|NC_052675.1_mrna_XM_011160865.3_25766	3239	3040	60.0052	5.5441
lcl|NC_052675.1_mrna_XM_011160871.3_25767	2159	1960	91	13.0407
lcl|NC_052675.1_mrna_XM_011160863.3_25768	577	378	61	45.3267
lcl|NC_052675.1_mrna_XM_039455898.1_25769	3963	3764	24	1.79092
lcl|NC_052675.1_mrna_XM_011160861.3_25770	2095	1896	2333	345.615
lcl|NC_052675.1_mrna_XM_011160860.3_25771	3340	3141	4.04081	0.361341
lcl|NC_052675.1_miscrna_XR_003269328.2_25772	1439	1240	8	1.81211
lcl|NC_052675.1_miscrna_XR_003269327.2_25773	1464	1265	0	0
lcl|NC_052675.1_mrna_XM_026139792.2_25774	1290	1091	63	16.2193
lcl|NC_052675.1_ncrna_XR_005576025.1_25775	1530	1331	12	2.53232
lcl|NC_052675.1_mrna_XM_011160851.3_25776	3446	3247	2224.73	192.446
lcl|NC_052675.1_mrna_XM_011160852.3_25777	2415	2216	271.274	34.3838
lcl|NC_052675.1_mrna_XM_026139790.2_25778	2267	2068	278.277	37.7957
lcl|NC_052675.1_mrna_XM_026139789.2_25779	2433	2234	291.14	36.6045
lcl|NC_052675.1_mrna_XM_039455896.1_25780	2299	2100	180.97	24.2049
lcl|NC_052675.1_mrna_XM_039455897.1_25781	2526	2327	12.6132	1.52246
lcl|NC_052675.1_ncrna_XR_005576024.1_25782	2423	2224	0	0
lcl|NC_052675.1_mrna_XM_026139785.2_25783	2559	2360	29.9066	3.55935
lcl|NC_052675.1_mrna_XM_011160849.3_25784	2606	2407	458.093	53.4557
lcl|NC_052675.1_mrna_XM_039455895.1_25785	13702	13503	137.476	2.85965
lcl|NC_052675.1_mrna_XM_039455892.1_25786	4742	4543	0	0
lcl|NC_052675.1_mrna_XM_039455894.1_25787	4452	4253	468.244	30.9238
lcl|NC_052675.1_mrna_XM_026139782.2_25788	4607	4408	0	0
lcl|NC_052675.1_mrna_XM_011160845.3_25789	4425	4226	398.242	26.4688
lcl|NC_052675.1_mrna_XM_039455893.1_25790	6167	5968	3.03739	0.142951
lcl|NC_052675.1_mrna_XM_026137781.2_25791	1076	877	0	0
lcl|NC_052675.1_mrna_XM_039455902.1_25792	981	782	0	0
lcl|NC_052675.1_mrna_XM_011160841.3_25793	809	610	255	117.416
lcl|NC_052675.1_trna_25794	72	3.52559	0	0
lcl|NC_052675.1_mrna_XM_011160842.3_25795	1719	1520	23.8467	4.40657
lcl|NC_052675.1_mrna_XM_011160843.3_25796	1485	1286	95.0137	20.752
lcl|NC_052675.1_mrna_XM_039455899.1_25797	1623	1424	30.1276	5.94251
lcl|NC_052675.1_mrna_XM_039455900.1_25798	1393	1194	5.01199	1.17902
lcl|NC_052675.1_trna_25799	72	3.52559	0	0
lcl|NC_052675.1_mrna_XM_011160840.3_25800	2576	2377	642	75.8615
lcl|NC_052675.1_mrna_XM_011160834.3_25801	1075	876	408.774	131.068
lcl|NC_052675.1_mrna_XM_011160837.3_25802	1078	879	235.476	75.2441
lcl|NC_052675.1_mrna_XM_011160836.3_25803	1006	807	265.852	92.53
lcl|NC_052675.1_mrna_XM_039455901.1_25804	1106	907	0.461006	0.142763
lcl|NC_052675.1_mrna_XM_026137767.2_25805	1102	903	93.4369	29.0634
lcl|NC_052675.1_mrna_XM_011160833.3_25806	4943	4744	53.3173	3.15675
lcl|NC_052675.1_mrna_XM_011160832.3_25807	6349	6150	24.6827	1.12728
lcl|NC_052675.1_mrna_XM_011160831.3_25808	3855	3656	51	3.91814
lcl|NC_052675.1_mrna_XM_011160830.3_25809	1711	1512	420	78.0213
lcl|NC_052675.1_mrna_XM_011160829.3_25810	1587	1388	522	105.632
lcl|NC_052675.1_mrna_XM_039455947.1_25811	2197	1998	6.0568	0.851459
lcl|NC_052675.1_mrna_XM_039455945.1_25812	1242	1043	0	0
lcl|NC_052675.1_mrna_XM_039455416.1_25813	1027	828	0	0
lcl|NC_052675.1_mrna_XM_039455944.1_25814	1912	1713	5.64849	0.926169
lcl|NC_052675.1_mrna_XM_039455946.1_25815	1836	1637	0	0
lcl|NC_052675.1_mrna_XM_039456290.1_25816	1249	1050	37.3484	9.99077
lcl|NC_052675.1_mrna_XM_039456287.1_25817	1412	1213	10.7971	2.50013
lcl|NC_052675.1_mrna_XM_039456288.1_25818	1186	987	8.22244	2.33991
lcl|NC_052675.1_miscrna_XR_005576098.1_25819	2385	2186	0	0
lcl|NC_052675.1_mrna_XM_011160828.3_25820	3577	3378	7.12242	0.592221
lcl|NC_052675.1_mrna_XM_026137769.2_25821	2162	1963	102.934	14.7283
lcl|NC_052675.1_mrna_XM_011160827.3_25822	1105	906	47.2578	14.6508
lcl|NC_052675.1_mrna_XM_011160872.2_25823	306	107	5.57852	14.6437
lcl|NC_052675.1_mrna_XM_039456282.1_25824	4255	4056	41.2631	2.85745
lcl|NC_052675.1_mrna_XM_039456285.1_25825	4212	4013	0.00327076	0.000228926
lcl|NC_052675.1_mrna_XM_039456283.1_25826	4117	3918	217.75	15.6102
lcl|NC_052675.1_mrna_XM_039456284.1_25827	4343	4144	0	0
lcl|NC_052675.1_mrna_XM_039456281.1_25828	2250	2051	9.77799	1.33906
lcl|NC_052675.1_mrna_XM_039456291.1_25829	1330	1131	6.5	1.61423
lcl|NC_052675.1_mrna_XM_039456279.1_25830	1855	1656	0	0
lcl|NC_052675.1_mrna_XM_039456286.1_25831	4750	4551	11.4203	0.704835
lcl|NC_052675.1_mrna_XM_039455836.1_25832	3563	3364	458.878	38.3139
lcl|NC_052675.1_mrna_XM_039455837.1_25833	2189	1990	0.000115341	1.62797e-05
lcl|NC_052675.1_ncrna_XR_005576003.1_25834	1126	927	3.11181	0.942865
lcl|NC_052675.1_mrna_XM_039455839.1_25835	1341	1142	87.621	21.5505
lcl|NC_052675.1_mrna_XM_039455838.1_25836	1378	1179	491.597	117.115
lcl|NC_052675.1_mrna_XM_039455417.1_25837	306	107	5.57852	14.6437
lcl|NC_052675.1_ncrna_XR_850701.3_25838	950	751	1357	507.523
lcl|NC_052675.1_mrna_XM_011160824.3_25839	4240	4041	1696.23	117.899
lcl|NC_052675.1_mrna_XM_011160825.3_25840	4212	4013	0.00327076	0.000228926
lcl|NC_052675.1_mrna_XM_039456116.1_25841	4117	3918	217.75	15.6102
lcl|NC_052675.1_mrna_XM_026137799.2_25842	4343	4144	0	0
lcl|NC_052675.1_mrna_XM_039456115.1_25843	2212	2013	1646.22	229.7
lcl|NC_052675.1_mrna_XM_039456117.1_25844	1330	1131	6.5	1.61423
lcl|NC_052675.1_mrna_XM_011160820.3_25845	3538	3339	736.152	61.9251
lcl|NC_052675.1_mrna_XM_011160821.3_25846	2764	2565	281.848	30.8634
lcl|NC_052675.1_mrna_XM_011160818.3_25847	1173	974	442.992	127.748
lcl|NC_052675.1_mrna_XM_011160819.3_25848	1331	1132	929.008	230.509
lcl|NC_052675.1_ncrna_XR_003269047.2_25849	1169	970	3.30925	0.958239
lcl|NC_052675.1_mrna_XM_011160814.3_25850	723	524	3.95141e-06	2.11805e-06
lcl|NC_052675.1_mrna_XM_011160812.3_25851	1067	868	261.069	84.4796
lcl|NC_052675.1_mrna_XM_026137803.2_25852	678	479	229.696	134.689
lcl|NC_052675.1_mrna_XM_026137804.2_25853	546	347	89.2348	72.2305
lcl|NC_052675.1_mrna_XM_039456114.1_25854	2394	2195	447.223	57.2276
lcl|NC_052675.1_mrna_XM_011160817.3_25855	1637	1438	69.5499	13.5848
lcl|NC_052675.1_mrna_XM_011160815.3_25856	4024	3825	882	64.7669
lcl|NC_052675.1_ncrna_XR_005576068.1_25857	649	450	1	0.62417
lcl|NC_052675.1_mrna_XM_039456318.1_25858	2389	2190	271.785	34.8576
lcl|NC_052675.1_mrna_XM_039456319.1_25859	2351	2152	56.7918	7.4124
lcl|NC_052675.1_mrna_XM_039456320.1_25860	2291	2092	0	0
lcl|NC_052675.1_mrna_XM_039456316.1_25861	2426	2227	14.0621	1.77356
lcl|NC_052675.1_mrna_XM_039456317.1_25862	2446	2247	508.672	63.5844
lcl|NC_052675.1_mrna_XM_039456330.1_25863	1796	1597	1615.69	284.164
lcl|NC_052675.1_mrna_XM_011160810.3_25864	1127	928	0	0
lcl|NC_052675.1_mrna_XM_011160809.3_25865	1133	934	272	81.7971
lcl|NC_052675.1_mrna_XM_011160800.3_25866	1871	1672	1549	260.214
lcl|NC_052675.1_mrna_XM_011160802.3_25867	2178	1979	20.8801	2.96348
lcl|NC_052675.1_mrna_XM_039456322.1_25868	2205	2006	611.927	85.681
lcl|NC_052675.1_mrna_XM_011160805.3_25869	2326	2127	100.22	13.2343
lcl|NC_052675.1_mrna_XM_011160803.3_25870	2352	2153	144.973	18.9129
lcl|NC_052675.1_mrna_XM_039456329.1_25871	2218	2019	29.8845	4.15744
lcl|NC_052675.1_mrna_XM_011160807.3_25872	2187	1988	935.574	132.184
lcl|NC_052675.1_mrna_XM_039456332.1_25873	698	499	134.049	75.4534
lcl|NC_052675.1_mrna_XM_011160808.3_25874	834	635	303.493	134.243
lcl|NC_052675.1_mrna_XM_026137766.2_25875	1922	1723	21.1122	3.44163
lcl|NC_052675.1_mrna_XM_026137765.2_25876	1952	1753	219.888	35.2318
lcl|NC_052675.1_mrna_XM_011160798.3_25877	3862	3663	43	3.29721
lcl|NC_052675.1_miscrna_XR_005576102.1_25878	4813	4614	0.218675	0.0133118
lcl|NC_052675.1_miscrna_XR_005576103.1_25879	4800	4601	3.70538	0.226202
lcl|NC_052675.1_mrna_XM_026137780.2_25880	4893	4694	0	0
lcl|NC_052675.1_mrna_XM_039456325.1_25881	3650	3451	0.00339373	0.000276216
lcl|NC_052675.1_mrna_XM_039456324.1_25882	3662	3463	0.000104381	8.46615e-06
lcl|NC_052675.1_mrna_XM_039456323.1_25883	3743	3544	0	0
lcl|NC_052675.1_mrna_XM_039456328.1_25884	3628	3429	2.07245	0.169759
lcl|NC_052675.1_mrna_XM_039456327.1_25885	3709	3510	0	0
lcl|NC_052675.1_mrna_XM_011160796.3_25886	4256	4057	1430.56	99.0411
lcl|NC_052675.1_miscrna_XR_005575954.1_25887	4080	3881	0	0
lcl|NC_052675.1_mrna_XM_011160795.3_25888	5429	5230	0	0
lcl|NC_052675.1_mrna_XM_026137770.2_25889	5947	5748	48.8585	2.38748
lcl|NC_052675.1_ncrna_XR_005575955.1_25890	300	101	0.141491	0.39348
lcl|NC_052675.1_mrna_XM_039455675.1_25891	1266	1067	9.72948	2.56119
lcl|NC_052675.1_mrna_XM_039455676.1_25892	1079	880	0	0
lcl|NC_052675.1_mrna_XM_011160794.3_25893	937	738	4.70382	1.79023
lcl|NC_052675.1_mrna_XM_039455677.1_25894	985	786	0	0
lcl|NC_052675.1_mrna_XM_039455673.1_25895	1755	1556	11.5667	2.08793
lcl|NC_052675.1_mrna_XM_039455674.1_25896	774	575	0	0
lcl|NC_052675.1_mrna_XM_039455678.1_25897	986	787	2	0.713791
lcl|NC_052675.1_mrna_XM_011160791.3_25898	1198	999	38	10.684
lcl|NC_052675.1_mrna_XM_011160789.3_25899	3092	2893	59.7467	5.80071
lcl|NC_052675.1_mrna_XM_039456086.1_25900	2172	1973	145.253	20.6783
lcl|NC_052675.1_mrna_XM_011160785.3_25901	6897	6698	123.129	5.16334
lcl|NC_052675.1_mrna_XM_011160786.3_25902	1480	1281	1695	371.652
lcl|NC_052675.1_mrna_XM_011160787.3_25903	2762	2563	1052	115.288
lcl|NC_052675.1_mrna_XM_011160788.3_25904	2502	2303	1473	179.649
lcl|NC_052675.1_mrna_XM_011160783.3_25905	3939	3740	180	13.5181
lcl|NC_052675.1_mrna_XM_039456085.1_25906	4107	3908	0	0
lcl|NC_052675.1_mrna_XM_026137785.2_25907	4285	4086	568	39.045
lcl|NC_052675.1_mrna_XM_011160781.3_25908	3365	3166	611.941	54.2893
lcl|NC_052675.1_mrna_XM_039456088.1_25909	3136	2937	0.0591063	0.00565256
lcl|NC_052675.1_mrna_XM_011160780.3_25910	3623	3424	496.858	40.7581
lcl|NC_052675.1_mrna_XM_039456089.1_25911	3306	3107	447.142	40.4222
lcl|NC_052675.1_mrna_XM_011160779.3_25912	995	796	6977	2461.91
lcl|NC_052675.1_mrna_XM_026137787.2_25913	1525	1326	177.237	37.5429
lcl|NC_052675.1_mrna_XM_026137786.2_25914	1579	1380	312.023	63.5072
lcl|NC_052675.1_mrna_XM_039455948.1_25915	1494	1295	63.7398	13.8247
lcl|NC_052675.1_mrna_XM_026140962.2_25916	5518	5319	143.975	7.60276
lcl|NC_052675.1_mrna_XM_011164759.3_25917	5872	5673	16.0254	0.793437
lcl|NC_052675.1_mrna_XM_011164747.3_25918	1401	1202	651.945	152.343
lcl|NC_052675.1_mrna_XM_039455861.1_25919	1495	1296	36.055	7.81405
lcl|NC_052675.1_mrna_XM_011164734.3_25920	2527	2328	88.7597	10.709
lcl|NC_052675.1_mrna_XM_011164739.3_25921	2524	2325	398.655	48.1604
lcl|NC_052675.1_mrna_XM_026140963.2_25922	2093	1894	7.5852	1.12487
lcl|NC_052675.1_miscrna_XR_005576009.1_25923	5094	4895	0	0
lcl|NC_052675.1_miscrna_XR_005576008.1_25924	5097	4898	0	0
lcl|NC_052675.1_miscrna_XR_005576007.1_25925	5100	4901	0	0
lcl|NC_052675.1_miscrna_XR_005576010.1_25926	4097	3898	213.923	15.4146
lcl|NC_052675.1_mrna_XM_039455860.1_25927	3487	3288	15.0771	1.28796
lcl|NC_052675.1_mrna_XM_011159635.3_25928	2399	2200	1007	128.565
lcl|NC_052675.1_mrna_XM_039455855.1_25929	4361	4162	0	0
lcl|NC_052675.1_mrna_XM_039455856.1_25930	4288	4089	595	40.871
lcl|NC_052675.1_mrna_XM_039455858.1_25931	3468	3269	23.5993	2.02768
lcl|NC_052675.1_mrna_XM_011159631.3_25932	3240	3041	48.6398	4.49253
lcl|NC_052675.1_mrna_XM_011159630.3_25933	2920	2721	693.497	71.5866
lcl|NC_052675.1_mrna_XM_026139584.2_25934	2927	2728	0	0
lcl|NC_052675.1_mrna_XM_011159629.3_25935	1567	1368	505	103.686
lcl|NC_052675.1_mrna_XM_026139593.2_25936	1680	1481	1397	264.946
lcl|NC_052675.1_mrna_XM_011159627.3_25937	1354	1155	309.018	75.1479
lcl|NC_052675.1_mrna_XM_011159625.3_25938	1622	1423	2211.98	436.609
lcl|NC_052675.1_mrna_XM_026139594.2_25939	2805	2606	202.511	21.8268
lcl|NC_052675.1_mrna_XM_026139595.2_25940	2711	2512	466.489	52.16
lcl|NC_052675.1_mrna_XM_039455862.1_25941	14631	14432	16.1699	0.314699
lcl|NC_052675.1_mrna_XM_039455871.1_25942	14622	14423	30.2299	0.588703
lcl|NC_052675.1_mrna_XM_039455870.1_25943	14628	14429	0.00364127	7.08815e-05
lcl|NC_052675.1_mrna_XM_039455872.1_25944	14433	14234	80.7155	1.59274
lcl|NC_052675.1_mrna_XM_039455873.1_25945	14430	14231	0.000121975	2.40741e-06
lcl|NC_052675.1_mrna_XM_026139598.2_25946	14627	14428	42.5512	0.828364
lcl|NC_052675.1_mrna_XM_039455865.1_25947	14619	14420	1.14578e-08	2.23178e-10
lcl|NC_052675.1_mrna_XM_039455867.1_25948	15087	14888	16.8495	0.317882
lcl|NC_052675.1_mrna_XM_039455869.1_25949	14773	14574	51.1745	0.986258
lcl|NC_052675.1_mrna_XM_039455863.1_25950	14570	14371	78.4079	1.53246
lcl|NC_052675.1_mrna_XM_039455868.1_25951	14553	14354	0.000196496	3.84501e-06
lcl|NC_052675.1_mrna_XM_039455864.1_25952	14551	14352	0.000225971	4.42237e-06
lcl|NC_052675.1_mrna_XM_039455866.1_25953	14545	14346	1.99635e-06	3.90861e-08
lcl|NC_052675.1_mrna_XM_026139599.2_25954	895	696	143	57.7089
lcl|NC_052675.1_mrna_XM_039456218.1_25955	2238	2039	144.813	19.9482
lcl|NC_052675.1_mrna_XM_039456217.1_25956	2312	2113	8.69809	1.15622
lcl|NC_052675.1_mrna_XM_026139596.2_25957	2009	1810	144.956	22.4943
lcl|NC_052675.1_mrna_XM_039456220.1_25958	1348	1149	18.3459	4.48471
lcl|NC_052675.1_mrna_XM_011159611.3_25959	1835	1636	21.4808	3.68793
lcl|NC_052675.1_mrna_XM_039456219.1_25960	1948	1749	2.70689	0.434707
lcl|NC_052675.1_ncrna_XR_005576086.1_25961	1592	1393	0	0
lcl|NC_052675.1_mrna_XM_026139597.2_25962	629	430	124	80.997
lcl|NC_052675.1_mrna_XM_011159606.3_25963	1073	874	529	170.004
lcl|NC_052675.1_mrna_XM_011159608.3_25964	934	735	108	41.2717
lcl|NC_052675.1_mrna_XM_011159604.3_25965	1816	1617	1812	314.749
lcl|NC_052675.1_mrna_XM_011159603.3_25966	1189	990	1591	451.389
lcl|NC_052675.1_mrna_XM_011159600.3_25967	1183	984	939.628	268.211
lcl|NC_052675.1_mrna_XM_011159602.3_25968	1234	1035	188.372	51.1201
lcl|NC_052675.1_mrna_XM_011159598.3_25969	2937	2738	1332	136.643
lcl|NC_052675.1_mrna_XM_011159594.3_25970	1942	1743	19.4792	3.13899
lcl|NC_052675.1_mrna_XM_011159595.3_25971	1656	1457	9.02729	1.74026
lcl|NC_052675.1_mrna_XM_011159596.3_25972	1528	1329	477.493	100.916
lcl|NC_052675.1_mrna_XM_011159597.3_25973	1855	1656	413.891	70.2007
lcl|NC_052675.1_mrna_XM_039456216.1_25974	1784	1585	93.1087	16.4997
lcl|NC_052675.1_mrna_XM_026139601.2_25975	939	740	120.909	45.8925
lcl|NC_052675.1_mrna_XM_011159593.3_25976	1129	930	65.0911	19.6587
lcl|NC_052675.1_mrna_XM_011159592.3_25977	1799	1600	570	100.062
lcl|NC_052675.1_mrna_XM_039456214.1_25978	4539	4340	0.102636	0.00664239
lcl|NC_052675.1_mrna_XM_039456213.1_25979	4541	4342	265.053	17.1458
lcl|NC_052675.1_mrna_XM_039456212.1_25980	3956	3757	185.529	13.8703
lcl|NC_052675.1_mrna_XM_039456211.1_25981	3959	3760	83.3149	6.22373
lcl|NC_052675.1_ncrna_XR_005575979.1_25982	509	310	0	0
lcl|NC_052675.1_mrna_XM_026139603.2_25983	1026	827	52	17.6609
lcl|NC_052675.1_mrna_XM_039455740.1_25984	3339	3140	0.00832162	0.000744379
lcl|NC_052675.1_mrna_XM_039455739.1_25985	3309	3110	0	0
lcl|NC_052675.1_mrna_XM_039455738.1_25986	3303	3104	0	0
lcl|NC_052675.1_mrna_XM_039455737.1_25987	3319	3120	5.05344	0.454934
lcl|NC_052675.1_mrna_XM_026139589.2_25988	3289	3090	0	0
lcl|NC_052675.1_mrna_XM_011159574.3_25989	3172	2973	4.55534	0.43037
lcl|NC_052675.1_mrna_XM_039455741.1_25990	2538	2339	6.3829	0.766484
lcl|NC_052675.1_mrna_XM_011159577.3_25991	3756	3557	0	0
lcl|NC_052675.1_mrna_XM_011159576.3_25992	3770	3571	3.51131	0.276182
lcl|NC_052675.1_ncrna_XR_005575978.1_25993	719	520	0.488692	0.263966
lcl|NC_052675.1_mrna_XM_011159578.3_25994	2651	2452	1411	161.63
lcl|NC_052675.1_mrna_XM_011159580.3_25995	2672	2473	455	51.6777
lcl|NC_052675.1_mrna_XM_011159573.3_25996	11984	11785	192.515	4.58828
lcl|NC_052675.1_mrna_XM_011159572.3_25997	2786	2587	7	0.760007
lcl|NC_052675.1_mrna_XM_011167616.3_25998	602	403	205.627	143.315
lcl|NC_052675.1_mrna_XM_011167617.3_25999	1145	946	525	155.878
lcl|NC_052675.1_mrna_XM_026138017.2_26000	2849	2650	858.167	90.9581
lcl|NC_052675.1_mrna_XM_026138016.2_26001	2852	2653	240.833	25.4973
lcl|NC_052675.1_mrna_XM_011167619.3_26002	1879	1680	0	0
lcl|NC_052675.1_mrna_XM_039456128.1_26003	1802	1603	78	13.6671
lcl|NC_052675.1_mrna_XM_026138024.2_26004	2126	1927	0	0
lcl|NC_052675.1_mrna_XM_011167621.3_26005	752	553	271	137.645
lcl|NC_052675.1_mrna_XM_011167627.3_26006	2133	1934	36.9771	5.37023
lcl|NC_052675.1_mrna_XM_026138021.2_26007	2048	1849	0	0
lcl|NC_052675.1_mrna_XM_011167626.3_26008	1917	1718	490.718	80.2278
lcl|NC_052675.1_mrna_XM_011167628.3_26009	1913	1714	71.3044	11.6848
lcl|NC_052675.1_mrna_XM_011167625.3_26010	1056	857	478	156.662
lcl|NC_052675.1_mrna_XM_039456125.1_26011	1298	1099	0	0
lcl|NC_052675.1_mrna_XM_039456126.1_26012	1289	1090	42.4356	10.935
lcl|NC_052675.1_mrna_XM_011167624.3_26013	1233	1034	14.5644	3.95628
lcl|NC_052675.1_mrna_XM_011167622.3_26014	1556	1357	621	128.537
lcl|NC_052675.1_mrna_XM_011167642.3_26015	1751	1552	888	160.708
lcl|NC_052675.1_mrna_XM_011167641.3_26016	1985	1786	679.637	106.884
lcl|NC_052675.1_mrna_XM_039456123.1_26017	5039	4840	208.188	12.0816
lcl|NC_052675.1_mrna_XM_011167639.3_26018	4135	3936	400.173	28.5568
lcl|NC_052675.1_mrna_XM_039456124.1_26019	4073	3874	0.00212547	0.000154103
lcl|NC_052675.1_mrna_XM_011167638.3_26020	2959	2760	589	59.9407
lcl|NC_052675.1_mrna_XM_011167637.3_26021	1181	982	98.2109	28.0908
lcl|NC_052675.1_mrna_XM_039456127.1_26022	1047	848	23.5679	7.80623
lcl|NC_052675.1_mrna_XM_011167633.3_26023	1020	821	299.221	102.368
lcl|NC_052675.1_mrna_XM_011167631.3_26024	3718	3519	7	0.55872
lcl|NC_052675.1_mrna_XM_011167629.3_26025	6034	5835	0.331831	0.0159732
lcl|NC_052675.1_mrna_XM_011167630.3_26026	6012	5813	14.6682	0.708747
lcl|NC_052675.1_mrna_XM_026138015.2_26027	4285	4086	188	12.9234
lcl|NC_052675.1_mrna_XM_026138014.2_26028	7774	7575	399	14.7947
lcl|NC_052675.1_mrna_XM_039455735.1_26029	2148	1949	46.8958	6.7583
lcl|NC_052675.1_mrna_XM_011167644.3_26030	1214	1015	914.104	252.956
lcl|NC_052675.1_mrna_XM_011167646.3_26031	11444	11245	1.62537	0.0405985
lcl|NC_052675.1_mrna_XM_011167647.3_26032	11441	11242	2.12412	0.0530703
lcl|NC_052675.1_mrna_XM_026138025.2_26033	11393	11194	155.251	3.8955
lcl|NC_052675.1_mrna_XM_011167649.3_26034	5137	4938	1.1653	0.0662831
lcl|NC_052675.1_mrna_XM_026138026.2_26035	5130	4931	4.8347	0.275391
lcl|NC_052675.1_mrna_XM_026138009.2_26036	5968	5769	0	0
lcl|NC_052675.1_mrna_XM_026138010.2_26037	5773	5574	11.1282	0.560757
lcl|NC_052675.1_mrna_XM_026138007.2_26038	5925	5726	3.23091	0.158485
lcl|NC_052675.1_mrna_XM_026138008.2_26039	5911	5712	37.6409	1.85092
lcl|NC_052675.1_mrna_XM_011167658.3_26040	1288	1089	23.1243	5.96426
lcl|NC_052675.1_mrna_XM_011167657.2_26041	1312	1113	50.4223	12.7246
lcl|NC_052675.1_mrna_XM_011167656.2_26042	1299	1100	619.453	158.173
lcl|NC_052675.1_mrna_XM_011167655.3_26043	1735	1536	0	0
lcl|NC_052675.1_mrna_XM_026138011.1_26044	1652	1453	90	17.3977
lcl|NC_052675.1_mrna_XM_011167659.2_26045	1876	1677	1113	186.414
lcl|NC_052675.1_mrna_XM_011167660.3_26046	2804	2605	596	64.262
lcl|NC_052675.1_mrna_XM_039455955.1_26047	7387	7188	19.9144	0.778173
lcl|NC_052675.1_mrna_XM_011167661.3_26048	7391	7192	134.199	5.24101
lcl|NC_052675.1_mrna_XM_039455954.1_26049	7468	7269	31.8867	1.23211
lcl|NC_052675.1_mrna_XM_026138012.2_26050	6074	5875	3494	167.044
lcl|NC_052675.1_mrna_XM_039455957.1_26051	1650	1451	22.1531	4.28827
lcl|NC_052675.1_mrna_XM_039455956.1_26052	2099	1900	1512.94	223.658
lcl|NC_052675.1_mrna_XM_011169529.3_26053	1542	1343	384.643	80.4448
lcl|NC_052675.1_mrna_XM_039455793.1_26054	835	636	285.802	126.219
lcl|NC_052675.1_mrna_XM_039455792.1_26055	1787	1588	4121.81	729.043
lcl|NC_052675.1_miscrna_XR_005575992.1_26056	1720	1521	629.007	116.156
lcl|NC_052675.1_ncrna_XR_005575993.1_26057	553	354	0	0
lcl|NC_052675.1_ncrna_XR_005575994.1_26058	535	336	58.2594	48.7015
lcl|NC_052675.1_ncrna_XR_003269120.2_26059	312	113	128.62	319.703
lcl|NC_052675.1_mrna_XM_039455801.1_26060	1575	1376	9400	1918.78
lcl|NC_052675.1_mrna_XM_039455804.1_26061	1002	803	5271.79	1843.99
lcl|NC_052675.1_mrna_XM_039455805.1_26062	608	409	387.37	266.022
lcl|NC_052675.1_mrna_XM_011166963.3_26063	1778	1579	465	82.7154
lcl|NC_052675.1_mrna_XM_039455800.1_26064	1759	1560	1263.89	227.563
lcl|NC_052675.1_mrna_XM_039455799.1_26065	1189	990	1290.11	366.022
lcl|NC_052675.1_mrna_XM_026130435.2_26066	2657	2458	217	24.7967
lcl|NC_052675.1_mrna_XM_011166956.3_26067	5292	5093	0.129941	0.00716617
lcl|NC_052675.1_mrna_XM_026130385.2_26068	5348	5149	0.123711	0.00674843
lcl|NC_052675.1_mrna_XM_026130387.2_26069	5279	5080	1.6867	0.093259
lcl|NC_052675.1_mrna_XM_011166954.3_26070	5334	5135	1.89846	0.103843
lcl|NC_052675.1_mrna_XM_011166955.3_26071	5327	5128	7.45779	0.408486
lcl|NC_052675.1_mrna_XM_011166960.3_26072	5258	5059	107.515	5.96925
lcl|NC_052675.1_mrna_XM_026130386.2_26073	5315	5116	78.1885	4.29268
lcl|NC_052675.1_mrna_XM_011166951.3_26074	2654	2455	10.7391	1.22867
lcl|NC_052675.1_mrna_XM_011166949.3_26075	3376	3177	481.261	42.548
lcl|NC_052675.1_mrna_XM_026130393.2_26076	6345	6146	0	0
lcl|NC_052675.1_mrna_XM_039455796.1_26077	6333	6134	57	2.61004
lcl|NC_052675.1_mrna_XM_011161539.3_26078	4455	4256	0.000751957	4.96258e-05
lcl|NC_052675.1_mrna_XM_011161541.3_26079	4687	4488	0	0
lcl|NC_052675.1_mrna_XM_011161537.3_26080	4734	4535	144.548	8.95264
lcl|NC_052675.1_mrna_XM_026130394.2_26081	4466	4267	5.64685e-05	3.71706e-06
lcl|NC_052675.1_mrna_XM_011161538.3_26082	4508	4309	76.451	4.98336
lcl|NC_052675.1_mrna_XM_011161544.3_26083	5361	5162	0	0
lcl|NC_052675.1_mrna_XM_011161545.3_26084	5232	5033	37.2669	2.07976
lcl|NC_052675.1_mrna_XM_011161546.3_26085	5247	5048	9.09204	0.505892
lcl|NC_052675.1_mrna_XM_039455794.1_26086	5642	5443	28.641	1.47797
lcl|NC_052675.1_mrna_XM_011161535.3_26087	2053	1854	95.646	14.4901
lcl|NC_052675.1_mrna_XM_011161536.3_26088	2035	1836	123.354	18.8711
lcl|NC_052675.1_mrna_XM_026130395.2_26089	2035	1836	169	25.8541
lcl|NC_052675.1_ncrna_XR_005575995.1_26090	2473	2274	97.4588	12.0378
lcl|NC_052675.1_ncrna_XR_005575996.1_26091	2459	2260	1.36604e-05	1.69773e-06
lcl|NC_052675.1_ncrna_XR_005575998.1_26092	2358	2159	0	0
lcl|NC_052675.1_ncrna_XR_005575997.1_26093	2358	2159	0	0
lcl|NC_052675.1_mrna_XM_039455802.1_26094	848	649	14.5885	6.31367
lcl|NC_052675.1_mrna_XM_039455803.1_26095	924	725	1225.2	474.662
lcl|NC_052675.1_miscrna_XR_005575999.1_26096	666	467	0	0
lcl|NC_052675.1_mrna_XM_039455806.1_26097	1113	914	0	0
lcl|NC_052675.1_mrna_XM_039455807.1_26098	1077	878	8.44826	2.70264
lcl|NC_052675.1_ncrna_XR_005576000.1_26099	317	118	0	0
lcl|NC_052675.1_ncrna_XR_005576002.1_26100	435	236	0	0
lcl|NC_052675.1_ncrna_XR_005576001.1_26101	616	417	23	15.492
lcl|NC_052675.1_mrna_XM_011166430.3_26102	3026	2827	37	3.67614
lcl|NC_052675.1_mrna_XM_026137475.2_26103	1292	1093	0	0
lcl|NC_052675.1_mrna_XM_026137474.2_26104	982	783	1	0.358719
lcl|NC_052675.1_mrna_XM_039455810.1_26105	13117	12918	0	0
lcl|NC_052675.1_mrna_XM_039455808.1_26106	13693	13494	0	0
lcl|NC_052675.1_mrna_XM_039455809.1_26107	13265	13066	0	0
lcl|NC_052675.1_mrna_XM_026137471.2_26108	13676	13477	123.069	2.56491
lcl|NC_052675.1_mrna_XM_026137470.2_26109	13721	13522	4.34614	0.0902773
lcl|NC_052675.1_mrna_XM_026137467.2_26110	13841	13642	0.000615856	1.26799e-05
lcl|NC_052675.1_mrna_XM_026137468.2_26111	13711	13512	0.000483319	1.00468e-05
lcl|NC_052675.1_mrna_XM_039455811.1_26112	13603	13404	13.427	0.281359
lcl|NC_052675.1_mrna_XM_026137472.2_26113	13648	13449	0.465627	0.00972443
lcl|NC_052675.1_mrna_XM_026137469.2_26114	13768	13569	6.2895e-05	1.30192e-06
lcl|NC_052675.1_mrna_XM_026137473.2_26115	13482	13283	360.001	7.61243
lcl|NC_052675.1_mrna_XM_039455812.1_26116	13324	13125	4.68944	0.100355
lcl|NC_052675.1_mrna_XM_011166440.3_26117	3349	3150	225.943	20.1467
lcl|NC_052675.1_mrna_XM_011166437.3_26118	3520	3321	310.679	26.276
lcl|NC_052675.1_mrna_XM_026137464.2_26119	1963	1764	5.78554e-05	9.21215e-06
lcl|NC_052675.1_mrna_XM_011166439.3_26120	3410	3211	0.377822	0.0330493
lcl|NC_052675.1_mrna_XM_039455815.1_26121	5467	5268	71.28	3.80047
lcl|NC_052675.1_mrna_XM_039455814.1_26122	5576	5377	0.0458896	0.00239712
lcl|NC_052675.1_mrna_XM_011166443.3_26123	5645	5446	150.425	7.75815
lcl|NC_052675.1_mrna_XM_011166444.3_26124	5602	5403	0.314314	0.0163397
lcl|NC_052675.1_mrna_XM_011166445.3_26125	5538	5339	169.935	8.94002
lcl|NC_052675.1_mrna_XM_039455816.1_26126	4215	4016	0	0
lcl|NC_052675.1_mrna_XM_039455817.1_26127	4079	3880	0	0
lcl|NC_052675.1_mrna_XM_011166446.3_26128	3979	3780	161.776	12.0209
lcl|NC_052675.1_mrna_XM_039455818.1_26129	3978	3779	0.224409	0.0166793
lcl|NC_052675.1_mrna_XM_011166447.3_26130	1494	1295	976	211.688
lcl|NC_052675.1_mrna_XM_011166450.3_26131	4133	3934	328.215	23.4336
lcl|NC_052675.1_mrna_XM_039455715.1_26132	4112	3913	43.9589	3.15539
lcl|NC_052675.1_mrna_XM_011166449.3_26133	4187	3988	92.8262	6.53779
lcl|NC_052675.1_mrna_XM_039455717.1_26134	5941	5742	162.605	7.954
lcl|NC_052675.1_mrna_XM_011166454.3_26135	5961	5762	1286.4	62.7071
lcl|NC_052675.1_mrna_XM_039455716.1_26136	21553	21354	14.0053	0.184216
lcl|NC_052675.1_mrna_XM_011166452.3_26137	1514	1315	1136	242.643
lcl|NC_052675.1_mrna_XM_011166459.3_26138	840	641	103.564	45.3804
lcl|NC_052675.1_mrna_XM_039455718.1_26139	621	422	0	0
lcl|NC_052675.1_mrna_XM_011166460.2_26140	725	526	150.013	80.1049
lcl|NC_052675.1_mrna_XM_011166458.3_26141	720	521	136.639	73.6633
lcl|NC_052675.1_mrna_XM_026135325.2_26142	8321	8122	15	0.518733
lcl|NC_052675.1_mrna_XM_026135324.2_26143	7481	7282	0	0
lcl|NC_052675.1_mrna_XM_011178008.3_26144	7487	7288	0	0
lcl|NC_052675.1_mrna_XM_011178009.3_26145	4364	4165	147.503	9.94722
lcl|NC_052675.1_mrna_XM_011178010.3_26146	4338	4139	211.497	14.3524
lcl|NC_052675.1_mrna_XM_011178012.3_26147	1568	1369	779	159.827
lcl|NC_052675.1_mrna_XM_011178011.3_26148	1143	944	672.802	200.185
lcl|NC_052675.1_mrna_XM_039456064.1_26149	1495	1296	358.676	77.7345
lcl|NC_052675.1_mrna_XM_011178015.3_26150	1442	1243	8.8048	1.98959
lcl|NC_052675.1_mrna_XM_011178016.3_26151	1412	1213	308.341	71.398
lcl|NC_052675.1_mrna_XM_011178014.3_26152	1445	1246	109.178	24.6111
lcl|NC_052675.1_mrna_XM_011178013.3_26153	5344	5145	65	3.54849
lcl|NC_052675.1_mrna_XM_039456065.1_26154	592	393	0	0
lcl|NC_052675.1_miscrna_XR_005576059.1_26155	7195	6996	4.27742	0.171731
lcl|NC_052675.1_mrna_XM_039456060.1_26156	8378	8179	0	0
lcl|NC_052675.1_mrna_XM_039456061.1_26157	10411	10212	4.72258	0.129893
lcl|NC_052675.1_mrna_XM_011178026.3_26158	3314	3115	0	0
lcl|NC_052675.1_mrna_XM_026135336.2_26159	3036	2837	0	0
lcl|NC_052675.1_mrna_XM_026135337.2_26160	2962	2763	0	0
lcl|NC_052675.1_ncrna_XR_005576060.1_26161	2182	1983	22	3.11613
lcl|NC_052675.1_mrna_XM_026135330.2_26162	4495	4296	0	0
lcl|NC_052675.1_mrna_XM_026135331.2_26163	4372	4173	0	0
lcl|NC_052675.1_mrna_XM_026135332.2_26164	4354	4155	67.5609	4.56709
lcl|NC_052675.1_mrna_XM_039456062.1_26165	4231	4032	32.4391	2.25977
lcl|NC_052675.1_mrna_XM_026135333.2_26166	4102	3903	2.86256e-08	2.06002e-09
lcl|NC_052675.1_mrna_XM_026135335.2_26167	7831	7632	5.11757	0.188339
lcl|NC_052675.1_mrna_XM_039456063.1_26168	7376	7177	0	0
lcl|NC_052675.1_mrna_XM_026135334.2_26169	3357	3158	1.88243	0.167426
lcl|NC_052675.1_mrna_XM_039455907.1_26170	595	396	0	0
lcl|NC_052675.1_mrna_XM_039455904.1_26171	3016	2817	1.4306	0.142642
lcl|NC_052675.1_mrna_XM_039455905.1_26172	2536	2337	1.5694	0.188621
lcl|NC_052675.1_mrna_XM_039455906.1_26173	1998	1799	0	0
lcl|NC_052675.1_miscrna_XR_005576026.1_26174	1918	1719	0	0
lcl|NC_052675.1_mrna_XM_039455908.1_26175	1890	1691	0	0
lcl|NC_052675.1_mrna_XM_039455909.1_26176	6029	5830	0	0
lcl|NC_052675.1_miscrna_XR_005576027.1_26177	5940	5741	0	0
lcl|NC_052675.1_miscrna_XR_005576028.1_26178	5965	5766	0	0
lcl|NC_052675.1_miscrna_XR_005576029.1_26179	5912	5713	0	0
lcl|NC_052675.1_mrna_XM_011157075.2_26180	509	310	0	0
lcl|NC_052675.1_mrna_XM_026135344.2_26181	4535	4336	39.356	2.54939
lcl|NC_052675.1_mrna_XM_011157057.3_26182	4140	3941	0	0
lcl|NC_052675.1_mrna_XM_011157065.3_26183	4160	3961	15.644	1.10933
lcl|NC_052675.1_mrna_XM_039455663.1_26184	4089	3890	0	0
lcl|NC_052675.1_mrna_XM_011157020.3_26185	4272	4073	283	19.5159
lcl|NC_052675.1_mrna_XM_011157045.3_26186	4329	4130	0	0
lcl|NC_052675.1_mrna_XM_011178096.3_26187	1537	1338	0	0
lcl|NC_052675.1_mrna_XM_011178105.3_26188	1520	1321	93.568	19.8948
lcl|NC_052675.1_mrna_XM_011157009.3_26189	694	495	70.432	39.965
lcl|NC_052675.1_mrna_XM_011178085.3_26190	1698	1499	3	0.562128
lcl|NC_052675.1_mrna_XM_011178039.3_26191	3484	3285	37.6154	3.21622
lcl|NC_052675.1_mrna_XM_011178048.3_26192	3263	3064	181.926	16.6771
lcl|NC_052675.1_mrna_XM_039455656.1_26193	4032	3833	8.32962	0.610383
lcl|NC_052675.1_mrna_XM_039455658.1_26194	2796	2597	0	0
lcl|NC_052675.1_mrna_XM_011178076.3_26195	2825	2626	9.99826e-08	1.06941e-08
lcl|NC_052675.1_mrna_XM_011178059.3_26196	2826	2627	885.516	94.6786
lcl|NC_052675.1_mrna_XM_011178069.3_26197	2802	2603	266.613	28.7689
lcl|NC_052675.1_mrna_XM_011178027.3_26198	3690	3491	172	13.8387
lcl|NC_052675.1_ncrna_XR_005575951.1_26199	953	754	5	1.86258
lcl|NC_052675.1_mrna_XM_039455885.1_26200	4273	4074	0	0
lcl|NC_052675.1_mrna_XM_039455883.1_26201	4806	4607	0	0
lcl|NC_052675.1_mrna_XM_039455882.1_26202	4822	4623	0	0
lcl|NC_052675.1_mrna_XM_039455884.1_26203	4788	4589	0	0
lcl|NC_052675.1_mrna_XM_011178017.3_26204	4804	4605	0	0
lcl|NC_052675.1_mrna_XM_039455886.1_26205	2210	2011	0	0
lcl|NC_052675.1_mrna_XM_011177993.3_26206	2901	2702	25	2.59879
lcl|NC_052675.1_mrna_XM_039456092.1_26207	2978	2779	0	0
lcl|NC_052675.1_ncrna_XR_005576063.1_26208	1103	904	71.0187	22.0658
lcl|NC_052675.1_mrna_XM_026135328.2_26209	2705	2506	3708.98	415.709
lcl|NC_052675.1_mrna_XM_011177950.3_26210	6588	6389	113	4.96777
lcl|NC_052675.1_mrna_XM_011177972.3_26211	1788	1589	22	3.88879
lcl|NC_052675.1_mrna_XM_011157097.3_26212	5673	5474	32.3558	1.66021
lcl|NC_052675.1_mrna_XM_026135338.2_26213	3652	3453	0	0
lcl|NC_052675.1_mrna_XM_011177926.3_26214	2601	2402	2509.6	293.459
lcl|NC_052675.1_mrna_XM_039456091.1_26215	1716	1517	254.045	47.0371
lcl|NC_052675.1_mrna_XM_039456074.1_26216	2881	2682	1	0.104727
lcl|NC_052675.1_mrna_XM_039455986.1_26217	2131	1932	0	0
lcl|NC_052675.1_mrna_XM_039455987.1_26218	2215	2016	0	0
lcl|NC_052675.1_mrna_XM_039455419.1_26219	516	317	0	0
lcl|NC_052675.1_mrna_XM_039455851.1_26220	4257	4058	145	10.0363
lcl|NC_052675.1_mrna_XM_011164838.3_26221	1816	1617	0	0
lcl|NC_052675.1_mrna_XM_011164839.2_26222	1978	1779	1.01061	0.159559
lcl|NC_052675.1_mrna_XM_011164840.2_26223	1623	1424	1	0.197245
lcl|NC_052675.1_mrna_XM_011164842.2_26224	1249	1050	0	0
lcl|NC_052675.1_mrna_XM_011164843.2_26225	1786	1587	0	0
lcl|NC_052675.1_mrna_XM_026140592.2_26226	1041	842	0	0
lcl|NC_052675.1_mrna_XM_039455826.1_26227	5490	5291	46.4983	2.4684
lcl|NC_052675.1_mrna_XM_039455830.1_26228	5259	5060	0	0
lcl|NC_052675.1_mrna_XM_039455827.1_26229	5035	4836	0	0
lcl|NC_052675.1_mrna_XM_039455831.1_26230	4804	4605	0	0
lcl|NC_052675.1_mrna_XM_039455829.1_26231	4780	4581	0	0
lcl|NC_052675.1_mrna_XM_039455833.1_26232	4549	4350	0	0
lcl|NC_052675.1_mrna_XM_039455834.1_26233	4476	4277	0	0
lcl|NC_052675.1_mrna_XM_039455832.1_26234	4487	4288	4.57723	0.299822
lcl|NC_052675.1_mrna_XM_039455825.1_26235	4559	4360	0	0
lcl|NC_052675.1_mrna_XM_039455824.1_26236	4788	4589	57.4764	3.51793
lcl|NC_052675.1_mrna_XM_039455835.1_26237	4701	4502	9.27041	0.578375
lcl|NC_052675.1_mrna_XM_011164844.3_26238	5275	5076	630.178	34.8704
lcl|NC_052675.1_mrna_XM_011164845.3_26239	5075	4876	3	0.172812
lcl|NC_052675.1_mrna_XM_011164877.3_26240	1852	1653	0	0
lcl|NC_052675.1_mrna_XM_026137361.2_26241	1910	1711	0	0
lcl|NC_052675.1_mrna_XM_011164846.3_26242	1451	1252	0	0
lcl|NC_052675.1_ncrna_XR_005576087.1_26243	2176	1977	0	0
lcl|NC_052675.1_mrna_XM_039456225.1_26244	2170	1971	0	0
lcl|NC_052675.1_mrna_XM_039456224.1_26245	1359	1160	0	0
lcl|NC_052675.1_mrna_XM_039456223.1_26246	1404	1205	0	0
lcl|NC_052675.1_mrna_XM_039455420.1_26247	4119	3920	0	0
lcl|NC_052675.1_mrna_XM_011164878.3_26248	2620	2421	6	0.696101
lcl|NC_052675.1_mrna_XM_011164852.3_26249	2185	1986	0	0
lcl|NC_052675.1_mrna_XM_011164851.3_26250	4738	4539	0	0
lcl|NC_052675.1_mrna_XM_039456228.1_26251	4654	4455	0	0
lcl|NC_052675.1_mrna_XM_011164850.3_26252	4510	4311	0	0
lcl|NC_052675.1_mrna_XM_011164849.3_26253	4644	4445	0	0
lcl|NC_052675.1_mrna_XM_026137358.2_26254	2300	2101	0	0
lcl|NC_052675.1_mrna_XM_011164848.3_26255	2063	1864	5	0.753425
lcl|NC_052675.1_mrna_XM_039456227.1_26256	5314	5115	7.97598	0.43798
lcl|NC_052675.1_mrna_XM_039456229.1_26257	3489	3290	2	0.170746
lcl|NC_052675.1_mrna_XM_011164853.3_26258	2464	2265	0	0
lcl|NC_052675.1_ncrna_XR_005576088.1_26259	2765	2566	0	0
lcl|NC_052675.1_mrna_XM_026137350.2_26260	6883	6684	3.02402	0.127076
lcl|NC_052675.1_mrna_XM_039456226.1_26261	4880	4681	0	0
lcl|NC_052675.1_trna_26262	72	3.52559	0	0
lcl|NC_052675.1_trna_26263	72	3.52559	0	0
lcl|NC_052675.1_trna_26264	72	3.52559	0	0
lcl|NC_052675.1_trna_26265	72	3.52559	0	0
lcl|NC_052675.1_trna_26266	72	3.52559	0	0
lcl|NC_052675.1_trna_26267	72	3.52559	0	0
lcl|NC_052675.1_mrna_XM_011164856.3_26268	10032	9833	34.878	0.996279
lcl|NC_052675.1_ncrna_XR_005576061.1_26269	598	399	0	0
lcl|NC_052675.1_mrna_XM_011164858.3_26270	4661	4462	633.122	39.8542
lcl|NC_052675.1_mrna_XM_039456068.1_26271	4380	4181	482.611	32.4215
lcl|NC_052675.1_mrna_XM_039456066.1_26272	4806	4607	0	0
lcl|NC_052675.1_mrna_XM_039456067.1_26273	4407	4208	18.6306	1.24356
lcl|NC_052675.1_mrna_XM_011164862.3_26274	687	488	182.135	104.831
lcl|NC_052675.1_mrna_XM_011164861.3_26275	721	522	85.8648	46.2019
lcl|NC_052675.1_mrna_XM_011164863.3_26276	1481	1282	1832	401.378
lcl|NC_052675.1_mrna_XM_011164864.3_26277	1006	807	1341	466.736
lcl|NC_052675.1_mrna_XM_011164865.3_26278	914	715	4	1.57134
lcl|NC_052675.1_miscrna_XR_005576078.1_26279	2708	2509	7	0.783634
lcl|NC_052675.1_miscrna_XR_005576077.1_26280	3190	2991	0	0
lcl|NC_052675.1_miscrna_XR_005576073.1_26281	3115	2916	0	0
lcl|NC_052675.1_miscrna_XR_005576071.1_26282	3341	3142	0	0
lcl|NC_052675.1_miscrna_XR_005576075.1_26283	3522	3323	0	0
lcl|NC_052675.1_miscrna_XR_005576076.1_26284	3563	3364	0	0
lcl|NC_052675.1_miscrna_XR_005576070.1_26285	1459	1260	0	0
lcl|NC_052675.1_mrna_XM_039456190.1_26286	1874	1675	0	0
lcl|NC_052675.1_miscrna_XR_005576074.1_26287	3183	2984	0	0
lcl|NC_052675.1_miscrna_XR_005576072.1_26288	3515	3316	0	0
lcl|NC_052675.1_mrna_XM_039456156.1_26289	1364	1165	0	0
lcl|NC_052675.1_mrna_XM_039456154.1_26290	1399	1200	0	0
lcl|NC_052675.1_mrna_XM_039456155.1_26291	1393	1194	0	0
lcl|NC_052675.1_mrna_XM_039456194.1_26292	2750	2551	0	0
lcl|NC_052675.1_mrna_XM_039456148.1_26293	2089	1890	0	0
lcl|NC_052675.1_mrna_XM_039456147.1_26294	1654	1455	0	0
lcl|NC_052675.1_mrna_XM_039456189.1_26295	4335	4136	0	0
lcl|NC_052675.1_mrna_XM_039456175.1_26296	1464	1265	0	0
lcl|NC_052675.1_mrna_XM_039456174.1_26297	2217	2018	0	0
lcl|NC_052675.1_mrna_XM_039456158.1_26298	3382	3183	0	0
lcl|NC_052675.1_mrna_XM_039456157.1_26299	1932	1733	0	0
lcl|NC_052675.1_mrna_XM_039456151.1_26300	2029	1830	0	0
lcl|NC_052675.1_mrna_XM_039456152.1_26301	3234	3035	0	0
lcl|NC_052675.1_mrna_XM_039456149.1_26302	3378	3179	0	0
lcl|NC_052675.1_mrna_XM_039456150.1_26303	3372	3173	0	0
lcl|NC_052675.1_mrna_XM_039456164.1_26304	2442	2243	0	0
lcl|NC_052675.1_mrna_XM_039456165.1_26305	2049	1850	0	0
lcl|NC_052675.1_mrna_XM_039456167.1_26306	1913	1714	0	0
lcl|NC_052675.1_mrna_XM_039456166.1_26307	2213	2014	0	0
lcl|NC_052675.1_mrna_XM_039456169.1_26308	1596	1397	0	0
lcl|NC_052675.1_mrna_XM_039456168.1_26309	1645	1446	0	0
lcl|NC_052675.1_mrna_XM_039456170.1_26310	1490	1291	0	0
lcl|NC_052675.1_mrna_XM_039456181.1_26311	2172	1973	0	0
lcl|NC_052675.1_mrna_XM_039456182.1_26312	2166	1967	0	0
lcl|NC_052675.1_mrna_XM_039456183.1_26313	1354	1155	0	0
lcl|NC_052675.1_mrna_XM_039456184.1_26314	1346	1147	0	0
lcl|NC_052675.1_mrna_XM_039456171.1_26315	2416	2217	0	0
lcl|NC_052675.1_mrna_XM_026137363.2_26316	1695	1496	0	0
lcl|NC_052675.1_mrna_XM_039456173.1_26317	1408	1209	0	0
lcl|NC_052675.1_mrna_XM_039456172.1_26318	1404	1205	0	0
lcl|NC_052675.1_mrna_XM_039456177.1_26319	2229	2030	0	0
lcl|NC_052675.1_mrna_XM_039456176.1_26320	2380	2181	0	0
lcl|NC_052675.1_mrna_XM_039456178.1_26321	2072	1873	0	0
lcl|NC_052675.1_mrna_XM_039456198.1_26322	1261	1062	9	2.38031
lcl|NC_052675.1_mrna_XM_039456195.1_26323	928	729	0	0
lcl|NC_052675.1_mrna_XM_039456197.1_26324	1676	1477	0	0
lcl|NC_052675.1_miscrna_XR_005576079.1_26325	695	496	0	0
lcl|NC_052675.1_mrna_XM_026137373.2_26326	2559	2360	0	0
lcl|NC_052675.1_mrna_XM_039456179.1_26327	2553	2354	0	0
lcl|NC_052675.1_ncrna_XR_005576082.1_26328	1587	1388	0	0
lcl|NC_052675.1_mrna_XM_039456161.1_26329	2377	2178	0	0
lcl|NC_052675.1_mrna_XM_039456163.1_26330	2371	2172	0	0
lcl|NC_052675.1_mrna_XM_039456159.1_26331	2343	2144	0	0
lcl|NC_052675.1_mrna_XM_039456160.1_26332	2337	2138	0	0
lcl|NC_052675.1_mrna_XM_039456162.1_26333	1417	1218	0	0
lcl|NC_052675.1_mrna_XM_039456187.1_26334	1360	1161	0	0
lcl|NC_052675.1_mrna_XM_039456188.1_26335	1333	1134	0	0
lcl|NC_052675.1_ncrna_XR_005576081.1_26336	644	445	0	0
lcl|NC_052675.1_mrna_XM_039456193.1_26337	1215	1016	0	0
lcl|NC_052675.1_mrna_XM_039456192.1_26338	1297	1098	0	0
lcl|NC_052675.1_ncrna_XR_005576080.1_26339	1735	1536	5.11845	0.935973
lcl|NC_052675.1_mrna_XM_039456180.1_26340	1415	1216	0	0
lcl|NC_052675.1_mrna_XM_026137374.2_26341	1409	1210	0	0
lcl|NC_052675.1_mrna_XM_039456186.1_26342	1901	1702	0	0
lcl|NC_052675.1_mrna_XM_026137362.2_26343	1938	1739	0	0
lcl|NC_052675.1_mrna_XM_039456185.1_26344	1905	1706	0	0
lcl|NC_052675.1_mrna_XM_011164866.3_26345	1632	1433	10	1.96006
lcl|NC_052675.1_mrna_XM_011164867.3_26346	610	411	189	129.162
lcl|NC_052675.1_mrna_XM_011164869.3_26347	1527	1328	737	155.878
lcl|NC_052675.1_mrna_XM_011164871.3_26348	2203	2004	1178	165.106
lcl|NC_052675.1_mrna_XM_011164872.3_26349	1070	871	1480	477.265
lcl|NC_052675.1_mrna_XM_011164875.3_26350	7035	6836	148.292	6.09302
lcl|NC_052675.1_mrna_XM_011164873.3_26351	7037	6838	264.708	10.8731
lcl|NC_052675.1_ncrna_XR_005576034.1_26352	318	119	38.9993	92.0504
lcl|NC_052675.1_ncrna_XR_005575953.1_26353	1719	1520	12.2312	2.26017
lcl|NC_052675.1_mrna_XM_026137637.2_26354	836	637	151.476	66.7912
lcl|NC_052675.1_mrna_XM_026137638.2_26355	747	548	0	0
lcl|NC_052675.1_mrna_XM_026137640.2_26356	495	296	0	0
lcl|NC_052675.1_mrna_XM_026137639.2_26357	618	419	31.5244	21.1324
lcl|NC_052675.1_mrna_XM_011163080.3_26358	3636	3437	358.671	29.3111
lcl|NC_052675.1_mrna_XM_039455670.1_26359	3586	3387	198.329	16.447
lcl|NC_052675.1_mrna_XM_039456264.1_26360	5691	5492	1	0.0511429
lcl|NC_052675.1_mrna_XM_039456265.1_26361	10073	9874	2.00178	0.0569429
lcl|NC_052675.1_ncrna_XR_005576015.1_26362	704	505	0	0
lcl|NC_052675.1_mrna_XM_039455877.1_26363	2120	1921	3	0.438641
lcl|NC_052675.1_mrna_XM_039455963.1_26364	1078	879	3	0.958624
lcl|NC_052675.1_trna_26365	73	3.5471	0	0
lcl|NC_052675.1_mrna_XM_011163084.3_26366	3428	3229	516.466	44.9252
lcl|NC_052675.1_mrna_XM_011163083.3_26367	3430	3231	4871.39	423.479
lcl|NC_052675.1_mrna_XM_026137651.2_26368	2338	2139	29.1391	3.82632
lcl|NC_052675.1_mrna_XM_026137645.2_26369	2253	2054	157.905	21.5929
lcl|NC_052675.1_mrna_XM_026137646.2_26370	2140	1941	0.450978	0.0652598
lcl|NC_052675.1_mrna_XM_026137644.2_26371	2223	2024	0.129439	0.0179626
lcl|NC_052675.1_mrna_XM_026137647.2_26372	2130	1931	699.515	101.749
lcl|NC_052675.1_mrna_XM_039455962.1_26373	4651	4452	375.043	23.6615
lcl|NC_052675.1_mrna_XM_011163086.3_26374	3740	3541	120.147	9.53025
lcl|NC_052675.1_mrna_XM_026137643.2_26375	4324	4125	0	0
lcl|NC_052675.1_mrna_XM_011163087.3_26376	4564	4365	10.8095	0.695565
lcl|NC_052675.1_mrna_XM_026137649.2_26377	1530	1331	22.5506	4.75878
lcl|NC_052675.1_mrna_XM_011163089.3_26378	1513	1314	750.449	160.414
lcl|NC_052675.1_mrna_XM_011163096.3_26379	4218	4019	67.1883	4.6956
lcl|NC_052675.1_mrna_XM_039455960.1_26380	3915	3716	0	0
lcl|NC_052675.1_mrna_XM_011163097.3_26381	3867	3668	57.3275	4.38985
lcl|NC_052675.1_mrna_XM_011163090.3_26382	6553	6354	7.07598	0.312792
lcl|NC_052675.1_mrna_XM_039455964.1_26383	2305	2106	0	0
lcl|NC_052675.1_mrna_XM_011163098.3_26384	3858	3659	5.82562e-06	4.47193e-07
lcl|NC_052675.1_mrna_XM_026137650.2_26385	575	376	2	1.49403
lcl|NC_052675.1_mrna_XM_011163094.3_26386	4069	3870	14.5498	1.05599
lcl|NC_052675.1_mrna_XM_011163099.3_26387	4275	4076	0	0
lcl|NC_052675.1_mrna_XM_011163092.3_26388	4696	4497	3.08606	0.192752
lcl|NC_052675.1_mrna_XM_011163100.3_26389	3570	3371	172.87	14.4038
lcl|NC_052675.1_mrna_XM_011163101.3_26390	3336	3137	32.7856	2.93551
lcl|NC_052675.1_mrna_XM_039455961.1_26391	4706	4507	3.07185	0.191438
lcl|NC_052675.1_mrna_XM_026137641.2_26392	3440	3241	152.045	13.1768
lcl|NC_052675.1_mrna_XM_039456273.1_26393	11104	10905	0	0
lcl|NC_052675.1_mrna_XM_026137635.2_26394	10047	9848	0.0245205	0.000699354
lcl|NC_052675.1_mrna_XM_011163104.3_26395	10004	9805	1.97548	0.0565901
lcl|NC_052675.1_mrna_XM_011163102.3_26396	1562	1363	1201	247.493
lcl|NC_052675.1_mrna_XM_011163105.3_26397	3227	3028	1340	124.298
lcl|NC_052675.1_mrna_XM_011163106.3_26398	744	545	1979	1019.92
lcl|NC_052675.1_mrna_XM_011163107.3_26399	1216	1017	485	133.948
lcl|NC_052675.1_mrna_XM_039456274.1_26400	1083	884	37.2891	11.848
lcl|NC_052675.1_mrna_XM_011163108.3_26401	1093	894	373.711	117.412
lcl|NC_052675.1_mrna_XM_039455421.1_26402	837	638	0	0
lcl|NC_052675.1_mrna_XM_039456251.1_26403	3749	3550	0	0
lcl|NC_052675.1_mrna_XM_011169916.3_26404	2117	1918	690	101.045
lcl|NC_052675.1_ncrna_XR_003268806.2_26405	2467	2268	1	0.123843
lcl|NC_052675.1_mrna_XM_011169919.3_26406	2776	2577	0	0
lcl|NC_052675.1_mrna_XM_039456247.1_26407	11094	10895	0	0
lcl|NC_052675.1_mrna_XM_039456248.1_26408	10871	10672	2.22366	0.0585247
lcl|NC_052675.1_mrna_XM_039456249.1_26409	4280	4081	0	0
lcl|NC_052675.1_mrna_XM_011169918.3_26410	4599	4400	27.7763	1.77312
lcl|NC_052675.1_mrna_XM_039456252.1_26411	1220	1021	234.071	64.3929
lcl|NC_052675.1_mrna_XM_011169920.2_26412	1176	977	618.929	177.935
lcl|NC_052675.1_mrna_XM_011169924.3_26413	2820	2621	1191.93	127.731
lcl|NC_052675.1_mrna_XM_011169921.3_26414	3247	3048	230.743	21.2633
lcl|NC_052675.1_mrna_XM_039455849.1_26415	3208	3009	197.841	18.4676
lcl|NC_052675.1_mrna_XM_011169923.3_26416	3129	2930	135.49	12.9884
lcl|NC_052675.1_mrna_XM_011169925.3_26417	3133	2934	1	0.0957317
lcl|NC_052675.1_ncrna_XR_005576017.1_26418	2359	2160	8	1.04028
lcl|NC_052675.1_mrna_XM_011169926.3_26419	977	778	582	210.116
lcl|NC_052675.1_mrna_XM_039455881.1_26420	2815	2616	116.468	12.505
lcl|NC_052675.1_mrna_XM_011169927.3_26421	2754	2555	191.532	21.0556
lcl|NC_052675.1_mrna_XM_039455880.1_26422	2637	2438	0	0
lcl|NC_052675.1_mrna_XM_011169928.3_26423	9868	9669	171.919	4.99412
lcl|NC_052675.1_mrna_XM_026135932.2_26424	9752	9553	0.0153949	0.000452639
lcl|NC_052675.1_mrna_XM_026135930.2_26425	9784	9585	74.0652	2.17039
lcl|NC_052675.1_mrna_XM_026135931.2_26426	9703	9504	0	0
lcl|NC_052675.1_mrna_XM_011169931.3_26427	4033	3834	151.869	11.1258
lcl|NC_052675.1_mrna_XM_011169932.3_26428	3977	3778	0.129797	0.00964977
lcl|NC_052675.1_mrna_XM_011169933.3_26429	3864	3665	0.00140098	0.000107368
lcl|NC_052675.1_mrna_XM_011169935.3_26430	5661	5462	182.222	9.37052
lcl|NC_052675.1_mrna_XM_011169934.3_26431	5771	5572	821.895	41.4306
lcl|NC_052675.1_mrna_XM_011169936.3_26432	5507	5308	42.883	2.26918
lcl|NC_052675.1_mrna_XM_011169938.3_26433	6200	6001	203.363	9.51841
lcl|NC_052675.1_mrna_XM_039456333.1_26434	5866	5667	50.6369	2.50974
lcl|NC_052675.1_mrna_XM_026135937.2_26435	3156	2957	339	32.2006
lcl|NC_052675.1_mrna_XM_011169943.3_26436	3200	3001	198	18.5317
lcl|NC_052675.1_mrna_XM_026135938.2_26437	1912	1713	543.469	89.1113
lcl|NC_052675.1_mrna_XM_026135939.2_26438	1854	1655	126.531	21.4741
lcl|NC_052675.1_mrna_XM_011169944.2_26439	1658	1459	775	149.198
lcl|NC_052675.1_mrna_XM_011169945.3_26440	6033	5834	29	1.3962
lcl|NC_052675.1_mrna_XM_011169946.3_26441	2718	2519	496	55.3056
lcl|NC_052675.1_mrna_XM_026135928.2_26442	7624	7425	251	9.49496
lcl|NC_052675.1_mrna_XM_026135929.2_26443	3519	3320	2713.74	229.587
lcl|NC_052675.1_mrna_XM_011164778.3_26444	1049	850	963	318.217
lcl|NC_052675.1_mrna_XM_011169949.3_26445	880	681	568	234.27
lcl|NC_052675.1_mrna_XM_026135935.2_26446	6728	6529	0.00627072	0.000269766
lcl|NC_052675.1_mrna_XM_039456277.1_26447	6682	6483	7.53662	0.326525
lcl|NC_052675.1_mrna_XM_026135934.2_26448	6730	6531	0.00461215	0.000198353
lcl|NC_052675.1_mrna_XM_011169954.3_26449	6555	6356	21.1854	0.936201
lcl|NC_052675.1_mrna_XM_011169950.3_26450	6684	6485	5.53115	0.239564
lcl|NC_052675.1_mrna_XM_011169953.3_26451	6600	6401	0	0
lcl|NC_052675.1_mrna_XM_026135933.2_26452	6875	6676	17.7359	0.746197
lcl|NC_052675.1_mrna_XM_026135936.2_26453	5553	5354	0	0
lcl|NC_052675.1_mrna_XM_026135943.2_26454	4686	4487	14.6537	0.917289
lcl|NC_052675.1_mrna_XM_011169956.3_26455	3986	3787	94.6324	7.01876
lcl|NC_052675.1_mrna_XM_011169959.3_26456	5911	5712	269.696	13.2618
lcl|NC_052675.1_mrna_XM_039456120.1_26457	6246	6047	34.9671	1.62418
lcl|NC_052675.1_mrna_XM_011169957.3_26458	6306	6107	9.33662	0.429415
lcl|NC_052675.1_mrna_XM_011169958.3_26459	5662	5463	0	0
lcl|NC_052675.1_mrna_XM_039456119.1_26460	5509	5310	0	0
lcl|NC_052675.1_mrna_XM_011169963.3_26461	2366	2167	1589	205.959
lcl|NC_052675.1_mrna_XM_039456121.1_26462	1432	1233	0	0
lcl|NC_052675.1_mrna_XM_011169961.3_26463	1408	1209	585	135.908
lcl|NC_052675.1_mrna_XM_011169964.3_26464	1036	837	289	96.9813
lcl|NC_052675.1_mrna_XM_011169965.3_26465	4341	4142	529	35.8725
lcl|NC_052675.1_mrna_XM_011169966.3_26466	2492	2293	3866	473.558
lcl|NC_052675.1_mrna_XM_011169968.3_26467	3976	3777	46	3.42079
lcl|NC_052675.1_mrna_XM_011169971.3_26468	3069	2870	311.999	30.5342
lcl|NC_052675.1_mrna_XM_039455664.1_26469	3086	2887	0.000868009	8.44487e-05
lcl|NC_052675.1_mrna_XM_011169973.3_26470	961	762	143.37	52.8469
lcl|NC_052675.1_mrna_XM_011169972.3_26471	1400	1201	186.63	43.647
lcl|NC_052675.1_mrna_XM_039455667.1_26472	1648	1449	3	0.581525
lcl|NC_052675.1_mrna_XM_011169988.2_26473	1687	1488	0	0
lcl|NC_052675.1_mrna_XM_039455666.1_26474	1681	1482	0	0
lcl|NC_052675.1_mrna_XM_011169974.3_26475	1527	1328	685.254	144.934
lcl|NC_052675.1_mrna_XM_039455668.1_26476	1549	1350	35.8443	7.45764
lcl|NC_052675.1_mrna_XM_011169975.3_26477	1714	1515	29.9019	5.54372
lcl|NC_052675.1_mrna_XM_039455669.1_26478	1526	1327	0.000201027	4.25499e-05
lcl|NC_052675.1_mrna_XM_011169979.3_26479	3287	3088	317.368	28.867
lcl|NC_052675.1_mrna_XM_011169980.3_26480	3080	2881	108.632	10.5908
lcl|NC_052675.1_mrna_XM_039456057.1_26481	852	653	1	0.430133
lcl|NC_052675.1_mrna_XM_011161746.3_26482	8489	8290	44.0068	1.49101
lcl|NC_052675.1_mrna_XM_011161744.3_26483	1360	1161	107.537	26.0161
lcl|NC_052675.1_mrna_XM_039456070.1_26484	4935	4736	17	1.00821
lcl|NC_052675.1_ncrna_XR_850739.3_26485	1471	1272	1	0.220815
lcl|NC_052675.1_mrna_XM_039456263.1_26486	4445	4246	4	0.264604
lcl|NC_052675.1_miscrna_XR_003268546.2_26487	4144	3945	0	0
lcl|NC_052675.1_mrna_XM_026133401.2_26488	4601	4402	0	0
lcl|NC_052675.1_mrna_XM_011161740.3_26489	5782	5583	162.22	8.16117
lcl|NC_052675.1_mrna_XM_026133400.2_26490	5934	5735	4.67276	0.228853
lcl|NC_052675.1_mrna_XM_039456261.1_26491	5969	5770	4.40788e-08	2.1457e-09
lcl|NC_052675.1_mrna_XM_039456260.1_26492	6226	6027	61.1074	2.84779
lcl|NC_052675.1_mrna_XM_039456262.1_26493	5530	5331	0	0
lcl|NC_052675.1_mrna_XM_011161739.3_26494	5712	5513	0	0
lcl|NC_052675.1_mrna_XM_011161737.3_26495	3203	3004	567	53.015
lcl|NC_052675.1_mrna_XM_026133405.2_26496	13400	13201	0.00022234	4.73072e-06
lcl|NC_052675.1_mrna_XM_039456276.1_26497	12947	12748	117.589	2.59084
lcl|NC_052675.1_mrna_XM_026133406.2_26498	13685	13486	92.4107	1.92466
lcl|NC_052675.1_miscrna_XR_003268548.2_26499	2263	2064	367	49.9427
lcl|NC_052675.1_trna_26500	72	3.52559	0	0
lcl|NC_052675.1_mrna_XM_011161765.3_26501	786	587	0	0
lcl|NC_052675.1_mrna_XM_011161732.3_26502	3523	3324	32.887	2.77894
lcl|NC_052675.1_mrna_XM_011161733.3_26503	2996	2797	88.113	8.84836
lcl|NC_052675.1_mrna_XM_026133382.2_26504	4584	4385	75.3069	4.82371
lcl|NC_052675.1_mrna_XM_026133381.2_26505	5252	5053	22.6931	1.26142
lcl|NC_052675.1_mrna_XM_026133378.2_26506	3497	3298	13	1.10715
lcl|NC_052675.1_trna_26507	72	3.52559	0	0
lcl|NC_052675.1_mrna_XM_026133379.2_26508	3040	2841	0	0
lcl|NC_052675.1_mrna_XM_039455684.1_26509	2902	2703	0	0
lcl|NC_052675.1_mrna_XM_011161729.3_26510	3066	2867	0	0
lcl|NC_052675.1_mrna_XM_026133380.2_26511	2931	2732	0	0
lcl|NC_052675.1_mrna_XM_011161728.3_26512	3068	2869	86.7044	8.48841
lcl|NC_052675.1_mrna_XM_011161730.3_26513	3053	2854	167.296	16.4644
lcl|NC_052675.1_mrna_XM_011161727.3_26514	1081	882	86.7206	27.6166
lcl|NC_052675.1_miscrna_XR_005576095.1_26515	1406	1207	0.0072058	0.00167684
lcl|NC_052675.1_miscrna_XR_005576094.1_26516	1395	1196	70.0973	16.4621
lcl|NC_052675.1_mrna_XM_011161725.3_26517	1061	862	519.175	169.17
lcl|NC_052675.1_mrna_XM_011161722.3_26518	3033	2834	0	0
lcl|NC_052675.1_mrna_XM_011161720.3_26519	2415	2216	72.312	9.1655
lcl|NC_052675.1_mrna_XM_011161721.3_26520	2396	2197	572.688	73.2156
lcl|NC_052675.1_mrna_XM_011161724.3_26521	3327	3128	4.45366	0.399914
lcl|NC_052675.1_mrna_XM_026133385.2_26522	3294	3095	0	0
lcl|NC_052675.1_mrna_XM_011161723.3_26523	3095	2896	0	0
lcl|NC_052675.1_mrna_XM_026133384.2_26524	3062	2863	6.54634	0.642233
lcl|NC_052675.1_mrna_XM_011161718.3_26525	1523	1324	271.219	57.5371
lcl|NC_052675.1_mrna_XM_011161719.3_26526	1483	1284	99.8447	21.8412
lcl|NC_052675.1_mrna_XM_026133448.2_26527	2305	2106	35.936	4.79277
lcl|NC_052675.1_ncrna_XR_005576096.1_26528	1364	1165	0	0
lcl|NC_052675.1_ncrna_XR_005576097.1_26529	1125	926	2	0.606645
lcl|NC_052675.1_mrna_XM_039455423.1_26530	3911	3712	34	2.57269
lcl|NC_052675.1_mrna_XM_039455424.1_26531	3271	3072	259.463	23.723
lcl|NC_052675.1_mrna_XM_039455425.1_26532	3676	3477	24.0479	1.94262
lcl|NC_052675.1_mrna_XM_011161716.2_26533	3142	2943	19.5258	1.86352
lcl|NC_052675.1_mrna_XM_011161711.3_26534	3156	2957	0	0
lcl|NC_052675.1_mrna_XM_011161712.3_26535	3125	2926	0	0
lcl|NC_052675.1_mrna_XM_011161715.3_26536	3384	3185	36.5766	3.22559
lcl|NC_052675.1_mrna_XM_011161714.3_26537	3392	3193	167.916	14.7709
lcl|NC_052675.1_mrna_XM_026133451.2_26538	3406	3207	58.8022	5.15004
lcl|NC_052675.1_mrna_XM_011161713.3_26539	3462	3263	158.132	13.6119
lcl|NC_052675.1_mrna_XM_026133450.2_26540	3168	2969	0	0
lcl|NC_052675.1_mrna_XM_011161710.3_26541	1660	1461	397	76.3231
lcl|NC_052675.1_mrna_XM_039455426.1_26542	5276	5077	2	0.110647
lcl|NC_052675.1_mrna_XM_011161702.3_26543	1249	1050	561	150.068
lcl|NC_052675.1_mrna_XM_011161705.3_26544	646	447	7.5093	4.71854
lcl|NC_052675.1_mrna_XM_039455965.1_26545	741	542	33.0005	17.1016
lcl|NC_052675.1_mrna_XM_011161707.3_26546	897	698	20.677	8.32046
lcl|NC_052675.1_mrna_XM_039455966.1_26547	616	417	0	0
lcl|NC_052675.1_mrna_XM_011161704.3_26548	704	505	104.813	58.2962
lcl|NC_052675.1_mrna_XM_011161708.3_26549	2537	2338	408.888	49.1219
lcl|NC_052675.1_mrna_XM_026133447.2_26550	2091	1892	883.112	131.102
lcl|NC_052675.1_ncrna_XR_850736.3_26551	2082	1883	32	4.77326
lcl|NC_052675.1_mrna_XM_011161697.3_26552	1430	1231	4	0.912678
lcl|NC_052675.1_mrna_XM_011161701.3_26553	2569	2370	0	0
lcl|NC_052675.1_mrna_XM_011161699.3_26554	2690	2491	33.3026	3.75509
lcl|NC_052675.1_mrna_XM_011161698.3_26555	2573	2374	93.0157	11.005
lcl|NC_052675.1_mrna_XM_011161700.3_26556	2235	2036	255.682	35.2726
lcl|NC_052675.1_mrna_XM_011161696.3_26557	6575	6376	115	5.066
lcl|NC_052675.1_mrna_XM_039455969.1_26558	5607	5408	0	0
lcl|NC_052675.1_mrna_XM_039455967.1_26559	5557	5358	0	0
lcl|NC_052675.1_mrna_XM_039455968.1_26560	7369	7170	0	0
lcl|NC_052675.1_mrna_XM_011161695.3_26561	2486	2287	73.3865	9.01292
lcl|NC_052675.1_mrna_XM_039455972.1_26562	3789	3590	48.5903	3.80164
lcl|NC_052675.1_mrna_XM_011161693.3_26563	3735	3536	42.1834	3.35077
lcl|NC_052675.1_mrna_XM_026133398.2_26564	3371	3172	402.226	35.6166
lcl|NC_052675.1_mrna_XM_011161686.3_26565	3868	3669	630	48.229
lcl|NC_052675.1_mrna_XM_011161685.3_26566	916	717	0	0
lcl|NC_052675.1_mrna_XM_011161684.3_26567	1074	875	12	3.85202
lcl|NC_052675.1_ncrna_XR_005576037.1_26568	350	151	1	1.86011
lcl|NC_052675.1_mrna_XM_039455971.1_26569	1070	871	58.0995	18.7357
lcl|NC_052675.1_mrna_XM_026133399.2_26570	2519	2320	6	0.726405
lcl|NC_052675.1_mrna_XM_039455427.1_26571	8908	8709	614	19.8023
lcl|NC_052675.1_mrna_XM_039455970.1_26572	1442	1243	96.9005	21.8963
lcl|NC_052675.1_mrna_XM_011161689.3_26573	1232	1033	0	0
lcl|NC_052675.1_mrna_XM_039455974.1_26574	1085	886	1.7688	0.560739
lcl|NC_052675.1_mrna_XM_011161683.3_26575	1689	1490	109.231	20.5909
lcl|NC_052675.1_mrna_XM_039455477.1_26576	3856	3657	73.9479	5.67959
lcl|NC_052675.1_mrna_XM_039455475.1_26577	4176	3977	49.7125	3.51096
lcl|NC_052675.1_mrna_XM_039455478.1_26578	786	587	13.9859	6.69219
lcl|NC_052675.1_mrna_XM_011161681.3_26579	1872	1673	984	165.202
lcl|NC_052675.1_mrna_XM_011161678.3_26580	913	714	390.62	153.664
lcl|NC_052675.1_mrna_XM_011161674.3_26581	4551	4352	109.637	7.07596
lcl|NC_052675.1_mrna_XM_011161677.3_26582	4612	4413	98.0212	6.23881
lcl|NC_052675.1_ncrna_XR_005575935.1_26583	1547	1348	49.4846	10.3109
lcl|NC_052675.1_mrna_XM_039455474.1_26584	6212	6013	0.298796	0.0139572
lcl|NC_052675.1_mrna_XM_011161672.3_26585	6387	6188	244.217	11.0851
lcl|NC_052675.1_miscrna_XR_005575934.1_26586	6752	6553	6.01838	0.257962
lcl|NC_052675.1_mrna_XM_039455447.1_26587	17881	17682	8.3186	0.13214
lcl|NC_052675.1_mrna_XM_039455446.1_26588	17884	17685	0	0
lcl|NC_052675.1_mrna_XM_039455449.1_26589	17866	17667	0	0
lcl|NC_052675.1_mrna_XM_039455445.1_26590	17884	17685	0	0
lcl|NC_052675.1_mrna_XM_039455454.1_26591	17841	17642	0	0
lcl|NC_052675.1_mrna_XM_039455456.1_26592	17841	17642	0	0
lcl|NC_052675.1_mrna_XM_039455443.1_26593	17883	17684	0	0
lcl|NC_052675.1_mrna_XM_039455451.1_26594	17850	17651	0	0
lcl|NC_052675.1_mrna_XM_039455465.1_26595	17544	17345	0	0
lcl|NC_052675.1_mrna_XM_039455457.1_26596	17832	17633	0	0
lcl|NC_052675.1_mrna_XM_039455458.1_26597	17832	17633	0	0
lcl|NC_052675.1_mrna_XM_039455448.1_26598	17865	17666	0	0
lcl|NC_052675.1_mrna_XM_039455452.1_26599	17841	17642	0	0
lcl|NC_052675.1_mrna_XM_039455453.1_26600	17841	17642	0	0
lcl|NC_052675.1_mrna_XM_039455450.1_26601	17862	17663	0	0
lcl|NC_052675.1_mrna_XM_039455472.1_26602	17321	17122	0	0
lcl|NC_052675.1_mrna_XM_039455470.1_26603	17492	17293	0	0
lcl|NC_052675.1_mrna_XM_039455473.1_26604	17270	17071	0	0
lcl|NC_052675.1_mrna_XM_039455471.1_26605	17492	17293	0	0
lcl|NC_052675.1_mrna_XM_039455459.1_26606	17807	17608	0	0
lcl|NC_052675.1_mrna_XM_026133412.2_26607	17804	17605	0	0
lcl|NC_052675.1_mrna_XM_026133416.2_26608	17786	17587	0	0
lcl|NC_052675.1_mrna_XM_026133415.2_26609	17786	17587	0	0
lcl|NC_052675.1_mrna_XM_039455462.1_26610	17743	17544	0	0
lcl|NC_052675.1_mrna_XM_039455461.1_26611	17743	17544	0	0
lcl|NC_052675.1_mrna_XM_039455463.1_26612	17740	17541	0	0
lcl|NC_052675.1_mrna_XM_026133417.2_26613	17348	17149	19.8054	0.324384
lcl|NC_052675.1_mrna_XM_039455467.1_26614	17633	17434	0.182771	0.0029446
lcl|NC_052675.1_mrna_XM_039455469.1_26615	17561	17362	11.6035	0.187718
lcl|NC_052675.1_mrna_XM_039455466.1_26616	17320	17121	0	0
lcl|NC_052675.1_mrna_XM_039455464.1_26617	18870	18671	0	0
lcl|NC_052675.1_mrna_XM_039455482.1_26618	10230	10031	0	0
lcl|NC_052675.1_mrna_XM_039455485.1_26619	10063	9864	0	0
lcl|NC_052675.1_mrna_XM_039455480.1_26620	10833	10634	0	0
lcl|NC_052675.1_mrna_XM_039455481.1_26621	10672	10473	0	0
lcl|NC_052675.1_mrna_XM_039455483.1_26622	10082	9883	0	0
lcl|NC_052675.1_mrna_XM_039455479.1_26623	12626	12427	0	0
lcl|NC_052675.1_mrna_XM_026133434.2_26624	10359	10160	0	0
lcl|NC_052675.1_mrna_XM_026133432.2_26625	10325	10126	0	0
lcl|NC_052675.1_mrna_XM_026133433.2_26626	9371	9172	2.08999	0.0640025
lcl|NC_052675.1_mrna_XM_011161669.3_26627	2149	1950	936	134.821
lcl|NC_052675.1_mrna_XM_039455486.1_26628	3237	3038	7	0.647181
lcl|NC_052675.1_mrna_XM_039455488.1_26629	1426	1227	0	0
lcl|NC_052675.1_miscrna_XR_003268550.2_26630	2705	2506	316	35.4178
lcl|NC_052675.1_mrna_XM_011161664.3_26631	4428	4229	0.0693558	0.00460639
lcl|NC_052675.1_mrna_XM_011161666.3_26632	3761	3562	4.05962	0.320116
lcl|NC_052675.1_mrna_XM_011161668.3_26633	4406	4207	12.9733	0.866153
lcl|NC_052675.1_mrna_XM_039455487.1_26634	6138	5939	5.8977	0.278923
lcl|NC_052675.1_mrna_XM_011161660.3_26635	5515	5316	224.633	11.8687
lcl|NC_052675.1_mrna_XM_039455490.1_26636	4558	4359	328.367	21.1587
lcl|NC_052675.1_mrna_XM_011161659.3_26637	5598	5399	69	3.58964
lcl|NC_052675.1_mrna_XM_011161657.3_26638	1650	1451	821.207	158.965
lcl|NC_052675.1_mrna_XM_039455502.1_26639	1359	1160	502.793	121.744
lcl|NC_052675.1_mrna_XM_011161644.3_26640	2360	2161	1189	154.541
lcl|NC_052675.1_mrna_XM_039455499.1_26641	3292	3093	170	15.4378
lcl|NC_052675.1_mrna_XM_011161653.3_26642	2541	2342	73.7674	8.84694
lcl|NC_052675.1_mrna_XM_011161648.3_26643	2368	2169	6.10401	0.790444
lcl|NC_052675.1_mrna_XM_011161647.3_26644	1887	1688	12.127	2.01789
lcl|NC_052675.1_mrna_XM_011161650.3_26645	2718	2519	12.9572	1.44477
lcl|NC_052675.1_mrna_XM_011161646.3_26646	2106	1907	0	0
lcl|NC_052675.1_mrna_XM_011161651.3_26647	5392	5193	0	0
lcl|NC_052675.1_ncrna_XR_005575936.1_26648	1605	1406	3.04437	0.608173
lcl|NC_052675.1_mrna_XM_026133436.2_26649	5047	4848	3.98835e-07	2.31071e-08
lcl|NC_052675.1_mrna_XM_011161654.3_26650	5075	4876	0	0
lcl|NC_052675.1_mrna_XM_011161655.3_26651	4973	4774	2	0.117669
lcl|NC_052675.1_mrna_XM_011161656.3_26652	763	564	353	175.797
lcl|NC_052675.1_mrna_XM_011161641.3_26653	3864	3665	40.3815	3.09474
lcl|NC_052675.1_mrna_XM_011161643.3_26654	3858	3659	43.1693	3.31382
lcl|NC_052675.1_mrna_XM_011161642.3_26655	4039	3840	14.4492	1.05688
lcl|NC_052675.1_mrna_XM_011161639.3_26656	7790	7591	110.553	4.09059
lcl|NC_052675.1_mrna_XM_011161640.3_26657	7380	7181	28.4475	1.11269
lcl|NC_052675.1_mrna_XM_011161638.3_26658	7091	6892	0	0
lcl|NC_052675.1_mrna_XM_039455492.1_26659	7351	7152	0	0
lcl|NC_052675.1_mrna_XM_039455428.1_26660	9467	9268	16	0.484897
lcl|NC_052675.1_mrna_XM_039455493.1_26661	7194	6995	85.9996	3.45322
lcl|NC_052675.1_mrna_XM_011161633.3_26662	6856	6657	0.000351981	1.4851e-05
lcl|NC_052675.1_mrna_XM_039455494.1_26663	7497	7298	0	0
lcl|NC_052675.1_mrna_XM_039455503.1_26664	1548	1349	154	32.0645
lcl|NC_052675.1_mrna_XM_011161627.3_26665	1974	1775	74.6569	11.8137
lcl|NC_052675.1_mrna_XM_039455498.1_26666	2068	1869	11.4256	1.71706
lcl|NC_052675.1_mrna_XM_026133376.2_26667	2046	1847	0	0
lcl|NC_052675.1_mrna_XM_011161628.3_26668	2019	1820	184.088	28.41
lcl|NC_052675.1_mrna_XM_039455496.1_26669	2135	1936	0.0970089	0.0140741
lcl|NC_052675.1_mrna_XM_039455497.1_26670	2091	1892	105.013	15.5897
lcl|NC_052675.1_mrna_XM_011161629.3_26671	2033	1834	36.6584	5.61422
lcl|NC_052675.1_mrna_XM_011161630.3_26672	2047	1848	78.928	11.9962
lcl|NC_052675.1_mrna_XM_011161631.3_26673	2003	1804	0	0
lcl|NC_052675.1_mrna_XM_011161625.3_26674	8942	8743	96.0536	3.08581
lcl|NC_052675.1_mrna_XM_011161624.3_26675	8802	8603	709.899	23.1773
lcl|NC_052675.1_mrna_XM_011161622.3_26676	3160	2961	1180.92	112.021
lcl|NC_052675.1_mrna_XM_011161626.3_26677	3200	3001	15.2701	1.42919
lcl|NC_052675.1_mrna_XM_011161621.3_26678	1316	1117	530	133.272
lcl|NC_052675.1_mrna_XM_011161611.3_26679	18789	18590	9.68463e-08	1.46325e-09
lcl|NC_052675.1_mrna_XM_011161612.3_26680	18792	18593	0	0
lcl|NC_052675.1_mrna_XM_026133444.2_26681	12773	12574	5.57162	0.124458
lcl|NC_052675.1_mrna_XM_026133445.2_26682	5610	5411	139.99	7.26666
lcl|NC_052675.1_mrna_XM_011161616.3_26683	18515	18316	53.2269	0.816237
lcl|NC_052675.1_mrna_XM_011161609.3_26684	18644	18445	0	0
lcl|NC_052675.1_mrna_XM_011161610.3_26685	18647	18448	0	0
lcl|NC_052675.1_mrna_XM_011161618.3_26686	18619	18420	82.2115	1.2536
lcl|NC_052675.1_mrna_XM_011161615.3_26687	18622	18423	0.00011592	1.76732e-06
lcl|NC_052675.1_mrna_XM_011161608.3_26688	1952	1753	375.965	60.2395
lcl|NC_052675.1_mrna_XM_026133391.2_26689	1593	1394	24.0304	4.84188
lcl|NC_052675.1_mrna_XM_011161607.3_26690	1828	1629	730	125.869
lcl|NC_052675.1_mrna_XM_026133373.2_26691	3121	2922	444	42.6794
lcl|NC_052675.1_mrna_XM_039455887.1_26692	2107	1908	78	11.4824
lcl|NC_052675.1_mrna_XM_039455742.1_26693	1914	1715	0	0
lcl|NC_052675.1_mrna_XM_026133407.2_26694	11617	11418	1	0.0245995
lcl|NC_052675.1_mrna_XM_011161604.3_26695	2036	1837	2	0.305799
lcl|NC_052675.1_mrna_XM_039455952.1_26696	2387	2188	0	0
lcl|NC_052675.1_mrna_XM_039455953.1_26697	2263	2064	0	0
lcl|NC_052675.1_mrna_XM_026133408.2_26698	5441	5242	0.729844	0.0391065
lcl|NC_052675.1_mrna_XM_039456312.1_26699	5429	5230	7.27016	0.390443
lcl|NC_052675.1_mrna_XM_011161602.3_26700	2147	1948	542	78.1495
lcl|NC_052675.1_mrna_XM_011161601.3_26701	5369	5170	14	0.760595
lcl|NC_052675.1_mrna_XM_011161599.3_26702	3800	3601	7	0.545997
lcl|NC_052675.1_mrna_XM_039456313.1_26703	3779	3580	0	0
lcl|NC_052675.1_mrna_XM_039456315.1_26704	2307	2108	107.83	14.3676
lcl|NC_052675.1_mrna_XM_026133389.2_26705	2700	2501	0	0
lcl|NC_052675.1_mrna_XM_011161598.3_26706	2902	2703	79.1702	8.22681
lcl|NC_052675.1_mrna_XM_011161596.3_26707	2067	1868	124.403	18.7055
lcl|NC_052675.1_mrna_XM_011161597.3_26708	2037	1838	56.5972	8.64898
lcl|NC_052675.1_mrna_XM_011161595.3_26709	2395	2196	198.303	25.3637
lcl|NC_052675.1_mrna_XM_026133388.2_26710	2382	2183	0	0
lcl|NC_052675.1_mrna_XM_039455511.1_26711	1430	1231	255.618	58.3242
lcl|NC_052675.1_mrna_XM_039455512.1_26712	2363	2164	103.981	13.4963
lcl|NC_052675.1_mrna_XM_039455513.1_26713	2427	2228	29.0977	3.66826
lcl|NC_052675.1_mrna_XM_039455514.1_26714	1590	1391	474.506	95.8143
lcl|NC_052675.1_mrna_XM_039455515.1_26715	1553	1354	110.257	22.8719
lcl|NC_052675.1_mrna_XM_039455510.1_26716	1487	1288	401.943	87.6525
lcl|NC_052675.1_mrna_XM_039455516.1_26717	559	360	0	0
lcl|NC_052675.1_mrna_XM_011164972.3_26718	2711	2512	129.294	14.4569
lcl|NC_052675.1_mrna_XM_011164975.3_26719	1870	1671	206.749	34.7523
lcl|NC_052675.1_mrna_XM_011164976.3_26720	1867	1668	58.2506	9.80889
lcl|NC_052675.1_mrna_XM_011164977.3_26721	2999	2800	197.569	19.8187
lcl|NC_052675.1_mrna_XM_039455517.1_26722	3159	2960	101.968	9.67582
lcl|NC_052675.1_mrna_XM_039455518.1_26723	2814	2615	36.4634	3.91653
lcl|NC_052675.1_mrna_XM_011164980.3_26724	1365	1166	0	0
lcl|NC_052675.1_mrna_XM_039455519.1_26725	1396	1197	1.03216e-06	2.42197e-07
lcl|NC_052675.1_mrna_XM_039455520.1_26726	1372	1173	0	0
lcl|NC_052675.1_mrna_XM_026136029.2_26727	1296	1097	0	0
lcl|NC_052675.1_mrna_XM_039455521.1_26728	1372	1173	31.8999	7.63847
lcl|NC_052675.1_mrna_XM_026136028.2_26729	1348	1149	0	0
lcl|NC_052675.1_mrna_XM_011164979.3_26730	1524	1325	122.347	25.9354
lcl|NC_052675.1_mrna_XM_011164981.3_26731	1409	1210	134.123	31.1339
lcl|NC_052675.1_mrna_XM_026136030.2_26732	1469	1270	62.6685	13.8599
lcl|NC_052675.1_mrna_XM_039455522.1_26733	1425	1226	33.962	7.7807
lcl|NC_052675.1_mrna_XM_026136033.2_26734	1315	1116	0	0
lcl|NC_052675.1_mrna_XM_026136035.2_26735	513	314	16	14.3122
lcl|NC_052675.1_mrna_XM_011164985.3_26736	781	582	335.214	161.776
lcl|NC_052675.1_mrna_XM_026136034.2_26737	741	542	140.124	72.6156
lcl|NC_052675.1_mrna_XM_011164987.3_26738	1238	1039	450.767	121.858
lcl|NC_052675.1_mrna_XM_039455527.1_26739	1848	1649	1948.23	331.845
lcl|NC_052675.1_mrna_XM_026135991.2_26740	2807	2608	517	55.6799
lcl|NC_052675.1_mrna_XM_011164989.3_26741	1311	1112	200	50.5174
lcl|NC_052675.1_mrna_XM_011164993.3_26742	2846	2647	12.2357	1.29835
lcl|NC_052675.1_mrna_XM_011164992.3_26743	2197	1998	66.7643	9.38565
lcl|NC_052675.1_mrna_XM_039455525.1_26744	1654	1455	0	0
lcl|NC_052675.1_mrna_XM_011159296.3_26745	1078	879	197.864	63.2257
lcl|NC_052675.1_mrna_XM_011159298.3_26746	977	778	178.569	64.4676
lcl|NC_052675.1_mrna_XM_011159297.3_26747	980	781	789.352	283.88
lcl|NC_052675.1_mrna_XM_039455528.1_26748	876	677	149.215	61.907
lcl|NC_052675.1_mrna_XM_011164995.3_26749	1598	1399	763	153.187
lcl|NC_052675.1_mrna_XM_011165004.3_26750	4736	4537	505	31.2636
lcl|NC_052675.1_mrna_XM_039455524.1_26751	2524	2325	0	0
lcl|NC_052675.1_mrna_XM_011164998.3_26752	2045	1846	14.2961	2.17521
lcl|NC_052675.1_mrna_XM_011165000.3_26753	1970	1771	27.8578	4.41818
lcl|NC_052675.1_mrna_XM_011164999.3_26754	1964	1765	34.5031	5.49072
lcl|NC_052675.1_mrna_XM_026136047.2_26755	2035	1836	0	0
lcl|NC_052675.1_mrna_XM_011165002.3_26756	2041	1842	14.7211	2.24475
lcl|NC_052675.1_mrna_XM_011165001.3_26757	2034	1835	15.5342	2.37777
lcl|NC_052675.1_mrna_XM_026136048.2_26758	2031	1832	0	0
lcl|NC_052675.1_mrna_XM_011165003.3_26759	1815	1616	181.088	31.4748
lcl|NC_052675.1_miscrna_XR_003268808.2_26760	1291	1092	1	0.257213
lcl|NC_052675.1_mrna_XM_039455534.1_26761	1351	1152	0	0
lcl|NC_052675.1_mrna_XM_026136070.2_26762	1438	1239	0	0
lcl|NC_052675.1_trna_26763	73	3.5471	0	0
lcl|NC_052675.1_mrna_XM_039455533.1_26764	873	674	10.9573	4.56625
lcl|NC_052675.1_mrna_XM_011165011.3_26765	725	526	56.0427	29.926
lcl|NC_052675.1_mrna_XM_026136045.2_26766	1773	1574	282	50.3223
lcl|NC_052675.1_mrna_XM_026136053.2_26767	1836	1637	0	0
lcl|NC_052675.1_mrna_XM_039455531.1_26768	1510	1311	0	0
lcl|NC_052675.1_mrna_XM_039455530.1_26769	1748	1549	0	0
lcl|NC_052675.1_mrna_XM_026136004.2_26770	1533	1334	0	0
lcl|NC_052675.1_mrna_XM_039455529.1_26771	1649	1450	0	0
lcl|NC_052675.1_mrna_XM_026136006.2_26772	3228	3029	0	0
lcl|NC_052675.1_mrna_XM_039455535.1_26773	1764	1565	1	0.179474
lcl|NC_052675.1_mrna_XM_039455537.1_26774	1523	1324	0	0
lcl|NC_052675.1_mrna_XM_026136057.2_26775	1957	1758	0	0
lcl|NC_052675.1_mrna_XM_026136056.2_26776	1920	1721	0	0
lcl|NC_052675.1_mrna_XM_039455577.1_26777	1893	1694	0	0
lcl|NC_052675.1_mrna_XM_039455430.1_26778	3472	3273	0	0
lcl|NC_052675.1_mrna_XM_039455644.1_26779	631	432	0	0
lcl|NC_052675.1_ncrna_XR_005575946.1_26780	835	636	0	0
lcl|NC_052675.1_mrna_XM_039455610.1_26781	3502	3303	0	0
lcl|NC_052675.1_mrna_XM_039455547.1_26782	1832	1633	0	0
lcl|NC_052675.1_mrna_XM_039455545.1_26783	1901	1702	0	0
lcl|NC_052675.1_mrna_XM_039455546.1_26784	1895	1696	0	0
lcl|NC_052675.1_mrna_XM_039455544.1_26785	1964	1765	0	0
lcl|NC_052675.1_mrna_XM_039455554.1_26786	1698	1499	0	0
lcl|NC_052675.1_mrna_XM_026136050.2_26787	1622	1423	0	0
lcl|NC_052675.1_mrna_XM_039455553.1_26788	1707	1508	0	0
lcl|NC_052675.1_mrna_XM_039455555.1_26789	1637	1438	0	0
lcl|NC_052675.1_mrna_XM_039455552.1_26790	1722	1523	0	0
lcl|NC_052675.1_miscrna_XR_005575938.1_26791	1391	1192	0	0
lcl|NC_052675.1_mrna_XM_039455563.1_26792	1451	1252	0	0
lcl|NC_052675.1_mrna_XM_039455564.1_26793	1308	1109	0	0
lcl|NC_052675.1_mrna_XM_026136049.2_26794	1318	1119	0	0
lcl|NC_052675.1_mrna_XM_039455567.1_26795	1345	1146	0	0
lcl|NC_052675.1_mrna_XM_039455569.1_26796	1523	1324	0	0
lcl|NC_052675.1_ncrna_XR_005575949.1_26797	545	346	0	0
lcl|NC_052675.1_miscrna_XR_005575939.1_26798	1554	1355	0	0
lcl|NC_052675.1_mrna_XM_039455566.1_26799	1304	1105	0	0
lcl|NC_052675.1_mrna_XM_039455565.1_26800	1331	1132	0	0
lcl|NC_052675.1_ncrna_XR_005575947.1_26801	2949	2750	0	0
lcl|NC_052675.1_mrna_XM_039455570.1_26802	2639	2440	0	0
lcl|NC_052675.1_mrna_XM_039455571.1_26803	2689	2490	0	0
lcl|NC_052675.1_mrna_XM_039455431.1_26804	567	368	0	0
lcl|NC_052675.1_mrna_XM_011165027.3_26805	1513	1314	0	0
lcl|NC_052675.1_mrna_XM_039455573.1_26806	1525	1326	0	0
lcl|NC_052675.1_mrna_XM_039455586.1_26807	1275	1076	0	0
lcl|NC_052675.1_mrna_XM_039455585.1_26808	1393	1194	0	0
lcl|NC_052675.1_mrna_XM_039455583.1_26809	1476	1277	0	0
lcl|NC_052675.1_mrna_XM_039455603.1_26810	1495	1296	0	0
lcl|NC_052675.1_mrna_XM_039455631.1_26811	1601	1402	6.53539e-08	1.3093e-08
lcl|NC_052675.1_mrna_XM_039455634.1_26812	1431	1232	23.8933	5.4473
lcl|NC_052675.1_mrna_XM_039455604.1_26813	1468	1269	0	0
lcl|NC_052675.1_mrna_XM_039455643.1_26814	749	550	0	0
lcl|NC_052675.1_mrna_XM_039455638.1_26815	1700	1501	0	0
lcl|NC_052675.1_ncrna_XR_005575950.1_26816	700	501	0	0
lcl|NC_052675.1_mrna_XM_039455605.1_26817	1758	1559	0	0
lcl|NC_052675.1_mrna_XM_039455600.1_26818	1349	1150	0	0
lcl|NC_052675.1_mrna_XM_039455597.1_26819	1211	1012	0	0
lcl|NC_052675.1_mrna_XM_039455594.1_26820	1385	1186	0	0
lcl|NC_052675.1_mrna_XM_039455595.1_26821	1327	1128	0	0
lcl|NC_052675.1_mrna_XM_039455598.1_26822	1189	990	0	0
lcl|NC_052675.1_mrna_XM_039455572.1_26823	1816	1617	0	0
lcl|NC_052675.1_mrna_XM_011165035.3_26824	1579	1380	0	0
lcl|NC_052675.1_mrna_XM_039455557.1_26825	1645	1446	0	0
lcl|NC_052675.1_miscrna_XR_005575944.1_26826	1694	1495	0	0
lcl|NC_052675.1_mrna_XM_039455615.1_26827	1710	1511	0	0
lcl|NC_052675.1_mrna_XM_039455614.1_26828	1783	1584	0	0
lcl|NC_052675.1_mrna_XM_026136013.2_26829	1380	1181	0	0
lcl|NC_052675.1_mrna_XM_039455580.1_26830	3284	3085	0	0
lcl|NC_052675.1_mrna_XM_039455620.1_26831	1206	1007	0	0
lcl|NC_052675.1_mrna_XM_039455590.1_26832	2336	2137	0	0
lcl|NC_052675.1_mrna_XM_039455589.1_26833	2606	2407	0	0
lcl|NC_052675.1_mrna_XM_039455588.1_26834	2778	2579	0	0
lcl|NC_052675.1_mrna_XM_039455591.1_26835	1224	1025	0	0
lcl|NC_052675.1_mrna_XM_039455576.1_26836	1997	1798	0	0
lcl|NC_052675.1_mrna_XM_039455599.1_26837	1776	1577	0	0
lcl|NC_052675.1_miscrna_XR_005575941.1_26838	1876	1677	0	0
lcl|NC_052675.1_mrna_XM_039455602.1_26839	2475	2276	0	0
lcl|NC_052675.1_mrna_XM_039455601.1_26840	2360	2161	0	0
lcl|NC_052675.1_mrna_XM_039455641.1_26841	1562	1363	1	0.206072
lcl|NC_052675.1_ncrna_XR_005575948.1_26842	493	294	0	0
lcl|NC_052675.1_mrna_XM_039455613.1_26843	2651	2452	0	0
lcl|NC_052675.1_mrna_XM_039455627.1_26844	1747	1548	0	0
lcl|NC_052675.1_mrna_XM_039455625.1_26845	1357	1158	0	0
lcl|NC_052675.1_mrna_XM_039455626.1_26846	1325	1126	0	0
lcl|NC_052675.1_mrna_XM_026136059.2_26847	1294	1095	0	0
lcl|NC_052675.1_mrna_XM_026136016.2_26848	2138	1939	2	0.289713
lcl|NC_052675.1_mrna_XM_039455432.1_26849	1605	1406	0	0
lcl|NC_052675.1_mrna_XM_026136064.2_26850	2717	2518	0	0
lcl|NC_052675.1_mrna_XM_039455579.1_26851	1719	1520	1	0.184787
lcl|NC_052675.1_mrna_XM_039455578.1_26852	1788	1589	0	0
lcl|NC_052675.1_mrna_XM_039455645.1_26853	776	577	0	0
lcl|NC_052675.1_mrna_XM_039455587.1_26854	2242	2043	0	0
lcl|NC_052675.1_mrna_XM_039455642.1_26855	3455	3256	0	0
lcl|NC_052675.1_mrna_XM_026136019.2_26856	2243	2044	0	0
lcl|NC_052675.1_miscrna_XR_005575945.1_26857	1226	1027	0	0
lcl|NC_052675.1_mrna_XM_039455582.1_26858	1733	1534	0	0
lcl|NC_052675.1_mrna_XM_039455581.1_26859	1700	1501	0	0
lcl|NC_052675.1_mrna_XM_039455574.1_26860	1518	1319	1	0.212947
lcl|NC_052675.1_mrna_XM_039455556.1_26861	1358	1159	0	0
lcl|NC_052675.1_mrna_XM_039455632.1_26862	1514	1315	3.22585e-08	6.89023e-09
lcl|NC_052675.1_mrna_XM_039455633.1_26863	1344	1145	44.4466	10.9031
lcl|NC_052675.1_miscrna_XR_005575940.1_26864	1392	1193	0	0
lcl|NC_052675.1_mrna_XM_039455593.1_26865	1488	1289	0	0
lcl|NC_052675.1_mrna_XM_039455635.1_26866	1687	1488	30.1722	5.69533
lcl|NC_052675.1_mrna_XM_039455616.1_26867	1248	1049	1	0.267757
lcl|NC_052675.1_mrna_XM_039455560.1_26868	1518	1319	0	0
lcl|NC_052675.1_mrna_XM_039455561.1_26869	1592	1393	0	0
lcl|NC_052675.1_mrna_XM_039455559.1_26870	1532	1333	0	0
lcl|NC_052675.1_mrna_XM_039455558.1_26871	1535	1336	0	0
lcl|NC_052675.1_mrna_XM_039455562.1_26872	1746	1547	0	0
lcl|NC_052675.1_mrna_XM_039455551.1_26873	2897	2698	0	0
lcl|NC_052675.1_mrna_XM_039455550.1_26874	2821	2622	0	0
lcl|NC_052675.1_mrna_XM_039455549.1_26875	2840	2641	0	0
lcl|NC_052675.1_mrna_XM_039455621.1_26876	1013	814	0	0
lcl|NC_052675.1_mrna_XM_039455622.1_26877	840	641	0	0
lcl|NC_052675.1_mrna_XM_039455623.1_26878	831	632	0	0
lcl|NC_052675.1_miscrna_XR_005575943.1_26879	1978	1779	0	0
lcl|NC_052675.1_mrna_XM_039455612.1_26880	2051	1852	0	0
lcl|NC_052675.1_mrna_XM_039455611.1_26881	2012	1813	0	0
lcl|NC_052675.1_mrna_XM_039455629.1_26882	1641	1442	0	0
lcl|NC_052675.1_mrna_XM_039455639.1_26883	1904	1705	5.67601	0.93505
lcl|NC_052675.1_mrna_XM_039455640.1_26884	1840	1641	0	0
lcl|NC_052675.1_mrna_XM_039455608.1_26885	1851	1652	0	0
lcl|NC_052675.1_mrna_XM_039455628.1_26886	1720	1521	0	0
lcl|NC_052675.1_miscrna_XR_005575942.1_26887	1578	1379	0	0
lcl|NC_052675.1_mrna_XM_039455606.1_26888	1833	1634	0	0
lcl|NC_052675.1_mrna_XM_039455609.1_26889	1241	1042	0	0
lcl|NC_052675.1_mrna_XM_039455433.1_26890	2592	2393	0	0
lcl|NC_052675.1_mrna_XM_026136060.2_26891	1179	980	0	0
lcl|NC_052675.1_mrna_XM_039455636.1_26892	916	717	0	0
lcl|NC_052675.1_mrna_XM_039455624.1_26893	1509	1310	0	0
lcl|NC_052675.1_mrna_XM_039455592.1_26894	1878	1679	0	0
lcl|NC_052675.1_mrna_XM_039455619.1_26895	1272	1073	0	0
lcl|NC_052675.1_mrna_XM_039455618.1_26896	1150	951	0	0
lcl|NC_052675.1_mrna_XM_039455617.1_26897	1213	1014	0	0
lcl|NC_052675.1_mrna_XM_039455542.1_26898	2162	1963	0	0
lcl|NC_052675.1_mrna_XM_039455543.1_26899	1341	1142	0	0
lcl|NC_052675.1_mrna_XM_026136044.2_26900	1426	1227	3	0.68674
lcl|NC_052675.1_mrna_XM_011171168.3_26901	1237	1038	478.488	129.476
lcl|NC_052675.1_mrna_XM_039455539.1_26902	2531	2332	26.6493	3.20977
lcl|NC_052675.1_mrna_XM_039455540.1_26903	2544	2345	10.3966	1.24527
lcl|NC_052675.1_mrna_XM_011171163.3_26904	2493	2294	0	0
lcl|NC_052675.1_mrna_XM_011171164.3_26905	2484	2285	0	0
lcl|NC_052675.1_mrna_XM_039455541.1_26906	1700	1501	354.954	66.4213
lcl|NC_052675.1_mrna_XM_026136041.2_26907	1995	1796	3474.79	543.423
lcl|NC_052675.1_mrna_XM_026136040.2_26908	1995	1796	1513.77	236.739
lcl|NC_052675.1_mrna_XM_011171167.3_26909	2597	2398	179.437	21.0174
lcl|NC_052675.1_mrna_XM_011159452.3_26910	1374	1175	147.714	35.3102
lcl|NC_052675.1_mrna_XM_011159453.3_26911	1024	825	130.286	44.3566
lcl|NC_052675.1_mrna_XM_011171160.3_26912	4578	4379	317.139	20.3418
lcl|NC_052675.1_mrna_XM_011171161.3_26913	1787	1588	1542.86	272.893
lcl|NC_052675.1_mrna_XM_026141270.2_26914	1672	1473	18.0935	3.45014
lcl|NC_052675.1_mrna_XM_026141300.2_26915	1583	1384	20.5763	4.17588
lcl|NC_052675.1_mrna_XM_039455820.1_26916	1300	1101	144.266	36.8038
lcl|NC_052675.1_mrna_XM_039455821.1_26917	1010	811	61.9751	21.4641
lcl|NC_052675.1_mrna_XM_011168352.3_26918	1771	1572	74.1012	13.24
lcl|NC_052675.1_mrna_XM_039455822.1_26919	1120	921	0	0
lcl|NC_052675.1_mrna_XM_039455823.1_26920	1385	1186	189.076	44.7783
lcl|NC_052675.1_mrna_XM_011163565.3_26921	998	799	39	13.7099
lcl|NC_052675.1_mrna_XM_026136036.2_26922	2104	1905	3	0.442326
lcl|NC_052675.1_mrna_XM_011171152.3_26923	8418	8219	83.1728	2.84235
lcl|NC_052675.1_mrna_XM_039455662.1_26924	1934	1735	0	0
lcl|NC_052675.1_mrna_XM_011171156.3_26925	1626	1427	0	0
lcl|NC_052675.1_mrna_XM_011171157.3_26926	479	280	0	0
lcl|NC_052675.1_mrna_XM_011171159.3_26927	2057	1858	646.26	97.6961
lcl|NC_052675.1_mrna_XM_026136092.2_26928	1781	1582	42.7399	7.58827
lcl|NC_052675.1_mrna_XM_011171150.3_26929	1817	1618	1275	221.334
lcl|NC_052675.1_mrna_XM_011171151.3_26930	1316	1117	252	63.367
lcl|NC_052675.1_mrna_XM_011171147.3_26931	2402	2203	51.6359	6.58344
lcl|NC_052675.1_mrna_XM_026136091.2_26932	2387	2188	19.3641	2.4858
lcl|NC_052675.1_mrna_XM_011171148.3_26933	2523	2324	0	0
lcl|NC_052675.1_mrna_XM_011171146.3_26934	1767	1568	388	69.5027
lcl|NC_052675.1_mrna_XM_011171144.3_26935	4108	3909	290	20.8376
lcl|NC_052675.1_mrna_XM_026135995.2_26936	7566	7367	20.0527	0.764536
lcl|NC_052675.1_mrna_XM_026136081.2_26937	5699	5500	5.37522	0.274505
lcl|NC_052675.1_mrna_XM_026136079.2_26938	6438	6239	1.32687	0.059735
lcl|NC_052675.1_mrna_XM_026136080.2_26939	5983	5784	0	0
lcl|NC_052675.1_mrna_XM_026136082.2_26940	6410	6211	120.822	5.46385
lcl|NC_052675.1_mrna_XM_026136083.2_26941	7035	6836	1.47624	0.0606554
lcl|NC_052675.1_mrna_XM_026136084.2_26942	6822	6623	0	0
lcl|NC_052675.1_mrna_XM_026136085.2_26943	5807	5608	0	0
lcl|NC_052675.1_mrna_XM_011158677.3_26944	2168	1969	234.937	33.5137
lcl|NC_052675.1_mrna_XM_026136087.2_26945	1992	1793	112.063	17.5548
lcl|NC_052675.1_mrna_XM_011158694.3_26946	3152	2953	329.029	31.2958
lcl|NC_052675.1_mrna_XM_011158687.3_26947	3156	2957	899.832	85.4724
lcl|NC_052675.1_mrna_XM_026136086.2_26948	3271	3072	74.1385	6.77857
lcl|NC_052675.1_mrna_XM_011158704.3_26949	1557	1358	6	1.24099
lcl|NC_052675.1_mrna_XM_011158715.3_26950	1026	827	53	18.0006
lcl|NC_052675.1_mrna_XM_039456200.1_26951	1317	1118	95.5642	24.0087
lcl|NC_052675.1_mrna_XM_039456202.1_26952	1312	1113	1.45014e-06	3.65958e-07
lcl|NC_052675.1_mrna_XM_011158729.3_26953	1198	999	3.46336	0.97375
lcl|NC_052675.1_mrna_XM_039456201.1_26954	1194	995	420.416	118.678
lcl|NC_052675.1_mrna_XM_026135996.2_26955	4056	3857	27.3925	1.99479
lcl|NC_052675.1_mrna_XM_026135998.2_26956	3849	3650	0	0
lcl|NC_052675.1_mrna_XM_026135997.2_26957	3993	3794	83.0566	6.14883
lcl|NC_052675.1_mrna_XM_039456199.1_26958	4050	3851	130.551	9.52187
lcl|NC_052675.1_mrna_XM_011158790.3_26959	780	581	792.919	383.326
lcl|NC_052675.1_mrna_XM_026136000.2_26960	729	530	525.081	278.27
lcl|NC_052675.1_mrna_XM_039455434.1_26961	1637	1438	0	0
lcl|NC_052675.1_mrna_XM_011158803.3_26962	2302	2103	4	0.53424
lcl|NC_052675.1_mrna_XM_026136078.2_26963	2383	2184	0	0
lcl|NC_052675.1_mrna_XM_026136077.2_26964	2381	2182	0	0
lcl|NC_052675.1_mrna_XM_026136076.2_26965	2386	2187	0	0
lcl|NC_052675.1_miscrna_XR_005576084.1_26966	2594	2395	0	0
lcl|NC_052675.1_mrna_XM_011171230.3_26967	4029	3830	21	1.54006
lcl|NC_052675.1_mrna_XM_039456203.1_26968	441	242	8	9.28518
lcl|NC_052675.1_mrna_XM_039455435.1_26969	1724	1525	1	0.184181
lcl|NC_052675.1_ncrna_XR_005576058.1_26970	3453	3254	0	0
lcl|NC_052675.1_miscrna_XR_005575977.1_26971	5096	4897	0	0
lcl|NC_052675.1_miscrna_XR_005575973.1_26972	5004	4805	0	0
lcl|NC_052675.1_mrna_XM_039455719.1_26973	2936	2737	1.94335	0.19943
lcl|NC_052675.1_miscrna_XR_005575975.1_26974	13297	13098	5.05665	0.108436
lcl|NC_052675.1_miscrna_XR_005575974.1_26975	2667	2468	0	0
lcl|NC_052675.1_miscrna_XR_005575976.1_26976	1797	1598	0	0
lcl|NC_052675.1_mrna_XM_039455659.1_26977	4534	4335	282	18.2716
lcl|NC_052675.1_mrna_XM_011171391.3_26978	3340	3141	2067	184.837
lcl|NC_052675.1_mrna_XM_011171232.3_26979	1546	1347	518.614	108.142
lcl|NC_052675.1_mrna_XM_026136252.2_26980	1563	1364	34.3857	7.08075
lcl|NC_052675.1_mrna_XM_011171233.3_26981	1781	1582	342	60.7205
lcl|NC_052675.1_mrna_XM_011171234.3_26982	606	407	795	548.641
lcl|NC_052675.1_mrna_XM_026136253.2_26983	1781	1582	631.731	112.161
lcl|NC_052675.1_mrna_XM_011171237.3_26984	1845	1646	2.19078e-07	3.73839e-08
lcl|NC_052675.1_mrna_XM_011171235.3_26985	1862	1663	588.269	99.3573
lcl|NC_052675.1_mrna_XM_011171238.3_26986	1905	1706	0	0
lcl|NC_052675.1_mrna_XM_011171239.3_26987	1699	1500	861	161.223
lcl|NC_052675.1_mrna_XM_011171242.3_26988	3753	3554	2.20006e-05	1.73873e-06
lcl|NC_052675.1_mrna_XM_011171241.3_26989	3825	3626	595	46.0898
lcl|NC_052675.1_mrna_XM_011171243.3_26990	733	534	3132.66	1647.74
lcl|NC_052675.1_miscrna_XR_005575961.1_26991	2428	2229	33.4043	4.20928
lcl|NC_052675.1_miscrna_XR_005575962.1_26992	2454	2255	0	0
lcl|NC_052675.1_miscrna_XR_005575960.1_26993	2576	2377	8.91314	1.05322
lcl|NC_052675.1_miscrna_XR_003268820.2_26994	2473	2274	0	0
lcl|NC_052675.1_mrna_XM_039455704.1_26995	1823	1624	213.908	36.9961
lcl|NC_052675.1_miscrna_XR_005575963.1_26996	2371	2172	0.00297826	0.00038514
lcl|NC_052675.1_mrna_XM_011171249.3_26997	1582	1383	7.24955	1.47233
lcl|NC_052675.1_mrna_XM_039455706.1_26998	1401	1202	51.7649	12.0961
lcl|NC_052675.1_mrna_XM_011171257.3_26999	1437	1238	25.263	5.73165
lcl|NC_052675.1_mrna_XM_011171248.3_27000	1578	1379	0.00195447	0.000398089
lcl|NC_052675.1_mrna_XM_011171256.3_27001	1896	1697	6.36344	1.05324
lcl|NC_052675.1_mrna_XM_011171245.3_27002	1746	1547	0	0
lcl|NC_052675.1_mrna_XM_011171253.3_27003	1923	1724	0	0
lcl|NC_052675.1_mrna_XM_039455705.1_27004	1889	1690	0	0
lcl|NC_052675.1_mrna_XM_011171254.3_27005	1699	1500	27.4598	5.14187
lcl|NC_052675.1_mrna_XM_011171246.3_27006	1621	1422	2.859	0.564716
lcl|NC_052675.1_mrna_XM_011171244.3_27007	1860	1661	0	0
lcl|NC_052675.1_mrna_XM_011171252.3_27008	1740	1541	0	0
lcl|NC_052675.1_mrna_XM_011171255.3_27009	1680	1481	0	0
lcl|NC_052675.1_ncrna_XR_005575966.1_27010	1284	1085	0	0
lcl|NC_052675.1_mrna_XM_011171269.3_27011	5019	4820	77.444	4.51291
lcl|NC_052675.1_mrna_XM_039455687.1_27012	5082	4883	78.217	4.49915
lcl|NC_052675.1_mrna_XM_011171268.3_27013	5037	4838	97.3389	5.65114
lcl|NC_052675.1_mrna_XM_011171265.3_27014	5163	4964	0	0
lcl|NC_052675.1_mrna_XM_011171267.3_27015	5140	4941	0	0
lcl|NC_052675.1_mrna_XM_039455685.1_27016	5203	5004	0	0
lcl|NC_052675.1_mrna_XM_039455686.1_27017	5243	5044	0	0
lcl|NC_052675.1_mrna_XM_039455689.1_27018	4874	4675	0	0
lcl|NC_052675.1_mrna_XM_039455688.1_27019	4937	4738	0	0
lcl|NC_052675.1_mrna_XM_039455692.1_27020	5437	5238	7.69163	0.412447
lcl|NC_052675.1_mrna_XM_039455691.1_27021	5293	5094	0	0
lcl|NC_052675.1_mrna_XM_039455693.1_27022	4756	4557	12.4473	0.767207
lcl|NC_052675.1_mrna_XM_026136202.2_27023	7509	7310	0.0442471	0.00170013
lcl|NC_052675.1_mrna_XM_026136197.2_27024	7510	7311	0.0385744	0.00148197
lcl|NC_052675.1_mrna_XM_026136199.2_27025	7451	7252	130.571	5.05712
lcl|NC_052675.1_mrna_XM_026136198.2_27026	7007	6808	149.208	6.15584
lcl|NC_052675.1_mrna_XM_026136200.2_27027	7147	6948	2.02772e-07	8.19717e-09
lcl|NC_052675.1_ncrna_XR_003268821.2_27028	10374	10175	8	0.220837
lcl|NC_052675.1_mrna_XM_011171270.3_27029	953	754	3291	1225.95
lcl|NC_052675.1_ncrna_XR_003268825.1_27030	137	6.00353	0	0
lcl|NC_052675.1_ncrna_XR_003268824.2_27031	413	214	1	1.31251
lcl|NC_052675.1_mrna_XM_039455697.1_27032	2465	2266	0	0
lcl|NC_052675.1_mrna_XM_039455700.1_27033	2278	2079	0	0
lcl|NC_052675.1_mrna_XM_039455701.1_27034	2656	2457	0	0
lcl|NC_052675.1_mrna_XM_011171273.3_27035	2388	2189	0	0
lcl|NC_052675.1_mrna_XM_039455698.1_27036	1952	1753	4	0.640905
lcl|NC_052675.1_mrna_XM_039455699.1_27037	2009	1810	0	0
lcl|NC_052675.1_mrna_XM_026136260.2_27038	5551	5352	6.41247e-06	3.36531e-07
lcl|NC_052675.1_mrna_XM_026136258.2_27039	5619	5420	64.0808	3.32081
lcl|NC_052675.1_mrna_XM_026136257.2_27040	5664	5465	0	0
lcl|NC_052675.1_mrna_XM_026136259.2_27041	5551	5352	71.635	3.75946
lcl|NC_052675.1_mrna_XM_039455694.1_27042	5403	5204	0	0
lcl|NC_052675.1_mrna_XM_039455696.1_27043	5299	5100	27.2841	1.50264
lcl|NC_052675.1_mrna_XM_039455695.1_27044	5344	5145	0	0
lcl|NC_052675.1_ncrna_XR_005575965.1_27045	6270	6071	1	0.0462653
lcl|NC_052675.1_mrna_XM_011171272.3_27046	2861	2662	0	0
lcl|NC_052675.1_miscrna_XR_005575959.1_27047	2801	2602	3	0.323839
lcl|NC_052675.1_mrna_XM_011171271.3_27048	3743	3544	0	0
lcl|NC_052675.1_mrna_XM_039455690.1_27049	3562	3363	5	0.417598
lcl|NC_052675.1_mrna_XM_011171274.3_27050	1547	1348	1193	248.58
lcl|NC_052675.1_mrna_XM_011171276.2_27051	1982	1783	761	119.881
lcl|NC_052675.1_mrna_XM_011171279.3_27052	1405	1206	183.003	42.6213
lcl|NC_052675.1_mrna_XM_011171277.3_27053	1851	1652	748	127.177
lcl|NC_052675.1_mrna_XM_011171280.3_27054	2028	1829	13	1.99639
lcl|NC_052675.1_mrna_XM_011171281.3_27055	3420	3221	2365	206.232
lcl|NC_052675.1_mrna_XM_026136206.2_27056	7576	7377	53.225	2.02652
lcl|NC_052675.1_mrna_XM_011171284.3_27057	1839	1640	21.775	3.72933
lcl|NC_052675.1_mrna_XM_011171286.3_27058	1564	1365	1322.6	272.151
lcl|NC_052675.1_mrna_XM_011171285.3_27059	3046	2847	1235.24	121.865
lcl|NC_052675.1_mrna_XM_011171291.3_27060	2279	2080	1123	151.646
lcl|NC_052675.1_ncrna_XR_005576067.1_27061	1878	1679	23.9414	4.00511
lcl|NC_052675.1_mrna_XM_026136209.2_27062	4835	4636	15.3967	0.932822
lcl|NC_052675.1_mrna_XM_026136207.2_27063	4916	4717	0	0
lcl|NC_052675.1_mrna_XM_026136208.2_27064	4846	4647	128.23	7.75053
lcl|NC_052675.1_mrna_XM_011171287.3_27065	4860	4661	488.994	29.4673
lcl|NC_052675.1_mrna_XM_026136210.2_27066	4361	4162	188.438	12.7169
lcl|NC_052675.1_mrna_XM_011171292.3_27067	2823	2624	119.693	12.8121
lcl|NC_052675.1_mrna_XM_011171293.3_27068	2353	2154	780.423	101.765
lcl|NC_052675.1_mrna_XM_011171295.3_27069	1719	1520	1281.88	236.876
lcl|NC_052675.1_mrna_XM_011171297.3_27070	1279	1080	694	180.489
lcl|NC_052675.1_mrna_XM_026136212.1_27071	1197	998	393	110.606
lcl|NC_052675.1_miscrna_XR_005576066.1_27072	4504	4305	0	0
lcl|NC_052675.1_mrna_XM_026136211.2_27073	4195	3996	312.198	21.9442
lcl|NC_052675.1_mrna_XM_039456109.1_27074	3467	3268	6.74958e-05	5.8011e-06
lcl|NC_052675.1_mrna_XM_011171300.3_27075	2283	2084	1773	238.961
lcl|NC_052675.1_mrna_XM_039456110.1_27076	755	556	13.6073	6.87404
lcl|NC_052675.1_mrna_XM_011171299.3_27077	833	634	3216.39	1424.94
lcl|NC_052675.1_mrna_XM_011171301.3_27078	1659	1460	888	170.835
lcl|NC_052675.1_mrna_XM_011171302.3_27079	7102	6903	18	0.732403
lcl|NC_052675.1_mrna_XM_039456106.1_27080	6963	6764	0	0
lcl|NC_052675.1_mrna_XM_039456103.1_27081	7100	6901	0	0
lcl|NC_052675.1_mrna_XM_039456105.1_27082	7024	6825	0	0
lcl|NC_052675.1_mrna_XM_039456108.1_27083	6069	5870	0	0
lcl|NC_052675.1_mrna_XM_039456104.1_27084	7061	6862	0	0
lcl|NC_052675.1_mrna_XM_039456107.1_27085	6924	6725	0	0
lcl|NC_052675.1_trna_27086	73	3.5471	0	0
lcl|NC_052675.1_mrna_XM_011171307.3_27087	8879	8680	14	0.453027
lcl|NC_052675.1_mrna_XM_011171306.3_27088	1217	1018	0	0
lcl|NC_052675.1_mrna_XM_026136250.2_27089	2444	2245	0	0
lcl|NC_052675.1_mrna_XM_039455437.1_27090	2422	2223	0	0
lcl|NC_052675.1_mrna_XM_039455711.1_27091	1958	1759	0	0
lcl|NC_052675.1_mrna_XM_039455709.1_27092	3401	3202	0	0
lcl|NC_052675.1_mrna_XM_039455710.1_27093	1401	1202	0	0
lcl|NC_052675.1_mrna_XM_039455708.1_27094	1691	1492	1	0.188255
lcl|NC_052675.1_ncrna_XR_005575971.1_27095	670	471	0	0
lcl|NC_052675.1_mrna_XM_039455712.1_27096	1760	1561	0	0
lcl|NC_052675.1_mrna_XM_039455713.1_27097	2460	2261	0	0
lcl|NC_052675.1_mrna_XM_039455714.1_27098	2084	1885	0	0
lcl|NC_052675.1_mrna_XM_039455438.1_27099	2429	2230	1	0.125954
lcl|NC_052675.1_mrna_XM_011171398.3_27100	1561	1362	0	0
lcl|NC_052675.1_ncrna_XR_005575933.1_27101	2479	2280	31	3.81894
lcl|NC_052675.1_mrna_XM_039455439.1_27102	2640	2441	183	21.0571
lcl|NC_052675.1_mrna_XM_011171308.3_27103	3529	3330	50.361	4.24782
lcl|NC_052675.1_mrna_XM_011171310.3_27104	1831	1632	4.639	0.798398
lcl|NC_052675.1_mrna_XM_011171311.3_27105	2645	2446	1	0.114831
lcl|NC_052675.1_mrna_XM_039455440.1_27106	3589	3390	238	19.7194
lcl|NC_052675.1_mrna_XM_039455441.1_27107	6132	5933	7	0.33139
lcl|NC_052675.1_mrna_XM_039456134.1_27108	916	717	0	0
lcl|NC_052675.1_mrna_XM_011171314.3_27109	2436	2237	163.686	20.5523
lcl|NC_052675.1_mrna_XM_039456132.1_27110	1945	1746	36.3142	5.84182
lcl|NC_052675.1_mrna_XM_011171315.3_27111	2507	2308	424	51.5995
lcl|NC_052675.1_mrna_XM_011171317.3_27112	2378	2179	998	128.644
lcl|NC_052675.1_mrna_XM_011171328.3_27113	4876	4677	19.0879	1.14632
lcl|NC_052675.1_mrna_XM_011171329.3_27114	4880	4681	18.9496	1.13704
lcl|NC_052675.1_mrna_XM_011171331.3_27115	4763	4564	0	0
lcl|NC_052675.1_mrna_XM_026136235.2_27116	4773	4574	0	0
lcl|NC_052675.1_mrna_XM_011171332.3_27117	4746	4547	0	0
lcl|NC_052675.1_mrna_XM_039456138.1_27118	4946	4747	4.96248	0.293626
lcl|NC_052675.1_mrna_XM_011171327.2_27119	4473	4274	580.376	38.1409
lcl|NC_052675.1_mrna_XM_039456135.1_27120	3587	3388	41.6238	3.45075
lcl|NC_052675.1_mrna_XM_011171321.3_27121	2138	1939	1	0.144856
lcl|NC_052675.1_mrna_XM_026136231.2_27122	3096	2897	50.2654	4.87345
lcl|NC_052675.1_mrna_XM_026136232.2_27123	2465	2266	11.7346	1.45453
lcl|NC_052675.1_mrna_XM_026136234.2_27124	3507	3308	0	0
lcl|NC_052675.1_mrna_XM_011171319.3_27125	3314	3115	0	0
lcl|NC_052675.1_mrna_XM_039456136.1_27126	3449	3250	0	0
lcl|NC_052675.1_mrna_XM_026136240.2_27127	2911	2712	2	0.207136
lcl|NC_052675.1_mrna_XM_011171318.3_27128	1809	1610	100	17.4458
lcl|NC_052675.1_mrna_XM_011171337.3_27129	3971	3772	0	0
lcl|NC_052675.1_mrna_XM_039455649.1_27130	3981	3782	0	0
lcl|NC_052675.1_mrna_XM_011171333.3_27131	3877	3678	0	0
lcl|NC_052675.1_mrna_XM_026136229.2_27132	5290	5091	0	0
lcl|NC_052675.1_mrna_XM_026136230.2_27133	5267	5068	0	0
lcl|NC_052675.1_mrna_XM_039455647.1_27134	5019	4820	2.06444e-08	1.20302e-09
lcl|NC_052675.1_mrna_XM_039455650.1_27135	4919	4720	28	1.66622
lcl|NC_052675.1_mrna_XM_026136236.2_27136	1978	1779	3	0.473654
lcl|NC_052675.1_mrna_XM_039455651.1_27137	2309	2110	0	0
lcl|NC_052675.1_mrna_XM_039455652.1_27138	8023	7824	33.847	1.21509
lcl|NC_052675.1_miscrna_XR_003268822.2_27139	5346	5147	156.922	8.56336
lcl|NC_052675.1_mrna_XM_026136223.2_27140	5461	5262	1017.21	54.2972
lcl|NC_052675.1_mrna_XM_026136227.2_27141	1544	1345	0	0
lcl|NC_052675.1_mrna_XM_026136225.2_27142	1820	1621	201.017	34.831
lcl|NC_052675.1_mrna_XM_039455655.1_27143	1652	1453	0	0
lcl|NC_052675.1_mrna_XM_026136224.2_27144	3793	3594	0	0
lcl|NC_052675.1_mrna_XM_026136226.2_27145	1780	1581	0	0
lcl|NC_052675.1_mrna_XM_039455653.1_27146	3633	3434	5	0.408964
lcl|NC_052675.1_mrna_XM_011171340.3_27147	1990	1791	1411.67	221.387
lcl|NC_052675.1_mrna_XM_011171353.3_27148	1439	1240	44.5752	10.0969
lcl|NC_052675.1_mrna_XM_039455756.1_27149	996	797	396.342	139.678
lcl|NC_052675.1_mrna_XM_011171354.3_27150	1374	1175	424.58	101.493
lcl|NC_052675.1_mrna_XM_011171355.3_27151	1337	1138	111.503	27.5208
lcl|NC_052675.1_mrna_XM_011171352.3_27152	1260	1061	5647	1494.92
lcl|NC_052675.1_mrna_XM_011171348.3_27153	2270	2071	289.672	39.2864
lcl|NC_052675.1_mrna_XM_011171350.3_27154	2248	2049	723.795	99.2178
lcl|NC_052675.1_mrna_XM_011171347.3_27155	2465	2266	90.5051	11.2183
lcl|NC_052675.1_mrna_XM_011171344.3_27156	2562	2363	106.407	12.648
lcl|NC_052675.1_mrna_XM_011171345.3_27157	2690	2491	78.88	8.89424
lcl|NC_052675.1_mrna_XM_039455755.1_27158	2775	2576	75.8512	8.27052
lcl|NC_052675.1_mrna_XM_039455754.1_27159	2711	2512	44.3034	4.95373
lcl|NC_052675.1_mrna_XM_011171341.3_27160	4212	4013	108.363	7.58452
lcl|NC_052675.1_mrna_XM_039455752.1_27161	3718	3519	49.9569	3.98742
lcl|NC_052675.1_mrna_XM_039455750.1_27162	3735	3536	0	0
lcl|NC_052675.1_mrna_XM_039455751.1_27163	3730	3531	59.266	4.71437
lcl|NC_052675.1_mrna_XM_039455753.1_27164	1326	1127	225.853	56.2882
lcl|NC_052675.1_mrna_XM_011171356.3_27165	1731	1532	239.147	43.8452
lcl|NC_052675.1_mrna_XM_011171358.3_27166	2017	1818	512.437	79.1703
lcl|NC_052675.1_mrna_XM_011171357.3_27167	2116	1917	1565.56	229.385
lcl|NC_052675.1_mrna_XM_039455746.1_27168	7816	7617	1.95022	0.0719142
lcl|NC_052675.1_mrna_XM_039455743.1_27169	7833	7634	0.208439	0.00766905
lcl|NC_052675.1_mrna_XM_039455747.1_27170	7812	7613	2.74919e-06	1.0143e-07
lcl|NC_052675.1_mrna_XM_039455745.1_27171	7824	7625	0.680492	0.0250668
lcl|NC_052675.1_mrna_XM_039455748.1_27172	7803	7604	9.00468e-06	3.32615e-07
lcl|NC_052675.1_mrna_XM_039455744.1_27173	7936	7737	58.5429	2.12529
lcl|NC_052675.1_mrna_XM_039455749.1_27174	7678	7479	85.6179	3.21541
lcl|NC_052675.1_mrna_XM_011171360.3_27175	4767	4568	140	8.60831
lcl|NC_052675.1_mrna_XM_026136196.2_27176	5684	5485	645	33.0293
lcl|NC_052675.1_mrna_XM_039455757.1_27177	3652	3453	82.727	6.72924
lcl|NC_052675.1_mrna_XM_026136195.2_27178	1705	1506	625.887	116.731
lcl|NC_052675.1_mrna_XM_011171363.3_27179	1547	1348	93.3343	19.4477
lcl|NC_052675.1_mrna_XM_011171362.3_27180	2362	2163	839.916	109.067
lcl|NC_052675.1_miscrna_XR_005575980.1_27181	4291	4092	22.4235	1.53916
lcl|NC_052675.1_mrna_XM_011171365.3_27182	1460	1261	34.6705	7.72256
lcl|NC_052675.1_mrna_XM_039455759.1_27183	1447	1248	146.375	32.9434
lcl|NC_052675.1_mrna_XM_039455758.1_27184	1354	1155	774.667	188.386
lcl|NC_052675.1_mrna_XM_026136193.2_27185	3677	3478	388.742	31.3941
lcl|NC_052675.1_mrna_XM_011171366.3_27186	2153	1954	269	38.6673
lcl|NC_052675.1_mrna_XM_039455442.1_27187	2774	2575	1712	186.742
lcl|NC_052675.1_mrna_XM_011171372.3_27188	875	676	502	208.58
lcl|NC_052675.1_mrna_XM_026136190.2_27189	7728	7529	3.7289e-07	1.3911e-08
lcl|NC_052675.1_mrna_XM_026136192.2_27190	7581	7382	144.719	5.50641
lcl|NC_052675.1_mrna_XM_026136191.2_27191	7584	7385	96.2806	3.66188
lcl|NC_052675.1_mrna_XM_026136189.2_27192	7731	7532	2.50062e-07	9.32509e-09
lcl|NC_052675.1_mrna_XM_011171374.3_27193	854	655	350.626	150.355
lcl|NC_052675.1_mrna_XM_026136194.2_27194	835	636	6.37383	2.81487
lcl|NC_052675.1_mrna_XM_011171375.3_27195	2061	1862	20	3.01694
lcl|NC_052675.1_mrna_XM_039456240.1_27196	3842	3643	8.27955	0.638356
lcl|NC_052675.1_mrna_XM_039456243.1_27197	3764	3565	0	0
lcl|NC_052675.1_mrna_XM_039456241.1_27198	3848	3649	0	0
lcl|NC_052675.1_mrna_XM_039456242.1_27199	2962	2763	105.72	10.7472
lcl|NC_052675.1_mrna_XM_039456238.1_27200	2878	2679	22.456	2.35438
lcl|NC_052675.1_mrna_XM_039456237.1_27201	4233	4034	13.2063	0.919521
lcl|NC_052675.1_mrna_XM_011171378.3_27202	4249	4050	0.24917	0.0172805
lcl|NC_052675.1_mrna_XM_011171377.3_27203	4164	3965	0.118291	0.0083796
lcl|NC_052675.1_mrna_XM_039456239.1_27204	3297	3098	80.9574	7.33991
lcl|NC_052675.1_mrna_XM_011171383.3_27205	1049	850	38.0128	12.5611
lcl|NC_052675.1_mrna_XM_011171381.3_27206	1099	900	13.6636	4.2642
lcl|NC_052675.1_mrna_XM_039456246.1_27207	1741	1542	0	0
lcl|NC_052675.1_mrna_XM_011171380.3_27208	1178	979	0	0
lcl|NC_052675.1_mrna_XM_039456244.1_27209	1093	894	0	0
lcl|NC_052675.1_mrna_XM_039456233.1_27210	2875	2676	2.18975	0.22984
lcl|NC_052675.1_mrna_XM_039456231.1_27211	2809	2610	94.6698	10.1879
lcl|NC_052675.1_mrna_XM_039456230.1_27212	2887	2688	551.644	57.6429
lcl|NC_052675.1_mrna_XM_039456234.1_27213	3037	2838	104.973	10.3892
lcl|NC_052675.1_mrna_XM_039456236.1_27214	2844	2645	36.2849	3.85315
lcl|NC_052675.1_mrna_XM_039456235.1_27215	2851	2652	43.2378	4.57937
lcl|NC_052675.1_mrna_XM_039456232.1_27216	2875	2676	8.81783e-05	9.25532e-06
lcl|NC_052676.1_mrna_XM_039456686.1_27217	1297	1098	0	0
lcl|NC_052676.1_mrna_XM_039456952.1_27218	5302	5103	0	0
lcl|NC_052676.1_mrna_XM_039456953.1_27219	4782	4583	3	0.18386
lcl|NC_052676.1_mrna_XM_026140304.2_27220	1312	1113	1331	335.891
lcl|NC_052676.1_mrna_XM_011176468.3_27221	4658	4459	197.873	12.4642
lcl|NC_052676.1_mrna_XM_039456954.1_27222	4986	4787	97.1268	5.69891
lcl|NC_052676.1_mrna_XM_026140301.2_27223	1895	1696	58.5066	9.68936
lcl|NC_052676.1_mrna_XM_026140303.2_27224	3263	3064	15.3441	1.4066
lcl|NC_052676.1_mrna_XM_026140300.2_27225	6746	6547	566	24.2823
lcl|NC_052676.1_mrna_XM_039456957.1_27226	2984	2785	7	0.705974
lcl|NC_052676.1_mrna_XM_026140313.2_27227	2904	2705	0	0
lcl|NC_052676.1_mrna_XM_039456958.1_27228	2955	2756	0	0
lcl|NC_052676.1_mrna_XM_026140309.2_27229	4788	4589	141.345	8.65122
lcl|NC_052676.1_mrna_XM_026140310.2_27230	4047	3848	52.955	3.86534
lcl|NC_052676.1_mrna_XM_039456960.1_27231	4822	4623	52.9965	3.21987
lcl|NC_052676.1_mrna_XM_039456959.1_27232	4803	4604	21.8914	1.33553
lcl|NC_052676.1_mrna_XM_039456964.1_27233	5062	4863	0	0
lcl|NC_052676.1_mrna_XM_039456962.1_27234	5021	4822	0	0
lcl|NC_052676.1_mrna_XM_039456963.1_27235	5021	4822	2.52869e-06	1.47294e-07
lcl|NC_052676.1_mrna_XM_039456965.1_27236	4943	4744	32.1122	1.90126
lcl|NC_052676.1_mrna_XM_039456961.1_27237	4863	4664	0	0
lcl|NC_052676.1_mrna_XM_039456970.1_27238	1583	1384	26	5.27659
lcl|NC_052676.1_mrna_XM_039456971.1_27239	1176	977	272	78.197
lcl|NC_052676.1_mrna_XM_039456969.1_27240	1832	1633	25.3505	4.36029
lcl|NC_052676.1_mrna_XM_039456967.1_27241	1679	1480	55.5289	10.5384
lcl|NC_052676.1_mrna_XM_039456966.1_27242	1773	1574	84.7663	15.1264
lcl|NC_052676.1_mrna_XM_039456968.1_27243	1862	1663	986.354	166.593
lcl|NC_052676.1_mrna_XM_039456908.1_27244	4875	4676	0	0
lcl|NC_052676.1_mrna_XM_039456947.1_27245	2752	2553	0	0
lcl|NC_052676.1_mrna_XM_039456948.1_27246	2752	2553	0	0
lcl|NC_052676.1_mrna_XM_039456909.1_27247	492	293	0	0
lcl|NC_052676.1_mrna_XM_011166744.3_27248	1235	1036	3345	906.885
lcl|NC_052676.1_mrna_XM_039456370.1_27249	4984	4785	90.3886	5.30576
lcl|NC_052676.1_miscrna_XR_003269267.2_27250	2792	2593	0	0
lcl|NC_052676.1_miscrna_XR_005576115.1_27251	2566	2367	0	0
lcl|NC_052676.1_mrna_XM_026139429.2_27252	2366	2167	278.097	36.0456
lcl|NC_052676.1_mrna_XM_026139430.2_27253	2139	1940	75.9698	10.999
lcl|NC_052676.1_miscrna_XR_005576114.1_27254	2352	2153	11.8265	1.54287
lcl|NC_052676.1_mrna_XM_011166743.3_27255	2331	2132	0	0
lcl|NC_052676.1_mrna_XM_039456367.1_27256	2574	2375	25.6218	3.03013
lcl|NC_052676.1_mrna_XM_039456368.1_27257	1975	1776	395.097	62.4851
lcl|NC_052676.1_mrna_XM_026139432.2_27258	1203	1004	511	142.956
lcl|NC_052676.1_mrna_XM_011166742.3_27259	1569	1370	1019	208.915
lcl|NC_052676.1_mrna_XM_039456747.1_27260	2152	1953	3.99999	0.575271
lcl|NC_052676.1_mrna_XM_039456746.1_27261	2207	2008	0	0
lcl|NC_052676.1_mrna_XM_039456748.1_27262	2177	1978	1.15197e-05	1.63581e-06
lcl|NC_052676.1_mrna_XM_039456744.1_27263	9781	9582	0.149523	0.00438295
lcl|NC_052676.1_mrna_XM_039456743.1_27264	9783	9584	0.121282	0.00355439
lcl|NC_052676.1_mrna_XM_039456745.1_27265	4582	4383	0	0
lcl|NC_052676.1_mrna_XM_026139425.2_27266	9734	9535	20.7292	0.610629
lcl|NC_052676.1_ncrna_XR_005576161.1_27267	1789	1590	19	3.35639
lcl|NC_052676.1_mrna_XM_039456696.1_27268	3759	3560	6	0.473388
lcl|NC_052676.1_mrna_XM_039456695.1_27269	4412	4213	0	0
lcl|NC_052676.1_mrna_XM_039456697.1_27270	4477	4278	0	0
lcl|NC_052676.1_mrna_XM_039456699.1_27271	6451	6252	41.1792	1.85001
lcl|NC_052676.1_mrna_XM_026137036.2_27272	6464	6265	5.12703	0.229859
lcl|NC_052676.1_mrna_XM_039456698.1_27273	6122	5923	0	0
lcl|NC_052676.1_mrna_XM_026137035.2_27274	7392	7193	6.69372	0.261381
lcl|NC_052676.1_ncrna_XR_005576160.1_27275	2083	1884	23.3337	3.47872
lcl|NC_052676.1_mrna_XM_039456694.1_27276	6068	5869	6	0.287146
lcl|NC_052676.1_mrna_XM_039456692.1_27277	5994	5795	0	0
lcl|NC_052676.1_mrna_XM_039456691.1_27278	6023	5824	0	0
lcl|NC_052676.1_mrna_XM_039456693.1_27279	5951	5752	0	0
lcl|NC_052676.1_mrna_XM_039456689.1_27280	6101	5902	0	0
lcl|NC_052676.1_mrna_XM_039456690.1_27281	8639	8440	0	0
lcl|NC_052676.1_mrna_XM_026137034.2_27282	5297	5098	0	0
lcl|NC_052676.1_mrna_XM_026137038.2_27283	7292	7093	55	2.17795
lcl|NC_052676.1_mrna_XM_026137044.2_27284	1324	1125	19.243	4.80438
lcl|NC_052676.1_mrna_XM_011166738.3_27285	3263	3064	807.757	74.047
lcl|NC_052676.1_mrna_XM_011166737.3_27286	2064	1865	120	18.0725
lcl|NC_052676.1_mrna_XM_039456705.1_27287	6134	5935	440.6	20.8516
lcl|NC_052676.1_mrna_XM_039456707.1_27288	6265	6066	2.42463	0.112269
lcl|NC_052676.1_mrna_XM_039456706.1_27289	6261	6062	4.69871	0.21771
lcl|NC_052676.1_mrna_XM_026137042.2_27290	6015	5816	0	0
lcl|NC_052676.1_mrna_XM_011166731.3_27291	5871	5672	13.446	0.665845
lcl|NC_052676.1_mrna_XM_011166732.3_27292	5864	5665	194.65	9.65097
lcl|NC_052676.1_mrna_XM_011166736.3_27293	5726	5527	7.12419	0.362044
lcl|NC_052676.1_mrna_XM_039456703.1_27294	4279	4080	0	0
lcl|NC_052676.1_mrna_XM_039456701.1_27295	4372	4173	0	0
lcl|NC_052676.1_mrna_XM_039456700.1_27296	4261	4062	0	0
lcl|NC_052676.1_mrna_XM_039456704.1_27297	4124	3925	1	0.0715609
lcl|NC_052676.1_mrna_XM_039456709.1_27298	5651	5452	4	0.206072
lcl|NC_052676.1_mrna_XM_011166730.3_27299	3705	3506	484	38.7748
lcl|NC_052676.1_mrna_XM_011166725.3_27300	1095	896	47	14.7335
lcl|NC_052676.1_mrna_XM_011166726.2_27301	1049	850	0	0
lcl|NC_052676.1_mrna_XM_011166727.3_27302	1113	914	0	0
lcl|NC_052676.1_mrna_XM_011166729.3_27303	1047	848	2	0.662445
lcl|NC_052676.1_mrna_XM_039456664.1_27304	1250	1051	40.389	10.7938
lcl|NC_052676.1_mrna_XM_039456662.1_27305	1344	1145	354.359	86.9269
lcl|NC_052676.1_mrna_XM_011166723.3_27306	1258	1059	349.245	92.6296
lcl|NC_052676.1_mrna_XM_039456663.1_27307	1248	1049	0	0
lcl|NC_052676.1_mrna_XM_039456665.1_27308	1603	1404	2	0.400109
lcl|NC_052676.1_mrna_XM_011166722.3_27309	1146	947	1	0.296596
lcl|NC_052676.1_mrna_XM_039456553.1_27310	4329	4130	0.000784767	5.33711e-05
lcl|NC_052676.1_mrna_XM_011166720.3_27311	4294	4095	3.99922	0.274307
lcl|NC_052676.1_mrna_XM_026137032.1_27312	2420	2221	1371.51	173.447
lcl|NC_052676.1_mrna_XM_011166718.3_27313	3706	3507	0	0
lcl|NC_052676.1_mrna_XM_011166719.3_27314	3634	3435	281.487	23.0169
lcl|NC_052676.1_mrna_XM_011166717.3_27315	6114	5915	0	0
lcl|NC_052676.1_mrna_XM_039456736.1_27316	1603	1404	130	26.0071
lcl|NC_052676.1_mrna_XM_026137047.2_27317	1578	1379	180.326	36.7291
lcl|NC_052676.1_mrna_XM_026137046.2_27318	1575	1376	39.0506	7.97123
lcl|NC_052676.1_mrna_XM_026137048.2_27319	1768	1569	20.6234	3.69192
lcl|NC_052676.1_mrna_XM_011166715.3_27320	3181	2982	1572	148.068
lcl|NC_052676.1_mrna_XM_011166712.3_27321	2100	1901	0	0
lcl|NC_052676.1_mrna_XM_011166713.3_27322	2109	1910	856	125.88
lcl|NC_052676.1_mrna_XM_011177944.3_27323	4542	4343	7.99967	0.517366
lcl|NC_052676.1_mrna_XM_011177943.3_27324	4586	4387	0.000325188	2.08201e-05
lcl|NC_052676.1_mrna_XM_026138347.2_27325	10660	10461	0	0
lcl|NC_052676.1_mrna_XM_011177941.3_27326	10410	10211	105	2.88826
lcl|NC_052676.1_mrna_XM_011177942.3_27327	1592	1393	1267.05	255.48
lcl|NC_052676.1_mrna_XM_039456620.1_27328	2446	2247	36.8856	4.61072
lcl|NC_052676.1_mrna_XM_026138358.2_27329	1607	1408	24.9541	4.978
lcl|NC_052676.1_mrna_XM_011177940.2_27330	2264	2065	450.114	61.2236
lcl|NC_052676.1_ncrna_XR_005576153.1_27331	1153	954	0	0
lcl|NC_052676.1_mrna_XM_039456625.1_27332	1447	1248	0	0
lcl|NC_052676.1_mrna_XM_026138355.2_27333	1384	1185	177.412	42.0513
lcl|NC_052676.1_mrna_XM_026138357.2_27334	1381	1182	3.49111e-05	8.29587e-06
lcl|NC_052676.1_mrna_XM_026138351.2_27335	4869	4670	240.002	14.4349
lcl|NC_052676.1_mrna_XM_039456619.1_27336	3271	3072	0	0
lcl|NC_052676.1_mrna_XM_026138350.2_27337	4512	4313	0	0
lcl|NC_052676.1_mrna_XM_039456616.1_27338	5916	5717	0	0
lcl|NC_052676.1_mrna_XM_026138349.2_27339	5931	5732	0	0
lcl|NC_052676.1_mrna_XM_039456618.1_27340	5858	5659	0	0
lcl|NC_052676.1_mrna_XM_026138353.2_27341	4453	4254	0.000479095	3.16329e-05
lcl|NC_052676.1_mrna_XM_039456617.1_27342	5872	5673	66.1491	3.27512
lcl|NC_052676.1_mrna_XM_011177935.3_27343	1820	1621	78.845	13.6618
lcl|NC_052676.1_mrna_XM_011177936.3_27344	1828	1629	431.1	74.3315
lcl|NC_052676.1_mrna_XM_011177937.3_27345	1818	1619	0.0545763	0.00946833
lcl|NC_052676.1_miscrna_XR_005576150.1_27346	1027	828	77.1479	26.1703
lcl|NC_052676.1_miscrna_XR_005576149.1_27347	1023	824	0	0
lcl|NC_052676.1_mrna_XM_026138359.2_27348	792	593	27.1822	12.875
lcl|NC_052676.1_miscrna_XR_005576148.1_27349	874	675	0	0
lcl|NC_052676.1_mrna_XM_026138361.2_27350	788	589	1.36606e-05	6.51436e-06
lcl|NC_052676.1_miscrna_XR_005576147.1_27351	1185	986	12.4414	3.54411
lcl|NC_052676.1_miscrna_XR_003269122.2_27352	1181	982	0.00210303	0.000601519
lcl|NC_052676.1_mrna_XM_039456626.1_27353	782	583	180.073	86.7551
lcl|NC_052676.1_mrna_XM_039456607.1_27354	7968	7769	4.70687	0.17017
lcl|NC_052676.1_mrna_XM_039456609.1_27355	7823	7624	20.645	0.760587
lcl|NC_052676.1_mrna_XM_026138346.2_27356	7883	7684	0.00794573	0.000290444
lcl|NC_052676.1_mrna_XM_039456611.1_27357	5872	5673	0	0
lcl|NC_052676.1_mrna_XM_011177927.3_27358	2562	2363	4.13336	0.491309
lcl|NC_052676.1_mrna_XM_011177929.3_27359	8903	8704	30.0114	0.968463
lcl|NC_052676.1_mrna_XM_011177928.3_27360	8906	8707	21.241	0.685208
lcl|NC_052676.1_mrna_XM_039456610.1_27361	8900	8701	42.4081	1.36898
lcl|NC_052676.1_mrna_XM_011177922.3_27362	1532	1333	163.129	34.373
lcl|NC_052676.1_mrna_XM_039456622.1_27363	1469	1270	191.871	42.4346
lcl|NC_052676.1_mrna_XM_011177918.3_27364	1733	1534	0.0314404	0.00575676
lcl|NC_052676.1_mrna_XM_011177921.3_27365	1714	1515	588.154	109.042
lcl|NC_052676.1_mrna_XM_011177917.3_27366	3817	3618	1.59673	0.123959
lcl|NC_052676.1_miscrna_XR_851503.3_27367	3700	3501	41.4216	3.32316
lcl|NC_052676.1_miscrna_XR_851504.3_27368	3267	3068	75.8954	6.94826
lcl|NC_052676.1_mrna_XM_011177916.3_27369	3887	3688	0	0
lcl|NC_052676.1_mrna_XM_011177920.3_27370	3798	3599	106.901	8.34289
lcl|NC_052676.1_mrna_XM_011177919.3_27371	3868	3669	0	0
lcl|NC_052676.1_mrna_XM_011177915.3_27372	2602	2403	1665.41	194.663
lcl|NC_052676.1_mrna_XM_026138339.2_27373	2111	1912	118.561	17.4168
lcl|NC_052676.1_mrna_XM_039456621.1_27374	2341	2142	480.029	62.9454
lcl|NC_052676.1_miscrna_XR_005576146.1_27375	6596	6397	3.66852	0.161076
lcl|NC_052676.1_miscrna_XR_005576145.1_27376	6249	6050	4.33148	0.201093
lcl|NC_052676.1_mrna_XM_026138338.2_27377	5532	5333	0	0
lcl|NC_052676.1_mrna_XM_039456614.1_27378	8608	8409	57.3365	1.91515
lcl|NC_052676.1_mrna_XM_039456613.1_27379	7095	6896	0	0
lcl|NC_052676.1_mrna_XM_011177914.3_27380	7072	6873	265.664	10.8568
lcl|NC_052676.1_mrna_XM_039456615.1_27381	7011	6812	0	0
lcl|NC_052676.1_mrna_XM_011177912.3_27382	779	580	2173.31	1052.47
lcl|NC_052676.1_miscrna_XR_003269119.2_27383	965	766	174.693	64.0565
lcl|NC_052676.1_mrna_XM_011177911.3_27384	1997	1798	515	80.4513
lcl|NC_052676.1_mrna_XM_011177909.3_27385	4062	3863	384	27.9204
lcl|NC_052676.1_ncrna_XR_005576152.1_27386	2937	2738	21	2.15428
lcl|NC_052676.1_ncrna_XR_005576151.1_27387	2382	2183	0	0
lcl|NC_052676.1_mrna_XM_011177910.3_27388	1385	1186	707.557	167.568
lcl|NC_052676.1_mrna_XM_039456624.1_27389	1209	1010	74.4432	20.7023
lcl|NC_052676.1_mrna_XM_039456749.1_27390	10786	10587	0.00067949	1.80271e-05
lcl|NC_052676.1_miscrna_XR_005576168.1_27391	10676	10477	24.0857	0.645712
lcl|NC_052676.1_miscrna_XR_005576167.1_27392	11636	11437	11.9136	0.292581
lcl|NC_052676.1_mrna_XM_011177906.3_27393	8171	7972	52.2746	1.84178
lcl|NC_052676.1_mrna_XM_011177907.3_27394	8230	8031	424.562	14.8487
lcl|NC_052676.1_mrna_XM_011177905.3_27395	4848	4649	392.58	23.7184
lcl|NC_052676.1_mrna_XM_011177904.2_27396	1168	969	1210	350.734
lcl|NC_052676.1_mrna_XM_011177902.3_27397	3504	3305	181	15.3824
lcl|NC_052676.1_mrna_XM_011177901.3_27398	1942	1743	1	0.161146
lcl|NC_052676.1_mrna_XM_011177900.3_27399	1013	814	458	158.036
lcl|NC_052676.1_mrna_XM_011177898.3_27400	2109	1910	592.189	87.0849
lcl|NC_052676.1_mrna_XM_026138335.2_27401	2011	1812	28.1624	4.36543
lcl|NC_052676.1_miscrna_XR_005576169.1_27402	1975	1776	126.648	20.0296
lcl|NC_052676.1_mrna_XM_011177897.3_27403	1292	1093	684	175.773
lcl|NC_052676.1_mrna_XM_011177893.3_27404	816	617	580.923	264.453
lcl|NC_052676.1_mrna_XM_011177895.3_27405	754	555	314.776	159.303
lcl|NC_052676.1_mrna_XM_011177894.3_27406	796	597	121.3	57.0695
lcl|NC_052676.1_mrna_XM_039456750.1_27407	2472	2273	25.1468	3.10742
lcl|NC_052676.1_mrna_XM_026138336.2_27408	3613	3414	1364.38	112.25
lcl|NC_052676.1_mrna_XM_011177888.3_27409	3075	2876	396.642	38.7369
lcl|NC_052676.1_mrna_XM_039456754.1_27410	2144	1945	7.25459	1.04763
lcl|NC_052676.1_mrna_XM_039456752.1_27411	2212	2013	0	0
lcl|NC_052676.1_mrna_XM_039456751.1_27412	3172	2973	0	0
lcl|NC_052676.1_mrna_XM_039456753.1_27413	3103	2904	74.1036	7.16735
lcl|NC_052676.1_mrna_XM_011177945.3_27414	1851	1652	1	0.170022
lcl|NC_052676.1_trna_27415	73	3.5471	0	0
lcl|NC_052676.1_mrna_XM_011177886.3_27416	1994	1795	563	88.0967
lcl|NC_052676.1_mrna_XM_011177887.3_27417	1768	1569	0	0
lcl|NC_052676.1_mrna_XM_011177884.3_27418	1308	1109	1120	283.663
lcl|NC_052676.1_mrna_XM_026138333.2_27419	6702	6503	19.9504	0.861696
lcl|NC_052676.1_mrna_XM_011177883.3_27420	6741	6542	0.0495879	0.00212903
lcl|NC_052676.1_mrna_XM_011177882.3_27421	1538	1339	184.996	38.8059
lcl|NC_052676.1_mrna_XM_011177881.3_27422	1707	1508	235.004	43.7713
lcl|NC_052676.1_mrna_XM_039456910.1_27423	1331	1132	42.2607	10.4859
lcl|NC_052676.1_mrna_XM_039456885.1_27424	1779	1580	866.332	154.008
lcl|NC_052676.1_mrna_XM_011170601.3_27425	3820	3621	296.665	23.0119
lcl|NC_052676.1_mrna_XM_011170602.3_27426	3245	3046	28.3253	2.61192
lcl|NC_052676.1_mrna_XM_039456884.1_27427	3898	3699	33.0098	2.50654
lcl|NC_052676.1_mrna_XM_026137611.2_27428	2994	2795	0.00479848	0.000482212
lcl|NC_052676.1_miscrna_XR_851087.3_27429	2924	2725	0	0
lcl|NC_052676.1_mrna_XM_011170608.3_27430	3120	2921	364.995	35.0971
lcl|NC_052676.1_mrna_XM_026137609.2_27431	2109	1910	103.073	15.1574
lcl|NC_052676.1_mrna_XM_026137610.2_27432	1693	1494	519.927	97.748
lcl|NC_052676.1_mrna_XM_039456895.1_27433	1802	1603	0	0
lcl|NC_052676.1_ncrna_XR_005576224.1_27434	3262	3063	0	0
lcl|NC_052676.1_mrna_XM_026137582.2_27435	1431	1232	28	6.38356
lcl|NC_052676.1_mrna_XM_011170609.3_27436	2968	2769	410.656	41.6553
lcl|NC_052676.1_mrna_XM_011170610.3_27437	2973	2774	52.2691	5.29242
lcl|NC_052676.1_mrna_XM_011170612.3_27438	3034	2835	0	0
lcl|NC_052676.1_mrna_XM_026137579.2_27439	3048	2849	46.7571	4.60968
lcl|NC_052676.1_mrna_XM_011170611.3_27440	3051	2852	94.318	9.28882
lcl|NC_052676.1_mrna_XM_011170615.3_27441	1304	1105	1299	330.189
lcl|NC_052676.1_mrna_XM_011170616.3_27442	1833	1634	0	0
lcl|NC_052676.1_mrna_XM_039456898.1_27443	1717	1518	17	3.14552
lcl|NC_052676.1_mrna_XM_039456897.1_27444	1912	1713	0	0
lcl|NC_052676.1_mrna_XM_011170625.3_27445	2127	1928	2675	389.702
lcl|NC_052676.1_ncrna_XR_005576223.1_27446	808	609	0	0
lcl|NC_052676.1_ncrna_XR_003269019.2_27447	1008	809	41.3104	14.3426
lcl|NC_052676.1_mrna_XM_011170623.3_27448	1158	959	53.6896	15.7249
lcl|NC_052676.1_mrna_XM_026137590.2_27449	1173	974	0	0
lcl|NC_052676.1_mrna_XM_039456891.1_27450	2630	2431	205.591	23.7539
lcl|NC_052676.1_mrna_XM_011170622.3_27451	2816	2617	892.089	95.746
lcl|NC_052676.1_mrna_XM_039456896.1_27452	1846	1647	5675	967.805
lcl|NC_052676.1_mrna_XM_039456893.1_27453	2715	2516	3513	392.178
lcl|NC_052676.1_mrna_XM_039456890.1_27454	12668	12469	0.547759	0.0123388
lcl|NC_052676.1_mrna_XM_011170620.3_27455	12631	12432	10.7916	0.243814
lcl|NC_052676.1_mrna_XM_011170619.3_27456	12639	12440	5.66067	0.127809
lcl|NC_052676.1_ncrna_XR_003269018.2_27457	1416	1217	25	5.76986
lcl|NC_052676.1_mrna_XM_039456892.1_27458	2870	2671	0	0
lcl|NC_052676.1_mrna_XM_039456886.1_27459	5040	4841	0	0
lcl|NC_052676.1_mrna_XM_039456888.1_27460	4607	4408	0	0
lcl|NC_052676.1_mrna_XM_039456887.1_27461	5037	4838	0	0
lcl|NC_052676.1_mrna_XM_039456889.1_27462	3464	3265	0	0
lcl|NC_052676.1_mrna_XM_011170617.3_27463	1709	1510	21	3.90623
lcl|NC_052676.1_mrna_XM_011170627.3_27464	4454	4255	179.547	11.8521
lcl|NC_052676.1_mrna_XM_039456901.1_27465	2571	2372	0	0
lcl|NC_052676.1_mrna_XM_039456900.1_27466	2514	2315	6.45286	0.782919
lcl|NC_052676.1_mrna_XM_026137599.2_27467	2782	2583	37	4.0234
lcl|NC_052676.1_mrna_XM_039456899.1_27468	3113	2914	5.97539	0.57596
lcl|NC_052676.1_mrna_XM_011170628.3_27469	3129	2930	0.0246127	0.00235943
lcl|NC_052676.1_trna_27470	83	3.78007	0	0
lcl|NC_052676.1_trna_27471	73	3.5471	0	0
lcl|NC_052676.1_mrna_XM_039456911.1_27472	3305	3106	0	0
lcl|NC_052676.1_mrna_XM_011170630.3_27473	5990	5791	56	2.71613
lcl|NC_052676.1_mrna_XM_026137607.2_27474	2041	1842	910	138.761
lcl|NC_052676.1_mrna_XM_026137606.2_27475	4930	4731	0.0005461	3.24216e-05
lcl|NC_052676.1_mrna_XM_026137605.2_27476	4933	4734	84.9995	5.04317
lcl|NC_052676.1_mrna_XM_011170631.3_27477	806	607	159	73.574
lcl|NC_052676.1_mrna_XM_011170632.3_27478	1127	928	240	72.6405
lcl|NC_052676.1_mrna_XM_011170633.3_27479	5289	5090	224.286	12.3766
lcl|NC_052676.1_mrna_XM_026137593.2_27480	5064	4865	0.47027	0.0271507
lcl|NC_052676.1_mrna_XM_026137591.2_27481	5062	4863	314.244	18.1501
lcl|NC_052676.1_mrna_XM_011170635.3_27482	2376	2177	195	25.1589
lcl|NC_052676.1_mrna_XM_026137627.2_27483	5226	5027	11.3645	0.634977
lcl|NC_052676.1_mrna_XM_011170636.3_27484	4366	4167	337.635	22.7583
lcl|NC_052676.1_mrna_XM_026137628.2_27485	1969	1770	23.6	3.74502
lcl|NC_052676.1_mrna_XM_039456906.1_27486	1819	1620	19.4	3.36359
lcl|NC_052676.1_trna_27487	72	3.52559	0	0
lcl|NC_052676.1_mrna_XM_011170637.3_27488	2428	2229	1194	150.456
lcl|NC_052676.1_miscrna_XR_005576225.1_27489	11673	11474	0	0
lcl|NC_052676.1_mrna_XM_026137619.2_27490	11762	11563	0.0271121	0.000658579
lcl|NC_052676.1_mrna_XM_026137620.2_27491	11759	11560	0.0351716	0.000854575
lcl|NC_052676.1_mrna_XM_039456903.1_27492	11750	11551	0	0
lcl|NC_052676.1_mrna_XM_026137626.2_27493	11516	11317	7.71572	0.191496
lcl|NC_052676.1_mrna_XM_026137621.2_27494	11699	11500	3.02933e-06	7.39886e-08
lcl|NC_052676.1_mrna_XM_026137622.2_27495	11713	11514	1.91865	0.0468043
lcl|NC_052676.1_mrna_XM_026137623.2_27496	11707	11508	3.23629	0.0789883
lcl|NC_052676.1_mrna_XM_011170639.3_27497	11740	11541	0.183117	0.00445657
lcl|NC_052676.1_mrna_XM_039456902.1_27498	11908	11709	57.7267	1.38475
lcl|NC_052676.1_mrna_XM_039456904.1_27499	11803	11604	0	0
lcl|NC_052676.1_miscrna_XR_005576226.1_27500	6119	5920	6.71794	0.318735
lcl|NC_052676.1_miscrna_XR_005576227.1_27501	5694	5495	0	0
lcl|NC_052676.1_miscrna_XR_005576228.1_27502	3621	3422	0	0
lcl|NC_052676.1_miscrna_XR_005576229.1_27503	3021	2822	0	0
lcl|NC_052676.1_mrna_XM_039456905.1_27504	2040	1841	0	0
lcl|NC_052676.1_miscrna_XR_005576230.1_27505	1847	1648	0	0
lcl|NC_052676.1_mrna_XM_011170640.3_27506	1000	801	10.4393	3.66063
lcl|NC_052676.1_mrna_XM_011170645.3_27507	8675	8476	18.2594	0.605078
lcl|NC_052676.1_mrna_XM_011170646.3_27508	1998	1799	2	0.312259
lcl|NC_052676.1_mrna_XM_011170644.3_27509	7501	7302	0	0
lcl|NC_052676.1_mrna_XM_011170643.3_27510	7640	7441	353.741	13.3527
lcl|NC_052676.1_mrna_XM_011170648.3_27511	15757	15558	0	0
lcl|NC_052676.1_mrna_XM_011170647.3_27512	15762	15563	331.107	5.97572
lcl|NC_052676.1_mrna_XM_011170649.3_27513	1492	1293	1449	314.764
lcl|NC_052676.1_mrna_XM_039456907.1_27514	6599	6400	377	16.5454
lcl|NC_052676.1_mrna_XM_011170652.3_27515	1667	1468	138.974	26.5903
lcl|NC_052676.1_mrna_XM_011170651.3_27516	1670	1471	130.026	24.8275
lcl|NC_052676.1_mrna_XM_011170655.3_27517	905	706	195	77.5793
lcl|NC_052676.1_mrna_XM_011170654.3_27518	1311	1112	9	2.27328
lcl|NC_052676.1_mrna_XM_026137613.2_27519	2732	2533	156.366	17.339
lcl|NC_052676.1_mrna_XM_011170656.3_27520	2723	2524	385.634	42.9142
lcl|NC_052676.1_mrna_XM_011170659.3_27521	1770	1571	268.743	48.0481
lcl|NC_052676.1_mrna_XM_039456542.1_27522	1761	1562	182.241	32.7703
lcl|NC_052676.1_mrna_XM_026137603.2_27523	1740	1541	2.50455	0.456503
lcl|NC_052676.1_mrna_XM_039456543.1_27524	1930	1731	147.76	23.9759
lcl|NC_052676.1_mrna_XM_026137604.2_27525	1919	1720	0.217698	0.0355501
lcl|NC_052676.1_mrna_XM_011170658.3_27526	3882	3683	1522.13	116.082
lcl|NC_052676.1_mrna_XM_026137601.2_27527	2075	1876	43.4031	6.49836
lcl|NC_052676.1_mrna_XM_011170660.3_27528	4393	4194	430	28.7976
lcl|NC_052676.1_mrna_XM_011170661.3_27529	4458	4259	0	0
lcl|NC_052676.1_mrna_XM_011170663.3_27530	2962	2763	27.8755	2.83372
lcl|NC_052676.1_mrna_XM_011170664.3_27531	1391	1192	117.871	27.7746
lcl|NC_052676.1_mrna_XM_011170662.3_27532	1415	1216	31.2531	7.21897
lcl|NC_052676.1_mrna_XM_011170668.3_27533	2081	1882	102.231	15.2573
lcl|NC_052676.1_mrna_XM_011170669.3_27534	4018	3819	421	30.9634
lcl|NC_052676.1_mrna_XM_039456685.1_27535	3722	3523	184	14.6697
lcl|NC_052676.1_mrna_XM_026137597.2_27536	6702	6503	22.0701	0.95325
lcl|NC_052676.1_mrna_XM_011170671.3_27537	7287	7088	39.9218	1.58198
lcl|NC_052676.1_mrna_XM_026137595.2_27538	7660	7461	60.0081	2.25906
lcl|NC_052676.1_mrna_XM_011170673.3_27539	1878	1679	308	51.5247
lcl|NC_052676.1_mrna_XM_011170672.3_27540	2905	2706	250	25.9494
lcl|NC_052676.1_mrna_XM_011170674.3_27541	6122	5923	0	0
lcl|NC_052676.1_mrna_XM_011170675.3_27542	5266	5067	0.000433646	2.40381e-05
lcl|NC_052676.1_mrna_XM_011170676.3_27543	5204	5005	99.9996	5.6119
lcl|NC_052676.1_mrna_XM_011170680.3_27544	6151	5952	119.527	5.64051
lcl|NC_052676.1_mrna_XM_039456683.1_27545	1063	864	0.0717236	0.0233165
lcl|NC_052676.1_mrna_XM_011170682.3_27546	5144	4945	15.0354	0.85401
lcl|NC_052676.1_mrna_XM_011170683.3_27547	4824	4625	2.56476	0.155758
lcl|NC_052676.1_mrna_XM_039456682.1_27548	3384	3185	10.5325	0.928829
lcl|NC_052676.1_mrna_XM_011170681.3_27549	4852	4653	0	0
lcl|NC_052676.1_mrna_XM_011170679.3_27550	1643	1444	1	0.194513
lcl|NC_052676.1_mrna_XM_039456684.1_27551	1673	1474	0	0
lcl|NC_052676.1_mrna_XM_011170685.3_27552	1720	1521	0.000688616	0.000127164
lcl|NC_052676.1_mrna_XM_011170686.3_27553	1709	1510	0.999311	0.185883
lcl|NC_052676.1_mrna_XM_011170688.3_27554	4477	4278	461.941	30.3292
lcl|NC_052676.1_mrna_XM_011170691.3_27555	3569	3370	0	0
lcl|NC_052676.1_mrna_XM_011170692.3_27556	4755	4556	64.8118	3.99564
lcl|NC_052676.1_mrna_XM_026137615.2_27557	4696	4497	4.51556e-08	2.82036e-09
lcl|NC_052676.1_mrna_XM_011170694.3_27558	4740	4541	0	0
lcl|NC_052676.1_mrna_XM_011170690.3_27559	4772	4573	0	0
lcl|NC_052676.1_mrna_XM_039456680.1_27560	4317	4118	0	0
lcl|NC_052676.1_mrna_XM_039456679.1_27561	4394	4195	17.1581	1.14882
lcl|NC_052676.1_mrna_XM_039456681.1_27562	4094	3895	169.03	12.1891
lcl|NC_052676.1_mrna_XM_011170689.3_27563	2249	2050	22	3.01429
lcl|NC_052676.1_mrna_XM_011170696.3_27564	9459	9260	138	4.18585
lcl|NC_052676.1_mrna_XM_039456379.1_27565	1112	913	2	0.615283
lcl|NC_052676.1_mrna_XM_039456377.1_27566	1782	1583	1.72167	0.305482
lcl|NC_052676.1_mrna_XM_011163804.3_27567	2802	2603	0	0
lcl|NC_052676.1_mrna_XM_039456378.1_27568	2896	2697	0	0
lcl|NC_052676.1_mrna_XM_039456375.1_27569	2113	1914	0	0
lcl|NC_052676.1_mrna_XM_039456374.1_27570	2205	2006	0	0
lcl|NC_052676.1_mrna_XM_039456373.1_27571	2260	2061	0	0
lcl|NC_052676.1_mrna_XM_026141189.2_27572	2290	2091	0	0
lcl|NC_052676.1_mrna_XM_011163793.3_27573	2732	2533	1012.65	112.29
lcl|NC_052676.1_mrna_XM_039456579.1_27574	2344	2145	297.348	38.9362
lcl|NC_052676.1_mrna_XM_039456582.1_27575	1723	1524	3	0.552907
lcl|NC_052676.1_mrna_XM_039456580.1_27576	2014	1815	0	0
lcl|NC_052676.1_mrna_XM_011158942.3_27577	6145	5946	0	0
lcl|NC_052676.1_mrna_XM_011158943.3_27578	6145	5946	0	0
lcl|NC_052676.1_mrna_XM_039456629.1_27579	4309	4110	1	0.0683398
lcl|NC_052676.1_mrna_XM_039456628.1_27580	6123	5924	0	0
lcl|NC_052676.1_mrna_XM_026139277.2_27581	1396	1197	18.6804	4.38338
lcl|NC_052676.1_mrna_XM_011158941.3_27582	1335	1136	338.32	83.6497
lcl|NC_052676.1_mrna_XM_011158940.3_27583	4144	3945	85.1814	6.06476
lcl|NC_052676.1_mrna_XM_026139276.2_27584	4383	4184	531.819	35.7016
lcl|NC_052676.1_mrna_XM_011158939.3_27585	7305	7106	19.0235	0.751935
lcl|NC_052676.1_ncrna_XR_005576162.1_27586	339	140	0	0
lcl|NC_052676.1_mrna_XM_011158933.3_27587	1402	1203	68.4179	15.9742
lcl|NC_052676.1_mrna_XM_011158932.3_27588	1397	1198	40.5821	9.51465
lcl|NC_052676.1_mrna_XM_011158934.3_27589	1008	809	303	105.199
lcl|NC_052676.1_mrna_XM_026139278.2_27590	6872	6673	219	9.21804
lcl|NC_052676.1_mrna_XM_011158930.3_27591	3282	3083	698	63.5913
lcl|NC_052676.1_mrna_XM_011158921.3_27592	1524	1325	619.602	131.345
lcl|NC_052676.1_ncrna_XR_003269243.2_27593	327	128	18.3975	40.3706
lcl|NC_052676.1_mrna_XM_011158922.3_27594	1829	1630	10.1754	1.75339
lcl|NC_052676.1_mrna_XM_011158925.3_27595	2798	2599	28.1374	3.04084
lcl|NC_052676.1_mrna_XM_026139283.2_27596	2601	2402	0	0
lcl|NC_052676.1_mrna_XM_039456725.1_27597	2664	2465	0	0
lcl|NC_052676.1_mrna_XM_011158923.3_27598	2798	2599	140.687	15.2042
lcl|NC_052676.1_mrna_XM_011158926.3_27599	1966	1767	144.055	22.8985
lcl|NC_052676.1_mrna_XM_011158927.3_27600	2035	1836	28.1745	4.31021
lcl|NC_052676.1_mrna_XM_011158928.3_27601	1952	1753	146.535	23.4787
lcl|NC_052676.1_mrna_XM_011158929.3_27602	1377	1178	25.2359	6.01713
lcl|NC_052676.1_mrna_XM_011158916.3_27603	2207	2008	77.2308	10.803
lcl|NC_052676.1_mrna_XM_011158915.3_27604	2155	1956	246.416	35.3847
lcl|NC_052676.1_mrna_XM_039456726.1_27605	2817	2618	145.518	15.6121
lcl|NC_052676.1_mrna_XM_011158920.3_27606	1507	1308	1273.84	273.54
lcl|NC_052676.1_mrna_XM_026139281.2_27607	7315	7116	35.3766	1.39636
lcl|NC_052676.1_mrna_XM_026139280.2_27608	3980	3781	0	0
lcl|NC_052676.1_mrna_XM_026139282.2_27609	3961	3762	5.62337	0.419849
lcl|NC_052676.1_ncrna_XR_005576166.1_27610	1352	1153	0	0
lcl|NC_052676.1_mrna_XM_011158909.3_27611	761	562	27	13.4941
lcl|NC_052676.1_mrna_XM_039456723.1_27612	2791	2592	25	2.70907
lcl|NC_052676.1_mrna_XM_011158910.3_27613	1240	1041	53	14.3002
lcl|NC_052676.1_mrna_XM_026139294.2_27614	1201	1002	0	0
lcl|NC_052676.1_mrna_XM_039456720.1_27615	4823	4624	0	0
lcl|NC_052676.1_mrna_XM_039456721.1_27616	4559	4360	0	0
lcl|NC_052676.1_mrna_XM_011158913.3_27617	1174	975	0	0
lcl|NC_052676.1_mrna_XM_011158912.3_27618	1193	994	0	0
lcl|NC_052676.1_mrna_XM_039456722.1_27619	2932	2733	0	0
lcl|NC_052676.1_mrna_XM_026139293.2_27620	1147	948	0	0
lcl|NC_052676.1_mrna_XM_011158907.3_27621	1085	886	115.325	36.56
lcl|NC_052676.1_mrna_XM_011158906.3_27622	1544	1345	494.755	103.32
lcl|NC_052676.1_mrna_XM_039456727.1_27623	1690	1491	24.9204	4.69454
lcl|NC_052676.1_mrna_XM_039456728.1_27624	1634	1435	17.3027	3.3867
lcl|NC_052676.1_mrna_XM_039456729.1_27625	1605	1406	6.91189	1.38079
lcl|NC_052676.1_mrna_XM_039456730.1_27626	1510	1311	14.2267	3.04802
lcl|NC_052676.1_mrna_XM_011158908.3_27627	1121	922	0.0133706	0.0040732
lcl|NC_052676.1_mrna_XM_011158905.3_27628	1377	1178	41.5392	9.90441
lcl|NC_052676.1_mrna_XM_011158904.3_27629	1810	1611	133.005	23.1893
lcl|NC_052676.1_mrna_XM_011158899.3_27630	3938	3739	54.7171	4.11039
lcl|NC_052676.1_mrna_XM_039456719.1_27631	3504	3305	0	0
lcl|NC_052676.1_mrna_XM_026139288.2_27632	2708	2509	55.0172	6.15905
lcl|NC_052676.1_mrna_XM_011158901.3_27633	2780	2581	7.76545e-06	8.45073e-07
lcl|NC_052676.1_mrna_XM_011158900.3_27634	2815	2616	36.2657	3.8938
lcl|NC_052676.1_mrna_XM_011158896.3_27635	1456	1257	1183.65	264.486
lcl|NC_052676.1_mrna_XM_039456732.1_27636	1396	1197	92.0069	21.5895
lcl|NC_052676.1_mrna_XM_011158894.3_27637	579	380	121.357	89.7009
lcl|NC_052676.1_mrna_XM_039456734.1_27638	999	800	24.9899	8.77385
lcl|NC_052676.1_mrna_XM_039456733.1_27639	563	364	0	0
lcl|NC_052676.1_mrna_XM_011158891.3_27640	1010	811	950.751	329.277
lcl|NC_052676.1_mrna_XM_039456731.1_27641	918	719	44.2492	17.2859
lcl|NC_052676.1_mrna_XM_026139289.2_27642	1611	1412	1.07861e-08	2.14559e-09
lcl|NC_052676.1_mrna_XM_011158892.3_27643	1671	1472	1051.58	200.655
lcl|NC_052676.1_mrna_XM_026139290.2_27644	1506	1307	152.42	32.7553
lcl|NC_052676.1_ncrna_XR_003269245.2_27645	1738	1539	0	0
lcl|NC_052676.1_ncrna_XR_005576164.1_27646	1502	1303	0	0
lcl|NC_052676.1_ncrna_XR_005576165.1_27647	1400	1201	3.73382	0.873225
lcl|NC_052676.1_ncrna_XR_003269248.2_27648	1164	965	11.2662	3.27918
lcl|NC_052676.1_mrna_XM_011158890.3_27649	2297	2098	54.4756	7.29311
lcl|NC_052676.1_mrna_XM_011158889.3_27650	2014	1815	40.5244	6.27127
lcl|NC_052676.1_mrna_XM_039456912.1_27651	1321	1122	0	0
lcl|NC_052676.1_mrna_XM_039456756.1_27652	2045	1846	0	0
lcl|NC_052676.1_mrna_XM_011158944.3_27653	666	467	0	0
lcl|NC_052676.1_mrna_XM_011158888.3_27654	2384	2185	6.79846e-05	8.73926e-06
lcl|NC_052676.1_mrna_XM_039456540.1_27655	2359	2160	6.99993	0.91024
lcl|NC_052676.1_mrna_XM_039456539.1_27656	2157	1958	1	0.143451
lcl|NC_052676.1_ncrna_XR_005576138.1_27657	161	8.14747	0	0
lcl|NC_052676.1_ncrna_XR_005576137.1_27658	1043	844	0	0
lcl|NC_052676.1_mrna_XM_039456538.1_27659	2610	2411	8.27833	0.964409
lcl|NC_052676.1_mrna_XM_011170890.3_27660	2867	2668	749	78.8518
lcl|NC_052676.1_mrna_XM_011170888.3_27661	6443	6244	0	0
lcl|NC_052676.1_mrna_XM_011170884.3_27662	6439	6240	46.2369	2.08123
lcl|NC_052676.1_mrna_XM_039456403.1_27663	6449	6250	0	0
lcl|NC_052676.1_mrna_XM_039456404.1_27664	6010	5811	0	0
lcl|NC_052676.1_mrna_XM_039456405.1_27665	6005	5806	0	0
lcl|NC_052676.1_mrna_XM_011170887.3_27666	4140	3941	11.7631	0.838364
lcl|NC_052676.1_mrna_XM_011170885.3_27667	4161	3962	0	0
lcl|NC_052676.1_mrna_XM_011170883.3_27668	1681	1482	15	2.84288
lcl|NC_052676.1_mrna_XM_039456348.1_27669	11826	11627	0.000143543	3.46761e-06
lcl|NC_052676.1_mrna_XM_039456350.1_27670	11720	11521	1.40091	0.0341536
lcl|NC_052676.1_mrna_XM_026138491.2_27671	11677	11478	59.5989	1.45844
lcl|NC_052676.1_mrna_XM_039456349.1_27672	11238	11039	0	0
lcl|NC_052676.1_mrna_XM_011170880.3_27673	1995	1796	14.1656	2.21536
lcl|NC_052676.1_ncrna_XR_005576106.1_27674	579	380	28.8344	21.3129
lcl|NC_052676.1_ncrna_XR_005576107.1_27675	767	568	0	0
lcl|NC_052676.1_mrna_XM_011170875.3_27676	4770	4571	14.5342	0.89309
lcl|NC_052676.1_mrna_XM_011170878.3_27677	2883	2684	22.4658	2.35102
lcl|NC_052676.1_mrna_XM_026138493.2_27678	4088	3889	44.5789	3.21964
lcl|NC_052676.1_mrna_XM_011170879.3_27679	4230	4031	16.4211	1.14421
lcl|NC_052676.1_mrna_XM_011170874.3_27680	4118	3919	639	45.7975
lcl|NC_052676.1_mrna_XM_011170867.3_27681	2467	2268	0	0
lcl|NC_052676.1_mrna_XM_026138515.2_27682	2305	2106	5	0.666849
lcl|NC_052676.1_mrna_XM_011170869.3_27683	1871	1672	4.00959	0.673565
lcl|NC_052676.1_mrna_XM_011170870.3_27684	1454	1255	13.9904	3.13114
lcl|NC_052676.1_mrna_XM_011170871.3_27685	2149	1950	77.6417	11.1835
lcl|NC_052676.1_mrna_XM_011170872.3_27686	1496	1297	28.6327	6.20067
lcl|NC_052676.1_mrna_XM_026138517.2_27687	2857	2658	365.726	38.647
lcl|NC_052676.1_mrna_XM_011170863.3_27688	5628	5429	58.7959	3.04189
lcl|NC_052676.1_mrna_XM_011170866.3_27689	5205	5006	1.00624e-06	5.64579e-08
lcl|NC_052676.1_mrna_XM_011170865.3_27690	5211	5012	3.02637e-07	1.696e-08
lcl|NC_052676.1_mrna_XM_039456951.1_27691	5451	5252	112.204	6.00067
lcl|NC_052676.1_ncrna_XR_005576238.1_27692	2352	2153	1	0.130458
lcl|NC_052676.1_mrna_XM_011170862.3_27693	3904	3705	517	39.1939
lcl|NC_052676.1_mrna_XM_039456521.1_27694	4388	4189	2.91438e-06	1.95412e-07
lcl|NC_052676.1_mrna_XM_039456522.1_27695	4372	4173	0.0224086	0.00150828
lcl|NC_052676.1_mrna_XM_039456523.1_27696	4372	4173	0.0171444	0.00115396
lcl|NC_052676.1_mrna_XM_039456524.1_27697	4356	4157	130.064	8.78807
lcl|NC_052676.1_mrna_XM_011170860.3_27698	4359	4160	122.873	8.29617
lcl|NC_052676.1_mrna_XM_011170858.3_27699	4374	4175	0.0270731	0.00182136
lcl|NC_052676.1_mrna_XM_011170859.3_27700	4358	4159	203.696	13.7566
lcl|NC_052676.1_mrna_XM_011170857.3_27701	2999	2800	620	62.1941
lcl|NC_052676.1_mrna_XM_011170856.3_27702	1336	1137	44.8529	11.0801
lcl|NC_052676.1_ncrna_XR_005576215.1_27703	5152	4953	0	0
lcl|NC_052676.1_ncrna_XR_005576216.1_27704	5996	5797	0	0
lcl|NC_052676.1_ncrna_XR_005576212.1_27705	6223	6024	3.94326	0.18386
lcl|NC_052676.1_ncrna_XR_005576217.1_27706	6239	6040	0	0
lcl|NC_052676.1_ncrna_XR_005576218.1_27707	4455	4256	0.00299169	0.000197438
lcl|NC_052676.1_ncrna_XR_005576214.1_27708	4547	4348	0	0
lcl|NC_052676.1_ncrna_XR_005576220.1_27709	5420	5221	7.20088	0.387389
lcl|NC_052676.1_ncrna_XR_005576213.1_27710	5532	5333	0	0
lcl|NC_052676.1_ncrna_XR_005576219.1_27711	6198	5999	0	0
lcl|NC_052676.1_ncrna_XR_005576211.1_27712	6310	6111	0	0
lcl|NC_052676.1_mrna_XM_026138497.2_27713	3496	3297	113	9.62665
lcl|NC_052676.1_mrna_XM_011170854.3_27714	1257	1058	11	2.92027
lcl|NC_052676.1_mrna_XM_011170855.3_27715	1954	1755	1385	221.661
lcl|NC_052676.1_ncrna_XR_850994.3_27716	741	542	1	0.518223
lcl|NC_052676.1_ncrna_XR_005576222.1_27717	4756	4557	6.68507	0.412043
lcl|NC_052676.1_mrna_XM_039456883.1_27718	955	756	1	0.37153
lcl|NC_052676.1_mrna_XM_039456882.1_27719	1008	809	0	0
lcl|NC_052676.1_mrna_XM_011170849.3_27720	1300	1101	0	0
lcl|NC_052676.1_mrna_XM_039456881.1_27721	1277	1078	5	1.30277
lcl|NC_052676.1_mrna_XM_039456880.1_27722	1309	1110	0	0
lcl|NC_052676.1_mrna_XM_011170893.3_27723	2049	1850	32.7174	4.96733
lcl|NC_052676.1_ncrna_XR_005576221.1_27724	580	381	0	0
lcl|NC_052676.1_mrna_XM_026138516.2_27725	1675	1476	10.2826	1.95674
lcl|NC_052676.1_mrna_XM_039456878.1_27726	4604	4405	0	0
lcl|NC_052676.1_mrna_XM_011170848.3_27727	1166	967	0	0
lcl|NC_052676.1_mrna_XM_011170846.3_27728	5119	4920	0	0
lcl|NC_052676.1_mrna_XM_026138514.2_27729	4321	4122	1.02072	0.0695526
lcl|NC_052676.1_mrna_XM_011170847.3_27730	5025	4826	0	0
lcl|NC_052676.1_mrna_XM_039456879.1_27731	4704	4505	0	0
lcl|NC_052676.1_mrna_XM_026138513.2_27732	4487	4288	0	0
lcl|NC_052676.1_mrna_XM_011170845.3_27733	2838	2639	749	79.7183
lcl|NC_052676.1_mrna_XM_011170841.3_27734	9201	9002	44.9759	1.40332
lcl|NC_052676.1_mrna_XM_011170837.3_27735	9147	8948	0.413771	0.0129882
lcl|NC_052676.1_mrna_XM_011170838.3_27736	6786	6587	0	0
lcl|NC_052676.1_miscrna_XR_005576170.1_27737	4441	4242	4.39075	0.290726
lcl|NC_052676.1_mrna_XM_011170842.3_27738	9133	8934	1.98988	0.06256
lcl|NC_052676.1_mrna_XM_039456758.1_27739	9130	8931	2.78691	0.0876474
lcl|NC_052676.1_mrna_XM_039456757.1_27740	9116	8917	13.4428	0.423435
lcl|NC_052676.1_mrna_XM_011170843.3_27741	1680	1481	89	16.8792
lcl|NC_052676.1_mrna_XM_039456762.1_27742	7954	7755	0	0
lcl|NC_052676.1_mrna_XM_039456760.1_27743	7958	7759	27	0.977403
lcl|NC_052676.1_mrna_XM_039456761.1_27744	8445	8246	0	0
lcl|NC_052676.1_mrna_XM_039456763.1_27745	8125	7926	0	0
lcl|NC_052676.1_mrna_XM_039456766.1_27746	7436	7237	0	0
lcl|NC_052676.1_mrna_XM_011170844.3_27747	7518	7319	0	0
lcl|NC_052676.1_mrna_XM_039456759.1_27748	7566	7367	0	0
lcl|NC_052676.1_mrna_XM_039456764.1_27749	7581	7382	0	0
lcl|NC_052676.1_mrna_XM_039456765.1_27750	8465	8266	0	0
lcl|NC_052676.1_mrna_XM_039456768.1_27751	1948	1749	63.5384	10.2038
lcl|NC_052676.1_mrna_XM_011170829.3_27752	3220	3021	815.294	75.8017
lcl|NC_052676.1_mrna_XM_011170832.3_27753	1800	1601	366.827	64.3555
lcl|NC_052676.1_mrna_XM_026138510.2_27754	696	497	14.5904	8.24568
lcl|NC_052676.1_mrna_XM_026138509.2_27755	1108	909	25.7503	7.95673
lcl|NC_052676.1_mrna_XM_011170834.3_27756	735	536	0	0
lcl|NC_052676.1_mrna_XM_039456767.1_27757	2312	2113	0	0
lcl|NC_052676.1_mrna_XM_011170836.3_27758	2397	2198	0	0
lcl|NC_052676.1_mrna_XM_011170826.3_27759	1893	1694	37.2961	6.18395
lcl|NC_052676.1_ncrna_XR_005576171.1_27760	1821	1622	2.70386	0.468219
lcl|NC_052676.1_mrna_XM_039456769.1_27761	1305	1106	526	133.582
lcl|NC_052676.1_mrna_XM_011170824.3_27762	1043	844	304	101.169
lcl|NC_052676.1_mrna_XM_011177032.3_27763	3456	3257	360.685	31.1047
lcl|NC_052676.1_mrna_XM_039456397.1_27764	3453	3254	22.4852	1.94086
lcl|NC_052676.1_mrna_XM_039456396.1_27765	3506	3307	0	0
lcl|NC_052676.1_mrna_XM_026137014.2_27766	3447	3248	0	0
lcl|NC_052676.1_mrna_XM_026137016.2_27767	3375	3176	92.4336	8.17457
lcl|NC_052676.1_mrna_XM_026137015.2_27768	3444	3245	0	0
lcl|NC_052676.1_mrna_XM_039456395.1_27769	3372	3173	196.328	17.3792
lcl|NC_052676.1_mrna_XM_039456393.1_27770	3444	3245	0	0
lcl|NC_052676.1_mrna_XM_011177030.3_27771	3490	3291	49.0674	4.18775
lcl|NC_052676.1_mrna_XM_011177034.3_27772	5070	4871	822.803	47.4453
lcl|NC_052676.1_mrna_XM_011177035.3_27773	3410	3211	46.1973	4.04103
lcl|NC_052676.1_mrna_XM_026137008.2_27774	2764	2565	42	4.59915
lcl|NC_052676.1_ncrna_XR_005576121.1_27775	2323	2124	65.0876	8.60715
lcl|NC_052676.1_mrna_XM_039456398.1_27776	2983	2784	314.375	31.7172
lcl|NC_052676.1_mrna_XM_026137004.2_27777	4595	4396	3.57711e-08	2.28555e-09
lcl|NC_052676.1_mrna_XM_011177038.3_27778	4604	4405	334.538	21.3312
lcl|NC_052676.1_mrna_XM_011177039.3_27779	2603	2404	3428	400.518
lcl|NC_052676.1_mrna_XM_011177042.3_27780	3489	3290	30.3821	2.59381
lcl|NC_052676.1_mrna_XM_011177041.3_27781	2314	2115	152.664	20.2741
lcl|NC_052676.1_miscrna_XR_851448.3_27782	2346	2147	274.074	35.8552
lcl|NC_052676.1_miscrna_XR_851447.3_27783	2453	2254	115.39	14.3791
lcl|NC_052676.1_miscrna_XR_005576122.1_27784	2207	2008	41.1824	5.76054
lcl|NC_052676.1_mrna_XM_039456399.1_27785	2025	1826	263.307	40.502
lcl|NC_052676.1_miscrna_XR_005576123.1_27786	958	759	1.88685e-07	6.9825e-08
lcl|NC_052676.1_mrna_XM_026136992.2_27787	1544	1345	156.714	32.7266
lcl|NC_052676.1_miscrna_XR_851449.3_27788	1203	1004	48.2861	13.5084
lcl|NC_052676.1_mrna_XM_011177045.3_27789	4135	3936	333	23.7632
lcl|NC_052676.1_mrna_XM_011177044.3_27790	1755	1556	1	0.180512
lcl|NC_052676.1_mrna_XM_011177046.3_27791	4699	4500	36	2.24701
lcl|NC_052676.1_mrna_XM_011177047.3_27792	4016	3817	5.70414e-08	4.19743e-09
lcl|NC_052676.1_ncrna_XR_005576124.1_27793	985	786	0	0
lcl|NC_052676.1_mrna_XM_011159236.2_27794	1420	1221	382	87.8746
lcl|NC_052676.1_mrna_XM_026137006.2_27795	4973	4774	0	0
lcl|NC_052676.1_mrna_XM_011159240.3_27796	4172	3973	3	0.212089
lcl|NC_052676.1_mrna_XM_011159237.3_27797	5439	5240	0	0
lcl|NC_052676.1_mrna_XM_026137007.2_27798	5045	4846	0	0
lcl|NC_052676.1_mrna_XM_011159239.3_27799	4856	4657	0	0
lcl|NC_052676.1_mrna_XM_039456402.1_27800	2135	1936	0	0
lcl|NC_052676.1_mrna_XM_011159242.3_27801	2518	2319	126	15.2611
lcl|NC_052676.1_mrna_XM_039456401.1_27802	13056	12857	4.00152	0.0874179
lcl|NC_052676.1_mrna_XM_026137001.2_27803	1544	1345	0	0
lcl|NC_052676.1_ncrna_XR_005576104.1_27804	2737	2538	1.33403	0.147636
lcl|NC_052676.1_mrna_XM_039456347.1_27805	17274	17075	19.364	0.31853
lcl|NC_052676.1_mrna_XM_039456346.1_27806	17286	17087	9.57134	0.157334
lcl|NC_052676.1_mrna_XM_039456345.1_27807	17304	17105	3.32921	0.0546681
lcl|NC_052676.1_mrna_XM_039456344.1_27808	17337	17138	0.481693	0.00789453
lcl|NC_052676.1_mrna_XM_039456342.1_27809	17349	17150	0.238711	0.00390953
lcl|NC_052676.1_mrna_XM_039456341.1_27810	17355	17156	0.168075	0.00275171
lcl|NC_052676.1_mrna_XM_039456340.1_27811	17367	17168	0.0833539	0.00136371
lcl|NC_052676.1_mrna_XM_011169904.3_27812	1088	889	960	303.309
lcl|NC_052676.1_mrna_XM_011169903.3_27813	2547	2348	6	0.717743
lcl|NC_052676.1_mrna_XM_039456527.1_27814	2659	2460	0	0
lcl|NC_052676.1_ncrna_XR_005576130.1_27815	1013	814	5	1.72529
lcl|NC_052676.1_mrna_XM_039456525.1_27816	6765	6566	0	0
lcl|NC_052676.1_miscrna_XR_005576129.1_27817	6435	6236	1	0.0450412
lcl|NC_052676.1_mrna_XM_039456530.1_27818	2913	2714	0	0
lcl|NC_052676.1_mrna_XM_039456531.1_27819	2904	2705	0	0
lcl|NC_052676.1_mrna_XM_039456528.1_27820	3337	3138	0	0
lcl|NC_052676.1_mrna_XM_039456529.1_27821	3228	3029	1	0.0927292
lcl|NC_052676.1_mrna_XM_039456534.1_27822	2579	2380	6.74727	0.796282
lcl|NC_052676.1_mrna_XM_039456533.1_27823	1632	1433	0	0
lcl|NC_052676.1_mrna_XM_039456532.1_27824	1436	1237	1	0.227063
lcl|NC_052676.1_miscrna_XR_005576134.1_27825	2349	2150	0	0
lcl|NC_052676.1_miscrna_XR_005576131.1_27826	2404	2205	0	0
lcl|NC_052676.1_miscrna_XR_005576133.1_27827	2215	2016	0	0
lcl|NC_052676.1_miscrna_XR_005576132.1_27828	2188	1989	0	0
lcl|NC_052676.1_miscrna_XR_005576136.1_27829	2520	2321	0	0
lcl|NC_052676.1_mrna_XM_039456564.1_27830	5393	5194	2.76424	0.149482
lcl|NC_052676.1_mrna_XM_039456565.1_27831	3514	3315	26.4885	2.24434
lcl|NC_052676.1_ncrna_XR_005576142.1_27832	384	185	4	6.07301
lcl|NC_052676.1_mrna_XM_011169897.2_27833	1222	1023	354.417	97.3093
lcl|NC_052676.1_mrna_XM_011169898.3_27834	1669	1470	14.1576	2.70512
lcl|NC_052676.1_mrna_XM_011169900.3_27835	1777	1578	48.4257	8.61955
lcl|NC_052676.1_mrna_XM_026137025.2_27836	2083	1884	1	0.149085
lcl|NC_052676.1_ncrna_XR_005576159.1_27837	404	205	0	0
lcl|NC_052676.1_mrna_XM_026137024.2_27838	10802	10603	0	0
lcl|NC_052676.1_ncrna_XR_003268928.2_27839	7025	6826	0	0
lcl|NC_052676.1_mrna_XM_011169890.3_27840	4515	4316	0	0
lcl|NC_052676.1_mrna_XM_039456820.1_27841	4135	3936	0	0
lcl|NC_052676.1_mrna_XM_026137029.2_27842	6216	6017	80	3.73444
lcl|NC_052676.1_ncrna_XR_005576179.1_27843	750	551	0	0
lcl|NC_052676.1_mrna_XM_026137030.2_27844	6507	6308	0	0
lcl|NC_052676.1_mrna_XM_039456812.1_27845	6569	6370	0	0
lcl|NC_052676.1_mrna_XM_011169886.3_27846	7534	7335	0	0
lcl|NC_052676.1_mrna_XM_011169889.3_27847	6941	6742	25.3694	1.05691
lcl|NC_052676.1_mrna_XM_011169888.3_27848	7217	7018	2.63065	0.105285
lcl|NC_052676.1_mrna_XM_039456813.1_27849	3801	3602	0	0
lcl|NC_052676.1_mrna_XM_039456815.1_27850	3786	3587	0	0
lcl|NC_052676.1_mrna_XM_039456819.1_27851	3558	3359	3	0.250857
lcl|NC_052676.1_mrna_XM_039456818.1_27852	3564	3365	0	0
lcl|NC_052676.1_mrna_XM_039456814.1_27853	3789	3590	0	0
lcl|NC_052676.1_mrna_XM_026137017.2_27854	3774	3575	0	0
lcl|NC_052676.1_mrna_XM_039456816.1_27855	3741	3542	0	0
lcl|NC_052676.1_mrna_XM_039456817.1_27856	3729	3530	0	0
lcl|NC_052676.1_mrna_XM_011169908.1_27857	957	758	0	0
lcl|NC_052676.1_mrna_XM_039456854.1_27858	3659	3460	965	78.337
lcl|NC_052676.1_ncrna_XR_005576207.1_27859	3236	3037	204	18.8669
lcl|NC_052676.1_ncrna_XR_005576208.1_27860	1215	1016	11	3.04099
lcl|NC_052676.1_mrna_XM_039456850.1_27861	6781	6582	140	5.97428
lcl|NC_052676.1_mrna_XM_011169882.3_27862	5966	5767	0.754686	0.0367563
lcl|NC_052676.1_mrna_XM_039456853.1_27863	2957	2758	0	0
lcl|NC_052676.1_mrna_XM_039456851.1_27864	5950	5751	12.2453	0.598057
lcl|NC_052676.1_mrna_XM_039456852.1_27865	7431	7232	0	0
lcl|NC_052676.1_mrna_XM_026137028.2_27866	1061	862	1358	442.495
lcl|NC_052676.1_mrna_XM_039456547.1_27867	5383	5184	0	0
lcl|NC_052676.1_mrna_XM_039456546.1_27868	4399	4200	4	0.267502
lcl|NC_052676.1_mrna_XM_039456548.1_27869	4362	4163	0	0
lcl|NC_052676.1_mrna_XM_039456913.1_27870	414	215	0	0
lcl|NC_052676.1_mrna_XM_039456545.1_27871	6527	6328	5	0.221932
lcl|NC_052676.1_mrna_XM_011169879.3_27872	8278	8079	67.4834	2.34615
lcl|NC_052676.1_mrna_XM_039456929.1_27873	3725	3526	0	0
lcl|NC_052676.1_mrna_XM_011169878.3_27874	1745	1546	427	77.5772
lcl|NC_052676.1_mrna_XM_039456930.1_27875	5105	4906	0.129606	0.00742014
lcl|NC_052676.1_mrna_XM_039456931.1_27876	4878	4679	0	0
lcl|NC_052676.1_mrna_XM_011169875.3_27877	5183	4984	44.3503	2.49939
lcl|NC_052676.1_mrna_XM_026137020.2_27878	5293	5094	1.37261e-08	7.5684e-10
lcl|NC_052676.1_mrna_XM_039456932.1_27879	4464	4265	0.037024	0.00243826
lcl|NC_052676.1_ncrna_XR_005576233.1_27880	239	41.1625	0.64527	4.40307
lcl|NC_052676.1_mrna_XM_039456933.1_27881	1842	1643	0	0
lcl|NC_052676.1_mrna_XM_039456934.1_27882	1709	1510	29.1387	5.42012
lcl|NC_052676.1_ncrna_XR_003269086.2_27883	998	799	20	7.03071
lcl|NC_052676.1_mrna_XM_011160761.3_27884	2804	2605	48.8135	5.26317
lcl|NC_052676.1_mrna_XM_011160762.3_27885	2671	2472	2734.19	310.667
lcl|NC_052676.1_mrna_XM_026138060.2_27886	4573	4374	801	51.4363
lcl|NC_052676.1_mrna_XM_026138061.2_27887	6997	6798	57.7424	2.38578
lcl|NC_052676.1_mrna_XM_039456822.1_27888	6970	6771	0	0
lcl|NC_052676.1_miscrna_XR_005576180.1_27889	4795	4596	0	0
lcl|NC_052676.1_mrna_XM_039456823.1_27890	12616	12417	69	1.5608
lcl|NC_052676.1_mrna_XM_011158392.3_27891	2561	2362	1130	134.374
lcl|NC_052676.1_mrna_XM_011158391.3_27892	3256	3057	65	5.97219
lcl|NC_052676.1_mrna_XM_039456775.1_27893	3330	3131	0	0
lcl|NC_052676.1_mrna_XM_039456779.1_27894	1332	1133	115.246	28.5701
lcl|NC_052676.1_mrna_XM_039456782.1_27895	1283	1084	0	0
lcl|NC_052676.1_mrna_XM_026138047.2_27896	1297	1098	50.7509	12.9825
lcl|NC_052676.1_mrna_XM_039456781.1_27897	1323	1124	0	0
lcl|NC_052676.1_mrna_XM_026138051.2_27898	1153	954	25.6167	7.54208
lcl|NC_052676.1_mrna_XM_026138046.2_27899	1338	1139	0	0
lcl|NC_052676.1_mrna_XM_039456780.1_27900	1307	1108	0	0
lcl|NC_052676.1_mrna_XM_011158389.3_27901	4040	3841	172.386	12.6059
lcl|NC_052676.1_mrna_XM_039456774.1_27902	3517	3318	0	0
lcl|NC_052676.1_mrna_XM_039456776.1_27903	1773	1574	0	0
lcl|NC_052676.1_mrna_XM_011158390.3_27904	1840	1641	1037	177.495
lcl|NC_052676.1_mrna_XM_026138056.2_27905	5331	5132	0	0
lcl|NC_052676.1_mrna_XM_011158377.3_27906	5184	4985	1945.41	109.613
lcl|NC_052676.1_mrna_XM_039456778.1_27907	5203	5004	91.339	5.1269
lcl|NC_052676.1_mrna_XM_026138059.2_27908	5114	4915	38.7169	2.21255
lcl|NC_052676.1_mrna_XM_026138058.2_27909	5199	5000	181.51	10.1964
lcl|NC_052676.1_mrna_XM_039456777.1_27910	5266	5067	9.87103	0.547176
lcl|NC_052676.1_mrna_XM_026138057.2_27911	5355	5156	0	0
lcl|NC_052676.1_mrna_XM_011158378.3_27912	5200	5001	36.1499	2.03033
lcl|NC_052676.1_mrna_XM_011158375.3_27913	7221	7022	44.4677	1.77869
lcl|NC_052676.1_mrna_XM_011158372.3_27914	3534	3335	486	40.9314
lcl|NC_052676.1_mrna_XM_011158373.3_27915	7557	7358	0	0
lcl|NC_052676.1_mrna_XM_011158374.3_27916	7507	7308	0	0
lcl|NC_052676.1_mrna_XM_039456771.1_27917	11796	11597	15.5561	0.376766
lcl|NC_052676.1_mrna_XM_039456770.1_27918	7235	7036	0	0
lcl|NC_052676.1_mrna_XM_039456772.1_27919	7349	7150	0	0
lcl|NC_052676.1_mrna_XM_039456773.1_27920	6812	6613	4.80758	0.204194
lcl|NC_052676.1_mrna_XM_011158370.3_27921	2512	2313	314	38.1303
lcl|NC_052676.1_mrna_XM_039456783.1_27922	1979	1780	1	0.157796
lcl|NC_052676.1_mrna_XM_011169370.3_27923	2790	2591	281	30.4617
lcl|NC_052676.1_mrna_XM_011169368.3_27924	3329	3130	1389.69	124.706
lcl|NC_052676.1_mrna_XM_039456361.1_27925	2617	2418	68.3125	7.93523
lcl|NC_052676.1_mrna_XM_039456363.1_27926	2370	2171	55.7632	7.21446
lcl|NC_052676.1_mrna_XM_039456362.1_27927	2729	2530	35.2368	3.91193
lcl|NC_052676.1_mrna_XM_011157083.3_27928	2162	1963	70	10.016
lcl|NC_052676.1_mrna_XM_011169367.3_27929	3174	2975	0	0
lcl|NC_052676.1_mrna_XM_011169366.3_27930	3170	2971	32.0099	3.0262
lcl|NC_052676.1_mrna_XM_039456360.1_27931	4518	4319	92.9901	6.04741
lcl|NC_052676.1_mrna_XM_011169362.3_27932	4080	3881	638.056	46.1776
lcl|NC_052676.1_mrna_XM_026138002.2_27933	2093	1894	0	0
lcl|NC_052676.1_mrna_XM_011169364.3_27934	2108	1909	827.426	121.742
lcl|NC_052676.1_mrna_XM_011169363.3_27935	2248	2049	59.5174	8.15864
lcl|NC_052676.1_mrna_XM_039456445.1_27936	3550	3351	64	5.3644
lcl|NC_052676.1_ncrna_XR_005576126.1_27937	967	768	2	0.73145
lcl|NC_052676.1_mrna_XM_026138003.2_27938	4505	4306	39	2.54394
lcl|NC_052676.1_ncrna_XR_851027.3_27939	1732	1533	5.26734	0.965083
lcl|NC_052676.1_mrna_XM_011169359.3_27940	2946	2747	0	0
lcl|NC_052676.1_mrna_XM_011169358.3_27941	3227	3028	809	75.0427
lcl|NC_052676.1_mrna_XM_039456914.1_27942	2024	1825	0	0
lcl|NC_052676.1_mrna_XM_011169350.3_27943	1156	957	5.06364	1.48616
lcl|NC_052676.1_mrna_XM_039456667.1_27944	1203	1004	0	0
lcl|NC_052676.1_mrna_XM_011169351.3_27945	1323	1124	94.4885	23.6118
lcl|NC_052676.1_mrna_XM_011169355.3_27946	1223	1024	2.00302	0.549414
lcl|NC_052676.1_mrna_XM_026137999.2_27947	1274	1075	0	0
lcl|NC_052676.1_mrna_XM_011169356.3_27948	1344	1145	24.2181	5.94088
lcl|NC_052676.1_mrna_XM_011169349.3_27949	1180	981	157.936	45.2198
lcl|NC_052676.1_mrna_XM_011169348.3_27950	1224	1025	1286.28	352.473
lcl|NC_052676.1_ncrna_XR_005576155.1_27951	2587	2388	5	0.5881
lcl|NC_052676.1_mrna_XM_011169347.3_27952	1209	1010	22.015	6.12229
lcl|NC_052676.1_mrna_XM_026138000.2_27953	9290	9091	29.9461	0.925217
lcl|NC_052676.1_mrna_XM_039456668.1_27954	9521	9322	0	0
lcl|NC_052676.1_mrna_XM_039456669.1_27955	9429	9230	7.35404e-06	2.2379e-07
lcl|NC_052676.1_ncrna_XR_003269080.2_27956	868	669	42.0539	17.6562
lcl|NC_052676.1_mrna_XM_039456675.1_27957	2016	1817	10.3898	1.60609
lcl|NC_052676.1_ncrna_XR_005576158.1_27958	600	401	1	0.700441
lcl|NC_052676.1_mrna_XM_039456674.1_27959	2327	2128	0	0
lcl|NC_052676.1_mrna_XM_026138005.2_27960	6364	6165	125	5.69499
lcl|NC_052676.1_ncrna_XR_005576157.1_27961	1642	1443	228	44.3797
lcl|NC_052676.1_ncrna_XR_003268094.2_27962	1972	1773	4	0.633676
lcl|NC_052676.1_mrna_XM_039456670.1_27963	3592	3393	21	1.73841
lcl|NC_052676.1_mrna_XM_026138006.2_27964	2320	2121	3.60493	0.477389
lcl|NC_052676.1_miscrna_XR_003269081.2_27965	2487	2288	3.40547	0.418058
lcl|NC_052676.1_mrna_XM_039456671.1_27966	1318	1119	0	0
lcl|NC_052676.1_miscrna_XR_005576156.1_27967	1347	1148	0	0
lcl|NC_052676.1_mrna_XM_039456672.1_27968	1445	1246	2	0.450845
lcl|NC_052676.1_mrna_XM_039456673.1_27969	1010	811	0	0
lcl|NC_052676.1_mrna_XM_039456438.1_27970	1146	947	0	0
lcl|NC_052676.1_mrna_XM_039456439.1_27971	1220	1021	0	0
lcl|NC_052676.1_mrna_XM_039456436.1_27972	1135	936	0	0
lcl|NC_052676.1_mrna_XM_039456437.1_27973	1100	901	0	0
lcl|NC_052676.1_mrna_XM_039456440.1_27974	736	537	0	0
lcl|NC_052676.1_mrna_XM_039456428.1_27975	2793	2594	5.97597e-05	6.47075e-06
lcl|NC_052676.1_mrna_XM_039456427.1_27976	2778	2579	134.201	14.6157
lcl|NC_052676.1_mrna_XM_039456430.1_27977	2730	2531	3.45114e-05	3.82989e-06
lcl|NC_052676.1_mrna_XM_039456429.1_27978	2715	2516	111.981	12.5012
lcl|NC_052676.1_mrna_XM_039456431.1_27979	2658	2459	23.2879	2.66004
lcl|NC_052676.1_mrna_XM_039456424.1_27980	2515	2316	0	0
lcl|NC_052676.1_mrna_XM_039456426.1_27981	2880	2681	26.0121	2.72518
lcl|NC_052676.1_mrna_XM_039456425.1_27982	2654	2455	59.8448	6.84685
lcl|NC_052676.1_mrna_XM_039456423.1_27983	2711	2512	276.387	30.9039
lcl|NC_052676.1_mrna_XM_039456435.1_27984	1378	1179	29.899	7.12293
lcl|NC_052676.1_mrna_XM_039456434.1_27985	1333	1134	0	0
lcl|NC_052676.1_mrna_XM_039456433.1_27986	1316	1117	0	0
lcl|NC_052676.1_mrna_XM_039456432.1_27987	1294	1095	0	0
lcl|NC_052676.1_mrna_XM_026130784.2_27988	3868	3669	351	26.8705
lcl|NC_052676.1_mrna_XM_011174989.1_27989	1263	1064	0	0
lcl|NC_052676.1_mrna_XM_039456594.1_27990	25913	25714	0	0
lcl|NC_052676.1_mrna_XM_039456596.1_27991	23168	22969	6	0.0733711
lcl|NC_052676.1_mrna_XM_039456595.1_27992	26273	26074	0	0
lcl|NC_052676.1_mrna_XM_011174978.3_27993	15953	15754	0	0
lcl|NC_052676.1_mrna_XM_011174990.3_27994	2994	2795	0	0
lcl|NC_052676.1_mrna_XM_039456599.1_27995	2973	2774	0	0
lcl|NC_052676.1_mrna_XM_039456597.1_27996	4582	4383	0	0
lcl|NC_052676.1_mrna_XM_039456598.1_27997	2836	2637	0	0
lcl|NC_052676.1_mrna_XM_039456915.1_27998	5535	5336	0	0
lcl|NC_052676.1_mrna_XM_011174980.3_27999	5226	5027	0	0
lcl|NC_052676.1_mrna_XM_039456558.1_28000	4983	4784	0	0
lcl|NC_052676.1_mrna_XM_039456556.1_28001	5254	5055	0	0
lcl|NC_052676.1_mrna_XM_039456557.1_28002	5315	5116	0	0
lcl|NC_052676.1_mrna_XM_011174984.3_28003	2317	2118	8	1.06091
lcl|NC_052676.1_mrna_XM_011174983.3_28004	3734	3535	4.90521	0.389748
lcl|NC_052676.1_mrna_XM_011174982.3_28005	3737	3538	2.09479	0.166303
lcl|NC_052676.1_mrna_XM_039456371.1_28006	1948	1749	0	0
lcl|NC_052676.1_mrna_XM_011174981.3_28007	1533	1334	1511	318.144
lcl|NC_052676.1_mrna_XM_026137946.2_28008	2359	2160	819.741	106.595
lcl|NC_052676.1_mrna_XM_026137947.2_28009	2422	2223	969.259	122.466
lcl|NC_052676.1_mrna_XM_039456949.1_28010	809	610	0	0
lcl|NC_052676.1_trna_28011	72	3.52559	0	0
lcl|NC_052676.1_mrna_XM_011166116.3_28012	701	502	4	2.23806
lcl|NC_052676.1_mrna_XM_039456916.1_28013	966	767	0	0
lcl|NC_052676.1_mrna_XM_039456917.1_28014	288	89.0004	0	0
lcl|NC_052676.1_mrna_XM_039456570.1_28015	2266	2067	0.184023	0.0250062
lcl|NC_052676.1_mrna_XM_039456568.1_28016	2351	2152	0.196238	0.0256128
lcl|NC_052676.1_mrna_XM_011166121.3_28017	2378	2179	29.8243	3.8444
lcl|NC_052676.1_mrna_XM_011166120.3_28018	2463	2264	26.4076	3.27619
lcl|NC_052676.1_mrna_XM_039456567.1_28019	2541	2342	0	0
lcl|NC_052676.1_mrna_XM_011166119.3_28020	2096	1897	6.55802	0.971005
lcl|NC_052676.1_mrna_XM_011166117.3_28021	2213	2014	2.3216e-06	3.23775e-07
lcl|NC_052676.1_mrna_XM_011166118.3_28022	2142	1943	72.8298	10.5281
lcl|NC_052676.1_mrna_XM_039456569.1_28023	2296	2097	1.02559e-05	1.3737e-06
lcl|NC_052676.1_ncrna_XR_005576201.1_28024	1859	1660	1	0.169203
lcl|NC_052676.1_mrna_XM_011166122.3_28025	3209	3010	22.4844	2.09812
lcl|NC_052676.1_mrna_XM_011166123.3_28026	3189	2990	52.5156	4.93325
lcl|NC_052676.1_mrna_XM_011166124.3_28027	7759	7560	70	2.60071
lcl|NC_052676.1_mrna_XM_011166125.3_28028	931	732	426	163.461
lcl|NC_052676.1_mrna_XM_026139943.2_28029	8290	8091	36.7449	1.27559
lcl|NC_052676.1_mrna_XM_026139945.2_28030	8251	8052	3.68566	0.128566
lcl|NC_052676.1_mrna_XM_011166126.3_28031	8284	8085	77.3286	2.68643
lcl|NC_052676.1_miscrna_XR_003269343.2_28032	8318	8119	32.6907	1.13093
lcl|NC_052676.1_miscrna_XR_003269342.2_28033	7010	6811	4.63318	0.191066
lcl|NC_052676.1_mrna_XM_039456789.1_28034	2094	1895	0	0
lcl|NC_052676.1_mrna_XM_039456790.1_28035	2457	2258	7	0.870743
lcl|NC_052676.1_mrna_XM_011166131.3_28036	3860	3661	0	0
lcl|NC_052676.1_mrna_XM_039456795.1_28037	4058	3859	0	0
lcl|NC_052676.1_mrna_XM_011172010.3_28038	1701	1502	0	0
lcl|NC_052676.1_mrna_XM_039456798.1_28039	767	568	0	0
lcl|NC_052676.1_mrna_XM_039456796.1_28040	1961	1762	0	0
lcl|NC_052676.1_mrna_XM_039456797.1_28041	1737	1538	0	0
lcl|NC_052676.1_mrna_XM_039456786.1_28042	2337	2138	0	0
lcl|NC_052676.1_mrna_XM_039456785.1_28043	2735	2536	2.61016	0.28909
lcl|NC_052676.1_mrna_XM_039456799.1_28044	911	712	0	0
lcl|NC_052676.1_mrna_XM_039456788.1_28045	1852	1653	0	0
lcl|NC_052676.1_ncrna_XR_005576173.1_28046	2599	2400	0	0
lcl|NC_052676.1_mrna_XM_039456793.1_28047	1786	1587	0	0
lcl|NC_052676.1_mrna_XM_026136807.2_28048	1736	1537	0.0621964	0.011366
lcl|NC_052676.1_mrna_XM_026136808.2_28049	1847	1648	14.2986	2.43698
lcl|NC_052676.1_mrna_XM_039456794.1_28050	1617	1418	3.63921	0.720853
lcl|NC_052676.1_mrna_XM_039456800.1_28051	3071	2872	0	0
lcl|NC_052676.1_mrna_XM_039456792.1_28052	2740	2541	0	0
lcl|NC_052676.1_mrna_XM_039456791.1_28053	2054	1855	4	0.605664
lcl|NC_052676.1_ncrna_XR_005576172.1_28054	616	417	1	0.673565
lcl|NC_052676.1_mrna_XM_011172014.3_28055	2848	2649	0.998368	0.105858
lcl|NC_052676.1_mrna_XM_011172013.3_28056	2865	2666	0.00163218	0.000171959
lcl|NC_052676.1_mrna_XM_026136800.2_28057	2088	1889	0	0
lcl|NC_052676.1_mrna_XM_011172015.3_28058	3394	3195	532.523	46.8148
lcl|NC_052676.1_mrna_XM_039456787.1_28059	2090	1891	3.47662	0.516394
lcl|NC_052676.1_mrna_XM_011172016.3_28060	964	765	1	0.367159
lcl|NC_052676.1_mrna_XM_011172017.3_28061	3092	2893	453	43.981
lcl|NC_052676.1_mrna_XM_011172018.3_28062	7600	7401	0	0
lcl|NC_052676.1_mrna_XM_039456590.1_28063	7095	6896	0	0
lcl|NC_052676.1_mrna_XM_011172020.3_28064	2425	2226	368	46.4342
lcl|NC_052676.1_ncrna_XR_005576110.1_28065	428	229	0	0
lcl|NC_052676.1_mrna_XM_011172022.3_28066	3643	3444	3	0.244666
lcl|NC_052676.1_mrna_XM_011172027.3_28067	1748	1549	503	91.2079
lcl|NC_052676.1_mrna_XM_011172026.3_28068	625	426	3	1.978
lcl|NC_052676.1_mrna_XM_011172025.3_28069	1901	1702	536	88.4547
lcl|NC_052676.1_mrna_XM_039456358.1_28070	2859	2660	9.2954	0.981527
lcl|NC_052676.1_mrna_XM_039456357.1_28071	3708	3509	84.7293	6.78212
lcl|NC_052676.1_mrna_XM_011172023.3_28072	3653	3454	65.9411	5.36228
lcl|NC_052676.1_mrna_XM_011172024.3_28073	3665	3466	2.03429	0.164854
lcl|NC_052676.1_mrna_XM_026136803.2_28074	3150	2951	0.000196951	1.87458e-05
lcl|NC_052676.1_mrna_XM_026136804.2_28075	3114	2915	43.7522	4.21577
lcl|NC_052676.1_mrna_XM_039456364.1_28076	10598	10399	129.248	3.49097
lcl|NC_052676.1_mrna_XM_039456365.1_28077	7307	7108	2	0.0790311
lcl|NC_052676.1_mrna_XM_011172030.3_28078	4535	4336	1.02626	0.0664787
lcl|NC_052676.1_mrna_XM_026136810.2_28079	3482	3283	0	0
lcl|NC_052676.1_mrna_XM_039456740.1_28080	3365	3166	0	0
lcl|NC_052676.1_mrna_XM_039456741.1_28081	2915	2716	0	0
lcl|NC_052676.1_mrna_XM_026136793.2_28082	3306	3107	27	2.44083
lcl|NC_052676.1_mrna_XM_011172034.3_28083	3456	3257	0	0
lcl|NC_052676.1_mrna_XM_026136792.2_28084	3510	3311	0	0
lcl|NC_052676.1_mrna_XM_011172033.3_28085	2766	2567	11	1.2036
lcl|NC_052676.1_mrna_XM_039456356.1_28086	3406	3207	0	0
lcl|NC_052676.1_mrna_XM_039456355.1_28087	2560	2361	0	0
lcl|NC_052676.1_mrna_XM_011171927.3_28088	1833	1634	1.56814	0.269555
lcl|NC_052676.1_mrna_XM_039456353.1_28089	1468	1269	0	0
lcl|NC_052676.1_mrna_XM_039456918.1_28090	681	482	0	0
lcl|NC_052676.1_mrna_XM_039456577.1_28091	7351	7152	3.15647	0.123962
lcl|NC_052676.1_mrna_XM_039456578.1_28092	7341	7142	12.8435	0.505103
lcl|NC_052676.1_mrna_XM_039456710.1_28093	7555	7356	2	0.0763667
lcl|NC_052676.1_mrna_XM_026139745.1_28094	465	266	0	0
lcl|NC_052676.1_mrna_XM_039456920.1_28095	927	728	0	0
lcl|NC_052676.1_mrna_XM_039456921.1_28096	1464	1265	0	0
lcl|NC_052676.1_mrna_XM_039456922.1_28097	1950	1751	0	0
lcl|NC_052676.1_mrna_XM_039456923.1_28098	3810	3611	0	0
lcl|NC_052676.1_mrna_XM_011158836.3_28099	1445	1246	1842	415.229
lcl|NC_052676.1_mrna_XM_026138127.2_28100	771	572	1750.29	859.47
lcl|NC_052676.1_mrna_XM_039456420.1_28101	1265	1066	353.707	93.197
lcl|NC_052676.1_mrna_XM_011158837.3_28102	16870	16671	43.3354	0.730124
lcl|NC_052676.1_mrna_XM_011158865.3_28103	2158	1959	1.05882	0.151811
lcl|NC_052676.1_mrna_XM_039456950.1_28104	2500	2301	1	0.122067
lcl|NC_052676.1_ncrna_XR_005576181.1_28105	739	540	0	0
lcl|NC_052676.1_mrna_XM_039456855.1_28106	2347	2148	0	0
lcl|NC_052676.1_miscrna_XR_005576210.1_28107	2554	2355	0	0
lcl|NC_052676.1_miscrna_XR_005576209.1_28108	2517	2318	0	0
lcl|NC_052676.1_mrna_XM_039456857.1_28109	2429	2230	0	0
lcl|NC_052676.1_mrna_XM_039456858.1_28110	9718	9519	9	0.265563
lcl|NC_052676.1_mrna_XM_026138132.2_28111	9948	9749	0	0
lcl|NC_052676.1_mrna_XM_026138136.2_28112	10380	10181	0	0
lcl|NC_052676.1_mrna_XM_026138135.2_28113	10389	10190	0	0
lcl|NC_052676.1_mrna_XM_039456859.1_28114	10371	10172	0	0
lcl|NC_052676.1_mrna_XM_039456862.1_28115	1468	1269	0	0
lcl|NC_052676.1_mrna_XM_039456861.1_28116	4680	4481	0	0
lcl|NC_052676.1_mrna_XM_026138130.2_28117	4436	4237	3	0.198874
lcl|NC_052676.1_miscrna_XR_005576231.1_28118	1834	1635	1	0.17179
lcl|NC_052676.1_mrna_XM_039456635.1_28119	1313	1114	318	80.1784
lcl|NC_052676.1_mrna_XM_039456633.1_28120	3906	3707	53.7541	4.07291
lcl|NC_052676.1_mrna_XM_039456634.1_28121	3857	3658	183.246	14.0704
lcl|NC_052676.1_mrna_XM_039456631.1_28122	9593	9394	99.7334	2.98199
lcl|NC_052676.1_mrna_XM_039456632.1_28123	8150	7951	0	0
lcl|NC_052676.1_mrna_XM_039456630.1_28124	8078	7879	13.2666	0.472939
lcl|NC_052676.1_mrna_XM_011158842.3_28125	2470	2271	501	61.9636
lcl|NC_052676.1_mrna_XM_011158841.3_28126	1574	1375	48.4297	9.89293
lcl|NC_052676.1_mrna_XM_039456636.1_28127	1307	1108	24.8535	6.30033
lcl|NC_052676.1_mrna_XM_039456637.1_28128	933	734	147.717	56.5262
lcl|NC_052676.1_mrna_XM_026138788.2_28129	10059	9860	42	1.19643
lcl|NC_052676.1_mrna_XM_039456638.1_28130	10074	9875	0	0
lcl|NC_052676.1_ncrna_XR_003269161.2_28131	656	457	15.9289	9.79006
lcl|NC_052676.1_mrna_XM_039456639.1_28132	1813	1614	3.03711	0.528534
lcl|NC_052676.1_mrna_XM_011158844.3_28133	1034	835	27.9361	9.39712
lcl|NC_052676.1_mrna_XM_026138790.2_28134	1275	1076	102.748	26.8211
lcl|NC_052676.1_mrna_XM_011158845.3_28135	1290	1091	389.803	100.354
lcl|NC_052676.1_mrna_XM_039456641.1_28136	1272	1073	0	0
lcl|NC_052676.1_mrna_XM_039456640.1_28137	1204	1005	0	0
lcl|NC_052676.1_mrna_XM_011158847.3_28138	1197	998	71.476	20.1162
lcl|NC_052676.1_mrna_XM_011158849.3_28139	1362	1163	16.6807	4.02856
lcl|NC_052676.1_mrna_XM_011158850.3_28140	1481	1282	32.3193	7.08093
lcl|NC_052676.1_mrna_XM_011158848.3_28141	1124	925	63	19.13
lcl|NC_052676.1_mrna_XM_011158852.3_28142	2354	2155	213.264	27.7962
lcl|NC_052676.1_mrna_XM_039456642.1_28143	2219	2020	0.0276644	0.00384668
lcl|NC_052676.1_mrna_XM_026138791.2_28144	1182	983	338.709	96.7807
lcl|NC_052676.1_mrna_XM_011158855.3_28145	3487	3288	359.075	30.6739
lcl|NC_052676.1_mrna_XM_039456644.1_28146	3439	3240	36.2606	3.14345
lcl|NC_052676.1_mrna_XM_011158854.3_28147	3499	3300	446.224	37.98
lcl|NC_052676.1_mrna_XM_011158856.3_28148	3469	3270	49.4406	4.2467
lcl|NC_052676.1_mrna_XM_039456652.1_28149	1824	1625	0	0
lcl|NC_052676.1_mrna_XM_039456661.1_28150	2008	1809	0.00268285	0.000416555
lcl|NC_052676.1_mrna_XM_039456651.1_28151	2056	1857	88.0443	13.317
lcl|NC_052676.1_mrna_XM_039456654.1_28152	2051	1852	56.4715	8.56455
lcl|NC_052676.1_mrna_XM_039456659.1_28153	2003	1804	0	0
lcl|NC_052676.1_mrna_XM_039456656.1_28154	2045	1846	0	0
lcl|NC_052676.1_mrna_XM_039456658.1_28155	2009	1810	0	0
lcl|NC_052676.1_mrna_XM_039456655.1_28156	2051	1852	0	0
lcl|NC_052676.1_mrna_XM_039456660.1_28157	1967	1768	16.5347	2.62682
lcl|NC_052676.1_mrna_XM_039456657.1_28158	2009	1810	0.00154123	0.000239169
lcl|NC_052676.1_mrna_XM_039456653.1_28159	2051	1852	0	0
lcl|NC_052676.1_mrna_XM_039456649.1_28160	2093	1894	0	0
lcl|NC_052676.1_mrna_XM_039456646.1_28161	1647	1448	14.5293	2.81833
lcl|NC_052676.1_mrna_XM_039456645.1_28162	1777	1578	0	0
lcl|NC_052676.1_mrna_XM_039456648.1_28163	1600	1401	1793.29	359.524
lcl|NC_052676.1_mrna_XM_039456647.1_28164	1693	1494	377.18	70.9111
lcl|NC_052676.1_mrna_XM_039456924.1_28165	648	449	0	0
lcl|NC_052676.1_mrna_XM_039456846.1_28166	7181	6982	7.25313	0.291784
lcl|NC_052676.1_mrna_XM_039456847.1_28167	6492	6293	0	0
lcl|NC_052676.1_mrna_XM_026138805.2_28168	6350	6151	46.7189	2.13335
lcl|NC_052676.1_mrna_XM_026138808.2_28169	4272	4073	55.7719	3.84606
lcl|NC_052676.1_mrna_XM_026138806.2_28170	6305	6106	8.44015e-06	3.88248e-07
lcl|NC_052676.1_mrna_XM_026138807.2_28171	6252	6053	2.7777e-05	1.28894e-06
lcl|NC_052676.1_mrna_XM_039456849.1_28172	5989	5790	47.4959	2.30406
lcl|NC_052676.1_ncrna_XR_005576206.1_28173	976	777	0	0
lcl|NC_052676.1_mrna_XM_011158861.3_28174	5060	4861	12.9077	0.745827
lcl|NC_052676.1_mrna_XM_011158862.3_28175	5035	4836	46.6741	2.71085
lcl|NC_052676.1_ncrna_XR_003269162.2_28176	3076	2877	15	1.46442
lcl|NC_052676.1_ncrna_XR_005576203.1_28177	3976	3777	3	0.223095
lcl|NC_052676.1_ncrna_XR_005576204.1_28178	4077	3878	0	0
lcl|NC_052676.1_ncrna_XR_005576202.1_28179	4952	4753	0	0
lcl|NC_052676.1_ncrna_XR_005576205.1_28180	1359	1160	0	0
lcl|NC_052676.1_mrna_XM_039456687.1_28181	1970	1771	0	0
lcl|NC_052676.1_mrna_XM_026136187.2_28182	1838	1639	81.5499	13.9753
lcl|NC_052676.1_mrna_XM_039456688.1_28183	1525	1326	2.17166	0.460007
lcl|NC_052676.1_mrna_XM_039456407.1_28184	1802	1603	1.75502e-07	3.07513e-08
lcl|NC_052676.1_mrna_XM_039456410.1_28185	1779	1580	0.346375	0.0615751
lcl|NC_052676.1_mrna_XM_039456408.1_28186	2019	1820	0	0
lcl|NC_052676.1_mrna_XM_039456406.1_28187	1897	1698	0	0
lcl|NC_052676.1_mrna_XM_039456409.1_28188	1778	1579	0.653625	0.116268
lcl|NC_052676.1_mrna_XM_011175803.3_28189	1286	1087	0	0
lcl|NC_052676.1_mrna_XM_039456412.1_28190	1782	1583	0	0
lcl|NC_052676.1_mrna_XM_039456413.1_28191	1718	1519	0	0
lcl|NC_052676.1_mrna_XM_039456415.1_28192	1705	1506	1	0.186505
lcl|NC_052676.1_mrna_XM_039456414.1_28193	1783	1584	0	0
lcl|NC_052676.1_mrna_XM_039456416.1_28194	1624	1425	0	0
lcl|NC_052676.1_miscrna_XR_005576125.1_28195	1345	1146	0	0
lcl|NC_052676.1_mrna_XM_039456419.1_28196	1102	903	0	0
lcl|NC_052676.1_mrna_XM_039456418.1_28197	598	399	0	0
lcl|NC_052676.1_mrna_XM_039456925.1_28198	5019	4820	0	0
lcl|NC_052676.1_mrna_XM_039456927.1_28199	1749	1550	5.04419	0.914061
lcl|NC_052676.1_mrna_XM_026140369.2_28200	1717	1518	2.75614	0.509971
lcl|NC_052676.1_mrna_XM_039456417.1_28201	2582	2383	5.76558	0.679571
lcl|NC_052676.1_mrna_XM_026140366.2_28202	4606	4407	55.0144	3.5063
lcl|NC_052676.1_miscrna_XR_005576140.1_28203	4120	3921	0.000621977	4.45547e-05
lcl|NC_052676.1_mrna_XM_011169331.3_28204	4057	3858	0.0819454	0.00596593
lcl|NC_052676.1_mrna_XM_011169330.3_28205	4141	3942	87.531	6.23679
lcl|NC_052676.1_mrna_XM_026140367.2_28206	3965	3766	47.4927	3.54211
lcl|NC_052676.1_mrna_XM_039456559.1_28207	4097	3898	32.3	2.32743
lcl|NC_052676.1_miscrna_XR_005576141.1_28208	4061	3862	0.00961509	0.000699289
lcl|NC_052676.1_mrna_XM_039456386.1_28209	816	617	23.9526	10.9039
lcl|NC_052676.1_mrna_XM_026140364.2_28210	706	507	182.067	100.865
lcl|NC_052676.1_mrna_XM_039456388.1_28211	1625	1426	14.9805	2.95068
lcl|NC_052676.1_mrna_XM_039456385.1_28212	1273	1074	0	0
lcl|NC_052676.1_mrna_XM_039456387.1_28213	1157	958	0	0
lcl|NC_052676.1_mrna_XM_011169334.3_28214	2247	2048	221	30.3094
lcl|NC_052676.1_mrna_XM_011169335.3_28215	6502	6303	72	3.20849
lcl|NC_052676.1_mrna_XM_039456928.1_28216	2645	2446	194	22.2772
lcl|NC_052676.1_mrna_XM_011169337.3_28217	947	748	712	267.359
lcl|NC_052676.1_mrna_XM_011169338.3_28218	1682	1483	1858	351.901
lcl|NC_052676.1_mrna_XM_011169342.3_28219	3485	3286	276.388	23.6247
lcl|NC_052676.1_mrna_XM_011169341.3_28220	2908	2709	380.928	39.4956
lcl|NC_052676.1_mrna_XM_011169339.3_28221	3322	3123	375.685	33.7884
lcl|NC_052676.1_mrna_XM_026138158.2_28222	2201	2002	69.9065	9.80775
lcl|NC_052676.1_mrna_XM_039456551.1_28223	872	673	0	0
lcl|NC_052676.1_mrna_XM_039456561.1_28224	1211	1012	303.448	84.2208
lcl|NC_052676.1_mrna_XM_039456562.1_28225	528	329	18.4925	15.7875
lcl|NC_052676.1_mrna_XM_039456443.1_28226	3716	3517	168.421	13.4506
lcl|NC_052676.1_mrna_XM_039456444.1_28227	3705	3506	5.97166e-08	4.78408e-09
lcl|NC_052676.1_mrna_XM_039456442.1_28228	3509	3310	33.5787	2.84938
lcl|NC_052676.1_mrna_XM_039456441.1_28229	2913	2714	0	0
lcl|NC_052676.1_mrna_XM_039456935.1_28230	1161	962	0	0
lcl|NC_052676.1_mrna_XM_039456936.1_28231	891	692	0	0
lcl|NC_052676.1_mrna_XM_039456755.1_28232	1316	1117	0.339444	0.0853554
lcl|NC_052676.1_mrna_XM_039456937.1_28233	703	504	0	0
lcl|NC_052676.1_mrna_XM_011171657.1_28234	456	257	0	0
lcl|NC_052676.1_mrna_XM_011171655.2_28235	408	209	0	0
lcl|NC_052676.1_mrna_XM_039456940.1_28236	484	285	0	0
lcl|NC_052676.1_mrna_XM_039456938.1_28237	957	758	0	0
lcl|NC_052676.1_mrna_XM_011166690.1_28238	585	386	0	0
lcl|NC_052676.1_mrna_XM_039456939.1_28239	2676	2477	1	0.113394
lcl|NC_052676.1_mrna_XM_039456941.1_28240	2094	1895	0	0
lcl|NC_052676.1_mrna_XM_011173929.1_28241	459	260	0	0
lcl|NC_052676.1_mrna_XM_011173928.2_28242	966	767	0	0
lcl|NC_052676.1_mrna_XM_011173927.1_28243	630	431	0	0
lcl|NC_052676.1_mrna_XM_011173926.1_28244	948	749	0	0
lcl|NC_052676.1_mrna_XM_011176245.1_28245	534	335	0	0
lcl|NC_052676.1_mrna_XM_039456942.1_28246	2277	2078	0	0
lcl|NC_052676.1_mrna_XM_026142069.2_28247	1632	1433	0	0
lcl|NC_052676.1_mrna_XM_026139480.1_28248	1161	962	0	0
lcl|NC_052676.1_mrna_XM_011168214.2_28249	963	764	0	0
lcl|NC_052676.1_mrna_XM_011159776.2_28250	1275	1076	0	0
lcl|NC_052676.1_mrna_XM_039456943.1_28251	906	707	0	0
lcl|NC_052676.1_mrna_XM_039456944.1_28252	3921	3722	0	0
lcl|NC_052676.1_mrna_XM_039456945.1_28253	5928	5729	0	0
lcl|NC_052676.1_mrna_XM_026132378.2_28254	1188	989	0	0
lcl|NC_052676.1_mrna_XM_039456447.1_28255	642	443	0	0
lcl|NC_052676.1_mrna_XM_011176373.3_28256	1275	1076	0	0
lcl|NC_052676.1_mrna_XM_039456591.1_28257	597	398	0	0
lcl|NC_052676.1_mrna_XM_039456449.1_28258	5184	4985	0	0
lcl|NC_052676.1_ncrna_XR_005576109.1_28259	401	202	0	0
lcl|NC_052676.1_mrna_XM_039456712.1_28260	3427	3228	0	0
lcl|NC_052676.1_ncrna_XR_005576237.1_28261	541	342	0	0
lcl|NC_052676.1_mrna_XM_039456450.1_28262	1422	1223	0	0
lcl|NC_052676.1_mrna_XM_026139257.2_28263	1338	1139	0	0
lcl|NC_052676.1_mrna_XM_039456811.1_28264	1248	1049	0	0
lcl|NC_052676.1_ncrna_XR_005576178.1_28265	197	15.5846	0	0
lcl|NC_052676.1_mrna_XM_011163923.2_28266	1530	1331	0	0
lcl|NC_052676.1_mrna_XM_011163909.1_28267	933	734	0	0
lcl|NC_052676.1_mrna_XM_039456784.1_28268	864	665	0	0
lcl|NC_052676.1_mrna_XM_039456453.1_28269	3012	2813	0	0
lcl|NC_052676.1_mrna_XM_039456454.1_28270	1518	1319	0	0
lcl|NC_052676.1_mrna_XM_039456456.1_28271	957	758	0	0
lcl|NC_052676.1_mrna_XM_039456592.1_28272	4921	4722	0	0
lcl|NC_052676.1_mrna_XM_039456457.1_28273	1908	1709	0	0
lcl|NC_052676.1_mrna_XM_039456458.1_28274	1920	1721	0	0
lcl|NC_052676.1_mrna_XM_039456459.1_28275	1029	830	1	0.338406
lcl|NC_052676.1_mrna_XM_011173596.1_28276	1128	929	0	0
lcl|NC_052676.1_mrna_XM_039456714.1_28277	883	684	0	0
lcl|NC_052676.1_mrna_XM_039456863.1_28278	936	737	0	0
lcl|NC_052676.1_mrna_XM_039456461.1_28279	447	248	0	0
lcl|NC_052676.1_mrna_XM_011163113.2_28280	936	737	0	0
lcl|NC_052676.1_mrna_XM_039456389.1_28281	2285	2086	14	1.88508
lcl|NC_052676.1_mrna_XM_026139865.1_28282	687	488	0	0
lcl|NC_052676.1_mrna_XM_011174463.3_28283	6233	6034	0	0
lcl|NC_052676.1_mrna_XM_011176325.3_28284	1966	1767	0	0
lcl|NC_052676.1_mrna_XM_011162585.1_28285	834	635	0	0
lcl|NC_052676.1_mrna_XM_011162586.1_28286	762	563	0	0
lcl|NC_052676.1_mrna_XM_011162587.2_28287	987	788	0	0
lcl|NC_052676.1_mrna_XM_039456463.1_28288	425	226	0	0
lcl|NC_052676.1_mrna_XM_039456464.1_28289	519	320	0	0
lcl|NC_052676.1_mrna_XM_039456466.1_28290	381	182	0	0
lcl|NC_052676.1_mrna_XM_039456467.1_28291	427	228	0	0
lcl|NC_052676.1_mrna_XM_039456468.1_28292	1821	1622	0	0
lcl|NC_052676.1_mrna_XM_039456469.1_28293	1365	1166	0	0
lcl|NC_052676.1_mrna_XM_026131452.1_28294	1170	971	0	0
lcl|NC_052676.1_mrna_XM_039456471.1_28295	2802	2603	0	0
lcl|NC_052676.1_mrna_XM_011171877.1_28296	516	317	0	0
lcl|NC_052676.1_mrna_XM_011171878.1_28297	414	215	0	0
lcl|NC_052676.1_mrna_XM_039456472.1_28298	2634	2435	0	0
lcl|NC_052676.1_mrna_XM_011171881.2_28299	1173	974	0	0
lcl|NC_052676.1_mrna_XM_039456474.1_28300	1965	1766	0	0
lcl|NC_052676.1_mrna_XM_039456475.1_28301	441	242	0	0
lcl|NC_052676.1_mrna_XM_039456476.1_28302	1944	1745	0	0
lcl|NC_052676.1_miscrna_XR_005576143.1_28303	2187	1988	1	0.141286
lcl|NC_052676.1_mrna_XM_039456585.1_28304	1716	1517	0	0
lcl|NC_052676.1_mrna_XM_026141580.2_28305	1166	967	0	0
lcl|NC_052676.1_mrna_XM_026140064.2_28306	1230	1031	117.163	31.9188
lcl|NC_052676.1_mrna_XM_039456477.1_28307	3129	2930	0	0
lcl|NC_052676.1_mrna_XM_039456479.1_28308	516	317	0	0
lcl|NC_052676.1_mrna_XM_039456552.1_28309	1386	1187	1	0.236627
lcl|NC_052676.1_mrna_XM_039456480.1_28310	957	758	0	0
lcl|NC_052676.1_mrna_XM_039456604.1_28311	1998	1799	0	0
lcl|NC_052676.1_mrna_XM_039456603.1_28312	2013	1814	0	0
lcl|NC_052676.1_mrna_XM_039456602.1_28313	2101	1902	0	0
lcl|NC_052676.1_miscrna_XR_005576144.1_28314	1659	1460	2	0.384763
lcl|NC_052676.1_mrna_XM_039456605.1_28315	1246	1047	0	0
lcl|NC_052676.1_mrna_XM_039456715.1_28316	793	594	0	0
lcl|NC_052676.1_mrna_XM_039456517.1_28317	2542	2343	12.0479	1.44429
lcl|NC_052676.1_mrna_XM_039456519.1_28318	1529	1330	0	0
lcl|NC_052676.1_mrna_XM_039456518.1_28319	1510	1311	647.952	138.821
lcl|NC_052676.1_mrna_XM_039456717.1_28320	2013	1814	1	0.154838
lcl|NC_052676.1_mrna_XM_039456716.1_28321	2384	2185	0	0
lcl|NC_052676.1_mrna_XM_039456481.1_28322	2262	2063	0	0
lcl|NC_052676.1_mrna_XM_039456482.1_28323	1665	1466	0	0
lcl|NC_052676.1_mrna_XM_011169378.1_28324	1101	902	0	0
lcl|NC_052676.1_mrna_XM_011169377.2_28325	726	527	0	0
lcl|NC_052676.1_mrna_XM_011169376.1_28326	744	545	0	0
lcl|NC_052676.1_mrna_XM_011173223.1_28327	957	758	0	0
lcl|NC_052676.1_mrna_XM_039456483.1_28328	918	719	0	0
lcl|NC_052676.1_mrna_XM_039456485.1_28329	748	549	0	0
lcl|NC_052676.1_mrna_XM_039456486.1_28330	667	468	1.00151	0.60107
lcl|NC_052676.1_mrna_XM_039456600.1_28331	1975	1776	0	0
lcl|NC_052676.1_mrna_XM_039456601.1_28332	2317	2118	0	0
lcl|NC_052676.1_mrna_XM_039456946.1_28333	585	386	0	0
lcl|NC_052676.1_mrna_XM_011164074.2_28334	936	737	0	0
lcl|NC_052676.1_mrna_XM_039456487.1_28335	912	713	0	0
lcl|NC_052676.1_mrna_XM_039456488.1_28336	3429	3230	0	0
lcl|NC_052676.1_mrna_XM_011172804.1_28337	1275	1076	0	0
lcl|NC_052676.1_mrna_XM_039456676.1_28338	2665	2466	5.88763e-08	6.70599e-09
lcl|NC_052676.1_mrna_XM_039456677.1_28339	1019	820	0	0
lcl|NC_052676.1_mrna_XM_039456678.1_28340	1496	1297	0	0
lcl|NC_052676.1_mrna_XM_039456802.1_28341	1501	1302	0	0
lcl|NC_052676.1_mrna_XM_039456801.1_28342	1433	1234	4.03135	0.917596
lcl|NC_052676.1_mrna_XM_039456810.1_28343	491	292	0	0
lcl|NC_052676.1_mrna_XM_026141767.2_28344	3345	3146	0	0
lcl|NC_052676.1_mrna_XM_026141768.1_28345	1836	1637	0	0
lcl|NC_052676.1_mrna_XM_039456489.1_28346	2652	2453	0	0
lcl|NC_052676.1_mrna_XM_026141696.2_28347	3291	3092	1	0.0908398
lcl|NC_052676.1_mrna_XM_039456805.1_28348	1365	1166	2	0.481778
lcl|NC_052676.1_mrna_XM_039456490.1_28349	4698	4499	2.66056	0.166101
lcl|NC_052676.1_mrna_XM_039456491.1_28350	546	347	0	0
lcl|NC_052676.1_mrna_XM_039456492.1_28351	786	587	0	0
lcl|NC_052676.1_mrna_XM_039456493.1_28352	2922	2723	2	0.206299
lcl|NC_052676.1_ncrna_XR_005576175.1_28353	239	41.1625	0.64527	4.40307
lcl|NC_052676.1_mrna_XM_011165865.3_28354	834	635	0	0
lcl|NC_052676.1_mrna_XM_039456494.1_28355	549	350	0	0
lcl|NC_052676.1_mrna_XM_039456495.1_28356	2517	2318	0	0
lcl|NC_052676.1_mrna_XM_039456496.1_28357	636	437	0	0
lcl|NC_052676.1_miscrna_XR_005576174.1_28358	6257	6058	0	0
lcl|NC_052676.1_mrna_XM_039456804.1_28359	3911	3712	1	0.0756672
lcl|NC_052676.1_mrna_XM_039456806.1_28360	937	738	1	0.380592
lcl|NC_052676.1_mrna_XM_039456803.1_28361	7626	7427	3.35979	0.127062
lcl|NC_052676.1_mrna_XM_039456809.1_28362	2115	1916	0	0
lcl|NC_052676.1_ncrna_XR_005576177.1_28363	1353	1154	1	0.243394
lcl|NC_052676.1_mrna_XM_039456497.1_28364	1911	1712	0	0
lcl|NC_052676.1_mrna_XM_039456498.1_28365	2331	2132	0	0
lcl|NC_052676.1_mrna_XM_039456499.1_28366	835	636	0	0
lcl|NC_052676.1_mrna_XM_039456807.1_28367	1240	1041	0	0
lcl|NC_052676.1_mrna_XM_039456808.1_28368	1102	903	2	0.622097
lcl|NC_052676.1_ncrna_XR_005576176.1_28369	462	263	0	0
lcl|NC_052676.1_mrna_XM_011171210.3_28370	7242	7043	34.0018	1.356
lcl|NC_052676.1_mrna_XM_039456381.1_28371	4107	3908	466	33.4925
lcl|NC_052676.1_mrna_XM_026140221.2_28372	3170	2971	456.808	43.1864
lcl|NC_052676.1_miscrna_XR_003269373.1_28373	3159	2960	118.122	11.2087
lcl|NC_052676.1_miscrna_XR_003269374.1_28374	3069	2870	0	0
lcl|NC_052676.1_mrna_XM_026140222.2_28375	2674	2475	7.0167	0.796294
lcl|NC_052676.1_mrna_XM_026140224.2_28376	2040	1841	0	0
lcl|NC_052676.1_mrna_XM_026140223.2_28377	1221	1022	12.0531	3.31255
lcl|NC_052676.1_mrna_XM_039456535.1_28378	1604	1405	0	0
lcl|NC_052676.1_mrna_XM_026140230.2_28379	1886	1687	2998	499.151
lcl|NC_052676.1_mrna_XM_039456383.1_28380	934	735	0	0
lcl|NC_052676.1_mrna_XM_026140232.2_28381	1179	980	16.0892	4.61131
lcl|NC_052676.1_mrna_XM_039456384.1_28382	1692	1493	345.008	64.906
lcl|NC_052676.1_mrna_XM_011171209.3_28383	3675	3476	614.141	49.6254
lcl|NC_052676.1_miscrna_XR_851105.3_28384	3315	3116	229.859	20.7196
lcl|NC_052676.1_mrna_XM_026140229.2_28385	1677	1478	1284	244.009
lcl|NC_052676.1_mrna_XM_039456500.1_28386	1481	1282	721.34	158.04
lcl|NC_052676.1_mrna_XM_026139883.2_28387	2769	2570	1048.7	114.613
lcl|NC_052676.1_mrna_XM_026139884.2_28388	2742	2543	129.78	14.3344
lcl|NC_052676.1_mrna_XM_039456955.1_28389	2647	2448	26.525	3.0434
lcl|NC_052676.1_mrna_XM_026139885.2_28390	2648	2449	76.9978	8.83091
lcl|NC_052676.1_mrna_XM_039456956.1_28391	1087	888	6	1.89782
lcl|NC_052676.1_mrna_XM_026139894.2_28392	4832	4633	100	6.06252
lcl|NC_052676.1_mrna_XM_026139876.2_28393	2459	2260	32.3967	4.02631
lcl|NC_052676.1_mrna_XM_026139877.2_28394	1896	1697	3.9553e-08	6.54656e-09
lcl|NC_052676.1_mrna_XM_011163212.3_28395	2133	1934	232.798	33.8094
lcl|NC_052676.1_mrna_XM_011163214.3_28396	1930	1731	20.6166	3.3453
lcl|NC_052676.1_miscrna_XR_005576127.1_28397	2193	1994	30.1891	4.25246
lcl|NC_052676.1_mrna_XM_011163217.3_28398	1466	1267	451	99.9806
lcl|NC_052676.1_mrna_XM_011163215.3_28399	1748	1549	0	0
lcl|NC_052676.1_mrna_XM_039456422.1_28400	1574	1375	32	6.53677
lcl|NC_052676.1_mrna_XM_039456589.1_28401	1617	1418	8.56919	1.69738
lcl|NC_052676.1_mrna_XM_039456588.1_28402	1525	1326	0.00416136	0.00088147
lcl|NC_052676.1_mrna_XM_039456587.1_28403	1626	1427	354.297	69.7364
lcl|NC_052676.1_mrna_XM_026139874.2_28404	1795	1596	389.07	68.4716
lcl|NC_052676.1_mrna_XM_011163219.3_28405	1652	1453	122.423	23.6653
lcl|NC_052676.1_mrna_XM_011163218.3_28406	1638	1439	182.013	35.527
lcl|NC_052676.1_mrna_XM_011163220.3_28407	1003	804	21.4941	7.50896
lcl|NC_052676.1_mrna_XM_039456550.1_28408	958	759	0	0
lcl|NC_052676.1_mrna_XM_011163226.3_28409	687	488	8	4.60454
lcl|NC_052676.1_mrna_XM_039456537.1_28410	1500	1301	1959.56	423.056
lcl|NC_052676.1_mrna_XM_011163222.3_28411	1558	1359	1136.44	234.877
lcl|NC_052676.1_mrna_XM_026139880.2_28412	1460	1261	172.668	38.4603
lcl|NC_052676.1_mrna_XM_039456555.1_28413	1950	1751	147	23.5802
lcl|NC_052676.1_ncrna_XR_005576139.1_28414	1482	1283	1	0.218922
lcl|NC_052676.1_mrna_XM_039456864.1_28415	2029	1830	1.24126	0.190515
lcl|NC_052676.1_mrna_XM_039456742.1_28416	1087	888	1	0.316303
lcl|NC_052676.1_mrna_XM_039456575.1_28417	1182	983	43.5855	12.4539
lcl|NC_052676.1_mrna_XM_039456574.1_28418	1144	945	342.643	101.842
lcl|NC_052676.1_mrna_XM_039456576.1_28419	1015	816	0	0
lcl|NC_052676.1_mrna_XM_039456571.1_28420	1202	1003	313.103	87.6803
lcl|NC_052676.1_mrna_XM_039456572.1_28421	1044	845	0	0
lcl|NC_052676.1_mrna_XM_026140197.2_28422	2146	1947	8156	1176.59
lcl|NC_052676.1_mrna_XM_039456359.1_28423	4254	4055	2.50816	0.173732
lcl|NC_052676.1_mrna_XM_011168766.3_28424	2700	2501	159.492	17.9119
lcl|NC_052676.1_ncrna_XR_005576112.1_28425	1045	846	1	0.332006
lcl|NC_052676.1_mrna_XM_011168761.3_28426	609	410	1	0.685065
lcl|NC_052676.1_mrna_XM_026140200.2_28427	597	398	1	0.70572
lcl|NC_052676.1_ncrna_XR_005576113.1_28428	4095	3896	2.00102	0.144261
lcl|NC_052676.1_ncrna_XR_005576111.1_28429	1936	1737	1.26981	0.205331
lcl|NC_052676.1_mrna_XM_039456501.1_28430	879	680	0.120655	0.0498371
lcl|NC_052676.1_mrna_XM_026140198.2_28431	2066	1867	2	0.300886
lcl|NC_052676.1_ncrna_XR_005576239.1_28432	423	224	0	0
lcl|NC_052676.1_mrna_XM_039456666.1_28433	1562	1363	0	0
lcl|NC_052676.1_mrna_XM_039456446.1_28434	3782	3583	514	40.2932
lcl|NC_052676.1_mrna_XM_026140409.2_28435	1913	1714	3	0.491616
lcl|NC_052676.1_mrna_XM_011171632.3_28436	4976	4777	43	2.5283
lcl|NC_052676.1_mrna_XM_039456870.1_28437	1686	1487	1	0.188888
lcl|NC_052676.1_mrna_XM_039456869.1_28438	3407	3208	20.2751	1.77518
lcl|NC_052676.1_mrna_XM_026140406.2_28439	3486	3287	0	0
lcl|NC_052676.1_mrna_XM_026140407.2_28440	3444	3245	310.423	26.8692
lcl|NC_052676.1_mrna_XM_026140408.2_28441	3244	3045	191.302	17.6461
lcl|NC_052676.1_mrna_XM_039456874.1_28442	1764	1565	3.71348	0.666473
lcl|NC_052676.1_mrna_XM_039456875.1_28443	1740	1541	0	0
lcl|NC_052676.1_mrna_XM_039456873.1_28444	1990	1791	72.9131	11.4347
lcl|NC_052676.1_mrna_XM_039456872.1_28445	2189	1990	31.2093	4.40501
lcl|NC_052676.1_mrna_XM_039456876.1_28446	2177	1978	69.1641	9.82133
lcl|NC_052676.1_mrna_XM_039456871.1_28447	2192	1993	9.7974e-08	1.38076e-08
lcl|NC_052676.1_mrna_XM_039456877.1_28448	1763	1564	0	0
lcl|NC_052676.1_mrna_XM_039456421.1_28449	2097	1898	96.2013	14.2364
lcl|NC_052676.1_mrna_XM_011166641.3_28450	5306	5107	74.7987	4.11381
lcl|NC_052676.1_miscrna_XR_005576108.1_28451	1039	840	9.08656	3.03834
lcl|NC_052676.1_mrna_XM_011166640.3_28452	2562	2363	3647.91	433.607
lcl|NC_052676.1_mrna_XM_011166639.3_28453	1757	1558	49	8.83373
lcl|NC_052676.1_mrna_XM_026139662.2_28454	792	593	596	282.298
lcl|NC_052676.1_mrna_XM_039456866.1_28455	8557	8358	8.12357	0.272999
lcl|NC_052676.1_mrna_XM_039456865.1_28456	8680	8481	0	0
lcl|NC_052676.1_mrna_XM_039456867.1_28457	7101	6902	6.654	0.270784
lcl|NC_052676.1_mrna_XM_039456868.1_28458	3559	3360	83.2628	6.96029
lcl|NC_052676.1_mrna_XM_011175736.3_28459	2570	2371	43	5.09393
lcl|NC_052676.1_mrna_XM_011175821.3_28460	5396	5197	147	7.94475
lcl|NC_052676.1_ncrna_XR_005576116.1_28461	374	175	0	0
lcl|NC_052676.1_miscrna_XR_005576118.1_28462	664	465	0.996305	0.601804
lcl|NC_052676.1_miscrna_XR_005576119.1_28463	725	526	0	0
lcl|NC_052676.1_miscrna_XR_005576117.1_28464	814	615	0	0
lcl|NC_052676.1_mrna_XM_039456391.1_28465	501	302	0	0
lcl|NC_052676.1_mrna_XM_039456392.1_28466	775	576	913	445.209
lcl|NC_052676.1_mrna_XM_011175411.3_28467	3023	2824	57.6323	5.73214
lcl|NC_052676.1_mrna_XM_011175412.3_28468	1885	1686	187.193	31.1851
lcl|NC_052676.1_mrna_XM_011175413.3_28469	1906	1707	405.175	66.6692
lcl|NC_052676.1_ncrna_XR_005576120.1_28470	5011	4812	0	0
lcl|NC_052676.1_miscrna_XR_005576191.1_28471	444	245	0.467173	0.535584
lcl|NC_052676.1_miscrna_XR_005576190.1_28472	512	313	0	0
lcl|NC_052676.1_miscrna_XR_005576189.1_28473	445	246	0.00785503	0.00896868
lcl|NC_052676.1_mrna_XM_039456842.1_28474	789	590	1.28098	0.609826
lcl|NC_052676.1_mrna_XM_039456841.1_28475	797	598	1.7411e-06	8.17781e-07
lcl|NC_052676.1_miscrna_XR_005576197.1_28476	910	711	0	0
lcl|NC_052676.1_miscrna_XR_005576199.1_28477	940	741	0	0
lcl|NC_052676.1_miscrna_XR_005576198.1_28478	886	687	0	0
lcl|NC_052676.1_mrna_XM_039456845.1_28479	871	672	0	0
lcl|NC_052676.1_mrna_XM_039456502.1_28480	2421	2222	0	0
lcl|NC_052676.1_mrna_XM_039456825.1_28481	5339	5140	3.05473	0.166927
lcl|NC_052676.1_mrna_XM_039456504.1_28482	3339	3140	0	0
lcl|NC_052676.1_mrna_XM_039456505.1_28483	6234	6035	0	0
lcl|NC_052676.1_mrna_XM_039456507.1_28484	840	641	0	0
lcl|NC_052676.1_mrna_XM_039456824.1_28485	4680	4481	0	0
lcl|NC_052676.1_mrna_XM_039456826.1_28486	733	534	0	0
lcl|NC_052676.1_ncrna_XR_005576200.1_28487	495	296	0	0
lcl|NC_052676.1_mrna_XM_039456836.1_28488	4798	4599	7.5706	0.462363
lcl|NC_052676.1_mrna_XM_039456838.1_28489	4533	4334	0	0
lcl|NC_052676.1_mrna_XM_039456837.1_28490	4595	4396	1.795	0.114689
lcl|NC_052676.1_mrna_XM_039456840.1_28491	573	374	385.672	289.642
lcl|NC_052676.1_mrna_XM_039456839.1_28492	4799	4600	4.58643	0.280048
lcl|NC_052676.1_mrna_XM_011173228.3_28493	8080	7881	581.376	20.7201
lcl|NC_052676.1_mrna_XM_039456835.1_28494	1738	1539	6.31003	1.15162
lcl|NC_052676.1_mrna_XM_039456834.1_28495	1411	1212	3.57622	0.828776
lcl|NC_052676.1_mrna_XM_039456833.1_28496	1532	1333	0	0
lcl|NC_052676.1_mrna_XM_039456831.1_28497	1408	1209	1.19264	0.277076
lcl|NC_052676.1_mrna_XM_039456832.1_28498	1647	1448	0	0
lcl|NC_052676.1_mrna_XM_039456829.1_28499	975	776	0	0
lcl|NC_052676.1_miscrna_XR_005576184.1_28500	1064	865	0	0
lcl|NC_052676.1_miscrna_XR_005576182.1_28501	971	772	0	0
lcl|NC_052676.1_miscrna_XR_005576187.1_28502	1046	847	0	0
lcl|NC_052676.1_miscrna_XR_005576183.1_28503	1024	825	0	0
lcl|NC_052676.1_miscrna_XR_005576185.1_28504	953	754	0	0
lcl|NC_052676.1_mrna_XM_039456830.1_28505	808	609	0	0
lcl|NC_052676.1_mrna_XM_039456827.1_28506	804	605	0	0
lcl|NC_052676.1_miscrna_XR_005576188.1_28507	857	658	0	0
lcl|NC_052676.1_mrna_XM_039456828.1_28508	786	587	0	0
lcl|NC_052676.1_miscrna_XR_005576186.1_28509	350	151	0	0
lcl|NC_052676.1_mrna_XM_039456843.1_28510	1074	875	0	0
lcl|NC_052676.1_mrna_XM_039456844.1_28511	1065	866	0	0
lcl|NC_052676.1_miscrna_XR_005576194.1_28512	357	158	0	0
lcl|NC_052676.1_miscrna_XR_005576195.1_28513	375	176	0	0
lcl|NC_052676.1_miscrna_XR_005576193.1_28514	425	226	0	0
lcl|NC_052676.1_miscrna_XR_005576196.1_28515	447	248	0	0
lcl|NC_052676.1_miscrna_XR_005576192.1_28516	465	266	0	0
lcl|NC_052676.1_mrna_XM_039456508.1_28517	2057	1858	0	0
lcl|NC_052676.1_ncrna_XR_003269436.2_28518	1598	1399	24.6472	4.94841
lcl|NC_052676.1_mrna_XM_039456510.1_28519	1008	809	0	0
lcl|NC_052676.1_mrna_XM_039456583.1_28520	1391	1192	0	0
lcl|NC_052676.1_mrna_XM_039456584.1_28521	725	526	0	0
lcl|NC_052676.1_miscrna_XR_005576128.1_28522	736	537	0	0
lcl|NC_052676.1_mrna_XM_039456711.1_28523	2015	1816	0	0
lcl|NC_052676.1_mrna_XM_039456511.1_28524	459	260	0	0
lcl|NC_052676.1_mrna_XM_039456512.1_28525	1242	1043	0	0
lcl|NC_052676.1_mrna_XM_026141110.1_28526	1215	1016	0	0
lcl|NC_052676.1_mrna_XM_026141112.2_28527	872	673	1	0.41735
lcl|NC_052676.1_mrna_XM_039456737.1_28528	1347	1148	0	0
lcl|NC_052676.1_mrna_XM_039456514.1_28529	1478	1279	0	0
lcl|NC_052676.1_mrna_XM_039456738.1_28530	1585	1386	0	0
lcl|NC_052676.1_mrna_XM_039456739.1_28531	1265	1066	0	0
lcl|NC_052676.1_trna_28532	76	3.6135	0	0
lcl|NC_052676.1_mrna_XM_011167776.1_28533	816	617	0	0
lcl|NC_052676.1_mrna_XM_011169538.1_28534	501	302	0	0
lcl|NC_052676.1_mrna_XM_039456515.1_28535	909	710	0	0
lcl|NC_052677.1_mrna_XM_039457227.1_28536	2133	1934	0	0
lcl|NC_052677.1_mrna_XM_039457241.1_28537	1189	990	0	0
lcl|NC_052677.1_mrna_XM_039457359.1_28538	1877	1678	1.22202e-05	2.04551e-06
lcl|NC_052677.1_mrna_XM_039457355.1_28539	1873	1674	0.000133872	2.24621e-05
lcl|NC_052677.1_mrna_XM_039457356.1_28540	2704	2505	2.9575	0.331614
lcl|NC_052677.1_mrna_XM_039457357.1_28541	1857	1658	2.04235	0.345989
lcl|NC_052677.1_mrna_XM_011174657.3_28542	922	723	0	0
lcl|NC_052677.1_mrna_XM_039457310.1_28543	1567	1368	9.15927	1.88057
lcl|NC_052677.1_mrna_XM_039457551.1_28544	1719	1520	1	0.184787
lcl|NC_052677.1_mrna_XM_039457273.1_28545	829	630	0	0
lcl|NC_052677.1_mrna_XM_026142054.2_28546	5193	4994	0	0
lcl|NC_052677.1_mrna_XM_039457552.1_28547	1695	1496	1	0.187752
lcl|NC_052677.1_mrna_XM_039457554.1_28548	2448	2249	0	0
lcl|NC_052677.1_mrna_XM_039457375.1_28549	1085	886	2	0.634033
lcl|NC_052677.1_miscrna_XR_005576307.1_28550	1666	1467	5.23692e-07	1.00268e-07
lcl|NC_052677.1_miscrna_XR_005576308.1_28551	2234	2035	0	0
lcl|NC_052677.1_miscrna_XR_005576309.1_28552	1644	1445	2	0.388757
lcl|NC_052677.1_miscrna_XR_005576303.1_28553	2790	2591	0	0
lcl|NC_052677.1_miscrna_XR_005576306.1_28554	2471	2272	0	0
lcl|NC_052677.1_mrna_XM_039457374.1_28555	1099	900	0	0
lcl|NC_052677.1_miscrna_XR_005576304.1_28556	2904	2705	0	0
lcl|NC_052677.1_miscrna_XR_005576305.1_28557	3114	2915	0	0
lcl|NC_052677.1_mrna_XM_011169278.1_28558	1167	968	0	0
lcl|NC_052677.1_mrna_XM_011169277.1_28559	1188	989	0	0
lcl|NC_052677.1_mrna_XM_011169274.3_28560	1988	1789	0	0
lcl|NC_052677.1_mrna_XM_011169275.3_28561	1958	1759	229.667	36.6732
lcl|NC_052677.1_ncrna_XR_005576271.1_28562	1234	1035	5.38612	1.46168
lcl|NC_052677.1_ncrna_XR_005576270.1_28563	1430	1231	0	0
lcl|NC_052677.1_ncrna_XR_005576296.1_28564	401	202	0	0
lcl|NC_052677.1_ncrna_XR_005576295.1_28565	569	370	0	0
lcl|NC_052677.1_mrna_XM_039457312.1_28566	1212	1013	0	0
lcl|NC_052677.1_mrna_XM_039457311.1_28567	1263	1064	0	0
lcl|NC_052677.1_mrna_XM_039457314.1_28568	1051	852	0	0
lcl|NC_052677.1_mrna_XM_039457313.1_28569	1175	976	1.95	0.561178
lcl|NC_052677.1_mrna_XM_039457563.1_28570	738	539	0	0
lcl|NC_052677.1_mrna_XM_039457564.1_28571	2256	2057	0	0
lcl|NC_052677.1_mrna_XM_039457315.1_28572	1798	1599	40	7.02631
lcl|NC_052677.1_mrna_XM_039457360.1_28573	1589	1390	15	3.03104
lcl|NC_052677.1_mrna_XM_011176404.1_28574	1320	1121	0	0
lcl|NC_052677.1_mrna_XM_039456985.1_28575	4923	4724	51.388	3.05539
lcl|NC_052677.1_mrna_XM_011175599.3_28576	1624	1425	0	0
lcl|NC_052677.1_mrna_XM_011175596.3_28577	1798	1599	30.9133	5.43017
lcl|NC_052677.1_mrna_XM_039456987.1_28578	3361	3162	0	0
lcl|NC_052677.1_mrna_XM_026138076.2_28579	1922	1723	19.6102	3.19677
lcl|NC_052677.1_mrna_XM_039456986.1_28580	3487	3288	0	0
lcl|NC_052677.1_mrna_XM_039456988.1_28581	3455	3256	10.0885	0.87028
lcl|NC_052677.1_mrna_XM_026138081.2_28582	1216	1017	0	0
lcl|NC_052677.1_mrna_XM_039456984.1_28583	2252	2053	4.01481	0.549277
lcl|NC_052677.1_mrna_XM_011175632.3_28584	2405	2206	0	0
lcl|NC_052677.1_mrna_XM_026138082.2_28585	1005	806	2	0.696965
lcl|NC_052677.1_mrna_XM_026138080.2_28586	1380	1181	0	0
lcl|NC_052677.1_mrna_XM_011175588.3_28587	4154	3955	90	6.39163
lcl|NC_052677.1_mrna_XM_026138091.2_28588	10420	10221	0.00386427	0.000106191
lcl|NC_052677.1_mrna_XM_026138089.2_28589	7242	7043	0	0
lcl|NC_052677.1_mrna_XM_026138088.2_28590	10525	10326	5.35811e-05	1.45746e-06
lcl|NC_052677.1_mrna_XM_026138090.2_28591	10503	10304	89.9746	2.45262
lcl|NC_052677.1_mrna_XM_039457653.1_28592	5063	4864	12.5058	0.722158
lcl|NC_052677.1_mrna_XM_026138092.1_28593	4758	4559	0	0
lcl|NC_052677.1_mrna_XM_039457650.1_28594	11351	11152	49.38	1.24369
lcl|NC_052677.1_mrna_XM_039457651.1_28595	11210	11011	0.00510765	0.00013029
lcl|NC_052677.1_mrna_XM_039457652.1_28596	11125	10926	12.1307	0.311845
lcl|NC_052677.1_mrna_XM_026135027.2_28597	4938	4739	0	0
lcl|NC_052677.1_mrna_XM_026138074.2_28598	3267	3068	1947	178.249
lcl|NC_052677.1_mrna_XM_039457596.1_28599	3742	3543	0	0
lcl|NC_052677.1_mrna_XM_026138085.2_28600	2448	2249	69	8.61738
lcl|NC_052677.1_mrna_XM_039457598.1_28601	1469	1270	0	0
lcl|NC_052677.1_mrna_XM_039457597.1_28602	3144	2945	0	0
lcl|NC_052677.1_mrna_XM_039457599.1_28603	1424	1225	122.015	27.9764
lcl|NC_052677.1_miscrna_XR_005576361.1_28604	1776	1577	170.864	30.4324
lcl|NC_052677.1_mrna_XM_039457600.1_28605	1503	1304	17.0244	3.667
lcl|NC_052677.1_mrna_XM_026139084.2_28606	2327	2128	0	0
lcl|NC_052677.1_mrna_XM_026138073.2_28607	983	784	321.096	115.036
lcl|NC_052677.1_mrna_XM_011175544.3_28608	2664	2465	3.96302	0.45157
lcl|NC_052677.1_mrna_XM_026138071.2_28609	2042	1843	2.03698	0.310439
lcl|NC_052677.1_mrna_XM_039457485.1_28610	758	559	0	0
lcl|NC_052677.1_mrna_XM_039457569.1_28611	1203	1004	0	0
lcl|NC_052677.1_mrna_XM_039457382.1_28612	1861	1662	0	0
lcl|NC_052677.1_mrna_XM_039457383.1_28613	1791	1592	5.9403	1.04805
lcl|NC_052677.1_mrna_XM_039457379.1_28614	1871	1672	0	0
lcl|NC_052677.1_mrna_XM_039457381.1_28615	1739	1540	0	0
lcl|NC_052677.1_mrna_XM_039457380.1_28616	1523	1324	1.15599	0.245234
lcl|NC_052677.1_mrna_XM_039457640.1_28617	2983	2784	0	0
lcl|NC_052677.1_mrna_XM_039457641.1_28618	2723	2524	0	0
lcl|NC_052677.1_mrna_XM_026142079.2_28619	1033	834	0	0
lcl|NC_052677.1_mrna_XM_039457570.1_28620	2855	2656	0	0
lcl|NC_052677.1_mrna_XM_039457215.1_28621	1813	1614	1.10341	0.192021
lcl|NC_052677.1_mrna_XM_039457571.1_28622	2412	2213	0	0
lcl|NC_052677.1_mrna_XM_011169808.3_28623	1613	1414	23.7506	4.71782
lcl|NC_052677.1_mrna_XM_039457216.1_28624	1742	1543	9.69056	1.764
lcl|NC_052677.1_mrna_XM_039457214.1_28625	2622	2423	0	0
lcl|NC_052677.1_mrna_XM_039457213.1_28626	2664	2465	2.89659	0.330055
lcl|NC_052677.1_mrna_XM_039457212.1_28627	834	635	0	0
lcl|NC_052677.1_mrna_XM_011173349.3_28628	1233	1034	0	0
lcl|NC_052677.1_mrna_XM_039457572.1_28629	1239	1040	0	0
lcl|NC_052677.1_miscrna_XR_005576331.1_28630	2261	2062	0	0
lcl|NC_052677.1_miscrna_XR_005576332.1_28631	2627	2428	0	0
lcl|NC_052677.1_miscrna_XR_005576330.1_28632	2562	2363	0	0
lcl|NC_052677.1_miscrna_XR_005576333.1_28633	2709	2510	0	0
lcl|NC_052677.1_miscrna_XR_005576334.1_28634	2482	2283	0	0
lcl|NC_052677.1_mrna_XM_026138284.2_28635	1827	1628	1	0.172529
lcl|NC_052677.1_mrna_XM_039457486.1_28636	1103	904	0	0
lcl|NC_052677.1_ncrna_XR_005576335.1_28637	691	492	0	0
lcl|NC_052677.1_mrna_XM_039457484.1_28638	806	607	6.04178	2.79571
lcl|NC_052677.1_mrna_XM_039457573.1_28639	714	515	0	0
lcl|NC_052677.1_mrna_XM_039457182.1_28640	2178	1979	0	0
lcl|NC_052677.1_mrna_XM_039457183.1_28641	1935	1736	0	0
lcl|NC_052677.1_mrna_XM_039457185.1_28642	1883	1684	0	0
lcl|NC_052677.1_mrna_XM_026142214.2_28643	1685	1486	1.33865	0.253026
lcl|NC_052677.1_mrna_XM_011173455.3_28644	1456	1257	0	0
lcl|NC_052677.1_miscrna_XR_005576262.1_28645	1461	1262	0	0
lcl|NC_052677.1_mrna_XM_039457184.1_28646	1356	1157	0	0
lcl|NC_052677.1_mrna_XM_011173456.3_28647	1361	1162	0	0
lcl|NC_052677.1_mrna_XM_039457321.1_28648	1920	1721	1	0.163206
lcl|NC_052677.1_mrna_XM_039457322.1_28649	1385	1186	0	0
lcl|NC_052677.1_mrna_XM_039457518.1_28650	761	562	0	0
lcl|NC_052677.1_ncrna_XR_005576383.1_28651	691	492	0	0
lcl|NC_052677.1_mrna_XM_039457575.1_28652	510	311	0	0
lcl|NC_052677.1_mrna_XM_039457576.1_28653	765	566	1	0.496249
lcl|NC_052677.1_mrna_XM_011168781.1_28654	1119	920	0	0
lcl|NC_052677.1_mrna_XM_039457577.1_28655	3033	2834	1	0.0991096
lcl|NC_052677.1_mrna_XM_039457578.1_28656	2391	2192	0	0
lcl|NC_052677.1_mrna_XM_039457579.1_28657	567	368	0	0
lcl|NC_052677.1_mrna_XM_039457580.1_28658	798	599	0	0
lcl|NC_052677.1_mrna_XM_011163111.1_28659	378	179	0	0
lcl|NC_052677.1_mrna_XM_039457582.1_28660	738	539	0	0
lcl|NC_052677.1_mrna_XM_039457481.1_28661	3083	2884	0	0
lcl|NC_052677.1_mrna_XM_039457482.1_28662	2977	2778	0	0
lcl|NC_052677.1_mrna_XM_039457583.1_28663	1239	1040	0	0
lcl|NC_052677.1_mrna_XM_039457584.1_28664	630	431	0	0
lcl|NC_052677.1_mrna_XM_039457585.1_28665	2973	2774	0	0
lcl|NC_052677.1_mrna_XM_039457259.1_28666	2018	1819	0	0
lcl|NC_052677.1_mrna_XM_039457258.1_28667	1796	1597	0	0
lcl|NC_052677.1_mrna_XM_039457257.1_28668	3762	3563	1	0.0788315
lcl|NC_052677.1_mrna_XM_039457586.1_28669	1218	1019	0	0
lcl|NC_052677.1_mrna_XM_039457587.1_28670	1689	1490	0	0
lcl|NC_052677.1_mrna_XM_039457588.1_28671	1125	926	0	0
lcl|NC_052677.1_mrna_XM_039457589.1_28672	1125	926	0	0
lcl|NC_052677.1_mrna_XM_039457138.1_28673	2564	2365	0	0
lcl|NC_052677.1_ncrna_XR_003269582.2_28674	899	700	0	0
lcl|NC_052677.1_ncrna_XR_005576378.1_28675	644	445	0	0
lcl|NC_052677.1_ncrna_XR_003269583.2_28676	518	319	0	0
lcl|NC_052677.1_mrna_XM_039457638.1_28677	2441	2242	0	0
lcl|NC_052677.1_mrna_XM_026140911.1_28678	513	314	0	0
lcl|NC_052677.1_mrna_XM_026140909.2_28679	3646	3447	0	0
lcl|NC_052677.1_mrna_XM_026140049.2_28680	968	769	537	196.139
lcl|NC_052677.1_mrna_XM_039457540.1_28681	1388	1189	28.7943	6.80206
lcl|NC_052677.1_mrna_XM_026140055.2_28682	1441	1242	0	0
lcl|NC_052677.1_mrna_XM_039457541.1_28683	1540	1341	0	0
lcl|NC_052677.1_mrna_XM_011157339.3_28684	1519	1320	477.206	101.542
lcl|NC_052677.1_ncrna_XR_005576343.1_28685	897	698	3.00414	1.20887
lcl|NC_052677.1_mrna_XM_026140053.2_28686	2302	2103	63.2531	8.44808
lcl|NC_052677.1_mrna_XM_026140051.2_28687	2511	2312	0.000279494	3.39547e-05
lcl|NC_052677.1_mrna_XM_039457537.1_28688	2110	1911	0	0
lcl|NC_052677.1_mrna_XM_026140050.2_28689	2493	2294	79.3778	9.71899
lcl|NC_052677.1_mrna_XM_039457536.1_28690	2028	1829	0	0
lcl|NC_052677.1_mrna_XM_039457534.1_28691	2407	2208	66.1435	8.41402
lcl|NC_052677.1_mrna_XM_039457535.1_28692	3217	3018	3.885	0.361566
lcl|NC_052677.1_mrna_XM_026140052.2_28693	5313	5114	5.34037	0.29331
lcl|NC_052677.1_mrna_XM_039457538.1_28694	2100	1901	0.0528882	0.00781435
lcl|NC_052677.1_ncrna_XR_003269356.2_28695	2318	2119	3	0.397655
lcl|NC_052677.1_mrna_XM_039457542.1_28696	1202	1003	6.25865	1.75265
lcl|NC_052677.1_mrna_XM_026141453.2_28697	2148	1949	1049.68	151.272
lcl|NC_052677.1_mrna_XM_039457655.1_28698	2036	1837	72.3221	11.058
lcl|NC_052677.1_mrna_XM_039457661.1_28699	6253	6054	0	0
lcl|NC_052677.1_mrna_XM_039457659.1_28700	6323	6124	61.4264	2.81732
lcl|NC_052677.1_mrna_XM_039457658.1_28701	6327	6128	1.12999e-06	5.17931e-08
lcl|NC_052677.1_mrna_XM_039457656.1_28702	6350	6151	48.5491	2.21693
lcl|NC_052677.1_mrna_XM_039457657.1_28703	6281	6082	0	0
lcl|NC_052677.1_mrna_XM_039457660.1_28704	6266	6067	98.0245	4.53812
lcl|NC_052677.1_ncrna_XR_005576277.1_28705	456	257	26.9339	29.4362
lcl|NC_052677.1_ncrna_XR_005576278.1_28706	330	131	0	0
lcl|NC_052677.1_mrna_XM_039457260.1_28707	2438	2239	0	0
lcl|NC_052677.1_mrna_XM_039457261.1_28708	827	628	0	0
lcl|NC_052677.1_mrna_XM_011165836.3_28709	2145	1946	1373	198.172
lcl|NC_052677.1_mrna_XM_026141324.2_28710	2262	2063	295	40.1642
lcl|NC_052677.1_mrna_XM_039457181.1_28711	3030	2831	0	0
lcl|NC_052677.1_mrna_XM_011165837.3_28712	717	518	0	0
lcl|NC_052677.1_ncrna_XR_005576318.1_28713	238	40.2855	0	0
lcl|NC_052677.1_mrna_XM_039457487.1_28714	1372	1173	16.7893	4.02022
lcl|NC_052677.1_mrna_XM_026139148.2_28715	1375	1176	1.57986e-06	3.77335e-07
lcl|NC_052677.1_mrna_XM_026139144.2_28716	6790	6591	0	0
lcl|NC_052677.1_mrna_XM_039457679.1_28717	6772	6573	8	0.341855
lcl|NC_052677.1_mrna_XM_026139146.2_28718	6669	6470	0	0
lcl|NC_052677.1_mrna_XM_026139145.2_28719	6685	6486	0	0
lcl|NC_052677.1_mrna_XM_039457050.1_28720	780	581	0	0
lcl|NC_052677.1_mrna_XM_039457051.1_28721	1394	1195	0	0
lcl|NC_052677.1_mrna_XM_039457052.1_28722	1053	854	0	0
lcl|NC_052677.1_mrna_XM_039457053.1_28723	1203	1004	0	0
lcl|NC_052677.1_mrna_XM_039457341.1_28724	1162	963	0	0
lcl|NC_052677.1_mrna_XM_026139308.2_28725	1643	1444	0	0
lcl|NC_052677.1_mrna_XM_011163034.1_28726	1059	860	0	0
lcl|NC_052677.1_mrna_XM_039456974.1_28727	2525	2326	4	0.483021
lcl|NC_052677.1_mrna_XM_039456973.1_28728	2674	2475	0	0
lcl|NC_052677.1_mrna_XM_039456975.1_28729	2707	2508	0	0
lcl|NC_052677.1_mrna_XM_039456976.1_28730	2675	2476	0	0
lcl|NC_052677.1_ncrna_XR_005576279.1_28731	2105	1906	17.9049	2.63854
lcl|NC_052677.1_mrna_XM_039457028.1_28732	6125	5926	429.927	20.3774
lcl|NC_052677.1_mrna_XM_039457029.1_28733	1284	1085	5.31067	1.37479
lcl|NC_052677.1_miscrna_XR_005576246.1_28734	2241	2042	0.418343	0.0575429
lcl|NC_052677.1_miscrna_XR_005576244.1_28735	2269	2070	2.01491	0.273402
lcl|NC_052677.1_miscrna_XR_005576245.1_28736	2019	1820	15.0268	2.31905
lcl|NC_052677.1_miscrna_XR_005576243.1_28737	2047	1848	61.4089	9.33352
lcl|NC_052677.1_ncrna_XR_005576248.1_28738	408	209	4	5.37563
lcl|NC_052677.1_ncrna_XR_005576247.1_28739	844	645	0	0
lcl|NC_052677.1_mrna_XM_011166899.1_28740	537	338	0	0
lcl|NC_052677.1_mrna_XM_026141867.2_28741	985	786	0	0
lcl|NC_052677.1_mrna_XM_011171468.2_28742	1470	1271	0	0
lcl|NC_052677.1_mrna_XM_039457262.1_28743	1517	1318	0	0
lcl|NC_052677.1_mrna_XM_039457263.1_28744	1037	838	0	0
lcl|NC_052677.1_mrna_XM_039457195.1_28745	1688	1489	7.34367	1.38527
lcl|NC_052677.1_mrna_XM_039457196.1_28746	1595	1396	60.5552	12.1838
lcl|NC_052677.1_mrna_XM_039457197.1_28747	1814	1615	7.87492	1.36959
lcl|NC_052677.1_mrna_XM_026142176.2_28748	381	182	0	0
lcl|NC_052677.1_mrna_XM_039457376.1_28749	1093	894	0	0
lcl|NC_052677.1_mrna_XM_039457377.1_28750	1100	901	0	0
lcl|NC_052677.1_ncrna_XR_005576283.1_28751	186	12.4336	0	0
lcl|NC_052677.1_mrna_XM_039457054.1_28752	1883	1684	0	0
lcl|NC_052677.1_mrna_XM_011173310.1_28753	402	203	0	0
lcl|NC_052677.1_ncrna_XR_005576282.1_28754	6508	6309	0.999199	0.0444843
lcl|NC_052677.1_ncrna_XR_005576281.1_28755	6553	6354	0.000801141	3.54142e-05
lcl|NC_052677.1_mrna_XM_039457055.1_28756	717	518	0	0
lcl|NC_052677.1_mrna_XM_039457595.1_28757	11430	11231	0.0221644	0.000554312
lcl|NC_052677.1_mrna_XM_039457594.1_28758	11517	11318	68.9778	1.71181
lcl|NC_052677.1_mrna_XM_039456981.1_28759	825	626	5.1601	2.31526
lcl|NC_052677.1_mrna_XM_011168273.3_28760	1776	1577	1472	262.175
lcl|NC_052677.1_mrna_XM_039457398.1_28761	1951	1752	0	0
lcl|NC_052677.1_mrna_XM_039457243.1_28762	870	671	2.2153	0.927311
lcl|NC_052677.1_mrna_XM_039457244.1_28763	1224	1025	0	0
lcl|NC_052677.1_mrna_XM_039457242.1_28764	1438	1239	0	0
lcl|NC_052677.1_ncrna_XR_005576273.1_28765	1211	1012	4.88477	1.35575
lcl|NC_052677.1_ncrna_XR_005576272.1_28766	1234	1035	0	0
lcl|NC_052677.1_mrna_XM_039457246.1_28767	1137	938	286.217	85.7053
lcl|NC_052677.1_mrna_XM_039457056.1_28768	1632	1433	0	0
lcl|NC_052677.1_mrna_XM_039457057.1_28769	2757	2558	0	0
lcl|NC_052677.1_mrna_XM_039457058.1_28770	1351	1152	0	0
lcl|NC_052677.1_mrna_XM_039457673.1_28771	1423	1224	490.168	112.481
lcl|NC_052677.1_mrna_XM_039457674.1_28772	1444	1245	482.812	108.924
lcl|NC_052677.1_mrna_XM_039457675.1_28773	1539	1340	6.01936	1.26172
lcl|NC_052677.1_mrna_XM_011173302.3_28774	1341	1142	94.8923	23.3389
lcl|NC_052677.1_mrna_XM_039457201.1_28775	1519	1320	45.3243	9.64436
lcl|NC_052677.1_mrna_XM_039457202.1_28776	1411	1212	38.7643	8.98348
lcl|NC_052677.1_mrna_XM_039457204.1_28777	1134	935	0	0
lcl|NC_052677.1_mrna_XM_039457203.1_28778	1325	1126	6.09943	1.52148
lcl|NC_052677.1_mrna_XM_039457199.1_28779	3000	2801	106.091	10.6385
lcl|NC_052677.1_mrna_XM_039457198.1_28780	2983	2784	882.978	89.0833
lcl|NC_052677.1_mrna_XM_039457200.1_28781	2926	2727	160.273	16.5079
lcl|NC_052677.1_mrna_XM_039457209.1_28782	1612	1413	0.000159842	3.17735e-05
lcl|NC_052677.1_mrna_XM_039457207.1_28783	1644	1445	13.5428	2.63242
lcl|NC_052677.1_mrna_XM_039457205.1_28784	1704	1505	0	0
lcl|NC_052677.1_mrna_XM_039457206.1_28785	1630	1431	7.49084	1.4703
lcl|NC_052677.1_mrna_XM_039457210.1_28786	1239	1040	16.9941	4.58966
lcl|NC_052677.1_miscrna_XR_005576362.1_28787	1652	1453	0	0
lcl|NC_052677.1_mrna_XM_039457601.1_28788	1726	1527	0	0
lcl|NC_052677.1_mrna_XM_026141564.2_28789	1939	1740	1.08242	0.174728
lcl|NC_052677.1_miscrna_XR_005576337.1_28790	2151	1952	3.95244e-08	5.68724e-09
lcl|NC_052677.1_miscrna_XR_005576336.1_28791	2115	1916	5.0749	0.743956
lcl|NC_052677.1_mrna_XM_039457489.1_28792	891	692	0	0
lcl|NC_052677.1_mrna_XM_026139930.2_28793	4273	4074	228.898	15.7811
lcl|NC_052677.1_miscrna_XR_005576294.1_28794	4135	3936	0	0
lcl|NC_052677.1_mrna_XM_039457277.1_28795	4317	4118	43.1015	2.93983
lcl|NC_052677.1_mrna_XM_026142133.2_28796	1282	1083	1.71346	0.444388
lcl|NC_052677.1_mrna_XM_039457290.1_28797	1888	1689	0	0
lcl|NC_052677.1_mrna_XM_039457294.1_28798	1320	1121	0	0
lcl|NC_052677.1_mrna_XM_039457295.1_28799	921	722	0	0
lcl|NC_052677.1_mrna_XM_039457292.1_28800	3058	2859	0	0
lcl|NC_052677.1_mrna_XM_039457293.1_28801	2290	2091	7.18644	0.965329
lcl|NC_052677.1_mrna_XM_039457288.1_28802	1876	1677	136.941	22.9359
lcl|NC_052677.1_mrna_XM_039457287.1_28803	1881	1682	0.00263251	0.000439603
lcl|NC_052677.1_mrna_XM_039457289.1_28804	1772	1573	128.811	23.0006
lcl|NC_052677.1_mrna_XM_039457291.1_28805	1289	1090	17.7972	4.58608
lcl|NC_052677.1_trna_28806	76	3.6135	0	0
lcl|NC_052677.1_mrna_XM_039457280.1_28807	2221	2022	350.938	48.7489
lcl|NC_052677.1_mrna_XM_039457279.1_28808	2325	2126	103.714	13.7022
lcl|NC_052677.1_mrna_XM_039457286.1_28809	2208	2009	12.132	1.69616
lcl|NC_052677.1_mrna_XM_039457278.1_28810	2515	2316	0	0
lcl|NC_052677.1_mrna_XM_039457281.1_28811	2490	2291	595.241	72.9766
lcl|NC_052677.1_mrna_XM_039457282.1_28812	2344	2145	85.4231	11.1857
lcl|NC_052677.1_mrna_XM_039457283.1_28813	2271	2072	0	0
lcl|NC_052677.1_mrna_XM_039457284.1_28814	3383	3184	0	0
lcl|NC_052677.1_mrna_XM_039457285.1_28815	2765	2566	0	0
lcl|NC_052677.1_mrna_XM_026130363.2_28816	2707	2508	17	1.90387
lcl|NC_052677.1_mrna_XM_039457515.1_28817	2663	2464	0	0
lcl|NC_052677.1_mrna_XM_039457672.1_28818	1012	813	699.034	241.504
lcl|NC_052677.1_mrna_XM_039457669.1_28819	1030	831	223.393	75.5063
lcl|NC_052677.1_mrna_XM_039457668.1_28820	1013	814	0	0
lcl|NC_052677.1_mrna_XM_039457670.1_28821	1069	870	342.242	110.492
lcl|NC_052677.1_mrna_XM_039457671.1_28822	987	788	13.3318	4.75201
lcl|NC_052677.1_mrna_XM_039457667.1_28823	1143	944	2	0.595078
lcl|NC_052677.1_mrna_XM_011158757.3_28824	4729	4530	130.522	8.09282
lcl|NC_052677.1_mrna_XM_026140245.2_28825	2716	2517	176.478	19.6936
lcl|NC_052677.1_ncrna_XR_005576391.1_28826	7803	7604	0	0
lcl|NC_052677.1_ncrna_XR_005576392.1_28827	3470	3271	3	0.257606
lcl|NC_052677.1_ncrna_XR_005576390.1_28828	955	756	7	2.60071
lcl|NC_052677.1_mrna_XM_011158756.3_28829	1201	1002	6653	1864.94
lcl|NC_052677.1_mrna_XM_039457689.1_28830	1430	1231	1	0.22817
lcl|NC_052677.1_mrna_XM_039457688.1_28831	1620	1421	0	0
lcl|NC_052677.1_ncrna_XR_005576397.1_28832	680	481	1	0.583943
lcl|NC_052677.1_mrna_XM_039457690.1_28833	539	340	0	0
lcl|NC_052677.1_mrna_XM_039457684.1_28834	4087	3888	136.177	9.83771
lcl|NC_052677.1_mrna_XM_039457687.1_28835	3892	3693	0	0
lcl|NC_052677.1_mrna_XM_039457683.1_28836	4086	3887	33.8423	2.44546
lcl|NC_052677.1_mrna_XM_039457685.1_28837	3240	3041	117.924	10.8918
lcl|NC_052677.1_mrna_XM_039457686.1_28838	3237	3038	0.0568354	0.00525469
lcl|NC_052677.1_mrna_XM_039457384.1_28839	7318	7119	54.2205	2.13924
lcl|NC_052677.1_mrna_XM_039457387.1_28840	5701	5502	0	0
lcl|NC_052677.1_mrna_XM_039457386.1_28841	5644	5445	29.332	1.51307
lcl|NC_052677.1_mrna_XM_039457385.1_28842	5719	5520	21.1792	1.07767
lcl|NC_052677.1_mrna_XM_039457388.1_28843	4107	3908	24.9031	1.78984
lcl|NC_052677.1_mrna_XM_039457397.1_28844	1191	992	0.173964	0.0492566
lcl|NC_052677.1_mrna_XM_039457396.1_28845	2834	2635	0	0
lcl|NC_052677.1_miscrna_XR_005576313.1_28846	2778	2579	0	0
lcl|NC_052677.1_mrna_XM_039457391.1_28847	3898	3699	0	0
lcl|NC_052677.1_mrna_XM_039457390.1_28848	3982	3783	0	0
lcl|NC_052677.1_mrna_XM_039457389.1_28849	3994	3795	0	0
lcl|NC_052677.1_mrna_XM_039457395.1_28850	3691	3492	0	0
lcl|NC_052677.1_miscrna_XR_005576312.1_28851	3090	2891	0	0
lcl|NC_052677.1_mrna_XM_039457392.1_28852	3890	3691	0	0
lcl|NC_052677.1_mrna_XM_039457393.1_28853	3788	3589	0	0
lcl|NC_052677.1_mrna_XM_039457394.1_28854	2966	2767	5	0.507547
lcl|NC_052677.1_mrna_XM_011175189.2_28855	2713	2514	0	0
lcl|NC_052677.1_mrna_XM_039457189.1_28856	1434	1235	0	0
lcl|NC_052677.1_mrna_XM_039457186.1_28857	1518	1319	0	0
lcl|NC_052677.1_mrna_XM_039457188.1_28858	1659	1460	0	0
lcl|NC_052677.1_mrna_XM_039457187.1_28859	1663	1464	4.40672	0.845455
lcl|NC_052677.1_mrna_XM_039457190.1_28860	895	696	0	0
lcl|NC_052677.1_mrna_XM_039457168.1_28861	3071	2872	637.094	62.3067
lcl|NC_052677.1_mrna_XM_039457167.1_28862	2925	2726	62.9058	6.48157
lcl|NC_052677.1_mrna_XM_039457516.1_28863	1048	849	1.65896	0.548838
lcl|NC_052677.1_mrna_XM_039457060.1_28864	454	255	0	0
lcl|NC_052677.1_ncrna_XR_005576365.1_28865	652	453	0	0
lcl|NC_052677.1_ncrna_XR_005576319.1_28866	725	526	2.9585	1.5798
lcl|NC_052677.1_mrna_XM_039457418.1_28867	437	238	0	0
lcl|NC_052677.1_mrna_XM_039457061.1_28868	2095	1896	0	0
lcl|NC_052677.1_mrna_XM_039457062.1_28869	894	695	2	0.808278
lcl|NC_052677.1_mrna_XM_039457063.1_28870	5279	5080	0	0
lcl|NC_052677.1_mrna_XM_039457064.1_28871	1125	926	0	0
lcl|NC_052677.1_mrna_XM_039457065.1_28872	1281	1082	0	0
lcl|NC_052677.1_mrna_XM_039457066.1_28873	5310	5111	0	0
lcl|NC_052677.1_mrna_XM_039457108.1_28874	1241	1042	5	1.34778
lcl|NC_052677.1_mrna_XM_039457107.1_28875	1676	1477	1	0.190167
lcl|NC_052677.1_mrna_XM_026139757.1_28876	429	230	0	0
lcl|NC_052677.1_mrna_XM_039457145.1_28877	1387	1188	0	0
lcl|NC_052677.1_mrna_XM_039457144.1_28878	1345	1146	10.8779	2.66609
lcl|NC_052677.1_mrna_XM_039457143.1_28879	1375	1176	0	0
lcl|NC_052677.1_mrna_XM_039457146.1_28880	1172	973	9.56076	2.75991
lcl|NC_052677.1_mrna_XM_039457147.1_28881	1761	1562	25.5456	4.59358
lcl|NC_052677.1_mrna_XM_026139758.2_28882	3407	3208	303.209	26.5475
lcl|NC_052677.1_mrna_XM_026139759.2_28883	3157	2958	113.791	10.805
lcl|NC_052677.1_ncrna_XR_005576249.1_28884	2521	2322	2	0.241927
lcl|NC_052677.1_ncrna_XR_005576280.1_28885	364	165	2.77713	4.72747
lcl|NC_052677.1_mrna_XM_011174841.3_28886	1095	896	812.81	254.798
lcl|NC_052677.1_ncrna_XR_851284.1_28887	513	314	704	629.736
lcl|NC_052677.1_mrna_XM_011174338.3_28888	600	401	15.2588	10.6879
lcl|NC_052677.1_mrna_XM_039457249.1_28889	727	528	18.9481	10.0797
lcl|NC_052677.1_mrna_XM_039457248.1_28890	1787	1588	233.804	41.3539
lcl|NC_052677.1_mrna_XM_011174340.3_28891	6809	6610	13.0006	0.552431
lcl|NC_052677.1_ncrna_XR_005576385.1_28892	10678	10479	62.0703	1.66372
lcl|NC_052677.1_mrna_XM_039457677.1_28893	4287	4088	37.3859	2.56869
lcl|NC_052677.1_mrna_XM_011164753.3_28894	4192	3993	205.614	14.4634
lcl|NC_052677.1_mrna_XM_011164751.3_28895	4997	4798	4.27159e-05	2.5006e-06
lcl|NC_052677.1_mrna_XM_011164752.3_28896	4936	4737	16	0.948705
lcl|NC_052677.1_mrna_XM_026140192.2_28897	4171	3972	3	0.212143
lcl|NC_052677.1_mrna_XM_039457678.1_28898	1138	939	0	0
lcl|NC_052677.1_miscrna_XR_005576396.1_28899	925	726	0	0
lcl|NC_052677.1_mrna_XM_011164750.3_28900	790	591	7	3.3268
lcl|NC_052677.1_mrna_XM_011164749.3_28901	2405	2206	630.815	80.3178
lcl|NC_052677.1_mrna_XM_039457148.1_28902	2375	2176	201.59	26.0211
lcl|NC_052677.1_mrna_XM_026140191.2_28903	2463	2264	435.41	54.0179
lcl|NC_052677.1_mrna_XM_011164748.3_28904	1287	1088	1352	349.031
lcl|NC_052677.1_mrna_XM_039457067.1_28905	639	440	0	0
lcl|NC_052677.1_mrna_XM_039457488.1_28906	1299	1100	0	0
lcl|NC_052677.1_mrna_XM_039457621.1_28907	549	350	0	0
lcl|NC_052677.1_mrna_XM_026138152.2_28908	2958	2759	0	0
lcl|NC_052677.1_mrna_XM_039457068.1_28909	924	725	0	0
lcl|NC_052677.1_ncrna_XR_005576360.1_28910	678	479	1	0.586381
lcl|NC_052677.1_miscrna_XR_003269541.1_28911	1024	825	0	0
lcl|NC_052677.1_mrna_XM_039457211.1_28912	2571	2372	13.8364	1.63842
lcl|NC_052677.1_mrna_XM_039457069.1_28913	259	60.0956	0	0
lcl|NC_052677.1_mrna_XM_039457070.1_28914	473	274	0	0
lcl|NC_052677.1_ncrna_XR_005576310.1_28915	1253	1054	30	7.99459
lcl|NC_052677.1_mrna_XM_011173363.3_28916	1811	1612	2.0711	0.360871
lcl|NC_052677.1_ncrna_XR_005576285.1_28917	1038	839	2	0.669551
lcl|NC_052677.1_miscrna_XR_005576290.1_28918	2046	1847	12.9557	1.9702
lcl|NC_052677.1_mrna_XM_039457274.1_28919	1891	1692	0	0
lcl|NC_052677.1_miscrna_XR_005576288.1_28920	1804	1605	0	0
lcl|NC_052677.1_miscrna_XR_005576286.1_28921	1826	1627	0	0
lcl|NC_052677.1_mrna_XM_039457275.1_28922	1754	1555	0	0
lcl|NC_052677.1_mrna_XM_039457276.1_28923	1667	1468	0	0
lcl|NC_052677.1_miscrna_XR_005576287.1_28924	1790	1591	9.26635	1.63589
lcl|NC_052677.1_miscrna_XR_005576289.1_28925	1725	1526	0.000436838	8.04047e-05
lcl|NC_052677.1_miscrna_XR_005576291.1_28926	1653	1454	2.86234e-06	5.52933e-07
lcl|NC_052677.1_mrna_XM_039457071.1_28927	2469	2270	0	0
lcl|NC_052677.1_mrna_XM_039457649.1_28928	1865	1666	0	0
lcl|NC_052677.1_miscrna_XR_005576338.1_28929	1755	1556	0	0
lcl|NC_052677.1_mrna_XM_039457490.1_28930	1659	1460	0	0
lcl|NC_052677.1_mrna_XM_026141495.2_28931	606	407	0	0
lcl|NC_052677.1_mrna_XM_026141259.2_28932	2880	2681	0	0
lcl|NC_052677.1_mrna_XM_039457662.1_28933	938	739	0	0
lcl|NC_052677.1_mrna_XM_039457072.1_28934	1050	851	0	0
lcl|NC_052677.1_ncrna_XR_005576292.1_28935	5368	5169	0	0
lcl|NC_052677.1_mrna_XM_039457073.1_28936	2901	2702	0	0
lcl|NC_052677.1_mrna_XM_039457074.1_28937	888	689	0	0
lcl|NC_052677.1_ncrna_XR_005576293.1_28938	632	433	0	0
lcl|NC_052677.1_mrna_XM_039457654.1_28939	579	380	0	0
lcl|NC_052677.1_mrna_XM_039457075.1_28940	2607	2408	0	0
lcl|NC_052677.1_miscrna_XR_005576342.1_28941	1220	1021	0	0
lcl|NC_052677.1_mrna_XM_026141764.2_28942	1156	957	2	0.586994
lcl|NC_052677.1_mrna_XM_039457077.1_28943	2531	2332	3.00861	0.362371
lcl|NC_052677.1_mrna_XM_039457296.1_28944	1585	1386	0	0
lcl|NC_052677.1_mrna_XM_039457297.1_28945	1489	1290	0	0
lcl|NC_052677.1_mrna_XM_039457299.1_28946	1470	1271	0	0
lcl|NC_052677.1_mrna_XM_039457298.1_28947	2139	1940	7.63148	1.1049
lcl|NC_052677.1_mrna_XM_039457648.1_28948	1838	1639	0	0
lcl|NC_052677.1_mrna_NM_001304598.1_28949	531	332	0	0
lcl|NC_052677.1_mrna_XM_039457178.1_28950	8100	7901	0	0
lcl|NC_052677.1_mrna_XM_039457179.1_28951	4205	4006	1	0.070114
lcl|NC_052677.1_mrna_XM_039457177.1_28952	4490	4291	0	0
lcl|NC_052677.1_mrna_XM_039457265.1_28953	2441	2242	0	0
lcl|NC_052677.1_mrna_XM_039457264.1_28954	3308	3109	1.841	0.166322
lcl|NC_052677.1_mrna_XM_039457266.1_28955	2211	2012	0	0
lcl|NC_052677.1_mrna_XM_039457267.1_28956	1840	1641	0	0
lcl|NC_052677.1_mrna_XM_039457361.1_28957	2528	2329	0	0
lcl|NC_052677.1_mrna_XM_039457362.1_28958	2461	2262	0	0
lcl|NC_052677.1_mrna_XM_011173354.3_28959	2160	1961	0	0
lcl|NC_052677.1_mrna_XM_039457078.1_28960	819	620	0	0
lcl|NC_052677.1_mrna_XM_039457175.1_28961	8173	7974	7.197	0.253508
lcl|NC_052677.1_mrna_XM_039457173.1_28962	2033	1834	0	0
lcl|NC_052677.1_mrna_XM_039457174.1_28963	1954	1755	0	0
lcl|NC_052677.1_ncrna_XR_005576316.1_28964	249	50.3754	0	0
lcl|NC_052677.1_mrna_XM_039457192.1_28965	2139	1940	0	0
lcl|NC_052677.1_mrna_XM_039457191.1_28966	2511	2312	0	0
lcl|NC_052677.1_mrna_XM_039457194.1_28967	1852	1653	2061.12	350.224
lcl|NC_052677.1_mrna_XM_039457193.1_28968	1816	1617	668.59	116.136
lcl|NC_052677.1_mrna_XM_039457079.1_28969	1595	1396	818.134	164.609
lcl|NC_052677.1_mrna_XM_039457080.1_28970	870	671	0	0
lcl|NC_052677.1_mrna_XM_039457166.1_28971	2584	2385	8	0.942144
lcl|NC_052677.1_mrna_XM_011175720.1_28972	915	716	0	0
lcl|NC_052677.1_mrna_XM_039457165.1_28973	4124	3925	2	0.143122
lcl|NC_052677.1_mrna_XM_039457081.1_28974	1206	1007	2	0.557848
lcl|NC_052677.1_mrna_XM_039457082.1_28975	459	260	0	0
lcl|NC_052677.1_mrna_XM_026136313.2_28976	1621	1422	0	0
lcl|NC_052677.1_mrna_XM_039457519.1_28977	1152	953	0	0
lcl|NC_052677.1_mrna_XM_011173319.1_28978	402	203	0	0
lcl|NC_052677.1_mrna_XM_011163615.1_28979	666	467	0	0
lcl|NC_052677.1_mrna_XM_011157196.1_28980	1503	1304	0	0
lcl|NC_052677.1_mrna_XM_039457083.1_28981	577	378	0	0
lcl|NC_052677.1_mrna_XM_011157174.3_28982	2150	1951	3	0.431897
lcl|NC_052677.1_mrna_XM_026136646.2_28983	4524	4325	19.3764	1.25836
lcl|NC_052677.1_mrna_XM_011157162.3_28984	4847	4648	11.68	0.705817
lcl|NC_052677.1_mrna_XM_039457247.1_28985	3989	3790	13.9436	1.03336
lcl|NC_052677.1_mrna_XM_011157140.3_28986	1098	899	1227	383.355
lcl|NC_052677.1_mrna_XM_026136629.2_28987	1479	1280	461.77	101.328
lcl|NC_052677.1_mrna_XM_026136630.2_28988	1455	1256	88.1986	19.7237
lcl|NC_052677.1_mrna_XM_039457225.1_28989	1579	1380	814.425	165.763
lcl|NC_052677.1_mrna_XM_039457226.1_28990	1454	1255	268.872	60.1753
lcl|NC_052677.1_mrna_XM_039457224.1_28991	1514	1315	19.7031	4.20846
lcl|NC_052677.1_mrna_XM_039457239.1_28992	2282	2083	593.409	80.0167
lcl|NC_052677.1_mrna_XM_039457240.1_28993	2185	1986	28.5907	4.04353
lcl|NC_052677.1_mrna_XM_026136627.2_28994	2202	2003	0	0
lcl|NC_052677.1_mrna_XM_026136626.2_28995	2201	2002	37.335	5.23803
lcl|NC_052677.1_mrna_XM_026136625.2_28996	2127	1928	1.31015e-07	1.90866e-08
lcl|NC_052677.1_mrna_XM_026136623.2_28997	2164	1965	0	0
lcl|NC_052677.1_mrna_XM_039457324.1_28998	2209	2010	0	0
lcl|NC_052677.1_mrna_XM_011159426.3_28999	2333	2134	911.624	119.988
lcl|NC_052677.1_mrna_XM_011159427.3_29000	2294	2095	107.376	14.3958
lcl|NC_052677.1_mrna_XM_026136643.2_29001	2894	2695	33.7946	3.52213
lcl|NC_052677.1_mrna_XM_039457323.1_29002	2838	2639	0	0
lcl|NC_052677.1_mrna_XM_011159424.3_29003	2909	2710	57.2054	5.92902
lcl|NC_052677.1_mrna_XM_039457328.1_29004	2323	2124	454.835	60.1472
lcl|NC_052677.1_mrna_XM_011159422.3_29005	2171	1972	1899.17	270.503
lcl|NC_052677.1_mrna_XM_011159419.3_29006	2919	2720	6356.31	656.375
lcl|NC_052677.1_mrna_XM_011159421.3_29007	2912	2713	1154.51	119.526
lcl|NC_052677.1_mrna_XM_011159416.3_29008	2611	2412	10.2742	1.19643
lcl|NC_052677.1_mrna_XM_011159415.3_29009	4792	4593	204.685	12.5172
lcl|NC_052677.1_mrna_XM_011159418.2_29010	4765	4566	0.0405025	0.00249151
lcl|NC_052677.1_mrna_XM_011159411.3_29011	3526	3327	1188.48	100.336
lcl|NC_052677.1_mrna_XM_011159412.3_29012	3851	3652	184.524	14.1918
lcl|NC_052677.1_mrna_XM_026136666.2_29013	5070	4871	3.9959	0.230416
lcl|NC_052677.1_mrna_XM_026136668.2_29014	4648	4449	0	0
lcl|NC_052677.1_mrna_XM_026136662.2_29015	5389	5190	0	0
lcl|NC_052677.1_mrna_XM_039457325.1_29016	5389	5190	0	0
lcl|NC_052677.1_mrna_XM_011159413.3_29017	5391	5192	0	0
lcl|NC_052677.1_mrna_XM_039457327.1_29018	5199	5000	0	0
lcl|NC_052677.1_mrna_XM_039457326.1_29019	5376	5177	0	0
lcl|NC_052677.1_mrna_XM_026136663.2_29020	5174	4975	0	0
lcl|NC_052677.1_mrna_XM_026136665.2_29021	4982	4783	37.5874	2.20728
lcl|NC_052677.1_mrna_XM_011159414.3_29022	5378	5179	0	0
lcl|NC_052677.1_mrna_XM_026136664.2_29023	4473	4274	35.4126	2.32723
lcl|NC_052677.1_mrna_XM_011159407.3_29024	6830	6631	49.8264	2.11055
lcl|NC_052677.1_mrna_XM_011159408.3_29025	6754	6555	126.876	5.43653
lcl|NC_052677.1_mrna_XM_011159410.3_29026	6726	6527	174.329	7.50191
lcl|NC_052677.1_mrna_XM_011159406.3_29027	1894	1695	16.0078	2.65263
lcl|NC_052677.1_mrna_XM_026136620.2_29028	5592	5393	376.163	19.5912
lcl|NC_052677.1_mrna_XM_011159404.3_29029	554	355	240	189.888
lcl|NC_052677.1_mrna_XM_039457019.1_29030	19564	19365	0	0
lcl|NC_052677.1_mrna_XM_039457022.1_29031	19486	19287	0	0
lcl|NC_052677.1_mrna_XM_039457023.1_29032	19486	19287	0	0
lcl|NC_052677.1_mrna_XM_039457018.1_29033	19633	19434	0	0
lcl|NC_052677.1_mrna_XM_039457016.1_29034	19642	19443	0	0
lcl|NC_052677.1_mrna_XM_039457021.1_29035	19489	19290	0	0
lcl|NC_052677.1_mrna_XM_039457020.1_29036	19495	19296	0	0
lcl|NC_052677.1_mrna_XM_039457017.1_29037	19636	19437	0	0
lcl|NC_052677.1_mrna_XM_011159400.3_29038	18270	18071	21	0.326402
lcl|NC_052677.1_mrna_XM_039457015.1_29039	10768	10569	0	0
lcl|NC_052677.1_mrna_XM_039457024.1_29040	12892	12693	42.2145	0.934143
lcl|NC_052677.1_mrna_XM_039457025.1_29041	4911	4712	0	0
lcl|NC_052677.1_mrna_XM_039457026.1_29042	12942	12743	0	0
lcl|NC_052677.1_mrna_XM_011159398.3_29043	12894	12695	0	0
lcl|NC_052677.1_mrna_XM_026136657.2_29044	12598	12399	1.68631	0.0382002
lcl|NC_052677.1_mrna_XM_026136658.2_29045	12550	12351	605.077	13.7602
lcl|NC_052677.1_mrna_XM_039457027.1_29046	8071	7872	1.27214	0.0453905
lcl|NC_052677.1_mrna_XM_011159397.3_29047	8307	8108	11	0.381061
lcl|NC_052677.1_mrna_XM_011159396.3_29048	1389	1190	69	16.2861
lcl|NC_052677.1_mrna_XM_039457084.1_29049	573	374	0	0
lcl|NC_052677.1_mrna_XM_011159395.3_29050	27560	27361	114.042	1.17071
lcl|NC_052677.1_mrna_XM_039457235.1_29051	1105	906	38.9437	12.0733
lcl|NC_052677.1_mrna_XM_039457234.1_29052	1138	939	0	0
lcl|NC_052677.1_mrna_XM_011159394.3_29053	953	754	219.999	81.9532
lcl|NC_052677.1_mrna_XM_011159393.3_29054	1006	807	72.0569	25.0794
lcl|NC_052677.1_mrna_XM_011159388.3_29055	3887	3688	178	13.5564
lcl|NC_052677.1_mrna_XM_011159389.3_29056	5730	5531	259	13.1526
lcl|NC_052677.1_mrna_XM_011159387.3_29057	1511	1312	366.267	78.4114
lcl|NC_052677.1_mrna_XM_039457231.1_29058	1271	1072	203.733	53.3805
lcl|NC_052677.1_mrna_XM_011159386.3_29059	4028	3829	514	37.7045
lcl|NC_052677.1_mrna_XM_026136622.2_29060	4603	4404	410.69	26.1929
lcl|NC_052677.1_mrna_XM_039457230.1_29061	3595	3396	236.31	19.5447
lcl|NC_052677.1_ncrna_XR_005576266.1_29062	5071	4872	0	0
lcl|NC_052677.1_ncrna_XR_005576268.1_29063	4549	4350	0	0
lcl|NC_052677.1_ncrna_XR_005576264.1_29064	5081	4882	0	0
lcl|NC_052677.1_ncrna_XR_005576267.1_29065	7323	7124	5.55105	0.21886
lcl|NC_052677.1_ncrna_XR_005576265.1_29066	3660	3461	3.63726	0.295181
lcl|NC_052677.1_ncrna_XR_005576269.1_29067	3985	3786	43.0199	3.19157
lcl|NC_052677.1_mrna_XM_039457238.1_29068	1734	1535	213.338	39.0369
lcl|NC_052677.1_mrna_XM_039457237.1_29069	1726	1527	511.163	94.0234
lcl|NC_052677.1_mrna_XM_039457236.1_29070	1576	1377	894.114	182.379
lcl|NC_052677.1_mrna_XM_011159384.3_29071	1155	956	97.8828	28.7584
lcl|NC_052677.1_mrna_XM_011159383.3_29072	1215	1016	311.789	86.1952
lcl|NC_052677.1_mrna_XM_026136621.2_29073	1087	888	675.584	213.689
lcl|NC_052677.1_mrna_XM_026136619.2_29074	1187	988	0	0
lcl|NC_052677.1_mrna_XM_026136617.2_29075	1451	1252	82.7676	18.5683
lcl|NC_052677.1_mrna_XM_026136618.2_29076	1244	1045	0	0
lcl|NC_052677.1_mrna_XM_039457233.1_29077	1365	1166	0	0
lcl|NC_052677.1_mrna_XM_039457232.1_29078	1378	1179	73.3489	17.4741
lcl|NC_052677.1_mrna_XM_011159376.3_29079	1499	1300	279.141	60.311
lcl|NC_052677.1_miscrna_XR_005576263.1_29080	3498	3299	81.81	6.9653
lcl|NC_052677.1_miscrna_XR_003268886.2_29081	4172	3973	0	0
lcl|NC_052677.1_mrna_XM_026136612.2_29082	4346	4147	107.932	7.31025
lcl|NC_052677.1_mrna_XM_026136611.2_29083	4397	4198	0	0
lcl|NC_052677.1_mrna_XM_026136613.2_29084	3414	3215	17.9515	1.56832
lcl|NC_052677.1_mrna_XM_026136614.2_29085	2790	2591	28.0485	3.04059
lcl|NC_052677.1_mrna_XM_026136644.2_29086	1159	960	866	253.374
lcl|NC_052677.1_mrna_XM_011159374.3_29087	4106	3907	0.999987	0.0718897
lcl|NC_052677.1_mrna_XM_026136641.2_29088	4150	3951	1.32369e-05	9.41009e-07
lcl|NC_052677.1_mrna_XM_039457169.1_29089	1883	1684	0	0
lcl|NC_052677.1_mrna_XM_026136640.2_29090	1821	1622	0	0
lcl|NC_052677.1_mrna_XM_039457171.1_29091	1958	1759	0	0
lcl|NC_052677.1_mrna_XM_026136636.2_29092	1974	1775	0	0
lcl|NC_052677.1_mrna_XM_026136634.2_29093	2026	1827	0	0
lcl|NC_052677.1_mrna_XM_026136633.2_29094	2299	2100	0	0
lcl|NC_052677.1_mrna_XM_026136642.2_29095	1646	1447	0	0
lcl|NC_052677.1_mrna_XM_026136639.2_29096	1725	1526	0	0
lcl|NC_052677.1_mrna_XM_026136637.2_29097	1899	1700	0	0
lcl|NC_052677.1_mrna_XM_039457170.1_29098	1536	1337	0	0
lcl|NC_052677.1_mrna_XM_026136635.2_29099	3422	3223	0	0
lcl|NC_052677.1_mrna_XM_039457639.1_29100	1006	807	0	0
lcl|NC_052677.1_mrna_XM_011169371.3_29101	1845	1646	551	94.0237
lcl|NC_052677.1_mrna_XM_026139569.2_29102	1100	901	905	282.124
lcl|NC_052677.1_mrna_XM_011165182.3_29103	2193	1994	905	127.479
lcl|NC_052677.1_mrna_XM_026139570.2_29104	4360	4161	86	5.80519
lcl|NC_052677.1_mrna_XM_039456979.1_29105	969	770	0	0
lcl|NC_052677.1_mrna_XM_039456980.1_29106	952	753	0	0
lcl|NC_052677.1_mrna_XM_039456978.1_29107	1336	1137	8.28654	2.04705
lcl|NC_052677.1_mrna_XM_011165711.3_29108	2198	1999	540.112	75.8904
lcl|NC_052677.1_mrna_XM_011165717.3_29109	2492	2293	20.7715	2.54437
lcl|NC_052677.1_mrna_XM_039456977.1_29110	2606	2407	21.1166	2.46413
lcl|NC_052677.1_mrna_XM_011165774.3_29111	1551	1352	655	136.076
lcl|NC_052677.1_mrna_XM_039457228.1_29112	1052	853	3.57405	1.17687
lcl|NC_052677.1_mrna_XM_039457229.1_29113	1039	840	10.2418	3.42463
lcl|NC_052677.1_mrna_XM_011165732.3_29114	3153	2954	324.409	30.846
lcl|NC_052677.1_mrna_XM_011165724.3_29115	3064	2865	109.591	10.744
lcl|NC_052677.1_mrna_XM_011165743.3_29116	1411	1212	3	0.695239
lcl|NC_052677.1_mrna_XM_039456996.1_29117	3751	3552	4.98455	0.394157
lcl|NC_052677.1_mrna_XM_011165762.3_29118	3754	3555	2.13736	0.168871
lcl|NC_052677.1_mrna_XM_026139565.2_29119	3757	3558	0.917151	0.072402
lcl|NC_052677.1_miscrna_XR_850906.3_29120	2838	2639	146.847	15.6294
lcl|NC_052677.1_mrna_XM_011165778.3_29121	1783	1584	180.114	31.938
lcl|NC_052677.1_mrna_XM_011165817.3_29122	2505	2306	27.9534	3.40479
lcl|NC_052677.1_mrna_XM_039457000.1_29123	2631	2432	0	0
lcl|NC_052677.1_miscrna_XR_005576241.1_29124	2748	2549	72.7607	8.01757
lcl|NC_052677.1_mrna_XM_039456999.1_29125	2849	2650	3.29073e-08	3.48788e-09
lcl|NC_052677.1_mrna_XM_011165810.3_29126	2974	2775	398.664	40.3516
lcl|NC_052677.1_mrna_XM_026139567.2_29127	2790	2591	7.22902e-07	7.8366e-08
lcl|NC_052677.1_mrna_XM_026139566.2_29128	2869	2670	86.6214	9.11234
lcl|NC_052677.1_mrna_XM_039456998.1_29129	2831	2632	0	0
lcl|NC_052677.1_mrna_XM_039456997.1_29130	2910	2711	1.99303e-05	2.06491e-06
lcl|NC_052677.1_mrna_XM_026139575.2_29131	1063	864	2	0.650178
lcl|NC_052677.1_mrna_XM_026139574.2_29132	3122	2923	0	0
lcl|NC_052677.1_mrna_XM_011165838.3_29133	2103	1904	1	0.147519
lcl|NC_052677.1_mrna_XM_026139576.2_29134	2387	2188	54	6.93206
lcl|NC_052677.1_mrna_XM_011165824.3_29135	1341	1142	5	1.22976
lcl|NC_052677.1_mrna_XM_039457001.1_29136	1367	1168	0	0
lcl|NC_052677.1_mrna_XM_026139577.2_29137	1006	807	9	3.13245
lcl|NC_052677.1_mrna_XM_011165844.3_29138	1077	878	0	0
lcl|NC_052677.1_mrna_XM_011165852.3_29139	5930	5731	449	22.0055
lcl|NC_052677.1_mrna_XM_011165863.3_29140	1247	1048	43.7214	11.7179
lcl|NC_052677.1_mrna_XM_011165867.3_29141	1404	1205	35.2786	8.22319
lcl|NC_052677.1_mrna_XM_026139578.2_29142	2658	2459	0	0
lcl|NC_052677.1_mrna_XM_039457643.1_29143	1963	1764	0	0
lcl|NC_052677.1_mrna_XM_026139579.2_29144	2071	1872	10	1.50041
lcl|NC_052677.1_mrna_XM_011165887.3_29145	3015	2816	8.75518	0.87327
lcl|NC_052677.1_mrna_XM_011165935.3_29146	1643	1444	111.813	21.749
lcl|NC_052677.1_mrna_XM_011166001.3_29147	1603	1404	604.558	120.945
lcl|NC_052677.1_mrna_XM_011165985.3_29148	2186	1987	196.143	27.7262
lcl|NC_052677.1_mrna_XM_026139561.2_29149	2282	2083	0.0467374	0.00630219
lcl|NC_052677.1_mrna_XM_011165920.3_29150	2224	2025	5.6723e-07	7.86774e-08
lcl|NC_052677.1_miscrna_XR_003269278.2_29151	2859	2660	0	0
lcl|NC_052677.1_mrna_XM_011165943.3_29152	2174	1975	78.4329	11.1544
lcl|NC_052677.1_mrna_XM_011165968.3_29153	2112	1913	8.35152	1.22621
lcl|NC_052677.1_mrna_XM_026139563.2_29154	1523	1324	222.22	47.1424
lcl|NC_052677.1_miscrna_XR_003269277.2_29155	1967	1768	6.05062e-06	9.61244e-07
lcl|NC_052677.1_miscrna_XR_003269279.2_29156	1916	1717	16.6354	2.72131
lcl|NC_052677.1_miscrna_XR_003269280.2_29157	1860	1661	17.3787	2.93875
lcl|NC_052677.1_mrna_XM_039457647.1_29158	1402	1203	0	0
lcl|NC_052677.1_mrna_XM_026139572.2_29159	1363	1164	236.665	57.108
lcl|NC_052677.1_mrna_XM_011166015.3_29160	3102	2903	459.001	44.4101
lcl|NC_052677.1_mrna_XM_039457645.1_29161	3045	2846	370.155	36.5312
lcl|NC_052677.1_mrna_XM_026139571.2_29162	3206	3007	0.0110703	0.00103405
lcl|NC_052677.1_mrna_XM_039457644.1_29163	3074	2875	263.887	25.7807
lcl|NC_052677.1_mrna_XM_039457085.1_29164	915	716	0	0
lcl|NC_052677.1_mrna_XM_011169246.3_29165	7044	6845	0	0
lcl|NC_052677.1_mrna_XM_026140726.2_29166	7044	6845	0.659724	0.027071
lcl|NC_052677.1_mrna_XM_026140712.2_29167	7044	6845	0	0
lcl|NC_052677.1_mrna_XM_026140721.2_29168	7044	6845	0	0
lcl|NC_052677.1_mrna_XM_011169243.3_29169	7044	6845	0	0
lcl|NC_052677.1_mrna_XM_039457630.1_29170	7044	6845	0	0
lcl|NC_052677.1_mrna_XM_011169248.3_29171	7044	6845	0	0
lcl|NC_052677.1_mrna_XM_011169251.3_29172	7044	6845	0	0
lcl|NC_052677.1_mrna_XM_011169245.3_29173	7044	6845	0	0
lcl|NC_052677.1_mrna_XM_039457622.1_29174	7044	6845	0	0
lcl|NC_052677.1_mrna_XM_039457629.1_29175	7112	6913	0	0
lcl|NC_052677.1_mrna_XM_039457623.1_29176	7044	6845	0	0
lcl|NC_052677.1_mrna_XM_039457624.1_29177	7044	6845	0	0
lcl|NC_052677.1_mrna_XM_039457626.1_29178	7044	6845	0	0
lcl|NC_052677.1_mrna_XM_026140716.2_29179	7044	6845	0	0
lcl|NC_052677.1_mrna_XM_026140709.2_29180	7044	6845	0	0
lcl|NC_052677.1_mrna_XM_026140710.2_29181	7044	6845	0	0
lcl|NC_052677.1_mrna_XM_026140713.2_29182	7044	6845	0	0
lcl|NC_052677.1_mrna_XM_026140715.2_29183	7044	6845	0	0
lcl|NC_052677.1_mrna_XM_026140720.2_29184	7044	6845	0	0
lcl|NC_052677.1_mrna_XM_026140711.2_29185	6842	6643	0	0
lcl|NC_052677.1_mrna_XM_026140717.2_29186	6842	6643	2.1149e-05	8.94215e-07
lcl|NC_052677.1_mrna_XM_026140714.2_29187	6842	6643	0	0
lcl|NC_052677.1_mrna_XM_039457627.1_29188	6842	6643	56.1458	2.37393
lcl|NC_052677.1_mrna_XM_011169240.3_29189	6842	6643	0	0
lcl|NC_052677.1_mrna_XM_011169247.3_29190	6842	6643	0	0
lcl|NC_052677.1_mrna_XM_039457625.1_29191	6842	6643	0.00759469	0.000321116
lcl|NC_052677.1_mrna_XM_011169250.3_29192	6842	6643	113.187	4.78572
lcl|NC_052677.1_mrna_XM_039457633.1_29193	1578	1379	4.23249	0.86208
lcl|NC_052677.1_mrna_XM_039457634.1_29194	1467	1268	0	0
lcl|NC_052677.1_mrna_XM_039457632.1_29195	1653	1454	14.7325	2.84595
lcl|NC_052677.1_mrna_XM_039457631.1_29196	3012	2813	1.03504	0.103348
lcl|NC_052677.1_mrna_XM_026140707.2_29197	540	341	0	0
lcl|NC_052677.1_mrna_XM_039457086.1_29198	1968	1769	0	0
lcl|NC_052677.1_ncrna_XR_005576377.1_29199	572	373	1	0.753021
lcl|NC_052677.1_mrna_XM_039457636.1_29200	2851	2652	0.000148491	1.57269e-05
lcl|NC_052677.1_mrna_XM_039457637.1_29201	2924	2725	0	0
lcl|NC_052677.1_mrna_XM_039457635.1_29202	2817	2618	61.9999	6.65176
lcl|NC_052677.1_ncrna_XR_003269240.2_29203	6552	6353	44	1.94531
lcl|NC_052677.1_mrna_XM_011169233.3_29204	4566	4367	28.9985	1.86513
lcl|NC_052677.1_mrna_XM_026139256.2_29205	7998	7799	862.38	31.0581
lcl|NC_052677.1_miscrna_XR_005576240.1_29206	1775	1576	104.343	18.5961
lcl|NC_052677.1_mrna_XM_039456972.1_29207	1565	1366	2224	457.299
lcl|NC_052677.1_mrna_XM_026139255.2_29208	1415	1216	0	0
lcl|NC_052677.1_mrna_XM_039457581.1_29209	2740	2541	590	65.2173
lcl|NC_052677.1_mrna_XM_026139254.2_29210	7656	7457	40	1.50665
lcl|NC_052677.1_mrna_XM_011169254.3_29211	3133	2934	2	0.191463
lcl|NC_052677.1_mrna_XM_011178066.3_29212	4084	3885	0	0
lcl|NC_052677.1_mrna_XM_011178065.3_29213	4081	3882	0	0
lcl|NC_052677.1_miscrna_XR_003269239.2_29214	4447	4248	0	0
lcl|NC_052677.1_mrna_XM_011178061.3_29215	4486	4287	0	0
lcl|NC_052677.1_mrna_XM_039457682.1_29216	16840	16641	3	0.0506358
lcl|NC_052677.1_mrna_XM_011178063.3_29217	4458	4259	13.0239	0.858913
lcl|NC_052677.1_mrna_XM_011178064.3_29218	5898	5699	5.4431	0.268265
lcl|NC_052677.1_mrna_XM_039457680.1_29219	5588	5389	0	0
lcl|NC_052677.1_mrna_XM_011178067.3_29220	3804	3605	0.532999	0.0415276
lcl|NC_052677.1_mrna_XM_011178060.3_29221	2584	2385	30.7385	3.62001
lcl|NC_052677.1_mrna_XM_011178058.3_29222	2809	2610	491.103	52.8503
lcl|NC_052677.1_mrna_XM_039457681.1_29223	2774	2575	6.27224e-07	6.84165e-08
lcl|NC_052677.1_mrna_XM_026139250.2_29224	2757	2558	68.159	7.48408
lcl|NC_052677.1_mrna_XM_011166191.3_29225	6078	5879	0	0
lcl|NC_052677.1_mrna_XM_011166194.3_29226	6057	5858	14.8681	0.712889
lcl|NC_052677.1_mrna_XM_011166192.3_29227	6066	5867	0	0
lcl|NC_052677.1_mrna_XM_011166195.3_29228	6033	5834	247.433	11.9126
lcl|NC_052677.1_mrna_XM_039456990.1_29229	6021	5822	0	0
lcl|NC_052677.1_mrna_XM_011166196.3_29230	6009	5810	27.4429	1.32669
lcl|NC_052677.1_mrna_XM_039456991.1_29231	6394	6195	0	0
lcl|NC_052677.1_mrna_XM_011166197.3_29232	6336	6137	15.256	0.698235
lcl|NC_052677.1_mrna_XM_039456994.1_29233	2053	1854	7	1.06048
lcl|NC_052677.1_mrna_XM_039456995.1_29234	847	648	26	11.2697
lcl|NC_052677.1_mrna_XM_011166198.3_29235	1323	1124	14	3.49846
lcl|NC_052677.1_mrna_XM_011166200.3_29236	1322	1123	0	0
lcl|NC_052677.1_mrna_XM_011166203.3_29237	759	560	217	108.84
lcl|NC_052677.1_mrna_XM_011166205.3_29238	1279	1080	544	141.479
lcl|NC_052677.1_mrna_XM_026137978.2_29239	5082	4883	22.4265	1.29
lcl|NC_052677.1_mrna_XM_011166207.3_29240	5072	4873	70.3738	4.0563
lcl|NC_052677.1_mrna_XM_039457605.1_29241	4901	4702	0.00547521	0.000327065
lcl|NC_052677.1_mrna_XM_011166208.3_29242	3656	3457	214.194	17.403
lcl|NC_052677.1_mrna_XM_011166206.3_29243	2660	2461	41	4.67938
lcl|NC_052677.1_ncrna_XR_005576363.1_29244	14084	13885	2.06065	0.0416845
lcl|NC_052677.1_mrna_XM_039457607.1_29245	458	259	0	0
lcl|NC_052677.1_mrna_XM_011166209.3_29246	3073	2874	2.70746	0.2646
lcl|NC_052677.1_mrna_XM_039457602.1_29247	3069	2870	10.9457	1.07122
lcl|NC_052677.1_mrna_XM_011166210.3_29248	2490	2291	0	0
lcl|NC_052677.1_mrna_XM_011166212.3_29249	2439	2240	15.0946	1.89274
lcl|NC_052677.1_mrna_XM_039457603.1_29250	2352	2153	58.7476	7.66411
lcl|NC_052677.1_mrna_XM_011166214.3_29251	2570	2371	43.5046	5.1537
lcl|NC_052677.1_mrna_XM_011166217.3_29252	760	561	494	247.332
lcl|NC_052677.1_mrna_XM_039457218.1_29253	3302	3103	140.453	12.7135
lcl|NC_052677.1_mrna_XM_039457219.1_29254	3269	3070	162.473	14.8648
lcl|NC_052677.1_mrna_XM_039457217.1_29255	3436	3237	2715.07	235.589
lcl|NC_052677.1_mrna_XM_039457220.1_29256	3178	2979	1.65886e-08	1.56406e-09
lcl|NC_052677.1_mrna_XM_039457221.1_29257	3131	2932	664	63.6092
lcl|NC_052677.1_mrna_XM_011166218.3_29258	1416	1217	317.879	73.3647
lcl|NC_052677.1_mrna_XM_039457403.1_29259	2079	1880	366.264	54.7208
lcl|NC_052677.1_ncrna_XR_005576314.1_29260	2274	2075	92.8566	12.5693
lcl|NC_052677.1_mrna_XM_026137961.2_29261	1949	1750	192	30.8162
lcl|NC_052677.1_mrna_XM_039457400.1_29262	1840	1641	1.22852e-06	2.10277e-07
lcl|NC_052677.1_ncrna_XR_005576315.1_29263	880	681	1	0.412447
lcl|NC_052677.1_mrna_XM_011166219.3_29264	6272	6073	718	33.2076
lcl|NC_052677.1_trna_29265	72	3.52559	0	0
lcl|NC_052677.1_mrna_XM_011166221.3_29266	931	732	360	138.136
lcl|NC_052677.1_mrna_XM_011166220.3_29267	1274	1075	599	156.507
lcl|NC_052677.1_mrna_XM_011166223.3_29268	4436	4237	42.55	2.8207
lcl|NC_052677.1_mrna_XM_039457399.1_29269	6353	6154	157.45	7.18623
lcl|NC_052677.1_mrna_XM_011166222.3_29270	1957	1758	188.187	30.0668
lcl|NC_052677.1_mrna_XM_039457402.1_29271	1979	1780	51.8129	8.17586
lcl|NC_052677.1_mrna_XM_039457409.1_29272	1672	1473	43.3153	8.2595
lcl|NC_052677.1_mrna_XM_011166229.3_29273	1235	1036	356.843	96.7459
lcl|NC_052677.1_mrna_XM_011166227.3_29274	1431	1232	36.5828	8.3403
lcl|NC_052677.1_mrna_XM_011166228.3_29275	1353	1154	0	0
lcl|NC_052677.1_mrna_XM_011166225.3_29276	1461	1262	68.261	15.1925
lcl|NC_052677.1_mrna_XM_026137972.2_29277	1209	1010	0	0
lcl|NC_052677.1_mrna_XM_026137974.2_29278	1180	981	35.9983	10.3069
lcl|NC_052677.1_mrna_XM_026137971.2_29279	11724	11525	18.4205	0.448928
lcl|NC_052677.1_mrna_XM_039457405.1_29280	11697	11498	193.637	4.73021
lcl|NC_052677.1_mrna_XM_026137966.2_29281	11762	11563	0	0
lcl|NC_052677.1_mrna_XM_026137967.2_29282	11750	11551	0	0
lcl|NC_052677.1_mrna_XM_026137970.2_29283	11633	11434	136.617	3.356
lcl|NC_052677.1_mrna_XM_026137968.2_29284	11779	11580	160.652	3.89666
lcl|NC_052677.1_mrna_XM_026137969.2_29285	11809	11610	0	0
lcl|NC_052677.1_ncrna_XR_003269076.1_29286	138	6.07083	0	0
lcl|NC_052677.1_ncrna_XR_003269069.2_29287	4048	3849	21.6745	1.58167
lcl|NC_052677.1_mrna_XM_011166230.3_29288	3525	3326	6	0.506693
lcl|NC_052677.1_mrna_XM_011166232.3_29289	3529	3330	14	1.18086
lcl|NC_052677.1_mrna_XM_026137963.2_29290	5737	5538	0.000702573	3.56332e-05
lcl|NC_052677.1_mrna_XM_039457406.1_29291	5692	5493	0.0236214	0.00120785
lcl|NC_052677.1_mrna_XM_026137962.2_29292	5740	5541	237.976	12.0631
lcl|NC_052677.1_mrna_XM_039457407.1_29293	5110	4911	0	0
lcl|NC_052677.1_mrna_XM_039457616.1_29294	8864	8665	95.5877	3.09848
lcl|NC_052677.1_mrna_XM_039457617.1_29295	7017	6818	5.49532e-08	2.26387e-09
lcl|NC_052677.1_mrna_XM_026137954.2_29296	7035	6836	0	0
lcl|NC_052677.1_mrna_XM_026137955.2_29297	7014	6815	8.54483e-08	3.52171e-09
lcl|NC_052677.1_mrna_XM_039457618.1_29298	6927	6728	0	0
lcl|NC_052677.1_mrna_XM_026137956.2_29299	6924	6725	0	0
lcl|NC_052677.1_mrna_XM_011166234.3_29300	6902	6703	1.41232	0.0591807
lcl|NC_052677.1_mrna_XM_039457619.1_29301	6681	6482	0	0
lcl|NC_052677.1_mrna_XM_011166241.3_29302	1192	993	822.833	232.744
lcl|NC_052677.1_mrna_XM_011166240.3_29303	1210	1011	156.167	43.3865
lcl|NC_052677.1_mrna_XM_011166236.3_29304	10718	10519	0.210756	0.00562757
lcl|NC_052677.1_mrna_XM_011166239.3_29305	10643	10444	275.863	7.41896
lcl|NC_052677.1_mrna_XM_011166238.3_29306	10685	10486	4.92578	0.131941
lcl|NC_052677.1_mrna_XM_011166237.3_29307	10709	10510	8.35095e-06	2.23177e-07
lcl|NC_052677.1_mrna_XM_011166242.3_29308	4755	4556	173.749	10.7116
lcl|NC_052677.1_mrna_XM_011166243.3_29309	4549	4350	6.57668e-05	4.24652e-06
lcl|NC_052677.1_miscrna_XR_005576375.1_29310	4828	4629	9.51705	0.577472
lcl|NC_052677.1_miscrna_XR_005576374.1_29311	4840	4641	0	0
lcl|NC_052677.1_mrna_XM_011166247.3_29312	1412	1213	60.1352	13.9246
lcl|NC_052677.1_miscrna_XR_003269065.2_29313	1398	1199	44.3152	10.3812
lcl|NC_052677.1_miscrna_XR_003269064.2_29314	1439	1240	89.0798	20.1778
lcl|NC_052677.1_miscrna_XR_003269066.2_29315	1560	1361	46.8577	9.67026
lcl|NC_052677.1_mrna_XM_011166244.2_29316	1232	1033	1321.87	359.422
lcl|NC_052677.1_mrna_XM_011166245.3_29317	1353	1154	551.678	134.275
lcl|NC_052677.1_mrna_XM_011166246.3_29318	1394	1195	147.795	34.7383
lcl|NC_052677.1_mrna_XM_026137957.2_29319	4115	3916	2.48238	0.17805
lcl|NC_052677.1_mrna_XM_011166250.3_29320	2876	2677	33.9367	3.56071
lcl|NC_052677.1_mrna_XM_011166249.3_29321	2857	2658	754.581	79.7382
lcl|NC_052677.1_mrna_XM_011166254.3_29322	4072	3873	848.631	61.5442
lcl|NC_052677.1_mrna_XM_011166253.3_29323	3994	3795	119.101	8.81493
lcl|NC_052677.1_ncrna_XR_005576400.1_29324	4342	4143	0	0
lcl|NC_052677.1_mrna_XM_011166252.3_29325	4374	4175	15.1462	1.01897
lcl|NC_052677.1_mrna_XM_011166251.3_29326	2062	1863	912.49	137.572
lcl|NC_052677.1_mrna_XM_039457696.1_29327	1719	1520	823.633	152.197
lcl|NC_052677.1_mrna_XM_011169818.3_29328	1604	1405	107	21.3906
lcl|NC_052677.1_mrna_XM_039457150.1_29329	4294	4095	139.216	9.54882
lcl|NC_052677.1_mrna_XM_039457151.1_29330	3847	3648	0	0
lcl|NC_052677.1_mrna_XM_039457149.1_29331	4148	3949	218.959	15.5737
lcl|NC_052677.1_mrna_XM_039457152.1_29332	3153	2954	141.826	13.4853
lcl|NC_052677.1_mrna_XM_026139998.2_29333	10185	9986	0	0
lcl|NC_052677.1_mrna_XM_039457155.1_29334	10128	9929	23.5123	0.665128
lcl|NC_052677.1_mrna_XM_039457154.1_29335	10179	9980	11.1435	0.313622
lcl|NC_052677.1_mrna_XM_039457156.1_29336	10098	9899	0	0
lcl|NC_052677.1_mrna_XM_039457157.1_29337	10095	9896	0	0
lcl|NC_052677.1_mrna_XM_039457158.1_29338	10089	9890	0.000107784	3.06108e-06
lcl|NC_052677.1_mrna_XM_026139999.2_29339	10315	10116	15.3441	0.426038
lcl|NC_052677.1_mrna_XM_011169822.3_29340	1590	1391	60.0708	12.1297
lcl|NC_052677.1_mrna_XM_026139995.2_29341	4439	4240	28.4202	1.88268
lcl|NC_052677.1_mrna_XM_039457164.1_29342	4918	4719	0	0
lcl|NC_052677.1_mrna_XM_011169820.3_29343	2155	1956	369.881	53.114
lcl|NC_052677.1_mrna_XM_011169821.3_29344	2131	1932	2.54824e-06	3.70466e-07
lcl|NC_052677.1_mrna_XM_011169819.3_29345	3568	3369	712.084	59.3671
lcl|NC_052677.1_mrna_XM_011169823.3_29346	2620	2421	1814	210.454
lcl|NC_052677.1_mrna_XM_011169827.3_29347	5110	4911	137.178	7.84567
lcl|NC_052677.1_mrna_XM_011169829.3_29348	5101	4902	32.2306	1.84676
lcl|NC_052677.1_mrna_XM_011169830.3_29349	5455	5256	135.011	7.2149
lcl|NC_052677.1_mrna_XM_011169828.3_29350	4914	4715	0	0
lcl|NC_052677.1_mrna_XM_011169834.3_29351	4851	4652	30.0304	1.81317
lcl|NC_052677.1_mrna_XM_011169831.3_29352	5011	4812	174.581	10.1903
lcl|NC_052677.1_mrna_XM_039457162.1_29353	4695	4496	22.6222	1.41327
lcl|NC_052677.1_ncrna_XR_005576261.1_29354	1985	1786	0	0
lcl|NC_052677.1_mrna_XM_011169835.3_29355	4820	4621	0	0
lcl|NC_052677.1_mrna_XM_011169839.3_29356	4814	4615	0	0
lcl|NC_052677.1_mrna_XM_039457160.1_29357	4545	4346	0	0
lcl|NC_052677.1_mrna_XM_026140006.2_29358	5006	4807	36.5244	2.13415
lcl|NC_052677.1_mrna_XM_011169841.3_29359	6887	6688	315.129	13.2345
lcl|NC_052677.1_mrna_XM_039457159.1_29360	6548	6349	23.8708	1.05603
lcl|NC_052677.1_mrna_XM_026140004.2_29361	4914	4715	0	0
lcl|NC_052677.1_mrna_XM_026139996.1_29362	1571	1372	158.163	32.3791
lcl|NC_052677.1_mrna_XM_011169844.3_29363	1498	1299	217.103	46.9431
lcl|NC_052677.1_mrna_XM_011169843.3_29364	1582	1383	1226.62	249.117
lcl|NC_052677.1_mrna_XM_011169842.3_29365	1654	1455	858.117	165.653
lcl|NC_052677.1_mrna_XM_011157393.3_29366	2193	1994	676	95.222
lcl|NC_052677.1_mrna_XM_011157395.3_29367	4400	4201	0.156143	0.0104396
lcl|NC_052677.1_mrna_XM_011157394.3_29368	4476	4277	133.844	8.78971
lcl|NC_052677.1_mrna_XM_039457543.1_29369	4434	4235	4.81156e-05	3.19116e-06
lcl|NC_052677.1_ncrna_XR_005576344.1_29370	2113	1914	0	0
lcl|NC_052677.1_mrna_XM_011157397.3_29371	2330	2131	0	0
lcl|NC_052677.1_mrna_XM_011157396.3_29372	2402	2203	751	95.7505
lcl|NC_052677.1_mrna_XM_011157398.3_29373	1461	1262	580	129.088
lcl|NC_052677.1_mrna_XM_011157400.3_29374	2010	1811	73.932	11.4665
lcl|NC_052677.1_mrna_XM_011157399.3_29375	1998	1799	234.068	36.5449
lcl|NC_052677.1_mrna_XM_011157401.3_29376	1036	837	1519.95	510.059
lcl|NC_052677.1_mrna_XM_039457546.1_29377	1287	1088	1693.05	437.075
lcl|NC_052677.1_mrna_XM_026137186.2_29378	6614	6415	55	2.40814
lcl|NC_052677.1_mrna_XM_011165539.3_29379	2871	2672	239.892	25.2171
lcl|NC_052677.1_mrna_XM_039457550.1_29380	2869	2670	309.155	32.5223
lcl|NC_052677.1_mrna_XM_039457547.1_29381	3066	2867	29.4742	2.88755
lcl|NC_052677.1_mrna_XM_039457549.1_29382	3044	2845	113.389	11.1945
lcl|NC_052677.1_mrna_XM_039457548.1_29383	3503	3304	39.0897	3.32306
lcl|NC_052677.1_mrna_XM_011165545.3_29384	559	360	1198	934.695
lcl|NC_052677.1_mrna_XM_011165566.3_29385	571	372	1	0.755045
lcl|NC_052677.1_mrna_XM_011165546.3_29386	1626	1427	888	174.785
lcl|NC_052677.1_mrna_XM_011165547.3_29387	4162	3963	227	16.0886
lcl|NC_052677.1_ncrna_XR_003268952.2_29388	1380	1181	7.42958	1.76697
lcl|NC_052677.1_mrna_XM_026137205.2_29389	7487	7288	50.3649	1.94104
lcl|NC_052677.1_mrna_XM_026137206.2_29390	10606	10407	37.2055	1.00415
lcl|NC_052677.1_mrna_XM_011165554.3_29391	3031	2832	312	30.944
lcl|NC_052677.1_mrna_XM_011165556.3_29392	2192	1993	0	0
lcl|NC_052677.1_miscrna_XR_005576251.1_29393	2109	1910	537.882	79.0987
lcl|NC_052677.1_mrna_XM_011165557.3_29394	2162	1963	95.7453	13.6998
lcl|NC_052677.1_mrna_XM_011165555.3_29395	1768	1569	6.37261	1.1408
lcl|NC_052677.1_ncrna_XR_005576252.1_29396	1589	1390	0	0
lcl|NC_052677.1_mrna_XM_011165560.3_29397	1669	1470	1	0.191073
lcl|NC_052677.1_mrna_XM_011165558.3_29398	1535	1336	158.998	33.4273
lcl|NC_052677.1_mrna_XM_011165559.3_29399	1164	965	605.636	176.279
lcl|NC_052677.1_mrna_XM_011165563.3_29400	6479	6280	22.5386	1.00805
lcl|NC_052677.1_mrna_XM_011165562.3_29401	6328	6129	0.975483	0.044704
lcl|NC_052677.1_mrna_XM_011165564.3_29402	6295	6096	219.239	10.1015
lcl|NC_052677.1_mrna_XM_039457040.1_29403	11448	11249	27.1218	0.677206
lcl|NC_052677.1_mrna_XM_039457041.1_29404	11448	11249	0	0
lcl|NC_052677.1_mrna_XM_039457045.1_29405	10875	10676	58.6925	1.54415
lcl|NC_052677.1_mrna_XM_039457043.1_29406	11193	10994	0	0
lcl|NC_052677.1_mrna_XM_039457039.1_29407	11451	11252	0	0
lcl|NC_052677.1_mrna_XM_039457044.1_29408	11131	10932	0	0
lcl|NC_052677.1_mrna_XM_039457049.1_29409	7189	6990	11.5021	0.462186
lcl|NC_052677.1_mrna_XM_039457047.1_29410	7320	7121	101.235	3.99307
lcl|NC_052677.1_miscrna_XR_005576250.1_29411	7332	7133	0.000437028	1.72089e-05
lcl|NC_052677.1_mrna_XM_039457046.1_29412	8680	8481	6.48781	0.214865
lcl|NC_052677.1_mrna_XM_039457048.1_29413	8692	8493	0.000194387	6.42867e-06
lcl|NC_052677.1_ncrna_XR_003268951.2_29414	3791	3592	0	0
lcl|NC_052677.1_mrna_XM_039457087.1_29415	561	362	3	2.32771
lcl|NC_052677.1_mrna_XM_011164065.3_29416	1133	934	528	158.783
lcl|NC_052677.1_mrna_XM_039457088.1_29417	2310	2111	0	0
lcl|NC_052677.1_mrna_XM_039457089.1_29418	1188	989	0	0
lcl|NC_052677.1_miscrna_XR_005576253.1_29419	1055	856	0	0
lcl|NC_052677.1_mrna_XM_039457566.1_29420	1496	1297	2	0.433118
lcl|NC_052677.1_mrna_XM_039457565.1_29421	3766	3567	0	0
lcl|NC_052677.1_mrna_XM_011167340.3_29422	1676	1477	0	0
lcl|NC_052677.1_mrna_XM_011167286.3_29423	1976	1777	82.4101	13.0259
lcl|NC_052677.1_mrna_XM_011167303.3_29424	1955	1756	339.492	54.3027
lcl|NC_052677.1_mrna_XM_011167311.3_29425	1957	1758	36.2085	5.78505
lcl|NC_052677.1_mrna_XM_011167326.3_29426	1939	1740	168.256	27.1605
lcl|NC_052677.1_mrna_XM_011167298.3_29427	1963	1764	100.336	15.9763
lcl|NC_052677.1_mrna_XM_011167292.3_29428	1955	1756	156.991	25.1112
lcl|NC_052677.1_mrna_XM_039457254.1_29429	1855	1656	156.628	26.5659
lcl|NC_052677.1_mrna_XM_011167318.3_29430	1857	1658	46.677	7.90741
lcl|NC_052677.1_mrna_XM_026135577.2_29431	886	687	0	0
lcl|NC_052677.1_mrna_XM_039457250.1_29432	3283	3084	0	0
lcl|NC_052677.1_mrna_XM_039457251.1_29433	3399	3200	0	0
lcl|NC_052677.1_mrna_XM_011167266.3_29434	3951	3752	48.5375	3.63354
lcl|NC_052677.1_mrna_XM_039457253.1_29435	3100	2901	14.6217	1.41569
lcl|NC_052677.1_mrna_XM_039457252.1_29436	3106	2907	1.84079	0.177859
lcl|NC_052677.1_mrna_XM_026141371.2_29437	2201	2002	94.203	13.2165
lcl|NC_052677.1_mrna_XM_039457255.1_29438	2174	1975	61.1665	8.69885
lcl|NC_052677.1_mrna_XM_039457256.1_29439	2090	1891	344.653	51.1925
lcl|NC_052677.1_mrna_XM_026139955.2_29440	1603	1404	17.1376	3.42845
lcl|NC_052677.1_mrna_XM_011158766.3_29441	2209	2010	128	17.8867
lcl|NC_052677.1_ncrna_XR_005576275.1_29442	552	353	0.396893	0.315801
lcl|NC_052677.1_mrna_XM_011158763.3_29443	3901	3702	573.836	43.5379
lcl|NC_052677.1_mrna_XM_011158764.3_29444	3899	3700	156.168	11.8551
lcl|NC_052677.1_mrna_XM_011158765.3_29445	3843	3644	93.9927	7.24488
lcl|NC_052677.1_mrna_XM_026139950.2_29446	3895	3696	447.903	34.0383
lcl|NC_052677.1_mrna_XM_011158762.3_29447	3843	3644	187.98	14.4894
lcl|NC_052677.1_mrna_NM_001364888.1_29448	2382	2183	0	0
lcl|NC_052677.1_ncrna_XR_003269345.2_29449	2337	2138	1.82641	0.239942
lcl|NC_052677.1_ncrna_XR_005576276.1_29450	2414	2215	0	0
lcl|NC_052677.1_ncrna_XR_003269344.2_29451	2337	2138	1.82641	0.239942
lcl|NC_052677.1_mrna_XM_011158769.3_29452	1961	1762	31	4.94164
lcl|NC_052677.1_mrna_XM_011158770.3_29453	898	699	2581	1037.11
lcl|NC_052677.1_mrna_XM_011158771.3_29454	3699	3500	287	23.0319
lcl|NC_052677.1_mrna_XM_011158772.3_29455	2342	2143	468	61.3394
lcl|NC_052677.1_mrna_XM_011158777.3_29456	3048	2849	1735	171.05
lcl|NC_052677.1_mrna_XM_011158775.2_29457	570	371	138.429	104.802
lcl|NC_052677.1_mrna_XM_026139956.2_29458	573	374	11.5714	8.69024
lcl|NC_052677.1_mrna_XM_011158773.3_29459	1566	1367	366	75.2018
lcl|NC_052677.1_mrna_XM_011158779.3_29460	6977	6778	91.6354	3.79732
lcl|NC_052677.1_mrna_XM_011158778.3_29461	6982	6783	179.365	7.42729
lcl|NC_052677.1_mrna_XM_011158780.3_29462	2118	1919	277	40.5434
lcl|NC_052677.1_mrna_XM_011158792.3_29463	3581	3382	345.24	28.6723
lcl|NC_052677.1_mrna_XM_011158788.3_29464	1211	1012	0.0480782	0.0133439
lcl|NC_052677.1_mrna_XM_011158786.3_29465	1115	916	149.434	45.8217
lcl|NC_052677.1_mrna_XM_011158787.3_29466	2508	2309	94.3898	11.482
lcl|NC_052677.1_mrna_XM_011158791.3_29467	1386	1187	22.6174	5.3519
lcl|NC_052677.1_mrna_XM_011158789.3_29468	1405	1206	33.7431	7.85874
lcl|NC_052677.1_mrna_XM_039457109.1_29469	1093	894	17.9937	5.65327
lcl|NC_052677.1_mrna_XM_011158782.3_29470	1012	813	0	0
lcl|NC_052677.1_mrna_XM_011158785.3_29471	982	783	269.678	96.7385
lcl|NC_052677.1_mrna_XM_011158781.3_29472	3077	2878	2308.05	225.252
lcl|NC_052677.1_mrna_XM_011158784.3_29473	1068	869	5.73165e-08	1.85258e-08
lcl|NC_052677.1_mrna_XM_011158783.3_29474	1035	836	0	0
lcl|NC_052677.1_mrna_XM_039457112.1_29475	1005	806	35.8443	12.4911
lcl|NC_052677.1_mrna_XM_039457110.1_29476	1079	880	0	0
lcl|NC_052677.1_mrna_XM_039457113.1_29477	1049	850	30.1847	9.97432
lcl|NC_052677.1_mrna_XM_011158793.3_29478	1144	945	16.0207	4.76174
lcl|NC_052677.1_mrna_XM_011158794.3_29479	6218	6019	2093.67	97.701
lcl|NC_052677.1_mrna_XM_011158795.3_29480	6170	5971	893.1	42.0116
lcl|NC_052677.1_mrna_XM_039457115.1_29481	7891	7692	3.69931	0.135082
lcl|NC_052677.1_mrna_XM_039457114.1_29482	7893	7694	151.236	5.52101
lcl|NC_052677.1_mrna_XM_039457116.1_29483	7745	7546	124.065	4.61793
lcl|NC_052677.1_mrna_XM_011158796.3_29484	2957	2758	656	66.8075
lcl|NC_052677.1_mrna_XM_011169012.3_29485	2923	2724	1134.87	117.018
lcl|NC_052677.1_mrna_XM_011169010.3_29486	2972	2773	650.288	65.8675
lcl|NC_052677.1_mrna_XM_039457118.1_29487	2939	2740	260.998	26.7548
lcl|NC_052677.1_mrna_XM_039457117.1_29488	3374	3175	118.067	10.4448
lcl|NC_052677.1_mrna_XM_011169011.3_29489	3131	2932	18.7789	1.79896
lcl|NC_052677.1_mrna_XM_011169009.3_29490	881	682	91.8496	37.8276
lcl|NC_052677.1_mrna_XM_039457124.1_29491	4254	4055	315.15	21.8295
lcl|NC_052677.1_mrna_XM_011169006.3_29492	1671	1472	1452.03	277.067
lcl|NC_052677.1_mrna_XM_026137935.2_29493	1858	1659	45.9984	7.78775
lcl|NC_052677.1_mrna_XM_011169005.3_29494	978	779	77.9668	28.1118
lcl|NC_052677.1_mrna_XM_039457120.1_29495	2181	1982	60	8.50283
lcl|NC_052677.1_mrna_XM_039457119.1_29496	2132	1933	0	0
lcl|NC_052677.1_mrna_XM_026137931.2_29497	5968	5769	14.8018	0.720657
lcl|NC_052677.1_mrna_XM_026137932.2_29498	6092	5893	6.19825	0.295426
lcl|NC_052677.1_mrna_XM_026137929.2_29499	6578	6379	0	0
lcl|NC_052677.1_ncrna_XR_005576259.1_29500	2086	1887	0	0
lcl|NC_052677.1_mrna_XM_026137926.2_29501	4852	4653	62.8796	3.79571
lcl|NC_052677.1_mrna_XM_039457121.1_29502	4778	4579	90.6561	5.56086
lcl|NC_052677.1_mrna_XM_011168998.3_29503	2958	2759	80	8.1443
lcl|NC_052677.1_mrna_XM_011168999.3_29504	4558	4359	261	16.8178
lcl|NC_052677.1_mrna_XM_039457122.1_29505	4122	3923	31.4643	2.25276
lcl|NC_052677.1_mrna_XM_039457123.1_29506	3311	3112	0	0
lcl|NC_052677.1_mrna_XM_011169002.3_29507	4921	4722	0	0
lcl|NC_052677.1_mrna_XM_039457137.1_29508	1083	884	204.033	64.8283
lcl|NC_052677.1_mrna_XM_011168996.3_29509	9802	9603	0	0
lcl|NC_052677.1_mrna_XM_039457125.1_29510	9679	9480	13.225	0.391835
lcl|NC_052677.1_mrna_XM_026137923.2_29511	11377	11178	13.8829	0.348844
lcl|NC_052677.1_mrna_XM_026137922.2_29512	11469	11270	0.00373241	9.30211e-05
lcl|NC_052677.1_mrna_XM_039457128.1_29513	9795	9596	0	0
lcl|NC_052677.1_mrna_XM_039457127.1_29514	9910	9711	0	0
lcl|NC_052677.1_mrna_XM_039457126.1_29515	9902	9703	30.9728	0.896584
lcl|NC_052677.1_mrna_XM_026137924.2_29516	8622	8423	0	0
lcl|NC_052677.1_mrna_XM_039457136.1_29517	1689	1490	35.5032	6.69264
lcl|NC_052677.1_mrna_XM_011168988.3_29518	3806	3607	158.463	12.3395
lcl|NC_052677.1_mrna_XM_039457132.1_29519	1941	1742	0	0
lcl|NC_052677.1_mrna_XM_039457133.1_29520	1826	1627	188	32.4553
lcl|NC_052677.1_mrna_XM_039457129.1_29521	1939	1740	0	0
lcl|NC_052677.1_mrna_XM_039457130.1_29522	1939	1740	46.3036	7.47449
lcl|NC_052677.1_mrna_XM_039457131.1_29523	2074	1875	128.668	19.2745
lcl|NC_052677.1_mrna_XM_039457134.1_29524	1527	1328	0	0
lcl|NC_052677.1_mrna_XM_011168989.3_29525	2262	2063	0	0
lcl|NC_052677.1_mrna_XM_011168991.3_29526	1947	1748	0	0
lcl|NC_052677.1_mrna_XM_011168992.3_29527	1983	1784	21.1304	3.32681
lcl|NC_052677.1_mrna_XM_011168993.3_29528	1936	1737	2066.9	334.222
lcl|NC_052677.1_mrna_XM_011168983.3_29529	1762	1563	20.5826	3.69876
lcl|NC_052677.1_mrna_XM_011168981.3_29530	1761	1562	97.682	17.565
lcl|NC_052677.1_miscrna_XR_003269059.2_29531	1496	1297	0	0
lcl|NC_052677.1_mrna_XM_026137921.2_29532	1166	967	12.0927	3.51247
lcl|NC_052677.1_mrna_XM_026137920.2_29533	1669	1470	0	0
lcl|NC_052677.1_mrna_XM_026137919.2_29534	1671	1472	0	0
lcl|NC_052677.1_mrna_XM_026137918.2_29535	1670	1471	14.9932	2.86283
lcl|NC_052677.1_mrna_XM_011168984.3_29536	1579	1380	80.6496	16.4149
lcl|NC_052677.1_mrna_XM_011168980.3_29537	1828	1629	957	165.009
lcl|NC_052677.1_mrna_XM_039457098.1_29538	1484	1285	270.825	59.1972
lcl|NC_052677.1_mrna_XM_039457099.1_29539	1185	986	0	0
lcl|NC_052677.1_ncrna_XR_005576255.1_29540	745	546	0	0
lcl|NC_052677.1_mrna_XM_039457100.1_29541	2361	2162	1087.18	141.241
lcl|NC_052677.1_mrna_XM_011168977.3_29542	955	756	370	137.466
lcl|NC_052677.1_mrna_XM_011168976.3_29543	2296	2097	656	87.8661
lcl|NC_052677.1_mrna_XM_011168973.3_29544	5284	5085	1.18357e-07	6.5376e-09
lcl|NC_052677.1_mrna_XM_011168974.3_29545	5281	5082	298.351	16.4896
lcl|NC_052677.1_ncrna_XR_005576254.1_29546	659	460	7.64854	4.67021
lcl|NC_052677.1_mrna_XM_011168969.3_29547	6102	5903	103	4.90095
lcl|NC_052677.1_mrna_XM_026137916.2_29548	2265	2066	10	1.35952
lcl|NC_052677.1_mrna_XM_039457097.1_29549	2566	2367	220.565	26.1731
lcl|NC_052677.1_mrna_XM_039457096.1_29550	2531	2332	201.535	24.2738
lcl|NC_052677.1_mrna_XM_026137917.2_29551	1920	1721	1177.9	192.24
lcl|NC_052677.1_mrna_XM_011168967.3_29552	2987	2788	491	49.4657
lcl|NC_052677.1_mrna_XM_011168966.3_29553	907	708	544	215.815
lcl|NC_052677.1_mrna_XM_011168965.3_29554	4792	4593	161	9.84567
lcl|NC_052677.1_mrna_XM_011168964.3_29555	2649	2450	1074	123.127
lcl|NC_052677.1_mrna_XM_039457101.1_29556	1664	1465	10	1.91725
lcl|NC_052677.1_mrna_XM_011168962.3_29557	3249	3050	67	6.17008
lcl|NC_052677.1_mrna_XM_011168963.3_29558	3535	3336	3	0.252587
lcl|NC_052677.1_mrna_XM_039457090.1_29559	2114	1915	0	0
lcl|NC_052677.1_mrna_XM_011168961.3_29560	2260	2061	2619	356.922
lcl|NC_052677.1_mrna_XM_011168960.3_29561	2859	2660	3	0.316778
lcl|NC_052677.1_ncrna_XR_005576258.1_29562	1609	1410	0	0
lcl|NC_052677.1_ncrna_XR_005576257.1_29563	1724	1525	0	0
lcl|NC_052677.1_miscrna_XR_005576256.1_29564	5939	5740	232.577	11.3807
lcl|NC_052677.1_mrna_XM_011168942.3_29565	6272	6073	109.423	5.06084
lcl|NC_052677.1_mrna_XM_026137938.2_29566	6273	6074	0	0
lcl|NC_052677.1_mrna_XM_026137944.2_29567	394	195	5.77591	8.31958
lcl|NC_052677.1_mrna_XM_026137942.2_29568	820	621	373.769	169.055
lcl|NC_052677.1_mrna_XM_026137943.2_29569	847	648	181.455	78.6522
lcl|NC_052677.1_mrna_XM_011168947.3_29570	3796	3597	2.80298	0.218875
lcl|NC_052677.1_mrna_XM_011168948.3_29571	3709	3510	67.4063	5.39398
lcl|NC_052677.1_mrna_XM_011168956.3_29572	3997	3798	0	0
lcl|NC_052677.1_mrna_XM_011168951.3_29573	4030	3831	0	0
lcl|NC_052677.1_mrna_XM_011168949.3_29574	4135	3936	0	0
lcl|NC_052677.1_mrna_XM_011168955.3_29575	3739	3540	90.7907	7.20367
lcl|NC_052677.1_mrna_XM_039457103.1_29576	2803	2604	6.69613	0.722269
lcl|NC_052677.1_mrna_XM_039457104.1_29577	2587	2388	0	0
lcl|NC_052677.1_mrna_XM_039457102.1_29578	2751	2552	0	0
lcl|NC_052677.1_mrna_XM_039457105.1_29579	2567	2368	12.1233	1.43799
lcl|NC_052677.1_mrna_XM_026137941.2_29580	2535	2336	0	0
lcl|NC_052677.1_mrna_XM_026137939.2_29581	3210	3011	2.84733	0.265609
lcl|NC_052677.1_mrna_XM_011168957.3_29582	3204	3005	8.66251e-05	8.09683e-06
lcl|NC_052677.1_mrna_XM_026137940.2_29583	3201	3002	57.3332	5.36427
lcl|NC_052677.1_mrna_XM_011168941.3_29584	5093	4894	589	33.8039
lcl|NC_052677.1_mrna_XM_011178004.3_29585	579	380	424.111	313.481
lcl|NC_052677.1_mrna_XM_011178003.3_29586	2744	2545	871	96.1272
lcl|NC_052677.1_mrna_XM_026139905.2_29587	2820	2621	10	1.07164
lcl|NC_052677.1_mrna_XM_011178002.3_29588	2718	2519	0	0
lcl|NC_052677.1_mrna_XM_039457612.1_29589	3032	2833	0	0
lcl|NC_052677.1_mrna_XM_026139907.2_29590	1036	837	0	0
lcl|NC_052677.1_mrna_XM_026139904.2_29591	2296	2097	0	0
lcl|NC_052677.1_mrna_XM_039457610.1_29592	2241	2042	21	2.88855
lcl|NC_052677.1_mrna_XM_011177999.3_29593	3584	3385	50.7859	4.21405
lcl|NC_052677.1_mrna_XM_011178000.3_29594	3538	3339	47.9715	4.03536
lcl|NC_052677.1_mrna_XM_011178001.3_29595	3239	3040	108.243	10.0009
lcl|NC_052677.1_miscrna_XR_005576366.1_29596	1633	1434	0	0
lcl|NC_052677.1_miscrna_XR_005576368.1_29597	1343	1144	9.97648	2.44944
lcl|NC_052677.1_miscrna_XR_005576367.1_29598	1692	1493	6.43993	1.21154
lcl|NC_052677.1_mrna_XM_039457613.1_29599	768	569	21.5836	10.6544
lcl|NC_052677.1_mrna_XM_011177994.3_29600	7081	6882	8	0.326506
lcl|NC_052677.1_ncrna_XR_005576370.1_29601	4917	4718	0	0
lcl|NC_052677.1_ncrna_XR_005576369.1_29602	1813	1614	1.85554	0.322911
lcl|NC_052677.1_mrna_XM_026139906.2_29603	1632	1433	4.1607	0.815522
lcl|NC_052677.1_mrna_XM_011177992.3_29604	1663	1464	304.483	58.4169
lcl|NC_052677.1_mrna_XM_011177990.3_29605	1437	1238	0	0
lcl|NC_052677.1_mrna_XM_011177989.3_29606	1451	1252	224.925	50.4602
lcl|NC_052677.1_mrna_XM_039457614.1_29607	1331	1132	121.576	30.1658
lcl|NC_052677.1_ncrna_XR_005576373.1_29608	2288	2089	22	2.95801
lcl|NC_052677.1_ncrna_XR_005576372.1_29609	2245	2046	0	0
lcl|NC_052677.1_mrna_NM_001304599.1_29610	867	668	621	261.114
lcl|NC_052677.1_mrna_XM_011177986.3_29611	2689	2490	53	5.9785
lcl|NC_052677.1_mrna_XM_011177985.3_29612	2350	2151	859	112.168
lcl|NC_052677.1_mrna_XM_011177984.3_29613	2030	1831	82	12.5789
lcl|NC_052677.1_mrna_XM_026139909.2_29614	3965	3766	10	0.745822
lcl|NC_052677.1_ncrna_XR_005576393.1_29615	2122	1923	8	1.16849
lcl|NC_052677.1_ncrna_XR_005576394.1_29616	1605	1406	1	0.19977
lcl|NC_052677.1_mrna_XM_011177978.3_29617	5882	5683	106.233	5.25046
lcl|NC_052677.1_mrna_XM_011177979.3_29618	6021	5822	41.0748	1.98162
lcl|NC_052677.1_ncrna_XR_005576395.1_29619	354	155	2	3.62422
lcl|NC_052677.1_mrna_XM_011177982.3_29620	3750	3551	14.6922	1.16212
lcl|NC_052677.1_mrna_XM_011177983.3_29621	2097	1898	0	0
lcl|NC_052677.1_mrna_XM_011177977.3_29622	5509	5310	6	0.317375
lcl|NC_052677.1_mrna_XM_011177976.3_29623	5070	4871	216	12.4552
lcl|NC_052677.1_mrna_XM_011177969.3_29624	2187	1988	430	60.753
lcl|NC_052677.1_mrna_XM_011177970.3_29625	1889	1690	723	120.162
lcl|NC_052677.1_mrna_XM_026139910.2_29626	3355	3156	224.95	20.02
lcl|NC_052677.1_mrna_XM_039457013.1_29627	3443	3244	155.694	13.4805
lcl|NC_052677.1_mrna_XM_039457012.1_29628	3182	2983	75.0467	7.06633
lcl|NC_052677.1_mrna_XM_011177973.3_29629	2944	2745	0	0
lcl|NC_052677.1_mrna_XM_039457011.1_29630	2927	2728	43.3093	4.45915
lcl|NC_052677.1_mrna_XM_011177974.3_29631	838	639	36	15.824
lcl|NC_052677.1_mrna_XM_011177975.3_29632	3607	3408	387	31.8953
lcl|NC_052677.1_mrna_XM_011162033.3_29633	2608	2409	318	37.0771
lcl|NC_052677.1_miscrna_XR_005576398.1_29634	4131	3932	0	0
lcl|NC_052677.1_mrna_XM_011162031.3_29635	3026	2827	456	45.3059
lcl|NC_052677.1_mrna_XM_011162030.3_29636	4184	3985	12.0459	0.849039
lcl|NC_052677.1_mrna_XM_039457694.1_29637	360	161	1	1.74458
lcl|NC_052677.1_ncrna_XR_005576399.1_29638	6585	6386	2.05877	0.0905511
lcl|NC_052677.1_mrna_XM_011162022.3_29639	3489	3290	114	9.73251
lcl|NC_052677.1_mrna_XM_039457568.1_29640	6952	6753	82.3453	3.42498
lcl|NC_052677.1_mrna_XM_011162025.3_29641	6871	6672	27.0085	1.137
lcl|NC_052677.1_mrna_XM_011162026.3_29642	6855	6656	68.2428	2.87978
lcl|NC_052677.1_ncrna_XR_005576359.1_29643	1755	1556	6.40332	1.15588
lcl|NC_052677.1_mrna_XM_026137403.2_29644	1978	1779	0	0
lcl|NC_052677.1_mrna_XM_011162029.3_29645	5773	5574	5.78816	0.291668
lcl|NC_052677.1_mrna_XM_039457567.1_29646	4810	4611	21.2118	1.29211
lcl|NC_052677.1_mrna_XM_011162028.3_29647	6619	6420	0	0
lcl|NC_052677.1_mrna_XM_011162020.3_29648	2675	2476	67.2826	7.63252
lcl|NC_052677.1_mrna_XM_026137395.2_29649	2123	1924	512.717	74.8495
lcl|NC_052677.1_mrna_XM_011162019.3_29650	1736	1537	2042	373.162
lcl|NC_052677.1_mrna_XM_026137394.2_29651	2663	2464	703.485	80.1918
lcl|NC_052677.1_mrna_XM_039457367.1_29652	2548	2349	3.60998e-07	4.31656e-08
lcl|NC_052677.1_mrna_XM_039457366.1_29653	5806	5607	0.394684	0.0197713
lcl|NC_052677.1_mrna_XM_039457365.1_29654	5857	5658	415.605	20.6316
lcl|NC_052677.1_mrna_XM_011162016.3_29655	5893	5694	1.35821e-05	6.69987e-07
lcl|NC_052677.1_mrna_XM_039457364.1_29656	5841	5642	0	0
lcl|NC_052677.1_mrna_XM_011162007.3_29657	1737	1538	2206	402.87
lcl|NC_052677.1_mrna_XM_011162008.3_29658	2592	2393	3185	373.837
lcl|NC_052677.1_mrna_XM_011162009.3_29659	1097	898	492	153.888
lcl|NC_052677.1_mrna_XM_011162010.3_29660	1224	1025	39	10.687
lcl|NC_052677.1_mrna_XM_011162011.3_29661	1744	1545	651	118.35
lcl|NC_052677.1_mrna_XM_011162013.3_29662	2416	2217	796	100.847
lcl|NC_052677.1_mrna_XM_026137404.2_29663	8849	8650	15.1276	0.491212
lcl|NC_052677.1_mrna_XM_026137406.2_29664	8839	8640	48.266	1.56907
lcl|NC_052677.1_ncrna_XR_003268987.2_29665	929	730	21.6099	8.31469
lcl|NC_052677.1_mrna_XM_011162003.3_29666	7170	6971	394	15.8751
lcl|NC_052677.1_mrna_XM_011161994.3_29667	1398	1199	579	135.636
lcl|NC_052677.1_mrna_XM_011161995.3_29668	2909	2710	97.2935	10.0839
lcl|NC_052677.1_mrna_XM_011161997.3_29669	3972	3773	0	0
lcl|NC_052677.1_mrna_XM_011161999.3_29670	3822	3623	0	0
lcl|NC_052677.1_mrna_XM_011161998.3_29671	3848	3649	14	1.07763
lcl|NC_052677.1_mrna_XM_011162001.3_29672	1084	885	141	44.7498
lcl|NC_052677.1_mrna_XM_039457370.1_29673	1845	1646	364	62.1137
lcl|NC_052677.1_mrna_XM_039457223.1_29674	4919	4720	87.1035	5.18334
lcl|NC_052677.1_mrna_XM_026132302.2_29675	5117	4918	53.9677	3.0822
lcl|NC_052677.1_mrna_XM_039457222.1_29676	5097	4898	653.988	37.503
lcl|NC_052677.1_mrna_XM_011177099.3_29677	2485	2286	24.5563	3.01719
lcl|NC_052677.1_mrna_XM_011177098.3_29678	2727	2528	82.4437	9.16002
lcl|NC_052677.1_mrna_XM_039457091.1_29679	4917	4718	0	0
lcl|NC_052677.1_mrna_XM_026132305.2_29680	9321	9122	2.70281	0.0832227
lcl|NC_052677.1_mrna_XM_026132306.2_29681	5946	5747	1.29719	0.0633981
lcl|NC_052677.1_ncrna_XR_005576389.1_29682	3533	3334	0	0
lcl|NC_052677.1_mrna_XM_011177103.3_29683	3337	3138	49.4326	4.42463
lcl|NC_052677.1_miscrna_XR_005576387.1_29684	348	149	0.505131	0.952211
lcl|NC_052677.1_mrna_XM_039457664.1_29685	3534	3335	11.0622	0.93167
lcl|NC_052677.1_ncrna_XR_851451.3_29686	7611	7412	49.0485	1.85869
lcl|NC_052677.1_ncrna_XR_005576388.1_29687	2915	2716	48	4.96395
lcl|NC_052677.1_mrna_XM_039457666.1_29688	3250	3051	0	0
lcl|NC_052677.1_mrna_XM_011177108.2_29689	3202	3003	0	0
lcl|NC_052677.1_mrna_XM_026132320.2_29690	4639	4440	0.000236111	1.49365e-05
lcl|NC_052677.1_mrna_XM_026132316.2_29691	4645	4446	21.9559	1.38707
lcl|NC_052677.1_mrna_XM_026132319.2_29692	3691	3492	1.73275e-05	1.39372e-06
lcl|NC_052677.1_mrna_XM_026132317.2_29693	3696	3497	48.0439	3.85885
lcl|NC_052677.1_mrna_XM_026132309.2_29694	3915	3716	163.363	12.3479
lcl|NC_052677.1_miscrna_XR_003268399.2_29695	2977	2778	236.342	23.8959
lcl|NC_052677.1_mrna_XM_026132314.2_29696	2846	2647	205.658	21.8227
lcl|NC_052677.1_mrna_XM_026132310.2_29697	3976	3777	109.212	8.12155
lcl|NC_052677.1_mrna_XM_026132308.2_29698	4143	3944	0.0309614	0.00220495
lcl|NC_052677.1_mrna_XM_026132312.2_29699	4121	3922	502.395	35.9793
lcl|NC_052677.1_mrna_XM_039457663.1_29700	4298	4099	0	0
lcl|NC_052677.1_mrna_XM_011177110.3_29701	5593	5394	0	0
lcl|NC_052677.1_mrna_XM_011177109.3_29702	5593	5394	99.5641	5.18451
lcl|NC_052677.1_mrna_XM_011177111.3_29703	5477	5278	113.436	6.03666
lcl|NC_052677.1_mrna_XM_011177113.3_29704	4015	3816	546	40.1883
lcl|NC_052677.1_mrna_XM_039457317.1_29705	3507	3308	214.939	18.2501
lcl|NC_052677.1_mrna_XM_039457316.1_29706	3515	3316	19.0611	1.61454
lcl|NC_052677.1_mrna_XM_011177115.2_29707	2183	1984	1466	207.543
lcl|NC_052677.1_mrna_XM_026132283.2_29708	1515	1316	287.712	61.4071
lcl|NC_052677.1_mrna_XM_011177117.3_29709	1449	1250	612.288	137.582
lcl|NC_052677.1_mrna_XM_011177116.3_29710	3187	2988	789	74.1672
lcl|NC_052677.1_mrna_XM_011177118.3_29711	4290	4091	213.554	14.662
lcl|NC_052677.1_mrna_XM_026132331.2_29712	4005	3806	119.77	8.83881
lcl|NC_052677.1_mrna_XM_026132332.2_29713	3951	3752	71.5428	5.35573
lcl|NC_052677.1_mrna_XM_026132330.2_29714	3765	3566	306.49	24.1407
lcl|NC_052677.1_mrna_XM_026132333.2_29715	5827	5628	5.12472e-06	2.5576e-07
lcl|NC_052677.1_mrna_XM_026132334.2_29716	5747	5548	8.82997	0.447032
lcl|NC_052677.1_mrna_XM_026132335.2_29717	3403	3204	0	0
lcl|NC_052677.1_miscrna_XR_005576297.1_29718	1978	1779	90.5422	14.2952
lcl|NC_052677.1_mrna_XM_011177123.3_29719	1749	1550	759.458	137.622
lcl|NC_052677.1_mrna_XM_039457320.1_29720	7527	7328	29.6864	1.13786
lcl|NC_052677.1_mrna_XM_039457319.1_29721	7737	7538	2.31041	0.086089
lcl|NC_052677.1_mrna_XM_011177124.3_29722	7944	7745	36.0032	1.30568
lcl|NC_052677.1_mrna_XM_011177125.3_29723	16120	15921	10	0.176419
lcl|NC_052677.1_mrna_XM_011177126.3_29724	5882	5683	191	9.43999
lcl|NC_052677.1_mrna_XM_011177128.3_29725	3184	2985	544.314	51.2178
lcl|NC_052677.1_mrna_XM_026132337.2_29726	3128	2929	323.274	31.0004
lcl|NC_052677.1_mrna_XM_039457506.1_29727	3257	3058	108.412	9.95762
lcl|NC_052677.1_mrna_XM_011164763.3_29728	1240	1041	0	0
lcl|NC_052677.1_miscrna_XR_005576341.1_29729	1429	1230	148.75	33.9678
lcl|NC_052677.1_mrna_XM_039457507.1_29730	664	465	184.791	111.621
lcl|NC_052677.1_mrna_XM_026132340.2_29731	670	471	217.483	129.694
lcl|NC_052677.1_mrna_XM_026132339.2_29732	575	376	160.018	119.535
lcl|NC_052677.1_mrna_XM_026132338.2_29733	1090	891	188.415	59.3956
lcl|NC_052677.1_mrna_XM_026132341.2_29734	1042	843	11.5357	3.84355
lcl|NC_052677.1_mrna_XM_011177129.3_29735	742	543	46.6071	24.1084
lcl|NC_052677.1_mrna_XM_011177131.3_29736	916	717	6.67848	2.61622
lcl|NC_052677.1_mrna_XM_011177130.3_29737	889	690	30.8214	12.5464
lcl|NC_052677.1_mrna_XM_011177133.3_29738	5713	5514	2.02985e-06	1.03398e-07
lcl|NC_052677.1_mrna_XM_039457503.1_29739	5758	5559	0	0
lcl|NC_052677.1_mrna_XM_039457504.1_29740	6103	5904	0	0
lcl|NC_052677.1_mrna_XM_039457505.1_29741	5622	5423	36	1.86457
lcl|NC_052677.1_mrna_XM_039457531.1_29742	1300	1101	0	0
lcl|NC_052677.1_mrna_XM_039457533.1_29743	999	800	2	0.702192
lcl|NC_052677.1_mrna_XM_039457520.1_29744	12460	12261	1	0.0229081
lcl|NC_052677.1_mrna_XM_039457530.1_29745	3059	2860	4.01108	0.393922
lcl|NC_052677.1_mrna_XM_039457529.1_29746	3625	3426	12.106	0.992497
lcl|NC_052677.1_mrna_XM_039457528.1_29747	3713	3514	0	0
lcl|NC_052677.1_mrna_XM_039457526.1_29748	4149	3950	0	0
lcl|NC_052677.1_mrna_XM_039457527.1_29749	4400	4201	0	0
lcl|NC_052677.1_mrna_XM_011177138.3_29750	2413	2214	0	0
lcl|NC_052677.1_mrna_XM_011177139.3_29751	3558	3359	24	2.00686
lcl|NC_052677.1_mrna_XM_011177141.3_29752	1966	1767	0	0
lcl|NC_052677.1_mrna_XM_011177140.3_29753	1865	1666	0	0
lcl|NC_052677.1_mrna_XM_011177142.3_29754	2159	1960	1	0.143304
lcl|NC_052677.1_mrna_XM_011177144.3_29755	2096	1897	0	0
lcl|NC_052677.1_mrna_XM_039457523.1_29756	5449	5250	1	0.0535003
lcl|NC_052677.1_mrna_XM_011177145.3_29757	2986	2787	7	0.705467
lcl|NC_052677.1_mrna_XM_011177146.3_29758	791	592	0	0
lcl|NC_052677.1_mrna_XM_039457521.1_29759	3147	2948	0	0
lcl|NC_052677.1_miscrna_XR_851453.3_29760	3130	2931	33.3354	3.19452
lcl|NC_052677.1_mrna_XM_011177148.3_29761	3139	2940	151.665	14.4895
lcl|NC_052677.1_mrna_XM_011177147.3_29762	2580	2381	1355	159.844
lcl|NC_052677.1_mrna_XM_011177150.3_29763	3835	3636	294.216	22.7278
lcl|NC_052677.1_mrna_XM_011177153.3_29764	3841	3642	124.274	9.58423
lcl|NC_052677.1_mrna_XM_011177151.3_29765	3837	3638	64.2617	4.96141
lcl|NC_052677.1_mrna_XM_011177154.3_29766	3860	3661	161.248	12.3712
lcl|NC_052677.1_mrna_XM_039457524.1_29767	2910	2711	17.0086	1.7622
lcl|NC_052677.1_mrna_XM_039457525.1_29768	2700	2501	5.30914e-07	5.96247e-08
lcl|NC_052677.1_mrna_XM_011177157.3_29769	2981	2782	736.585	74.3672
lcl|NC_052677.1_mrna_XM_011177155.3_29770	2076	1877	196.406	29.3905
lcl|NC_052677.1_mrna_XM_039457309.1_29771	961	762	3	1.10581
lcl|NC_052677.1_ncrna_XR_005576364.1_29772	2488	2289	8.8819	1.08987
lcl|NC_052677.1_ncrna_XR_003268400.2_29773	913	714	24.1055	9.48275
lcl|NC_052677.1_ncrna_XR_851454.3_29774	2293	2094	108.124	14.5031
lcl|NC_052677.1_miscrna_XR_003268402.2_29775	1704	1505	4	0.746516
lcl|NC_052677.1_mrna_XM_039457608.1_29776	1192	993	0	0
lcl|NC_052677.1_mrna_XM_011177159.3_29777	8788	8589	1.18572	0.0387754
lcl|NC_052677.1_mrna_XM_011177160.3_29778	8778	8579	3.81449	0.124886
lcl|NC_052677.1_mrna_XM_039457412.1_29779	7481	7282	0	0
lcl|NC_052677.1_mrna_XM_039457413.1_29780	7425	7226	0	0
lcl|NC_052677.1_mrna_XM_011177162.3_29781	7378	7179	0.113379	0.00443592
lcl|NC_052677.1_mrna_XM_039457414.1_29782	7985	7786	0	0
lcl|NC_052677.1_mrna_XM_011177164.3_29783	7897	7698	70.0274	2.55509
lcl|NC_052677.1_mrna_XM_039457410.1_29784	9400	9201	117.437	3.58498
lcl|NC_052677.1_mrna_XM_011177161.3_29785	7468	7269	3.6447e-06	1.40832e-07
lcl|NC_052677.1_mrna_XM_039457411.1_29786	7510	7311	1.1273e-08	4.33091e-10
lcl|NC_052677.1_mrna_XM_039457415.1_29787	8666	8467	0.03391	0.0011249
lcl|NC_052677.1_mrna_XM_011177163.3_29788	8623	8424	5.59968	0.186707
lcl|NC_052677.1_mrna_XM_011177165.3_29789	7362	7163	91.7884	3.59922
lcl|NC_052677.1_mrna_XM_011177166.3_29790	1823	1624	771	133.347
lcl|NC_052677.1_ncrna_XR_005576317.1_29791	748	549	0	0
lcl|NC_052677.1_mrna_XM_026132300.2_29792	2994	2795	2	0.200985
lcl|NC_052677.1_mrna_XM_011177169.3_29793	616	417	23	15.492
lcl|NC_052677.1_mrna_XM_011177167.3_29794	883	684	1153	473.466
lcl|NC_052677.1_mrna_XM_011177170.3_29795	2604	2405	6	0.700732
lcl|NC_052677.1_mrna_XM_026132278.2_29796	7741	7542	0.00573441	0.000213559
lcl|NC_052677.1_mrna_XM_026132277.2_29797	7746	7547	0.00294987	0.000109785
lcl|NC_052677.1_mrna_XM_026132280.2_29798	7692	7493	3.96074	0.148469
lcl|NC_052677.1_mrna_XM_026132279.2_29799	7694	7495	3.03057	0.113571
lcl|NC_052677.1_mrna_XM_011177173.3_29800	1876	1677	950	159.113
lcl|NC_052677.1_mrna_XM_039457417.1_29801	2625	2426	1434	166.025
lcl|NC_052677.1_mrna_XM_011177176.3_29802	6627	6428	0	0
lcl|NC_052677.1_mrna_XM_011177175.3_29803	6678	6479	0	0
lcl|NC_052677.1_mrna_XM_011177174.3_29804	6750	6551	0	0
lcl|NC_052677.1_mrna_XM_039457508.1_29805	5576	5377	40.6578	2.12383
lcl|NC_052677.1_mrna_XM_026132298.2_29806	5047	4848	87.3422	5.06031
lcl|NC_052677.1_mrna_NM_001304589.1_29807	498	299	875	821.964
lcl|NC_052677.1_mrna_XM_039457510.1_29808	1562	1363	0	0
lcl|NC_052677.1_mrna_XM_011177178.3_29809	4905	4706	396	23.6352
lcl|NC_052677.1_mrna_XM_039457509.1_29810	6277	6078	0	0
lcl|NC_052677.1_mrna_XM_011177180.3_29811	4268	4069	0	0
lcl|NC_052677.1_mrna_XM_039457511.1_29812	5317	5118	0	0
lcl|NC_052677.1_mrna_XM_039457512.1_29813	5308	5109	0	0
lcl|NC_052677.1_mrna_XM_039457513.1_29814	4829	4630	0.999999	0.0606644
lcl|NC_052677.1_mrna_XM_039457514.1_29815	2996	2797	0	0
lcl|NC_052677.1_mrna_XM_011177181.3_29816	4892	4693	1.29666e-06	7.76055e-08
lcl|NC_052677.1_mrna_XM_026132348.2_29817	7975	7776	127.671	4.6116
lcl|NC_052677.1_mrna_XM_026132350.2_29818	1536	1337	0	0
lcl|NC_052677.1_mrna_XM_026132353.2_29819	1437	1238	6.24889e-06	1.41774e-06
lcl|NC_052677.1_mrna_XM_026132351.2_29820	1530	1331	0	0
lcl|NC_052677.1_mrna_XM_026132352.2_29821	1458	1259	12.329	2.75053
lcl|NC_052677.1_mrna_XM_026132347.2_29822	1597	1398	0	0
lcl|NC_052677.1_mrna_XM_039457691.1_29823	1939	1740	0	0
lcl|NC_052677.1_mrna_XM_026132349.2_29824	1583	1384	0	0
lcl|NC_052677.1_mrna_XM_026132346.2_29825	3424	3225	1844	160.601
lcl|NC_052677.1_mrna_XM_011177183.3_29826	962	763	3012	1108.78
lcl|NC_052677.1_mrna_XM_011177185.3_29827	3721	3522	227	18.1031
lcl|NC_052677.1_mrna_XM_011177186.3_29828	3520	3321	31	2.62185
lcl|NC_052677.1_mrna_XM_039457268.1_29829	9458	9259	0	0
lcl|NC_052677.1_mrna_XM_011177188.3_29830	8301	8102	0	0
lcl|NC_052677.1_mrna_XM_011177187.3_29831	8318	8119	0	0
lcl|NC_052677.1_mrna_XM_026132354.2_29832	7570	7371	0	0
lcl|NC_052677.1_mrna_XM_026132356.2_29833	7240	7041	2.4196	0.0965215
lcl|NC_052677.1_mrna_XM_026132355.2_29834	7566	7367	22.5804	0.860908
lcl|NC_052677.1_mrna_XM_039457269.1_29835	2653	2454	0	0
lcl|NC_052677.1_ncrna_XR_005576284.1_29836	5867	5668	0	0
lcl|NC_052677.1_mrna_XM_011177190.3_29837	2851	2652	368.294	39.0065
lcl|NC_052677.1_mrna_XM_011177192.3_29838	877	678	368.491	152.656
lcl|NC_052677.1_mrna_XM_026132284.2_29839	2066	1867	1069.51	160.9
lcl|NC_052677.1_mrna_XM_011177191.3_29840	1761	1562	1054	189.529
lcl|NC_052677.1_mrna_XM_026132276.2_29841	6486	6287	19.9224	0.890048
lcl|NC_052677.1_mrna_XM_011177193.3_29842	6932	6733	348.078	14.5206
lcl|NC_052677.1_mrna_XM_039457272.1_29843	2911	2712	73.4062	7.60255
lcl|NC_052677.1_mrna_XM_026132275.2_29844	3035	2836	243.63	24.1291
lcl|NC_052677.1_mrna_XM_026132274.2_29845	2784	2585	95.9637	10.4271
lcl|NC_052677.1_mrna_XM_039457271.1_29846	2852	2653	0	0
lcl|NC_052677.1_mrna_XM_011177196.3_29847	1846	1647	740	126.198
lcl|NC_052677.1_mrna_XM_011177197.3_29848	2283	2084	889	119.817
lcl|NC_052677.1_mrna_XM_011177200.3_29849	3511	3312	1477	125.258
lcl|NC_052677.1_mrna_XM_011177198.3_29850	2536	2337	531	63.8192
lcl|NC_052677.1_mrna_XM_011177201.3_29851	3500	3301	1753	149.16
lcl|NC_052677.1_mrna_XM_039457420.1_29852	1599	1400	662.922	133
lcl|NC_052677.1_mrna_XM_011177202.3_29853	1787	1588	1537.56	271.955
lcl|NC_052677.1_mrna_XM_011177206.3_29854	1612	1413	1492.26	296.633
lcl|NC_052677.1_mrna_XM_011177204.3_29855	1824	1625	1080.53	186.766
lcl|NC_052677.1_mrna_XM_011177205.3_29856	1675	1476	96.7279	18.4069
lcl|NC_052677.1_mrna_XM_011177207.3_29857	4778	4579	245.918	15.0846
lcl|NC_052677.1_mrna_XM_011177210.3_29858	3961	3762	1.91174	0.142733
lcl|NC_052677.1_mrna_XM_011177209.3_29859	3953	3754	16.1706	1.20989
lcl|NC_052677.1_mrna_XM_011177211.3_29860	2795	2596	965	104.409
lcl|NC_052677.1_mrna_XM_026132296.2_29861	1499	1300	0	0
lcl|NC_052677.1_mrna_XM_011177212.3_29862	2162	1963	585	83.705
lcl|NC_052677.1_mrna_XM_011177213.3_29863	1321	1122	57.036	14.2782
lcl|NC_052677.1_mrna_XM_011177214.3_29864	1314	1115	52.2599	13.1646
lcl|NC_052677.1_mrna_XM_011177215.3_29865	1319	1120	37.7041	9.45555
lcl|NC_052677.1_mrna_XM_011177444.3_29866	2969	2770	1.26104	0.127869
lcl|NC_052677.1_mrna_XM_039457419.1_29867	2966	2767	3.73896	0.37954
lcl|NC_052677.1_mrna_XM_039457421.1_29868	1564	1365	5	1.02885
lcl|NC_052677.1_mrna_XM_026132292.2_29869	1251	1052	40	10.6797
lcl|NC_052677.1_mrna_XM_011177221.3_29870	996	797	24.7803	8.73302
lcl|NC_052677.1_mrna_XM_011177219.2_29871	1057	858	501.22	164.08
lcl|NC_052677.1_mrna_XM_026132290.2_29872	2005	1806	3	0.466573
lcl|NC_052677.1_mrna_XM_026132289.2_29873	3533	3334	7	0.589723
lcl|NC_052677.1_mrna_XM_011177222.3_29874	4210	4011	553	38.7247
lcl|NC_052677.1_mrna_XM_026132288.2_29875	2004	1805	766	119.198
lcl|NC_052677.1_mrna_XM_026132285.2_29876	4100	3901	74.6337	5.37372
lcl|NC_052677.1_mrna_XM_026132286.2_29877	3574	3375	12.9965	1.0816
lcl|NC_052677.1_mrna_XM_039457423.1_29878	3588	3389	0	0
lcl|NC_052677.1_mrna_XM_011177225.2_29879	1255	1056	399.37	106.225
lcl|NC_052677.1_mrna_XM_039457424.1_29880	2295	2096	786	105.329
lcl|NC_052677.1_mrna_XM_011177227.3_29881	1996	1797	2162	337.927
lcl|NC_052677.1_mrna_XM_026132328.2_29882	3417	3218	538	46.9583
lcl|NC_052677.1_mrna_XM_011177229.3_29883	13200	13001	494.572	10.6848
lcl|NC_052677.1_mrna_XM_026132327.2_29884	13220	13021	31.4281	0.677937
lcl|NC_052677.1_mrna_XM_011177230.3_29885	1718	1519	641	118.527
lcl|NC_052677.1_ncrna_XR_851460.3_29886	1230	1031	119	32.4193
lcl|NC_052677.1_mrna_XM_039457560.1_29887	2944	2745	28.9123	2.9584
lcl|NC_052677.1_mrna_XM_026132303.2_29888	2819	2620	0	0
lcl|NC_052677.1_mrna_XM_026132304.2_29889	2548	2349	0	0
lcl|NC_052677.1_mrna_XM_011177232.3_29890	2452	2253	1.08765	0.135595
lcl|NC_052677.1_mrna_XM_011177234.3_29891	1375	1176	1646.76	393.313
lcl|NC_052677.1_ncrna_XR_005576352.1_29892	5590	5391	61.5541	3.20703
lcl|NC_052677.1_ncrna_XR_005576356.1_29893	5069	4870	7.27157	0.419387
lcl|NC_052677.1_ncrna_XR_005576357.1_29894	4954	4755	0	0
lcl|NC_052677.1_mrna_XM_039457556.1_29895	5643	5444	41.0972	2.12036
lcl|NC_052677.1_mrna_XM_039457555.1_29896	5953	5754	30.0701	1.46785
lcl|NC_052677.1_mrna_XM_039457558.1_29897	5631	5432	51.233	2.64915
lcl|NC_052677.1_mrna_XM_039457557.1_29898	5941	5742	37.1065	1.81511
lcl|NC_052677.1_ncrna_XR_005576353.1_29899	4970	4771	0	0
lcl|NC_052677.1_ncrna_XR_005576347.1_29900	5059	4860	5.8119	0.335891
lcl|NC_052677.1_ncrna_XR_005576346.1_29901	4980	4781	0	0
lcl|NC_052677.1_ncrna_XR_005576349.1_29902	4868	4669	0	0
lcl|NC_052677.1_ncrna_XR_005576348.1_29903	4851	4652	0	0
lcl|NC_052677.1_ncrna_XR_005576351.1_29904	4680	4481	1.37187e-05	8.59912e-07
lcl|NC_052677.1_ncrna_XR_005576350.1_29905	4679	4480	0	0
lcl|NC_052677.1_ncrna_XR_851461.3_29906	4379	4180	6.90526	0.464001
lcl|NC_052677.1_ncrna_XR_005576358.1_29907	4965	4766	0	0
lcl|NC_052677.1_ncrna_XR_005576355.1_29908	4886	4687	0	0
lcl|NC_052677.1_ncrna_XR_005576354.1_29909	4831	4632	10.6036	0.642983
lcl|NC_052677.1_mrna_XM_011177449.3_29910	1198	999	1.18501	0.333176
lcl|NC_052677.1_trna_29911	71	3.50437	0	0
lcl|NC_052677.1_mrna_XM_026132326.2_29912	885	686	0	0
lcl|NC_052677.1_trna_29913	71	3.50437	0	0
lcl|NC_052677.1_mrna_XM_011177238.3_29914	1762	1563	104.553	18.7886
lcl|NC_052677.1_mrna_XM_011177237.3_29915	1762	1563	246.447	44.2874
lcl|NC_052677.1_mrna_XM_011177239.3_29916	1753	1554	292.093	52.7942
lcl|NC_052677.1_mrna_XM_011177240.3_29917	1741	1542	662.907	120.749
lcl|NC_052677.1_mrna_XM_039457307.1_29918	1952	1753	305.773	48.9929
lcl|NC_052677.1_mrna_XM_026132325.2_29919	2117	1918	0	0
lcl|NC_052677.1_mrna_XM_039457306.1_29920	1861	1662	257.227	43.4712
lcl|NC_052677.1_mrna_XM_039457302.1_29921	9570	9371	27.8832	0.835741
lcl|NC_052677.1_mrna_XM_039457300.1_29922	10109	9910	0	0
lcl|NC_052677.1_mrna_XM_039457301.1_29923	10178	9979	0	0
lcl|NC_052677.1_mrna_XM_026132323.2_29924	9203	9004	0	0
lcl|NC_052677.1_mrna_XM_039457303.1_29925	11418	11219	16.1168	0.403498
lcl|NC_052677.1_mrna_XM_039457304.1_29926	8997	8798	0	0
lcl|NC_052677.1_mrna_XM_039457305.1_29927	2201	2002	0	0
lcl|NC_052677.1_mrna_XM_011177246.3_29928	6638	6439	42.4157	1.85022
lcl|NC_052677.1_mrna_XM_011177245.3_29929	6641	6442	26.5843	1.1591
lcl|NC_052677.1_mrna_XM_026133993.2_29930	9794	9595	11	0.322006
lcl|NC_052677.1_mrna_XM_011177247.3_29931	6830	6631	0	0
lcl|NC_052677.1_mrna_XM_039457308.1_29932	1315	1116	82.7314	20.822
lcl|NC_052677.1_mrna_XM_011177248.3_29933	1369	1170	86.6802	20.8089
lcl|NC_052677.1_mrna_XM_011177249.3_29934	2040	1841	265	40.4304
lcl|NC_052677.1_mrna_XM_011177252.3_29935	1525	1326	745	157.808
lcl|NC_052677.1_mrna_XM_011177251.3_29936	1197	998	289.959	81.6061
lcl|NC_052677.1_mrna_XM_011177250.3_29937	1049	850	192.041	63.4585
lcl|NC_052677.1_mrna_XM_011177255.3_29938	2404	2205	1503	191.455
lcl|NC_052677.1_mrna_XM_011177253.3_29939	1221	1022	386.556	106.237
lcl|NC_052677.1_mrna_XM_011177254.3_29940	1410	1211	560.444	129.988
lcl|NC_052677.1_mrna_XM_011177258.3_29941	1877	1678	6.87968	1.15157
lcl|NC_052677.1_mrna_XM_011177257.3_29942	3506	3307	8.12032	0.689691
lcl|NC_052677.1_mrna_XM_039457435.1_29943	2641	2442	0	0
lcl|NC_052677.1_mrna_XM_039457434.1_29944	3000	2801	0	0
lcl|NC_052677.1_mrna_XM_039457433.1_29945	3052	2853	0	0
lcl|NC_052677.1_mrna_XM_039457432.1_29946	2553	2354	0	0
lcl|NC_052677.1_miscrna_XR_003268610.2_29947	2761	2562	29	3.17932
lcl|NC_052677.1_mrna_XM_011177259.3_29948	5103	4904	293	16.7816
lcl|NC_052677.1_mrna_XM_011177260.3_29949	4057	3858	89.3834	6.50745
lcl|NC_052677.1_mrna_XM_026134078.2_29950	4054	3855	270.071	19.6775
lcl|NC_052677.1_mrna_XM_011177261.3_29951	2920	2721	1054.6	108.862
lcl|NC_052677.1_mrna_XM_011177262.3_29952	3943	3744	357.942	26.853
lcl|NC_052677.1_mrna_XM_011177264.3_29953	2511	2312	1253	152.223
lcl|NC_052677.1_mrna_XM_039457436.1_29954	7530	7331	106.935	4.09706
lcl|NC_052677.1_mrna_XM_026133972.2_29955	3073	2874	923	90.205
lcl|NC_052677.1_mrna_XM_011177270.3_29956	3643	3444	815	66.4676
lcl|NC_052677.1_mrna_XM_011177266.3_29957	770	571	198	97.3968
lcl|NC_052677.1_miscrna_XR_005576320.1_29958	1037	838	24.9803	8.37279
lcl|NC_052677.1_miscrna_XR_003268608.2_29959	1066	867	94.7792	30.705
lcl|NC_052677.1_mrna_XM_011177275.3_29960	1046	847	392.351	130.109
lcl|NC_052677.1_mrna_XM_039457426.1_29961	5066	4867	0	0
lcl|NC_052677.1_mrna_XM_011177271.3_29962	4983	4784	126.019	7.39879
lcl|NC_052677.1_mrna_XM_039457427.1_29963	4808	4609	159.004	9.68986
lcl|NC_052677.1_mrna_XM_039457428.1_29964	4556	4357	0	0
lcl|NC_052677.1_mrna_XM_039457429.1_29965	4477	4278	3.86627	0.253844
lcl|NC_052677.1_mrna_XM_011177280.3_29966	877	678	1944	805.346
lcl|NC_052677.1_mrna_XM_011177277.3_29967	2425	2226	9.22694	1.16426
lcl|NC_052677.1_mrna_XM_011177278.2_29968	1460	1261	737.104	164.184
lcl|NC_052677.1_mrna_XM_039457452.1_29969	2061	1862	0	0
lcl|NC_052677.1_mrna_XM_039457092.1_29970	1881	1682	13.6689	2.28256
lcl|NC_052677.1_mrna_XM_039457439.1_29971	5159	4960	322.004	18.2346
lcl|NC_052677.1_mrna_XM_011177282.3_29972	2294	2095	9.31141e-06	1.24838e-06
lcl|NC_052677.1_mrna_XM_011177283.3_29973	2278	2079	84.3046	11.3897
lcl|NC_052677.1_mrna_XM_039457438.1_29974	2078	1879	0	0
lcl|NC_052677.1_mrna_XM_039457437.1_29975	2084	1885	3.69124	0.550018
lcl|NC_052677.1_ncrna_XR_005576321.1_29976	2553	2354	45.9505	5.48276
lcl|NC_052677.1_mrna_XM_039457451.1_29977	7411	7212	418.695	16.3064
lcl|NC_052677.1_mrna_XM_039457442.1_29978	8103	7904	0	0
lcl|NC_052677.1_mrna_XM_039457444.1_29979	8107	7908	41.3544	1.46883
lcl|NC_052677.1_mrna_XM_039457441.1_29980	8418	8219	0	0
lcl|NC_052677.1_mrna_XM_039457447.1_29981	8786	8587	0	0
lcl|NC_052677.1_mrna_XM_039457446.1_29982	8790	8591	0	0
lcl|NC_052677.1_mrna_XM_039457445.1_29983	7883	7684	0	0
lcl|NC_052677.1_mrna_XM_039457443.1_29984	8402	8203	0	0
lcl|NC_052677.1_mrna_XM_039457440.1_29985	8789	8590	0	0
lcl|NC_052677.1_mrna_XM_039457450.1_29986	8728	8529	0	0
lcl|NC_052677.1_mrna_XM_039457449.1_29987	8734	8535	0	0
lcl|NC_052677.1_mrna_XM_039457448.1_29988	8760	8561	0	0
lcl|NC_052677.1_mrna_XM_011177284.3_29989	1464	1265	300	66.6111
lcl|NC_052677.1_mrna_XM_011177287.3_29990	5853	5654	192.498	9.56282
lcl|NC_052677.1_mrna_XM_011177286.3_29991	5859	5660	0.026599	0.00131997
lcl|NC_052677.1_mrna_XM_011177285.3_29992	5858	5659	79.3203	3.93695
lcl|NC_052677.1_mrna_XM_026133990.2_29993	4439	4240	0	0
lcl|NC_052677.1_mrna_XM_026133989.2_29994	4523	4324	0	0
lcl|NC_052677.1_mrna_XM_039457431.1_29995	4315	4116	14.1552	0.965957
lcl|NC_052677.1_miscrna_XR_005576325.1_29996	4952	4753	3.06457	0.1811
lcl|NC_052677.1_mrna_XM_039457454.1_29997	3564	3365	0.045007	0.00375674
lcl|NC_052677.1_mrna_XM_011177289.3_29998	3699	3500	43.6044	3.49928
lcl|NC_052677.1_mrna_XM_011177288.3_29999	3701	3502	24.5861	1.97192
lcl|NC_052677.1_mrna_XM_039457456.1_30000	3084	2885	126.765	12.3415
lcl|NC_052677.1_mrna_XM_039457455.1_30001	3222	3023	0	0
lcl|NC_052677.1_mrna_XM_026133995.2_30002	5497	5298	544.032	28.8422
lcl|NC_052677.1_mrna_XM_026133997.2_30003	4147	3948	18.9677	1.34944
lcl|NC_052677.1_mrna_XM_026133996.2_30004	3729	3530	0	0
lcl|NC_052677.1_miscrna_XR_005576324.1_30005	3696	3497	0	0
lcl|NC_052677.1_miscrna_XR_005576326.1_30006	2546	2347	3.3726	0.403615
lcl|NC_052677.1_miscrna_XR_005576327.1_30007	3772	3573	0	0
lcl|NC_052677.1_miscrna_XR_005576323.1_30008	3779	3580	0	0
lcl|NC_052677.1_mrna_XM_039457480.1_30009	409	210	0.562833	0.752794
lcl|NC_052677.1_mrna_XM_039457458.1_30010	4666	4467	14.1752	0.89131
lcl|NC_052677.1_mrna_XM_011177678.3_30011	1214	1015	566	156.627
lcl|NC_052677.1_mrna_XM_011177456.3_30012	2095	1896	93.536	13.8566
lcl|NC_052677.1_mrna_XM_039457474.1_30013	1345	1146	297.938	73.0226
lcl|NC_052677.1_mrna_XM_026134025.2_30014	3142	2943	0	0
lcl|NC_052677.1_mrna_XM_026134026.2_30015	3079	2880	18.5615	1.81024
lcl|NC_052677.1_ncrna_XR_851466.3_30016	1081	882	4.43846	1.41345
lcl|NC_052677.1_ncrna_XR_003268609.2_30017	339	140	0	0
lcl|NC_052677.1_mrna_XM_011177296.3_30018	844	645	478	208.154
lcl|NC_052677.1_mrna_XM_039457478.1_30019	1307	1108	79.3341	20.1111
lcl|NC_052677.1_mrna_XM_039457479.1_30020	3200	3001	0	0
lcl|NC_052677.1_mrna_XM_039457476.1_30021	1571	1372	80.7618	16.5336
lcl|NC_052677.1_mrna_XM_039457475.1_30022	1957	1758	0	0
lcl|NC_052677.1_mrna_XM_011177294.3_30023	1633	1434	0.0300073	0.00587752
lcl|NC_052677.1_mrna_XM_039457477.1_30024	2793	2594	83.874	9.08183
lcl|NC_052677.1_mrna_XM_039457093.1_30025	6715	6516	18.0379	0.777536
lcl|NC_052677.1_mrna_XM_011177301.3_30026	2594	2395	0	0
lcl|NC_052677.1_mrna_XM_026134023.2_30027	2416	2217	0	0
lcl|NC_052677.1_miscrna_XR_005576322.1_30028	2356	2157	0	0
lcl|NC_052677.1_mrna_XM_026134021.2_30029	2466	2267	0	0
lcl|NC_052677.1_mrna_XM_039457457.1_30030	2406	2207	0	0
lcl|NC_052677.1_mrna_XM_011177304.3_30031	3429	3230	470	40.8706
lcl|NC_052677.1_mrna_XM_011177307.3_30032	1913	1714	404.133	66.2262
lcl|NC_052677.1_mrna_XM_011177305.3_30033	1890	1691	469.867	78.0453
lcl|NC_052677.1_mrna_XM_039457461.1_30034	2204	2005	0	0
lcl|NC_052677.1_mrna_XM_011177310.3_30035	2269	2070	408.049	55.3678
lcl|NC_052677.1_mrna_XM_026134020.2_30036	615	416	21	14.1789
lcl|NC_052677.1_mrna_XM_039457460.1_30037	2170	1971	0	0
lcl|NC_052677.1_mrna_XM_039457459.1_30038	2152	1953	14.462	2.0799
lcl|NC_052677.1_mrna_XM_026134019.2_30039	2203	2004	46.4892	6.51583
lcl|NC_052677.1_ncrna_XR_003268614.1_30040	73	3.5471	0	0
lcl|NC_052677.1_ncrna_XR_003268613.1_30041	73	3.5471	0	0
lcl|NC_052677.1_ncrna_XR_005576329.1_30042	1031	832	85	28.6953
lcl|NC_052677.1_mrna_XM_011177313.2_30043	1351	1152	1120	273.075
lcl|NC_052677.1_mrna_XM_011177312.3_30044	13235	13036	399	8.59695
lcl|NC_052677.1_mrna_XM_026134058.2_30045	3610	3411	923.227	76.0225
lcl|NC_052677.1_mrna_XM_026134059.2_30046	1696	1497	712.585	133.7
lcl|NC_052677.1_mrna_XM_026134060.2_30047	1611	1412	481.188	95.7185
lcl|NC_052677.1_mrna_XM_026134057.2_30048	5512	5313	156	8.24709
lcl|NC_052677.1_mrna_XM_039457453.1_30049	4986	4787	0	0
lcl|NC_052677.1_mrna_XM_039457472.1_30050	1796	1597	21.7094	3.8182
lcl|NC_052677.1_mrna_XM_039457471.1_30051	1952	1753	0	0
lcl|NC_052677.1_mrna_XM_039457464.1_30052	1658	1459	150.453	28.9643
lcl|NC_052677.1_mrna_XM_039457470.1_30053	1781	1582	0	0
lcl|NC_052677.1_mrna_XM_039457466.1_30054	1804	1605	8.07172e-06	1.41256e-06
lcl|NC_052677.1_mrna_XM_039457465.1_30055	1960	1761	0	0
lcl|NC_052677.1_mrna_XM_039457473.1_30056	1375	1176	65.252	15.5848
lcl|NC_052677.1_mrna_XM_039457469.1_30057	1280	1081	26.845	6.97516
lcl|NC_052677.1_mrna_XM_039457468.1_30058	1383	1184	1.17561e-07	2.78886e-08
lcl|NC_052677.1_mrna_XM_039457467.1_30059	1553	1354	106.74	22.1424
lcl|NC_052677.1_mrna_XM_039457462.1_30060	1657	1458	1384.48	266.712
lcl|NC_052677.1_mrna_XM_039457463.1_30061	1161	962	20.5249	5.99269
lcl|NC_052677.1_mrna_XM_011177321.3_30062	3288	3089	1.0188e-08	9.26378e-10
lcl|NC_052677.1_mrna_XM_011177322.3_30063	3276	3077	160.12	14.6162
lcl|NC_052677.1_ncrna_XR_005576328.1_30064	615	416	9.88029	6.67102
lcl|NC_052677.1_mrna_XM_026133970.2_30065	543	344	59.0114	48.1829
lcl|NC_052677.1_mrna_XM_026134016.2_30066	4547	4348	17.6396	1.1395
lcl|NC_052677.1_mrna_XM_011177323.3_30067	4391	4192	724.349	48.5336
lcl|NC_052677.1_mrna_XM_011177324.3_30068	2104	1905	260.416	38.3962
lcl|NC_052677.1_mrna_XM_011177327.3_30069	1123	924	187.187	56.901
lcl|NC_052677.1_mrna_XM_011177325.3_30070	1556	1357	24.5957	5.09091
lcl|NC_052677.1_mrna_XM_011177326.3_30071	1558	1359	52.8014	10.9129
lcl|NC_052677.1_mrna_XM_039457345.1_30072	3490	3291	0	0
lcl|NC_052677.1_mrna_XM_011177332.3_30073	3696	3497	182.688	14.6734
lcl|NC_052677.1_mrna_XM_011177331.3_30074	3614	3415	0	0
lcl|NC_052677.1_mrna_XM_039457346.1_30075	3490	3291	7.25589	0.619268
lcl|NC_052677.1_mrna_XM_039457342.1_30076	3604	3405	0	0
lcl|NC_052677.1_mrna_XM_039457344.1_30077	3592	3393	152.056	12.5874
lcl|NC_052677.1_mrna_XM_026134066.2_30078	3738	3539	0	0
lcl|NC_052677.1_mrna_XM_026134065.2_30079	3769	3570	0	0
lcl|NC_052677.1_mrna_XM_011177334.3_30080	3611	3412	0	0
lcl|NC_052677.1_mrna_XM_011177335.3_30081	5706	5507	107	5.45738
lcl|NC_052677.1_mrna_XM_011177336.3_30082	1474	1275	1247	274.708
lcl|NC_052677.1_mrna_XM_011177337.3_30083	760	561	499	249.835
lcl|NC_052677.1_mrna_XM_026134050.2_30084	1684	1485	511.326	96.7136
lcl|NC_052677.1_mrna_XM_039457353.1_30085	1962	1763	32.1525	5.12245
lcl|NC_052677.1_mrna_XM_039457350.1_30086	2521	2322	0	0
lcl|NC_052677.1_mrna_XM_026134049.2_30087	1653	1454	59.9659	11.5839
lcl|NC_052677.1_mrna_XM_039457351.1_30088	3117	2918	7.55869	0.727574
lcl|NC_052677.1_mrna_XM_039457352.1_30089	2910	2711	0	0
lcl|NC_052677.1_mrna_XM_011177339.3_30090	2142	1943	1442	208.453
lcl|NC_052677.1_mrna_XM_011177458.2_30091	417	218	41	52.8254
lcl|NC_052677.1_mrna_XM_039457348.1_30092	8426	8227	0	0
lcl|NC_052677.1_mrna_XM_011177341.3_30093	8545	8346	0	0
lcl|NC_052677.1_mrna_XM_011177342.3_30094	8542	8343	0	0
lcl|NC_052677.1_mrna_XM_011177343.3_30095	8464	8265	0	0
lcl|NC_052677.1_mrna_XM_011177345.3_30096	8320	8121	26.2816	0.908986
lcl|NC_052677.1_mrna_XM_011177346.3_30097	8011	7812	122.816	4.41578
lcl|NC_052677.1_mrna_XM_026134046.2_30098	5632	5433	0	0
lcl|NC_052677.1_mrna_XM_011177350.3_30099	5581	5382	95.9955	5.00983
lcl|NC_052677.1_mrna_XM_011177349.3_30100	5694	5495	65.0045	3.3227
lcl|NC_052677.1_mrna_XM_011177347.3_30101	2108	1909	116	17.0674
lcl|NC_052677.1_mrna_XM_011177348.3_30102	2404	2205	0	0
lcl|NC_052677.1_mrna_XM_039457036.1_30103	2421	2222	13.8944	1.75635
lcl|NC_052677.1_mrna_XM_039457038.1_30104	2340	2141	129.858	17.036
lcl|NC_052677.1_mrna_XM_011177351.3_30105	2523	2324	0	0
lcl|NC_052677.1_mrna_XM_039457034.1_30106	2418	2219	0	0
lcl|NC_052677.1_mrna_XM_039457035.1_30107	2409	2210	437.075	55.5494
lcl|NC_052677.1_mrna_XM_039457033.1_30108	2572	2373	121.088	14.3325
lcl|NC_052677.1_mrna_XM_039457032.1_30109	3226	3027	0.0247741	0.0022988
lcl|NC_052677.1_mrna_XM_039457030.1_30110	3157	2958	83.0599	7.88694
lcl|NC_052677.1_mrna_XM_039457031.1_30111	2554	2355	1.75805e-06	2.09679e-07
lcl|NC_052677.1_mrna_XM_011177358.3_30112	3348	3149	975	86.9656
lcl|NC_052677.1_mrna_XM_011177459.3_30113	2258	2059	13	1.77338
lcl|NC_052677.1_mrna_XM_026134052.2_30114	3068	2869	0	0
lcl|NC_052677.1_mrna_XM_026134051.2_30115	3083	2884	0	0
lcl|NC_052677.1_mrna_XM_011177359.3_30116	3108	2909	23.272	2.24701
lcl|NC_052677.1_mrna_XM_026134053.2_30117	1733	1534	7.728	1.415
lcl|NC_052677.1_mrna_XM_026133973.2_30118	7802	7603	0.00540232	0.000199577
lcl|NC_052677.1_mrna_XM_026133974.2_30119	7799	7600	0.00802588	0.000296616
lcl|NC_052677.1_mrna_XM_026133976.2_30120	7751	7552	172.059	6.3993
lcl|NC_052677.1_mrna_XM_026133975.2_30121	7753	7554	131.927	4.90538
lcl|NC_052677.1_mrna_XM_039457002.1_30122	7566	7367	0	0
lcl|NC_052677.1_mrna_XM_011177363.3_30123	1492	1293	70	15.206
lcl|NC_052677.1_mrna_XM_039457008.1_30124	1199	1000	0	0
lcl|NC_052677.1_ncrna_XR_005576242.1_30125	636	437	8.04534	5.17105
lcl|NC_052677.1_mrna_XM_039457009.1_30126	1101	902	5.14202	1.60119
lcl|NC_052677.1_mrna_XM_039457006.1_30127	1519	1320	2.54433	0.541397
lcl|NC_052677.1_mrna_XM_039457003.1_30128	1660	1461	0	0
lcl|NC_052677.1_mrna_XM_039457004.1_30129	1767	1568	36.8567	6.60217
lcl|NC_052677.1_mrna_XM_039457005.1_30130	1591	1392	0	0
lcl|NC_052677.1_mrna_XM_039457007.1_30131	1596	1397	0	0
lcl|NC_052677.1_mrna_XM_026134044.2_30132	2614	2415	903.166	105.043
lcl|NC_052677.1_ncrna_XR_005576274.1_30133	562	363	58.0131	44.8885
lcl|NC_052677.1_mrna_XM_011177366.3_30134	1196	997	499	140.579
lcl|NC_052677.1_mrna_XM_011177367.3_30135	1948	1749	1635	262.569
lcl|NC_052677.1_mrna_XM_039457140.1_30136	3767	3568	64.499	5.07743
lcl|NC_052677.1_mrna_XM_039457139.1_30137	3769	3570	173.606	13.6588
lcl|NC_052677.1_mrna_XM_039457141.1_30138	3745	3546	110.895	8.78391
lcl|NC_052677.1_mrna_XM_026134015.2_30139	3486	3287	0	0
lcl|NC_052677.1_mrna_XM_026133985.2_30140	3147	2948	59.9156	5.70858
lcl|NC_052677.1_mrna_XM_026133986.2_30141	3307	3108	0	0
lcl|NC_052677.1_mrna_XM_039457491.1_30142	3288	3089	0	0
lcl|NC_052677.1_mrna_XM_026133984.2_30143	3046	2847	61.0844	6.02641
lcl|NC_052677.1_mrna_XM_039457502.1_30144	1713	1514	8054	1494.18
lcl|NC_052677.1_mrna_XM_026134042.2_30145	2264	2065	91.2974	12.4181
lcl|NC_052677.1_mrna_XM_011177379.3_30146	1580	1381	2067	420.4
lcl|NC_052677.1_mrna_XM_039457492.1_30147	3635	3436	921.082	75.2941
lcl|NC_052677.1_mrna_XM_039457493.1_30148	3346	3147	126.918	11.3277
lcl|NC_052677.1_mrna_XM_026134041.2_30149	3912	3713	6	0.453881
lcl|NC_052677.1_mrna_XM_039457494.1_30150	2188	1989	0	0
lcl|NC_052677.1_mrna_XM_011177383.3_30151	2163	1964	0	0
lcl|NC_052677.1_mrna_XM_011177384.3_30152	2098	1899	0	0
lcl|NC_052677.1_mrna_XM_026134037.2_30153	1898	1699	142.86	23.6174
lcl|NC_052677.1_mrna_XM_026134038.2_30154	1508	1309	1083.14	232.413
lcl|NC_052677.1_mrna_XM_039457496.1_30155	1566	1367	0	0
lcl|NC_052677.1_mrna_XM_039457498.1_30156	1558	1359	16	3.30686
lcl|NC_052677.1_mrna_XM_011177387.3_30157	1580	1381	0	0
lcl|NC_052677.1_mrna_XM_039457497.1_30158	1765	1566	0	0
lcl|NC_052677.1_mrna_XM_039457495.1_30159	1540	1341	0	0
lcl|NC_052677.1_mrna_XM_011177386.3_30160	1450	1251	386.734	86.8301
lcl|NC_052677.1_ncrna_XR_005576340.1_30161	648	449	4.26629	2.66882
lcl|NC_052677.1_ncrna_XR_005576339.1_30162	5104	4905	59.5493	3.40999
lcl|NC_052677.1_mrna_XM_011177385.3_30163	1951	1752	17.4507	2.79765
lcl|NC_052677.1_mrna_XM_011177392.3_30164	720	521	265	142.864
lcl|NC_052677.1_mrna_XM_011177391.3_30165	2195	1996	66.8417	9.40595
lcl|NC_052677.1_mrna_XM_011177390.3_30166	4771	4572	29.1583	1.79132
lcl|NC_052677.1_mrna_XM_039457501.1_30167	949	750	6.28257	2.35284
lcl|NC_052677.1_mrna_XM_011177395.3_30168	1265	1066	0	0
lcl|NC_052677.1_mrna_XM_011177394.3_30169	1242	1043	5.5439	1.49295
lcl|NC_052677.1_mrna_XM_026134036.2_30170	1637	1438	3.17354	0.61987
lcl|NC_052677.1_mrna_XM_039457500.1_30171	1131	932	0	0
lcl|NC_052677.1_mrna_XM_011177399.3_30172	1187	988	0	0
lcl|NC_052677.1_mrna_XM_039457499.1_30173	1456	1257	0	0
lcl|NC_052677.1_mrna_XM_011177461.3_30174	1433	1234	1	0.227615
lcl|NC_052677.1_mrna_XM_011177401.3_30175	2210	2011	1620	226.266
lcl|NC_052677.1_mrna_XM_011177400.3_30176	797	598	56	26.3028
lcl|NC_052677.1_mrna_XM_011177402.3_30177	4233	4034	1	0.0696273
lcl|NC_052677.1_mrna_XM_011177404.3_30178	1736	1537	56.0326	10.2396
lcl|NC_052677.1_mrna_XM_011177403.2_30179	2654	2455	0	0
lcl|NC_052677.1_mrna_XM_039457591.1_30180	10616	10417	9.31795	0.251243
lcl|NC_052677.1_mrna_XM_039457590.1_30181	10715	10516	8.64128	0.230804
lcl|NC_052677.1_mrna_XM_039457592.1_30182	10548	10349	0	0
lcl|NC_052677.1_mrna_XM_026134076.2_30183	10746	10547	7.04078	0.187503
lcl|NC_052677.1_mrna_XM_039457593.1_30184	10685	10486	0	0
lcl|NC_052677.1_mrna_XM_011177406.3_30185	10411	10212	0	0
lcl|NC_052677.1_mrna_XM_026134071.2_30186	14194	13995	3.27263	0.0656809
lcl|NC_052677.1_mrna_XM_026134069.2_30187	14215	14016	0.727373	0.0145763
lcl|NC_052677.1_mrna_XM_026134072.2_30188	5420	5221	0	0
lcl|NC_052677.1_mrna_XM_026134070.2_30189	5512	5313	0	0
lcl|NC_052677.1_mrna_XM_039457095.1_30190	4140	3941	0	0
lcl|NC_052677.1_mrna_XM_011177407.3_30191	2770	2571	2135	233.245
lcl|NC_052677.1_mrna_XM_011177409.3_30192	2347	2148	692	90.4873
lcl|NC_052677.1_mrna_XM_011177411.3_30193	4226	4027	26	1.81346
lcl|NC_052677.1_miscrna_XR_005576301.1_30194	8465	8266	0	0
lcl|NC_052677.1_miscrna_XR_005576300.1_30195	9336	9137	12.3046	0.37825
lcl|NC_052677.1_miscrna_XR_005576299.1_30196	9466	9267	8.63222e-06	2.61637e-07
lcl|NC_052677.1_miscrna_XR_005576298.1_30197	7851	7652	10.157	0.372827
lcl|NC_052677.1_mrna_XM_039457335.1_30198	7250	7051	2.3317	0.0928833
lcl|NC_052677.1_mrna_XM_039457334.1_30199	7391	7192	0	0
lcl|NC_052677.1_mrna_XM_026134004.2_30200	7302	7103	0	0
lcl|NC_052677.1_mrna_XM_039457333.1_30201	7476	7277	12.1317	0.468259
lcl|NC_052677.1_mrna_XM_039457332.1_30202	7513	7314	0.0749435	0.00287803
lcl|NC_052677.1_mrna_XM_039457336.1_30203	6715	6516	0	0
lcl|NC_052677.1_mrna_XM_011177412.3_30204	2931	2732	1.78215e-05	1.83223e-06
lcl|NC_052677.1_mrna_XM_011177413.3_30205	2928	2729	356.211	36.6623
lcl|NC_052677.1_mrna_XM_026134005.2_30206	2867	2668	86.7889	9.1368
lcl|NC_052677.1_mrna_XM_026134011.2_30207	3690	3491	126.522	10.1796
lcl|NC_052677.1_miscrna_XR_005576302.1_30208	4713	4514	601.285	37.414
lcl|NC_052677.1_mrna_XM_026134006.2_30209	2572	2373	525.193	62.1638
lcl|NC_052677.1_mrna_XM_026134010.2_30210	562	363	0.99974	0.773564
lcl|NC_052677.1_mrna_XM_026134008.2_30211	565	366	0.000259838	0.000199406
lcl|NC_052677.1_ncrna_XR_851474.3_30212	1368	1169	0	0
lcl|NC_052677.1_ncrna_XR_851475.3_30213	1290	1091	3	0.772347
lcl|NC_052677.1_ncrna_XR_851473.3_30214	601	402	3	2.09609
lcl|NC_052677.1_ncrna_XR_851472.3_30215	612	413	0	0
lcl|NC_052677.1_mrna_XM_026134007.2_30216	540	341	0	0
lcl|NC_052677.1_mrna_XM_039457339.1_30217	2512	2313	0	0
lcl|NC_052677.1_mrna_XM_039457330.1_30218	3790	3591	11.1659	0.873362
lcl|NC_052677.1_mrna_XM_026134003.2_30219	9988	9789	0	0
lcl|NC_052677.1_mrna_XM_039457331.1_30220	6197	5998	0	0
lcl|NC_052677.1_mrna_XM_026133999.2_30221	9687	9488	0	0
lcl|NC_052677.1_mrna_XM_026133998.2_30222	9702	9503	0	0
lcl|NC_052677.1_mrna_XM_026134000.2_30223	9669	9470	0	0
lcl|NC_052677.1_mrna_XM_026134001.2_30224	9633	9434	0	0
lcl|NC_052677.1_mrna_XM_011177414.3_30225	6454	6255	0	0
lcl|NC_052677.1_mrna_XM_026134002.2_30226	9617	9418	0	0
lcl|NC_052677.1_mrna_XM_039457329.1_30227	8515	8316	17.5759	0.593633
lcl|NC_052677.1_mrna_XM_011177417.3_30228	1756	1557	1.28005	0.230916
lcl|NC_052677.1_mrna_XM_011177418.3_30229	2020	1821	0	0
lcl|NC_052677.1_mrna_XM_011177419.3_30230	1548	1349	0	0
lcl|NC_052677.1_mrna_XM_026134018.2_30231	4186	3987	141.226	9.94908
lcl|NC_052677.1_mrna_XM_011177421.3_30232	4276	4077	45.3	3.12085
lcl|NC_052677.1_mrna_XM_011177422.3_30233	4189	3990	0	0
lcl|NC_052677.1_mrna_XM_011177420.3_30234	4279	4080	0	0
lcl|NC_052677.1_mrna_XM_011177467.3_30235	2433	2234	17.7552	2.23233
lcl|NC_052677.1_mrna_XM_026133991.2_30236	2720	2521	84.2448	9.38612
lcl|NC_052677.1_mrna_XM_039456982.1_30237	4132	3933	58.7015	4.19219
lcl|NC_052677.1_mrna_XM_039456983.1_30238	3931	3732	142.299	10.7096
lcl|NC_052677.1_mrna_XM_011177426.3_30239	1985	1786	0	0
lcl|NC_052677.1_mrna_XM_026142241.2_30240	1579	1380	0	0
lcl|NC_052678.1_mrna_XM_039458022.1_30241	405	206	0	0
lcl|NC_052678.1_mrna_XM_039458023.1_30242	1147	948	0	0
lcl|NC_052678.1_mrna_XM_039457857.1_30243	4086	3887	0.611035	0.0441537
lcl|NC_052678.1_mrna_XM_039457858.1_30244	4068	3869	64.2575	4.66489
lcl|NC_052678.1_mrna_XM_039457856.1_30245	4101	3902	0.0128329	0.000923744
lcl|NC_052678.1_miscrna_XR_005576423.1_30246	383	184	1.51745	2.31639
lcl|NC_052678.1_ncrna_XR_005576424.1_30247	354	155	0	0
lcl|NC_052678.1_mrna_XM_039457859.1_30248	1338	1139	0	0
lcl|NC_052678.1_mrna_XM_039457861.1_30249	991	792	0	0
lcl|NC_052678.1_ncrna_XR_005576425.1_30250	1315	1116	2	0.503363
lcl|NC_052678.1_mrna_XM_039458024.1_30251	960	761	0	0
lcl|NC_052678.1_mrna_XM_039457862.1_30252	7023	6824	0.0339865	0.00139889
lcl|NC_052678.1_mrna_XM_026139385.2_30253	7034	6835	0.892399	0.0366721
lcl|NC_052678.1_mrna_XM_039457863.1_30254	6845	6646	0.00823226	0.000347916
lcl|NC_052678.1_mrna_XM_026139384.2_30255	7156	6957	188.335	7.60371
lcl|NC_052678.1_ncrna_XR_005576413.1_30256	1003	804	2.02577	0.707699
lcl|NC_052678.1_mrna_XM_039457773.1_30257	4299	4100	24.8485	1.70228
lcl|NC_052678.1_mrna_XM_039457774.1_30258	4134	3935	10.6629	0.761111
lcl|NC_052678.1_mrna_XM_011169805.3_30259	2648	2449	272.513	31.2547
lcl|NC_052678.1_ncrna_XR_005576412.1_30260	996	797	1	0.352417
lcl|NC_052678.1_mrna_XM_039457775.1_30261	2792	2593	20.9752	2.27205
lcl|NC_052678.1_mrna_XM_011169810.2_30262	633	434	0	0
lcl|NC_052678.1_mrna_XM_039457783.1_30263	7081	6882	0	0
lcl|NC_052678.1_mrna_XM_011169806.3_30264	7192	6993	0	0
lcl|NC_052678.1_mrna_XM_039457781.1_30265	2543	2344	4.69179	0.562207
lcl|NC_052678.1_mrna_XM_039457871.1_30266	7009	6810	2	0.0824895
lcl|NC_052678.1_mrna_XM_039458025.1_30267	486	287	0	0
lcl|NC_052678.1_mrna_XM_039458032.1_30268	921	722	0	0
lcl|NC_052678.1_mrna_XM_039458034.1_30269	648	449	0	0
lcl|NC_052678.1_mrna_XM_039457874.1_30270	3795	3596	0	0
lcl|NC_052678.1_mrna_XM_039457706.1_30271	2426	2227	0	0
lcl|NC_052678.1_mrna_XM_039457705.1_30272	2434	2235	0	0
lcl|NC_052678.1_mrna_XM_039457704.1_30273	2512	2313	0	0
lcl|NC_052678.1_mrna_XM_039457709.1_30274	2257	2058	20.6334	2.81605
lcl|NC_052678.1_mrna_XM_039457707.1_30275	2334	2135	105.184	13.8378
lcl|NC_052678.1_mrna_XM_039457708.1_30276	2353	2154	9.1955	1.19907
lcl|NC_052678.1_mrna_XM_026134541.2_30277	876	677	0	0
lcl|NC_052678.1_ncrna_XR_005576405.1_30278	1423	1224	0	0
lcl|NC_052678.1_mrna_XM_039458145.1_30279	3724	3525	217.298	17.3146
lcl|NC_052678.1_mrna_XM_039458147.1_30280	495	296	0.753163	0.714682
lcl|NC_052678.1_mrna_XM_011164104.3_30281	1485	1286	1050	229.332
lcl|NC_052678.1_mrna_XM_011164102.3_30282	1863	1664	639.993	108.028
lcl|NC_052678.1_mrna_XM_011164103.3_30283	1765	1566	0	0
lcl|NC_052678.1_mrna_XM_011164101.3_30284	1894	1695	46.6939	7.7376
lcl|NC_052678.1_mrna_XM_026141274.2_30285	2253	2054	33.3132	4.55546
lcl|NC_052678.1_mrna_XM_039458148.1_30286	1414	1215	4	0.924697
lcl|NC_052678.1_mrna_XM_011164100.3_30287	552	353	348	276.898
lcl|NC_052678.1_mrna_XM_026129964.2_30288	710	511	0	0
lcl|NC_052678.1_mrna_XM_039458150.1_30289	686	487	0	0
lcl|NC_052678.1_mrna_XM_039458151.1_30290	3458	3259	1	0.0861849
lcl|NC_052678.1_mrna_XM_026136600.2_30291	3239	3040	0	0
lcl|NC_052678.1_mrna_XM_026136598.2_30292	3311	3112	0	0
lcl|NC_052678.1_mrna_XM_039457760.1_30293	3210	3011	19.0081	1.77315
lcl|NC_052678.1_mrna_XM_026136599.2_30294	3274	3075	0	0
lcl|NC_052678.1_mrna_XM_039457761.1_30295	3336	3137	0	0
lcl|NC_052678.1_mrna_XM_011172247.3_30296	3025	2826	321.547	31.9586
lcl|NC_052678.1_miscrna_XR_003268882.2_30297	1077	878	4.44505	1.42199
lcl|NC_052678.1_mrna_XM_039457762.1_30298	1189	990	0	0
lcl|NC_052678.1_mrna_XM_026136601.2_30299	3661	3462	287	23.2847
lcl|NC_052678.1_ncrna_XR_851165.3_30300	2315	2116	10	1.32739
lcl|NC_052678.1_mrna_XM_039457911.1_30301	2624	2425	17	1.96903
lcl|NC_052678.1_mrna_XM_039458055.1_30302	1486	1287	0	0
lcl|NC_052678.1_mrna_XM_039458035.1_30303	2253	2054	0	0
lcl|NC_052678.1_mrna_XM_026136608.2_30304	9402	9203	2.83933	0.0866568
lcl|NC_052678.1_mrna_XM_011169870.3_30305	9393	9194	7.57554	0.231433
lcl|NC_052678.1_mrna_XM_039457865.1_30306	9173	8974	0	0
lcl|NC_052678.1_mrna_XM_039457864.1_30307	9502	9303	0	0
lcl|NC_052678.1_mrna_XM_026136609.2_30308	1052	853	2	0.658562
lcl|NC_052678.1_mrna_XM_026136602.2_30309	1012	813	2	0.690964
lcl|NC_052678.1_ncrna_XR_851054.3_30310	620	421	1	0.667166
lcl|NC_052678.1_mrna_XM_039457866.1_30311	10899	10700	1.60602	0.0421582
lcl|NC_052678.1_mrna_XM_026136605.2_30312	1594	1395	0	0
lcl|NC_052678.1_mrna_XM_011169868.3_30313	2138	1939	59	8.54653
lcl|NC_052678.1_ncrna_XR_005576426.1_30314	1030	831	41.3802	13.9865
lcl|NC_052678.1_mrna_XM_039457870.1_30315	961	762	9	3.31744
lcl|NC_052678.1_mrna_XM_039457869.1_30316	2019	1820	0	0
lcl|NC_052678.1_mrna_XM_039457867.1_30317	3244	3045	5.48831	0.506252
lcl|NC_052678.1_mrna_XM_011169866.3_30318	10166	9967	0	0
lcl|NC_052678.1_mrna_XM_011169867.3_30319	9666	9467	120.516	3.57558
lcl|NC_052678.1_ncrna_XR_003268884.2_30320	1487	1288	1	0.218072
lcl|NC_052678.1_mrna_XM_026136595.2_30321	5354	5155	1	0.0544863
lcl|NC_052678.1_mrna_XM_039458137.1_30322	12925	12726	3.00648	0.0663563
lcl|NC_052678.1_miscrna_XR_005576404.1_30323	925	726	0	0
lcl|NC_052678.1_miscrna_XR_005576401.1_30324	525	326	1	0.861585
lcl|NC_052678.1_miscrna_XR_005576403.1_30325	550	351	0	0
lcl|NC_052678.1_mrna_XM_011169858.3_30326	1629	1430	5	0.982086
lcl|NC_052678.1_miscrna_XR_005576402.1_30327	1760	1561	0	0
lcl|NC_052678.1_mrna_XM_039457697.1_30328	4262	4063	0.0601468	0.00415797
lcl|NC_052678.1_mrna_XM_011169853.3_30329	4329	4130	0	0
lcl|NC_052678.1_mrna_XM_011169855.3_30330	4240	4041	13.9399	0.968914
lcl|NC_052678.1_mrna_XM_039457698.1_30331	2317	2118	7	0.928299
lcl|NC_052678.1_mrna_XM_011169852.3_30332	2602	2403	0	0
lcl|NC_052678.1_mrna_XM_011169849.3_30333	3073	2874	1.43326e-06	1.40073e-07
lcl|NC_052678.1_mrna_XM_039457769.1_30334	3029	2830	7.52928	0.747279
lcl|NC_052678.1_mrna_XM_011169851.3_30335	3193	2994	36.513	3.4254
lcl|NC_052678.1_mrna_XM_039457768.1_30336	3364	3165	26.9578	2.39236
lcl|NC_052678.1_mrna_XM_039457770.1_30337	3090	2891	4.10333e-07	3.98661e-08
lcl|NC_052678.1_mrna_XM_026136597.2_30338	2358	2159	1042.05	135.566
lcl|NC_052678.1_mrna_XM_039457780.1_30339	2392	2193	50.0767	6.41376
lcl|NC_052678.1_mrna_XM_011169847.3_30340	1893	1694	561.877	93.163
lcl|NC_052678.1_mrna_XM_039457799.1_30341	2879	2680	34.6797	3.6346
lcl|NC_052678.1_mrna_XM_011176507.2_30342	1228	1029	0	0
lcl|NC_052678.1_mrna_XM_039457800.1_30343	1171	972	0.000725169	0.00020955
lcl|NC_052678.1_mrna_XM_039457950.1_30344	1250	1051	511.629	136.731
lcl|NC_052678.1_mrna_XM_039458036.1_30345	621	422	0	0
lcl|NC_052678.1_mrna_XM_039458037.1_30346	4119	3920	0	0
lcl|NC_052678.1_mrna_XM_039458054.1_30347	1052	853	3.12447	1.02883
lcl|NC_052678.1_mrna_XM_039457847.1_30348	1000	801	15	5.25986
lcl|NC_052678.1_mrna_XM_039458038.1_30349	1698	1499	9	1.68638
lcl|NC_052678.1_mrna_XM_011165718.3_30350	1319	1120	24	6.01879
lcl|NC_052678.1_mrna_XM_039457787.1_30351	1046	847	24	7.95873
lcl|NC_052678.1_mrna_XM_026138693.2_30352	678	479	0	0
lcl|NC_052678.1_mrna_XM_039457788.1_30353	1626	1427	0	0
lcl|NC_052678.1_mrna_XM_039457975.1_30354	10491	10292	1.26931	0.0346404
lcl|NC_052678.1_mrna_XM_026138690.2_30355	10700	10501	0	0
lcl|NC_052678.1_mrna_XM_039457972.1_30356	10989	10790	0	0
lcl|NC_052678.1_mrna_XM_039457974.1_30357	11915	11716	0	0
lcl|NC_052678.1_mrna_XM_039457976.1_30358	11788	11589	0	0
lcl|NC_052678.1_mrna_XM_039457973.1_30359	16436	16237	2.7312	0.0472459
lcl|NC_052678.1_mrna_XM_039457978.1_30360	2713	2514	0	0
lcl|NC_052678.1_mrna_XM_039457977.1_30361	11760	11561	748.629	18.1881
lcl|NC_052678.1_mrna_XM_039457980.1_30362	13655	13456	0	0
lcl|NC_052678.1_mrna_XM_039457979.1_30363	14534	14335	0	0
lcl|NC_052678.1_mrna_XM_011165712.3_30364	2014	1815	89.5158	13.8528
lcl|NC_052678.1_mrna_XM_011165713.3_30365	2090	1891	18.8905	2.80588
lcl|NC_052678.1_mrna_XM_026138680.2_30366	3791	3592	21.4302	1.67574
lcl|NC_052678.1_mrna_XM_026138679.2_30367	4342	4143	128.163	8.6889
lcl|NC_052678.1_ncrna_XR_005576416.1_30368	858	659	1	0.426217
lcl|NC_052678.1_mrna_XM_026138687.2_30369	2930	2731	53.4501	5.49722
lcl|NC_052678.1_mrna_XM_011165708.3_30370	2811	2612	0	0
lcl|NC_052678.1_mrna_XM_011165707.3_30371	2940	2741	284.955	29.2001
lcl|NC_052678.1_mrna_XM_011165709.3_30372	2871	2672	2.56916e-08	2.70066e-09
lcl|NC_052678.1_mrna_XM_039457785.1_30373	2738	2539	351.442	38.8782
lcl|NC_052678.1_mrna_XM_011165706.3_30374	658	459	1275	780.213
lcl|NC_052678.1_mrna_XM_011165705.3_30375	1695	1496	760	142.691
lcl|NC_052678.1_mrna_XM_011165702.3_30376	2134	1935	828	120.189
lcl|NC_052678.1_mrna_XM_011165704.3_30377	1667	1468	141	26.9779
lcl|NC_052678.1_mrna_XM_039457777.1_30378	3884	3685	28.2647	2.15438
lcl|NC_052678.1_mrna_XM_011165701.3_30379	1904	1705	239.601	39.4712
lcl|NC_052678.1_miscrna_XR_005576415.1_30380	1943	1744	213.564	34.3951
lcl|NC_052678.1_miscrna_XR_005576414.1_30381	1985	1786	1065.57	167.578
lcl|NC_052678.1_mrna_XM_011165698.3_30382	1804	1605	3	0.525003
lcl|NC_052678.1_mrna_XM_011165697.3_30383	482	283	891	884.315
lcl|NC_052678.1_mrna_XM_039457873.1_30384	1612	1413	0	0
lcl|NC_052678.1_mrna_XM_011165696.3_30385	1858	1659	564	95.4879
lcl|NC_052678.1_mrna_XM_011165695.3_30386	1961	1762	358.726	57.1837
lcl|NC_052678.1_mrna_XM_011165694.3_30387	1804	1605	483.31	84.5798
lcl|NC_052678.1_mrna_XM_039457832.1_30388	2134	1935	341.964	49.6381
lcl|NC_052678.1_mrna_XM_039457833.1_30389	1617	1418	0	0
lcl|NC_052678.1_ncrna_XR_850901.3_30390	2145	1946	69	9.95914
lcl|NC_052678.1_ncrna_XR_003269153.2_30391	2138	1939	0	0
lcl|NC_052678.1_mrna_XM_011165693.3_30392	6677	6478	70	3.0351
lcl|NC_052678.1_mrna_XM_039457801.1_30393	2829	2630	125.335	13.3854
lcl|NC_052678.1_mrna_XM_011165692.3_30394	2750	2551	375	41.2892
lcl|NC_052678.1_mrna_XM_011165689.3_30395	3914	3715	445.941	33.7159
lcl|NC_052678.1_mrna_XM_011165691.3_30396	2557	2358	81.8066	9.74451
lcl|NC_052678.1_mrna_XM_011165686.3_30397	1717	1518	495	91.5902
lcl|NC_052678.1_mrna_XM_039457725.1_30398	1388	1189	111.889	26.4315
lcl|NC_052678.1_mrna_XM_011165687.3_30399	1803	1604	54.1108	9.47536
lcl|NC_052678.1_mrna_XM_011165684.3_30400	4416	4217	108	7.19343
lcl|NC_052678.1_mrna_XM_039457726.1_30401	2597	2398	0.00667564	0.000781915
lcl|NC_052678.1_mrna_XM_039457727.1_30402	2707	2508	0.00123441	0.000138244
lcl|NC_052678.1_mrna_XM_039457723.1_30403	2049	1850	43.2695	6.5694
lcl|NC_052678.1_mrna_XM_026138685.2_30404	1957	1758	0	0
lcl|NC_052678.1_mrna_XM_026138684.2_30405	2062	1863	0	0
lcl|NC_052678.1_mrna_XM_011165681.3_30406	2133	1934	440	63.9016
lcl|NC_052678.1_mrna_XM_011165680.3_30407	1919	1720	209	34.1298
lcl|NC_052678.1_mrna_XM_039458039.1_30408	3867	3668	6	0.459449
lcl|NC_052678.1_mrna_XM_039457802.1_30409	2367	2168	1040.18	134.762
lcl|NC_052678.1_mrna_XM_039457910.1_30410	2367	2168	1040.18	134.762
lcl|NC_052678.1_mrna_XM_039457905.1_30411	2367	2168	1040.18	134.762
lcl|NC_052678.1_mrna_XM_039457907.1_30412	2367	2168	1040.18	134.762
lcl|NC_052678.1_mrna_XM_039457904.1_30413	2367	2168	1040.18	134.762
lcl|NC_052678.1_mrna_XM_039457908.1_30414	2367	2168	1040.18	134.762
lcl|NC_052678.1_mrna_XM_039457909.1_30415	2367	2168	1040.18	134.762
lcl|NC_052678.1_mrna_XM_039457710.1_30416	2367	2168	1040.18	134.762
lcl|NC_052678.1_mrna_XM_026137107.2_30417	5494	5295	1086	57.6075
lcl|NC_052678.1_mrna_XM_026137093.2_30418	6190	5991	0	0
lcl|NC_052678.1_mrna_XM_039457855.1_30419	6309	6110	15	0.68955
lcl|NC_052678.1_mrna_XM_039457849.1_30420	6377	6178	0	0
lcl|NC_052678.1_mrna_XM_039457850.1_30421	6378	6179	0	0
lcl|NC_052678.1_mrna_XM_039457852.1_30422	6598	6399	0	0
lcl|NC_052678.1_mrna_XM_039457853.1_30423	6478	6279	0	0
lcl|NC_052678.1_mrna_XM_039457851.1_30424	6484	6285	0	0
lcl|NC_052678.1_mrna_XM_039457854.1_30425	6790	6591	0	0
lcl|NC_052678.1_mrna_XM_039457927.1_30426	1915	1716	0	0
lcl|NC_052678.1_mrna_XM_039457926.1_30427	1897	1698	1.99997	0.330828
lcl|NC_052678.1_mrna_XM_026137096.2_30428	1916	1717	2.84392e-05	4.65224e-06
lcl|NC_052678.1_trna_30429	76	3.6135	0	0
lcl|NC_052678.1_mrna_XM_039457928.1_30430	1750	1551	1.37476	0.248962
lcl|NC_052678.1_mrna_XM_026137100.2_30431	1823	1624	0	0
lcl|NC_052678.1_mrna_XM_026137099.2_30432	1749	1550	2.62524	0.475721
lcl|NC_052678.1_mrna_XM_026137098.2_30433	1823	1624	0	0
lcl|NC_052678.1_mrna_XM_039457971.1_30434	3124	2925	19	1.8245
lcl|NC_052678.1_mrna_XM_011168310.3_30435	1519	1320	1083	230.447
lcl|NC_052678.1_mrna_XM_026137092.2_30436	857	658	2375	1013.8
lcl|NC_052678.1_mrna_XM_011168305.3_30437	2653	2454	4152.46	475.277
lcl|NC_052678.1_mrna_XM_011168306.3_30438	2966	2767	159.543	16.1951
lcl|NC_052678.1_mrna_XM_011168307.3_30439	2565	2366	1466	174.034
lcl|NC_052678.1_mrna_XM_026137104.2_30440	3799	3600	0	0
lcl|NC_052678.1_mrna_XM_026137103.2_30441	3871	3672	2.41757e-07	1.84924e-08
lcl|NC_052678.1_mrna_XM_011168304.3_30442	3858	3659	361	27.7115
lcl|NC_052678.1_ncrna_XR_850986.3_30443	955	756	3	1.11459
lcl|NC_052678.1_mrna_XM_011168298.3_30444	6412	6213	53.037	2.39769
lcl|NC_052678.1_mrna_XM_026137105.2_30445	1347	1148	0	0
lcl|NC_052678.1_mrna_XM_011168295.3_30446	1048	849	1	0.330832
lcl|NC_052678.1_mrna_XM_011168296.3_30447	914	715	0	0
lcl|NC_052678.1_mrna_XM_011168301.3_30448	6070	5871	0	0
lcl|NC_052678.1_mrna_XM_011168302.3_30449	6204	6005	0	0
lcl|NC_052678.1_mrna_XM_011168297.3_30450	6312	6113	0	0
lcl|NC_052678.1_mrna_XM_039457924.1_30451	1576	1377	0	0
lcl|NC_052678.1_mrna_XM_011168294.3_30452	1385	1186	71	16.8147
lcl|NC_052678.1_miscrna_XR_850985.3_30453	2672	2473	38.9801	4.42726
lcl|NC_052678.1_miscrna_XR_003268937.2_30454	2702	2503	0.000217972	2.44599e-05
lcl|NC_052678.1_mrna_XM_011168291.3_30455	2681	2482	1.01965	0.115389
lcl|NC_052678.1_mrna_XM_011168293.3_30456	1444	1245	0	0
lcl|NC_052678.1_mrna_XM_039457923.1_30457	1285	1086	3	0.775903
lcl|NC_052678.1_mrna_XM_011168290.3_30458	5748	5549	274	13.8692
lcl|NC_052678.1_mrna_XM_011168289.3_30459	4324	4125	156	10.6222
lcl|NC_052678.1_mrna_XM_026137102.2_30460	4290	4091	0	0
lcl|NC_052678.1_mrna_XM_011168288.3_30461	3015	2816	384.809	38.3821
lcl|NC_052678.1_mrna_XM_011168287.3_30462	3629	3430	185.513	15.1913
lcl|NC_052678.1_mrna_XM_026137101.2_30463	3040	2841	71.6782	7.0865
lcl|NC_052678.1_mrna_XM_039457921.1_30464	4141	3942	234.178	16.6858
lcl|NC_052678.1_mrna_XM_011168286.3_30465	4165	3966	63.456	4.49403
lcl|NC_052678.1_mrna_XM_039457922.1_30466	4040	3841	308.366	22.5495
lcl|NC_052678.1_mrna_XM_039457919.1_30467	1721	1522	19.8916	3.67089
lcl|NC_052678.1_mrna_XM_039457920.1_30468	1565	1366	15.7584	3.24023
lcl|NC_052678.1_mrna_XM_039457918.1_30469	2043	1844	1.15232	0.17552
lcl|NC_052678.1_mrna_XM_039457791.1_30470	3001	2802	37.6302	3.77211
lcl|NC_052678.1_mrna_XM_039457792.1_30471	2927	2728	54.5562	5.61714
lcl|NC_052678.1_mrna_XM_039457790.1_30472	2984	2785	318.388	32.1106
lcl|NC_052678.1_mrna_XM_039457794.1_30473	1368	1169	0	0
lcl|NC_052678.1_mrna_XM_039457795.1_30474	1327	1128	0	0
lcl|NC_052678.1_mrna_XM_039457793.1_30475	1305	1106	0	0
lcl|NC_052678.1_mrna_XM_039458135.1_30476	1934	1735	16.696	2.70289
lcl|NC_052678.1_mrna_XM_039458136.1_30477	1249	1050	4	1.07001
lcl|NC_052678.1_mrna_XM_026141588.2_30478	997	798	0	0
lcl|NC_052678.1_mrna_XM_039458133.1_30479	2692	2493	572	64.445
lcl|NC_052678.1_mrna_XM_039458128.1_30480	3864	3665	56.304	4.315
lcl|NC_052678.1_ncrna_XR_005576444.1_30481	1356	1157	0	0
lcl|NC_052678.1_mrna_XM_039458134.1_30482	1924	1725	0	0
lcl|NC_052678.1_mrna_XM_026139470.2_30483	2180	1981	0	0
lcl|NC_052678.1_ncrna_XR_005576443.1_30484	1411	1212	0	0
lcl|NC_052678.1_mrna_XM_039458130.1_30485	1849	1650	0.00348202	0.000592738
lcl|NC_052678.1_mrna_XM_039458132.1_30486	1833	1634	61.1531	10.5119
lcl|NC_052678.1_mrna_XM_039458131.1_30487	2165	1966	11.8434	1.69203
lcl|NC_052678.1_mrna_XM_011160684.3_30488	2005	1806	0	0
lcl|NC_052678.1_mrna_XM_011160609.3_30489	2071	1872	0	0
lcl|NC_052678.1_mrna_XM_011160866.3_30490	953	754	5467	2036.54
lcl|NC_052678.1_ncrna_XR_850689.3_30491	457	258	69	75.1182
lcl|NC_052678.1_mrna_XM_011160197.3_30492	2804	2605	1216.39	131.154
lcl|NC_052678.1_mrna_XM_039457955.1_30493	2747	2548	159.129	17.5414
lcl|NC_052678.1_mrna_XM_039457956.1_30494	2685	2486	129.787	14.6637
lcl|NC_052678.1_mrna_XM_039457954.1_30495	2709	2510	0	0
lcl|NC_052678.1_mrna_XM_011160318.3_30496	1789	1590	38.8119	6.8562
lcl|NC_052678.1_mrna_XM_039457957.1_30497	1618	1419	83.8802	16.6032
lcl|NC_052678.1_mrna_XM_011160074.3_30498	2434	2235	2156	270.949
lcl|NC_052678.1_mrna_XM_011159964.3_30499	2768	2569	2248	245.781
lcl|NC_052678.1_mrna_XM_011159775.3_30500	2624	2425	184.998	21.4275
lcl|NC_052678.1_mrna_XM_011159852.3_30501	2442	2243	439.369	55.0194
lcl|NC_052678.1_mrna_XM_011159499.3_30502	3821	3622	174.016	13.4945
lcl|NC_052678.1_mrna_XM_011159575.3_30503	3401	3202	362.439	31.7929
lcl|NC_052678.1_mrna_XM_011159659.3_30504	3367	3168	14.5451	1.28958
lcl|NC_052678.1_mrna_XM_011159378.3_30505	4780	4581	1255.42	76.9742
lcl|NC_052678.1_mrna_XM_039457961.1_30506	4875	4676	118.577	7.12266
lcl|NC_052678.1_mrna_XM_039457960.1_30507	4782	4583	4.47749e-08	2.7441e-09
lcl|NC_052678.1_mrna_XM_039457959.1_30508	4972	4773	0	0
lcl|NC_052678.1_mrna_XM_026139467.2_30509	2762	2563	0	0
lcl|NC_052678.1_mrna_XM_011159193.3_30510	2760	2561	1289	141.371
lcl|NC_052678.1_mrna_XM_011159085.3_30511	2863	2664	1860.77	196.189
lcl|NC_052678.1_miscrna_XR_005576439.1_30512	2397	2198	12.2327	1.56319
lcl|NC_052678.1_mrna_XM_011158885.3_30513	6120	5921	0	0
lcl|NC_052678.1_mrna_XM_011158965.3_30514	6123	5924	0	0
lcl|NC_052678.1_mrna_XM_026139465.2_30515	6398	6199	6.53509e-08	2.96105e-09
lcl|NC_052678.1_mrna_XM_011158816.3_30516	6401	6202	98.0049	4.43846
lcl|NC_052678.1_mrna_XM_039457962.1_30517	6056	5857	0	0
lcl|NC_052678.1_mrna_XM_039457963.1_30518	6051	5852	0	0
lcl|NC_052678.1_mrna_XM_011158712.3_30519	2743	2544	26.2268	2.89564
lcl|NC_052678.1_mrna_XM_039457964.1_30520	2646	2447	13.7732	1.58094
lcl|NC_052678.1_mrna_XM_011158604.3_30521	2634	2435	0	0
lcl|NC_052678.1_miscrna_XR_850611.3_30522	10063	9864	53.0543	1.51072
lcl|NC_052678.1_mrna_XM_039458117.1_30523	10050	9851	56.9676	1.62429
lcl|NC_052678.1_mrna_XM_039458114.1_30524	9048	8849	4.79256	0.152121
lcl|NC_052678.1_mrna_XM_039458116.1_30525	8373	8174	0	0
lcl|NC_052678.1_mrna_XM_026139475.2_30526	9633	9434	66.7185	1.9864
lcl|NC_052678.1_mrna_XM_026139479.2_30527	8926	8727	16.4889	0.530692
lcl|NC_052678.1_mrna_XM_026139477.2_30528	8671	8472	0	0
lcl|NC_052678.1_mrna_XM_039458115.1_30529	8803	8604	0	0
lcl|NC_052678.1_mrna_XM_011157904.3_30530	8847	8648	0	0
lcl|NC_052678.1_mrna_XM_039458113.1_30531	8840	8641	0	0
lcl|NC_052678.1_mrna_XM_026139476.2_30532	8812	8613	0	0
lcl|NC_052678.1_mrna_XM_026139478.2_30533	8810	8611	0	0
lcl|NC_052678.1_mrna_XM_039458118.1_30534	2413	2214	256	32.4772
lcl|NC_052678.1_mrna_XM_011174850.3_30535	6127	5928	164	7.77054
lcl|NC_052678.1_mrna_XM_011174849.3_30536	2234	2035	1.43244e-06	1.9771e-07
lcl|NC_052678.1_mrna_XM_026139824.2_30537	2169	1970	0.999999	0.142577
lcl|NC_052678.1_mrna_XM_039457889.1_30538	2770	2571	0	0
lcl|NC_052678.1_mrna_XM_011174851.3_30539	2197	1998	4	0.562316
lcl|NC_052678.1_mrna_XM_039457878.1_30540	10038	9839	17.9763	0.513173
lcl|NC_052678.1_mrna_XM_039457881.1_30541	9491	9292	6.74963	0.204026
lcl|NC_052678.1_mrna_XM_039457877.1_30542	9857	9658	79.0899	2.30012
lcl|NC_052678.1_mrna_XM_039457886.1_30543	6972	6773	0	0
lcl|NC_052678.1_mrna_XM_039457887.1_30544	6675	6476	0	0
lcl|NC_052678.1_mrna_XM_039457885.1_30545	9678	9479	0	0
lcl|NC_052678.1_mrna_XM_039457875.1_30546	10469	10270	0	0
lcl|NC_052678.1_mrna_XM_039457882.1_30547	10349	10150	0	0
lcl|NC_052678.1_mrna_XM_039457880.1_30548	10357	10158	21.1756	0.585523
lcl|NC_052678.1_mrna_XM_039457876.1_30549	10381	10182	0	0
lcl|NC_052678.1_mrna_XM_039457884.1_30550	7665	7466	0	0
lcl|NC_052678.1_mrna_XM_039457883.1_30551	9553	9354	0.00855955	0.000257021
lcl|NC_052678.1_mrna_XM_026139823.2_30552	4333	4134	21	1.4268
lcl|NC_052678.1_ncrna_XR_003269331.2_30553	3315	3116	13	1.17182
lcl|NC_052678.1_mrna_XM_011174855.3_30554	836	637	0	0
lcl|NC_052678.1_mrna_XM_011174862.3_30555	7959	7760	594	21.5001
lcl|NC_052678.1_mrna_XM_011174861.3_30556	3878	3679	34.9983	2.67198
lcl|NC_052678.1_mrna_XM_011174857.3_30557	2866	2667	1417	149.233
lcl|NC_052678.1_mrna_XM_026139825.2_30558	2974	2775	161.23	16.3192
lcl|NC_052678.1_mrna_XM_011174859.3_30559	607	408	4	2.75369
lcl|NC_052678.1_mrna_XM_011174858.3_30560	3012	2813	61.7661	6.16731
lcl|NC_052678.1_mrna_XM_026139826.2_30561	2880	2681	5.54584e-06	5.81014e-07
lcl|NC_052678.1_mrna_XM_039457712.1_30562	3007	2808	3.00053e-05	3.00135e-06
lcl|NC_052678.1_mrna_XM_011174856.3_30563	5939	5740	1208.19	59.1205
lcl|NC_052678.1_mrna_XM_039457711.1_30564	5952	5753	40.722	1.98816
lcl|NC_052678.1_mrna_XM_026139822.2_30565	5979	5780	206.091	10.0149
lcl|NC_052678.1_mrna_XM_039457713.1_30566	2081	1882	100.773	15.0397
lcl|NC_052678.1_mrna_XM_011174864.3_30567	2086	1887	48.9811	7.29076
lcl|NC_052678.1_mrna_XM_011174863.3_30568	2163	1964	235.246	33.6431
lcl|NC_052678.1_mrna_XM_011177179.3_30569	1405	1206	1574.71	366.748
lcl|NC_052678.1_ncrna_XR_851457.3_30570	3003	2804	2162.63	216.631
lcl|NC_052678.1_mrna_XM_011177224.3_30571	4845	4646	0.0340824	0.00206047
lcl|NC_052678.1_mrna_XM_011177216.3_30572	4845	4646	462.309	27.9492
lcl|NC_052678.1_mrna_XM_039457699.1_30573	4625	4426	197.92	12.5601
lcl|NC_052678.1_mrna_XM_011177208.3_30574	4812	4613	0	0
lcl|NC_052678.1_mrna_XM_011177231.3_30575	4773	4574	24.2822	1.4911
lcl|NC_052678.1_mrna_XM_026137319.2_30576	5522	5323	19.629	1.03576
lcl|NC_052678.1_mrna_XM_026137318.2_30577	5531	5332	3.60598	0.189954
lcl|NC_052678.1_mrna_XM_039457703.1_30578	4425	4226	0	0
lcl|NC_052678.1_mrna_XM_039457702.1_30579	3700	3501	0.100071	0.00802845
lcl|NC_052678.1_mrna_XM_039457701.1_30580	3872	3673	18.5288	1.41691
lcl|NC_052678.1_mrna_XM_039457700.1_30581	3881	3682	1.59149	0.121405
lcl|NC_052678.1_mrna_XM_026137321.2_30582	3376	3177	125	11.0512
lcl|NC_052678.1_mrna_XM_011177242.3_30583	1064	865	0	0
lcl|NC_052678.1_mrna_XM_039457815.1_30584	5976	5777	0	0
lcl|NC_052678.1_mrna_XM_039457817.1_30585	5918	5719	0	0
lcl|NC_052678.1_mrna_XM_039457821.1_30586	5864	5665	22.5003	1.11559
lcl|NC_052678.1_mrna_XM_039457822.1_30587	5816	5617	0	0
lcl|NC_052678.1_mrna_XM_039457823.1_30588	5758	5559	2.32081e-06	1.17263e-07
lcl|NC_052678.1_mrna_XM_039457825.1_30589	5703	5504	0.0497558	0.00253911
lcl|NC_052678.1_mrna_XM_039457826.1_30590	3701	3502	1	0.0802047
lcl|NC_052678.1_mrna_XM_039457827.1_30591	2421	2222	1	0.126407
lcl|NC_052678.1_miscrna_XR_005576420.1_30592	2268	2069	0	0
lcl|NC_052678.1_mrna_XM_039457820.1_30593	6114	5915	0	0
lcl|NC_052678.1_mrna_XM_039457818.1_30594	6117	5918	0	0
lcl|NC_052678.1_mrna_XM_039457824.1_30595	5998	5799	39.2025	1.89879
lcl|NC_052678.1_mrna_XM_039457819.1_30596	5103	4904	0	0
lcl|NC_052678.1_mrna_XM_011177315.3_30597	8649	8450	2.26851	0.075405
lcl|NC_052678.1_mrna_XM_026137313.2_30598	5006	4807	7.33738e-07	4.28729e-08
lcl|NC_052678.1_mrna_XM_026137312.2_30599	5046	4847	0	0
lcl|NC_052678.1_mrna_XM_039457816.1_30600	4992	4793	1.36784e-05	8.01572e-07
lcl|NC_052678.1_mrna_XM_026137314.2_30601	4929	4730	2.09048e-07	1.24137e-08
lcl|NC_052678.1_mrna_XM_026137309.2_30602	5033	4834	0	0
lcl|NC_052678.1_mrna_XM_026137310.2_30603	5021	4822	0	0
lcl|NC_052678.1_mrna_XM_026137311.2_30604	4997	4798	4.80686e-06	2.81395e-07
lcl|NC_052678.1_mrna_XM_039457814.1_30605	4982	4783	0.000111123	6.52558e-06
lcl|NC_052678.1_mrna_XM_011177298.3_30606	7844	7645	2.61823	0.0961937
lcl|NC_052678.1_mrna_XM_026137315.2_30607	4836	4637	93.3606	5.65513
lcl|NC_052678.1_mrna_XM_011177263.3_30608	4986	4787	0	0
lcl|NC_052678.1_mrna_XM_011177328.3_30609	1629	1430	6	1.1785
lcl|NC_052678.1_mrna_XM_011177340.3_30610	1216	1017	32	8.83781
lcl|NC_052678.1_mrna_XM_039458040.1_30611	2345	2146	3	0.392651
lcl|NC_052678.1_mrna_XM_039458041.1_30612	1388	1189	6	1.41738
lcl|NC_052678.1_mrna_XM_011177499.2_30613	1294	1095	0	0
lcl|NC_052678.1_ncrna_XR_005576421.1_30614	2188	1989	4.19703	0.592684
lcl|NC_052678.1_mrna_XM_011177368.3_30615	783	584	48.803	23.4719
lcl|NC_052678.1_mrna_XM_011177408.3_30616	2436	2237	875	109.865
lcl|NC_052678.1_mrna_XM_026137326.2_30617	1318	1119	435	109.188
lcl|NC_052678.1_mrna_XM_011177416.3_30618	4927	4728	200.639	11.9194
lcl|NC_052678.1_mrna_XM_039457813.1_30619	3851	3652	3.0313	0.233138
lcl|NC_052678.1_mrna_XM_011177432.3_30620	5303	5104	2.33008	0.128226
lcl|NC_052678.1_mrna_XM_039457811.1_30621	5658	5459	0	0
lcl|NC_052678.1_mrna_XM_026137325.2_30622	4826	4627	0	0
lcl|NC_052678.1_mrna_XM_039457812.1_30623	4897	4698	0	0
lcl|NC_052678.1_mrna_XM_039458138.1_30624	2114	1915	95.7909	14.0498
lcl|NC_052678.1_mrna_XM_011169645.3_30625	2168	1969	206.538	29.4625
lcl|NC_052678.1_mrna_XM_011169646.3_30626	2160	1961	961.799	137.76
lcl|NC_052678.1_mrna_XM_011169647.3_30627	2093	1894	384.872	57.0758
lcl|NC_052678.1_mrna_XM_039458141.1_30628	2085	1886	713.215	106.217
lcl|NC_052678.1_mrna_XM_039458142.1_30629	2055	1856	81.785	12.3769
lcl|NC_052678.1_mrna_XM_039458140.1_30630	2910	2711	70.3769	7.29149
lcl|NC_052678.1_mrna_XM_039458139.1_30631	2889	2690	0	0
lcl|NC_052678.1_mrna_XM_011169643.3_30632	2793	2594	1936.62	209.696
lcl|NC_052678.1_mrna_XM_011169639.3_30633	872	673	2	0.8347
lcl|NC_052678.1_mrna_XM_011169642.3_30634	768	569	2.51971	1.24381
lcl|NC_052678.1_mrna_XM_039458144.1_30635	838	639	6.48029	2.84846
lcl|NC_052678.1_mrna_XM_011169638.3_30636	2125	1926	16	2.33335
lcl|NC_052678.1_mrna_XM_011169637.3_30637	6360	6161	120	5.47074
lcl|NC_052678.1_mrna_XM_011169636.3_30638	1664	1465	4677	896.696
lcl|NC_052678.1_mrna_XM_039458027.1_30639	1467	1268	19	4.20872
lcl|NC_052678.1_mrna_XM_039458028.1_30640	1508	1309	0	0
lcl|NC_052678.1_mrna_XM_039458029.1_30641	1244	1045	0	0
lcl|NC_052678.1_mrna_XM_011169634.3_30642	2225	2026	310.624	43.0637
lcl|NC_052678.1_mrna_XM_011169631.3_30643	2302	2103	0	0
lcl|NC_052678.1_mrna_XM_011169632.3_30644	2677	2478	38.3761	4.34986
lcl|NC_052678.1_mrna_XM_026139912.2_30645	1583	1384	169	34.2978
lcl|NC_052678.1_mrna_XM_039458030.1_30646	8866	8667	1	0.0324076
lcl|NC_052678.1_mrna_XM_011169627.3_30647	5865	5666	1.3276	0.065812
lcl|NC_052678.1_mrna_XM_011169626.3_30648	5868	5669	0.780709	0.0386811
lcl|NC_052678.1_mrna_XM_026139911.2_30649	5863	5664	1.8917	0.0938088
lcl|NC_052678.1_mrna_XM_011169623.3_30650	2964	2765	0	0
lcl|NC_052678.1_mrna_XM_011169625.3_30651	2958	2759	0	0
lcl|NC_052678.1_trna_30652	73	3.5471	0	0
lcl|NC_052678.1_trna_30653	73	3.5471	0	0
lcl|NC_052678.1_trna_30654	73	3.5471	0	0
lcl|NC_052678.1_trna_30655	73	3.5471	0	0
lcl|NC_052678.1_mrna_XM_011169621.3_30656	2645	2446	0.00181746	0.000208701
lcl|NC_052678.1_mrna_XM_039457828.1_30657	2627	2428	2.99818	0.346837
lcl|NC_052678.1_mrna_XM_039457834.1_30658	1799	1600	268.573	47.1474
lcl|NC_052678.1_mrna_XM_011165688.3_30659	10752	10553	6.18507	0.164621
lcl|NC_052678.1_mrna_XM_039457953.1_30660	9027	8828	27.5391	0.8762
lcl|NC_052678.1_mrna_XM_026138708.2_30661	11042	10843	32.2868	0.836357
lcl|NC_052678.1_mrna_XM_011165661.3_30662	442	243	14	16.1822
lcl|NC_052678.1_mrna_XM_026138709.2_30663	604	405	0	0
lcl|NC_052678.1_mrna_XM_026141910.2_30664	612	413	0	0
lcl|NC_052678.1_mrna_XM_011168782.3_30665	2918	2719	230	23.7593
lcl|NC_052678.1_mrna_XM_026138067.2_30666	3574	3375	0	0
lcl|NC_052678.1_mrna_XM_026138068.2_30667	3486	3287	51.6367	4.41239
lcl|NC_052678.1_mrna_XM_026138069.2_30668	5710	5511	112.07	5.71181
lcl|NC_052678.1_mrna_XM_011168784.3_30669	3512	3313	191.293	16.2179
lcl|NC_052678.1_mrna_XM_039457891.1_30670	1297	1098	0	0
lcl|NC_052678.1_ncrna_XR_005576427.1_30671	16527	16328	0	0
lcl|NC_052678.1_mrna_XM_039457925.1_30672	3545	3346	0	0
lcl|NC_052678.1_mrna_XM_026138066.2_30673	2081	1882	2.79898	0.41773
lcl|NC_052678.1_mrna_XM_011168786.3_30674	3648	3449	2.20102	0.179245
lcl|NC_052678.1_mrna_XM_039457772.1_30675	4108	3909	0	0
lcl|NC_052678.1_mrna_XM_026138065.2_30676	4556	4357	1.91307e-05	1.23328e-06
lcl|NC_052678.1_mrna_XM_039457763.1_30677	4739	4540	48.0141	2.97049
lcl|NC_052678.1_mrna_XM_011168788.3_30678	3037	2838	282.986	28.0071
lcl|NC_052678.1_mrna_XM_011168789.3_30679	1184	985	1313	374.407
lcl|NC_052678.1_mrna_XM_011176591.3_30680	5519	5320	107	5.64921
lcl|NC_052678.1_ncrna_XR_005576408.1_30681	1906	1707	6	0.987264
lcl|NC_052678.1_mrna_XM_039457719.1_30682	6171	5972	3.08559e-07	1.45122e-08
lcl|NC_052678.1_mrna_XM_039457718.1_30683	6071	5872	6.99989	0.334827
lcl|NC_052678.1_mrna_XM_039457717.1_30684	6136	5937	0.000112136	5.30511e-06
lcl|NC_052678.1_mrna_XM_026138629.2_30685	6178	5979	9.52921e-08	4.47656e-09
lcl|NC_052678.1_mrna_XM_011176631.3_30686	2372	2173	0	0
lcl|NC_052678.1_mrna_XM_026138630.2_30687	1343	1144	0	0
lcl|NC_052678.1_mrna_XM_039457831.1_30688	1257	1058	47.506	12.6118
lcl|NC_052678.1_mrna_XM_011176623.3_30689	1342	1143	255.494	62.7842
lcl|NC_052678.1_mrna_XM_011176616.3_30690	2265	2066	700	95.1664
lcl|NC_052678.1_mrna_XM_011176600.3_30691	8040	7841	100	3.58215
lcl|NC_052678.1_mrna_XM_011176648.3_30692	4433	4234	0	0
lcl|NC_052678.1_mrna_XM_011176653.3_30693	4098	3899	4.78683	0.344834
lcl|NC_052678.1_mrna_XM_011176636.3_30694	4101	3902	2.21317	0.15931
lcl|NC_052678.1_mrna_XM_039457982.1_30695	4274	4075	0	0
lcl|NC_052678.1_mrna_XM_011176642.3_30696	4279	4080	0	0
lcl|NC_052678.1_mrna_XM_011176688.3_30697	1281	1082	1407	365.244
lcl|NC_052678.1_mrna_XM_011176664.3_30698	1892	1693	0	0
lcl|NC_052678.1_mrna_XM_039457990.1_30699	1915	1716	32.991	5.40001
lcl|NC_052678.1_mrna_XM_039457989.1_30700	1991	1792	107.264	16.8125
lcl|NC_052678.1_mrna_XM_011176676.3_30701	2557	2358	0	0
lcl|NC_052678.1_mrna_XM_011176682.3_30702	2956	2757	18.7449	1.90969
lcl|NC_052678.1_mrna_XM_039457986.1_30703	7772	7573	0	0
lcl|NC_052678.1_mrna_XM_039457988.1_30704	7807	7608	0	0
lcl|NC_052678.1_mrna_XM_039457984.1_30705	7823	7624	10.9901	0.404886
lcl|NC_052678.1_mrna_XM_039457985.1_30706	7908	7709	9.89961	0.360691
lcl|NC_052678.1_mrna_XM_039457987.1_30707	7251	7052	0	0
lcl|NC_052678.1_mrna_XM_039457983.1_30708	7267	7068	8.11033	0.322298
lcl|NC_052678.1_mrna_XM_011176710.3_30709	6367	6168	89.3514	4.06886
lcl|NC_052678.1_mrna_XM_011176701.3_30710	3010	2811	21	2.09833
lcl|NC_052678.1_mrna_XM_011176692.3_30711	1929	1730	7	1.1365
lcl|NC_052678.1_mrna_XM_011176723.3_30712	1580	1381	0	0
lcl|NC_052678.1_mrna_XM_039458156.1_30713	1533	1334	26	5.47436
lcl|NC_052678.1_mrna_XM_039458155.1_30714	1326	1127	4.35677	1.08582
lcl|NC_052678.1_mrna_XM_026139222.2_30715	1206	1007	1.13961	0.317864
lcl|NC_052678.1_mrna_XM_026139223.2_30716	1108	909	0	0
lcl|NC_052678.1_mrna_XM_026139224.2_30717	1351	1152	0	0
lcl|NC_052678.1_mrna_XM_039458154.1_30718	1571	1372	0	0
lcl|NC_052678.1_mrna_XM_011176738.3_30719	2291	2092	6.50363	0.873192
lcl|NC_052678.1_mrna_XM_011176748.3_30720	634	435	300	193.708
lcl|NC_052678.1_mrna_XM_011176755.3_30721	1214	1015	751	207.821
lcl|NC_052678.1_mrna_XM_026139228.2_30722	3206	3007	19	1.77474
lcl|NC_052678.1_mrna_XM_011162794.3_30723	5256	5057	122.402	6.79848
lcl|NC_052678.1_miscrna_XR_005576410.1_30724	5079	4880	356.156	20.4992
lcl|NC_052678.1_mrna_XM_039457728.1_30725	5133	4934	0	0
lcl|NC_052678.1_mrna_XM_011162795.3_30726	6070	5871	16.4418	0.786597
lcl|NC_052678.1_mrna_XM_011162797.3_30727	5411	5212	774.571	41.7419
lcl|NC_052678.1_mrna_XM_011162798.3_30728	5407	5208	694.429	37.4518
lcl|NC_052678.1_ncrna_XR_005576407.1_30729	590	391	17.6689	12.6926
lcl|NC_052678.1_mrna_XM_039457716.1_30730	989	790	201.331	71.5813
lcl|NC_052678.1_mrna_XM_011165811.3_30731	2489	2290	1111	136.268
lcl|NC_052678.1_ncrna_XR_005576406.1_30732	2567	2368	18.9011	2.24192
lcl|NC_052678.1_mrna_XM_026138747.2_30733	5564	5365	0	0
lcl|NC_052678.1_mrna_XM_039457715.1_30734	5670	5471	0	0
lcl|NC_052678.1_mrna_XM_039457714.1_30735	5999	5800	0	0
lcl|NC_052678.1_mrna_XM_011165812.3_30736	5056	4857	294	17.0018
lcl|NC_052678.1_mrna_XM_011165809.3_30737	1657	1458	5030	969.005
lcl|NC_052678.1_mrna_XM_039457967.1_30738	5592	5393	0.0019321	0.000100627
lcl|NC_052678.1_mrna_XM_039457969.1_30739	6207	6008	10.55	0.493215
lcl|NC_052678.1_mrna_XM_039457966.1_30740	6464	6265	0	0
lcl|NC_052678.1_mrna_XM_039457968.1_30741	5556	5357	1.59782	0.0837766
lcl|NC_052678.1_mrna_XM_039457970.1_30742	6696	6497	0	0
lcl|NC_052678.1_mrna_XM_011165804.3_30743	6729	6530	0	0
lcl|NC_052678.1_mrna_XM_011165803.3_30744	6713	6514	0	0
lcl|NC_052678.1_mrna_XM_011165799.3_30745	6484	6285	0	0
lcl|NC_052678.1_mrna_XM_011165794.2_30746	1255	1056	370	98.4132
lcl|NC_052678.1_mrna_XM_026138767.2_30747	957	758	0	0
lcl|NC_052678.1_mrna_XM_011165806.3_30748	3207	3008	59	5.50922
lcl|NC_052678.1_mrna_XM_011165807.3_30749	2291	2092	0	0
lcl|NC_052678.1_mrna_XM_039457965.1_30750	13168	12969	61.8441	1.33939
lcl|NC_052678.1_mrna_XM_026138763.2_30751	13701	13502	14.1767	0.294912
lcl|NC_052678.1_mrna_XM_011165793.3_30752	920	721	517	201.405
lcl|NC_052678.1_mrna_XM_026138762.2_30753	2991	2792	584	58.7507
lcl|NC_052678.1_mrna_XM_026138751.2_30754	6498	6299	1132	50.4767
lcl|NC_052678.1_trna_30755	72	3.52559	0	0
lcl|NC_052678.1_trna_30756	73	3.5471	0	0
lcl|NC_052678.1_mrna_XM_026138756.2_30757	4184	3985	28	1.97354
lcl|NC_052678.1_mrna_XM_011165786.3_30758	6981	6782	28.5793	1.18361
lcl|NC_052678.1_ncrna_XR_005576445.1_30759	1898	1699	2	0.330638
lcl|NC_052678.1_ncrna_XR_005576446.1_30760	1746	1547	0	0
lcl|NC_052678.1_mrna_XM_039458153.1_30761	6054	5855	0.0314925	0.00151076
lcl|NC_052678.1_mrna_XM_011165788.3_30762	6349	6150	4.82101e-05	2.2018e-06
lcl|NC_052678.1_mrna_XM_011165787.3_30763	6332	6133	0.000774276	3.546e-05
lcl|NC_052678.1_mrna_XM_039458152.1_30764	6054	5855	0.0314925	0.00151076
lcl|NC_052678.1_mrna_XM_011165789.3_30765	6269	6070	24.3569	1.12707
lcl|NC_052678.1_trna_30766	72	3.52559	0	0
lcl|NC_052678.1_mrna_XM_011165790.3_30767	5783	5584	0	0
lcl|NC_052678.1_mrna_XM_011165784.3_30768	2022	1823	2143	330.18
lcl|NC_052678.1_mrna_XM_011165782.3_30769	2021	1822	1528	235.554
lcl|NC_052678.1_mrna_XM_011165780.3_30770	3225	3026	1555	144.337
lcl|NC_052678.1_mrna_XM_026138758.2_30771	1947	1748	1308	210.175
lcl|NC_052678.1_mrna_XM_039458120.1_30772	1358	1159	2	0.484688
lcl|NC_052678.1_mrna_XM_026138759.2_30773	901	702	0	0
lcl|NC_052678.1_mrna_XM_011165777.3_30774	1494	1295	1029	223.183
lcl|NC_052678.1_mrna_XM_026138753.2_30775	9186	8987	31.631	0.988584
lcl|NC_052678.1_mrna_XM_039458119.1_30776	8902	8703	6.8505	0.22109
lcl|NC_052678.1_mrna_XM_026138754.2_30777	6546	6347	2.51852	0.111453
lcl|NC_052678.1_mrna_XM_011165776.3_30778	6579	6380	0	0
lcl|NC_052678.1_mrna_XM_026138752.2_30779	6583	6384	0	0
lcl|NC_052678.1_mrna_XM_039457830.1_30780	767	568	0	0
lcl|NC_052678.1_mrna_XM_039457912.1_30781	2589	2390	2.54255	0.298805
lcl|NC_052678.1_mrna_XM_039457913.1_30782	1649	1450	26.243	5.08348
lcl|NC_052678.1_ncrna_XR_005576418.1_30783	2723	2524	664.45	73.9416
lcl|NC_052678.1_mrna_XM_026139046.2_30784	3630	3431	0	0
lcl|NC_052678.1_mrna_XM_026139050.2_30785	3499	3300	60.3336	5.13525
lcl|NC_052678.1_mrna_XM_039457810.1_30786	3440	3241	66.3272	5.74815
lcl|NC_052678.1_mrna_XM_039457808.1_30787	3941	3742	9.82012	0.737104
lcl|NC_052678.1_mrna_XM_039457809.1_30788	3883	3684	8.06861	0.61517
lcl|NC_052678.1_mrna_XM_026139044.2_30789	8084	7885	0	0
lcl|NC_052678.1_mrna_XM_011165074.3_30790	21603	21404	0	0
lcl|NC_052678.1_mrna_XM_039457806.1_30791	18516	18317	0	0
lcl|NC_052678.1_mrna_XM_026139045.2_30792	7192	6993	54	2.16893
lcl|NC_052678.1_ncrna_XR_003269208.2_30793	644	445	0	0
lcl|NC_052678.1_mrna_XM_011165075.3_30794	4596	4397	138.918	8.87397
lcl|NC_052678.1_mrna_XM_011165077.3_30795	2897	2698	48.0819	5.0056
lcl|NC_052678.1_miscrna_XR_005576417.1_30796	2904	2705	6.81476	0.707618
lcl|NC_052678.1_mrna_XM_011165076.3_30797	3236	3037	658.185	60.8722
lcl|NC_052678.1_mrna_XM_026139042.2_30798	2730	2531	91	10.0987
lcl|NC_052678.1_ncrna_XR_005576419.1_30799	707	508	0	0
lcl|NC_052678.1_mrna_XM_011165078.3_30800	2300	2101	623	83.2871
lcl|NC_052678.1_mrna_XM_011165082.3_30801	6230	6031	146.426	6.81937
lcl|NC_052678.1_mrna_XM_011165081.3_30802	5788	5589	6.1165	0.307386
lcl|NC_052678.1_mrna_XM_039457804.1_30803	5852	5653	0	0
lcl|NC_052678.1_mrna_XM_011165079.3_30804	5896	5697	6.04244	0.297908
lcl|NC_052678.1_mrna_XM_039457805.1_30805	8632	8433	0	0
lcl|NC_052678.1_mrna_XM_026139041.2_30806	8737	8538	29.4152	0.967679
lcl|NC_052678.1_mrna_XM_011165084.2_30807	611	412	215	146.574
lcl|NC_052678.1_mrna_XM_039457803.1_30808	6512	6313	0.0013962	6.21193e-05
lcl|NC_052678.1_mrna_XM_011165083.3_30809	6447	6248	44.9986	2.0229
lcl|NC_052678.1_mrna_XM_011165085.3_30810	1532	1333	283	59.631
lcl|NC_052678.1_mrna_XM_011165087.3_30811	2516	2317	2250.14	272.772
lcl|NC_052678.1_mrna_XM_011165088.3_30812	1634	1435	25.8598	5.06162
lcl|NC_052678.1_mrna_XM_011165086.3_30813	1310	1111	735	185.819
lcl|NC_052678.1_mrna_XM_011165090.3_30814	2436	2237	121.984	15.3163
lcl|NC_052678.1_mrna_XM_039457796.1_30815	2108	1909	1263.9	185.961
lcl|NC_052678.1_mrna_XM_011165089.3_30816	1517	1318	287.443	61.2565
lcl|NC_052678.1_mrna_XM_026139043.2_30817	1741	1542	214.557	39.0818
lcl|NC_052678.1_mrna_XM_011165091.3_30818	3924	3725	255.1	19.2353
lcl|NC_052678.1_mrna_XM_039457941.1_30819	3801	3602	53.9	4.20301
lcl|NC_052678.1_mrna_XM_011165096.3_30820	2137	1938	812	117.684
lcl|NC_052678.1_mrna_XM_011165093.3_30821	7136	6937	100.946	4.08725
lcl|NC_052678.1_mrna_XM_039457942.1_30822	9011	8812	0	0
lcl|NC_052678.1_mrna_XM_039457943.1_30823	6724	6525	9.4906	0.408535
lcl|NC_052678.1_mrna_XM_011165095.3_30824	7355	7156	32.5637	1.27814
lcl|NC_052678.1_mrna_XM_011165097.3_30825	1752	1553	725	131.124
lcl|NC_052678.1_miscrna_XR_005576435.1_30826	2161	1962	11.3305	1.62206
lcl|NC_052678.1_mrna_XM_011165098.3_30827	2881	2682	193.669	20.2823
lcl|NC_052678.1_mrna_XM_039457946.1_30828	2064	1865	0	0
lcl|NC_052678.1_mrna_XM_039457948.1_30829	1957	1758	0	0
lcl|NC_052678.1_mrna_XM_039457947.1_30830	1973	1774	11	1.74163
lcl|NC_052678.1_mrna_XM_039457949.1_30831	1859	1660	0	0
lcl|NC_052678.1_mrna_XM_039457944.1_30832	2138	1939	0	0
lcl|NC_052678.1_mrna_XM_039457945.1_30833	2031	1832	0	0
lcl|NC_052678.1_ncrna_XR_005576436.1_30834	1092	893	0	0
lcl|NC_052678.1_mrna_XM_011165106.3_30835	2728	2529	517	57.4192
lcl|NC_052678.1_mrna_XM_011163392.3_30836	1443	1244	73	16.4823
lcl|NC_052678.1_mrna_XM_039457991.1_30837	16819	16620	0	0
lcl|NC_052678.1_mrna_XM_039457993.1_30838	16543	16344	0	0
lcl|NC_052678.1_mrna_XM_039457994.1_30839	16527	16328	0	0
lcl|NC_052678.1_mrna_XM_039457992.1_30840	16788	16589	0	0
lcl|NC_052678.1_mrna_XM_039457997.1_30841	14271	14072	0	0
lcl|NC_052678.1_mrna_XM_039457996.1_30842	14274	14075	0	0
lcl|NC_052678.1_mrna_XM_039458000.1_30843	14264	14065	0	0
lcl|NC_052678.1_mrna_XM_039457999.1_30844	14267	14068	0	0
lcl|NC_052678.1_mrna_XM_039458002.1_30845	14152	13953	0	0
lcl|NC_052678.1_mrna_XM_039458001.1_30846	14155	13956	0	0
lcl|NC_052678.1_mrna_XM_039458003.1_30847	14113	13914	0	0
lcl|NC_052678.1_mrna_XM_039458004.1_30848	14043	13844	0	0
lcl|NC_052678.1_mrna_XM_039458008.1_30849	13992	13793	0	0
lcl|NC_052678.1_mrna_XM_039458007.1_30850	13995	13796	0	0
lcl|NC_052678.1_mrna_XM_039458006.1_30851	14010	13811	0	0
lcl|NC_052678.1_mrna_XM_039458005.1_30852	14037	13838	0	0
lcl|NC_052678.1_mrna_XM_039458010.1_30853	13882	13683	0	0
lcl|NC_052678.1_mrna_XM_039458012.1_30854	13732	13533	0	0
lcl|NC_052678.1_mrna_XM_039458009.1_30855	13885	13686	0	0
lcl|NC_052678.1_mrna_XM_039458013.1_30856	13620	13421	0	0
lcl|NC_052678.1_mrna_XM_039458014.1_30857	13608	13409	2.80932e-06	5.88465e-08
lcl|NC_052678.1_mrna_XM_039458011.1_30858	13767	13568	0	0
lcl|NC_052678.1_mrna_XM_039458016.1_30859	13388	13189	0.176534	0.00375951
lcl|NC_052678.1_mrna_XM_039458015.1_30860	13496	13297	4.94768e-05	1.04511e-06
lcl|NC_052678.1_mrna_XM_039458018.1_30861	13264	13065	9.49317	0.204088
lcl|NC_052678.1_mrna_XM_039458017.1_30862	13378	13179	0.377769	0.00805118
lcl|NC_052678.1_mrna_XM_039457995.1_30863	16013	15814	49.7294	0.883256
lcl|NC_052678.1_mrna_XM_039458020.1_30864	13469	13270	17.6073	0.372681
lcl|NC_052678.1_mrna_XM_039458019.1_30865	12922	12723	117.616	2.59652
lcl|NC_052678.1_mrna_XM_011163388.3_30866	3369	3170	1576	139.641
lcl|NC_052678.1_mrna_XM_011163387.2_30867	1395	1196	593	139.264
lcl|NC_052678.1_mrna_XM_039458101.1_30868	8438	8239	0	0
lcl|NC_052678.1_mrna_XM_039458105.1_30869	8360	8161	74.3216	2.55792
lcl|NC_052678.1_mrna_XM_026135776.2_30870	7794	7595	0	0
lcl|NC_052678.1_mrna_XM_039458104.1_30871	7772	7573	0	0
lcl|NC_052678.1_mrna_XM_039458106.1_30872	7717	7518	0	0
lcl|NC_052678.1_mrna_XM_039458102.1_30873	14041	13842	0.0136436	0.000276851
lcl|NC_052678.1_mrna_XM_039458107.1_30874	13964	13765	3.67135	0.0749144
lcl|NC_052678.1_mrna_XM_039458103.1_30875	9071	8872	0	0
lcl|NC_052678.1_mrna_XM_039458110.1_30876	1297	1098	0	0
lcl|NC_052678.1_mrna_XM_026135766.2_30877	6607	6408	72.2029	3.16481
lcl|NC_052678.1_mrna_XM_039458084.1_30878	8162	7963	33.4325	1.17925
lcl|NC_052678.1_mrna_XM_026135773.2_30879	5805	5606	0	0
lcl|NC_052678.1_mrna_XM_039458085.1_30880	8762	8563	0	0
lcl|NC_052678.1_mrna_XM_026135770.2_30881	5933	5734	0	0
lcl|NC_052678.1_mrna_XM_026135772.2_30882	6899	6700	0	0
lcl|NC_052678.1_mrna_XM_011163380.3_30883	7019	6820	0	0
lcl|NC_052678.1_mrna_XM_039458083.1_30884	6972	6773	0	0
lcl|NC_052678.1_mrna_XM_039458082.1_30885	6993	6794	9.36459	0.38715
lcl|NC_052678.1_mrna_XM_026135762.2_30886	6320	6121	0	0
lcl|NC_052678.1_mrna_XM_026135771.2_30887	7551	7352	0	0
lcl|NC_052678.1_mrna_XM_026135767.2_30888	11379	11180	0	0
lcl|NC_052678.1_mrna_XM_026135768.2_30889	9273	9074	0	0
lcl|NC_052678.1_mrna_XM_026135774.2_30890	5991	5792	0	0
lcl|NC_052678.1_mrna_XM_026135775.2_30891	5934	5735	0	0
lcl|NC_052678.1_mrna_XM_039458081.1_30892	3416	3217	0	0
lcl|NC_052678.1_mrna_XM_011163379.3_30893	3690	3491	0	0
lcl|NC_052678.1_mrna_XM_026135764.1_30894	2931	2732	0	0
lcl|NC_052678.1_mrna_XM_011163378.3_30895	929	730	0	0
lcl|NC_052678.1_mrna_XM_039458097.1_30896	18621	18422	0	0
lcl|NC_052678.1_mrna_XM_011163382.3_30897	1484	1285	1	0.218581
lcl|NC_052678.1_mrna_XM_039458111.1_30898	1643	1444	0	0
lcl|NC_052678.1_mrna_XM_011163373.3_30899	2722	2523	703.062	78.2694
lcl|NC_052678.1_mrna_XM_026135761.2_30900	1494	1295	0	0
lcl|NC_052678.1_mrna_XM_011163375.3_30901	1457	1258	11.0807	2.47402
lcl|NC_052678.1_mrna_XM_039458108.1_30902	2978	2779	129.649	13.1038
lcl|NC_052678.1_mrna_XM_039458109.1_30903	2485	2286	110.208	13.5411
lcl|NC_052678.1_mrna_XM_011163371.3_30904	5319	5120	24	1.31661
lcl|NC_052678.1_mrna_XM_026135790.2_30905	8808	8609	34.3673	1.12126
lcl|NC_052678.1_mrna_XM_039458098.1_30906	8986	8787	4.18372e-08	1.33733e-09
lcl|NC_052678.1_mrna_XM_026135789.2_30907	8307	8108	88.2585	3.05744
lcl|NC_052678.1_mrna_XM_039458100.1_30908	9336	9137	0	0
lcl|NC_052678.1_mrna_XM_026135791.2_30909	8879	8680	54.7634	1.77209
lcl|NC_052678.1_mrna_XM_039458099.1_30910	9408	9209	0	0
lcl|NC_052678.1_mrna_XM_026135794.2_30911	8562	8363	54.6109	1.83414
lcl|NC_052678.1_mrna_XM_011163370.3_30912	1773	1574	14	2.49827
lcl|NC_052678.1_ncrna_XR_005576442.1_30913	18145	17946	6	0.0939073
lcl|NC_052678.1_mrna_XM_039458090.1_30914	2767	2568	0	0
lcl|NC_052678.1_mrna_XM_039458087.1_30915	2763	2564	0	0
lcl|NC_052678.1_mrna_XM_039458093.1_30916	2760	2561	0	0
lcl|NC_052678.1_mrna_XM_039458094.1_30917	2756	2557	0	0
lcl|NC_052678.1_mrna_XM_039458088.1_30918	2714	2515	0	0
lcl|NC_052678.1_mrna_XM_026135782.2_30919	2656	2457	0	0
lcl|NC_052678.1_mrna_XM_039458091.1_30920	6571	6372	7.1451	0.314955
lcl|NC_052678.1_mrna_XM_039458096.1_30921	6560	6361	0	0
lcl|NC_052678.1_mrna_XM_039458089.1_30922	2686	2487	0	0
lcl|NC_052678.1_mrna_XM_026135781.2_30923	6159	5960	0	0
lcl|NC_052678.1_mrna_XM_026135786.2_30924	6162	5963	0	0
lcl|NC_052678.1_mrna_XM_039458092.1_30925	7314	7115	0	0
lcl|NC_052678.1_mrna_XM_039458095.1_30926	6531	6332	7.16452	0.317806
lcl|NC_052678.1_mrna_XM_026135780.2_30927	4783	4584	3.43242	0.210316
lcl|NC_052678.1_mrna_XM_039458086.1_30928	4045	3846	0	0
lcl|NC_052678.1_miscrna_XR_003268794.2_30929	4639	4440	0	0
lcl|NC_052678.1_mrna_XM_026135788.2_30930	2112	1913	15.258	2.24025
lcl|NC_052678.1_mrna_XM_011159220.3_30931	5114	4915	414.946	23.7128
lcl|NC_052678.1_mrna_XM_011159203.3_30932	5177	4978	4892.45	276.049
lcl|NC_052678.1_mrna_XM_011159212.3_30933	5120	4921	13053.4	745.052
lcl|NC_052678.1_mrna_XM_011159194.3_30934	5183	4984	9053.2	510.199
lcl|NC_052678.1_mrna_XM_011159238.3_30935	7840	7641	0.0274783	0.00101008
lcl|NC_052678.1_mrna_XM_011159230.3_30936	7842	7643	336.973	12.3836
lcl|NC_052678.1_mrna_XM_026138557.2_30937	2313	2114	1866.36	247.974
lcl|NC_052678.1_mrna_XM_011157430.3_30938	3421	3222	33	2.87676
lcl|NC_052678.1_mrna_XM_026138552.2_30939	4227	4028	24	1.67355
lcl|NC_052678.1_ncrna_XR_850573.3_30940	1531	1332	9.64944	2.03476
lcl|NC_052678.1_mrna_XM_011157433.3_30941	1691	1492	1539	289.725
lcl|NC_052678.1_mrna_XM_011157434.3_30942	3626	3427	0.00256514	0.000210238
lcl|NC_052678.1_mrna_XM_011157435.3_30943	3679	3480	82.9974	6.69886
lcl|NC_052678.1_ncrna_XR_005576437.1_30944	354	155	2	3.62422
lcl|NC_052678.1_mrna_XM_026138554.2_30945	5919	5720	77.1243	3.78714
lcl|NC_052678.1_mrna_XM_026138553.2_30946	5771	5572	90.0739	4.5405
lcl|NC_052678.1_mrna_XM_011157436.3_30947	5971	5772	20.2114	0.983528
lcl|NC_052678.1_mrna_XM_039457951.1_30948	5572	5373	0	0
lcl|NC_052678.1_mrna_XM_026138555.2_30949	5494	5295	216.098	11.4631
lcl|NC_052678.1_mrna_XM_026138556.2_30950	6343	6144	13.0285	0.595607
lcl|NC_052678.1_mrna_XM_011157438.3_30951	1063	864	621.418	202.016
lcl|NC_052678.1_mrna_XM_039457952.1_30952	840	641	176.582	77.3756
lcl|NC_052678.1_mrna_XM_011157439.3_30953	1832	1633	246	42.3121
lcl|NC_052678.1_mrna_XM_011157441.3_30954	1993	1794	837.023	131.048
lcl|NC_052678.1_mrna_XM_011157442.3_30955	2098	1899	479.977	70.9923
lcl|NC_052678.1_mrna_XM_011157426.3_30956	3123	2924	799	76.7512
lcl|NC_052678.1_mrna_XM_026138540.2_30957	3664	3465	849.919	68.8954
lcl|NC_052678.1_mrna_XM_039458072.1_30958	3695	3496	203.542	16.353
lcl|NC_052678.1_mrna_XM_026138538.2_30959	3824	3625	554.804	42.988
lcl|NC_052678.1_mrna_XM_026138539.2_30960	3663	3464	267.735	21.7092
lcl|NC_052678.1_mrna_XM_011157424.3_30961	4247	4048	654	45.3788
lcl|NC_052678.1_mrna_XM_039458067.1_30962	5759	5560	7.00667	0.353959
lcl|NC_052678.1_mrna_XM_011157419.3_30963	4266	4067	0.00322984	0.00022306
lcl|NC_052678.1_mrna_XM_026138564.2_30964	4104	3905	78.7545	5.66461
lcl|NC_052678.1_mrna_XM_039458069.1_30965	4245	4046	0	0
lcl|NC_052678.1_mrna_XM_039458064.1_30966	4480	4281	0	0
lcl|NC_052678.1_mrna_XM_039458068.1_30967	4519	4320	0	0
lcl|NC_052678.1_mrna_XM_039458066.1_30968	5097	4898	4.55338	0.261115
lcl|NC_052678.1_mrna_XM_039458065.1_30969	5202	5003	21.1517	1.18749
lcl|NC_052678.1_mrna_XM_011157420.3_30970	2783	2584	0	0
lcl|NC_052678.1_mrna_XM_026138565.2_30971	2821	2622	7.25814	0.777515
lcl|NC_052678.1_mrna_XM_011157422.3_30972	2649	2450	0	0
lcl|NC_052678.1_mrna_XM_011157421.3_30973	2606	2407	0	0
lcl|NC_052678.1_mrna_XM_011157423.3_30974	2590	2391	4.27245	0.501895
lcl|NC_052678.1_mrna_XM_011157415.3_30975	483	284	43	42.5271
lcl|NC_052678.1_mrna_XM_011157418.3_30976	3839	3640	729	56.2525
lcl|NC_052678.1_ncrna_XR_005576440.1_30977	738	539	0	0
lcl|NC_052678.1_mrna_XM_026138560.2_30978	5262	5063	5.70599	0.316548
lcl|NC_052678.1_mrna_XM_026138561.2_30979	5041	4842	0	0
lcl|NC_052678.1_mrna_XM_039458056.1_30980	5869	5670	45.9384	2.27567
lcl|NC_052678.1_mrna_XM_026138562.2_30981	5357	5158	0	0
lcl|NC_052678.1_mrna_XM_039458062.1_30982	5419	5220	0	0
lcl|NC_052678.1_mrna_XM_039458061.1_30983	5498	5299	0	0
lcl|NC_052678.1_mrna_XM_039458060.1_30984	5625	5426	0	0
lcl|NC_052678.1_mrna_XM_039458059.1_30985	5689	5490	36.239	1.85404
lcl|NC_052678.1_mrna_XM_039458058.1_30986	5603	5404	16.096	0.836601
lcl|NC_052678.1_mrna_XM_039458057.1_30987	5147	4948	42.0206	2.38533
lcl|NC_052678.1_mrna_XM_026138559.2_30988	5267	5068	0	0
lcl|NC_052678.1_mrna_XM_011157414.3_30989	5861	5662	238	11.8065
lcl|NC_052678.1_mrna_XM_011157413.3_30990	2274	2075	3.12523	0.423038
lcl|NC_052678.1_mrna_XM_011157411.3_30991	2361	2162	1730.87	224.867
lcl|NC_052678.1_mrna_XM_026138543.2_30992	4644	4445	0.186917	0.0118112
lcl|NC_052678.1_mrna_XM_011175425.3_30993	4922	4723	0	0
lcl|NC_052678.1_mrna_XM_011175424.3_30994	4838	4639	0	0
lcl|NC_052678.1_mrna_XM_011175423.3_30995	4841	4642	129.343	7.82624
lcl|NC_052678.1_mrna_XM_039457917.1_30996	2724	2525	0	0
lcl|NC_052678.1_mrna_XM_011175422.3_30997	2389	2190	1.90204	0.243945
lcl|NC_052678.1_mrna_XM_011175421.3_30998	2407	2208	1.51229	0.192376
lcl|NC_052678.1_mrna_XM_026138542.2_30999	2439	2240	176.883	22.1796
lcl|NC_052678.1_mrna_XM_039457916.1_31000	2573	2374	0	0
lcl|NC_052678.1_mrna_XM_011175419.3_31001	2659	2460	381.173	43.5214
lcl|NC_052678.1_mrna_XM_026138548.2_31002	11102	10903	6	0.154568
lcl|NC_052678.1_mrna_XM_039457915.1_31003	2504	2305	0	0
lcl|NC_052678.1_mrna_XM_011175426.3_31004	3693	3494	0	0
lcl|NC_052678.1_mrna_XM_011175427.3_31005	2923	2724	212	21.8597
lcl|NC_052678.1_mrna_XM_026138547.2_31006	6969	6770	38	1.57656
lcl|NC_052678.1_mrna_XM_039457914.1_31007	9940	9741	0	0
lcl|NC_052678.1_mrna_XM_026138549.2_31008	1512	1313	0	0
lcl|NC_052678.1_mrna_XM_011175431.3_31009	1631	1432	622	122.001
lcl|NC_052678.1_mrna_XM_011175434.3_31010	1785	1586	7.21879	1.27843
lcl|NC_052678.1_mrna_XM_011175433.3_31011	1820	1621	0	0
lcl|NC_052678.1_mrna_XM_026138551.2_31012	1849	1650	25.7812	4.38869
lcl|NC_052678.1_ncrna_XR_005576432.1_31013	949	750	4.0006	1.49823
lcl|NC_052678.1_ncrna_XR_005576431.1_31014	1050	851	0	0
lcl|NC_052678.1_mrna_XM_011160995.3_31015	3624	3425	0.232452	0.0190629
lcl|NC_052678.1_mrna_XM_011160969.3_31016	3831	3632	5.38856e-08	4.16719e-09
lcl|NC_052678.1_mrna_XM_039457837.1_31017	3896	3697	0.186693	0.0141838
lcl|NC_052678.1_mrna_XM_011160978.3_31018	3872	3673	128.273	9.80911
lcl|NC_052678.1_mrna_XM_011160987.3_31019	3706	3507	1.30799	0.104758
lcl|NC_052678.1_mrna_XM_039457840.1_31020	5732	5533	219.484	11.1419
lcl|NC_052678.1_mrna_XM_039457839.1_31021	8005	7806	0.000213438	7.67997e-06
lcl|NC_052678.1_mrna_XM_039457841.1_31022	7663	7464	81.5154	3.06749
lcl|NC_052678.1_ncrna_XR_005576422.1_31023	731	532	9.36646	4.94515
lcl|NC_052678.1_mrna_XM_011160942.3_31024	7346	7147	0	0
lcl|NC_052678.1_mrna_XM_011160948.3_31025	7398	7199	31.7559	1.23899
lcl|NC_052678.1_mrna_XM_011160934.3_31026	7445	7246	0.0464718	0.00180139
lcl|NC_052678.1_mrna_XM_011160921.2_31027	576	377	57	42.4668
lcl|NC_052678.1_mrna_XM_011160889.3_31028	1690	1491	67.592	12.7331
lcl|NC_052678.1_mrna_XM_026138420.2_31029	1315	1116	1443.41	363.279
lcl|NC_052678.1_mrna_XM_011160902.3_31030	6170	5971	0	0
lcl|NC_052678.1_mrna_XM_026138419.2_31031	5746	5547	6	0.303815
lcl|NC_052678.1_mrna_XM_011160876.3_31032	2757	2558	1574	172.83
lcl|NC_052678.1_mrna_XM_011160867.3_31033	1525	1326	204.666	43.3529
lcl|NC_052678.1_mrna_XM_039457843.1_31034	6483	6284	18.3331	0.819437
lcl|NC_052678.1_mrna_XM_039457842.1_31035	6546	6347	0.000827784	3.66323e-05
lcl|NC_052678.1_mrna_XM_039457844.1_31036	6201	6002	0	0
lcl|NC_052678.1_mrna_XM_039457845.1_31037	5934	5735	0	0
lcl|NC_052678.1_mrna_XM_039457846.1_31038	3643	3444	10.4914	0.85563
lcl|NC_052678.1_mrna_XM_011161019.3_31039	3659	3460	301.509	24.4759
lcl|NC_052678.1_mrna_XM_026138402.2_31040	1149	950	216.784	64.0944
lcl|NC_052678.1_mrna_XM_011160856.3_31041	1225	1026	2154.22	589.736
lcl|NC_052678.1_mrna_XM_026138400.2_31042	6927	6728	11.4303	0.477187
lcl|NC_052678.1_mrna_XM_011160826.3_31043	7200	7001	253.57	10.1731
lcl|NC_052678.1_mrna_XM_011160816.3_31044	2776	2577	1279	139.403
lcl|NC_052678.1_mrna_XM_039458079.1_31045	3029	2830	0	0
lcl|NC_052678.1_miscrna_XR_005576441.1_31046	4885	4686	288	17.2626
lcl|NC_052678.1_mrna_XM_039458076.1_31047	4856	4657	24.5698	1.48188
lcl|NC_052678.1_mrna_XM_011160772.3_31048	5559	5360	3.75575	0.19681
lcl|NC_052678.1_mrna_XM_026138403.2_31049	8999	8800	1.36617	0.0436053
lcl|NC_052678.1_mrna_XM_011160778.3_31050	10394	10195	7.30824	0.201345
lcl|NC_052678.1_mrna_XM_039458074.1_31051	10397	10198	0	0
lcl|NC_052678.1_mrna_XM_039458077.1_31052	4345	4146	0	0
lcl|NC_052678.1_mrna_XM_039458078.1_31053	4556	4357	0	0
lcl|NC_052678.1_mrna_XM_011160792.3_31054	8912	8713	0	0
lcl|NC_052678.1_mrna_XM_039458052.1_31055	1451	1252	0	0
lcl|NC_052678.1_mrna_XM_011160754.3_31056	1345	1146	42.2211	10.3481
lcl|NC_052678.1_mrna_XM_039458053.1_31057	1155	956	72.7789	21.3828
lcl|NC_052678.1_mrna_XM_011160763.3_31058	1288	1089	2316	597.347
lcl|NC_052678.1_mrna_XM_039458051.1_31059	2973	2774	20	2.02507
lcl|NC_052678.1_mrna_XM_039458049.1_31060	7048	6849	0	0
lcl|NC_052678.1_mrna_XM_039458050.1_31061	7281	7082	0	0
lcl|NC_052678.1_mrna_XM_026138412.2_31062	7052	6853	0	0
lcl|NC_052678.1_mrna_XM_026138411.2_31063	7082	6883	0	0
lcl|NC_052678.1_mrna_XM_039458047.1_31064	7075	6876	0	0
lcl|NC_052678.1_mrna_XM_026138413.2_31065	7018	6819	0	0
lcl|NC_052678.1_mrna_XM_039458048.1_31066	7052	6853	0	0
lcl|NC_052678.1_mrna_XM_039458046.1_31067	7054	6855	0	0
lcl|NC_052678.1_mrna_XM_026138415.2_31068	11642	11443	0	0
lcl|NC_052678.1_mrna_XM_011160696.3_31069	2353	2154	1399.72	182.52
lcl|NC_052678.1_mrna_XM_011160703.3_31070	2407	2208	127.283	16.1915
lcl|NC_052678.1_mrna_XM_011160714.3_31071	1748	1549	687	124.572
lcl|NC_052678.1_mrna_XM_011160685.3_31072	2840	2641	1731	184.096
lcl|NC_052678.1_mrna_XM_011160666.3_31073	6987	6788	193	7.98603
lcl|NC_052678.1_mrna_XM_039457732.1_31074	2178	1979	17.5238	2.48712
lcl|NC_052678.1_mrna_XM_026138404.2_31075	2572	2373	154.476	18.2844
lcl|NC_052678.1_miscrna_XR_003269128.2_31076	3360	3161	183.451	16.3009
lcl|NC_052678.1_mrna_XM_039457731.1_31077	2930	2731	230.996	23.7574
lcl|NC_052678.1_mrna_XM_039457730.1_31078	2930	2731	1.55346	0.15977
lcl|NC_052678.1_mrna_XM_039457836.1_31079	1338	1139	0	0
lcl|NC_052678.1_mrna_XM_039457835.1_31080	1818	1619	0	0
lcl|NC_052678.1_mrna_XM_011157059.3_31081	2402	2203	2470	314.919
lcl|NC_052678.1_mrna_XM_011157061.2_31082	3618	3419	81.2541	6.67516
lcl|NC_052678.1_mrna_XM_011157060.2_31083	3527	3328	688.746	58.1288
lcl|NC_052678.1_mrna_XM_011157062.3_31084	652	453	32.125	19.9187
lcl|NC_052678.1_mrna_XM_039457779.1_31085	704	505	80.3258	44.6765
lcl|NC_052678.1_mrna_XM_011157063.3_31086	601	402	25.5492	17.8512
lcl|NC_052678.1_mrna_XM_011157066.3_31087	1892	1693	79.6056	13.207
lcl|NC_052678.1_mrna_XM_011157064.3_31088	1830	1631	655.394	112.866
lcl|NC_052678.1_mrna_XM_011157067.3_31089	774	575	441	215.42
lcl|NC_052678.1_mrna_XM_011157068.3_31090	1454	1255	3305	739.679
lcl|NC_052678.1_mrna_XM_039457931.1_31091	1041	842	0	0
lcl|NC_052678.1_mrna_XM_011157072.3_31092	885	686	132.454	54.2321
lcl|NC_052678.1_mrna_XM_011157070.3_31093	1925	1726	1652.45	268.908
lcl|NC_052678.1_mrna_XM_039457930.1_31094	1973	1774	122.723	19.4307
lcl|NC_052678.1_mrna_XM_011157069.3_31095	1958	1759	105.393	16.8291
lcl|NC_052678.1_mrna_XM_026140783.2_31096	2132	1933	272.977	39.6653
lcl|NC_052678.1_mrna_XM_011157073.3_31097	4916	4717	7	0.416819
lcl|NC_052678.1_mrna_XM_011159364.3_31098	2301	2102	87	11.6252
lcl|NC_052678.1_mrna_XM_026140784.2_31099	3262	3063	1784	163.593
lcl|NC_052678.1_mrna_XM_039457938.1_31100	2740	2541	83.5673	9.23735
lcl|NC_052678.1_mrna_XM_039457940.1_31101	2596	2397	71.9703	8.43336
lcl|NC_052678.1_mrna_XM_039457933.1_31102	10320	10121	60.3401	1.67455
lcl|NC_052678.1_mrna_XM_039457932.1_31103	9721	9522	0	0
lcl|NC_052678.1_mrna_XM_039457937.1_31104	9685	9486	5.00447	0.14818
lcl|NC_052678.1_mrna_XM_039457936.1_31105	9706	9507	18.4068	0.543815
lcl|NC_052678.1_mrna_XM_039457934.1_31106	11814	11615	2.33514	0.056469
lcl|NC_052678.1_mrna_XM_039457939.1_31107	2646	2447	519.937	59.6805
lcl|NC_052678.1_mrna_XM_011157077.3_31108	625	426	0	0
lcl|NC_052678.1_mrna_XM_011157076.3_31109	2613	2414	106.974	12.4468
lcl|NC_052678.1_mrna_XM_011157074.3_31110	2717	2518	35.4651	3.95604
lcl|NC_052678.1_mrna_XM_039457902.1_31111	1360	1161	0	0
lcl|NC_052678.1_mrna_XM_039457903.1_31112	283	84.0013	0	0
lcl|NC_052678.1_ncrna_XR_005576434.1_31113	741	542	0	0
lcl|NC_052678.1_ncrna_XR_005576433.1_31114	752	553	39.3995	20.0116
lcl|NC_052678.1_ncrna_XR_003268429.2_31115	966	767	0	0
lcl|NC_052678.1_mrna_XM_026139521.2_31116	1145	946	0	0
lcl|NC_052678.1_mrna_XM_026139514.2_31117	2345	2146	0	0
lcl|NC_052678.1_mrna_XM_026139510.2_31118	2541	2342	0	0
lcl|NC_052678.1_mrna_XM_026139513.2_31119	3619	3420	0	0
lcl|NC_052678.1_mrna_XM_026139508.2_31120	3806	3607	0	0
lcl|NC_052678.1_mrna_XM_026139507.2_31121	3815	3616	0	0
lcl|NC_052678.1_mrna_XM_026139511.2_31122	3695	3496	0	0
lcl|NC_052678.1_mrna_XM_026139506.2_31123	3882	3683	0	0
lcl|NC_052678.1_mrna_XM_026139505.2_31124	3891	3692	0	0
lcl|NC_052678.1_mrna_XM_039457721.1_31125	1970	1771	0	0
lcl|NC_052678.1_mrna_XM_026139515.2_31126	3819	3620	0	0
lcl|NC_052678.1_ncrna_XR_005576409.1_31127	5344	5145	0	0
lcl|NC_052678.1_mrna_XM_039457722.1_31128	4610	4411	0	0
lcl|NC_052678.1_mrna_XM_026139503.2_31129	2722	2523	5.71451e-08	6.36176e-09
lcl|NC_052678.1_mrna_XM_026139502.2_31130	2488	2289	1.85139	0.227179
lcl|NC_052678.1_mrna_XM_026139500.2_31131	2674	2475	13.3061	1.51005
lcl|NC_052678.1_mrna_XM_026139504.2_31132	2027	1828	9.84247	1.51232
lcl|NC_052678.1_mrna_XM_026139520.2_31133	3399	3200	5	0.43887
lcl|NC_052678.1_mrna_XM_011166912.3_31134	4805	4606	26.6684	1.62626
lcl|NC_052678.1_mrna_XM_039457784.1_31135	4842	4643	110.699	6.69667
lcl|NC_052678.1_miscrna_XR_005576411.1_31136	1229	1030	85.5927	23.3408
lcl|NC_052678.1_mrna_XM_039457741.1_31137	1127	928	990.602	299.825
lcl|NC_052678.1_mrna_XM_039457739.1_31138	2439	2240	206.492	25.8923
lcl|NC_052678.1_mrna_XM_011166913.3_31139	2488	2289	0	0
lcl|NC_052678.1_mrna_XM_026139526.2_31140	2319	2120	734.313	97.2884
lcl|NC_052678.1_mrna_XM_011166918.3_31141	4337	4138	370.579	25.1539
lcl|NC_052678.1_mrna_XM_011166919.3_31142	3592	3393	13.421	1.111
lcl|NC_052678.1_mrna_XM_011166920.3_31143	1691	1492	1385	260.733
lcl|NC_052678.1_mrna_XM_011166921.3_31144	948	749	147	55.1253
lcl|NC_052678.1_mrna_XM_039457738.1_31145	4231	4032	3.91297	0.272585
lcl|NC_052678.1_mrna_XM_039457736.1_31146	11219	11020	0.907436	0.0231286
lcl|NC_052678.1_mrna_XM_039457737.1_31147	11200	11001	5.12264	0.130791
lcl|NC_052678.1_mrna_XM_011166922.3_31148	11200	11001	5.12264	0.130791
lcl|NC_052678.1_mrna_XM_026139533.2_31149	4707	4508	0.000167666	1.04466e-05
lcl|NC_052678.1_mrna_XM_026139535.2_31150	4605	4406	57.2293	3.64829
lcl|NC_052678.1_mrna_XM_039457733.1_31151	5651	5452	0	0
lcl|NC_052678.1_mrna_XM_039457734.1_31152	5428	5229	0.00865817	0.000465075
lcl|NC_052678.1_mrna_XM_039457735.1_31153	5392	5193	8.84599	0.478458
lcl|NC_052678.1_mrna_XM_026139534.2_31154	4906	4707	93.7289	5.593
lcl|NC_052678.1_mrna_XM_011166924.3_31155	4167	3968	2745	194.306
lcl|NC_052678.1_mrna_XM_011166925.3_31156	1303	1104	325.595	82.8371
lcl|NC_052678.1_mrna_XM_011166926.3_31157	3418	3219	396.405	34.5886
lcl|NC_052678.1_mrna_XM_039457759.1_31158	986	787	1178	420.423
lcl|NC_052678.1_mrna_XM_039457742.1_31159	16771	16572	3.19678e-05	5.41818e-07
lcl|NC_052678.1_mrna_XM_039457744.1_31160	16747	16548	0.000136777	2.32158e-06
lcl|NC_052678.1_mrna_XM_039457743.1_31161	16759	16560	6.61072e-05	1.12125e-06
lcl|NC_052678.1_mrna_XM_039457751.1_31162	16735	16536	0.000283144	4.80942e-06
lcl|NC_052678.1_mrna_XM_026139525.2_31163	16735	16536	0.000283144	4.80942e-06
lcl|NC_052678.1_mrna_XM_039457745.1_31164	16741	16542	0.00019678	3.34125e-06
lcl|NC_052678.1_mrna_XM_039457746.1_31165	16654	16455	0.0389926	0.000665579
lcl|NC_052678.1_mrna_XM_039457750.1_31166	16528	16329	86.955	1.49572
lcl|NC_052678.1_mrna_XM_026139523.2_31167	16759	16560	6.61072e-05	1.12125e-06
lcl|NC_052678.1_mrna_XM_039457747.1_31168	16645	16446	0.0674987	0.00115279
lcl|NC_052678.1_mrna_XM_026139524.2_31169	15331	15132	0	0
lcl|NC_052678.1_mrna_XM_039457748.1_31170	16320	16121	0	0
lcl|NC_052678.1_mrna_XM_026139522.2_31171	15102	14903	0	0
lcl|NC_052678.1_mrna_XM_011166930.3_31172	6007	5808	0.00549733	0.000265853
lcl|NC_052678.1_mrna_XM_011166928.3_31173	6009	5810	198.995	9.62012
lcl|NC_052678.1_mrna_XM_026139542.2_31174	4346	4147	0	0
lcl|NC_052678.1_mrna_XM_026139541.2_31175	4541	4342	0	0
lcl|NC_052678.1_mrna_XM_039457756.1_31176	5144	4945	0	0
lcl|NC_052678.1_mrna_XM_011166936.3_31177	5566	5367	9.25728	0.484471
lcl|NC_052678.1_mrna_XM_039457757.1_31178	4395	4196	63.9308	4.27947
lcl|NC_052678.1_mrna_XM_011166935.3_31179	1298	1099	65	16.6124
lcl|NC_052678.1_mrna_XM_026139543.2_31180	2793	2594	332.242	35.975
lcl|NC_052678.1_mrna_XM_011166934.3_31181	2909	2710	887.758	92.0113
lcl|NC_052678.1_mrna_XM_039457755.1_31182	4301	4102	0	0
lcl|NC_052678.1_mrna_XM_039457754.1_31183	4493	4294	0	0
lcl|NC_052678.1_mrna_XM_039457753.1_31184	4607	4408	0	0
lcl|NC_052678.1_mrna_XM_011166931.3_31185	4539	4340	24	1.55324
lcl|NC_052678.1_mrna_XM_026139529.2_31186	5908	5709	93.9456	4.62202
lcl|NC_052678.1_mrna_XM_026139531.2_31187	5118	4919	10.0544	0.574112
lcl|NC_052678.1_mrna_XM_026139530.2_31188	5384	5185	0	0
lcl|NC_052678.1_mrna_XM_026139532.2_31189	4789	4590	0	0
lcl|NC_052678.1_mrna_XM_039457752.1_31190	4707	4508	0	0
lcl|NC_052678.1_mrna_XM_039458043.1_31191	970	771	1	0.364302
lcl|NC_052678.1_mrna_XM_039458044.1_31192	1096	897	0	0
lcl|NC_052678.1_mrna_XM_039458125.1_31193	1562	1363	40.5057	8.34711
lcl|NC_052678.1_mrna_XM_039458124.1_31194	1536	1337	129.494	27.2041
lcl|NC_052678.1_mrna_XM_011169547.3_31195	1419	1220	412	94.8534
lcl|NC_052678.1_mrna_XM_039458126.1_31196	382	183	15	23.0227
lcl|NC_052678.1_mrna_XM_011169549.3_31197	1735	1536	2.71695	0.496827
lcl|NC_052678.1_mrna_XM_026139622.2_31198	3498	3299	772.204	65.7454
lcl|NC_052678.1_mrna_XM_039458121.1_31199	1708	1509	0	0
lcl|NC_052678.1_mrna_XM_039458122.1_31200	1648	1449	0	0
lcl|NC_052678.1_mrna_XM_011169553.3_31201	1677	1478	5.82646	1.10725
lcl|NC_052678.1_mrna_XM_039458123.1_31202	1616	1417	0	0
lcl|NC_052678.1_mrna_XM_011169552.3_31203	2629	2430	79.9265	9.23847
lcl|NC_052678.1_mrna_XM_011169551.3_31204	4150	3951	1.32569	0.0942432
lcl|NC_052678.1_mrna_XM_039458127.1_31205	5531	5332	940	49.5169
lcl|NC_052678.1_mrna_XM_011169545.3_31206	2427	2228	61	7.69007
lcl|NC_052678.1_mrna_XM_011169543.3_31207	3713	3514	271	21.6612
lcl|NC_052678.1_mrna_XM_039457894.1_31208	2873	2674	386.134	40.5594
lcl|NC_052678.1_mrna_XM_011168032.3_31209	3118	2919	99.0453	9.53049
lcl|NC_052678.1_mrna_XM_011173326.3_31210	972	773	1497	543.949
lcl|NC_052678.1_mrna_XM_039457896.1_31211	1363	1164	907	218.862
lcl|NC_052678.1_mrna_XM_011169542.3_31212	3706	3507	167	13.3751
lcl|NC_052678.1_mrna_XM_026139629.2_31213	8280	8081	40.0284	1.39129
lcl|NC_052678.1_miscrna_XR_003269309.2_31214	6561	6362	7.92918	0.350066
lcl|NC_052678.1_miscrna_XR_003269308.2_31215	6572	6373	1.40192	0.0617868
lcl|NC_052678.1_miscrna_XR_005576428.1_31216	8323	8124	0	0
lcl|NC_052678.1_mrna_XM_039457892.1_31217	6031	5832	53.1081	2.55775
lcl|NC_052678.1_mrna_XM_026139627.2_31218	5120	4921	0	0
lcl|NC_052678.1_mrna_XM_026139628.2_31219	5118	4919	0	0
lcl|NC_052678.1_mrna_XM_011164013.3_31220	5269	5070	143.157	7.93087
lcl|NC_052678.1_mrna_XM_011164014.3_31221	5158	4959	6.40374	0.362707
lcl|NC_052678.1_mrna_XM_011164005.3_31222	1839	1640	1.18767	0.203409
lcl|NC_052678.1_mrna_XM_011164009.3_31223	1782	1583	7.73726	1.37285
lcl|NC_052678.1_mrna_XM_011164003.3_31224	1854	1655	0	0
lcl|NC_052678.1_mrna_XM_011164007.3_31225	1797	1598	553.66	97.3156
lcl|NC_052678.1_mrna_XM_011164002.3_31226	1821	1622	0	0
lcl|NC_052678.1_mrna_XM_011163999.3_31227	1773	1574	33.001	5.88895
lcl|NC_052678.1_mrna_XM_011164000.3_31228	1761	1562	254.616	45.7846
lcl|NC_052678.1_mrna_XM_026139630.2_31229	1698	1499	1146.75	214.874
lcl|NC_052678.1_mrna_XM_011164006.3_31230	1764	1565	190.821	34.2474
lcl|NC_052678.1_mrna_XM_011164010.3_31231	1740	1541	326.638	59.5361
lcl|NC_052678.1_mrna_XM_011164004.3_31232	1793	1594	299.424	52.7611
lcl|NC_052678.1_mrna_XM_011164008.3_31233	1735	1536	542.646	99.2295
lcl|NC_052678.1_mrna_XM_011164011.3_31234	1711	1512	21.6431	4.02053
lcl|NC_052678.1_ncrna_XR_005576430.1_31235	5879	5680	106.338	5.25841
lcl|NC_052678.1_ncrna_XR_003269310.2_31236	5918	5719	61.8841	3.03931
lcl|NC_052678.1_miscrna_XR_005576429.1_31237	819	620	103.922	47.0797
lcl|NC_052678.1_mrna_XM_011163997.3_31238	1568	1369	355.077	72.8509
lcl|NC_052678.1_mrna_XM_026139632.2_31239	1454	1255	1933.58	432.748
lcl|NC_052678.1_mrna_XM_011163998.3_31240	1610	1411	3.26426e-05	6.4979e-06
lcl|NC_052678.1_mrna_XM_039457899.1_31241	1480	1281	12.0685	2.64618
lcl|NC_052678.1_mrna_XM_011163995.3_31242	4369	4170	204.505	13.7747
lcl|NC_052678.1_mrna_XM_011163996.3_31243	4253	4054	47.8433	3.31477
lcl|NC_052678.1_mrna_XM_039457893.1_31244	3916	3717	500.652	37.832
lcl|NC_052678.1_mrna_XM_039457898.1_31245	3151	2952	55.9785	5.32624
lcl|NC_052678.1_mrna_XM_011163994.3_31246	3140	2941	2366.02	225.964
lcl|NC_052678.1_mrna_XM_026139633.2_31247	1954	1755	101	16.1644
lcl|NC_052678.1_mrna_XM_039457895.1_31248	2025	1826	0	0
lcl|NC_052678.1_mrna_XM_011163993.3_31249	613	414	261.293	177.273
lcl|NC_052678.1_mrna_XM_026139634.2_31250	1082	883	406.707	129.371
lcl|NC_052678.1_mrna_XM_039457766.1_31251	5284	5085	67	3.70083
lcl|NC_052678.1_mrna_XM_039457764.1_31252	4390	4191	246.617	16.5281
lcl|NC_052678.1_mrna_XM_039457765.1_31253	4467	4268	87.1209	5.73342
lcl|NC_052679.1_mrna_XM_039458244.1_31254	4356	4157	42.3451	2.86114
lcl|NC_052679.1_mrna_XM_011161778.3_31255	4352	4153	93.1944	6.30295
lcl|NC_052679.1_mrna_XM_039458245.1_31256	4341	4142	0	0
lcl|NC_052679.1_mrna_XM_026131978.2_31257	4372	4173	45.0764	3.03401
lcl|NC_052679.1_mrna_XM_026131977.2_31258	4365	4166	46.769	3.15322
lcl|NC_052679.1_mrna_XM_011161777.3_31259	2020	1821	695.615	107.294
lcl|NC_052679.1_mrna_XM_011157774.3_31260	1258	1059	501	132.879
lcl|NC_052679.1_mrna_XM_026131974.2_31261	1608	1409	379	75.5516
lcl|NC_052679.1_mrna_XM_011161782.3_31262	1493	1294	1239.86	269.126
lcl|NC_052679.1_mrna_XM_011161783.3_31263	2071	1872	218.135	32.7292
lcl|NC_052679.1_mrna_XM_011161784.3_31264	5389	5190	1.01521	0.054942
lcl|NC_052679.1_mrna_XM_011161785.3_31265	5379	5180	7.02533	0.380937
lcl|NC_052679.1_ncrna_XR_005576636.1_31266	2031	1832	10	1.53317
lcl|NC_052679.1_mrna_XM_039459219.1_31267	1954	1755	0	0
lcl|NC_052679.1_mrna_XM_011161787.3_31268	1988	1789	0	0
lcl|NC_052679.1_mrna_XM_039459218.1_31269	2266	2067	0	0
lcl|NC_052679.1_mrna_XM_011161786.3_31270	2288	2089	0	0
lcl|NC_052679.1_mrna_XM_039459217.1_31271	2179	1980	0	0
lcl|NC_052679.1_mrna_XM_039459220.1_31272	1820	1621	0	0
lcl|NC_052679.1_mrna_XM_039459222.1_31273	1957	1758	0	0
lcl|NC_052679.1_mrna_XM_039459221.1_31274	2040	1841	0	0
lcl|NC_052679.1_mrna_XM_011161859.3_31275	1964	1765	0	0
lcl|NC_052679.1_mrna_XM_039459224.1_31276	2023	1824	0	0
lcl|NC_052679.1_mrna_XM_039459223.1_31277	1838	1639	0	0
lcl|NC_052679.1_mrna_XM_039459225.1_31278	1494	1295	0	0
lcl|NC_052679.1_mrna_XM_011161790.3_31279	1954	1755	0	0
lcl|NC_052679.1_mrna_XM_026131964.2_31280	3491	3292	29.9975	2.55942
lcl|NC_052679.1_mrna_XM_039459216.1_31281	3105	2906	0	0
lcl|NC_052679.1_mrna_XM_026131965.2_31282	3574	3375	0	0
lcl|NC_052679.1_mrna_XM_026131963.2_31283	3455	3256	0	0
lcl|NC_052679.1_mrna_XM_026131966.2_31284	3564	3365	40.0025	3.33901
lcl|NC_052679.1_mrna_XM_039458487.1_31285	2480	2281	0	0
lcl|NC_052679.1_mrna_XM_011161861.3_31286	3483	3284	0	0
lcl|NC_052679.1_mrna_XM_039458485.1_31287	2472	2273	1	0.123571
lcl|NC_052679.1_mrna_XM_026132028.2_31288	2158	1959	0	0
lcl|NC_052679.1_mrna_XM_039458486.1_31289	2116	1917	0	0
lcl|NC_052679.1_mrna_XM_039458488.1_31290	2859	2660	0	0
lcl|NC_052679.1_mrna_XM_011161793.3_31291	2887	2688	51.4544	5.37662
lcl|NC_052679.1_mrna_XM_011161792.3_31292	2854	2655	20.5456	2.17355
lcl|NC_052679.1_mrna_XM_011161794.3_31293	1951	1752	18	2.88572
lcl|NC_052679.1_mrna_XM_011161864.3_31294	1846	1647	0	0
lcl|NC_052679.1_mrna_XM_011161797.3_31295	901	702	241.337	96.5612
lcl|NC_052679.1_mrna_XM_011161795.3_31296	1427	1228	1255.66	287.204
lcl|NC_052679.1_mrna_XM_026132002.2_31297	2913	2714	4.42741	0.4582
lcl|NC_052679.1_mrna_XM_039458500.1_31298	2300	2101	0.572594	0.0765484
lcl|NC_052679.1_mrna_XM_039458499.1_31299	2373	2174	0	0
lcl|NC_052679.1_mrna_XM_011161799.3_31300	20502	20303	2.00004	0.027669
lcl|NC_052679.1_mrna_XM_039459154.1_31301	23572	23373	0	0
lcl|NC_052679.1_mrna_XM_039458483.1_31302	5788	5589	4	0.201021
lcl|NC_052679.1_mrna_XM_026132023.2_31303	1962	1763	0	0
lcl|NC_052679.1_mrna_XM_039458481.1_31304	2046	1847	0	0
lcl|NC_052679.1_mrna_XM_011161802.3_31305	2005	1806	0	0
lcl|NC_052679.1_mrna_XM_026132021.2_31306	2089	1890	0	0
lcl|NC_052679.1_mrna_XM_026132024.2_31307	3290	3091	25	2.27173
lcl|NC_052679.1_mrna_XM_026132022.2_31308	3374	3175	0	0
lcl|NC_052679.1_mrna_XM_011161801.3_31309	1298	1099	0	0
lcl|NC_052679.1_mrna_XM_011161803.2_31310	5940	5741	725	35.4704
lcl|NC_052679.1_mrna_XM_011161808.3_31311	2100	1901	39.4736	5.8323
lcl|NC_052679.1_mrna_XM_026132006.2_31312	2125	1926	8.03744e-05	1.17213e-05
lcl|NC_052679.1_mrna_XM_011161807.3_31313	2034	1835	60.5264	9.26455
lcl|NC_052679.1_mrna_XM_011161805.2_31314	1402	1203	61	14.2423
lcl|NC_052679.1_mrna_XM_011161806.3_31315	1369	1170	0	0
lcl|NC_052679.1_mrna_XM_011161811.3_31316	1778	1579	0	0
lcl|NC_052679.1_mrna_XM_011161810.3_31317	2117	1918	0	0
lcl|NC_052679.1_mrna_XM_011161812.3_31318	1995	1796	77	12.042
lcl|NC_052679.1_mrna_XM_011161814.3_31319	1496	1297	305	66.0504
lcl|NC_052679.1_mrna_XM_026131971.2_31320	3753	3554	0	0
lcl|NC_052679.1_mrna_XM_011161813.2_31321	3389	3190	0	0
lcl|NC_052679.1_mrna_XM_039458420.1_31322	3370	3171	59.7486	5.29233
lcl|NC_052679.1_mrna_XM_039458421.1_31323	3101	2902	75.8106	7.3375
lcl|NC_052679.1_mrna_XM_039458422.1_31324	3012	2813	42.2915	4.22278
lcl|NC_052679.1_mrna_XM_026131972.2_31325	3389	3190	0.149315	0.0131471
lcl|NC_052679.1_ncrna_XR_005576495.1_31326	1171	972	0	0
lcl|NC_052679.1_ncrna_XR_005576496.1_31327	1094	895	4	1.25531
lcl|NC_052679.1_mrna_XM_011161816.3_31328	3541	3342	345.713	29.0552
lcl|NC_052679.1_mrna_XM_011161815.3_31329	3568	3369	0.000751341	6.264e-05
lcl|NC_052679.1_mrna_XM_011161819.3_31330	3411	3212	86.2866	7.54542
lcl|NC_052679.1_mrna_XM_011161817.3_31331	3438	3239	0.000109372	9.48444e-06
lcl|NC_052679.1_mrna_XM_026131973.2_31332	3283	3084	0	0
lcl|NC_052679.1_mrna_XM_039458207.1_31333	625	426	2	1.31867
lcl|NC_052679.1_mrna_XM_026131960.2_31334	1723	1524	3	0.552907
lcl|NC_052679.1_mrna_XM_026131984.2_31335	3183	2984	42.5806	4.00801
lcl|NC_052679.1_mrna_XM_026131983.2_31336	11233	11034	86.9709	2.21389
lcl|NC_052679.1_mrna_XM_039458672.1_31337	2305	2106	0	0
lcl|NC_052679.1_mrna_XM_026131986.2_31338	4805	4606	0	0
lcl|NC_052679.1_mrna_XM_039458673.1_31339	3512	3313	0	0
lcl|NC_052679.1_mrna_XM_026131985.2_31340	11055	10856	22.4516	0.58089
lcl|NC_052679.1_mrna_XM_039458675.1_31341	2742	2543	51.4442	5.68206
lcl|NC_052679.1_mrna_XM_039458677.1_31342	2703	2504	37.7128	4.23029
lcl|NC_052679.1_mrna_XM_039458674.1_31343	2751	2552	382.1	42.0545
lcl|NC_052679.1_mrna_XM_011161823.3_31344	1920	1721	128.743	21.0115
lcl|NC_052679.1_mrna_XM_011161825.3_31345	4182	3983	79.6501	5.61684
lcl|NC_052679.1_mrna_XM_039458438.1_31346	4195	3996	26.669	1.87455
lcl|NC_052679.1_mrna_XM_039458437.1_31347	4200	4001	263.271	18.482
lcl|NC_052679.1_mrna_XM_011161828.3_31348	2032	1833	0.700368	0.10732
lcl|NC_052679.1_mrna_XM_011161827.3_31349	2036	1837	180.71	27.6305
lcl|NC_052679.1_mrna_XM_039458439.1_31350	3744	3545	3	0.237695
lcl|NC_052679.1_mrna_XM_011161829.3_31351	1584	1385	3048.89	618.312
lcl|NC_052679.1_mrna_XM_026131992.2_31352	7566	7367	30.5895	1.16627
lcl|NC_052679.1_mrna_XM_026131991.2_31353	7560	7361	69.2606	2.64281
lcl|NC_052679.1_ncrna_XR_003268359.2_31354	2013	1814	15	2.32257
lcl|NC_052679.1_mrna_XM_039458440.1_31355	7453	7254	1.18806e-06	4.60019e-08
lcl|NC_052679.1_mrna_XM_026131993.2_31356	7354	7155	1.14988	0.0451399
lcl|NC_052679.1_mrna_XM_039458441.1_31357	2803	2604	0	0
lcl|NC_052679.1_mrna_XM_011161836.3_31358	2238	2039	43.6363	6.011
lcl|NC_052679.1_mrna_XM_039458456.1_31359	2687	2488	437.364	49.3751
lcl|NC_052679.1_mrna_XM_026131997.2_31360	1766	1567	0	0
lcl|NC_052679.1_mrna_XM_039458450.1_31361	1789	1590	7.49821	1.32457
lcl|NC_052679.1_mrna_XM_026131996.2_31362	1688	1489	0	0
lcl|NC_052679.1_mrna_XM_026131995.2_31363	1627	1428	28.2921	5.56484
lcl|NC_052679.1_mrna_XM_039458451.1_31364	1634	1435	0.209701	0.0410454
lcl|NC_052679.1_mrna_XM_039458452.1_31365	2168	1969	576.734	82.2708
lcl|NC_052679.1_mrna_XM_011161840.3_31366	1774	1575	185.331	33.0509
lcl|NC_052679.1_mrna_XM_011161841.3_31367	1746	1547	53.6781	9.74591
lcl|NC_052679.1_mrna_XM_039458454.1_31368	1642	1443	47.2569	9.19846
lcl|NC_052679.1_mrna_XM_011161839.3_31369	1413	1214	791.849	183.206
lcl|NC_052679.1_mrna_XM_026132000.2_31370	1243	1044	52.1511	14.0307
lcl|NC_052679.1_mrna_XM_011161842.3_31371	2946	2747	159	16.2575
lcl|NC_052679.1_mrna_XM_011161843.3_31372	4717	4518	466	28.9705
lcl|NC_052679.1_mrna_XM_011161844.3_31373	6422	6223	291	13.1344
lcl|NC_052679.1_mrna_XM_011161845.3_31374	5666	5467	0	0
lcl|NC_052679.1_mrna_XM_026131976.2_31375	5455	5256	326	17.4212
lcl|NC_052679.1_mrna_XM_011161851.3_31376	4479	4280	860	56.4378
lcl|NC_052679.1_mrna_XM_039458442.1_31377	8334	8135	73.7717	2.54711
lcl|NC_052679.1_mrna_XM_011161849.3_31378	8381	8182	0.228279	0.00783651
lcl|NC_052679.1_mrna_XM_011161852.3_31379	3399	3200	772	67.7615
lcl|NC_052679.1_mrna_XM_011161853.3_31380	1439	1240	979	221.757
lcl|NC_052679.1_mrna_XM_011161854.3_31381	968	769	38	13.8795
lcl|NC_052679.1_mrna_XM_011161855.3_31382	946	747	0	0
lcl|NC_052679.1_mrna_XM_026131990.2_31383	2166	1967	97.2423	13.8857
lcl|NC_052679.1_mrna_XM_011161857.3_31384	2519	2320	70.7577	8.56646
lcl|NC_052679.1_mrna_XM_011161858.3_31385	1094	895	957	300.334
lcl|NC_052679.1_mrna_XM_026132004.2_31386	3683	3484	87.2192	7.03153
lcl|NC_052679.1_mrna_XM_026132003.2_31387	3686	3487	324.781	26.161
lcl|NC_052679.1_mrna_XM_039458448.1_31388	8954	8755	250.363	8.03211
lcl|NC_052679.1_mrna_XM_039458443.1_31389	8898	8699	0	0
lcl|NC_052679.1_mrna_XM_039458447.1_31390	5935	5736	0	0
lcl|NC_052679.1_mrna_XM_039458446.1_31391	5739	5540	0	0
lcl|NC_052679.1_mrna_XM_026131968.2_31392	5839	5640	0	0
lcl|NC_052679.1_mrna_XM_039458444.1_31393	5987	5788	17.637	0.855877
lcl|NC_052679.1_mrna_XM_039458445.1_31394	5772	5573	0	0
lcl|NC_052679.1_mrna_XM_039458908.1_31395	10768	10569	0	0
lcl|NC_052679.1_mrna_XM_011170814.3_31396	11633	11434	20.3692	0.500371
lcl|NC_052679.1_mrna_XM_026132015.2_31397	11116	10917	36.0491	0.927485
lcl|NC_052679.1_mrna_XM_011170806.3_31398	12014	11815	0	0
lcl|NC_052679.1_mrna_XM_011170821.3_31399	10826	10627	0	0
lcl|NC_052679.1_mrna_XM_026132018.2_31400	11960	11761	0	0
lcl|NC_052679.1_mrna_XM_011170827.3_31401	11503	11304	22.7749	0.565899
lcl|NC_052679.1_mrna_XM_011170840.3_31402	819	620	1644	744.776
lcl|NC_052679.1_mrna_XM_011170851.3_31403	748	549	613	313.62
lcl|NC_052679.1_mrna_XM_026131980.2_31404	5712	5513	0	0
lcl|NC_052679.1_mrna_XM_039458258.1_31405	5327	5128	0	0
lcl|NC_052679.1_mrna_XM_011170864.3_31406	6714	6515	108	4.65613
lcl|NC_052679.1_mrna_XM_011170881.3_31407	5706	5507	0	0
lcl|NC_052679.1_mrna_XM_039458257.1_31408	6819	6620	0	0
lcl|NC_052679.1_mrna_XM_026132034.2_31409	4550	4351	28	1.80753
lcl|NC_052679.1_mrna_XM_026131950.2_31410	4738	4539	0	0
lcl|NC_052679.1_mrna_XM_026131952.2_31411	4714	4515	0	0
lcl|NC_052679.1_mrna_XM_026131953.2_31412	5958	5759	625.168	30.4906
lcl|NC_052679.1_ncrna_XR_005576624.1_31413	16849	16650	6	0.101217
lcl|NC_052679.1_mrna_XM_026131946.2_31414	6696	6497	0	0
lcl|NC_052679.1_mrna_XM_039459159.1_31415	6637	6438	0	0
lcl|NC_052679.1_ncrna_XR_003268354.2_31416	2632	2433	1	0.115445
lcl|NC_052679.1_mrna_XM_039459160.1_31417	1494	1295	0	0
lcl|NC_052679.1_mrna_XM_026131947.2_31418	5882	5683	0	0
lcl|NC_052679.1_mrna_XM_011170892.3_31419	5757	5558	35.8589	1.81215
lcl|NC_052679.1_mrna_XM_026131948.2_31420	7218	7019	3.97304	0.158988
lcl|NC_052679.1_mrna_XM_026131949.2_31421	7121	6922	0	0
lcl|NC_052679.1_mrna_XM_026131951.2_31422	7097	6898	0	0
lcl|NC_052679.1_ncrna_XR_005576623.1_31423	1955	1756	0	0
lcl|NC_052679.1_mrna_XM_011170928.3_31424	7116	6917	455.523	18.4973
lcl|NC_052679.1_mrna_XM_026132001.2_31425	6737	6538	283.2	12.1664
lcl|NC_052679.1_mrna_XM_011170942.3_31426	2352	2153	2142	279.442
lcl|NC_052679.1_miscrna_XR_005576579.1_31427	1135	936	3.56629	1.07018
lcl|NC_052679.1_miscrna_XR_005576580.1_31428	877	678	0	0
lcl|NC_052679.1_miscrna_XR_005576578.1_31429	897	698	0	0
lcl|NC_052679.1_mrna_XM_039458941.1_31430	3363	3164	35.5068	3.15203
lcl|NC_052679.1_mrna_XM_039458940.1_31431	2809	2610	0	0
lcl|NC_052679.1_mrna_XM_039458939.1_31432	2825	2626	0	0
lcl|NC_052679.1_mrna_XM_039458943.1_31433	2546	2347	0	0
lcl|NC_052679.1_mrna_XM_039458942.1_31434	2032	1833	19.3443	2.96419
lcl|NC_052679.1_mrna_XM_039458944.1_31435	2185	1986	0	0
lcl|NC_052679.1_mrna_XM_026131955.2_31436	571	372	1.58263	1.19496
lcl|NC_052679.1_ncrna_XR_005576581.1_31437	4680	4481	1	0.0626817
lcl|NC_052679.1_mrna_XM_011170974.3_31438	10858	10659	186	4.90131
lcl|NC_052679.1_mrna_XM_039458945.1_31439	462	263	3.35719	3.58539
lcl|NC_052679.1_mrna_XM_011170964.3_31440	3326	3127	7.64281	0.6865
lcl|NC_052679.1_mrna_XM_011170997.3_31441	2649	2450	69.5392	7.97222
lcl|NC_052679.1_mrna_XM_011171014.3_31442	2109	1910	140.22	20.6202
lcl|NC_052679.1_mrna_XM_011171005.3_31443	2189	1990	116.241	16.4067
lcl|NC_052679.1_mrna_XM_011171027.3_31444	3804	3605	741.843	57.7993
lcl|NC_052679.1_mrna_XM_011171043.3_31445	3738	3539	77.3236	6.13687
lcl|NC_052679.1_mrna_XM_011171047.3_31446	3618	3419	250.833	20.6064
lcl|NC_052679.1_mrna_XM_011171053.3_31447	3371	3172	478	42.3263
lcl|NC_052679.1_mrna_XM_026131979.2_31448	4470	4271	83.256	5.47522
lcl|NC_052679.1_mrna_XM_011171062.3_31449	4314	4115	1923.74	131.309
lcl|NC_052679.1_mrna_XM_011171072.3_31450	2447	2248	20.0582	2.50617
lcl|NC_052679.1_mrna_XM_011171080.3_31451	2443	2244	373.744	46.7807
lcl|NC_052679.1_mrna_XM_011171090.3_31452	1734	1535	9.19813	1.68309
lcl|NC_052679.1_ncrna_XR_005576468.1_31453	971	772	1.22975	0.447419
lcl|NC_052679.1_ncrna_XR_005576467.1_31454	1227	1028	0	0
lcl|NC_052679.1_mrna_XM_011171110.3_31455	1939	1740	21.3566	3.44746
lcl|NC_052679.1_ncrna_XR_003268356.2_31456	3380	3181	23.8346	2.10455
lcl|NC_052679.1_ncrna_XR_003268355.2_31457	3402	3203	0.0237114	0.0020793
lcl|NC_052679.1_mrna_XM_039458297.1_31458	1965	1766	16.5554	2.63308
lcl|NC_052679.1_mrna_XM_011171103.3_31459	1504	1305	381	82.0031
lcl|NC_052679.1_mrna_XM_011171154.3_31460	4617	4418	0	0
lcl|NC_052679.1_mrna_XM_011171140.3_31461	5803	5604	112.119	5.61949
lcl|NC_052679.1_mrna_XM_039458810.1_31462	4976	4777	0	0
lcl|NC_052679.1_mrna_XM_011171145.3_31463	4578	4379	0	0
lcl|NC_052679.1_mrna_XM_011171162.3_31464	4560	4361	0	0
lcl|NC_052679.1_ncrna_XR_005576554.1_31465	1810	1611	57.3135	9.99257
lcl|NC_052679.1_mrna_XM_011171130.3_31466	2997	2798	303.567	30.4736
lcl|NC_052679.1_mrna_XM_011171175.3_31467	2705	2506	0	0
lcl|NC_052679.1_mrna_XM_026132030.2_31468	2292	2093	1	0.134198
lcl|NC_052679.1_mrna_XM_039458817.1_31469	933	734	0	0
lcl|NC_052679.1_mrna_XM_026132033.2_31470	923	724	0	0
lcl|NC_052679.1_mrna_XM_011171183.3_31471	957	758	0	0
lcl|NC_052679.1_mrna_XM_039458818.1_31472	1803	1604	306.995	53.7579
lcl|NC_052679.1_mrna_XM_011171189.3_31473	1937	1738	788.09	127.363
lcl|NC_052679.1_mrna_XM_011171197.3_31474	1275	1076	742	193.69
lcl|NC_052679.1_mrna_XM_026132031.2_31475	2537	2338	2381.08	286.052
lcl|NC_052679.1_mrna_XM_039458816.1_31476	2673	2474	73.9221	8.39248
lcl|NC_052679.1_mrna_XM_039458813.1_31477	4447	4248	0	0
lcl|NC_052679.1_mrna_XM_039458814.1_31478	4434	4235	26.1768	1.73612
lcl|NC_052679.1_mrna_XM_011171213.3_31479	4610	4411	0	0
lcl|NC_052679.1_mrna_XM_026132026.2_31480	4598	4399	26.8232	1.71266
lcl|NC_052679.1_mrna_XM_026132005.2_31481	2585	2386	28	3.29612
lcl|NC_052679.1_ncrna_XR_005576555.1_31482	790	591	0	0
lcl|NC_052679.1_ncrna_XR_003268361.2_31483	673	474	2	1.18513
lcl|NC_052679.1_mrna_XM_039458812.1_31484	3265	3066	49.1356	4.50132
lcl|NC_052679.1_mrna_XM_026132027.2_31485	3521	3322	0	0
lcl|NC_052679.1_mrna_XM_011171251.3_31486	3472	3273	9.86445	0.84653
lcl|NC_052679.1_mrna_XM_011171283.3_31487	943	744	127.09	47.9791
lcl|NC_052679.1_mrna_XM_011171275.3_31488	1002	803	272.91	95.4598
lcl|NC_052679.1_mrna_XM_011171304.3_31489	752	553	448	227.546
lcl|NC_052679.1_mrna_XM_011171349.3_31490	617	418	355	238.544
lcl|NC_052679.1_mrna_XM_026132011.2_31491	2203	2004	15.7837	2.21221
lcl|NC_052679.1_mrna_XM_026132010.2_31492	3301	3102	164.192	14.8671
lcl|NC_052679.1_mrna_XM_026132012.2_31493	2136	1937	0	0
lcl|NC_052679.1_mrna_XM_026132009.2_31494	8122	7923	18.4179	0.65293
lcl|NC_052679.1_mrna_XM_026132007.2_31495	4971	4772	0	0
lcl|NC_052679.1_mrna_XM_011171324.3_31496	4113	3914	2.31669	0.166251
lcl|NC_052679.1_mrna_XM_011171316.3_31497	6609	6410	49.0075	2.14744
lcl|NC_052679.1_mrna_XM_026132008.2_31498	3305	3106	0	0
lcl|NC_052679.1_mrna_XM_011171334.3_31499	4313	4114	3.14302	0.214584
lcl|NC_052679.1_miscrna_XR_851112.3_31500	2331	2132	20.1479	2.65435
lcl|NC_052679.1_mrna_XM_011171373.3_31501	2397	2198	66.5969	8.51024
lcl|NC_052679.1_mrna_XM_026132014.2_31502	3357	3158	39.3409	3.49903
lcl|NC_052679.1_mrna_XM_039458822.1_31503	1591	1392	99.8105	20.1397
lcl|NC_052679.1_mrna_XM_039458819.1_31504	3725	3526	7.58997e-08	6.04608e-09
lcl|NC_052679.1_mrna_XM_039458820.1_31505	3574	3375	3.91852	0.32611
lcl|NC_052679.1_mrna_XM_039458821.1_31506	2842	2643	120.187	12.7725
lcl|NC_052679.1_mrna_XM_039458823.1_31507	1222	1023	18.2962	5.02344
lcl|NC_052679.1_ncrna_XR_005576557.1_31508	877	678	2	0.828545
lcl|NC_052679.1_mrna_XM_039458824.1_31509	4147	3948	603	42.8999
lcl|NC_052679.1_mrna_XM_011171390.3_31510	3766	3567	2531	199.299
lcl|NC_052679.1_mrna_XM_026132964.2_31511	1204	1005	8.75791	2.44766
lcl|NC_052679.1_mrna_XM_011171425.3_31512	1101	902	257.577	80.2078
lcl|NC_052679.1_mrna_XM_026132965.2_31513	989	790	0	0
lcl|NC_052679.1_mrna_XM_026132963.2_31514	4342	4143	45.0987	3.05749
lcl|NC_052679.1_mrna_XM_011171411.3_31515	6987	6788	2.56635	0.106192
lcl|NC_052679.1_mrna_XM_011171437.3_31516	1023	824	277	94.4209
lcl|NC_052679.1_mrna_XM_039458957.1_31517	6002	5803	64.1909	3.10697
lcl|NC_052679.1_mrna_XM_011171449.3_31518	10937	10738	2	0.0523145
lcl|NC_052679.1_mrna_XM_039458960.1_31519	10516	10317	0	0
lcl|NC_052679.1_mrna_XM_011171470.3_31520	5840	5641	0	0
lcl|NC_052679.1_mrna_XM_039458958.1_31521	5890	5691	0	0
lcl|NC_052679.1_mrna_XM_039458959.1_31522	5939	5740	314.809	15.4046
lcl|NC_052679.1_mrna_XM_011171489.3_31523	863	664	44.9371	19.0087
lcl|NC_052679.1_mrna_XM_011171512.3_31524	822	623	1.65741e-07	7.47236e-08
lcl|NC_052679.1_mrna_XM_011171498.3_31525	843	644	41.5382	18.1167
lcl|NC_052679.1_mrna_XM_011171485.3_31526	974	775	34.8654	12.636
lcl|NC_052679.1_mrna_XM_011171506.3_31527	906	707	27.6592	10.9884
lcl|NC_052679.1_mrna_XM_026132987.2_31528	871	672	0	0
lcl|NC_052679.1_mrna_XM_039458799.1_31529	2638	2439	0.10926	0.0125825
lcl|NC_052679.1_mrna_XM_039458800.1_31530	2628	2429	6.73134	0.778377
lcl|NC_052679.1_mrna_XM_039458804.1_31531	2468	2269	0	0
lcl|NC_052679.1_mrna_XM_039458797.1_31532	2760	2561	0	0
lcl|NC_052679.1_mrna_XM_039458803.1_31533	2600	2401	0	0
lcl|NC_052679.1_mrna_XM_039458802.1_31534	2672	2473	1.01885e-07	1.15718e-08
lcl|NC_052679.1_mrna_XM_039458807.1_31535	2167	1968	0	0
lcl|NC_052679.1_mrna_XM_039458805.1_31536	2416	2217	0	0
lcl|NC_052679.1_mrna_XM_039458806.1_31537	2273	2074	5.13392	0.695274
lcl|NC_052679.1_mrna_XM_039458798.1_31538	2284	2085	0.0254829	0.00343289
lcl|NC_052679.1_mrna_XM_039458796.1_31539	7570	7371	113.274	4.31639
lcl|NC_052679.1_mrna_XM_039458793.1_31540	9487	9288	14.068	0.425428
lcl|NC_052679.1_mrna_XM_039458794.1_31541	9989	9790	0	0
lcl|NC_052679.1_mrna_XM_039458795.1_31542	9078	8879	0	0
lcl|NC_052679.1_mrna_XM_026132938.2_31543	612	413	389	264.555
lcl|NC_052679.1_mrna_XM_026132957.2_31544	6771	6572	3	0.128215
lcl|NC_052679.1_mrna_XM_011171537.3_31545	7069	6870	0	0
lcl|NC_052679.1_mrna_XM_026132958.2_31546	6450	6251	0	0
lcl|NC_052679.1_mrna_XM_011171552.3_31547	1502	1303	255.203	55.0119
lcl|NC_052679.1_mrna_XM_011171541.3_31548	1708	1509	54.2319	10.0944
lcl|NC_052679.1_mrna_XM_011171546.3_31549	1601	1402	113.565	22.7517
lcl|NC_052679.1_mrna_XM_039458808.1_31550	1954	1755	0	0
lcl|NC_052679.1_mrna_XM_026132940.2_31551	1990	1791	0	0
lcl|NC_052679.1_mrna_XM_011171586.3_31552	1434	1235	711	161.703
lcl|NC_052679.1_mrna_XM_011171569.3_31553	1659	1460	309.569	59.5553
lcl|NC_052679.1_mrna_XM_011171580.3_31554	1679	1480	38.7386	7.35186
lcl|NC_052679.1_mrna_XM_011171574.3_31555	1661	1462	575.692	110.601
lcl|NC_052679.1_mrna_XM_026132961.2_31556	6622	6423	33.162	1.45017
lcl|NC_052679.1_mrna_XM_026132962.2_31557	6695	6496	0.000396115	1.71274e-05
lcl|NC_052679.1_mrna_XM_039458371.1_31558	3014	2815	0	0
lcl|NC_052679.1_mrna_XM_011171597.3_31559	3798	3599	1647.84	128.602
lcl|NC_052679.1_mrna_XM_039458590.1_31560	5450	5251	17.6015	0.941505
lcl|NC_052679.1_mrna_XM_011171652.3_31561	2610	2411	279	32.5029
lcl|NC_052679.1_mrna_XM_011171638.3_31562	2257	2058	24.6227	3.36052
lcl|NC_052679.1_mrna_XM_039458594.1_31563	2830	2631	1.37727	0.147033
lcl|NC_052679.1_mrna_XM_026132941.2_31564	2712	2513	5	0.558847
lcl|NC_052679.1_mrna_XM_011171606.3_31565	1636	1437	161.541	31.5748
lcl|NC_052679.1_mrna_XM_011171611.3_31566	1528	1329	75.4592	15.9479
lcl|NC_052679.1_mrna_XM_011171667.3_31567	2850	2651	12.2	1.2926
lcl|NC_052679.1_mrna_XM_011171663.3_31568	2850	2651	48.8	5.17042
lcl|NC_052679.1_mrna_XM_011171686.3_31569	3709	3510	37.7031	3.01707
lcl|NC_052679.1_mrna_XM_011171675.3_31570	3748	3549	0.000579559	4.58677e-05
lcl|NC_052679.1_mrna_XM_011171679.3_31571	3726	3527	0.296305	0.0235966
lcl|NC_052679.1_mrna_XM_011171689.3_31572	3432	3233	0	0
lcl|NC_052679.1_mrna_XM_011171695.3_31573	3408	3209	0	0
lcl|NC_052679.1_mrna_XM_011171707.3_31574	952	753	443	165.244
lcl|NC_052679.1_mrna_XM_011171713.3_31575	1106	907	35.8319	11.0963
lcl|NC_052679.1_mrna_XM_011171721.3_31576	1103	904	1326.17	412.046
lcl|NC_052679.1_mrna_XM_011171808.3_31577	3807	3608	434.622	33.8346
lcl|NC_052679.1_mrna_XM_011171833.3_31578	1808	1609	9.59736	1.67537
lcl|NC_052679.1_mrna_XM_011171826.3_31579	1774	1575	0	0
lcl|NC_052679.1_mrna_XM_011171817.3_31580	1880	1681	57.7804	9.65448
lcl|NC_052679.1_mrna_XM_011171735.3_31581	5179	4980	0	0
lcl|NC_052679.1_mrna_XM_011171752.3_31582	5123	4924	55.2797	3.15329
lcl|NC_052679.1_mrna_XM_011171743.3_31583	4872	4673	0	0
lcl|NC_052679.1_mrna_XM_039458591.1_31584	4953	4754	0	0
lcl|NC_052679.1_mrna_XM_011171771.3_31585	4815	4616	27.9766	1.70234
lcl|NC_052679.1_mrna_XM_011171780.3_31586	4639	4440	37.1422	2.34963
lcl|NC_052679.1_mrna_XM_026132993.2_31587	4503	4304	0	0
lcl|NC_052679.1_mrna_XM_039458592.1_31588	4820	4621	0	0
lcl|NC_052679.1_mrna_XM_011171858.3_31589	2248	2049	274	37.5599
lcl|NC_052679.1_mrna_XM_011171879.3_31590	2466	2267	533	66.0376
lcl|NC_052679.1_mrna_XM_011171871.2_31591	1393	1194	2	0.47048
lcl|NC_052679.1_mrna_XM_026132989.2_31592	3203	3004	212.58	19.8765
lcl|NC_052679.1_mrna_XM_026132991.2_31593	1705	1506	3631.08	677.214
lcl|NC_052679.1_mrna_XM_026132990.2_31594	2147	1948	51.3446	7.40323
lcl|NC_052679.1_mrna_XM_011159783.3_31595	1310	1111	2077.64	525.257
lcl|NC_052679.1_mrna_XM_039458605.1_31596	1306	1107	77.3606	19.6285
lcl|NC_052679.1_mrna_XM_011175948.3_31597	1045	846	1152	382.47
lcl|NC_052679.1_mrna_XM_011171887.3_31598	1681	1482	338	64.0596
lcl|NC_052679.1_mrna_XM_026132992.2_31599	2939	2740	52.1398	5.34483
lcl|NC_052679.1_ncrna_XR_005576465.1_31600	1340	1141	20.3779	5.01636
lcl|NC_052679.1_mrna_XM_039458287.1_31601	2129	1930	0	0
lcl|NC_052679.1_mrna_XM_039458288.1_31602	1649	1450	12.4824	2.41793
lcl|NC_052679.1_mrna_XM_011171910.3_31603	4742	4543	329.544	20.3745
lcl|NC_052679.1_mrna_XM_039458289.1_31604	4356	4157	53.4561	3.61187
lcl|NC_052679.1_mrna_XM_026132966.2_31605	2686	2487	1047.94	118.352
lcl|NC_052679.1_mrna_XM_026132967.2_31606	2592	2393	246.061	28.8813
lcl|NC_052679.1_mrna_XM_039458344.1_31607	4644	4445	0	0
lcl|NC_052679.1_mrna_XM_011171920.3_31608	5236	5037	101.167	5.64136
lcl|NC_052679.1_mrna_XM_011171926.3_31609	4969	4770	38.6033	2.27312
lcl|NC_052679.1_mrna_XM_039458343.1_31610	4862	4663	0.000472954	2.84885e-05
lcl|NC_052679.1_mrna_XM_011171930.3_31611	4852	4653	4.35997e-05	2.63188e-06
lcl|NC_052679.1_mrna_XM_011171935.3_31612	4852	4653	17.229	1.04002
lcl|NC_052679.1_mrna_XM_039458342.1_31613	4856	4657	0	0
lcl|NC_052679.1_mrna_XM_011171942.3_31614	5476	5277	4.57622	0.243577
lcl|NC_052679.1_mrna_XM_026133021.2_31615	6661	6462	29.5157	1.28293
lcl|NC_052679.1_mrna_XM_026133022.2_31616	6109	5910	9.90807	0.470888
lcl|NC_052679.1_mrna_XM_011171949.3_31617	2937	2738	813	83.4013
lcl|NC_052679.1_miscrna_XR_005576480.1_31618	764	565	0.00323608	0.00160874
lcl|NC_052679.1_mrna_XM_026133023.2_31619	664	465	29.8486	18.0296
lcl|NC_052679.1_mrna_XM_011171974.3_31620	749	550	106.807	54.545
lcl|NC_052679.1_mrna_XM_011171966.3_31621	649	450	93.3407	58.2605
lcl|NC_052679.1_mrna_XM_039458341.1_31622	9688	9489	263.742	7.80683
lcl|NC_052679.1_mrna_XM_011171958.3_31623	9635	9436	0.257782	0.00767326
lcl|NC_052679.1_mrna_XM_011171983.3_31624	1047	848	540.543	179.04
lcl|NC_052679.1_mrna_XM_039458350.1_31625	1037	838	11.4565	3.83995
lcl|NC_052679.1_mrna_XM_039458213.1_31626	2359	2160	1	0.130036
lcl|NC_052679.1_mrna_XM_039458349.1_31627	6279	6080	30.4438	1.40641
lcl|NC_052679.1_mrna_XM_039458348.1_31628	6282	6083	18.5618	0.857072
lcl|NC_052679.1_mrna_XM_039458347.1_31629	6371	6172	8.74167e-06	3.97818e-07
lcl|NC_052679.1_mrna_XM_026132982.2_31630	6748	6549	0	0
lcl|NC_052679.1_mrna_XM_026132980.2_31631	6751	6552	0	0
lcl|NC_052679.1_mrna_XM_039458346.1_31632	6840	6641	0	0
lcl|NC_052679.1_mrna_XM_026132981.2_31633	7080	6881	0	0
lcl|NC_052679.1_mrna_XM_039458352.1_31634	5587	5388	73.0981	3.81061
lcl|NC_052679.1_mrna_XM_026132979.2_31635	4757	4558	544.902	33.5784
lcl|NC_052679.1_mrna_XM_011172008.3_31636	2138	1939	792.444	114.791
lcl|NC_052679.1_mrna_XM_039458354.1_31637	4456	4257	117.891	7.77845
lcl|NC_052679.1_mrna_XM_011172000.3_31638	3883	3684	199.665	15.2229
lcl|NC_052679.1_mrna_XM_026132985.2_31639	3904	3705	0	0
lcl|NC_052679.1_mrna_XM_011171996.3_31640	3888	3689	0	0
lcl|NC_052679.1_mrna_XM_039458214.1_31641	1989	1790	1	0.156914
lcl|NC_052679.1_mrna_XM_011173226.3_31642	7499	7300	5	0.192381
lcl|NC_052679.1_mrna_XM_039458358.1_31643	10951	10752	2.1155e-07	5.52636e-09
lcl|NC_052679.1_mrna_XM_039458359.1_31644	10896	10697	3.62539e-05	9.51937e-07
lcl|NC_052679.1_mrna_XM_039458357.1_31645	10752	10553	29.0449	0.773054
lcl|NC_052679.1_mrna_XM_026133004.2_31646	8572	8373	33.6358	1.12833
lcl|NC_052679.1_mrna_XM_039458356.1_31647	9311	9112	0	0
lcl|NC_052679.1_mrna_XM_011172037.3_31648	9167	8968	0	0
lcl|NC_052679.1_mrna_XM_039458360.1_31649	4301	4102	15.3561	1.05148
lcl|NC_052679.1_mrna_XM_011172055.3_31650	12764	12565	0	0
lcl|NC_052679.1_mrna_XM_039458355.1_31651	5546	5347	7.84237	0.411958
lcl|NC_052679.1_mrna_XM_011172122.3_31652	2995	2796	15.8652	1.59376
lcl|NC_052679.1_mrna_XM_026133001.2_31653	1744	1545	37.2925	6.77966
lcl|NC_052679.1_mrna_XM_039458361.1_31654	1264	1065	7	1.84614
lcl|NC_052679.1_mrna_XM_011172092.3_31655	1194	995	8	2.25831
lcl|NC_052679.1_mrna_XM_011172083.3_31656	2171	1972	10	1.42432
lcl|NC_052679.1_mrna_XM_011172071.3_31657	1097	898	190	59.4283
lcl|NC_052679.1_mrna_XM_011172151.3_31658	3255	3056	118.238	10.8673
lcl|NC_052679.1_mrna_XM_026133000.2_31659	2583	2384	133.762	15.7595
lcl|NC_052679.1_mrna_XM_039458363.1_31660	1351	1152	0	0
lcl|NC_052679.1_mrna_XM_011172172.3_31661	2323	2124	10.9844	1.45257
lcl|NC_052679.1_mrna_XM_039458362.1_31662	2337	2138	0.0151018	0.00198398
lcl|NC_052679.1_mrna_XM_011172167.3_31663	2912	2713	0	0
lcl|NC_052679.1_mrna_XM_026132999.2_31664	4574	4375	33.5657	2.15493
lcl|NC_052679.1_mrna_XM_039458353.1_31665	4593	4394	0.434765	0.0277914
lcl|NC_052679.1_mrna_XM_011172217.3_31666	2776	2577	279	30.4092
lcl|NC_052679.1_mrna_XM_011172187.3_31667	2618	2419	153.803	17.8585
lcl|NC_052679.1_mrna_XM_011172193.3_31668	2328	2129	844.954	111.474
lcl|NC_052679.1_mrna_XM_039458364.1_31669	2390	2191	37.6087	4.82128
lcl|NC_052679.1_mrna_XM_026133008.2_31670	1069	870	6	1.93708
lcl|NC_052679.1_mrna_XM_039458555.1_31671	1270	1071	0.00907151	0.00237906
lcl|NC_052679.1_mrna_XM_039458554.1_31672	1346	1147	0	0
lcl|NC_052679.1_mrna_XM_039458552.1_31673	1360	1161	0	0
lcl|NC_052679.1_mrna_XM_026133007.2_31674	1265	1066	0.990928	0.261096
lcl|NC_052679.1_mrna_XM_011172245.3_31675	937	738	0	0
lcl|NC_052679.1_mrna_XM_011172254.3_31676	1125	926	328	99.4898
lcl|NC_052679.1_mrna_XM_039458835.1_31677	7385	7186	89.6018	3.50223
lcl|NC_052679.1_mrna_XM_026132996.2_31678	7445	7246	427.398	16.5672
lcl|NC_052679.1_mrna_XM_026132997.2_31679	7569	7370	2.34701e-06	8.94465e-08
lcl|NC_052679.1_mrna_XM_011172259.3_31680	3399	3200	45	3.94983
lcl|NC_052679.1_mrna_XM_011172298.3_31681	1499	1300	205.545	44.4098
lcl|NC_052679.1_mrna_XM_011172293.3_31682	1493	1294	316.455	68.6901
lcl|NC_052679.1_mrna_XM_039458846.1_31683	3133	2934	0	0
lcl|NC_052679.1_mrna_XM_039458849.1_31684	2947	2748	0	0
lcl|NC_052679.1_mrna_XM_026133018.2_31685	2623	2424	0	0
lcl|NC_052679.1_mrna_XM_039458848.1_31686	3112	2913	0	0
lcl|NC_052679.1_mrna_XM_026133015.2_31687	2460	2261	0	0
lcl|NC_052679.1_mrna_XM_039458850.1_31688	3078	2879	0	0
lcl|NC_052679.1_mrna_XM_026133017.2_31689	3126	2927	0	0
lcl|NC_052679.1_mrna_XM_011172312.3_31690	2453	2254	0	0
lcl|NC_052679.1_mrna_XM_039458851.1_31691	2439	2240	0	0
lcl|NC_052679.1_mrna_XM_039458847.1_31692	5314	5115	3.01113	0.165348
lcl|NC_052679.1_mrna_XM_039458852.1_31693	4217	4018	3.49377	0.244231
lcl|NC_052679.1_mrna_XM_039458853.1_31694	2408	2209	4.49536	0.57159
lcl|NC_052679.1_mrna_XM_026133019.2_31695	3036	2837	2	0.19801
lcl|NC_052679.1_mrna_XM_039458840.1_31696	3594	3395	235.132	19.4531
lcl|NC_052679.1_mrna_XM_039458845.1_31697	2998	2799	182.508	18.3145
lcl|NC_052679.1_mrna_XM_039458842.1_31698	3373	3174	0	0
lcl|NC_052679.1_mrna_XM_026133014.2_31699	3404	3205	19.3598	1.69664
lcl|NC_052679.1_mrna_XM_039458841.1_31700	3380	3181	0	0
lcl|NC_052679.1_mrna_XM_039458844.1_31701	3149	2950	0	0
lcl|NC_052679.1_mrna_XM_039458843.1_31702	3233	3034	0	0
lcl|NC_052679.1_mrna_XM_039458854.1_31703	2125	1926	378.474	55.1944
lcl|NC_052679.1_mrna_XM_011172346.3_31704	1898	1699	0	0
lcl|NC_052679.1_mrna_XM_011172341.3_31705	1900	1701	10.4807	1.73062
lcl|NC_052679.1_mrna_XM_011172334.3_31706	1985	1786	61.0454	9.60036
lcl|NC_052679.1_mrna_XM_011172370.3_31707	4978	4779	8.79008e-08	5.1662e-09
lcl|NC_052679.1_mrna_XM_039458838.1_31708	5621	5422	62.9764	3.26238
lcl|NC_052679.1_mrna_XM_039458839.1_31709	5450	5251	0	0
lcl|NC_052679.1_mrna_XM_026133012.2_31710	5025	4826	52.0236	3.02781
lcl|NC_052679.1_mrna_XM_039458837.1_31711	5180	4981	0	0
lcl|NC_052679.1_mrna_XM_011172380.3_31712	2597	2398	1543	180.731
lcl|NC_052679.1_mrna_XM_011172398.3_31713	2567	2368	474	56.2228
lcl|NC_052679.1_mrna_XM_011172387.3_31714	2534	2335	354	42.5826
lcl|NC_052679.1_mrna_XM_011172411.3_31715	2617	2418	333	38.6815
lcl|NC_052679.1_mrna_XM_011172424.3_31716	678	479	401	235.139
lcl|NC_052679.1_mrna_XM_011172437.2_31717	1015	816	1667	573.801
lcl|NC_052679.1_mrna_XM_011172448.3_31718	2379	2180	10	1.28843
lcl|NC_052679.1_mrna_XM_011172461.3_31719	811	612	462	212.034
lcl|NC_052679.1_mrna_XM_011172495.3_31720	7007	6808	36.5692	1.50873
lcl|NC_052679.1_mrna_XM_026132948.2_31721	8724	8525	0	0
lcl|NC_052679.1_mrna_XM_011172483.2_31722	3202	3003	0	0
lcl|NC_052679.1_mrna_XM_011172472.2_31723	2949	2750	0	0
lcl|NC_052679.1_ncrna_XR_005576563.1_31724	994	795	9	3.17974
lcl|NC_052679.1_mrna_XM_026132949.2_31725	6497	6298	6.43084	0.286801
lcl|NC_052679.1_mrna_XM_039458223.1_31726	1088	889	0	0
lcl|NC_052679.1_mrna_XM_011172519.3_31727	3316	3117	163	14.6881
lcl|NC_052679.1_mrna_XM_039459166.1_31728	6471	6272	347.687	15.5703
lcl|NC_052679.1_mrna_XM_039459164.1_31729	6859	6660	0	0
lcl|NC_052679.1_mrna_XM_026132953.2_31730	6621	6422	405.486	17.7346
lcl|NC_052679.1_miscrna_XR_005576625.1_31731	6813	6614	6.17566	0.262262
lcl|NC_052679.1_mrna_XM_039459162.1_31732	6796	6597	0	0
lcl|NC_052679.1_mrna_XM_039459161.1_31733	6823	6624	0	0
lcl|NC_052679.1_mrna_XM_039459163.1_31734	6786	6587	90.0508	3.83986
lcl|NC_052679.1_mrna_XM_039459167.1_31735	6446	6247	21.6012	0.97123
lcl|NC_052679.1_mrna_XM_039459165.1_31736	6589	6390	0	0
lcl|NC_052679.1_mrna_XM_011172546.3_31737	2421	2222	859	108.584
lcl|NC_052679.1_ncrna_XR_003268501.2_31738	193	14.3155	0	0
lcl|NC_052679.1_mrna_XM_011172560.3_31739	3012	2813	1570.96	156.86
lcl|NC_052679.1_mrna_XM_011172556.3_31740	3000	2801	97.7471	9.80182
lcl|NC_052679.1_mrna_XM_039459168.1_31741	1662	1463	50.7071	9.7351
lcl|NC_052679.1_mrna_XM_026132969.2_31742	1475	1276	0	0
lcl|NC_052679.1_mrna_XM_026132968.2_31743	1549	1350	0	0
lcl|NC_052679.1_mrna_XM_011172568.3_31744	1462	1263	659.044	146.564
lcl|NC_052679.1_mrna_XM_011172583.3_31745	2153	1954	693.541	99.6927
lcl|NC_052679.1_mrna_XM_011172593.3_31746	1963	1764	662	105.408
lcl|NC_052679.1_mrna_XM_011172603.3_31747	4043	3844	247	18.048
lcl|NC_052679.1_mrna_XM_011172616.3_31748	1069	870	115	37.1274
lcl|NC_052679.1_mrna_XM_039458259.1_31749	1106	907	0	0
lcl|NC_052679.1_mrna_XM_011172628.3_31750	2480	2281	1	0.123138
lcl|NC_052679.1_mrna_XM_026132946.2_31751	4363	4164	38	2.56324
lcl|NC_052679.1_mrna_XM_011172652.3_31752	3328	3129	4.09099	0.36723
lcl|NC_052679.1_mrna_XM_011172665.3_31753	1956	1757	117	18.7038
lcl|NC_052679.1_ncrna_XR_005576621.1_31754	5369	5170	22	1.19522
lcl|NC_052679.1_mrna_XM_011172676.3_31755	2056	1857	520	78.6515
lcl|NC_052679.1_mrna_XM_011172697.3_31756	3416	3217	330.886	28.8897
lcl|NC_052679.1_mrna_XM_011172704.3_31757	1930	1731	165.114	26.7918
lcl|NC_052679.1_ncrna_XR_005576620.1_31758	1447	1248	0	0
lcl|NC_052679.1_mrna_XM_026132960.2_31759	4327	4128	2	0.136084
lcl|NC_052679.1_mrna_XM_039459144.1_31760	4970	4771	0	0
lcl|NC_052679.1_mrna_XM_011172729.3_31761	4830	4631	49	2.97192
lcl|NC_052679.1_mrna_XM_011172740.3_31762	1509	1310	65	13.9366
lcl|NC_052679.1_mrna_XM_011172752.3_31763	4666	4467	298	18.7377
lcl|NC_052679.1_mrna_XM_011172765.3_31764	1533	1334	4708	991.28
lcl|NC_052679.1_mrna_XM_039458423.1_31765	6117	5918	0.00378581	0.00017968
lcl|NC_052679.1_mrna_XM_011172783.3_31766	6120	5921	100.996	4.791
lcl|NC_052679.1_mrna_XM_011173253.3_31767	1956	1757	7	1.11903
lcl|NC_052679.1_mrna_XM_026132970.2_31768	1959	1760	407.267	64.9954
lcl|NC_052679.1_mrna_XM_039458536.1_31769	1899	1700	884.733	146.177
lcl|NC_052679.1_ncrna_XR_005576460.1_31770	1237	1038	4	1.08238
lcl|NC_052679.1_mrna_XM_011172807.3_31771	2618	2419	46.7274	5.42564
lcl|NC_052679.1_ncrna_XR_003268498.2_31772	1583	1384	1.27264	0.258277
lcl|NC_052679.1_mrna_XM_026132944.2_31773	7169	6970	208	8.38197
lcl|NC_052679.1_mrna_XM_011172822.3_31774	1284	1085	1476	382.096
lcl|NC_052679.1_mrna_XM_011172844.3_31775	1202	1003	828	231.87
lcl|NC_052679.1_mrna_XM_011172837.3_31776	680	481	65.6323	38.3255
lcl|NC_052679.1_mrna_XM_011172830.3_31777	761	562	207.368	103.638
lcl|NC_052679.1_mrna_XM_011172866.3_31778	3765	3566	0	0
lcl|NC_052679.1_mrna_XM_026132974.2_31779	3691	3492	0	0
lcl|NC_052679.1_mrna_XM_011172862.3_31780	3761	3562	77.5146	6.11231
lcl|NC_052679.1_mrna_XM_011172856.3_31781	3774	3575	102.235	8.0323
lcl|NC_052679.1_mrna_XM_026132973.2_31782	3654	3455	34.2503	2.7844
lcl|NC_052679.1_mrna_XM_039458250.1_31783	3173	2974	0	0
lcl|NC_052679.1_ncrna_XR_005576459.1_31784	1094	895	74.1307	23.2643
lcl|NC_052679.1_mrna_XM_039458251.1_31785	1796	1597	0	0
lcl|NC_052679.1_mrna_XM_026132978.2_31786	1892	1693	7	1.16133
lcl|NC_052679.1_mrna_XM_011172876.3_31787	5007	4808	88.7815	5.18649
lcl|NC_052679.1_mrna_XM_011172881.3_31788	4920	4721	0.462219	0.0274998
lcl|NC_052679.1_mrna_XM_026132976.2_31789	4878	4679	0.0697146	0.00418491
lcl|NC_052679.1_mrna_XM_026132977.2_31790	4791	4592	111.687	6.83148
lcl|NC_052679.1_mrna_XM_011172904.3_31791	6402	6203	0	0
lcl|NC_052679.1_mrna_XM_011172913.3_31792	6270	6071	78	3.60869
lcl|NC_052679.1_mrna_XM_011172893.3_31793	6474	6275	0	0
lcl|NC_052679.1_mrna_XM_011172926.3_31794	6121	5922	3	0.142288
lcl|NC_052679.1_mrna_XM_026140514.2_31795	1418	1219	75.8076	17.4673
lcl|NC_052679.1_mrna_XM_011163314.3_31796	1492	1293	144.329	31.3525
lcl|NC_052679.1_mrna_XM_011163313.3_31797	1507	1308	712.863	153.078
lcl|NC_052679.1_mrna_XM_011172935.3_31798	7371	7172	156	6.10942
lcl|NC_052679.1_mrna_XM_011172997.3_31799	1963	1764	936	149.037
lcl|NC_052679.1_mrna_XM_011172974.3_31800	2597	2398	541.683	63.4471
lcl|NC_052679.1_mrna_XM_026140516.2_31801	3210	3011	1.33258e-05	1.24308e-06
lcl|NC_052679.1_mrna_XM_026140515.2_31802	3322	3123	51.6382	4.64424
lcl|NC_052679.1_mrna_XM_039458256.1_31803	2799	2600	25.2219	2.72471
lcl|NC_052679.1_mrna_XM_039458254.1_31804	2741	2542	0	0
lcl|NC_052679.1_mrna_XM_039458255.1_31805	2501	2302	188.819	23.0386
lcl|NC_052679.1_mrna_XM_011172945.3_31806	3803	3604	2.76805	0.215727
lcl|NC_052679.1_mrna_XM_011172951.3_31807	2926	2727	0	0
lcl|NC_052679.1_mrna_XM_011172966.3_31808	2609	2410	80.2808	9.35644
lcl|NC_052679.1_mrna_XM_026140517.2_31809	3167	2968	74.5892	7.05875
lcl|NC_052679.1_mrna_XM_026140519.2_31810	1906	1707	697	114.687
lcl|NC_052679.1_mrna_XM_039458642.1_31811	1021	822	0	0
lcl|NC_052679.1_miscrna_XR_005576543.1_31812	723	524	0	0
lcl|NC_052679.1_mrna_XM_039458643.1_31813	704	505	3.7943	2.11036
lcl|NC_052679.1_mrna_XM_011173970.3_31814	1962	1763	5	0.796587
lcl|NC_052679.1_mrna_XM_011173973.3_31815	1421	1222	567	130.325
lcl|NC_052679.1_mrna_XM_011173972.2_31816	862	663	433	183.438
lcl|NC_052679.1_mrna_XM_011173979.3_31817	2314	2115	201.452	26.7533
lcl|NC_052679.1_mrna_XM_011173978.3_31818	2422	2223	706.548	89.2726
lcl|NC_052679.1_mrna_XM_026137487.2_31819	1726	1527	631.228	116.108
lcl|NC_052679.1_mrna_XM_011173975.3_31820	3818	3619	15.772	1.22409
lcl|NC_052679.1_mrna_XM_039458540.1_31821	5984	5785	0	0
lcl|NC_052679.1_mrna_XM_039458541.1_31822	5794	5595	19.086	0.958143
lcl|NC_052679.1_mrna_XM_039458538.1_31823	5856	5657	0	0
lcl|NC_052679.1_mrna_XM_039458539.1_31824	5324	5125	136.928	7.50437
lcl|NC_052679.1_mrna_XM_011173980.3_31825	2079	1880	706	105.478
lcl|NC_052679.1_mrna_XM_039458544.1_31826	1900	1701	7.14624e-07	1.18002e-07
lcl|NC_052679.1_mrna_XM_026137494.2_31827	1798	1599	330.107	57.9859
lcl|NC_052679.1_ncrna_XR_005576517.1_31828	2381	2182	39.7826	5.12099
lcl|NC_052679.1_mrna_XM_039458545.1_31829	2465	2266	5.11007	0.633407
lcl|NC_052679.1_mrna_XM_026137517.2_31830	1967	1768	149.145	23.6942
lcl|NC_052679.1_ncrna_XR_005576519.1_31831	2728	2529	5.31606	0.590414
lcl|NC_052679.1_mrna_XM_011162822.3_31832	1666	1467	174	33.3146
lcl|NC_052679.1_ncrna_XR_003268998.2_31833	1412	1213	0	0
lcl|NC_052679.1_mrna_XM_026137498.2_31834	1169	970	28	8.10778
lcl|NC_052679.1_mrna_XM_011173984.3_31835	1506	1307	318.398	68.4244
lcl|NC_052679.1_mrna_XM_011173985.3_31836	1446	1247	105.602	23.7859
lcl|NC_052679.1_mrna_XM_011173987.3_31837	3268	3069	0	0
lcl|NC_052679.1_mrna_XM_011173988.3_31838	3252	3053	0	0
lcl|NC_052679.1_mrna_XM_026137496.2_31839	3247	3048	45.6743	4.20894
lcl|NC_052679.1_mrna_XM_011173986.3_31840	3226	3027	132.376	12.2832
lcl|NC_052679.1_mrna_XM_026137497.2_31841	2482	2283	147.949	18.2022
lcl|NC_052679.1_mrna_XM_039458547.1_31842	6438	6239	14.8804	0.669906
lcl|NC_052679.1_mrna_XM_011173999.3_31843	10732	10533	0	0
lcl|NC_052679.1_mrna_XM_011173998.3_31844	10731	10532	0	0
lcl|NC_052679.1_mrna_XM_039458550.1_31845	6755	6556	0	0
lcl|NC_052679.1_mrna_XM_011173990.3_31846	6528	6329	150.262	6.66852
lcl|NC_052679.1_mrna_XM_011173996.3_31847	6528	6329	0	0
lcl|NC_052679.1_mrna_XM_011173995.3_31848	6527	6328	0	0
lcl|NC_052679.1_ncrna_XR_005576518.1_31849	1628	1429	0	0
lcl|NC_052679.1_mrna_XM_026137500.2_31850	6481	6282	0	0
lcl|NC_052679.1_mrna_XM_026137499.2_31851	6543	6344	0	0
lcl|NC_052679.1_mrna_XM_011174000.3_31852	1125	926	2286	693.395
lcl|NC_052679.1_mrna_XM_011174002.3_31853	3942	3743	603.588	45.2936
lcl|NC_052679.1_mrna_XM_011174003.3_31854	3566	3367	393.79	32.8501
lcl|NC_052679.1_mrna_XM_011174006.3_31855	6917	6718	81.7278	3.417
lcl|NC_052679.1_mrna_XM_039458649.1_31856	6959	6760	0	0
lcl|NC_052679.1_mrna_XM_026137485.2_31857	4871	4672	3.23549e-06	1.94515e-07
lcl|NC_052679.1_mrna_XM_026137486.2_31858	4873	4674	174.742	10.5008
lcl|NC_052679.1_mrna_XM_039458651.1_31859	5264	5065	0	0
lcl|NC_052679.1_mrna_XM_039458650.1_31860	5220	5021	0	0
lcl|NC_052679.1_mrna_XM_026137484.2_31861	5226	5027	0	0
lcl|NC_052679.1_mrna_XM_011174004.3_31862	5232	5033	108.976	6.08161
lcl|NC_052679.1_mrna_XM_026137481.2_31863	5274	5075	0	0
lcl|NC_052679.1_mrna_XM_026137482.2_31864	5160	4961	25.5547	1.44683
lcl|NC_052679.1_mrna_XM_011174010.3_31865	1132	933	13	3.91361
lcl|NC_052679.1_ncrna_XR_005576545.1_31866	3023	2824	4	0.397842
lcl|NC_052679.1_mrna_XM_039458647.1_31867	4974	4775	1.85071	0.108863
lcl|NC_052679.1_mrna_XM_026137506.2_31868	5087	4888	0	0
lcl|NC_052679.1_mrna_XM_026137507.2_31869	4986	4787	0.149286	0.00875931
lcl|NC_052679.1_mrna_XM_026137505.2_31870	5099	4900	0	0
lcl|NC_052679.1_mrna_XM_011174013.3_31871	2996	2797	550	55.2314
lcl|NC_052679.1_mrna_XM_026137511.2_31872	2271	2072	25.0051	3.38964
lcl|NC_052679.1_mrna_XM_011174015.3_31873	3237	3038	7196.99	665.394
lcl|NC_052679.1_mrna_XM_039458243.1_31874	4928	4729	960	57.0187
lcl|NC_052679.1_mrna_XM_011174020.3_31875	1466	1267	2136	473.522
lcl|NC_052679.1_mrna_XM_011174019.3_31876	793	594	569	269.055
lcl|NC_052679.1_mrna_XM_011174021.3_31877	1601	1402	229	45.8779
lcl|NC_052679.1_mrna_XM_026137504.2_31878	2217	2018	73	10.1606
lcl|NC_052679.1_mrna_XM_011174022.3_31879	1404	1205	628	146.382
lcl|NC_052679.1_ncrna_XR_851244.3_31880	2976	2777	52.6127	5.32145
lcl|NC_052679.1_mrna_XM_039458667.1_31881	4219	4020	0	0
lcl|NC_052679.1_mrna_XM_011174025.3_31882	2341	2142	0	0
lcl|NC_052679.1_mrna_XM_039458665.1_31883	2291	2092	18.3873	2.46873
lcl|NC_052679.1_mrna_XM_011174028.3_31884	6625	6426	114.655	5.01152
lcl|NC_052679.1_mrna_XM_011174027.3_31885	7330	7131	30.3447	1.19522
lcl|NC_052679.1_mrna_XM_039458662.1_31886	9346	9147	0	0
lcl|NC_052679.1_mrna_XM_011174026.3_31887	4698	4499	0	0
lcl|NC_052679.1_mrna_XM_011174032.3_31888	1864	1665	789.97	133.264
lcl|NC_052679.1_mrna_XM_039458664.1_31889	1838	1639	53.0297	9.08774
lcl|NC_052679.1_mrna_XM_011174031.3_31890	1901	1702	12	1.98033
lcl|NC_052679.1_mrna_XM_011174030.3_31891	956	757	65.8496	24.4328
lcl|NC_052679.1_mrna_XM_039458668.1_31892	1010	811	5.15041	1.78376
lcl|NC_052679.1_mrna_XM_011174029.3_31893	1695	1496	250.533	47.0381
lcl|NC_052679.1_mrna_XM_026137479.2_31894	2730	2531	7.10032	0.787955
lcl|NC_052679.1_ncrna_XR_003268995.2_31895	356	157	1.01478e-05	1.81546e-05
lcl|NC_052679.1_ncrna_XR_003268996.2_31896	354	155	3.89967	7.06663
lcl|NC_052679.1_ncrna_XR_005576544.1_31897	568	369	2	1.52237
lcl|NC_052679.1_mrna_XM_011174033.3_31898	1388	1189	3001	708.924
lcl|NC_052679.1_mrna_XM_039458660.1_31899	2775	2576	106.918	11.6579
lcl|NC_052679.1_mrna_XM_039458661.1_31900	2367	2168	43.5603	5.64348
lcl|NC_052679.1_mrna_XM_039458659.1_31901	4506	4307	149.521	9.75089
lcl|NC_052679.1_mrna_XM_011174038.3_31902	4773	4574	34.4929	2.11811
lcl|NC_052679.1_mrna_XM_011174039.3_31903	4728	4529	0.0648013	0.00401881
lcl|NC_052679.1_mrna_XM_026137518.2_31904	4768	4569	683.331	42.0074
lcl|NC_052679.1_mrna_XM_026137520.2_31905	2160	1961	13.7133	1.96417
lcl|NC_052679.1_mrna_XM_039458657.1_31906	1874	1675	5.47083	0.91739
lcl|NC_052679.1_mrna_XM_039458658.1_31907	1674	1475	4.09121	0.779068
lcl|NC_052679.1_mrna_XM_039458653.1_31908	2000	1801	0	0
lcl|NC_052679.1_mrna_XM_039458652.1_31909	2100	1901	0	0
lcl|NC_052679.1_mrna_XM_039458655.1_31910	3078	2879	26.6251	2.59755
lcl|NC_052679.1_mrna_XM_039458654.1_31911	2804	2605	0	0
lcl|NC_052679.1_mrna_XM_011174044.3_31912	2236	2037	0	0
lcl|NC_052679.1_mrna_XM_026137522.2_31913	2845	2646	9.21079	0.977739
lcl|NC_052679.1_mrna_XM_011174050.3_31914	5609	5410	13.0341	0.676704
lcl|NC_052679.1_mrna_XM_011174045.3_31915	5773	5574	233.966	11.7897
lcl|NC_052679.1_mrna_XM_011174052.3_31916	1281	1082	307.505	79.8254
lcl|NC_052679.1_mrna_XM_011174051.3_31917	1283	1084	1580.49	409.524
lcl|NC_052679.1_mrna_XM_011174054.3_31918	1526	1327	1079	228.384
lcl|NC_052679.1_trna_31919	73	3.5471	0	0
lcl|NC_052679.1_mrna_XM_026137512.2_31920	15812	15613	0	0
lcl|NC_052679.1_mrna_XM_026137514.2_31921	15725	15526	7.49611e-08	1.3561e-09
lcl|NC_052679.1_mrna_XM_039458949.1_31922	15559	15360	0	0
lcl|NC_052679.1_mrna_XM_026137516.2_31923	15412	15213	55.7297	1.02893
lcl|NC_052679.1_mrna_XM_011174055.3_31924	15802	15603	0	0
lcl|NC_052679.1_mrna_XM_026137515.2_31925	15765	15566	0	0
lcl|NC_052679.1_mrna_XM_039458948.1_31926	15756	15557	0	0
lcl|NC_052679.1_mrna_XM_039458950.1_31927	15586	15387	0.000619699	1.13121e-05
lcl|NC_052679.1_mrna_XM_039458951.1_31928	14353	14154	0.274386	0.00544502
lcl|NC_052679.1_ncrna_XR_005576582.1_31929	864	665	0	0
lcl|NC_052679.1_mrna_XM_039458953.1_31930	478	279	4	4.02691
lcl|NC_052679.1_mrna_XM_011174056.3_31931	4159	3960	399.991	28.3708
lcl|NC_052679.1_mrna_XM_039458952.1_31932	3701	3502	0.00874577	0.000701451
lcl|NC_052679.1_miscrna_XR_003269002.2_31933	753	554	0	0
lcl|NC_052679.1_miscrna_XR_003269001.2_31934	767	568	43.6923	21.6059
lcl|NC_052679.1_mrna_XM_011174059.3_31935	735	536	64.039	33.5579
lcl|NC_052679.1_mrna_XM_011174058.3_31936	689	490	478.31	274.176
lcl|NC_052679.1_mrna_XM_011174057.3_31937	480	281	40.9588	40.9408
lcl|NC_052679.1_mrna_XM_026137509.2_31938	2720	2521	0	0
lcl|NC_052679.1_mrna_XM_039458396.1_31939	2761	2562	0	0
lcl|NC_052679.1_mrna_XM_039458397.1_31940	2512	2313	0	0
lcl|NC_052679.1_mrna_XM_026137510.2_31941	2293	2094	37.6386	5.04862
lcl|NC_052679.1_mrna_XM_011174060.3_31942	2118	1919	575.964	84.3017
lcl|NC_052679.1_mrna_XM_011174061.3_31943	800	601	36.3971	17.0101
lcl|NC_052679.1_mrna_XM_011174063.3_31944	1833	1634	3759.71	646.277
lcl|NC_052679.1_mrna_XM_039458398.1_31945	1845	1646	62.2858	10.6286
lcl|NC_052679.1_mrna_XM_011166975.3_31946	1786	1587	198	35.0432
lcl|NC_052679.1_mrna_XM_011166976.3_31947	1690	1491	0	0
lcl|NC_052679.1_mrna_XM_026137286.2_31948	1239	1040	2	0.540148
lcl|NC_052679.1_miscrna_XR_005576524.1_31949	2396	2197	87.4075	11.1747
lcl|NC_052679.1_mrna_XM_039458569.1_31950	1466	1267	123.203	27.3125
lcl|NC_052679.1_mrna_XM_011174066.3_31951	1449	1250	255.389	57.3863
lcl|NC_052679.1_trna_31952	72	3.52559	0	0
lcl|NC_052679.1_mrna_XM_011174069.3_31953	4372	4173	517.703	34.8456
lcl|NC_052679.1_mrna_XM_026137277.2_31954	1828	1629	437.198	75.3829
lcl|NC_052679.1_mrna_XM_011174067.3_31955	1893	1694	140.834	23.3512
lcl|NC_052679.1_mrna_XM_011174068.3_31956	1820	1621	144.749	25.0812
lcl|NC_052679.1_mrna_XM_026137280.2_31957	1335	1136	102.647	25.3795
lcl|NC_052679.1_mrna_XM_011174071.3_31958	1336	1137	89.9233	22.214
lcl|NC_052679.1_mrna_XM_011174073.3_31959	1186	987	482.946	137.435
lcl|NC_052679.1_mrna_XM_011174079.3_31960	1905	1706	1246	205.142
lcl|NC_052679.1_mrna_XM_011174078.2_31961	3459	3260	414	35.6696
lcl|NC_052679.1_mrna_XM_039458570.1_31962	1911	1712	75.3288	12.3587
lcl|NC_052679.1_mrna_XM_011174077.3_31963	1845	1646	754.671	128.779
lcl|NC_052679.1_mrna_XM_011174080.3_31964	4524	4325	47.2176	3.06644
lcl|NC_052679.1_mrna_XM_039458568.1_31965	4416	4217	62.9612	4.19358
lcl|NC_052679.1_ncrna_XR_005576525.1_31966	4608	4409	3.5451e-08	2.25842e-09
lcl|NC_052679.1_ncrna_XR_005576527.1_31967	4520	4321	21.4649	1.39527
lcl|NC_052679.1_ncrna_XR_005576529.1_31968	4489	4290	0	0
lcl|NC_052679.1_ncrna_XR_005576526.1_31969	4327	4128	0.369589	0.0251475
lcl|NC_052679.1_ncrna_XR_005576528.1_31970	4121	3922	46.319	3.31717
lcl|NC_052679.1_mrna_XM_026137267.2_31971	8958	8759	0.00503772	0.000161546
lcl|NC_052679.1_mrna_XM_026137265.2_31972	8960	8761	105.663	3.38753
lcl|NC_052679.1_mrna_XM_026137266.2_31973	9047	8848	0	0
lcl|NC_052679.1_mrna_XM_011174085.3_31974	8368	8169	93.6598	3.22033
lcl|NC_052679.1_ncrna_XR_003268961.2_31975	2854	2655	6.34497	0.671245
lcl|NC_052679.1_mrna_XM_011174088.3_31976	4817	4618	269.994	16.4216
lcl|NC_052679.1_mrna_XM_026137269.2_31977	4811	4612	0.00633514	0.000385818
lcl|NC_052679.1_mrna_XM_039458572.1_31978	2177	1978	231.444	32.8651
lcl|NC_052679.1_mrna_XM_026137283.2_31979	2290	2091	314.574	42.2556
lcl|NC_052679.1_mrna_XM_011177699.3_31980	2301	2102	486.613	65.023
lcl|NC_052679.1_mrna_XM_011177690.3_31981	2286	2087	3201.37	430.853
lcl|NC_052679.1_mrna_XM_011159456.3_31982	416	217	365	472.442
lcl|NC_052679.1_mrna_XM_026137276.2_31983	2018	1819	1323.35	204.342
lcl|NC_052679.1_mrna_XM_026137275.2_31984	1958	1759	3268.65	521.937
lcl|NC_052679.1_ncrna_XR_003268963.2_31985	498	299	2	1.87877
lcl|NC_052679.1_mrna_XM_011174089.3_31986	1908	1709	11	1.80787
lcl|NC_052679.1_mrna_XM_011174090.3_31987	6139	5940	3.03547	0.143534
lcl|NC_052679.1_mrna_XM_011174091.3_31988	6128	5929	19.4821	0.922933
lcl|NC_052679.1_mrna_XM_026137287.2_31989	2971	2772	3.50398	0.355046
lcl|NC_052679.1_mrna_XM_011174093.3_31990	1012	813	45.042	15.5612
lcl|NC_052679.1_mrna_XM_011174092.3_31991	1032	833	381.958	128.791
lcl|NC_052679.1_mrna_XM_011172181.3_31992	824	625	10	4.49403
lcl|NC_052679.1_mrna_XM_026137299.2_31993	4483	4284	26.3569	1.72807
lcl|NC_052679.1_mrna_XM_026137297.2_31994	4528	4329	25.9291	1.68235
lcl|NC_052679.1_mrna_XM_026137300.2_31995	4461	4262	398.982	26.294
lcl|NC_052679.1_mrna_XM_026137298.2_31996	4506	4307	381.732	24.8943
lcl|NC_052679.1_mrna_XM_011174094.3_31997	494	295	219	208.515
lcl|NC_052679.1_mrna_XM_011174095.3_31998	1950	1751	876	140.519
lcl|NC_052679.1_mrna_XM_039458581.1_31999	1951	1752	0	0
lcl|NC_052679.1_mrna_XM_026137302.2_32000	2743	2544	805.668	88.9518
lcl|NC_052679.1_miscrna_XR_003268969.2_32001	3332	3133	10.5159	0.942758
lcl|NC_052679.1_miscrna_XR_005576530.1_32002	3329	3130	27.4884	2.46673
lcl|NC_052679.1_miscrna_XR_003268970.2_32003	3008	2809	72.7348	7.27287
lcl|NC_052679.1_mrna_XM_026137301.2_32004	1930	1731	7.59259	1.23199
lcl|NC_052679.1_mrna_XM_039458579.1_32005	1796	1597	0	0
lcl|NC_052679.1_mrna_XM_011174099.2_32006	1795	1596	159.844	28.1305
lcl|NC_052679.1_mrna_XM_011174100.3_32007	1646	1447	286.156	55.5457
lcl|NC_052679.1_mrna_XM_026137296.2_32008	2517	2318	0	0
lcl|NC_052679.1_mrna_XM_011174096.3_32009	2402	2203	8.2849	1.0563
lcl|NC_052679.1_mrna_XM_039458576.1_32010	2128	1929	16.8654	2.45573
lcl|NC_052679.1_mrna_XM_039458577.1_32011	1917	1718	0	0
lcl|NC_052679.1_mrna_XM_039458578.1_32012	1905	1706	10.8497	1.7863
lcl|NC_052679.1_mrna_XM_011174101.3_32013	4256	4057	72.1365	4.9942
lcl|NC_052679.1_mrna_XM_011174102.3_32014	4093	3894	1047	75.5208
lcl|NC_052679.1_mrna_XM_011174103.3_32015	3293	3094	87.1831	7.91458
lcl|NC_052679.1_mrna_XM_011174105.3_32016	5051	4852	52.8169	3.05751
lcl|NC_052679.1_mrna_XM_011174106.3_32017	3924	3725	565.307	42.6259
lcl|NC_052679.1_mrna_XM_011174108.3_32018	3905	3706	458.031	34.714
lcl|NC_052679.1_mrna_XM_011174109.3_32019	3884	3685	837.662	63.848
lcl|NC_052679.1_mrna_XM_026137290.2_32020	11259	11060	88	2.23482
lcl|NC_052679.1_miscrna_XR_005576500.1_32021	1368	1169	22.1962	5.3331
lcl|NC_052679.1_miscrna_XR_005576498.1_32022	1419	1220	0	0
lcl|NC_052679.1_miscrna_XR_005576499.1_32023	1316	1117	0	0
lcl|NC_052679.1_mrna_XM_026137294.2_32024	414	215	0	0
lcl|NC_052679.1_mrna_XM_026137293.2_32025	401	202	0	0
lcl|NC_052679.1_mrna_XM_011174113.3_32026	1210	1011	64.8038	18.0038
lcl|NC_052679.1_mrna_XM_039458427.1_32027	8779	8580	169.023	5.53317
lcl|NC_052679.1_mrna_XM_011174112.3_32028	8631	8432	16.0083	0.53325
lcl|NC_052679.1_mrna_XM_011174115.2_32029	949	750	1152	431.427
lcl|NC_052679.1_mrna_XM_011174119.3_32030	2274	2075	1468.96	198.841
lcl|NC_052679.1_mrna_XM_011174121.3_32031	2274	2075	395.488	53.5341
lcl|NC_052679.1_mrna_XM_011174118.3_32032	2251	2052	291.313	39.8748
lcl|NC_052679.1_mrna_XM_011174117.3_32033	2307	2108	401.244	53.463
lcl|NC_052679.1_miscrna_XR_851248.3_32034	3953	3754	132.764	9.93352
lcl|NC_052679.1_mrna_XM_011174123.3_32035	3674	3475	765.236	61.8523
lcl|NC_052679.1_mrna_XM_011174122.3_32036	625	426	0	0
lcl|NC_052679.1_mrna_XM_011174124.3_32037	1180	981	842	241.079
lcl|NC_052679.1_mrna_XM_039458425.1_32038	4117	3918	364	26.0947
lcl|NC_052679.1_mrna_XM_039458426.1_32039	4105	3906	0	0
lcl|NC_052679.1_mrna_XM_011174130.3_32040	1084	885	111.937	35.5259
lcl|NC_052679.1_mrna_XM_011174131.3_32041	831	632	22.615	10.0507
lcl|NC_052679.1_mrna_XM_011174136.3_32042	822	623	39.8574	17.9695
lcl|NC_052679.1_mrna_XM_011174132.3_32043	970	771	28.7329	10.4675
lcl|NC_052679.1_mrna_XM_011174133.3_32044	809	610	13.2636	6.10728
lcl|NC_052679.1_mrna_XM_011174135.3_32045	911	712	20.5942	8.1242
lcl|NC_052679.1_mrna_XM_011174134.3_32046	841	642	0	0
lcl|NC_052679.1_mrna_XM_039458429.1_32047	3116	2917	188.212	18.1229
lcl|NC_052679.1_mrna_XM_039458431.1_32048	2169	1970	23	3.27927
lcl|NC_052679.1_mrna_XM_011174126.3_32049	3257	3058	83.7876	7.69587
lcl|NC_052679.1_mrna_XM_011174125.3_32050	7536	7337	173	6.62283
lcl|NC_052679.1_mrna_XM_011174137.3_32051	2187	1988	213.636	30.1838
lcl|NC_052679.1_mrna_XM_011174139.3_32052	2210	2011	1493.32	208.572
lcl|NC_052679.1_mrna_XM_039458430.1_32053	2346	2147	55.0473	7.20145
lcl|NC_052679.1_mrna_XM_011174141.3_32054	2758	2559	959.94	105.363
lcl|NC_052679.1_mrna_XM_011174140.3_32055	2585	2386	683.06	80.4089
lcl|NC_052679.1_mrna_XM_011174142.3_32056	5894	5695	330.599	16.3051
lcl|NC_052679.1_mrna_XM_011174145.3_32057	5858	5659	0.00665209	0.000330168
lcl|NC_052679.1_mrna_XM_011174144.3_32058	5867	5668	337.21	16.7104
lcl|NC_052679.1_mrna_XM_011174143.3_32059	6197	5998	93.1026	4.35985
lcl|NC_052679.1_mrna_XM_039458433.1_32060	5896	5697	145.082	7.1529
lcl|NC_052679.1_mrna_XM_011174146.3_32061	3603	3404	891.721	73.5792
lcl|NC_052679.1_mrna_XM_026137271.2_32062	7027	6828	90.9317	3.74057
lcl|NC_052679.1_mrna_XM_026137270.2_32063	7051	6852	2.69341	0.110408
lcl|NC_052679.1_mrna_XM_011174149.3_32064	7041	6842	11.6544	0.478434
lcl|NC_052679.1_miscrna_XR_003268962.2_32065	5114	4915	0	0
lcl|NC_052679.1_mrna_XM_039458432.1_32066	4948	4749	0	0
lcl|NC_052679.1_miscrna_XR_851250.3_32067	4962	4763	0	0
lcl|NC_052679.1_ncrna_XR_851249.3_32068	1192	993	38	10.7486
lcl|NC_052679.1_mrna_XM_011174148.3_32069	727	528	1	0.531963
lcl|NC_052679.1_mrna_XM_011174151.3_32070	8634	8435	18	0.599381
lcl|NC_052679.1_mrna_XM_011174154.3_32071	8848	8649	0	0
lcl|NC_052679.1_mrna_XM_039458166.1_32072	8610	8411	0	0
lcl|NC_052679.1_mrna_XM_039458910.1_32073	6086	5887	2	0.0954227
lcl|NC_052679.1_mrna_XM_026137274.2_32074	7068	6869	275	11.2449
lcl|NC_052679.1_mrna_XM_039458923.1_32075	18535	18336	0	0
lcl|NC_052679.1_mrna_XM_039458922.1_32076	18210	18011	0.00017216	2.68479e-06
lcl|NC_052679.1_mrna_XM_039458925.1_32077	18024	17825	5.7246	0.0902051
lcl|NC_052679.1_mrna_XM_039458924.1_32078	18107	17908	0.0542182	0.000850381
lcl|NC_052679.1_mrna_XM_039458921.1_32079	18215	18016	0.000130324	2.0318e-06
lcl|NC_052679.1_mrna_XM_039458913.1_32080	25011	24812	0	0
lcl|NC_052679.1_mrna_XM_039458914.1_32081	25022	24823	0	0
lcl|NC_052679.1_mrna_XM_039458916.1_32082	21705	21506	6.28283	0.0820561
lcl|NC_052679.1_mrna_XM_039458915.1_32083	24249	24050	0	0
lcl|NC_052679.1_mrna_XM_039458912.1_32084	25021	24822	0	0
lcl|NC_052679.1_mrna_XM_039458927.1_32085	18289	18090	0.0623927	0.000968748
lcl|NC_052679.1_mrna_XM_039458926.1_32086	18288	18089	0.0659499	0.00102404
lcl|NC_052679.1_mrna_XM_039458931.1_32087	17473	17274	6.54536	0.106428
lcl|NC_052679.1_mrna_XM_039458930.1_32088	17528	17329	0.269901	0.00437469
lcl|NC_052679.1_mrna_XM_039458928.1_32089	16666	16467	0	0
lcl|NC_052679.1_mrna_XM_026137303.2_32090	16705	16506	0	0
lcl|NC_052679.1_mrna_XM_039458929.1_32091	17327	17128	0	0
lcl|NC_052679.1_mrna_XM_039458919.1_32092	11536	11337	0	0
lcl|NC_052679.1_mrna_XM_039458917.1_32093	11720	11521	0	0
lcl|NC_052679.1_mrna_XM_039458918.1_32094	11723	11524	0	0
lcl|NC_052679.1_mrna_XM_039458920.1_32095	14666	14467	0	0
lcl|NC_052679.1_mrna_XM_011174165.3_32096	2244	2045	1317	180.887
lcl|NC_052679.1_mrna_XM_011176704.3_32097	1701	1502	26.8827	5.02712
lcl|NC_052679.1_mrna_XM_039458582.1_32098	1408	1209	2	0.464643
lcl|NC_052679.1_mrna_XM_039458585.1_32099	1105	906	118.678	36.7924
lcl|NC_052679.1_mrna_XM_039458584.1_32100	1145	946	0	0
lcl|NC_052679.1_mrna_XM_039458583.1_32101	1546	1347	62.2031	12.9706
lcl|NC_052679.1_ncrna_XR_005576531.1_32102	576	377	0	0
lcl|NC_052679.1_mrna_XM_039458680.1_32103	536	337	0	0
lcl|NC_052679.1_mrna_XM_039458609.1_32104	1393	1194	5.53003	1.30089
lcl|NC_052679.1_mrna_XM_039458608.1_32105	1408	1209	1	0.232322
lcl|NC_052679.1_mrna_XM_039458606.1_32106	996	797	0	0
lcl|NC_052679.1_mrna_XM_039458503.1_32107	3326	3127	13.6792	1.22871
lcl|NC_052679.1_mrna_XM_039458502.1_32108	3674	3475	30.1338	2.43565
lcl|NC_052679.1_mrna_XM_039458505.1_32109	3209	3010	0	0
lcl|NC_052679.1_mrna_XM_039458504.1_32110	3913	3714	3.5522	0.268641
lcl|NC_052679.1_mrna_XM_039458501.1_32111	4000	3801	0	0
lcl|NC_052679.1_mrna_XM_026141738.1_32112	735	536	0	0
lcl|NC_052679.1_mrna_XM_039458249.1_32113	774	575	0	0
lcl|NC_052679.1_mrna_XM_026136610.2_32114	1110	911	0	0
lcl|NC_052679.1_mrna_XM_026140674.2_32115	1246	1047	1	0.268268
lcl|NC_052679.1_mrna_XM_039458834.1_32116	2304	2105	1	0.133433
lcl|NC_052679.1_mrna_XM_039458530.1_32117	3639	3440	0	0
lcl|NC_052679.1_mrna_XM_039458529.1_32118	2473	2274	2	0.247033
lcl|NC_052679.1_mrna_XM_039458533.1_32119	712	513	0	0
lcl|NC_052679.1_ncrna_XR_005576505.1_32120	2505	2306	9.46997	1.15347
lcl|NC_052679.1_mrna_XM_039458531.1_32121	745	546	0	0
lcl|NC_052679.1_mrna_XM_026140009.2_32122	7682	7483	3.40194	0.127693
lcl|NC_052679.1_mrna_XM_026140010.2_32123	7659	7460	74.5857	2.80823
lcl|NC_052679.1_mrna_XM_026140008.2_32124	7724	7525	0.0124072	0.000463111
lcl|NC_052679.1_mrna_XM_011173281.2_32125	1396	1197	1457.81	342.076
lcl|NC_052679.1_mrna_XM_011173282.3_32126	1500	1301	99.1914	21.4147
lcl|NC_052679.1_mrna_XM_011173280.3_32127	1856	1657	20.0991	3.40699
lcl|NC_052679.1_mrna_XM_026140011.2_32128	1922	1723	11.6073	1.89217
lcl|NC_052679.1_mrna_XM_011173279.3_32129	1858	1659	39.2936	6.65259
lcl|NC_052679.1_mrna_XM_011173283.3_32130	2411	2212	282.154	35.8275
lcl|NC_052679.1_mrna_XM_026140013.2_32131	2449	2250	79.3762	9.90885
lcl|NC_052679.1_mrna_XM_039459151.1_32132	2351	2152	185.47	24.2073
lcl|NC_052679.1_mrna_XM_011173284.3_32133	1225	1026	855	234.064
lcl|NC_052679.1_mrna_XM_011173290.3_32134	1781	1582	0	0
lcl|NC_052679.1_mrna_XM_011173289.3_32135	1785	1586	152	26.9188
lcl|NC_052679.1_mrna_XM_011173287.3_32136	1845	1646	336.143	57.36
lcl|NC_052679.1_mrna_XM_011173285.3_32137	1866	1667	428.857	72.2592
lcl|NC_052679.1_mrna_XM_026140015.2_32138	2832	2633	4.12435	0.439968
lcl|NC_052679.1_ncrna_XR_005576622.1_32139	1457	1258	13.8756	3.09805
lcl|NC_052679.1_mrna_XM_011173291.3_32140	638	439	1210	774.17
lcl|NC_052679.1_mrna_XM_011173295.3_32141	1287	1088	132	34.077
lcl|NC_052679.1_mrna_XM_011173293.3_32142	3863	3664	520.153	39.8741
lcl|NC_052679.1_mrna_XM_026140018.2_32143	2086	1887	543.173	80.8503
lcl|NC_052679.1_mrna_XM_026140016.2_32144	1356	1157	445.625	108.181
lcl|NC_052679.1_mrna_XM_039459152.1_32145	868	669	75.7335	31.7964
lcl|NC_052679.1_mrna_XM_039459153.1_32146	1299	1100	0	0
lcl|NC_052679.1_mrna_XM_039458911.1_32147	710	511	0	0
lcl|NC_052679.1_miscrna_XR_005576522.1_32148	1977	1778	7.9156	1.25045
lcl|NC_052679.1_miscrna_XR_005576521.1_32149	1982	1783	0.473411	0.0745767
lcl|NC_052679.1_miscrna_XR_005576520.1_32150	2060	1861	0	0
lcl|NC_052679.1_mrna_XM_039458556.1_32151	1089	890	4.48317	1.41485
lcl|NC_052679.1_mrna_XM_039458557.1_32152	2797	2598	1.12782	0.121932
lcl|NC_052679.1_mrna_XM_039458612.1_32153	1364	1165	145.611	35.1061
lcl|NC_052679.1_mrna_XM_026139321.2_32154	1300	1101	601.705	153.501
lcl|NC_052679.1_mrna_XM_011157222.3_32155	2432	2233	44.3274	5.5757
lcl|NC_052679.1_mrna_XM_011157223.3_32156	2424	2225	2926.67	369.454
lcl|NC_052679.1_mrna_XM_039458611.1_32157	1588	1389	120.288	24.3241
lcl|NC_052679.1_mrna_XM_011157226.3_32158	1387	1188	449.567	106.29
lcl|NC_052679.1_mrna_XM_011157225.3_32159	1469	1270	141.485	31.2912
lcl|NC_052679.1_mrna_XM_011157224.3_32160	1473	1274	280.619	61.8676
lcl|NC_052679.1_mrna_XM_039458610.1_32161	2614	2415	21.2103	2.46686
lcl|NC_052679.1_mrna_XM_026139322.2_32162	1980	1781	4.96101	0.782387
lcl|NC_052679.1_mrna_XM_011157227.3_32163	3809	3610	297	23.1081
lcl|NC_052679.1_mrna_XM_011157232.3_32164	780	581	12.3123	5.95219
lcl|NC_052679.1_mrna_XM_011157233.3_32165	756	557	0	0
lcl|NC_052679.1_mrna_XM_011157231.3_32166	691	492	17.3119	9.88313
lcl|NC_052679.1_mrna_XM_011157230.3_32167	758	559	58.4538	29.3709
lcl|NC_052679.1_mrna_XM_011157228.3_32168	1354	1155	613.408	149.171
lcl|NC_052679.1_mrna_XM_011157229.3_32169	1402	1203	36.514	8.52529
lcl|NC_052679.1_mrna_XM_011157235.3_32170	4638	4439	1109	70.1717
lcl|NC_052679.1_mrna_XM_039458620.1_32171	4605	4406	3.712e-05	2.36635e-06
lcl|NC_052679.1_mrna_XM_026139310.2_32172	9112	8913	162.886	5.13305
lcl|NC_052679.1_mrna_XM_026139311.2_32173	10420	10221	109.399	3.00633
lcl|NC_052679.1_mrna_XM_011173897.3_32174	4843	4644	2.44273	0.14774
lcl|NC_052679.1_mrna_XM_026139309.2_32175	2494	2295	14.3153	1.752
lcl|NC_052679.1_mrna_XM_011173898.3_32176	2465	2266	0	0
lcl|NC_052679.1_mrna_XM_011173900.3_32177	1782	1583	1207	214.162
lcl|NC_052679.1_mrna_XM_011173903.3_32178	1393	1194	334	78.5702
lcl|NC_052679.1_mrna_XM_039458615.1_32179	3678	3479	62.4423	5.04127
lcl|NC_052679.1_mrna_XM_039458618.1_32180	3363	3164	0	0
lcl|NC_052679.1_mrna_XM_039458616.1_32181	3305	3106	182.618	16.5142
lcl|NC_052679.1_mrna_XM_039458621.1_32182	4620	4421	5	0.317662
lcl|NC_052679.1_mrna_XM_039458614.1_32183	4140	3941	0	0
lcl|NC_052679.1_mrna_XM_026139316.2_32184	4305	4106	13.3759	0.914996
lcl|NC_052679.1_mrna_XM_026139317.2_32185	4604	4405	29.0773	1.85406
lcl|NC_052679.1_mrna_XM_039458617.1_32186	8045	7846	1.65741	0.0593333
lcl|NC_052679.1_mrna_XM_011173905.3_32187	3740	3541	7.83393	0.621397
lcl|NC_052679.1_mrna_XM_011173904.3_32188	6275	6076	70	3.23591
lcl|NC_052679.1_mrna_XM_011173908.3_32189	1660	1461	722.332	138.868
lcl|NC_052679.1_mrna_XM_039458619.1_32190	1552	1353	14.6684	3.0451
lcl|NC_052679.1_ncrna_XR_005576484.1_32191	3804	3605	0	0
lcl|NC_052679.1_ncrna_XR_005576483.1_32192	6850	6651	6	0.253384
lcl|NC_052679.1_mrna_XM_011173911.3_32193	5511	5312	500.275	26.4525
lcl|NC_052679.1_mrna_XM_011173909.3_32194	5568	5369	489.166	25.5905
lcl|NC_052679.1_ncrna_XR_005576450.1_32195	287	88.0006	1	3.19176
lcl|NC_052679.1_mrna_XM_026139312.2_32196	2000	1801	6	0.935736
lcl|NC_052679.1_mrna_XM_011173914.3_32197	1809	1610	976	170.271
lcl|NC_052679.1_mrna_XM_026139313.2_32198	3969	3770	658	49.023
lcl|NC_052679.1_mrna_XM_011173916.3_32199	3543	3344	141.83	11.9129
lcl|NC_052679.1_mrna_XM_026139320.2_32200	3436	3237	4.61471e-07	4.00422e-08
lcl|NC_052679.1_mrna_XM_039459227.1_32201	3375	3176	27.6342	2.44389
lcl|NC_052679.1_mrna_XM_011164498.3_32202	1371	1172	1033	247.565
lcl|NC_052679.1_mrna_XM_011164509.3_32203	1782	1583	636	112.847
lcl|NC_052679.1_mrna_XM_011173917.3_32204	7866	7667	75.0342	2.74884
lcl|NC_052679.1_mrna_XM_039459226.1_32205	6109	5910	0	0
lcl|NC_052679.1_mrna_XM_011173918.3_32206	961	762	924	340.591
lcl|NC_052679.1_mrna_XM_011173919.3_32207	3710	3511	0	0
lcl|NC_052679.1_mrna_XM_026139319.2_32208	981	782	3	1.07753
lcl|NC_052679.1_mrna_XM_039458890.1_32209	763	564	0	0
lcl|NC_052679.1_mrna_XM_039458980.1_32210	933	734	0	0
lcl|NC_052679.1_mrna_XM_039458954.1_32211	1830	1631	0.999652	0.172151
lcl|NC_052679.1_mrna_XM_039458955.1_32212	1843	1644	0.000348059	5.94658e-05
lcl|NC_052679.1_mrna_XM_039458286.1_32213	3033	2834	0	0
lcl|NC_052679.1_mrna_XM_026141627.1_32214	1548	1349	0	0
lcl|NC_052679.1_mrna_XM_026139237.2_32215	1077	878	0	0
lcl|NC_052679.1_miscrna_XR_005576560.1_32216	828	629	13.098	5.84885
lcl|NC_052679.1_mrna_XM_039458826.1_32217	850	651	14.902	6.42952
lcl|NC_052679.1_mrna_XM_039458644.1_32218	1220	1021	57.8705	15.9201
lcl|NC_052679.1_mrna_XM_039458645.1_32219	1515	1316	15.1295	3.22913
lcl|NC_052679.1_mrna_XM_039458290.1_32220	849	650	0	0
lcl|NC_052679.1_mrna_XM_039458855.1_32221	938	739	0	0
lcl|NC_052679.1_mrna_XM_039458291.1_32222	4527	4328	0	0
lcl|NC_052679.1_mrna_XM_039458679.1_32223	2069	1870	0	0
lcl|NC_052679.1_mrna_XM_039459089.1_32224	2247	2048	0	0
lcl|NC_052679.1_mrna_XM_039459090.1_32225	1369	1170	23.9884	5.75879
lcl|NC_052679.1_mrna_XM_039458932.1_32226	1769	1570	4	0.715609
lcl|NC_052679.1_ncrna_XR_003268129.2_32227	311	112	0	0
lcl|NC_052679.1_mrna_XM_039458292.1_32228	942	743	1	0.378031
lcl|NC_052679.1_mrna_XM_011171987.3_32229	2333	2134	270	35.5374
lcl|NC_052679.1_mrna_XM_011171984.3_32230	1659	1460	377.619	72.6468
lcl|NC_052679.1_mrna_XM_011171985.3_32231	1601	1402	0.0734923	0.0147235
lcl|NC_052679.1_mrna_XM_011171986.3_32232	1599	1400	0.307666	0.0617259
lcl|NC_052679.1_mrna_XM_026140271.2_32233	1203	1004	0	0
lcl|NC_052679.1_mrna_XM_011174421.3_32234	6591	6392	89.6885	3.94109
lcl|NC_052679.1_mrna_XM_011174419.3_32235	6622	6423	235.875	10.3148
lcl|NC_052679.1_mrna_XM_011174422.3_32236	6405	6206	15.0042	0.679074
lcl|NC_052679.1_mrna_XM_026140268.2_32237	6414	6215	7.43213	0.335883
lcl|NC_052679.1_mrna_XM_026140265.2_32238	3011	2812	6	0.59931
lcl|NC_052679.1_mrna_XM_026140264.2_32239	489	290	356	344.8
lcl|NC_052679.1_mrna_XM_026140262.2_32240	1849	1650	1144	194.741
lcl|NC_052679.1_mrna_XM_039458176.1_32241	2979	2780	161.111	16.2778
lcl|NC_052679.1_ncrna_XR_003269249.2_32242	777	578	1	0.485946
lcl|NC_052679.1_ncrna_XR_005576576.1_32243	955	756	0	0
lcl|NC_052679.1_ncrna_XR_005576575.1_32244	991	792	3	1.06393
lcl|NC_052679.1_ncrna_XR_005576574.1_32245	1009	810	0	0
lcl|NC_052679.1_mrna_XM_039458696.1_32246	1587	1388	10	2.02361
lcl|NC_052679.1_mrna_XM_039458698.1_32247	1475	1276	11.1784	2.46063
lcl|NC_052679.1_mrna_XM_039458697.1_32248	1361	1162	10.1522	2.45398
lcl|NC_052679.1_mrna_XM_039458699.1_32249	2078	1879	15.9753	2.38802
lcl|NC_052679.1_mrna_XM_039458295.1_32250	2343	2144	8.21377	1.07605
lcl|NC_052679.1_mrna_XM_039459034.1_32251	1104	905	8.43999	2.61944
lcl|NC_052679.1_mrna_XM_039459032.1_32252	1160	961	0	0
lcl|NC_052679.1_mrna_XM_039459033.1_32253	1119	920	0	0
lcl|NC_052679.1_mrna_XM_039459031.1_32254	1179	980	1.61209	0.46204
lcl|NC_052679.1_mrna_XM_039459030.1_32255	1475	1276	0	0
lcl|NC_052679.1_mrna_XM_039459037.1_32256	1235	1036	4	1.08447
lcl|NC_052679.1_mrna_XM_039459027.1_32257	2078	1879	0	0
lcl|NC_052679.1_mrna_XM_039459028.1_32258	2059	1860	20.1202	3.03834
lcl|NC_052679.1_mrna_XM_039459035.1_32259	963	764	20.8853	7.67827
lcl|NC_052679.1_mrna_XM_039459036.1_32260	1382	1183	0	0
lcl|NC_052679.1_mrna_XM_026141003.1_32261	510	311	0	0
lcl|NC_052679.1_mrna_XM_039459042.1_32262	689	490	0	0
lcl|NC_052679.1_ncrna_XR_005576598.1_32263	3200	3001	4	0.374377
lcl|NC_052679.1_mrna_XM_026140995.2_32264	1641	1442	125.452	24.436
lcl|NC_052679.1_mrna_XM_039459029.1_32265	7632	7433	1.28402e-05	4.85201e-07
lcl|NC_052679.1_miscrna_XR_005576596.1_32266	7549	7350	0.999987	0.038214
lcl|NC_052679.1_mrna_XM_039459039.1_32267	1466	1267	0	0
lcl|NC_052679.1_mrna_XM_039459038.1_32268	1444	1245	0	0
lcl|NC_052679.1_mrna_XM_039459026.1_32269	4126	3927	0	0
lcl|NC_052679.1_mrna_XM_039459025.1_32270	4322	4123	0	0
lcl|NC_052679.1_mrna_XM_039459041.1_32271	645	446	0.511732	0.322273
lcl|NC_052679.1_mrna_XM_039459040.1_32272	1329	1130	0	0
lcl|NC_052679.1_miscrna_XR_005576597.1_32273	1540	1341	10.4883	2.1968
lcl|NC_052679.1_mrna_XM_026138961.2_32274	2652	2453	20	2.29007
lcl|NC_052679.1_mrna_XM_011174185.3_32275	2585	2386	2	0.235437
lcl|NC_052679.1_mrna_XM_011174186.3_32276	1168	969	256.316	74.2964
lcl|NC_052679.1_mrna_XM_026138959.2_32277	1013	814	123.684	42.678
lcl|NC_052679.1_mrna_XM_011174187.3_32278	901	702	1122	448.923
lcl|NC_052679.1_mrna_XM_039458205.1_32279	1465	1266	68.3524	15.1648
lcl|NC_052679.1_mrna_XM_039458206.1_32280	1321	1122	6.64764	1.66414
lcl|NC_052679.1_mrna_XM_039458204.1_32281	9108	8909	235	7.40892
lcl|NC_052679.1_mrna_XM_026138958.2_32282	12132	11933	80.0527	1.88426
lcl|NC_052679.1_mrna_XM_039459201.1_32283	5150	4951	0	0
lcl|NC_052679.1_mrna_XM_026138957.2_32284	4739	4540	8.04134	0.497495
lcl|NC_052679.1_mrna_XM_026138956.2_32285	4800	4601	0	0
lcl|NC_052679.1_mrna_XM_039459198.1_32286	10145	9946	0	0
lcl|NC_052679.1_mrna_XM_039459199.1_32287	9994	9795	0	0
lcl|NC_052679.1_mrna_XM_039459200.1_32288	9750	9551	1.90601	0.056052
lcl|NC_052679.1_mrna_XM_026138954.2_32289	13846	13647	0	0
lcl|NC_052679.1_mrna_XM_026138955.2_32290	6435	6236	0	0
lcl|NC_052679.1_mrna_XM_039459202.1_32291	4957	4758	0	0
lcl|NC_052679.1_mrna_XM_011165277.3_32292	7494	7295	0	0
lcl|NC_052679.1_mrna_XM_011165278.3_32293	7491	7292	0	0
lcl|NC_052679.1_mrna_XM_011165279.3_32294	7220	7021	16.5741	0.663049
lcl|NC_052679.1_mrna_XM_026138962.2_32295	6859	6660	0.000811887	3.42402e-05
lcl|NC_052679.1_mrna_XM_026138964.2_32296	6847	6648	0.00495523	0.000209357
lcl|NC_052679.1_mrna_XM_026138965.2_32297	6796	6597	11.2105	0.477302
lcl|NC_052679.1_mrna_XM_039458165.1_32298	6566	6367	0.209708	0.00925115
lcl|NC_052679.1_mrna_XM_011165275.3_32299	1623	1424	194.453	38.355
lcl|NC_052679.1_mrna_XM_011165276.3_32300	709	510	504.002	277.573
lcl|NC_052679.1_mrna_XM_026138968.2_32301	833	634	50.5447	22.3925
lcl|NC_052679.1_mrna_XM_011165273.3_32302	1054	855	2471	811.75
lcl|NC_052679.1_mrna_XM_039458296.1_32303	1416	1217	0	0
lcl|NC_052679.1_mrna_XM_026141389.2_32304	467	268	0	0
lcl|NC_052679.1_mrna_XM_039458314.1_32305	906	707	0	0
lcl|NC_052679.1_mrna_XM_039458315.1_32306	1925	1726	0	0
lcl|NC_052679.1_mrna_XM_011164809.1_32307	1143	944	0	0
lcl|NC_052679.1_mrna_XM_039458317.1_32308	2664	2465	0	0
lcl|NC_052679.1_mrna_XM_011176979.3_32309	1099	900	1834	572.364
lcl|NC_052679.1_mrna_XM_026142012.2_32310	2263	2064	221.26	30.1098
lcl|NC_052679.1_ncrna_XR_005576486.1_32311	683	484	55.9395	32.463
lcl|NC_052679.1_ncrna_XR_005576487.1_32312	636	437	0	0
lcl|NC_052679.1_ncrna_XR_005576485.1_32313	718	519	42.5272	23.0152
lcl|NC_052679.1_ncrna_XR_005576488.1_32314	742	543	10.5577	5.46114
lcl|NC_052679.1_mrna_XM_039458318.1_32315	921	722	0	0
lcl|NC_052679.1_mrna_XM_039459212.1_32316	3144	2945	324	30.9012
lcl|NC_052679.1_mrna_XM_039459213.1_32317	3087	2888	0	0
lcl|NC_052679.1_ncrna_XR_005576635.1_32318	567	368	0	0
lcl|NC_052679.1_mrna_XM_039459214.1_32319	743	544	5	2.58159
lcl|NC_052679.1_mrna_XM_039459215.1_32320	791	592	0	0
lcl|NC_052679.1_mrna_XM_011166681.3_32321	1908	1709	252.373	41.4779
lcl|NC_052679.1_mrna_XM_039458586.1_32322	2104	1905	10.627	1.56686
lcl|NC_052679.1_mrna_XM_039458702.1_32323	1047	848	2.53333e-06	8.39096e-07
lcl|NC_052679.1_mrna_XM_039458704.1_32324	1024	825	0	0
lcl|NC_052679.1_mrna_XM_039458700.1_32325	1107	908	15.4029	4.76465
lcl|NC_052679.1_mrna_XM_039458701.1_32326	1072	873	36.4507	11.7276
lcl|NC_052679.1_mrna_XM_039458703.1_32327	1013	814	0	0
lcl|NC_052679.1_mrna_XM_039458705.1_32328	1406	1207	3.01332	0.701219
lcl|NC_052679.1_mrna_XM_039458366.1_32329	3299	3100	610.212	55.2885
lcl|NC_052679.1_mrna_XM_039458365.1_32330	3721	3522	792.788	63.2242
lcl|NC_052679.1_mrna_XM_039458635.1_32331	1809	1610	0	0
lcl|NC_052679.1_mrna_XM_039458634.1_32332	1913	1714	190	31.1357
lcl|NC_052679.1_mrna_XM_039458326.1_32333	1029	830	0	0
lcl|NC_052679.1_mrna_XM_026140340.2_32334	1958	1759	39.7023	6.33966
lcl|NC_052679.1_mrna_XM_039458327.1_32335	1773	1574	0	0
lcl|NC_052679.1_mrna_XM_039459203.1_32336	885	686	4	1.63777
lcl|NC_052679.1_mrna_XM_039458367.1_32337	5422	5223	58	3.11906
lcl|NC_052679.1_mrna_XM_011169221.1_32338	756	557	0	0
lcl|NC_052679.1_mrna_XM_011169220.2_32339	723	524	0	0
lcl|NC_052679.1_mrna_XM_039458368.1_32340	1050	851	0	0
lcl|NC_052679.1_mrna_XM_011169219.2_32341	1107	908	0	0
lcl|NC_052679.1_mrna_XM_039458369.1_32342	2787	2588	0	0
lcl|NC_052679.1_mrna_XM_039458372.1_32343	960	761	0	0
lcl|NC_052679.1_mrna_XM_011158134.1_32344	1107	908	0	0
lcl|NC_052679.1_mrna_XM_039458937.1_32345	821	622	0	0
lcl|NC_052679.1_mrna_XM_039458190.1_32346	4913	4714	0	0
lcl|NC_052679.1_mrna_XM_039458189.1_32347	8949	8750	0	0
lcl|NC_052679.1_mrna_XM_039458177.1_32348	5126	4927	0	0
lcl|NC_052679.1_mrna_XM_039458187.1_32349	8971	8772	0	0
lcl|NC_052679.1_mrna_XM_039458182.1_32350	9093	8894	0	0
lcl|NC_052679.1_mrna_XM_039458181.1_32351	9107	8908	0	0
lcl|NC_052679.1_mrna_XM_039458188.1_32352	4975	4776	0	0
lcl|NC_052679.1_mrna_XM_039458178.1_32353	4981	4782	0	0
lcl|NC_052679.1_mrna_XM_039458179.1_32354	4902	4703	0	0
lcl|NC_052679.1_mrna_XM_039458180.1_32355	8738	8539	0	0
lcl|NC_052679.1_mrna_XM_039458186.1_32356	8819	8620	0	0
lcl|NC_052679.1_mrna_XM_039458183.1_32357	9464	9265	55	1.66737
lcl|NC_052679.1_mrna_XM_039458184.1_32358	9365	9166	0	0
lcl|NC_052679.1_mrna_XM_039458185.1_32359	9189	8990	0	0
lcl|NC_052679.1_mrna_XM_026138341.2_32360	1968	1769	2	0.317554
lcl|NC_052679.1_mrna_XM_026140462.1_32361	816	617	0	0
lcl|NC_052679.1_mrna_XM_026140463.2_32362	850	651	0	0
lcl|NC_052679.1_mrna_XM_039459157.1_32363	3360	3161	1	0.0888569
lcl|NC_052679.1_mrna_XM_026140457.2_32364	2663	2464	0	0
lcl|NC_052679.1_mrna_XM_039459156.1_32365	2752	2553	0	0
lcl|NC_052679.1_mrna_XM_026140461.2_32366	2217	2018	68.4615	9.52886
lcl|NC_052679.1_mrna_XM_026140459.2_32367	2315	2116	0	0
lcl|NC_052679.1_mrna_XM_026140458.2_32368	2417	2218	6.97691	0.883522
lcl|NC_052679.1_mrna_XM_011171950.3_32369	2279	2080	11.5616	1.56124
lcl|NC_052679.1_mrna_XM_039458490.1_32370	2262	2063	0	0
lcl|NC_052679.1_mrna_XM_039458489.1_32371	2116	1917	3	0.439557
lcl|NC_052679.1_mrna_XM_039458491.1_32372	2265	2066	0	0
lcl|NC_052679.1_mrna_XM_039458750.1_32373	891	692	0	0
lcl|NC_052679.1_mrna_XM_039458751.1_32374	987	788	0	0
lcl|NC_052679.1_ncrna_XR_005576546.1_32375	6810	6611	2	0.0849725
lcl|NC_052679.1_mrna_XM_011162344.1_32376	618	419	0	0
lcl|NC_052679.1_mrna_XM_039458752.1_32377	675	476	0	0
lcl|NC_052679.1_mrna_XM_039458753.1_32378	354	155	0	0
lcl|NC_052679.1_mrna_XM_011171944.3_32379	750	551	0	0
lcl|NC_052679.1_miscrna_XR_005576577.1_32380	2315	2116	1	0.132739
lcl|NC_052679.1_mrna_XM_039458938.1_32381	2401	2202	0	0
lcl|NC_052679.1_mrna_XM_011158362.3_32382	1226	1027	0	0
lcl|NC_052679.1_mrna_XM_039458681.1_32383	1245	1046	0	0
lcl|NC_052679.1_mrna_XM_039458434.1_32384	2271	2072	9	1.22002
lcl|NC_052679.1_mrna_XM_026139528.2_32385	393	194	10	14.4782
lcl|NC_052679.1_mrna_XM_039458754.1_32386	899	700	6	2.40751
lcl|NC_052679.1_mrna_XM_011168816.3_32387	2229	2030	7	0.96854
lcl|NC_052679.1_mrna_XM_011168814.3_32388	5348	5149	79	4.30943
lcl|NC_052679.1_mrna_XM_039458373.1_32389	3531	3332	0	0
lcl|NC_052679.1_mrna_XM_011168812.3_32390	2758	2559	230.539	25.3041
lcl|NC_052679.1_mrna_XM_011168813.3_32391	2749	2550	44.2705	4.8763
lcl|NC_052679.1_mrna_XM_026139968.2_32392	2711	2512	0	0
lcl|NC_052679.1_mrna_XM_039458158.1_32393	2542	2343	38.7657	4.64719
lcl|NC_052679.1_mrna_XM_039458157.1_32394	2474	2275	20.0759	2.47861
lcl|NC_052679.1_mrna_XM_039458161.1_32395	1319	1120	17	4.26331
lcl|NC_052679.1_mrna_XM_026139959.2_32396	5965	5766	24.3796	1.18759
lcl|NC_052679.1_mrna_XM_026139960.2_32397	4025	3826	0	0
lcl|NC_052679.1_mrna_XM_026139962.2_32398	3105	2906	40.6204	3.92613
lcl|NC_052679.1_mrna_XM_026139961.2_32399	5873	5674	9.02633e-06	4.46825e-07
lcl|NC_052679.1_mrna_XM_026139965.2_32400	1275	1076	116.446	30.3967
lcl|NC_052679.1_mrna_XM_039458162.1_32401	1292	1093	38.6956	9.94391
lcl|NC_052679.1_mrna_XM_039458163.1_32402	1219	1020	0.00130353	0.000358953
lcl|NC_052679.1_mrna_XM_039458164.1_32403	2007	1808	130.888	20.3338
lcl|NC_052679.1_mrna_XM_026139966.2_32404	1944	1745	85.077	13.6941
lcl|NC_052679.1_mrna_XM_026139964.2_32405	1635	1436	0.132097	0.0258376
lcl|NC_052679.1_mrna_XM_039458159.1_32406	4867	4668	77.4401	4.65962
lcl|NC_052679.1_mrna_XM_039458160.1_32407	4833	4634	137.32	8.32326
lcl|NC_052679.1_mrna_XM_039458695.1_32408	969	770	34.9721	12.757
lcl|NC_052679.1_mrna_XM_039458694.1_32409	1070	871	114.175	36.8186
lcl|NC_052679.1_mrna_XM_011167806.3_32410	1120	921	47.4167	14.4606
lcl|NC_052679.1_miscrna_XR_005576634.1_32411	1586	1387	51.6555	10.4606
lcl|NC_052679.1_mrna_XM_011167807.3_32412	1658	1459	1072.93	206.553
lcl|NC_052679.1_mrna_XM_026139777.2_32413	1854	1655	595	100.98
lcl|NC_052679.1_mrna_XM_039459211.1_32414	3002	2803	1.35574	0.135853
lcl|NC_052679.1_mrna_XM_026139781.2_32415	711	512	44	24.1378
lcl|NC_052679.1_mrna_XM_026139779.2_32416	3565	3366	346.902	28.9473
lcl|NC_052679.1_mrna_XM_026139778.2_32417	3433	3234	57.0984	4.95906
lcl|NC_052679.1_mrna_XM_039459132.1_32418	8330	8131	0	0
lcl|NC_052679.1_mrna_XM_026139775.2_32419	8351	8152	9.3456	0.322002
lcl|NC_052679.1_mrna_XM_039459135.1_32420	7055	6856	66.3757	2.71928
lcl|NC_052679.1_mrna_XM_039459134.1_32421	7898	7699	42.2787	1.54242
lcl|NC_052679.1_mrna_XM_039459133.1_32422	8154	7955	0	0
lcl|NC_052679.1_mrna_XM_011165198.3_32423	1375	1176	1	0.238841
lcl|NC_052679.1_mrna_XM_039459143.1_32424	2450	2251	29.774	3.71516
lcl|NC_052679.1_mrna_XM_039459141.1_32425	2253	2054	795.506	108.782
lcl|NC_052679.1_mrna_XM_039459140.1_32426	2529	2330	25.6632	3.09364
lcl|NC_052679.1_mrna_XM_039459137.1_32427	2519	2320	282.007	34.1418
lcl|NC_052679.1_mrna_XM_039459138.1_32428	3882	3683	5.05021	0.385144
lcl|NC_052679.1_mrna_XM_039459142.1_32429	2496	2297	0	0
lcl|NC_052679.1_mrna_XM_039459139.1_32430	2654	2455	0	0
lcl|NC_052679.1_mrna_XM_039459136.1_32431	4999	4800	0	0
lcl|NC_052679.1_mrna_XM_011165193.3_32432	1204	1005	449.445	125.61
lcl|NC_052679.1_mrna_XM_011165194.3_32433	1321	1122	38.5075	9.63981
lcl|NC_052679.1_mrna_XM_039458992.1_32434	1456	1257	9.31111	2.08057
lcl|NC_052679.1_mrna_XM_039458993.1_32435	1832	1633	14.7367	2.53473
lcl|NC_052679.1_mrna_XM_039458991.1_32436	4104	3905	11.2468	0.808952
lcl|NC_052679.1_mrna_XM_039458990.1_32437	3439	3240	4.47611	0.388036
lcl|NC_052679.1_mrna_XM_011165191.3_32438	3826	3627	49.055	3.79884
lcl|NC_052679.1_ncrna_XR_005576592.1_32439	1617	1418	0	0
lcl|NC_052679.1_mrna_XM_026140579.2_32440	3320	3121	6.59273	0.593317
lcl|NC_052679.1_mrna_XM_026140580.2_32441	1732	1533	783.629	143.577
lcl|NC_052679.1_mrna_XM_039458997.1_32442	511	312	0	0
lcl|NC_052679.1_mrna_XM_011165189.3_32443	609	410	652	446.662
lcl|NC_052679.1_mrna_XM_039458998.1_32444	518	319	0	0
lcl|NC_052679.1_mrna_XM_039458996.1_32445	526	327	0	0
lcl|NC_052679.1_mrna_XM_039458994.1_32446	1268	1069	362.691	95.2961
lcl|NC_052679.1_mrna_XM_011164060.3_32447	1056	857	377.309	123.661
lcl|NC_052679.1_mrna_XM_039458995.1_32448	2129	1930	0	0
lcl|NC_052679.1_mrna_XM_011164062.3_32449	1463	1264	655	145.549
lcl|NC_052679.1_mrna_XM_039458686.1_32450	2216	2017	0	0
lcl|NC_052679.1_mrna_XM_039458687.1_32451	4234	4035	1.59482	0.111015
lcl|NC_052679.1_mrna_XM_039458684.1_32452	2669	2470	0	0
lcl|NC_052679.1_mrna_XM_039458685.1_32453	2584	2385	5.42002	0.638305
lcl|NC_052679.1_mrna_XM_039458683.1_32454	3019	2820	1.75748	0.175048
lcl|NC_052679.1_mrna_XM_039458691.1_32455	2400	2201	206.343	26.3321
lcl|NC_052679.1_mrna_XM_039458693.1_32456	2259	2060	0	0
lcl|NC_052679.1_mrna_XM_039458688.1_32457	2642	2443	599.891	68.9707
lcl|NC_052679.1_mrna_XM_039458689.1_32458	2727	2528	57.9067	6.4338
lcl|NC_052679.1_mrna_XM_039458692.1_32459	2120	1921	12.3558	1.80658
lcl|NC_052679.1_mrna_XM_039458690.1_32460	2569	2370	5.50343	0.65223
lcl|NC_052679.1_ncrna_XR_005576550.1_32461	315	116	0	0
lcl|NC_052679.1_mrna_XM_026141033.2_32462	555	356	0	0
lcl|NC_052679.1_mrna_XM_026140617.2_32463	5178	4979	440.047	24.824
lcl|NC_052679.1_mrna_XM_026140618.2_32464	5114	4915	136.953	7.82643
lcl|NC_052679.1_mrna_XM_039458208.1_32465	2040	1841	0	0
lcl|NC_052679.1_mrna_XM_039458209.1_32466	1951	1752	209.199	33.5383
lcl|NC_052679.1_mrna_XM_039458210.1_32467	1754	1555	106.801	19.2913
lcl|NC_052679.1_mrna_XM_039458589.1_32468	12239	12040	6	0.139972
lcl|NC_052679.1_mrna_XM_039459005.1_32469	2135	1936	0.952847	0.13824
lcl|NC_052679.1_mrna_XM_039459012.1_32470	2821	2622	3.02984	0.324566
lcl|NC_052679.1_mrna_XM_039459004.1_32471	2139	1940	0.120215	0.0174049
lcl|NC_052679.1_mrna_XM_039459006.1_32472	1720	1521	193.962	35.8181
lcl|NC_052679.1_mrna_XM_039459009.1_32473	1880	1681	0	0
lcl|NC_052679.1_mrna_XM_039459008.1_32474	1989	1790	16.2265	2.54617
lcl|NC_052679.1_mrna_XM_039459007.1_32475	1780	1581	7.03678	1.25014
lcl|NC_052679.1_mrna_XM_039459010.1_32476	1700	1501	0	0
lcl|NC_052679.1_mrna_XM_039459013.1_32477	1452	1253	2.90478	0.651145
lcl|NC_052679.1_mrna_XM_039459011.1_32478	1538	1339	0	0
lcl|NC_052679.1_mrna_XM_039459003.1_32479	1965	1766	12.224	1.94419
lcl|NC_052679.1_ncrna_XR_005576593.1_32480	2031	1832	3	0.459951
lcl|NC_052679.1_mrna_XM_011173200.3_32481	2049	1850	0	0
lcl|NC_052679.1_ncrna_XR_851425.3_32482	1359	1160	159.584	38.6408
lcl|NC_052679.1_mrna_XM_039458678.1_32483	922	723	13.1557	5.11083
lcl|NC_052679.1_miscrna_XR_005576549.1_32484	909	710	15.5229	6.14089
lcl|NC_052679.1_miscrna_XR_005576548.1_32485	1238	1039	0	0
lcl|NC_052679.1_mrna_XM_026141555.2_32486	1896	1697	1	0.165514
lcl|NC_052679.1_mrna_XM_039458597.1_32487	5442	5243	134.755	7.21907
lcl|NC_052679.1_mrna_XM_026140853.2_32488	6009	5810	134.245	6.48989
lcl|NC_052679.1_mrna_XM_039458596.1_32489	5620	5421	0	0
lcl|NC_052679.1_mrna_XM_026140854.2_32490	5025	4826	0	0
lcl|NC_052679.1_mrna_XM_039458598.1_32491	1140	941	403.018	120.296
lcl|NC_052679.1_mrna_XM_039458603.1_32492	971	772	15.92	5.79216
lcl|NC_052679.1_mrna_XM_039458599.1_32493	820	621	96.2704	43.5429
lcl|NC_052679.1_mrna_XM_039458602.1_32494	1058	859	39.4421	12.8968
lcl|NC_052679.1_mrna_XM_039458604.1_32495	969	770	20.3493	7.42293
lcl|NC_052679.1_trna_32496	83	3.78007	0	0
lcl|NC_052679.1_ncrna_XR_005576534.1_32497	4804	4605	4.13896	0.252451
lcl|NC_052679.1_ncrna_XR_005576533.1_32498	2717	2518	9.03681	1.00803
lcl|NC_052679.1_mrna_XM_026141308.1_32499	462	263	0	0
lcl|NC_052679.1_ncrna_XR_005576532.1_32500	349	150	1	1.87251
lcl|NC_052679.1_ncrna_XR_005576600.1_32501	829	630	31.9111	14.2271
lcl|NC_052679.1_ncrna_XR_005576558.1_32502	989	790	0	0
lcl|NC_052679.1_mrna_XM_039458217.1_32503	5895	5696	0	0
lcl|NC_052679.1_mrna_XM_039458215.1_32504	6089	5890	0.000114981	5.48312e-06
lcl|NC_052679.1_mrna_XM_039458220.1_32505	5690	5491	0	0
lcl|NC_052679.1_mrna_XM_039458218.1_32506	5638	5439	0	0
lcl|NC_052679.1_mrna_XM_039458216.1_32507	6048	5849	155.137	7.44986
lcl|NC_052679.1_mrna_XM_039458221.1_32508	4963	4764	0	0
lcl|NC_052679.1_miscrna_XR_005576457.1_32509	5649	5450	3.86331	0.199103
lcl|NC_052679.1_mrna_XM_039458222.1_32510	5813	5614	0	0
lcl|NC_052679.1_mrna_XM_011171096.3_32511	937	738	6	2.28355
lcl|NC_052679.1_mrna_XM_026139151.2_32512	7110	6911	0	0
lcl|NC_052679.1_mrna_XM_039458965.1_32513	6909	6710	0.00224987	9.41783e-05
lcl|NC_052679.1_mrna_XM_039458964.1_32514	6395	6196	13.9442	0.632116
lcl|NC_052679.1_mrna_XM_039458966.1_32515	6152	5953	0	0
lcl|NC_052679.1_mrna_XM_039458968.1_32516	5873	5674	22.1206	1.09502
lcl|NC_052679.1_mrna_XM_039458969.1_32517	6173	5974	64.5304	3.03399
lcl|NC_052679.1_mrna_XM_039458967.1_32518	5992	5793	28.4026	1.37712
lcl|NC_052679.1_miscrna_XR_005576583.1_32519	5722	5523	0	0
lcl|NC_052679.1_ncrna_XR_003269222.2_32520	2436	2237	0	0
lcl|NC_052679.1_ncrna_XR_005576584.1_32521	1591	1392	0	0
lcl|NC_052679.1_mrna_XM_039458976.1_32522	1154	955	0	0
lcl|NC_052679.1_mrna_XM_039458974.1_32523	1196	997	0	0
lcl|NC_052679.1_mrna_XM_039458975.1_32524	1176	977	0	0
lcl|NC_052679.1_mrna_XM_039458977.1_32525	1027	828	0	0
lcl|NC_052679.1_mrna_XM_026139150.2_32526	6987	6788	0	0
lcl|NC_052679.1_mrna_XM_039458973.1_32527	6925	6726	0	0
lcl|NC_052679.1_mrna_XM_039458970.1_32528	3096	2897	213.015	20.6527
lcl|NC_052679.1_mrna_XM_039458972.1_32529	3339	3140	0	0
lcl|NC_052679.1_mrna_XM_039458971.1_32530	2960	2761	300.985	30.6193
lcl|NC_052679.1_ncrna_XR_005576507.1_32531	364	165	65.2672	111.103
lcl|NC_052679.1_miscrna_XR_005576516.1_32532	1690	1491	75.3912	14.2023
lcl|NC_052679.1_miscrna_XR_005576513.1_32533	1787	1588	0	0
lcl|NC_052679.1_miscrna_XR_005576511.1_32534	2102	1903	51.6379	7.62158
lcl|NC_052679.1_miscrna_XR_005576509.1_32535	1574	1375	432.41	88.3301
lcl|NC_052679.1_miscrna_XR_005576515.1_32536	1686	1487	0	0
lcl|NC_052679.1_miscrna_XR_005576508.1_32537	1790	1591	0	0
lcl|NC_052679.1_miscrna_XR_005576510.1_32538	2105	1906	0.000692268	0.000102016
lcl|NC_052679.1_miscrna_XR_005576514.1_32539	1803	1604	0	0
lcl|NC_052679.1_miscrna_XR_005576512.1_32540	2118	1919	24.9128	3.64639
lcl|NC_052679.1_mrna_XM_039458535.1_32541	1454	1255	0	0
lcl|NC_052679.1_mrna_XM_026141113.2_32542	1488	1289	0	0
lcl|NC_052679.1_mrna_XM_026141117.2_32543	1453	1254	2	0.447969
lcl|NC_052679.1_ncrna_XR_005576538.1_32544	387	188	2.93069	4.37852
lcl|NC_052679.1_mrna_XM_011174799.2_32545	988	789	257.578	91.6953
lcl|NC_052679.1_mrna_XM_011174800.2_32546	761	562	75.4221	37.6945
lcl|NC_052679.1_ncrna_XR_005576539.1_32547	1603	1404	8.39021	1.6785
lcl|NC_052679.1_ncrna_XR_851251.3_32548	1426	1227	72.592	16.6173
lcl|NC_052679.1_mrna_XM_011171548.3_32549	1623	1424	0	0
lcl|NC_052679.1_mrna_XM_039458641.1_32550	1377	1178	0	0
lcl|NC_052679.1_mrna_XM_011168584.3_32551	1516	1317	871	185.758
lcl|NC_052679.1_mrna_XM_039458640.1_32552	3297	3098	4.55483	0.412959
lcl|NC_052679.1_mrna_XM_039458638.1_32553	3796	3597	781.451	61.0207
lcl|NC_052679.1_mrna_XM_039458639.1_32554	4467	4268	2.99428	0.197053
lcl|NC_052679.1_ncrna_XR_005576540.1_32555	868	669	6.54929	2.74969
lcl|NC_052679.1_mrna_XM_026139979.2_32556	1049	850	0	0
lcl|NC_052679.1_ncrna_XR_005576541.1_32557	1051	852	3	0.989002
lcl|NC_052679.1_mrna_XM_011168597.3_32558	2269	2070	1745	236.778
lcl|NC_052679.1_mrna_XM_026140735.2_32559	683	484	10	5.80324
lcl|NC_052679.1_mrna_XM_039458435.1_32560	1986	1787	0	0
lcl|NC_052679.1_mrna_XM_039458436.1_32561	1212	1013	0.0185538	0.00514445
lcl|NC_052679.1_mrna_XM_039458756.1_32562	1713	1514	0	0
lcl|NC_052679.1_mrna_XM_011163422.3_32563	3160	2961	13	1.23316
lcl|NC_052679.1_ncrna_XR_005576506.1_32564	867	668	62.5452	26.2986
lcl|NC_052679.1_ncrna_XR_005576535.1_32565	1792	1593	0	0
lcl|NC_052679.1_ncrna_XR_005576536.1_32566	1839	1640	8.58913	1.47103
lcl|NC_052679.1_mrna_XM_039458484.1_32567	1070	871	345	111.254
lcl|NC_052679.1_ncrna_XR_005576547.1_32568	3974	3775	6	0.446427
lcl|NC_052679.1_mrna_XM_011166646.1_32569	1050	851	0	0
lcl|NC_052679.1_mrna_XM_039458907.1_32570	1197	998	0	0
lcl|NC_052679.1_mrna_XM_026141557.2_32571	1208	1009	0	0
lcl|NC_052679.1_mrna_XM_039458999.1_32572	1128	929	9	2.72109
lcl|NC_052679.1_mrna_XM_039458757.1_32573	372	173	0	0
lcl|NC_052679.1_mrna_XM_039458293.1_32574	2840	2641	0	0
lcl|NC_052679.1_miscrna_XR_005576466.1_32575	3187	2988	0	0
lcl|NC_052679.1_mrna_XM_039458294.1_32576	2849	2650	0	0
lcl|NC_052679.1_mrna_XM_011174705.2_32577	2116	1917	0	0
lcl|NC_052679.1_mrna_XM_039458861.1_32578	3307	3108	3	0.271117
lcl|NC_052679.1_mrna_XM_011174704.3_32579	3846	3647	2.07416	0.159743
lcl|NC_052679.1_mrna_XM_039458758.1_32580	718	519	6	3.24713
lcl|NC_052679.1_mrna_XM_039459091.1_32581	871	672	1	0.417971
lcl|NC_052679.1_mrna_XM_039458860.1_32582	453	254	0	0
lcl|NC_052679.1_mrna_XM_039458892.1_32583	637	438	0	0
lcl|NC_052679.1_mrna_XM_039458891.1_32584	635	436	0	0
lcl|NC_052679.1_mrna_XM_011174253.3_32585	4165	3966	1	0.0708212
lcl|NC_052679.1_mrna_XM_026137763.2_32586	6793	6594	3	0.127787
lcl|NC_052679.1_trna_32587	76	3.6135	0	0
lcl|NC_052679.1_mrna_XM_026137764.2_32588	1288	1089	3	0.773765
lcl|NC_052679.1_mrna_XM_011174252.3_32589	1497	1298	0	0
lcl|NC_052679.1_mrna_XM_026134664.2_32590	5846	5647	32.7959	1.63124
lcl|NC_052679.1_ncrna_XR_005576542.1_32591	470	271	1.16427	1.2067
lcl|NC_052679.1_ncrna_XR_003269043.2_32592	643	444	0	0
lcl|NC_052679.1_ncrna_XR_850810.3_32593	2439	2240	3.13828	0.393513
lcl|NC_052679.1_ncrna_XR_005576573.1_32594	947	748	2.95204	1.1085
lcl|NC_052679.1_mrna_XM_011163669.3_32595	2721	2522	193	21.4945
lcl|NC_052679.1_mrna_XM_011163670.3_32596	690	491	323	184.772
lcl|NC_052679.1_mrna_XM_011163666.3_32597	4172	3973	21.0309	1.48681
lcl|NC_052679.1_mrna_XM_011163661.3_32598	7033	6834	11.5999	0.476756
lcl|NC_052679.1_mrna_XM_011163668.3_32599	3947	3748	0.468958	0.0351439
lcl|NC_052679.1_mrna_XM_039459049.1_32600	960	761	10.0645	3.71471
lcl|NC_052679.1_mrna_XM_039459048.1_32601	6346	6147	36.8356	1.68314
lcl|NC_052679.1_mrna_XM_039459050.1_32602	675	476	1	0.590077
lcl|NC_052679.1_mrna_XM_011163664.3_32603	7138	6939	0	0
lcl|NC_052679.1_miscrna_XR_005576599.1_32604	19008	18809	0	0
lcl|NC_052679.1_mrna_XM_039459047.1_32605	19484	19285	109.767	1.59871
lcl|NC_052679.1_mrna_XM_026137690.2_32606	19487	19288	93.911	1.36755
lcl|NC_052679.1_mrna_XM_039459046.1_32607	19586	19387	47.4084	0.686848
lcl|NC_052679.1_mrna_XM_026137689.2_32608	19598	19399	25.4869	0.369023
lcl|NC_052679.1_mrna_XM_026137688.2_32609	19601	19402	21.8252	0.315956
lcl|NC_052679.1_mrna_XM_026137687.2_32610	19727	19528	0.0330566	0.000475462
lcl|NC_052679.1_mrna_XM_026137686.2_32611	19739	19540	0.0178511	0.000256599
lcl|NC_052679.1_mrna_XM_039459045.1_32612	19739	19540	0.000109883	1.5795e-06
lcl|NC_052679.1_mrna_XM_026137685.2_32613	19742	19543	0.0153035	0.000219946
lcl|NC_052679.1_mrna_XM_039459043.1_32614	19716	19517	0.00299761	4.31397e-05
lcl|NC_052679.1_mrna_XM_039459044.1_32615	19725	19526	99.5319	1.43174
lcl|NC_052679.1_ncrna_XR_003269033.2_32616	1379	1180	1	0.238031
lcl|NC_052679.1_mrna_XM_011163659.3_32617	2509	2310	360	43.773
lcl|NC_052679.1_mrna_XM_011163660.2_32618	3006	2807	47	4.70296
lcl|NC_052679.1_ncrna_XR_005576469.1_32619	805	606	11	5.09842
lcl|NC_052679.1_ncrna_XR_005576470.1_32620	710	511	0	0
lcl|NC_052679.1_ncrna_XR_850561.3_32621	1342	1143	1.09368	0.268756
lcl|NC_052679.1_ncrna_XR_005576471.1_32622	1643	1444	0	0
lcl|NC_052679.1_mrna_XM_026137677.2_32623	1161	962	565	164.964
lcl|NC_052679.1_mrna_XM_039458759.1_32624	1050	851	0	0
lcl|NC_052679.1_mrna_XM_039458760.1_32625	2598	2399	4	0.468323
lcl|NC_052679.1_mrna_XM_026137674.2_32626	3141	2942	2	0.190943
lcl|NC_052679.1_ncrna_XR_005576564.1_32627	1189	990	1	0.283714
lcl|NC_052679.1_mrna_XM_011169584.3_32628	25550	25351	11	0.121875
lcl|NC_052679.1_mrna_XM_011169581.3_32629	2014	1815	0	0
lcl|NC_052679.1_mrna_XM_011169582.3_32630	1792	1593	12	2.11583
lcl|NC_052679.1_mrna_XM_011169583.3_32631	1695	1496	0	0
lcl|NC_052679.1_mrna_XM_026137680.2_32632	1757	1558	0	0
lcl|NC_052679.1_mrna_XM_039458473.1_32633	3467	3268	208.602	17.9288
lcl|NC_052679.1_mrna_XM_039458474.1_32634	2235	2036	382.398	52.7538
lcl|NC_052679.1_ncrna_XR_005576501.1_32635	699	500	12	6.74104
lcl|NC_052679.1_mrna_XM_011169578.3_32636	3107	2908	588.847	56.8753
lcl|NC_052679.1_ncrna_XR_851033.3_32637	694	495	187	106.109
lcl|NC_052679.1_mrna_XM_011169577.3_32638	13390	13191	241.669	5.14587
lcl|NC_052679.1_mrna_XM_011169576.3_32639	13462	13263	1.0282	0.0217748
lcl|NC_052679.1_mrna_XM_011169573.3_32640	13465	13266	0.819524	0.0173515
lcl|NC_052679.1_mrna_XM_039458475.1_32641	12774	12575	0	0
lcl|NC_052679.1_mrna_XM_026137670.2_32642	13455	13256	68.0945	1.44283
lcl|NC_052679.1_mrna_XM_011169575.3_32643	13661	13462	0	0
lcl|NC_052679.1_mrna_XM_011169574.3_32644	13711	13512	62.8094	1.30563
lcl|NC_052679.1_mrna_XM_026137672.2_32645	12767	12568	13.5794	0.303479
lcl|NC_052679.1_mrna_XM_039458476.1_32646	4418	4219	76.8383	5.11545
lcl|NC_052679.1_mrna_XM_011169571.3_32647	3808	3609	727.988	56.6569
lcl|NC_052679.1_mrna_XM_011169572.3_32648	5392	5193	54.5977	2.95306
lcl|NC_052679.1_mrna_XM_011169570.3_32649	5400	5201	1.77576	0.0958989
lcl|NC_052679.1_mrna_XM_011169567.3_32650	2044	1845	236.8	36.0497
lcl|NC_052679.1_mrna_XM_011169568.3_32651	662	463	96.102	58.2998
lcl|NC_052679.1_mrna_XM_026137669.2_32652	744	545	3.89805	2.00894
lcl|NC_052679.1_mrna_XM_011169569.3_32653	855	656	0	0
lcl|NC_052679.1_mrna_XM_026137667.2_32654	1492	1293	151.882	32.993
lcl|NC_052679.1_mrna_XM_011169564.3_32655	1257	1058	262.118	69.5869
lcl|NC_052679.1_mrna_XM_039458477.1_32656	1747	1548	0	0
lcl|NC_052679.1_mrna_XM_026137666.2_32657	1695	1496	282.911	53.1171
lcl|NC_052679.1_mrna_XM_039458480.1_32658	1557	1358	2	0.413662
lcl|NC_052679.1_mrna_XM_011169565.3_32659	1667	1468	0	0
lcl|NC_052679.1_mrna_XM_039458479.1_32660	1622	1423	0	0
lcl|NC_052679.1_mrna_XM_011169559.3_32661	1690	1491	0	0
lcl|NC_052679.1_mrna_XM_039458707.1_32662	1720	1521	0	0
lcl|NC_052679.1_mrna_XM_039458708.1_32663	1737	1538	0	0
lcl|NC_052679.1_mrna_XM_039458709.1_32664	1687	1488	0	0
lcl|NC_052679.1_mrna_XM_039458706.1_32665	1641	1442	3	0.584348
lcl|NC_052679.1_mrna_XM_011169560.3_32666	1554	1355	20	4.14578
lcl|NC_052679.1_ncrna_XR_005576504.1_32667	946	747	0	0
lcl|NC_052679.1_mrna_XM_011169563.3_32668	2157	1958	280.232	40.1996
lcl|NC_052679.1_mrna_XM_011169562.3_32669	2190	1991	105.578	14.8942
lcl|NC_052679.1_mrna_XM_011169561.3_32670	2272	2073	299.19	40.5381
lcl|NC_052679.1_ncrna_XR_005576587.1_32671	3639	3440	35.6262	2.90888
lcl|NC_052679.1_ncrna_XR_005576586.1_32672	3040	2841	0	0
lcl|NC_052679.1_ncrna_XR_005576585.1_32673	3044	2845	18.2707	1.8038
lcl|NC_052679.1_mrna_XM_011169558.3_32674	1802	1603	69.378	12.1564
lcl|NC_052679.1_mrna_XM_011169557.3_32675	2098	1899	218.982	32.3891
lcl|NC_052679.1_mrna_XM_039458962.1_32676	1975	1776	80.6398	12.7533
lcl|NC_052679.1_mrna_XM_011169556.2_32677	1335	1136	8.08854	1.9999
lcl|NC_052679.1_mrna_XM_011158755.3_32678	3389	3190	0	0
lcl|NC_052679.1_mrna_XM_039458791.1_32679	1183	984	0	0
lcl|NC_052679.1_mrna_XM_039458790.1_32680	1175	976	0	0
lcl|NC_052679.1_mrna_XM_039459175.1_32681	1144	945	5.02715	1.49419
lcl|NC_052679.1_mrna_XM_039459173.1_32682	1527	1328	0	0
lcl|NC_052679.1_mrna_XM_039459174.1_32683	1532	1333	0	0
lcl|NC_052679.1_ncrna_XR_005576628.1_32684	198	15.9266	0	0
lcl|NC_052679.1_mrna_XM_039459179.1_32685	1193	994	0.023074	0.00652008
lcl|NC_052679.1_ncrna_XR_005576627.1_32686	2690	2491	1.42118	0.160247
lcl|NC_052679.1_ncrna_XR_005576626.1_32687	2590	2391	0	0
lcl|NC_052679.1_mrna_XM_039459178.1_32688	3641	3442	6.46401	0.527481
lcl|NC_052679.1_mrna_XM_039459177.1_32689	3647	3448	1.12679	0.0917889
lcl|NC_052679.1_mrna_XM_039459176.1_32690	3665	3466	0.00607794	0.000492543
lcl|NC_052679.1_mrna_XM_026136159.2_32691	918	719	1731	676.214
lcl|NC_052679.1_mrna_XM_011166302.3_32692	1399	1200	298	69.751
lcl|NC_052679.1_mrna_XM_026136157.2_32693	1816	1617	16	2.77924
lcl|NC_052679.1_mrna_XM_011166301.3_32694	1756	1557	0	0
lcl|NC_052679.1_mrna_XM_011166300.3_32695	2091	1892	33	4.89901
lcl|NC_052679.1_mrna_XM_011166304.3_32696	980	781	0	0
lcl|NC_052679.1_mrna_XM_011166305.3_32697	3379	3180	1263	111.556
lcl|NC_052679.1_mrna_XM_039459184.1_32698	2846	2647	0	0
lcl|NC_052679.1_mrna_XM_011166310.3_32699	1768	1569	221	39.5626
lcl|NC_052679.1_mrna_XM_011166309.3_32700	1697	1498	1721	322.689
lcl|NC_052679.1_mrna_XM_011166308.3_32701	2157	1958	574.948	82.4767
lcl|NC_052679.1_mrna_XM_026136170.2_32702	2113	1914	93.0523	13.6553
lcl|NC_052679.1_mrna_XM_011166311.3_32703	1729	1530	179.138	32.886
lcl|NC_052679.1_mrna_XM_011166313.3_32704	1215	1016	1288.86	356.31
lcl|NC_052679.1_mrna_XM_011166315.3_32705	4895	4696	26.2731	1.57144
lcl|NC_052679.1_mrna_XM_011166316.3_32706	4891	4692	350.295	20.9697
lcl|NC_052679.1_mrna_XM_039459182.1_32707	4392	4193	19.4322	1.30171
lcl|NC_052679.1_mrna_XM_011166314.3_32708	3120	2921	18	1.73084
lcl|NC_052679.1_mrna_XM_039459186.1_32709	2777	2578	0	0
lcl|NC_052679.1_mrna_XM_026136152.2_32710	10562	10363	53.1418	1.44035
lcl|NC_052679.1_mrna_XM_039459188.1_32711	10650	10451	196.997	5.2944
lcl|NC_052679.1_mrna_XM_039459191.1_32712	10562	10363	1.04584	0.0283463
lcl|NC_052679.1_mrna_XM_039459187.1_32713	10650	10451	4.05464	0.108971
lcl|NC_052679.1_mrna_XM_039459190.1_32714	10558	10359	417.622	11.3235
lcl|NC_052679.1_mrna_XM_039459189.1_32715	9514	9315	98.1395	2.95922
lcl|NC_052679.1_mrna_XM_039458761.1_32716	3227	3028	2	0.18552
lcl|NC_052679.1_miscrna_XR_005576629.1_32717	5154	4955	0	0
lcl|NC_052679.1_mrna_XM_026136133.2_32718	5189	4990	0	0
lcl|NC_052679.1_mrna_XM_011166322.3_32719	5182	4983	7	0.394569
lcl|NC_052679.1_mrna_XM_026136134.2_32720	2675	2476	185.966	21.096
lcl|NC_052679.1_mrna_XM_011166324.3_32721	2473	2274	189.284	23.3798
lcl|NC_052679.1_mrna_XM_026136136.2_32722	1180	981	0	0
lcl|NC_052679.1_mrna_XM_026136135.2_32723	1379	1180	112.738	26.8351
lcl|NC_052679.1_mrna_XM_039459195.1_32724	1061	862	42.3934	13.8136
lcl|NC_052679.1_mrna_XM_039459196.1_32725	1022	823	92.0768	31.4243
lcl|NC_052679.1_mrna_XM_026136137.2_32726	1121	922	587.541	178.988
lcl|NC_052679.1_ncrna_XR_005576631.1_32727	4541	4342	0	0
lcl|NC_052679.1_mrna_XM_011166326.3_32728	5578	5379	63	3.28969
lcl|NC_052679.1_ncrna_XR_005576630.1_32729	2566	2367	3.17559	0.376827
lcl|NC_052679.1_mrna_XM_011166327.3_32730	2042	1843	95	14.4782
lcl|NC_052679.1_ncrna_XR_005576632.1_32731	965	766	0	0
lcl|NC_052679.1_mrna_XM_039459192.1_32732	1859	1660	0	0
lcl|NC_052679.1_mrna_XM_011166330.3_32733	1749	1550	372	67.4104
lcl|NC_052679.1_mrna_XM_011166329.3_32734	3285	3086	556.227	50.6258
lcl|NC_052679.1_mrna_XM_039459185.1_32735	3194	2995	902.773	84.6637
lcl|NC_052679.1_mrna_XM_011166333.3_32736	822	623	504.349	227.383
lcl|NC_052679.1_mrna_XM_011166331.3_32737	2277	2078	941.351	127.239
lcl|NC_052679.1_mrna_XM_011166332.3_32738	1713	1514	152.3	28.2546
lcl|NC_052679.1_mrna_XM_011166339.3_32739	2910	2711	0	0
lcl|NC_052679.1_mrna_XM_011166340.3_32740	2842	2643	0	0
lcl|NC_052679.1_mrna_XM_039459194.1_32741	2752	2553	59.0658	6.49831
lcl|NC_052679.1_mrna_XM_011166337.3_32742	2818	2619	54.7281	5.86936
lcl|NC_052679.1_mrna_XM_039459193.1_32743	3035	2836	38.1526	3.77862
lcl|NC_052679.1_mrna_XM_011166334.3_32744	2960	2761	274.016	27.8757
lcl|NC_052679.1_mrna_XM_011166341.3_32745	2945	2746	137.511	14.0654
lcl|NC_052679.1_mrna_XM_011166343.3_32746	2237	2038	38.5265	5.30972
lcl|NC_052679.1_mrna_XM_011166344.3_32747	2445	2246	225.845	28.2434
lcl|NC_052679.1_mrna_XM_011166346.3_32748	3629	3430	33.3717	2.73275
lcl|NC_052679.1_mrna_XM_011166347.3_32749	3227	3028	331.783	30.7761
lcl|NC_052679.1_mrna_XM_011166348.3_32750	6664	6465	6	0.260674
lcl|NC_052679.1_mrna_XM_011166349.3_32751	4569	4370	399	25.6453
lcl|NC_052679.1_mrna_XM_011166350.3_32752	2659	2460	20	2.28355
lcl|NC_052679.1_mrna_XM_011166352.3_32753	5860	5661	103.274	5.12407
lcl|NC_052679.1_mrna_XM_011166355.3_32754	6022	5823	0	0
lcl|NC_052679.1_mrna_XM_026136176.2_32755	5845	5646	85.0443	4.23078
lcl|NC_052679.1_mrna_XM_026136173.2_32756	5949	5750	0	0
lcl|NC_052679.1_mrna_XM_039459180.1_32757	5940	5741	0	0
lcl|NC_052679.1_mrna_XM_026136174.2_32758	5910	5711	0	0
lcl|NC_052679.1_mrna_XM_026136181.2_32759	7530	7331	240.98	9.23282
lcl|NC_052679.1_mrna_XM_026136179.2_32760	5819	5620	0	0
lcl|NC_052679.1_mrna_XM_026136177.2_32761	5839	5640	0	0
lcl|NC_052679.1_mrna_XM_026136180.2_32762	5752	5553	1.55104e-06	7.84534e-08
lcl|NC_052679.1_mrna_XM_039459181.1_32763	5661	5462	1.35878e-06	6.98734e-08
lcl|NC_052679.1_mrna_XM_026136182.2_32764	5640	5441	78.6571	4.06046
lcl|NC_052679.1_mrna_XM_026136183.2_32765	5636	5437	8.73792e-06	4.51403e-07
lcl|NC_052679.1_mrna_XM_026136184.2_32766	5546	5347	163.044	8.56465
lcl|NC_052679.1_mrna_XM_011166359.3_32767	5722	5523	0	0
lcl|NC_052679.1_mrna_XM_026136175.2_32768	5971	5772	0	0
lcl|NC_052679.1_mrna_XM_011166364.3_32769	2498	2299	8	0.977387
lcl|NC_052679.1_mrna_XM_011166365.3_32770	3032	2833	15.5393	1.54063
lcl|NC_052679.1_mrna_XM_011166366.3_32771	3077	2878	0	0
lcl|NC_052679.1_mrna_XM_011166367.3_32772	3065	2866	0	0
lcl|NC_052679.1_mrna_XM_039458865.1_32773	4462	4263	0	0
lcl|NC_052679.1_mrna_XM_039458864.1_32774	4912	4713	7.46462	0.444863
lcl|NC_052679.1_mrna_XM_011166368.3_32775	4579	4380	0	0
lcl|NC_052679.1_mrna_XM_039458862.1_32776	3962	3763	0	0
lcl|NC_052679.1_mrna_XM_039458863.1_32777	3720	3521	0	0
lcl|NC_052679.1_ncrna_XR_005576567.1_32778	1883	1684	1.0944	0.182536
lcl|NC_052679.1_ncrna_XR_005576566.1_32779	1643	1444	9.0026	1.75112
lcl|NC_052679.1_mrna_XM_011166369.3_32780	1525	1326	76.9635	16.3026
lcl|NC_052679.1_mrna_XM_011166370.3_32781	1136	937	16.5437	4.95916
lcl|NC_052679.1_mrna_XM_011166371.3_32782	949	750	11.3959	4.26779
lcl|NC_052679.1_mrna_XM_011166379.3_32783	1373	1174	1038.94	248.564
lcl|NC_052679.1_mrna_XM_011166378.3_32784	975	776	1.00137	0.362451
lcl|NC_052679.1_mrna_XM_011166376.3_32785	1211	1012	301	83.5414
lcl|NC_052679.1_mrna_XM_011166377.3_32786	1227	1028	0	0
lcl|NC_052679.1_mrna_XM_011166374.3_32787	1573	1374	1	0.204423
lcl|NC_052679.1_miscrna_XR_005576565.1_32788	2455	2256	0	0
lcl|NC_052679.1_mrna_XM_011166372.3_32789	1626	1427	79.0588	15.5612
lcl|NC_052679.1_mrna_XM_026136188.2_32790	1170	971	108	31.2407
lcl|NC_052679.1_mrna_XM_011166380.3_32791	1397	1198	15	3.51682
lcl|NC_052679.1_mrna_XM_011166381.3_32792	1200	1001	207	58.0834
lcl|NC_052679.1_mrna_XM_039458762.1_32793	2581	2382	1	0.117916
lcl|NC_052679.1_mrna_XM_011166382.3_32794	2821	2622	1062	113.765
lcl|NC_052679.1_mrna_XM_011166384.3_32795	4071	3872	203.653	14.7731
lcl|NC_052679.1_mrna_XM_011166386.3_32796	4276	4077	15.5595	1.07194
lcl|NC_052679.1_mrna_XM_011166387.3_32797	4014	3815	112.787	8.30389
lcl|NC_052679.1_mrna_XM_039458867.1_32798	5296	5097	0	0
lcl|NC_052679.1_mrna_XM_039458866.1_32799	5299	5100	0	0
lcl|NC_052679.1_mrna_XM_011166388.3_32800	5266	5067	247	13.6918
lcl|NC_052679.1_mrna_XM_026136150.2_32801	5269	5070	8.5726e-08	4.7492e-09
lcl|NC_052679.1_mrna_XM_039458868.1_32802	1549	1350	0	0
lcl|NC_052679.1_mrna_XM_011166391.3_32803	5663	5464	222	11.4119
lcl|NC_052679.1_mrna_XM_026136149.2_32804	925	726	2	0.773765
lcl|NC_052679.1_mrna_XM_026136147.2_32805	1506	1307	0	0
lcl|NC_052679.1_mrna_XM_026136148.2_32806	1517	1318	0	0
lcl|NC_052679.1_mrna_XM_039458263.1_32807	8325	8126	0	0
lcl|NC_052679.1_mrna_XM_039458266.1_32808	8301	8102	0	0
lcl|NC_052679.1_mrna_XM_039458268.1_32809	8136	7937	0	0
lcl|NC_052679.1_mrna_XM_039458265.1_32810	8322	8123	0	0
lcl|NC_052679.1_mrna_XM_039458267.1_32811	8193	7994	0	0
lcl|NC_052679.1_mrna_XM_039458264.1_32812	8325	8126	0	0
lcl|NC_052679.1_mrna_XM_039458260.1_32813	8334	8135	0	0
lcl|NC_052679.1_mrna_XM_039458262.1_32814	8481	8282	0	0
lcl|NC_052679.1_mrna_XM_039458261.1_32815	8347	8148	0	0
lcl|NC_052679.1_miscrna_XR_005576461.1_32816	6130	5931	6.96152	0.329679
lcl|NC_052679.1_mrna_XM_039458270.1_32817	6162	5963	0.0315361	0.00148545
lcl|NC_052679.1_mrna_XM_026136143.2_32818	6171	5972	0.00694789	0.000326775
lcl|NC_052679.1_mrna_XM_039458269.1_32819	6260	6061	0	0
lcl|NC_052679.1_mrna_XM_039458271.1_32820	6278	6079	0	0
lcl|NC_052679.1_mrna_XM_011166396.3_32821	3104	2905	0	0
lcl|NC_052679.1_mrna_XM_039458280.1_32822	2973	2774	56.6441	5.7354
lcl|NC_052679.1_mrna_XM_026136145.2_32823	2575	2376	0	0
lcl|NC_052679.1_mrna_XM_011166393.3_32824	2572	2373	111.29	13.1727
lcl|NC_052679.1_mrna_XM_011166398.3_32825	2704	2505	0	0
lcl|NC_052679.1_mrna_XM_011166392.3_32826	2578	2379	105.652	12.4739
lcl|NC_052679.1_mrna_XM_039458281.1_32827	2892	2693	18.1309	1.89103
lcl|NC_052679.1_mrna_XM_039458282.1_32828	2956	2757	36.9847	3.76791
lcl|NC_052679.1_ncrna_XR_003268817.2_32829	1442	1243	14.2976	3.23078
lcl|NC_052679.1_mrna_XM_011166399.3_32830	919	720	856	333.931
lcl|NC_052679.1_ncrna_XR_005576464.1_32831	1336	1137	4.58109	1.13168
lcl|NC_052679.1_mrna_XM_039458283.1_32832	4037	3838	13.7246	1.00441
lcl|NC_052679.1_mrna_XM_039458284.1_32833	2793	2594	0	0
lcl|NC_052679.1_mrna_XM_026136146.2_32834	2840	2641	0	0
lcl|NC_052679.1_mrna_XM_011166401.3_32835	2704	2505	345.694	38.7615
lcl|NC_052679.1_mrna_XM_011166402.3_32836	3992	3793	174	12.8849
lcl|NC_052679.1_mrna_XM_039458275.1_32837	2730	2531	0.700781	0.0777689
lcl|NC_052679.1_mrna_XM_039458274.1_32838	2721	2522	24.9624	2.78008
lcl|NC_052679.1_mrna_XM_039458277.1_32839	2581	2382	0	0
lcl|NC_052679.1_mrna_XM_039458276.1_32840	3250	3051	8.63513	0.794955
lcl|NC_052679.1_mrna_XM_011166404.3_32841	1198	999	1121	315.178
lcl|NC_052679.1_mrna_XM_039458278.1_32842	6449	6250	0	0
lcl|NC_052679.1_mrna_XM_039458279.1_32843	2158	1959	0	0
lcl|NC_052679.1_mrna_XM_011166406.3_32844	6354	6155	7	0.319437
lcl|NC_052679.1_mrna_XM_011166405.3_32845	6295	6096	0	0
lcl|NC_052679.1_mrna_XM_011166411.3_32846	11642	11443	25.4188	0.623922
lcl|NC_052679.1_mrna_XM_011166410.3_32847	11907	11708	27.9738	0.671095
lcl|NC_052679.1_mrna_XM_039458273.1_32848	11928	11729	4.636	0.111019
lcl|NC_052679.1_mrna_XM_011166412.3_32849	12579	12380	0	0
lcl|NC_052679.1_miscrna_XR_005576462.1_32850	2598	2399	3.11145	0.364291
lcl|NC_052679.1_mrna_XM_011166409.3_32851	2689	2490	2.88855	0.325834
lcl|NC_052679.1_mrna_XM_026136161.2_32852	5882	5683	0	0
lcl|NC_052679.1_miscrna_XR_003268818.2_32853	4897	4698	0	0
lcl|NC_052679.1_mrna_XM_039458272.1_32854	4776	4577	1	0.061367
lcl|NC_052679.1_mrna_XM_026136162.2_32855	3454	3255	0	0
lcl|NC_052679.1_mrna_XM_011166413.3_32856	2314	2115	1	0.132802
lcl|NC_052679.1_mrna_XM_026136160.2_32857	8078	7879	1.24722	0.0444617
lcl|NC_052679.1_mrna_XM_011166421.3_32858	8066	7867	5.75278	0.205393
lcl|NC_052679.1_miscrna_XR_005576463.1_32859	1174	975	0	0
lcl|NC_052679.1_mrna_XM_011166415.3_32860	3044	2845	123.031	12.1464
lcl|NC_052679.1_mrna_XM_011166416.3_32861	2982	2783	652.364	65.8404
lcl|NC_052679.1_mrna_XM_026136165.2_32862	3014	2815	20.6052	2.05596
lcl|NC_052679.1_mrna_XM_039458285.1_32863	2952	2753	0	0
lcl|NC_052679.1_mrna_XM_039459086.1_32864	2833	2634	0	0
lcl|NC_052679.1_mrna_XM_039459087.1_32865	2837	2638	0	0
lcl|NC_052679.1_mrna_XM_026135508.2_32866	1257	1058	0	0
lcl|NC_052679.1_mrna_XM_039458224.1_32867	2872	2673	9.83504	1.03346
lcl|NC_052679.1_mrna_XM_039458226.1_32868	2666	2467	0	0
lcl|NC_052679.1_mrna_XM_039458228.1_32869	2504	2305	1.01902e-07	1.24173e-08
lcl|NC_052679.1_mrna_XM_039458237.1_32870	2907	2708	225.303	23.3687
lcl|NC_052679.1_mrna_XM_039458229.1_32871	2698	2499	0	0
lcl|NC_052679.1_mrna_XM_039458230.1_32872	1876	1677	0	0
lcl|NC_052679.1_mrna_XM_039458239.1_32873	1807	1608	0	0
lcl|NC_052679.1_mrna_XM_039458227.1_32874	2605	2406	26.1456	3.05224
lcl|NC_052679.1_mrna_XM_039458231.1_32875	1714	1515	0	0
lcl|NC_052679.1_mrna_XM_039458241.1_32876	1666	1467	0	0
lcl|NC_052679.1_mrna_XM_039458242.1_32877	1597	1398	0	0
lcl|NC_052679.1_mrna_XM_039458240.1_32878	3194	2995	0	0
lcl|NC_052679.1_miscrna_XR_005576458.1_32879	2791	2592	104.967	11.3746
lcl|NC_052679.1_mrna_XM_039458232.1_32880	3178	2979	0	0
lcl|NC_052679.1_mrna_XM_039458233.1_32881	3201	3002	0	0
lcl|NC_052679.1_mrna_XM_039458234.1_32882	3153	2954	0	0
lcl|NC_052679.1_mrna_XM_039458235.1_32883	3118	2919	30.3313	2.91858
lcl|NC_052679.1_mrna_XM_039458236.1_32884	3039	2840	0	0
lcl|NC_052679.1_mrna_XM_039458238.1_32885	2991	2792	30.114	3.02949
lcl|NC_052679.1_mrna_XM_039458225.1_32886	2586	2387	59.5375	7.00573
lcl|NC_052679.1_mrna_XM_039459095.1_32887	1455	1256	3.51818	0.786764
lcl|NC_052679.1_mrna_XM_039459098.1_32888	1470	1271	2.37104e-05	5.23974e-06
lcl|NC_052679.1_mrna_XM_039459097.1_32889	1367	1168	0	0
lcl|NC_052679.1_mrna_XM_039459096.1_32890	1383	1184	0	0
lcl|NC_052679.1_mrna_XM_039459094.1_32891	1450	1251	0	0
lcl|NC_052679.1_mrna_XM_039459103.1_32892	441	242	1	1.16065
lcl|NC_052679.1_mrna_XM_039459101.1_32893	384	185	0.481793	0.731483
lcl|NC_052679.1_mrna_XM_039459100.1_32894	1639	1440	0	0
lcl|NC_052679.1_mrna_XM_039459099.1_32895	1613	1414	0	0
lcl|NC_052679.1_mrna_XM_039459105.1_32896	1474	1275	0	0
lcl|NC_052679.1_mrna_XM_039459104.1_32897	831	632	0	0
lcl|NC_052679.1_mrna_XM_039459106.1_32898	2025	1826	0	0
lcl|NC_052679.1_mrna_XM_026133771.2_32899	1648	1449	2	0.387684
lcl|NC_052679.1_mrna_XM_011171714.3_32900	2153	1954	877	126.064
lcl|NC_052679.1_mrna_XM_011171719.3_32901	2154	1955	231.124	33.2059
lcl|NC_052679.1_mrna_XM_011171718.3_32902	1498	1299	18.8757	4.0814
lcl|NC_052679.1_mrna_XM_011171715.3_32903	2194	1995	1230.73	173.275
lcl|NC_052679.1_mrna_XM_039459093.1_32904	2468	2269	51.2673	6.34631
lcl|NC_052679.1_mrna_XM_011171720.3_32905	2602	2403	2680	313.254
lcl|NC_052679.1_mrna_XM_026133688.2_32906	2771	2572	685	74.8058
lcl|NC_052679.1_mrna_XM_039459092.1_32907	7571	7372	332.023	12.6502
lcl|NC_052679.1_mrna_XM_039459102.1_32908	821	622	564.977	255.127
lcl|NC_052679.1_mrna_XM_039459014.1_32909	5880	5681	1.43979	0.0711854
lcl|NC_052679.1_mrna_XM_039459015.1_32910	5856	5657	100.56	4.99293
lcl|NC_052679.1_mrna_XM_039459016.1_32911	8783	8584	0	0
lcl|NC_052679.1_mrna_XM_039459018.1_32912	8627	8428	0	0
lcl|NC_052679.1_mrna_XM_039459017.1_32913	8705	8506	0	0
lcl|NC_052679.1_mrna_XM_039459019.1_32914	8459	8260	0	0
lcl|NC_052679.1_mrna_XM_011171736.3_32915	8509	8310	3	0.1014
lcl|NC_052679.1_mrna_XM_011171737.3_32916	2401	2202	495	63.1399
lcl|NC_052679.1_mrna_XM_026133709.2_32917	5354	5155	8	0.43589
lcl|NC_052679.1_mrna_XM_026133710.2_32918	2833	2634	0	0
lcl|NC_052679.1_mrna_XM_011171738.3_32919	1226	1027	54	14.7686
lcl|NC_052679.1_mrna_XM_026133714.2_32920	2616	2417	3	0.348626
lcl|NC_052679.1_mrna_XM_039459125.1_32921	1794	1595	11.1195	1.95812
lcl|NC_052679.1_mrna_XM_039459126.1_32922	1758	1559	0	0
lcl|NC_052679.1_mrna_XM_039459123.1_32923	1670	1471	0	0
lcl|NC_052679.1_mrna_XM_039459124.1_32924	1983	1784	7.49763	1.18044
lcl|NC_052679.1_mrna_XM_026133711.2_32925	2739	2540	63.6006	7.03305
lcl|NC_052679.1_ncrna_XR_003268588.2_32926	1690	1491	1	0.188381
lcl|NC_052679.1_mrna_XM_039458763.1_32927	1903	1704	2	0.329667
lcl|NC_052679.1_mrna_XM_011171740.3_32928	1985	1786	6	0.943595
lcl|NC_052679.1_mrna_XM_026133713.2_32929	1291	1092	701	180.306
lcl|NC_052679.1_mrna_XM_039458764.1_32930	2854	2655	893	94.4719
lcl|NC_052679.1_mrna_XM_026133717.2_32931	3604	3405	1774	146.336
lcl|NC_052679.1_mrna_XM_011171741.3_32932	2997	2798	0	0
lcl|NC_052679.1_mrna_XM_039459128.1_32933	2147	1948	0	0
lcl|NC_052679.1_mrna_XM_011171753.3_32934	1501	1302	6052	1305.58
lcl|NC_052679.1_mrna_XM_039458517.1_32935	1792	1593	12.0459	2.12392
lcl|NC_052679.1_mrna_XM_026133693.2_32936	1818	1619	79.9886	13.877
lcl|NC_052679.1_mrna_XM_026133691.2_32937	1820	1621	677.139	117.33
lcl|NC_052679.1_mrna_XM_026133692.2_32938	1929	1730	110.072	17.871
lcl|NC_052679.1_mrna_XM_039458515.1_32939	1853	1654	40.7543	6.92076
lcl|NC_052679.1_mrna_XM_011171768.3_32940	2738	2539	254.097	28.1095
lcl|NC_052679.1_mrna_XM_011171769.3_32941	2714	2515	139.903	15.6245
lcl|NC_052679.1_mrna_XM_011171765.3_32942	3205	3006	1153	107.735
lcl|NC_052679.1_trna_32943	84	3.8053	0	0
lcl|NC_052679.1_mrna_XM_011171759.3_32944	2356	2157	0	0
lcl|NC_052679.1_mrna_XM_011171758.3_32945	2533	2334	57.9876	6.9783
lcl|NC_052679.1_mrna_XM_011171761.3_32946	2372	2173	50.1061	6.4766
lcl|NC_052679.1_mrna_XM_011171760.3_32947	2512	2313	684.906	83.1709
lcl|NC_052679.1_mrna_XM_039458509.1_32948	2994	2795	28.6912	2.88326
lcl|NC_052679.1_mrna_XM_011171757.3_32949	2884	2685	696.309	72.8406
lcl|NC_052679.1_mrna_XM_039458510.1_32950	2840	2641	8.08253e-06	8.59596e-07
lcl|NC_052679.1_mrna_XM_011171770.3_32951	1957	1758	201	32.1139
lcl|NC_052679.1_mrna_XM_039458518.1_32952	1954	1755	0	0
lcl|NC_052679.1_mrna_XM_026133699.2_32953	14878	14679	46.312	0.886161
lcl|NC_052679.1_mrna_XM_026133696.2_32954	15156	14957	96.5279	1.81269
lcl|NC_052679.1_mrna_XM_026133694.2_32955	15134	14935	3.51199e-07	6.60486e-09
lcl|NC_052679.1_mrna_XM_026133695.2_32956	15094	14895	2.69513e-08	5.08223e-10
lcl|NC_052679.1_mrna_XM_026133698.2_32957	15018	14819	2.12332e-06	4.02451e-08
lcl|NC_052679.1_mrna_XM_026133703.2_32958	2376	2177	14.7209	1.89929
lcl|NC_052679.1_mrna_XM_026133700.2_32959	15206	15007	21.2551	0.397818
lcl|NC_052679.1_mrna_XM_039458526.1_32960	17054	16855	13.9487	0.232446
lcl|NC_052679.1_trna_32961	84	3.8053	0	0
lcl|NC_052679.1_mrna_XM_039458519.1_32962	2324	2125	11.11	1.46849
lcl|NC_052679.1_mrna_XM_039458522.1_32963	7078	6879	0	0
lcl|NC_052679.1_mrna_XM_026133704.2_32964	2277	2078	0	0
lcl|NC_052679.1_mrna_XM_039458520.1_32965	1944	1745	0.890098	0.143271
lcl|NC_052679.1_mrna_XM_039458521.1_32966	1941	1742	4.99989	0.806172
lcl|NC_052679.1_mrna_XM_039458513.1_32967	2538	2339	0	0
lcl|NC_052679.1_mrna_XM_026133707.2_32968	2631	2432	0	0
lcl|NC_052679.1_mrna_XM_039458512.1_32969	3915	3716	0	0
lcl|NC_052679.1_mrna_XM_026133706.2_32970	4021	3822	0	0
lcl|NC_052679.1_mrna_XM_011171773.3_32971	2883	2684	0	0
lcl|NC_052679.1_mrna_XM_011171774.3_32972	2733	2534	0	0
lcl|NC_052679.1_mrna_XM_011171776.3_32973	3178	2979	2	0.188571
lcl|NC_052679.1_mrna_XM_039458511.1_32974	2563	2364	0	0
lcl|NC_052679.1_mrna_XM_011171779.3_32975	2760	2561	0	0
lcl|NC_052679.1_mrna_XM_011171777.3_32976	2801	2602	0	0
lcl|NC_052679.1_mrna_XM_039458524.1_32977	2540	2341	0	0
lcl|NC_052679.1_mrna_XM_039458525.1_32978	2459	2260	0	0
lcl|NC_052679.1_mrna_XM_039458495.1_32979	3317	3118	0	0
lcl|NC_052679.1_mrna_XM_039458496.1_32980	3080	2881	21	2.04735
lcl|NC_052679.1_mrna_XM_039458494.1_32981	3299	3100	0	0
lcl|NC_052679.1_mrna_XM_039458497.1_32982	3102	2903	0	0
lcl|NC_052679.1_mrna_XM_039458493.1_32983	3062	2863	0	0
lcl|NC_052679.1_mrna_XM_039458492.1_32984	3069	2870	0	0
lcl|NC_052679.1_mrna_XM_026133757.2_32985	3029	2830	0	0
lcl|NC_052679.1_mrna_XM_039458766.1_32986	603	404	0	0
lcl|NC_052679.1_mrna_XM_011171782.3_32987	630	431	0	0
lcl|NC_052679.1_mrna_XM_026133766.2_32988	2719	2520	18	2.00626
lcl|NC_052679.1_ncrna_XR_005576503.1_32989	364	165	0	0
lcl|NC_052679.1_mrna_XM_011171789.3_32990	1473	1274	526	115.966
lcl|NC_052679.1_mrna_XM_011171788.3_32991	986	787	416.525	148.656
lcl|NC_052679.1_mrna_XM_011171786.3_32992	1022	823	156.475	53.4024
lcl|NC_052679.1_mrna_XM_011171785.3_32993	1014	815	222	76.5087
lcl|NC_052679.1_mrna_XM_039459107.1_32994	2310	2111	162.091	21.5669
lcl|NC_052679.1_mrna_XM_039459112.1_32995	1778	1579	13.9088	2.47413
lcl|NC_052679.1_mrna_XM_039459108.1_32996	1958	1759	0	0
lcl|NC_052679.1_mrna_XM_039459110.1_32997	1918	1719	0	0
lcl|NC_052679.1_mrna_XM_039459111.1_32998	2059	1860	0	0
lcl|NC_052679.1_mrna_XM_039459113.1_32999	1710	1511	0	0
lcl|NC_052679.1_mrna_XM_039459109.1_33000	1892	1693	0	0
lcl|NC_052679.1_mrna_XM_026133746.2_33001	5573	5374	641.444	33.5256
lcl|NC_052679.1_mrna_XM_011171784.3_33002	6082	5883	43.5229	2.07795
lcl|NC_052679.1_mrna_XM_011171790.3_33003	2040	1841	380.033	57.9806
lcl|NC_052679.1_mrna_XM_011171791.3_33004	9098	8899	100	3.15627
lcl|NC_052679.1_mrna_XM_026133745.2_33005	7350	7151	0	0
lcl|NC_052679.1_mrna_XM_011171792.3_33006	2558	2359	0	0
lcl|NC_052679.1_mrna_XM_011171793.3_33007	7679	7480	44	1.65222
lcl|NC_052679.1_mrna_XM_011171794.3_33008	1218	1019	666	183.576
lcl|NC_052679.1_mrna_XM_011171798.3_33009	6326	6127	0.000688099	3.15441e-05
lcl|NC_052679.1_mrna_XM_011171797.3_33010	6331	6132	235.922	10.8064
lcl|NC_052679.1_miscrna_XR_005576478.1_33011	8671	8472	37.8308	1.25422
lcl|NC_052679.1_miscrna_XR_005576476.1_33012	8769	8570	0.000369816	1.21205e-05
lcl|NC_052679.1_miscrna_XR_005576475.1_33013	11201	11002	0	0
lcl|NC_052679.1_miscrna_XR_005576477.1_33014	11227	11028	0	0
lcl|NC_052679.1_miscrna_XR_005576479.1_33015	11017	10818	2.78292	0.0722554
lcl|NC_052679.1_mrna_XM_011171818.3_33016	2804	2605	682.646	73.6044
lcl|NC_052679.1_mrna_XM_039458336.1_33017	2798	2599	87.1725	9.42083
lcl|NC_052679.1_mrna_XM_039458335.1_33018	3238	3039	17.2023	1.58991
lcl|NC_052679.1_mrna_XM_039458334.1_33019	3390	3191	210.448	18.524
lcl|NC_052679.1_mrna_XM_011171814.3_33020	3275	3076	30.4056	2.77641
lcl|NC_052679.1_mrna_XM_011171815.3_33021	3200	3001	0	0
lcl|NC_052679.1_mrna_XM_026133736.2_33022	4227	4028	11.9279	0.831743
lcl|NC_052679.1_mrna_XM_026133735.2_33023	4231	4032	76.5429	5.33212
lcl|NC_052679.1_mrna_XM_039458339.1_33024	505	306	14.1175	12.9584
lcl|NC_052679.1_mrna_XM_026133737.2_33025	1851	1652	1.31423e-05	2.23448e-06
lcl|NC_052679.1_mrna_XM_026133738.2_33026	1861	1662	748.363	126.473
lcl|NC_052679.1_mrna_XM_039458333.1_33027	5881	5682	14.8646	0.734798
lcl|NC_052679.1_mrna_XM_026133731.2_33028	4681	4482	15.79	0.989522
lcl|NC_052679.1_mrna_XM_039458332.1_33029	4995	4796	0	0
lcl|NC_052679.1_mrna_XM_026133730.2_33030	4352	4153	8.14106	0.550598
lcl|NC_052679.1_mrna_XM_026133732.2_33031	2804	2605	31.2393	3.36828
lcl|NC_052679.1_mrna_XM_011171807.3_33032	2779	2580	687.109	74.8034
lcl|NC_052679.1_mrna_XM_026133733.2_33033	3601	3402	153.652	12.6858
lcl|NC_052679.1_mrna_XM_011171806.3_33034	389	190	286	422.793
lcl|NC_052679.1_mrna_XM_011171805.3_33035	728	529	74	39.2909
lcl|NC_052679.1_mrna_XM_011171802.3_33036	2000	1801	36.9112	5.75652
lcl|NC_052679.1_mrna_XM_026133734.2_33037	2033	1834	28.0888	4.3018
lcl|NC_052679.1_mrna_XM_011171801.3_33038	1158	959	375	109.832
lcl|NC_052679.1_mrna_XM_039458328.1_33039	21024	20825	0	0
lcl|NC_052679.1_mrna_XM_039458330.1_33040	20331	20132	8	0.111614
lcl|NC_052679.1_mrna_XM_039458329.1_33041	21324	21125	0	0
lcl|NC_052679.1_mrna_XM_039458331.1_33042	4352	4153	40.9061	2.76657
lcl|NC_052679.1_mrna_XM_011171823.3_33043	4298	4099	3.25924e-08	2.23334e-09
lcl|NC_052679.1_mrna_XM_011171821.3_33044	4355	4156	19.8262	1.33992
lcl|NC_052679.1_mrna_XM_026133729.2_33045	3378	3179	0	0
lcl|NC_052679.1_mrna_XM_011171824.3_33046	3079	2880	0	0
lcl|NC_052679.1_mrna_XM_039458337.1_33047	1547	1348	3.71921	0.774956
lcl|NC_052679.1_mrna_XM_039458338.1_33048	1539	1340	0	0
lcl|NC_052679.1_mrna_XM_026133740.2_33049	2036	1837	0	0
lcl|NC_052679.1_mrna_XM_011171819.3_33050	1958	1759	4.5485	0.726303
lcl|NC_052679.1_mrna_XM_026133741.2_33051	2450	2251	4.08106	0.509229
lcl|NC_052679.1_miscrna_XR_005576474.1_33052	2204	2005	0	0
lcl|NC_052679.1_mrna_XM_011171825.3_33053	5213	5014	775.919	43.4658
lcl|NC_052679.1_mrna_XM_011171827.3_33054	7353	7154	41.8134	1.64166
lcl|NC_052679.1_mrna_XM_039459169.1_33055	7305	7106	4.27688e-07	1.69051e-08
lcl|NC_052679.1_mrna_XM_026133763.2_33056	3382	3183	78.6838	6.94327
lcl|NC_052679.1_mrna_XM_026133761.2_33057	3490	3291	492.358	42.0213
lcl|NC_052679.1_mrna_XM_026133762.2_33058	3394	3195	103.096	9.0633
lcl|NC_052679.1_mrna_XM_011171828.3_33059	771	572	622.862	305.852
lcl|NC_052679.1_mrna_XM_011171829.3_33060	1492	1293	0	0
lcl|NC_052679.1_mrna_XM_011171830.3_33061	1455	1256	453	101.303
lcl|NC_052679.1_mrna_XM_011171831.3_33062	1065	866	421	136.546
lcl|NC_052679.1_mrna_XM_039459071.1_33063	4963	4764	0	0
lcl|NC_052679.1_mrna_XM_026133680.2_33064	7796	7597	0	0
lcl|NC_052679.1_mrna_XM_026133681.2_33065	7640	7441	0	0
lcl|NC_052679.1_mrna_XM_026133682.2_33066	7609	7410	4.41514	0.167356
lcl|NC_052679.1_mrna_XM_039459072.1_33067	4696	4497	0	0
lcl|NC_052679.1_mrna_XM_011171832.3_33068	2513	2314	8.58486	1.04204
lcl|NC_052679.1_ncrna_XR_003268593.2_33069	4350	4151	1	0.0676648
lcl|NC_052679.1_mrna_XM_039459074.1_33070	6477	6278	0	0
lcl|NC_052679.1_mrna_XM_011171835.3_33071	1607	1408	1476	294.442
lcl|NC_052679.1_mrna_XM_039459075.1_33072	5682	5483	0	0
lcl|NC_052679.1_mrna_XM_011171836.3_33073	5714	5515	0	0
lcl|NC_052679.1_mrna_XM_039459073.1_33074	5468	5269	44.3541	2.3644
lcl|NC_052679.1_mrna_XM_039459076.1_33075	3039	2840	198.707	19.6522
lcl|NC_052679.1_mrna_XM_011177168.3_33076	1961	1762	3	0.478224
lcl|NC_052679.1_mrna_XM_026133764.2_33077	5899	5700	1	0.0492766
lcl|NC_052679.1_mrna_XM_011177040.3_33078	695	496	0	0
lcl|NC_052679.1_ncrna_XR_005576451.1_33079	837	638	5.38628	2.37128
lcl|NC_052679.1_mrna_NM_001304604.2_33080	2665	2466	572.046	65.1559
lcl|NC_052679.1_mrna_XM_011176993.3_33081	3132	2933	822.496	78.7657
lcl|NC_052679.1_mrna_XM_026133689.2_33082	3844	3645	11.0715	0.853152
lcl|NC_052679.1_mrna_XM_039458191.1_33083	3774	3575	21.0512	1.65393
lcl|NC_052679.1_mrna_XM_011176958.3_33084	1137	938	67.6428	20.2551
lcl|NC_052679.1_mrna_XM_039458194.1_33085	1123	924	39.2503	11.9313
lcl|NC_052679.1_mrna_XM_026133758.2_33086	4040	3841	55.0183	4.02327
lcl|NC_052679.1_mrna_XM_039458193.1_33087	3457	3258	0	0
lcl|NC_052679.1_mrna_XM_011177097.2_33088	3291	3092	0	0
lcl|NC_052679.1_mrna_XM_039458195.1_33089	2897	2698	0	0
lcl|NC_052679.1_mrna_XM_011177074.3_33090	4373	4174	0	0
lcl|NC_052679.1_miscrna_XR_005576452.1_33091	4116	3917	0	0
lcl|NC_052679.1_mrna_XM_039458192.1_33092	4048	3849	0	0
lcl|NC_052679.1_mrna_XM_011176901.3_33093	941	742	4	1.51416
lcl|NC_052679.1_mrna_XM_011176943.3_33094	1843	1644	96.5185	16.4901
lcl|NC_052679.1_mrna_XM_011176933.3_33095	1696	1497	88.755	16.6528
lcl|NC_052679.1_mrna_XM_011176912.3_33096	1702	1503	342.608	64.0257
lcl|NC_052679.1_mrna_XM_026133753.2_33097	1222	1023	260.118	71.4186
lcl|NC_052679.1_mrna_XM_011176877.2_33098	1513	1314	304	64.9821
lcl|NC_052679.1_mrna_XM_011176888.3_33099	1178	979	819	234.972
lcl|NC_052679.1_mrna_XM_011176869.3_33100	25440	25241	47.0292	0.523331
lcl|NC_052679.1_ncrna_XR_005576493.1_33101	635	436	0	0
lcl|NC_052679.1_mrna_XM_011176859.3_33102	1354	1155	360	87.546
lcl|NC_052679.1_mrna_XM_011176848.3_33103	3776	3577	4096.74	321.688
lcl|NC_052679.1_mrna_XM_039458401.1_33104	3481	3282	2927.26	250.518
lcl|NC_052679.1_mrna_XM_011176835.3_33105	2340	2141	843	110.593
lcl|NC_052679.1_mrna_XM_026141878.2_33106	493	294	0	0
lcl|NC_052679.1_mrna_XM_039458979.1_33107	4633	4434	3.39482	0.215049
lcl|NC_052679.1_mrna_XM_011176823.3_33108	6295	6096	25.0339	1.15345
lcl|NC_052679.1_mrna_XM_039459078.1_33109	12208	12009	111.651	2.61139
lcl|NC_052679.1_mrna_XM_039459077.1_33110	12226	12027	186.539	4.35639
lcl|NC_052679.1_mrna_XM_026133722.2_33111	9308	9109	3.81022	0.117488
lcl|NC_052679.1_mrna_XM_039459079.1_33112	9353	9154	0	0
lcl|NC_052679.1_mrna_XM_039459080.1_33113	9132	8933	0	0
lcl|NC_052679.1_mrna_XM_011161218.3_33114	5273	5074	161.223	8.92469
lcl|NC_052679.1_mrna_XM_011161209.3_33115	6128	5929	31.6149	1.49771
lcl|NC_052679.1_mrna_XM_039459081.1_33116	7372	7173	0	0
lcl|NC_052679.1_mrna_XM_011161200.3_33117	7812	7613	71.1618	2.62547
lcl|NC_052679.1_mrna_XM_011161231.3_33118	2601	2402	470	54.9592
lcl|NC_052679.1_mrna_XM_039459084.1_33119	4959	4760	92.4018	5.45242
lcl|NC_052679.1_mrna_XM_039459083.1_33120	5183	4984	0	0
lcl|NC_052679.1_mrna_XM_039459082.1_33121	6143	5944	0	0
lcl|NC_052679.1_mrna_XM_011161244.3_33122	6060	5861	32.5982	1.5622
lcl|NC_052679.1_mrna_XM_039459085.1_33123	7618	7419	0	0
lcl|NC_052679.1_mrna_XM_039458909.1_33124	531	332	0	0
lcl|NC_052679.1_mrna_XM_011161445.3_33125	613	414	5	3.39223
lcl|NC_052679.1_mrna_XM_011161276.3_33126	4340	4141	204	13.837
lcl|NC_052679.1_mrna_XM_011161297.3_33127	2651	2452	58	6.6439
lcl|NC_052679.1_trna_33128	72	3.52559	0	0
lcl|NC_052679.1_trna_33129	72	3.52559	0	0
lcl|NC_052679.1_mrna_XM_026133784.2_33130	2082	1883	18.294	2.72881
lcl|NC_052679.1_mrna_XM_026133785.2_33131	2046	1847	634.706	96.5209
lcl|NC_052679.1_mrna_XM_011161308.3_33132	611	412	0	0
lcl|NC_052679.1_mrna_XM_039458885.1_33133	396	197	4	5.70308
lcl|NC_052679.1_mrna_XM_011161387.3_33134	2607	2408	1088	126.908
lcl|NC_052679.1_mrna_XM_039458767.1_33135	1266	1067	1	0.26324
lcl|NC_052679.1_mrna_XM_011161375.3_33136	693	494	0	0
lcl|NC_052679.1_miscrna_XR_003268586.2_33137	2125	1926	22.0284	3.21249
lcl|NC_052679.1_mrna_XM_026133690.2_33138	2205	2006	0	0
lcl|NC_052679.1_mrna_XM_011161349.3_33139	1899	1700	57.6643	9.52738
lcl|NC_052679.1_miscrna_XR_850728.3_33140	2048	1849	37.628	5.71597
lcl|NC_052679.1_mrna_XM_011161319.3_33141	4093	3894	427.679	30.8488
lcl|NC_052679.1_mrna_XM_011161398.3_33142	6975	6776	862	35.7314
lcl|NC_052679.1_mrna_XM_011161415.3_33143	2967	2768	435.029	44.1436
lcl|NC_052679.1_mrna_XM_011161408.3_33144	3607	3408	0	0
lcl|NC_052679.1_mrna_XM_026133684.2_33145	2813	2614	228.422	24.5441
lcl|NC_052679.1_mrna_XM_039458871.1_33146	3436	3237	15.3066	1.32816
lcl|NC_052679.1_mrna_XM_039458872.1_33147	2585	2386	37.2428	4.38417
lcl|NC_052679.1_ncrna_XR_005576568.1_33148	1216	1017	175	48.3318
lcl|NC_052679.1_mrna_XM_039458883.1_33149	1223	1024	0	0
lcl|NC_052679.1_mrna_XM_039458884.1_33150	1727	1528	10.7297	1.97232
lcl|NC_052679.1_mrna_XM_039458882.1_33151	1200	1001	0	0
lcl|NC_052679.1_mrna_XM_039458881.1_33152	897	698	0	0
lcl|NC_052679.1_mrna_XM_026130000.2_33153	879	680	0	0
lcl|NC_052679.1_mrna_XM_011175998.3_33154	710	511	1	0.549661
lcl|NC_052679.1_mrna_XM_039458877.1_33155	1700	1501	1	0.187126
lcl|NC_052679.1_mrna_XM_039458876.1_33156	2226	2027	8	1.10854
lcl|NC_052679.1_mrna_XM_011157451.3_33157	2016	1817	1944.62	300.604
lcl|NC_052679.1_mrna_XM_026138219.2_33158	2484	2285	27.6882	3.40348
lcl|NC_052679.1_mrna_XM_011157450.3_33159	2200	2001	746.693	104.812
lcl|NC_052679.1_mrna_XM_011157453.3_33160	3995	3796	72.6198	5.37335
lcl|NC_052679.1_mrna_XM_011157452.3_33161	4049	3850	1.45195e-08	1.05927e-09
lcl|NC_052679.1_mrna_XM_039458870.1_33162	3859	3660	250.38	19.2147
lcl|NC_052679.1_mrna_XM_011157455.3_33163	2812	2613	1077	115.769
lcl|NC_052679.1_mrna_XM_011157456.3_33164	1339	1140	204.586	50.4065
lcl|NC_052679.1_mrna_XM_011157457.3_33165	1321	1122	53.4142	13.3715
lcl|NC_052679.1_mrna_XM_026138220.2_33166	2604	2405	167.5	19.5621
lcl|NC_052679.1_mrna_XM_011157459.3_33167	2678	2479	33.5	3.79563
lcl|NC_052679.1_mrna_XM_039458873.1_33168	2532	2333	0	0
lcl|NC_052679.1_mrna_XM_039458874.1_33169	2536	2337	0	0
lcl|NC_052679.1_mrna_XM_011157461.3_33170	2464	2265	1649.5	204.551
lcl|NC_052679.1_mrna_XM_026138217.2_33171	5832	5633	104.497	5.21049
lcl|NC_052679.1_mrna_XM_039458875.1_33172	3084	2885	41.0181	3.99342
lcl|NC_052679.1_mrna_XM_026138222.2_33173	2856	2657	2.7963e-06	2.95602e-07
lcl|NC_052679.1_mrna_XM_026138223.2_33174	2853	2654	8.68344e-06	9.18981e-07
lcl|NC_052679.1_mrna_XM_026138226.2_33175	2838	2639	0.00255626	0.00027207
lcl|NC_052679.1_mrna_XM_026138230.2_33176	1832	1633	0	0
lcl|NC_052679.1_mrna_XM_026138224.2_33177	2839	2640	0.00174813	0.000185988
lcl|NC_052679.1_mrna_XM_026138229.2_33178	1890	1691	0	0
lcl|NC_052679.1_mrna_XM_026138225.2_33179	2835	2636	0.00799965	0.000852395
lcl|NC_052679.1_mrna_XM_026138228.2_33180	2817	2618	7.72257	0.828529
lcl|NC_052679.1_mrna_XM_026138227.2_33181	2818	2619	5.26512	0.564662
lcl|NC_052679.1_mrna_XM_039458878.1_33182	1246	1047	0	0
lcl|NC_052679.1_mrna_XM_039458880.1_33183	755	556	41.1201	20.7728
lcl|NC_052679.1_mrna_XM_039458879.1_33184	1378	1179	18.2637	4.35101
lcl|NC_052679.1_mrna_XM_011157464.3_33185	790	591	244.367	116.137
lcl|NC_052679.1_mrna_XM_039458869.1_33186	4718	4519	0	0
lcl|NC_052679.1_mrna_XM_026138221.2_33187	6534	6335	5.00895	0.222083
lcl|NC_052679.1_ncrna_XR_003269107.2_33188	1442	1243	1	0.225967
lcl|NC_052679.1_ncrna_XR_850574.3_33189	1123	924	10.0893	3.06692
lcl|NC_052679.1_mrna_XM_011157465.3_33190	1571	1372	2091	428.071
lcl|NC_052679.1_mrna_XM_011157466.3_33191	1432	1233	0	0
lcl|NC_052679.1_mrna_XM_011157467.3_33192	1461	1262	0	0
lcl|NC_052679.1_mrna_XM_039459206.1_33193	1399	1200	0	0
lcl|NC_052679.1_mrna_XM_039459205.1_33194	1316	1117	1	0.251456
lcl|NC_052679.1_mrna_XM_039458768.1_33195	3172	2973	30.8751	2.91695
lcl|NC_052679.1_mrna_XM_039459210.1_33196	624	425	0	0
lcl|NC_052679.1_mrna_XM_039459209.1_33197	869	670	0	0
lcl|NC_052679.1_mrna_XM_039458769.1_33198	2453	2254	363.594	45.3084
lcl|NC_052679.1_mrna_XM_039458770.1_33199	2474	2275	132.531	16.3625
lcl|NC_052679.1_mrna_XM_039458771.1_33200	2869	2670	204	21.4602
lcl|NC_052679.1_mrna_XM_026138250.2_33201	1437	1238	0	0
lcl|NC_052679.1_mrna_XM_011157468.3_33202	1491	1292	0	0
lcl|NC_052679.1_mrna_XM_039459207.1_33203	5541	5342	33.473	1.75998
lcl|NC_052679.1_mrna_XM_011157475.3_33204	5401	5202	265.527	14.3369
lcl|NC_052679.1_mrna_XM_039459208.1_33205	5868	5669	0	0
lcl|NC_052679.1_mrna_XM_011157478.3_33206	5566	5367	1.43276	0.074982
lcl|NC_052679.1_mrna_XM_011157477.3_33207	5590	5391	0.00095335	4.96705e-05
lcl|NC_052679.1_mrna_XM_011157476.3_33208	5598	5399	295.566	15.3765
lcl|NC_052679.1_mrna_XM_039458558.1_33209	1907	1708	0	0
lcl|NC_052679.1_mrna_XM_011157481.3_33210	1959	1760	221.677	35.3771
lcl|NC_052679.1_mrna_XM_011157482.3_33211	1866	1667	367.323	61.8912
lcl|NC_052679.1_mrna_XM_011157479.2_33212	2468	2269	161	19.93
lcl|NC_052679.1_mrna_XM_039458567.1_33213	16318	16119	0	0
lcl|NC_052679.1_mrna_XM_026138241.2_33214	16132	15933	0	0
lcl|NC_052679.1_mrna_XM_039458566.1_33215	14161	13962	47.9819	0.965262
lcl|NC_052679.1_mrna_XM_039458565.1_33216	14173	13974	20.2699	0.407425
lcl|NC_052679.1_mrna_XM_039458563.1_33217	14269	14070	0	0
lcl|NC_052679.1_mrna_XM_039458562.1_33218	14281	14082	0	0
lcl|NC_052679.1_mrna_XM_039458564.1_33219	14248	14049	1.39191e-08	2.7828e-10
lcl|NC_052679.1_mrna_XM_039458560.1_33220	14344	14145	0	0
lcl|NC_052679.1_mrna_XM_039458559.1_33221	14356	14157	0	0
lcl|NC_052679.1_mrna_XM_039458561.1_33222	16575	16376	0	0
lcl|NC_052679.1_ncrna_XR_005576610.1_33223	1576	1377	2	0.407955
lcl|NC_052679.1_mrna_XM_011163062.3_33224	4613	4414	23.3594	1.48643
lcl|NC_052679.1_mrna_XM_011163064.3_33225	4559	4360	127.425	8.2089
lcl|NC_052679.1_mrna_XM_011163063.3_33226	4598	4399	121.215	7.73961
lcl|NC_052679.1_mrna_XM_026131527.2_33227	2716	2517	96.2171	10.737
lcl|NC_052679.1_mrna_XM_026131526.2_33228	2373	2174	57.7829	7.46544
lcl|NC_052679.1_mrna_XM_026131530.2_33229	3714	3515	354	28.2874
lcl|NC_052679.1_mrna_XM_039459056.1_33230	1573	1374	0	0
lcl|NC_052679.1_mrna_XM_026131520.2_33231	545	346	0	0
lcl|NC_052679.1_mrna_XM_026131531.2_33232	6670	6471	0	0
lcl|NC_052679.1_mrna_XM_039459057.1_33233	4151	3952	0	0
lcl|NC_052679.1_mrna_XM_011163056.3_33234	6881	6682	48.7227	2.04805
lcl|NC_052679.1_mrna_XM_011163058.3_33235	6542	6343	5.27732	0.233687
lcl|NC_052679.1_mrna_XM_039459058.1_33236	8845	8646	0	0
lcl|NC_052679.1_mrna_XM_011163055.3_33237	5509	5310	64	3.38533
lcl|NC_052679.1_mrna_XM_039459068.1_33238	1920	1721	0	0
lcl|NC_052679.1_mrna_XM_039459070.1_33239	738	539	0	0
lcl|NC_052679.1_mrna_XM_039459069.1_33240	2518	2319	0	0
lcl|NC_052679.1_mrna_XM_039458772.1_33241	1536	1337	0	0
lcl|NC_052679.1_mrna_XM_011159268.3_33242	1748	1549	131.33	23.8139
lcl|NC_052679.1_mrna_XM_011159285.3_33243	1426	1227	12.6739	2.90123
lcl|NC_052679.1_mrna_XM_011159313.3_33244	1356	1157	632	153.426
lcl|NC_052679.1_mrna_XM_011159281.3_33245	1686	1487	436.513	82.4521
lcl|NC_052679.1_mrna_XM_011159294.3_33246	1606	1407	60.4661	12.0707
lcl|NC_052679.1_mrna_XM_011159275.2_33247	1579	1380	433.937	88.321
lcl|NC_052679.1_mrna_XM_011159304.3_33248	1454	1255	11.0791	2.47957
lcl|NC_052679.1_mrna_XM_039458773.1_33249	4346	4147	70.1398	4.75058
lcl|NC_052679.1_mrna_XM_039459062.1_33250	1704	1505	80.1376	14.956
lcl|NC_052679.1_mrna_XM_026131453.2_33251	3488	3289	0	0
lcl|NC_052679.1_miscrna_XR_005576611.1_33252	3392	3193	0	0
lcl|NC_052679.1_mrna_XM_039459061.1_33253	3266	3067	0	0
lcl|NC_052679.1_mrna_XM_039459060.1_33254	3416	3217	4.07546e-08	3.55829e-09
lcl|NC_052679.1_mrna_XM_026131454.2_33255	3407	3208	166.033	14.537
lcl|NC_052679.1_mrna_XM_026131451.2_33256	2506	2307	549.634	66.9178
lcl|NC_052679.1_ncrna_XR_003268297.2_33257	427	228	0	0
lcl|NC_052679.1_mrna_XM_011159334.3_33258	3695	3496	111.056	8.9225
lcl|NC_052679.1_ncrna_XR_005576612.1_33259	295	96.0001	0	0
lcl|NC_052679.1_mrna_XM_011159365.3_33260	1984	1785	826	129.974
lcl|NC_052679.1_mrna_XM_011159379.3_33261	2302	2103	190	25.3764
lcl|NC_052679.1_mrna_XM_039459064.1_33262	4884	4685	0	0
lcl|NC_052679.1_mrna_XM_011159390.3_33263	5370	5171	0	0
lcl|NC_052679.1_mrna_XM_039459065.1_33264	5063	4864	0	0
lcl|NC_052679.1_mrna_XM_039459066.1_33265	5020	4821	0	0
lcl|NC_052679.1_mrna_XM_039459067.1_33266	4981	4782	0	0
lcl|NC_052679.1_mrna_XM_011159399.3_33267	4255	4056	0	0
lcl|NC_052679.1_mrna_XM_011159409.3_33268	1186	987	4681	1332.1
lcl|NC_052679.1_mrna_XM_011159436.3_33269	775	576	183	89.2369
lcl|NC_052679.1_mrna_XM_039458825.1_33270	713	514	272	148.635
lcl|NC_052679.1_mrna_XM_026131514.2_33271	2588	2389	0.118396	0.01392
lcl|NC_052679.1_mrna_XM_026131513.2_33272	2597	2398	0.00272527	0.00031921
lcl|NC_052679.1_mrna_XM_026131515.2_33273	2721	2522	0	0
lcl|NC_052679.1_mrna_XM_026131512.2_33274	2777	2578	39.8789	4.34486
lcl|NC_052679.1_mrna_XM_026131466.2_33275	11060	10861	8.89069	0.229922
lcl|NC_052679.1_mrna_XM_011159458.3_33276	11066	10867	5.10931	0.132059
lcl|NC_052679.1_mrna_XM_039458774.1_33277	942	743	3	1.13409
lcl|NC_052679.1_mrna_XM_039458375.1_33278	4401	4202	0	0
lcl|NC_052679.1_mrna_XM_026131480.2_33279	4240	4041	0	0
lcl|NC_052679.1_mrna_XM_039458374.1_33280	4885	4686	0	0
lcl|NC_052679.1_mrna_XM_026131479.2_33281	4798	4599	11.3701	0.694408
lcl|NC_052679.1_mrna_XM_026131478.2_33282	4304	4105	0	0
lcl|NC_052679.1_mrna_XM_011159469.3_33283	4654	4455	131.264	8.27586
lcl|NC_052679.1_mrna_XM_011159503.3_33284	4490	4291	2.32044	0.151889
lcl|NC_052679.1_mrna_XM_011159487.3_33285	4730	4531	0	0
lcl|NC_052679.1_mrna_XM_011159495.3_33286	4342	4143	0	0
lcl|NC_052679.1_mrna_XM_039458379.1_33287	4536	4337	0	0
lcl|NC_052679.1_mrna_XM_039458378.1_33288	4247	4048	0	0
lcl|NC_052679.1_mrna_XM_011159514.3_33289	4646	4447	0	0
lcl|NC_052679.1_mrna_XM_026131482.2_33290	4782	4583	10.6441	0.652342
lcl|NC_052679.1_mrna_XM_039458377.1_33291	4797	4598	0.401553	0.0245295
lcl|NC_052679.1_mrna_XM_026131481.2_33292	4908	4709	0	0
lcl|NC_052679.1_mrna_XM_039458376.1_33293	4058	3859	0	0
lcl|NC_052679.1_mrna_XM_026131483.2_33294	2261	2062	0.188418	0.0256654
lcl|NC_052679.1_mrna_XM_039458380.1_33295	2258	2059	0.811582	0.110711
lcl|NC_052679.1_mrna_XM_011159537.3_33296	2456	2257	1	0.124447
lcl|NC_052679.1_mrna_XM_011159532.3_33297	998	799	0	0
lcl|NC_052679.1_ncrna_XR_005576489.1_33298	278	79.0036	0	0
lcl|NC_052679.1_mrna_XM_011159547.3_33299	2570	2371	0	0
lcl|NC_052679.1_mrna_XM_011159560.3_33300	2243	2044	0	0
lcl|NC_052679.1_mrna_XM_026131524.2_33301	2240	2041	0	0
lcl|NC_052679.1_mrna_XM_011159571.3_33302	5280	5081	22.7847	1.25954
lcl|NC_052679.1_mrna_XM_011159579.3_33303	5253	5054	5.9191e-06	3.28955e-07
lcl|NC_052679.1_mrna_XM_011159589.3_33304	5057	4858	122.215	7.06616
lcl|NC_052679.1_mrna_XM_039458828.1_33305	2814	2615	1	0.10741
lcl|NC_052679.1_mrna_XM_011159993.2_33306	3648	3449	0	0
lcl|NC_052679.1_mrna_XM_011159601.3_33307	7504	7305	9	0.346049
lcl|NC_052679.1_mrna_XM_011159612.3_33308	562	363	2	1.54753
lcl|NC_052679.1_mrna_XM_026131488.2_33309	9587	9388	0	0
lcl|NC_052679.1_mrna_XM_026131487.2_33310	4936	4737	0	0
lcl|NC_052679.1_mrna_XM_026131489.2_33311	4978	4779	0	0
lcl|NC_052679.1_mrna_XM_011159634.3_33312	13830	13631	0	0
lcl|NC_052679.1_ncrna_XR_005576561.1_33313	375	176	0	0
lcl|NC_052679.1_mrna_XM_011159688.3_33314	10312	10113	8.0064	0.222368
lcl|NC_052679.1_mrna_XM_011159681.3_33315	11483	11284	0	0
lcl|NC_052679.1_mrna_XM_039458829.1_33316	23801	23602	0	0
lcl|NC_052679.1_mrna_XM_026131500.2_33317	2375	2176	1.44717	0.1868
lcl|NC_052679.1_mrna_XM_039458886.1_33318	2373	2174	22.3544	2.88814
lcl|NC_052679.1_mrna_XM_011159701.3_33319	2322	2123	531.198	70.2785
lcl|NC_052679.1_mrna_XM_039458887.1_33320	1980	1781	0	0
lcl|NC_052679.1_mrna_XM_026131499.2_33321	3648	3449	70	5.7006
lcl|NC_052679.1_mrna_XM_011159713.3_33322	2955	2756	3129	318.891
lcl|NC_052679.1_mrna_XM_011159727.3_33323	1625	1426	409	80.56
lcl|NC_052679.1_mrna_XM_039458889.1_33324	6898	6699	5	0.209641
lcl|NC_052679.1_mrna_XM_011159763.3_33325	7187	6988	0	0
lcl|NC_052679.1_mrna_XM_039458888.1_33326	7226	7027	0	0
lcl|NC_052679.1_ncrna_XR_005576570.1_33327	3245	3046	0	0
lcl|NC_052679.1_mrna_XM_011159751.3_33328	8798	8599	80	2.61311
lcl|NC_052679.1_mrna_XM_026131519.2_33329	4524	4325	212	13.7678
lcl|NC_052679.1_mrna_XM_011160030.3_33330	1431	1232	0	0
lcl|NC_052679.1_mrna_XM_011159739.3_33331	2607	2408	124	14.4638
lcl|NC_052679.1_ncrna_XR_005576569.1_33332	3817	3618	8	0.621065
lcl|NC_052679.1_mrna_XM_039458775.1_33333	1034	835	2	0.672759
lcl|NC_052679.1_mrna_XM_039458457.1_33334	2703	2504	0	0
lcl|NC_052679.1_mrna_XM_011159801.3_33335	3328	3129	0	0
lcl|NC_052679.1_mrna_XM_011159795.3_33336	2900	2701	0	0
lcl|NC_052679.1_mrna_XM_026131522.2_33337	2889	2690	0	0
lcl|NC_052679.1_mrna_XM_026131523.2_33338	2440	2241	11	1.37869
lcl|NC_052679.1_trna_33339	84	3.8053	0	0
lcl|NC_052679.1_mrna_XM_039459171.1_33340	6377	6178	3.75444	0.170692
lcl|NC_052679.1_mrna_XM_011159822.3_33341	6193	5994	0	0
lcl|NC_052679.1_mrna_XM_011159813.3_33342	6689	6490	0	0
lcl|NC_052679.1_mrna_XM_011159830.3_33343	7236	7037	47.4782	1.89506
lcl|NC_052679.1_mrna_XM_039459172.1_33344	6848	6649	1.76739	0.0746609
lcl|NC_052679.1_mrna_XM_039459170.1_33345	5969	5770	0	0
lcl|NC_052679.1_mrna_XM_011159856.3_33346	3921	3722	1748	131.911
lcl|NC_052679.1_mrna_XM_011159866.2_33347	1079	880	827	263.96
lcl|NC_052679.1_mrna_XM_039458961.1_33348	1940	1741	712	114.867
lcl|NC_052679.1_ncrna_XR_005576633.1_33349	252	53.2554	0	0
lcl|NC_052679.1_mrna_XM_039458587.1_33350	1398	1199	792.393	185.625
lcl|NC_052679.1_mrna_XM_039458588.1_33351	1392	1193	0	0
lcl|NC_052679.1_mrna_XM_039458777.1_33352	2637	2438	358.192	41.2666
lcl|NC_052679.1_mrna_XM_039458778.1_33353	1415	1216	1326.41	306.381
lcl|NC_052679.1_ncrna_XR_005576559.1_33354	564	365	0	0
lcl|NC_052679.1_mrna_XM_026131437.1_33355	1374	1175	0	0
lcl|NC_052679.1_mrna_XM_039458779.1_33356	619	420	1	0.668754
lcl|NC_052679.1_mrna_XM_011157583.3_33357	5183	4984	68.2147	3.84429
lcl|NC_052679.1_mrna_XM_011157582.3_33358	5207	5008	154.785	8.68123
lcl|NC_052679.1_mrna_XM_011157584.3_33359	4843	4644	0	0
lcl|NC_052679.1_mrna_XM_039459129.1_33360	4710	4511	7.67062e-06	4.7761e-07
lcl|NC_052679.1_mrna_XM_039459131.1_33361	4709	4510	9.58086e-06	5.96683e-07
lcl|NC_052679.1_mrna_XM_039459130.1_33362	5603	5404	0	0
lcl|NC_052679.1_mrna_XM_011157585.3_33363	5166	4967	0	0
lcl|NC_052679.1_mrna_XM_011157581.3_33364	2995	2796	4136.54	415.542
lcl|NC_052679.1_mrna_XM_026131472.2_33365	7786	7587	0	0
lcl|NC_052679.1_mrna_XM_011157586.3_33366	7787	7588	0	0
lcl|NC_052679.1_mrna_XM_026131473.2_33367	6498	6299	0	0
lcl|NC_052679.1_mrna_XM_026131474.2_33368	6408	6209	0	0
lcl|NC_052679.1_mrna_XM_039458983.1_33369	791	592	0	0
lcl|NC_052679.1_mrna_XM_039458982.1_33370	1991	1792	0	0
lcl|NC_052679.1_mrna_XM_026131475.2_33371	1975	1776	0	0
lcl|NC_052679.1_ncrna_XR_005576589.1_33372	1295	1096	587.071	150.451
lcl|NC_052679.1_mrna_XM_011157588.3_33373	2148	1949	12	1.72936
lcl|NC_052679.1_ncrna_XR_005576590.1_33374	1383	1184	197.154	46.7702
lcl|NC_052679.1_ncrna_XR_005576588.1_33375	1358	1159	6.66114e-07	1.61429e-07
lcl|NC_052679.1_ncrna_XR_005576591.1_33376	904	705	215.775	85.9664
lcl|NC_052679.1_mrna_XM_011157589.3_33377	3555	3356	821	68.7127
lcl|NC_052679.1_mrna_XM_011157590.3_33378	3562	3363	46	3.84191
lcl|NC_052679.1_mrna_XM_011157593.3_33379	1002	803	71.8707	25.1392
lcl|NC_052679.1_mrna_XM_011157592.3_33380	1625	1426	112.378	22.1349
lcl|NC_052679.1_mrna_XM_039458989.1_33381	1850	1651	258.751	44.0201
lcl|NC_052679.1_mrna_XM_011157595.3_33382	6758	6559	0	0
lcl|NC_052679.1_mrna_XM_039458987.1_33383	6840	6641	23.0039	0.972935
lcl|NC_052679.1_ncrna_XR_003268302.2_33384	49276	49077	12	0.0686782
lcl|NC_052679.1_mrna_XM_039458985.1_33385	3450	3251	5.6599	0.488999
lcl|NC_052679.1_mrna_XM_011157597.3_33386	3770	3571	0	0
lcl|NC_052679.1_mrna_XM_039458984.1_33387	3759	3560	0	0
lcl|NC_052679.1_mrna_XM_026131468.2_33388	3615	3416	32.3401	2.65913
lcl|NC_052679.1_mrna_XM_026131470.2_33389	6016	5817	0	0
lcl|NC_052679.1_mrna_XM_039458988.1_33390	6389	6190	2	0.0907518
lcl|NC_052679.1_mrna_XM_026131469.2_33391	2556	2357	0	0
lcl|NC_052679.1_mrna_XM_011157605.3_33392	1110	911	2	0.616634
lcl|NC_052679.1_mrna_XM_011157598.3_33393	1206	1007	97.3384	27.15
lcl|NC_052679.1_mrna_XM_039458316.1_33394	1257	1058	3.66162	0.972083
lcl|NC_052679.1_mrna_XM_026131465.2_33395	3658	3459	544	44.1737
lcl|NC_052679.1_mrna_XM_011157600.3_33396	3295	3096	205	18.5981
lcl|NC_052679.1_ncrna_XR_005576472.1_33397	371	172	0	0
lcl|NC_052679.1_mrna_XM_011157603.3_33398	1456	1257	329	73.5151
lcl|NC_052679.1_mrna_XM_026131438.2_33399	1423	1224	3	0.688423
lcl|NC_052679.1_mrna_XM_039458471.1_33400	1628	1429	0	0
lcl|NC_052679.1_mrna_XM_039458780.1_33401	720	521	0	0
lcl|NC_052679.1_mrna_XM_039458472.1_33402	938	739	0	0
lcl|NC_052679.1_mrna_XM_039458470.1_33403	1207	1008	0	0
lcl|NC_052679.1_mrna_XM_039458468.1_33404	1437	1238	0	0
lcl|NC_052679.1_mrna_XM_039458469.1_33405	1277	1078	0	0
lcl|NC_052679.1_mrna_XM_011157604.3_33406	1506	1307	0	0
lcl|NC_052679.1_mrna_XM_039458466.1_33407	1460	1261	0	0
lcl|NC_052679.1_mrna_XM_039458465.1_33408	1528	1329	0	0
lcl|NC_052679.1_mrna_XM_026131441.2_33409	1532	1333	0	0
lcl|NC_052679.1_mrna_XM_026131442.2_33410	2029	1830	0	0
lcl|NC_052679.1_mrna_XM_026131443.2_33411	1659	1460	0	0
lcl|NC_052679.1_mrna_XM_039458391.1_33412	1278	1079	0	0
lcl|NC_052679.1_mrna_XM_039458782.1_33413	2914	2715	0	0
lcl|NC_052679.1_mrna_XM_026131445.2_33414	969	770	0	0
lcl|NC_052679.1_mrna_XM_039458394.1_33415	1316	1117	0	0
lcl|NC_052679.1_mrna_XM_039458390.1_33416	1561	1362	0	0
lcl|NC_052679.1_mrna_XM_026131485.2_33417	2647	2448	0	0
lcl|NC_052679.1_ncrna_XR_005576492.1_33418	3899	3700	0	0
lcl|NC_052679.1_mrna_XM_026131486.2_33419	4230	4031	0	0
lcl|NC_052679.1_ncrna_XR_005576491.1_33420	1056	857	0	0
lcl|NC_052679.1_mrna_XM_011176205.3_33421	1908	1709	0	0
lcl|NC_052679.1_mrna_XM_011176198.3_33422	1421	1222	0	0
lcl|NC_052679.1_mrna_XM_039458388.1_33423	1385	1186	0	0
lcl|NC_052679.1_mrna_XM_039458389.1_33424	1450	1251	0	0
lcl|NC_052679.1_mrna_XM_039458395.1_33425	723	524	0	0
lcl|NC_052679.1_mrna_XM_039458783.1_33426	543	344	0	0
lcl|NC_052679.1_mrna_XM_026131538.2_33427	3524	3325	10.0756	0.851129
lcl|NC_052679.1_mrna_XM_026131539.2_33428	3482	3283	0.000135455	1.15888e-05
lcl|NC_052679.1_mrna_XM_039458387.1_33429	2864	2665	128.924	13.5879
lcl|NC_052679.1_mrna_XM_011176131.3_33430	1075	876	24	7.69525
lcl|NC_052679.1_mrna_XM_011176139.3_33431	1231	1032	157	42.7303
lcl|NC_052679.1_miscrna_XR_005576490.1_33432	2445	2246	0	0
lcl|NC_052679.1_mrna_XM_039458392.1_33433	2501	2302	0	0
lcl|NC_052679.1_mrna_XM_039458393.1_33434	2478	2279	0	0
lcl|NC_052679.1_mrna_XM_039458386.1_33435	14862	14663	45.3192	0.868111
lcl|NC_052679.1_mrna_XM_026131536.2_33436	15054	14855	9.76138e-05	1.84567e-06
lcl|NC_052679.1_mrna_XM_026131534.2_33437	15057	14858	7.97169e-05	1.50697e-06
lcl|NC_052679.1_mrna_XM_039458382.1_33438	15099	14900	4.69849e-06	8.85702e-08
lcl|NC_052679.1_mrna_XM_039458381.1_33439	15102	14903	3.83939e-06	7.2361e-08
lcl|NC_052679.1_mrna_XM_039458384.1_33440	15108	14909	60.6806	1.14319
lcl|NC_052679.1_mrna_XM_039458385.1_33441	16174	15975	0	0
lcl|NC_052679.1_mrna_XM_011176104.3_33442	2875	2676	3359.67	352.636
lcl|NC_052679.1_mrna_XM_011176112.3_33443	2790	2591	126.327	13.6944
lcl|NC_052679.1_mrna_XM_039458981.1_33444	7534	7335	27.526	1.05405
lcl|NC_052679.1_mrna_XM_011176097.3_33445	7450	7251	79.474	3.07852
lcl|NC_052679.1_mrna_XM_011176091.3_33446	8231	8032	0.755288	0.0264122
lcl|NC_052679.1_mrna_XM_011176086.3_33447	8252	8053	146.245	5.1008
lcl|NC_052679.1_mrna_XM_026131476.2_33448	8164	7965	0	0
lcl|NC_052679.1_mrna_XM_011176080.2_33449	468	269	483	504.325
lcl|NC_052679.1_mrna_XM_039458407.1_33450	8200	8001	7.24363	0.254289
lcl|NC_052679.1_mrna_XM_011176070.3_33451	6353	6154	157.965	7.20973
lcl|NC_052679.1_mrna_XM_039458406.1_33452	3991	3792	329.873	24.434
lcl|NC_052679.1_mrna_XM_011176062.3_33453	5636	5437	27.9183	1.44227
lcl|NC_052679.1_mrna_XM_039458417.1_33454	3335	3136	0	0
lcl|NC_052679.1_mrna_XM_026131492.2_33455	3329	3130	0	0
lcl|NC_052679.1_mrna_XM_026131494.2_33456	2925	2726	0	0
lcl|NC_052679.1_mrna_XM_026131497.2_33457	2514	2315	0	0
lcl|NC_052679.1_mrna_XM_039458419.1_33458	3233	3034	13.9558	1.29198
lcl|NC_052679.1_mrna_XM_039458418.1_33459	2146	1947	25.0442	3.6129
lcl|NC_052679.1_mrna_XM_039458408.1_33460	4334	4135	228.488	15.5204
lcl|NC_052679.1_mrna_XM_011176044.3_33461	4311	4112	166.438	11.3688
lcl|NC_052679.1_mrna_XM_039458409.1_33462	4246	4047	1.0743	0.0745607
lcl|NC_052679.1_mrna_XM_011176033.3_33463	2285	2086	810	109.065
lcl|NC_052679.1_mrna_XM_039458413.1_33464	3426	3227	109.146	9.50006
lcl|NC_052679.1_mrna_XM_039458415.1_33465	3411	3212	146.014	12.7683
lcl|NC_052679.1_mrna_XM_039458414.1_33466	3712	3513	271.276	21.6895
lcl|NC_052679.1_mrna_XM_026131491.2_33467	3849	3650	207.564	15.9725
lcl|NC_052679.1_mrna_XM_011176026.3_33468	4961	4762	0.000231805	1.36725e-05
lcl|NC_052679.1_mrna_XM_039458411.1_33469	6282	6083	0	0
lcl|NC_052679.1_mrna_XM_026131504.2_33470	6502	6303	0	0
lcl|NC_052679.1_mrna_XM_039458410.1_33471	6672	6473	0	0
lcl|NC_052679.1_mrna_XM_039458412.1_33472	4913	4714	5.99977	0.357487
lcl|NC_052679.1_ncrna_XR_005576494.1_33473	3773	3574	0	0
lcl|NC_052679.1_mrna_XM_011176018.3_33474	3259	3060	11	1.00969
lcl|NC_052679.1_mrna_XM_039458416.1_33475	3254	3055	0	0
lcl|NC_052679.1_mrna_XM_026131505.2_33476	3305	3106	3.48279e-06	3.1495e-07
lcl|NC_052679.1_mrna_XM_011176011.3_33477	2314	2115	20.5567	2.72997
lcl|NC_052679.1_mrna_XM_011176005.3_33478	2324	2125	809.443	106.99
lcl|NC_052679.1_mrna_XM_011175988.3_33479	1967	1768	134.43	21.3564
lcl|NC_052679.1_mrna_XM_011175991.3_33480	3633	3434	2128.57	174.102
lcl|NC_052679.1_mrna_XM_039458405.1_33481	4496	4297	371.806	24.3034
lcl|NC_052679.1_mrna_XM_011175972.3_33482	4559	4360	72.1941	4.65083
lcl|NC_052679.1_mrna_XM_026131464.2_33483	4592	4393	0	0
lcl|NC_052679.1_mrna_XM_011175966.3_33484	4589	4390	0	0
lcl|NC_052679.1_mrna_XM_011175961.3_33485	4652	4453	0	0
lcl|NC_052679.1_mrna_XM_011175951.3_33486	2227	2028	1080	149.579
lcl|NC_052679.1_mrna_XM_011175944.2_33487	1561	1362	11	2.26846
lcl|NC_052679.1_mrna_XM_039458313.1_33488	2915	2716	14.6228	1.51223
lcl|NC_052679.1_mrna_XM_039458309.1_33489	1888	1689	41.8628	6.96168
lcl|NC_052679.1_mrna_XM_039458311.1_33490	1838	1639	106.802	18.3028
lcl|NC_052679.1_mrna_XM_039458310.1_33491	1836	1637	0	0
lcl|NC_052679.1_mrna_XM_039458301.1_33492	1872	1673	9.36823	1.57281
lcl|NC_052679.1_mrna_XM_039458306.1_33493	1863	1664	0.0797915	0.0134685
lcl|NC_052679.1_mrna_XM_039458303.1_33494	1715	1516	0	0
lcl|NC_052679.1_mrna_XM_039458302.1_33495	2629	2430	14.6399	1.69218
lcl|NC_052679.1_mrna_XM_039458300.1_33496	2352	2153	0	0
lcl|NC_052679.1_mrna_XM_039458304.1_33497	2343	2144	16.3031	2.13581
lcl|NC_052679.1_mrna_XM_039458299.1_33498	1742	1543	75.1045	13.6715
lcl|NC_052679.1_mrna_XM_039458305.1_33499	1688	1489	1.12487e-06	2.12189e-07
lcl|NC_052679.1_mrna_XM_039458307.1_33500	1643	1444	0	0
lcl|NC_052679.1_mrna_XM_039458308.1_33501	1488	1289	25.9987	5.66519
lcl|NC_052679.1_mrna_XM_011167077.3_33502	3005	2806	3.19954	0.32027
lcl|NC_052679.1_mrna_XM_039458298.1_33503	2128	1929	1.80046	0.26216
lcl|NC_052679.1_mrna_XM_026134968.2_33504	4400	4201	18	1.20347
lcl|NC_052679.1_mrna_XM_011167052.3_33505	2249	2050	964	132.081
lcl|NC_052679.1_mrna_XM_026134975.2_33506	6306	6107	0	0
lcl|NC_052679.1_mrna_XM_011167027.3_33507	6081	5882	109	5.20496
lcl|NC_052679.1_miscrna_XR_003268700.2_33508	1271	1072	6	1.57207
lcl|NC_052679.1_mrna_XM_011167012.3_33509	1734	1535	370	67.7032
lcl|NC_052679.1_mrna_XM_026134980.2_33510	1127	928	15	4.54003
lcl|NC_052679.1_mrna_XM_011166991.3_33511	1911	1712	23.2286	3.81097
lcl|NC_052679.1_mrna_XM_011167000.3_33512	1902	1703	473.771	78.1394
lcl|NC_052679.1_mrna_XM_011167170.3_33513	2105	1906	0	0
lcl|NC_052679.1_mrna_XM_011166981.3_33514	1864	1665	0	0
lcl|NC_052679.1_mrna_XM_026134976.2_33515	2229	2030	11	1.52199
lcl|NC_052679.1_mrna_XM_026134966.2_33516	4563	4364	3.99979	0.257435
lcl|NC_052679.1_mrna_XM_039458168.1_33517	4606	4407	0.000214266	1.36561e-05
lcl|NC_052679.1_mrna_XM_026134965.2_33518	5968	5769	0	0
lcl|NC_052679.1_mrna_XM_026134967.2_33519	5351	5152	0	0
lcl|NC_052679.1_mrna_XM_026134963.2_33520	5503	5304	0	0
lcl|NC_052679.1_mrna_XM_011166941.3_33521	13629	13430	95	1.98684
lcl|NC_052679.1_mrna_XM_011166946.3_33522	13607	13408	0	0
lcl|NC_052679.1_mrna_XM_011166917.3_33523	974	775	109	39.5039
lcl|NC_052679.1_mrna_XM_011166929.3_33524	2538	2339	4391	527.289
lcl|NC_052679.1_mrna_XM_011166909.3_33525	3952	3753	157	11.75
lcl|NC_052679.1_mrna_XM_011167158.2_33526	1344	1145	0	0
lcl|NC_052679.1_mrna_NM_001304591.1_33527	705	506	0	0
lcl|NC_052679.1_mrna_XM_039458784.1_33528	2526	2327	2	0.241407
lcl|NC_052679.1_mrna_XM_026134981.2_33529	970	771	0	0
lcl|NC_052679.1_mrna_XM_011166900.3_33530	914	715	0	0
lcl|NC_052679.1_mrna_XM_011166891.2_33531	1592	1393	0	0
lcl|NC_052679.1_mrna_XM_039459055.1_33532	2020	1821	0	0
lcl|NC_052679.1_mrna_XM_039459054.1_33533	2310	2111	0	0
lcl|NC_052679.1_mrna_XM_026134998.2_33534	1680	1481	1	0.189653
lcl|NC_052679.1_mrna_XM_039459158.1_33535	1672	1473	0	0
lcl|NC_052679.1_mrna_XM_011166870.2_33536	1038	839	0	0
lcl|NC_052679.1_mrna_XM_011167127.2_33537	833	634	0	0
lcl|NC_052679.1_mrna_XM_011166851.3_33538	1492	1293	76	16.5094
lcl|NC_052679.1_mrna_XM_011166789.3_33539	2640	2441	22.6168	2.60243
lcl|NC_052679.1_mrna_XM_011166806.3_33540	3490	3291	16.8225	1.43575
lcl|NC_052679.1_mrna_XM_011166815.3_33541	2606	2407	0	0
lcl|NC_052679.1_mrna_XM_011166820.3_33542	2935	2736	0	0
lcl|NC_052679.1_mrna_XM_026134961.2_33543	3949	3750	4.17169	0.312461
lcl|NC_052679.1_mrna_XM_011166797.3_33544	4015	3816	0	0
lcl|NC_052679.1_mrna_XM_026134960.2_33545	3119	2920	0.388981	0.0374164
lcl|NC_052679.1_mrna_XM_039458170.1_33546	2583	2384	0	0
lcl|NC_052679.1_mrna_XM_011166776.3_33547	2525	2326	3	0.362266
lcl|NC_052679.1_mrna_XM_011166764.3_33548	785	586	583	279.439
lcl|NC_052679.1_mrna_XM_011166751.3_33549	5925	5726	138.897	6.81331
lcl|NC_052679.1_mrna_XM_011166728.3_33550	1986	1787	575.209	90.41
lcl|NC_052679.1_mrna_XM_011166721.3_33551	1973	1774	365.316	57.8403
lcl|NC_052679.1_mrna_XM_039458247.1_33552	12253	12054	8.33882e-08	1.94307e-09
lcl|NC_052679.1_mrna_XM_039458246.1_33553	12466	12267	135.476	3.10198
lcl|NC_052679.1_mrna_XM_039458786.1_33554	13985	13786	0	0
lcl|NC_052679.1_mrna_XM_026134943.2_33555	1381	1182	1	0.237628
lcl|NC_052679.1_mrna_XM_011166668.3_33556	704	505	0	0
lcl|NC_052679.1_mrna_XM_011166678.3_33557	733	534	3	1.57796
lcl|NC_052679.1_mrna_XM_011166688.3_33558	754	555	0	0
lcl|NC_052679.1_mrna_XM_011166697.3_33559	2135	1936	0	0
lcl|NC_052679.1_mrna_XM_011166702.3_33560	1852	1653	28	4.75774
lcl|NC_052679.1_miscrna_XR_005576448.1_33561	1078	879	8.62141	2.7549
lcl|NC_052679.1_mrna_XM_011166658.3_33562	1266	1067	0	0
lcl|NC_052679.1_ncrna_XR_850933.3_33563	466	267	0	0
lcl|NC_052679.1_mrna_XM_039458787.1_33564	13585	13386	1	0.0209829
lcl|NC_052679.1_ncrna_XR_850932.3_33565	501	302	0	0
lcl|NC_052679.1_mrna_XM_039459147.1_33566	12896	12697	4.17479e-06	9.23525e-08
lcl|NC_052679.1_mrna_XM_039459148.1_33567	12734	12535	1.63737	0.0366891
lcl|NC_052679.1_mrna_XM_039459149.1_33568	12683	12484	97.7318	2.19886
lcl|NC_052679.1_mrna_XM_039459145.1_33569	12939	12740	1.40579e-07	3.09933e-09
lcl|NC_052679.1_mrna_XM_039459146.1_33570	12903	12704	42.6308	0.942539
lcl|NC_052679.1_mrna_XM_011166624.3_33571	913	714	110	43.2723
lcl|NC_052679.1_mrna_XM_011166614.3_33572	3024	2825	5	0.497127
lcl|NC_052679.1_mrna_XM_039459150.1_33573	2259	2060	0	0
lcl|NC_052679.1_mrna_XM_011166603.3_33574	2145	1946	0	0
lcl|NC_052679.1_mrna_XM_011166596.3_33575	2257	2058	27	3.68497
lcl|NC_052679.1_mrna_XM_039459002.1_33576	2266	2067	65.1663	8.85519
lcl|NC_052679.1_mrna_XM_039459000.1_33577	2388	2189	202.834	26.0262
lcl|NC_052679.1_mrna_XM_011171517.3_33578	2229	2030	0	0
lcl|NC_052679.1_mrna_XM_011171516.2_33579	538	339	0	0
lcl|NC_052679.1_mrna_XM_011171514.3_33580	759	560	91	45.6425
lcl|NC_052679.1_ncrna_XR_005576562.1_33581	452	253	0	0
lcl|NC_052679.1_mrna_XM_039458857.1_33582	783	584	0	0
lcl|NC_052679.1_mrna_XM_039458859.1_33583	703	504	3	1.67189
lcl|NC_052679.1_mrna_XM_039458858.1_33584	775	576	0	0
lcl|NC_052679.1_mrna_XM_026134994.2_33585	475	276	0	0
lcl|NC_052679.1_mrna_XM_011171513.3_33586	829	630	0	0
lcl|NC_052679.1_mrna_XM_011171509.3_33587	3294	3095	493.766	44.8101
lcl|NC_052679.1_mrna_XM_011171510.3_33588	1868	1669	325.55	54.787
lcl|NC_052679.1_mrna_XM_026134988.2_33589	2236	2037	47.6477	6.57002
lcl|NC_052679.1_mrna_XM_039459197.1_33590	1097	898	0	0
lcl|NC_052679.1_mrna_XM_011171507.3_33591	1108	909	0	0
lcl|NC_052679.1_mrna_XM_011171505.3_33592	908	709	7	2.77311
lcl|NC_052679.1_mrna_XM_026134986.2_33593	2081	1882	566.686	84.5744
lcl|NC_052679.1_mrna_XM_026134983.2_33594	2951	2752	10.3457	1.05592
lcl|NC_052679.1_mrna_XM_011171502.3_33595	1908	1709	14	2.30092
lcl|NC_052679.1_mrna_XM_011171501.3_33596	763	564	0	0
lcl|NC_052679.1_ncrna_XR_851118.3_33597	2296	2097	0	0
lcl|NC_052679.1_mrna_XM_011175812.3_33598	7136	6937	0	0
lcl|NC_052679.1_mrna_XM_026134957.2_33599	2345	2146	0.000355716	4.65574e-05
lcl|NC_052679.1_mrna_XM_039458197.1_33600	2321	2122	28.1899	3.73134
lcl|NC_052679.1_mrna_XM_026134958.2_33601	3665	3466	0	0
lcl|NC_052679.1_mrna_XM_011171496.3_33602	3123	2924	74.8097	7.18615
lcl|NC_052679.1_mrna_XM_039458196.1_33603	3277	3078	0	0
lcl|NC_052679.1_mrna_XM_011171494.3_33604	3384	3185	0	0
lcl|NC_052679.1_miscrna_XR_003268697.2_33605	2986	2787	0	0
lcl|NC_052679.1_miscrna_XR_003268698.2_33606	3009	2810	0	0
lcl|NC_052679.1_mrna_XM_039458788.1_33607	4034	3835	452	33.1046
lcl|NC_052679.1_mrna_XM_039458198.1_33608	1694	1495	1.84116	0.345911
lcl|NC_052679.1_mrna_XM_026134954.2_33609	3079	2880	4.15884	0.405598
lcl|NC_052679.1_mrna_XM_039458199.1_33610	1468	1269	61.1534	13.5355
lcl|NC_052679.1_mrna_XM_011171521.3_33611	2183	1984	0	0
lcl|NC_052679.1_mrna_XM_039458200.1_33612	1938	1739	0	0
lcl|NC_052679.1_mrna_XM_026134953.2_33613	1719	1520	0	0
lcl|NC_052679.1_mrna_XM_039458201.1_33614	1769	1570	17	3.04134
lcl|NC_052679.1_miscrna_XR_005576453.1_33615	1795	1596	0	0
lcl|NC_052679.1_miscrna_XR_005576454.1_33616	1549	1350	0	0
lcl|NC_052679.1_miscrna_XR_005576455.1_33617	2631	2432	0	0
lcl|NC_052679.1_miscrna_XR_005576456.1_33618	2099	1900	0	0
lcl|NC_052679.1_mrna_XM_039458202.1_33619	894	695	0	0
lcl|NC_052679.1_mrna_XM_026134995.2_33620	2025	1826	0	0
lcl|NC_052679.1_mrna_XM_039458809.1_33621	2102	1903	0	0
lcl|NC_052679.1_mrna_XM_039458956.1_33622	2374	2175	0	0
lcl|NC_052679.1_mrna_XM_039458319.1_33623	2207	2008	0	0
lcl|NC_052679.1_mrna_XM_026134951.2_33624	2491	2292	1	0.122547
lcl|NC_052679.1_ncrna_XR_005576473.1_33625	470	271	2.07911	2.15489
lcl|NC_052679.1_mrna_XM_011168257.3_33626	2230	2031	333.929	46.1806
lcl|NC_052679.1_mrna_XM_039458322.1_33627	3470	3271	4.27171	0.366806
lcl|NC_052679.1_mrna_XM_026134946.2_33628	3503	3304	0.000181146	1.53994e-05
lcl|NC_052679.1_mrna_XM_039458321.1_33629	3507	3308	5.38257e-05	4.57025e-06
lcl|NC_052679.1_mrna_XM_039458323.1_33630	2650	2451	1.79898	0.206158
lcl|NC_052679.1_mrna_XM_039458789.1_33631	1130	931	1	0.301694
lcl|NC_052679.1_mrna_XM_039458325.1_33632	2202	2003	19	2.66433
lcl|NC_052679.1_mrna_XM_039458324.1_33633	2202	2003	57	7.993
lcl|NC_052679.1_mrna_XM_011168262.3_33634	1964	1765	1154.55	183.732
lcl|NC_052679.1_mrna_XM_026134944.2_33635	2294	2095	60.4493	8.10444
lcl|NC_052679.1_mrna_XM_011168263.3_33636	2290	2091	38	5.10441
lcl|NC_052679.1_mrna_XM_039458508.1_33637	1839	1640	3.11999	0.53435
lcl|NC_052679.1_mrna_XM_039458506.1_33638	2332	2133	6.88144	0.906158
lcl|NC_052679.1_mrna_XM_039458507.1_33639	2098	1899	24.9986	3.69748
lcl|NC_052679.1_mrna_XM_039458669.1_33640	1657	1458	0	0
lcl|NC_052679.1_mrna_XM_026135182.2_33641	2055	1856	5	0.756672
lcl|NC_052679.1_mrna_XM_039458402.1_33642	3309	3110	126.553	11.4295
lcl|NC_052679.1_mrna_XM_039458403.1_33643	3292	3093	0	0
lcl|NC_052679.1_mrna_XM_011158401.3_33644	2267	2068	66.4471	9.02487
lcl|NC_052679.1_mrna_XM_039458404.1_33645	1161	962	0	0
lcl|NC_052679.1_mrna_XM_011158405.3_33646	3739	3540	104.43	8.28585
lcl|NC_052679.1_mrna_XM_011158406.3_33647	3125	2926	4.57017	0.438706
lcl|NC_052679.1_mrna_XM_011158407.2_33648	761	562	1	0.499781
lcl|NC_052679.1_mrna_XM_039458827.1_33649	1473	1274	2	0.440937
lcl|NC_052679.1_mrna_XM_039458174.1_33650	2015	1816	3	0.464003
lcl|NC_052679.1_trna_33651	72	3.52559	0	0
lcl|NC_052679.1_trna_33652	73	3.5471	0	0
lcl|NC_052679.1_trna_33653	73	3.5471	0	0
lcl|NC_052679.1_mrna_XM_039458172.1_33654	6591	6392	84.6318	3.71888
lcl|NC_052679.1_mrna_XM_026135139.2_33655	6495	6296	0	0
lcl|NC_052679.1_mrna_XM_039458171.1_33656	6597	6398	0	0
lcl|NC_052679.1_mrna_XM_026135142.2_33657	6434	6235	0	0
lcl|NC_052679.1_mrna_XM_026135140.2_33658	6488	6289	17.0405	0.761055
lcl|NC_052679.1_mrna_XM_026135141.2_33659	6440	6241	0	0
lcl|NC_052679.1_mrna_XM_039458173.1_33660	5897	5698	667.328	32.8952
lcl|NC_052679.1_mrna_XM_026135138.2_33661	4149	3950	1063.86	75.6491
lcl|NC_052679.1_mrna_XM_011158418.3_33662	1511	1312	2.13835	0.457783
lcl|NC_052679.1_mrna_XM_011158419.3_33663	2211	2012	682	95.2077
lcl|NC_052679.1_mrna_XM_026135209.2_33664	2074	1875	71.5442	10.7174
lcl|NC_052679.1_mrna_XM_011158420.3_33665	2110	1911	86.4558	12.7072
lcl|NC_052679.1_mrna_XM_011158421.3_33666	4909	4710	320	19.0829
lcl|NC_052679.1_mrna_XM_011158422.3_33667	2840	2641	21	2.2334
lcl|NC_052679.1_mrna_XM_011158423.3_33668	3031	2832	784	77.7568
lcl|NC_052679.1_mrna_XM_039459229.1_33669	1079	880	10.552	3.36796
lcl|NC_052679.1_mrna_XM_039459230.1_33670	1162	963	7.60815	2.21906
lcl|NC_052679.1_mrna_XM_039458902.1_33671	20486	20287	41.1261	0.569398
lcl|NC_052679.1_mrna_XM_039458897.1_33672	20307	20108	1.96861e-06	2.74984e-08
lcl|NC_052679.1_mrna_XM_039458894.1_33673	20361	20162	8.61095	0.119959
lcl|NC_052679.1_mrna_XM_039458896.1_33674	20189	19990	0	0
lcl|NC_052679.1_mrna_XM_039458900.1_33675	20433	20234	0	0
lcl|NC_052679.1_mrna_XM_039458893.1_33676	22404	22205	0.00214329	2.71111e-05
lcl|NC_052679.1_mrna_XM_039458898.1_33677	22232	22033	5.22825	0.0666497
lcl|NC_052679.1_mrna_XM_039458895.1_33678	20608	20409	0	0
lcl|NC_052679.1_mrna_XM_039458899.1_33679	22073	21874	0	0
lcl|NC_052679.1_mrna_XM_039458903.1_33680	24928	24729	95.0028	1.07906
lcl|NC_052679.1_mrna_XM_039458901.1_33681	24807	24608	0.1107	0.00126354
lcl|NC_052679.1_mrna_XM_039458906.1_33682	970	771	6	2.18581
lcl|NC_052679.1_mrna_XM_039458905.1_33683	917	718	0	0
lcl|NC_052679.1_miscrna_XR_005576571.1_33684	3585	3386	0	0
lcl|NC_052679.1_mrna_XM_039458904.1_33685	23244	23045	0	0
lcl|NC_052679.1_mrna_XM_011158426.3_33686	5643	5444	1035	53.3996
lcl|NC_052679.1_mrna_XM_011158424.3_33687	878	679	549	227.101
lcl|NC_052679.1_mrna_XM_011158436.3_33688	991	792	155.126	55.0144
lcl|NC_052679.1_mrna_XM_011158433.3_33689	2064	1865	5416.89	815.805
lcl|NC_052679.1_mrna_XM_011158435.3_33690	2010	1811	2007.99	311.428
lcl|NC_052679.1_mrna_XM_039458462.1_33691	4194	3995	51.799	3.64184
lcl|NC_052679.1_mrna_XM_039458461.1_33692	2960	2761	71.201	7.24328
lcl|NC_052679.1_mrna_XM_039458463.1_33693	2475	2276	0	0
lcl|NC_052679.1_mrna_XM_026135181.2_33694	3678	3479	37	2.98719
lcl|NC_052679.1_mrna_XM_039458459.1_33695	3905	3706	0	0
lcl|NC_052679.1_mrna_XM_039458458.1_33696	4001	3802	0	0
lcl|NC_052679.1_mrna_XM_011159292.3_33697	2218	2019	37.296	5.1885
lcl|NC_052679.1_mrna_XM_011159293.3_33698	2206	2007	333.433	46.6634
lcl|NC_052679.1_mrna_XM_039459120.1_33699	2336	2137	40.2713	5.29306
lcl|NC_052679.1_mrna_XM_011158441.3_33700	6528	6329	192.091	8.52488
lcl|NC_052679.1_mrna_XM_039459114.1_33701	6424	6225	0	0
lcl|NC_052679.1_mrna_XM_039459118.1_33702	3459	3260	0.00719564	0.000619965
lcl|NC_052679.1_mrna_XM_039459117.1_33703	3500	3301	267.933	22.798
lcl|NC_052679.1_mrna_XM_039459119.1_33704	3917	3718	1.79473	0.135583
lcl|NC_052679.1_mrna_XM_039459116.1_33705	4509	4310	0.0150052	0.00097787
lcl|NC_052679.1_mrna_XM_039459115.1_33706	4771	4572	48.1589	2.9586
lcl|NC_052679.1_mrna_XM_011158442.3_33707	4278	4079	1865	128.422
lcl|NC_052679.1_mrna_XM_011158444.3_33708	1110	911	714	220.138
lcl|NC_052679.1_mrna_XM_011158446.3_33709	4064	3865	95	6.90383
lcl|NC_052679.1_mrna_XM_026135159.2_33710	2480	2281	368	45.3146
lcl|NC_052679.1_mrna_XM_011158447.3_33711	1182	983	626.26	178.944
lcl|NC_052679.1_mrna_XM_011158448.3_33712	1176	977	194.74	55.9857
lcl|NC_052679.1_mrna_XM_011158449.3_33713	2481	2282	669	82.3429
lcl|NC_052679.1_mrna_XM_011158450.3_33714	1102	903	1303	405.296
lcl|NC_052679.1_mrna_XM_026135161.2_33715	1362	1163	0	0
lcl|NC_052679.1_mrna_XM_011158452.3_33716	1240	1041	344.025	92.8228
lcl|NC_052679.1_mrna_XM_039459122.1_33717	1516	1317	26.9754	5.75304
lcl|NC_052679.1_mrna_XM_039459121.1_33718	1481	1282	216	47.324
lcl|NC_052679.1_mrna_XM_011158459.3_33719	1705	1506	0	0
lcl|NC_052679.1_mrna_XM_039459023.1_33720	1971	1772	0	0
lcl|NC_052679.1_mrna_XM_011158460.3_33721	1698	1499	0	0
lcl|NC_052679.1_mrna_XM_011158464.3_33722	1699	1500	12.1699	2.27882
lcl|NC_052679.1_mrna_XM_011158465.3_33723	1692	1493	25.058	4.71415
lcl|NC_052679.1_mrna_XM_011158461.3_33724	1948	1749	232.27	37.3009
lcl|NC_052679.1_mrna_XM_039459024.1_33725	1941	1742	406.502	65.5436
lcl|NC_052679.1_mrna_XM_011158458.3_33726	1149	950	3251.68	961.39
lcl|NC_052679.1_mrna_XM_011158457.3_33727	1272	1073	5297.32	1386.67
lcl|NC_052679.1_mrna_XM_011158456.3_33728	2005	1806	560	87.0936
lcl|NC_052679.1_mrna_XM_011158455.3_33729	1815	1616	1093	189.974
lcl|NC_052679.1_mrna_XM_039459021.1_33730	3766	3567	0	0
lcl|NC_052679.1_mrna_XM_039459022.1_33731	3661	3462	16.6301	1.34923
lcl|NC_052679.1_mrna_XM_011158469.3_33732	4540	4341	1.36986	0.0886343
lcl|NC_052679.1_mrna_XM_011158467.3_33733	8121	7922	20	0.709106
lcl|NC_052679.1_mrna_XM_011158466.3_33734	1959	1760	0	0
lcl|NC_052679.1_ncrna_XR_850613.3_33735	817	618	69	31.36
lcl|NC_052679.1_ncrna_XR_005576594.1_33736	2017	1818	0	0
lcl|NC_052679.1_ncrna_XR_005576595.1_33737	1677	1478	1	0.190038
lcl|NC_052679.1_ncrna_XR_005576607.1_33738	5760	5561	0	0
lcl|NC_052679.1_ncrna_XR_005576608.1_33739	1868	1669	0	0
lcl|NC_052679.1_ncrna_XR_005576602.1_33740	2808	2609	2.30744	0.248412
lcl|NC_052679.1_ncrna_XR_005576605.1_33741	752	553	2.69256	1.36759
lcl|NC_052679.1_ncrna_XR_005576604.1_33742	1617	1418	0	0
lcl|NC_052679.1_ncrna_XR_005576603.1_33743	2326	2127	0	0
lcl|NC_052679.1_ncrna_XR_005576606.1_33744	929	730	0	0
lcl|NC_052679.1_ncrna_XR_005576601.1_33745	857	658	0	0
lcl|NC_052679.1_mrna_XM_026135206.2_33746	6178	5979	11.5532	0.542738
lcl|NC_052679.1_mrna_XM_039459052.1_33747	5977	5778	0	0
lcl|NC_052679.1_mrna_XM_026135202.2_33748	6508	6309	4.61804	0.205595
lcl|NC_052679.1_mrna_XM_026135201.2_33749	6086	5887	0	0
lcl|NC_052679.1_mrna_XM_039459051.1_33750	6165	5966	5.83093	0.274518
lcl|NC_052679.1_ncrna_XR_005576609.1_33751	5774	5575	1	0.0503815
lcl|NC_052679.1_ncrna_XR_003268727.2_33752	1216	1017	1	0.276182
lcl|NC_052679.1_mrna_XM_026135208.2_33753	2765	2566	409	44.7695
lcl|NC_052679.1_mrna_XM_011158476.3_33754	803	604	430	199.962
lcl|NC_052679.1_mrna_XM_026135207.2_33755	3709	3510	500.917	40.0843
lcl|NC_052679.1_mrna_XM_039459053.1_33756	2728	2529	13.083	1.45302
lcl|NC_052679.1_mrna_XM_011158478.3_33757	2839	2640	0	0
lcl|NC_052679.1_mrna_XM_011158477.3_33758	2984	2785	0	0
lcl|NC_052679.1_trna_33759	82	3.75521	0	0
lcl|NC_052679.1_mrna_XM_011158480.3_33760	1335	1136	11	2.71976
lcl|NC_052679.1_mrna_XM_011158484.3_33761	1574	1375	111.85	22.848
lcl|NC_052679.1_mrna_XM_011158483.3_33762	1568	1369	0.00453339	0.000930113
lcl|NC_052679.1_mrna_XM_039458936.1_33763	1598	1399	259.146	52.0286
lcl|NC_052679.1_mrna_XM_011158486.3_33764	2378	2179	424.554	54.7257
lcl|NC_052679.1_mrna_XM_026135143.2_33765	2451	2252	150.761	18.8035
lcl|NC_052679.1_mrna_XM_011158487.3_33766	2368	2169	60.7843	7.87133
lcl|NC_052679.1_mrna_XM_011158485.3_33767	2453	2254	0	0
lcl|NC_052679.1_mrna_XM_011158488.3_33768	2364	2165	558.9	72.509
lcl|NC_052679.1_mrna_XM_026135137.2_33769	2032	1833	28	4.29053
lcl|NC_052679.1_mrna_XM_026135136.2_33770	4305	4106	2.47669	0.169422
lcl|NC_052679.1_mrna_XM_039458935.1_33771	4253	4054	2.03718	0.141143
lcl|NC_052679.1_mrna_XM_039458933.1_33772	4271	4072	0.0239459	0.00165173
lcl|NC_052679.1_mrna_XM_039458934.1_33773	4259	4060	0.462182	0.0319744
lcl|NC_052679.1_mrna_XM_026135150.2_33774	6855	6656	1	0.042199
lcl|NC_052679.1_mrna_XM_026135177.2_33775	7314	7115	129.453	5.11037
lcl|NC_052679.1_mrna_XM_026135178.2_33776	7370	7171	139.217	5.45293
lcl|NC_052679.1_mrna_XM_026135180.2_33777	7181	6982	138.411	5.5681
lcl|NC_052679.1_mrna_XM_026135179.2_33778	7223	7024	340.78	13.6272
lcl|NC_052679.1_mrna_XM_039458626.1_33779	7209	7010	250.979	10.0562
lcl|NC_052679.1_mrna_XM_039458627.1_33780	7137	6938	0.0205063	0.000830175
lcl|NC_052679.1_mrna_XM_011158497.3_33781	7190	6991	419.139	16.8397
lcl|NC_052679.1_mrna_XM_039458628.1_33782	7200	7001	0	0
lcl|NC_052679.1_mrna_XM_039458629.1_33783	6352	6153	2	0.0912975
lcl|NC_052679.1_mrna_XM_011158499.3_33784	1853	1654	0	0
lcl|NC_052679.1_mrna_XM_026135153.2_33785	2071	1872	171.366	25.712
lcl|NC_052679.1_mrna_XM_039458631.1_33786	1902	1703	79.2086	13.0639
lcl|NC_052679.1_mrna_XM_039458632.1_33787	1816	1617	24.9668	4.33679
lcl|NC_052679.1_mrna_XM_039458623.1_33788	5866	5667	86.4457	4.28456
lcl|NC_052679.1_mrna_XM_039458625.1_33789	5766	5567	677.644	34.1897
lcl|NC_052679.1_mrna_XM_039458622.1_33790	5873	5674	25.062	1.24063
lcl|NC_052679.1_mrna_XM_011158503.3_33791	1679	1480	451	85.5915
lcl|NC_052679.1_miscrna_XR_003268721.2_33792	2846	2647	9.84057	1.0442
lcl|NC_052679.1_miscrna_XR_005576537.1_33793	2860	2661	0.0495695	0.00523221
lcl|NC_052679.1_miscrna_XR_003268720.2_33794	2926	2727	162.139	16.7001
lcl|NC_052679.1_mrna_XM_011158506.3_33795	2746	2547	0	0
lcl|NC_052679.1_mrna_XM_039458633.1_33796	1962	1763	52.632	8.3852
lcl|NC_052679.1_ncrna_XR_003268722.2_33797	426	227	7.33844	9.08016
lcl|NC_052679.1_mrna_XM_026135183.2_33798	2612	2413	0	0
lcl|NC_052679.1_mrna_XM_039458710.1_33799	2760	2561	0	0
lcl|NC_052679.1_mrna_XM_011158507.3_33800	2763	2564	508.052	55.6552
lcl|NC_052679.1_mrna_XM_011158508.3_33801	1032	833	16	5.39499
lcl|NC_052679.1_mrna_XM_026135200.2_33802	1674	1475	256.876	48.9156
lcl|NC_052679.1_mrna_XM_039458732.1_33803	2788	2589	0	0
lcl|NC_052679.1_mrna_XM_039458740.1_33804	2681	2482	0	0
lcl|NC_052679.1_mrna_XM_026135198.2_33805	2690	2491	0	0
lcl|NC_052679.1_mrna_XM_039458739.1_33806	2732	2533	0	0
lcl|NC_052679.1_mrna_XM_039458738.1_33807	2771	2572	0	0
lcl|NC_052679.1_mrna_XM_039458737.1_33808	2822	2623	0	0
lcl|NC_052679.1_mrna_XM_039458736.1_33809	2828	2629	0	0
lcl|NC_052679.1_mrna_XM_026135191.2_33810	2837	2638	0	0
lcl|NC_052679.1_mrna_XM_039458735.1_33811	2879	2680	0	0
lcl|NC_052679.1_mrna_XM_039458734.1_33812	2918	2719	0	0
lcl|NC_052679.1_mrna_XM_026135188.2_33813	2927	2728	0	0
lcl|NC_052679.1_mrna_XM_026135184.2_33814	2969	2770	0	0
lcl|NC_052679.1_mrna_XM_026135185.2_33815	2908	2709	0	0
lcl|NC_052679.1_mrna_XM_039458731.1_33816	2908	2709	0	0
lcl|NC_052679.1_mrna_XM_039458733.1_33817	2824	2625	0	0
lcl|NC_052679.1_mrna_XM_039458730.1_33818	2999	2800	0	0
lcl|NC_052679.1_mrna_XM_026135197.2_33819	2460	2261	0	0
lcl|NC_052679.1_mrna_XM_039458741.1_33820	1897	1698	1	0.165416
lcl|NC_052679.1_mrna_XM_039458744.1_33821	1688	1489	0	0
lcl|NC_052679.1_mrna_XM_026135222.2_33822	1480	1281	0	0
lcl|NC_052679.1_mrna_XM_011158519.3_33823	1420	1221	11	2.53042
lcl|NC_052679.1_mrna_XM_039458742.1_33824	2331	2132	178.784	23.5536
lcl|NC_052679.1_mrna_XM_039458743.1_33825	1766	1567	14.9148	2.6734
lcl|NC_052679.1_mrna_XM_026135221.2_33826	1556	1357	1.97804	0.409422
lcl|NC_052679.1_mrna_XM_026135220.2_33827	2264	2065	58.323	7.93297
lcl|NC_052679.1_mrna_XM_026136532.2_33828	2208	2009	0	0
lcl|NC_052679.1_mrna_XM_039458714.1_33829	5487	5288	0	0
lcl|NC_052679.1_mrna_XM_039458711.1_33830	4753	4554	0	0
lcl|NC_052679.1_mrna_XM_039458712.1_33831	4818	4619	0	0
lcl|NC_052679.1_mrna_XM_039458713.1_33832	4800	4601	0	0
lcl|NC_052679.1_mrna_XM_026135215.2_33833	4610	4411	0	0
lcl|NC_052679.1_mrna_XM_026135214.2_33834	4627	4428	0	0
lcl|NC_052679.1_mrna_XM_026135218.2_33835	4514	4315	0	0
lcl|NC_052679.1_mrna_XM_039458717.1_33836	6434	6235	0	0
lcl|NC_052679.1_mrna_XM_039458715.1_33837	6586	6387	13.8817	0.610465
lcl|NC_052679.1_mrna_XM_039458716.1_33838	6054	5855	0	0
lcl|NC_052679.1_mrna_XM_039458718.1_33839	6066	5867	0	0
lcl|NC_052679.1_mrna_XM_039458719.1_33840	6147	5948	0.0606594	0.00286446
lcl|NC_052679.1_mrna_XM_039458722.1_33841	6298	6099	0	0
lcl|NC_052679.1_mrna_XM_039458725.1_33842	5706	5507	0	0
lcl|NC_052679.1_mrna_XM_039458721.1_33843	6332	6133	0	0
lcl|NC_052679.1_mrna_XM_039458727.1_33844	5754	5555	0	0
lcl|NC_052679.1_mrna_XM_039458720.1_33845	6368	6169	0	0
lcl|NC_052679.1_mrna_XM_039458726.1_33846	5358	5159	24.1993	1.31751
lcl|NC_052679.1_mrna_XM_039458723.1_33847	5499	5300	0	0
lcl|NC_052679.1_mrna_XM_039458724.1_33848	5511	5312	0	0
lcl|NC_052679.1_mrna_XM_026135217.2_33849	6125	5926	2.49482	0.118248
lcl|NC_052679.1_mrna_XM_011158523.3_33850	4756	4557	0	0
lcl|NC_052679.1_mrna_XM_039458728.1_33851	2647	2448	12.3635	1.41855
lcl|NC_052679.1_mrna_XM_039458747.1_33852	2575	2376	7.90159	0.93408
lcl|NC_052679.1_mrna_XM_039458745.1_33853	3674	3475	0.134007	0.0108315
lcl|NC_052679.1_mrna_XM_039458748.1_33854	3470	3271	4.41456	0.379073
lcl|NC_052679.1_mrna_XM_039458746.1_33855	3657	3458	18.3374	1.48946
lcl|NC_052679.1_mrna_XM_011158526.3_33856	3986	3787	2.21242	0.164092
lcl|NC_052679.1_mrna_XM_039458749.1_33857	1901	1702	213	35.1508
lcl|NC_052679.1_mrna_XM_026135176.2_33858	2693	2494	661.922	74.5463
lcl|NC_052679.1_mrna_XM_039458211.1_33859	7063	6864	92	3.76466
lcl|NC_052679.1_mrna_XM_039458212.1_33860	6948	6749	0	0
lcl|NC_052679.1_mrna_XM_039458832.1_33861	1033	834	0	0
lcl|NC_052679.1_mrna_XM_039458831.1_33862	1064	865	0	0
lcl|NC_052679.1_mrna_XM_039458833.1_33863	1047	848	67.2645	22.2795
lcl|NC_052679.1_mrna_XM_011166968.3_33864	1609	1410	620	123.506
lcl|NC_052679.1_mrna_XM_011166967.3_33865	1185	986	274.586	78.22
lcl|NC_052679.1_mrna_XM_026141394.2_33866	1183	984	32.4563	9.26445
lcl|NC_052679.1_mrna_XM_026141395.2_33867	1162	963	37.9573	11.0709
lcl|NC_052679.1_mrna_XM_011160952.3_33868	2567	2368	0.254494	0.0301864
lcl|NC_052679.1_mrna_XM_011160954.3_33869	2474	2275	0	0
lcl|NC_052679.1_mrna_XM_039458527.1_33870	2465	2266	1.11012e-07	1.37603e-08
lcl|NC_052679.1_mrna_XM_011160953.3_33871	2557	2358	17.7455	2.11378
lcl|NW_024105215.1_mrna_XM_039459231.1_33872	529	330	0	0
lcl|NW_024105215.1_mrna_XM_026135557.2_33873	3372	3173	1	0.0885209
lcl|NW_024105217.1_rrna_XR_003268488.1_33874	155	7.48819	0	0
lcl|NW_024105218.1_ncrna_XR_005576638.1_33875	365	166	7.39856	12.5186
lcl|NW_024105228.1_mrna_XM_039459232.1_33876	1386	1187	255	60.34
lcl|NW_024105228.1_mrna_XM_026139006.2_33877	3579	3380	262	21.7721
lcl|NW_024105228.1_mrna_XM_039459236.1_33878	2513	2314	200	24.2763
lcl|NW_024105228.1_mrna_XM_011170490.3_33879	681	482	846	492.991
lcl|NW_024105228.1_mrna_XM_011170491.2_33880	782	583	266.182	128.241
lcl|NW_024105228.1_mrna_XM_039459235.1_33881	3701	3502	0.00553735	0.000444121
lcl|NW_024105228.1_mrna_XM_011170494.3_33882	3597	3398	3.29175e-05	2.72094e-06
lcl|NW_024105228.1_mrna_XM_011170492.3_33883	3663	3464	313.166	25.3929
lcl|NW_024105228.1_mrna_XM_026139005.2_33884	2405	2206	7.64579	0.973493
lcl|NW_024105228.1_mrna_XM_039459244.1_33885	1672	1473	0	0
lcl|NW_024105228.1_mrna_XM_039459239.1_33886	6465	6266	0	0
lcl|NW_024105228.1_mrna_XM_039459237.1_33887	6514	6315	0	0
lcl|NW_024105228.1_mrna_XM_039459238.1_33888	7147	6948	0	0
lcl|NW_024105228.1_mrna_XM_039459241.1_33889	6391	6192	0	0
lcl|NW_024105228.1_mrna_XM_039459240.1_33890	6523	6324	0	0
lcl|NW_024105228.1_mrna_XM_039459233.1_33891	672	473	0.385696	0.229034
lcl|NW_024105228.1_mrna_XM_039459243.1_33892	5426	5227	0.538595	0.0289418
lcl|NW_024105228.1_mrna_XM_039459242.1_33893	5425	5226	0.652539	0.0350714
lcl|NW_024105228.1_mrna_XM_039459234.1_33894	656	457	1.13062	0.694893
lcl|NW_024105234.1_mrna_XM_039459245.1_33895	930	731	0	0
lcl|NW_024105238.1_mrna_XM_039459246.1_33896	2066	1867	0	0
lcl|NW_024105238.1_mrna_XM_026137614.2_33897	1782	1583	0	0
lcl|NW_024105240.1_mrna_XM_011174738.3_33898	2064	1865	0	0
lcl|NW_024105242.1_mrna_XM_039459247.1_33899	1547	1348	3	0.625097
lcl|NW_024105243.1_mrna_XM_039459248.1_33900	1020	821	0	0
lcl|NW_024105244.1_mrna_XM_039459249.1_33901	4797	4598	3	0.18326
lcl|NW_024105244.1_mrna_XM_011171196.1_33902	1023	824	0	0
lcl|NW_024105244.1_mrna_XM_011164680.2_33903	435	236	0	0
lcl|NW_024105244.1_mrna_XM_026137900.2_33904	1415	1216	0	0
lcl|NW_024105244.1_ncrna_XR_005576639.1_33905	1133	934	0	0
lcl|NW_024105245.1_mrna_XM_039459251.1_33906	1961	1762	45.2768	7.21747
lcl|NW_024105245.1_mrna_XM_039459250.1_33907	2814	2615	3.01587	0.323934
lcl|NW_024105245.1_miscrna_XR_005576640.1_33908	2677	2478	0	0
lcl|NW_024105245.1_miscrna_XR_005576641.1_33909	2385	2186	1.15865	0.148874
lcl|NW_024105245.1_miscrna_XR_005576642.1_33910	3133	2934	0	0
lcl|NW_024105245.1_miscrna_XR_005576643.1_33911	1473	1274	0	0
lcl|NW_024105245.1_mrna_XM_039459252.1_33912	1768	1569	430.812	77.1224
lcl|NW_024105245.1_mrna_XM_039459253.1_33913	2162	1963	0	0
lcl|NW_024105245.1_mrna_XM_039459254.1_33914	1958	1759	18.2024	2.90655
lcl|NW_024105245.1_ncrna_XR_005576644.1_33915	2894	2695	1	0.104221
lcl|NW_024105245.1_mrna_XM_039459255.1_33916	1619	1420	9	1.7802
lcl|NW_024105246.1_mrna_XM_039459262.1_33917	4483	4284	2.23058	0.146246
lcl|NW_024105246.1_mrna_XM_039459256.1_33918	999	800	0	0
lcl|NW_024105246.1_mrna_XM_039459261.1_33919	2038	1839	0	0
lcl|NW_024105246.1_mrna_XM_039459258.1_33920	1226	1027	0	0
lcl|NW_024105246.1_mrna_XM_039459259.1_33921	1175	976	0	0
lcl|NW_024105246.1_mrna_XM_039459260.1_33922	1059	860	0	0
lcl|NW_024105246.1_mrna_XM_039459257.1_33923	3886	3687	0	0
lcl|NW_024105247.1_mrna_XM_039459263.1_33924	5232	5033	0	0
lcl|NW_024105247.1_mrna_XM_026138976.2_33925	930	731	0	0
lcl|NW_024105247.1_mrna_XM_039459264.1_33926	2012	1813	1.01638	0.157462
lcl|NW_024105247.1_mrna_XM_026141889.2_33927	1074	875	0	0
lcl|NW_024105247.1_mrna_XM_039459270.1_33928	2369	2170	0	0
lcl|NW_024105247.1_mrna_XM_026141724.2_33929	1818	1619	0	0
lcl|NW_024105247.1_mrna_XM_026141725.2_33930	1742	1543	0	0
lcl|NW_024105247.1_mrna_XM_026135872.2_33931	2893	2694	0	0
lcl|NW_024105247.1_mrna_XM_039459265.1_33932	2250	2051	1	0.136946
lcl|NW_024105247.1_mrna_XM_039459266.1_33933	1526	1327	0	0
lcl|NW_024105247.1_mrna_XM_039459269.1_33934	1651	1452	2.00456	0.387765
lcl|NW_024105247.1_mrna_XM_039459267.1_33935	1454	1255	0	0
lcl|NW_024105247.1_mrna_XM_039459268.1_33936	1409	1210	0	0
lcl|NW_024105248.1_mrna_XM_039459272.1_33937	882	683	60.9632	25.0705
lcl|NW_024105248.1_mrna_XM_039459271.1_33938	5903	5704	0.000553025	2.72321e-05
lcl|NW_024105248.1_mrna_XM_039459273.1_33939	3131	2932	0.5	0.0478985
lcl|NW_024105249.1_mrna_XM_011171876.3_33940	1227	1028	90.6048	24.7556
lcl|NW_024105249.1_mrna_XM_039459274.1_33941	1715	1516	16.8088	3.11424
lcl|NW_024105249.1_mrna_XM_039459275.1_33942	1322	1123	86.2427	21.5704
lcl|NW_024105249.1_mrna_XM_039459276.1_33943	1781	1582	41.7918	7.41994
lcl|NW_024105249.1_trna_33944	82	3.75521	0	0
lcl|NW_024105249.1_mrna_XM_011171872.3_33945	2950	2751	818.535	83.5723
lcl|NW_024105249.1_mrna_XM_011171864.3_33946	2578	2379	756.278	89.29
lcl|NW_024105249.1_mrna_XM_011171863.3_33947	2572	2373	1021.25	120.878
lcl|NW_024105249.1_mrna_XM_011171866.3_33948	2521	2322	152.955	18.502
lcl|NW_024105249.1_mrna_XM_011171865.3_33949	2459	2260	657.139	81.6703
lcl|NW_024105249.1_mrna_XM_011171867.3_33950	2882	2683	35.1301	3.67769
lcl|NW_024105249.1_mrna_XM_039459283.1_33951	2886	2687	1.19442e-07	1.24855e-08
lcl|NW_024105249.1_mrna_XM_039459284.1_33952	2586	2387	94.6581	11.1384
lcl|NW_024105249.1_mrna_XM_039459285.1_33953	423	224	34.7222	43.5386
lcl|NW_024105249.1_mrna_XM_026140598.2_33954	1736	1537	0	0
lcl|NW_024105249.1_mrna_XM_039459281.1_33955	1885	1686	0	0
lcl|NW_024105249.1_mrna_XM_039459278.1_33956	1675	1476	0	0
lcl|NW_024105249.1_mrna_XM_039459280.1_33957	1885	1686	0	0
lcl|NW_024105249.1_mrna_XM_039459282.1_33958	1331	1132	1.88805e-05	4.68472e-06
lcl|NW_024105249.1_mrna_XM_039459277.1_33959	3916	3717	746.721	56.4263
lcl|NW_024105249.1_mrna_XM_011171859.3_33960	2804	2605	690.293	74.4289
lcl|NW_024105249.1_mrna_XM_039459287.1_33961	4049	3850	179.253	13.0774
lcl|NW_024105249.1_mrna_XM_011171856.3_33962	4049	3850	537.747	39.2314
lcl|NW_024105250.1_mrna_XM_039459289.1_33963	1597	1398	0	0
lcl|NW_024105250.1_miscrna_XR_005576646.1_33964	1690	1491	16.9466	3.19242
lcl|NW_024105250.1_mrna_XM_039459290.1_33965	1728	1529	40.2323	7.39066
lcl|NW_024105250.1_mrna_XM_039459288.1_33966	1718	1519	34.4164	6.3639
lcl|NW_024105250.1_mrna_XM_039459291.1_33967	1290	1091	26.7921	6.8976
lcl|NW_024105250.1_mrna_XM_011159248.3_33968	1300	1101	723	184.445
lcl|NW_024105251.1_mrna_XM_039459292.1_33969	2639	2440	1	0.115113
lcl|NW_024105251.1_mrna_XM_011162490.3_33970	2630	2431	1039.72	120.129
lcl|NW_024105251.1_mrna_XM_026141402.1_33971	2642	2443	1032.28	118.683
lcl|NW_024105251.1_ncrna_XR_005576647.1_33972	288	89.0004	0	0
lcl|NW_024105252.1_mrna_XM_039459294.1_33973	436	237	1	1.18513
lcl|NW_024105252.1_mrna_XM_039459293.1_33974	1068	869	1	0.323218
lcl|NW_024105253.1_mrna_XM_039459295.1_33975	1413	1214	1	0.231365
lcl|NW_024105253.1_mrna_XM_039459297.1_33976	1296	1097	0	0
lcl|NW_024105253.1_ncrna_XR_005576648.1_33977	341	142	0	0
lcl|NW_024105254.1_mrna_XM_039459298.1_33978	1393	1194	84	19.7602
lcl|NW_024105254.1_mrna_XM_039459299.1_33979	1702	1503	0.5	0.0934387
lcl|NW_024105255.1_mrna_XM_039459300.1_33980	324	125	0	0
lcl|NW_024105256.1_mrna_XM_026139654.2_33981	500	301	0	0
lcl|NW_024105256.1_mrna_XM_039459301.1_33982	378	179	0	0
lcl|NW_024105256.1_mrna_XM_039459302.1_33983	1398	1199	0	0
lcl|NW_024105256.1_mrna_XM_039459303.1_33984	1062	863	0	0
lcl|NW_024105257.1_ncrna_XR_005576649.1_33985	419	220	0	0
lcl|NW_024105257.1_mrna_XM_039459304.1_33986	1062	863	0	0
lcl|NW_024105257.1_mrna_XM_039459305.1_33987	543	344	0	0
lcl|NW_024105258.1_ncrna_XR_003268762.2_33988	1393	1194	1.03511	0.243498
lcl|NW_024105258.1_mrna_XM_026134657.2_33989	1135	936	0	0
lcl|NW_024105258.1_mrna_XM_039459306.1_33990	504	305	0	0
lcl|NW_024105259.1_mrna_XM_026136469.2_33991	975	776	0	0
lcl|NW_024105259.1_mrna_XM_039459307.1_33992	2409	2210	0	0
lcl|NW_024105259.1_mrna_XM_026141660.2_33993	1233	1034	0	0
lcl|NW_024105259.1_mrna_XM_039459308.1_33994	3316	3117	0	0
lcl|NW_024105259.1_mrna_XM_039459309.1_33995	3210	3011	0	0
lcl|NW_024105260.1_ncrna_XR_005576650.1_33996	3207	3008	8.60341	0.803357
lcl|NW_024105262.1_mrna_XM_039459311.1_33997	1790	1591	0	0
lcl|NW_024105262.1_mrna_XM_039459310.1_33998	1886	1687	0	0
lcl|NW_024105262.1_mrna_XM_039459312.1_33999	711	512	0	0
lcl|NW_024105262.1_mrna_XM_039459313.1_34000	708	509	0	0
lcl|NW_024105263.1_mrna_XM_039459315.1_34001	467	268	119	124.718
lcl|NW_024105263.1_mrna_XM_011159074.3_34002	3899	3700	0	0
lcl|NW_024105263.1_mrna_XM_011159075.3_34003	4502	4303	0	0
lcl|NW_024105263.1_mrna_XM_026136327.2_34004	5025	4826	0	0
lcl|NW_024105263.1_mrna_XM_011159073.3_34005	3938	3739	0	0
lcl|NW_024105263.1_mrna_XM_011159071.3_34006	4190	3991	0	0
lcl|NW_024105263.1_mrna_XM_039459314.1_34007	3631	3432	1.70977	0.139929
lcl|NW_024105263.1_mrna_XM_011159070.3_34008	3438	3239	1.28022e-07	1.11017e-08
lcl|NW_024105263.1_mrna_XM_039459316.1_34009	1090	891	9.56141	3.01412
lcl|NW_024105264.1_mrna_XM_039459323.1_34010	1589	1390	0	0
lcl|NW_024105264.1_mrna_XM_039459317.1_34011	1647	1448	0	0
lcl|NW_024105264.1_ncrna_XR_005576652.1_34012	2442	2243	0	0
lcl|NW_024105264.1_ncrna_XR_005576651.1_34013	3041	2842	6	0.592984
lcl|NW_024105264.1_ncrna_XR_003269590.2_34014	3254	3055	0	0
lcl|NW_024105264.1_mrna_XM_039459322.1_34015	2284	2085	1.5435	0.207929
lcl|NW_024105264.1_mrna_XM_039459321.1_34016	1736	1537	0.00801422	0.00146455
lcl|NW_024105264.1_mrna_XM_039459318.1_34017	2449	2250	16.8988	2.10954
lcl|NW_024105264.1_mrna_XM_039459320.1_34018	2359	2160	3.74344	0.48678
lcl|NW_024105264.1_mrna_XM_039459319.1_34019	2497	2298	0	0
lcl|NW_024105265.1_mrna_XM_039459324.1_34020	336	137	0	0
lcl|NW_024105266.1_mrna_XM_039459325.1_34021	3231	3032	0	0
lcl|NW_024105266.1_mrna_XM_011176243.2_34022	846	647	0	0
lcl|NW_024105266.1_mrna_XM_039459326.1_34023	800	601	0	0
lcl|NW_024105266.1_ncrna_XR_005576653.1_34024	459	260	1	1.0803
lcl|NW_024105268.1_mrna_XM_039459327.1_34025	1640	1441	0	0
lcl|NW_024105269.1_mrna_XM_039459329.1_34026	1851	1652	0	0
lcl|NW_024105269.1_mrna_XM_039459328.1_34027	2589	2390	0	0
lcl|NW_024105270.1_ncrna_XR_005576654.1_34028	1769	1570	16.5297	2.9572
lcl|NW_024105270.1_mrna_XM_039459334.1_34029	1620	1421	0	0
lcl|NW_024105270.1_mrna_XM_039459332.1_34030	1468	1269	0	0
lcl|NW_024105270.1_miscrna_XR_005576655.1_34031	4883	4684	0	0
lcl|NW_024105270.1_mrna_XM_039459333.1_34032	1234	1035	0	0
lcl|NW_024105270.1_ncrna_XR_005576656.1_34033	782	583	16.0549	7.73493
lcl|NW_024105270.1_mrna_XM_039459330.1_34034	864	665	0	0
lcl|NW_024105270.1_mrna_XM_039459331.1_34035	1086	887	0	0
lcl|NW_024105271.1_mrna_XM_039459342.1_34036	797	598	17.1971	8.07735
lcl|NW_024105271.1_mrna_XM_039459336.1_34037	2851	2652	0	0
lcl|NW_024105271.1_mrna_XM_039459337.1_34038	2751	2552	49.6278	5.4621
lcl|NW_024105271.1_mrna_XM_039459335.1_34039	2760	2561	1.45288	0.159344
lcl|NW_024105271.1_mrna_XM_039459339.1_34040	3068	2869	6.88556	0.6741
lcl|NW_024105271.1_mrna_XM_039459338.1_34041	3194	2995	0	0
lcl|NW_024105271.1_mrna_XM_039459341.1_34042	3266	3067	0	0
lcl|NW_024105271.1_mrna_XM_039459340.1_34043	2788	2589	0	0
lcl|NW_024105272.1_miscrna_XR_005576658.1_34044	1247	1048	10.1541	2.72142
lcl|NW_024105272.1_mrna_XM_039459344.1_34045	991	792	0	0
lcl|NW_024105272.1_mrna_XM_039459345.1_34046	447	248	0	0
lcl|NW_024105272.1_mrna_XM_039459343.1_34047	953	754	3.49829	1.30317
lcl|NW_024105272.1_mrna_XM_011172335.2_34048	1431	1232	0	0
lcl|NW_024105272.1_mrna_XM_039459346.1_34049	969	770	0	0
lcl|NW_024105272.1_mrna_XM_039459347.1_34050	2658	2459	0	0
lcl|NW_024105273.1_mrna_XM_039459348.1_34051	1098	899	0	0
lcl|NW_024105274.1_mrna_XM_039459349.1_34052	2108	1909	0	0
lcl|NW_024105275.1_mrna_XM_039459350.1_34053	540	341	1	0.823685
lcl|NW_024105275.1_mrna_XM_039459351.1_34054	1235	1036	11	2.98228
lcl|NW_024105276.1_mrna_XM_026141332.2_34055	1458	1259	0	0
lcl|NW_024105276.1_mrna_XM_039459352.1_34056	669	470	0	0
lcl|NW_024105278.1_mrna_XM_039459353.1_34057	2628	2429	0	0
lcl|NW_024105280.1_mrna_XM_039459358.1_34058	678	479	11.0726	6.49276
lcl|NW_024105280.1_mrna_XM_039459360.1_34059	667	468	3.94006	2.36468
lcl|NW_024105280.1_mrna_XM_039459357.1_34060	870	671	0	0
lcl|NW_024105280.1_mrna_XM_039459356.1_34061	955	756	0	0
lcl|NW_024105280.1_mrna_XM_039459355.1_34062	960	761	0	0
lcl|NW_024105280.1_mrna_XM_039459361.1_34063	1284	1085	9.99339	2.58702
lcl|NW_024105280.1_mrna_XM_039459354.1_34064	909	710	0	0
lcl|NW_024105280.1_mrna_XM_026133569.2_34065	676	477	0	0
lcl|NW_024105280.1_miscrna_XR_005576660.1_34066	727	528	6.16161	3.27775
lcl|NW_024105280.1_mrna_XM_039459362.1_34067	484	285	7.83236	7.71905
lcl|NW_024105281.1_mrna_XM_026141556.1_34068	1009	810	1	0.346761
lcl|NW_024105282.1_rrna_XR_005576664.1_34069	1923	1724	0	0
lcl|NW_024105282.1_rrna_XR_005576665.1_34070	7795	7596	3849.83	142.355
lcl|NW_024105282.1_rrna_XR_005576662.1_34071	155	7.48819	0	0
lcl|NW_024105282.1_rrna_XR_005576663.1_34072	1920	1721	189.91	30.9944
lcl|NW_024105283.1_mrna_XM_039459365.1_34073	1092	893	0	0
lcl|NW_024105283.1_mrna_XM_039459364.1_34074	1270	1071	0	0
lcl|NW_024105283.1_mrna_XM_039459363.1_34075	1276	1077	0	0
lcl|NW_024105284.1_mrna_XM_039459415.1_34076	1734	1535	1	0.182982
lcl|NW_024105284.1_mrna_XM_039459434.1_34077	4265	4066	0	0
lcl|NW_024105284.1_mrna_XM_039459433.1_34078	4465	4266	0	0
lcl|NW_024105284.1_mrna_XM_039459435.1_34079	3548	3349	37.9734	3.18478
lcl|NW_024105284.1_mrna_XM_039459436.1_34080	3290	3091	7	0.636084
lcl|NW_024105284.1_ncrna_XR_005576677.1_34081	1547	1348	0	0
lcl|NW_024105284.1_ncrna_XR_005576676.1_34082	5218	5019	0	0
lcl|NW_024105284.1_mrna_XM_039459385.1_34083	1214	1015	59.9161	16.5803
lcl|NW_024105284.1_miscrna_XR_005576671.1_34084	1152	953	15.9755	4.70845
lcl|NW_024105284.1_mrna_XM_039459386.1_34085	983	784	48.6567	17.4318
lcl|NW_024105284.1_ncrna_XR_005576672.1_34086	688	489	5.87257	3.37315
lcl|NW_024105284.1_mrna_XM_039459391.1_34087	957	758	0	0
lcl|NW_024105284.1_mrna_XM_039459390.1_34088	1041	842	10.7667	3.5916
lcl|NW_024105284.1_mrna_XM_039459368.1_34089	2527	2328	1.9547	0.235837
lcl|NW_024105284.1_mrna_XM_039459369.1_34090	3094	2895	106.245	10.3081
lcl|NW_024105284.1_mrna_XM_039459417.1_34091	798	599	0	0
lcl|NW_024105284.1_ncrna_XR_005576670.1_34092	1842	1643	0	0
lcl|NW_024105284.1_mrna_XM_039459418.1_34093	561	362	0	0
lcl|NW_024105284.1_mrna_XM_026140447.2_34094	975	776	0	0
lcl|NW_024105284.1_mrna_XM_039459367.1_34095	946	747	0.0136884	0.00514691
lcl|NW_024105284.1_mrna_XM_026140446.2_34096	10073	9874	6	0.170677
lcl|NW_024105284.1_mrna_XM_026140445.2_34097	3607	3408	1	0.0824169
lcl|NW_024105284.1_mrna_XM_026140444.2_34098	722	523	0	0
lcl|NW_024105284.1_mrna_XM_011174465.3_34099	910	711	0	0
lcl|NW_024105284.1_ncrna_XR_005576666.1_34100	746	547	4.89847e-06	2.51529e-06
lcl|NW_024105284.1_mrna_XM_039459419.1_34101	1119	920	0	0
lcl|NW_024105284.1_mrna_XM_039459420.1_34102	1245	1046	0	0
lcl|NW_024105284.1_mrna_XM_039459421.1_34103	837	638	0	0
lcl|NW_024105284.1_mrna_XM_039459422.1_34104	2034	1835	0	0
lcl|NW_024105284.1_mrna_XM_039459423.1_34105	1473	1274	0	0
lcl|NW_024105284.1_mrna_XM_039459413.1_34106	4499	4300	0	0
lcl|NW_024105284.1_mrna_XM_039459394.1_34107	10597	10398	75.455	2.03823
lcl|NW_024105284.1_mrna_XM_039459396.1_34108	4950	4751	123.801	7.31907
lcl|NW_024105284.1_mrna_XM_039459397.1_34109	4936	4737	63.1099	3.74205
lcl|NW_024105284.1_mrna_XM_039459395.1_34110	5269	5070	0	0
lcl|NW_024105284.1_mrna_XM_039459393.1_34111	5485	5286	102.489	5.44587
lcl|NW_024105284.1_mrna_XM_039459392.1_34112	9783	9584	0	0
lcl|NW_024105284.1_mrna_XM_039459412.1_34113	9672	9473	0	0
lcl|NW_024105284.1_mrna_XM_039459402.1_34114	9855	9656	3.28472	0.095547
lcl|NW_024105284.1_mrna_XM_039459401.1_34115	9858	9659	0	0
lcl|NW_024105284.1_mrna_XM_039459399.1_34116	9873	9674	3.27082	0.0949655
lcl|NW_024105284.1_mrna_XM_039459408.1_34117	9771	9572	0	0
lcl|NW_024105284.1_mrna_XM_039459400.1_34118	9864	9665	6.589	0.191484
lcl|NW_024105284.1_mrna_XM_039459407.1_34119	9783	9584	0	0
lcl|NW_024105284.1_mrna_XM_039459411.1_34120	9756	9557	0	0
lcl|NW_024105284.1_mrna_XM_039459409.1_34121	9759	9560	0	0
lcl|NW_024105284.1_mrna_XM_039459404.1_34122	9828	9629	0	0
lcl|NW_024105284.1_mrna_XM_039459403.1_34123	9831	9632	0	0
lcl|NW_024105284.1_mrna_XM_039459406.1_34124	9801	9602	0	0
lcl|NW_024105284.1_mrna_XM_039459405.1_34125	9804	9605	0	0
lcl|NW_024105284.1_mrna_XM_039459398.1_34126	9873	9674	0	0
lcl|NW_024105284.1_ncrna_XR_005576675.1_34127	4868	4669	0.719274	0.0432699
lcl|NW_024105284.1_mrna_XM_026139142.2_34128	2077	1878	6.69519	1.00134
lcl|NW_024105284.1_mrna_XM_039459414.1_34129	1491	1292	1.10903	0.241099
lcl|NW_024105284.1_mrna_XM_039459425.1_34130	675	476	0	0
lcl|NW_024105284.1_mrna_XM_039459426.1_34131	1170	971	0	0
lcl|NW_024105284.1_ncrna_XR_005576673.1_34132	873	674	0	0
lcl|NW_024105284.1_mrna_XM_039459427.1_34133	3882	3683	0	0
lcl|NW_024105284.1_mrna_XM_039459428.1_34134	711	512	0.5	0.274294
lcl|NW_024105284.1_mrna_XM_039459380.1_34135	2037	1838	728.5	111.327
lcl|NW_024105284.1_mrna_XM_011171058.3_34136	5283	5084	4.12998	0.22817
lcl|NW_024105284.1_mrna_XM_039459379.1_34137	4052	3853	13.87	1.0111
lcl|NW_024105284.1_mrna_XM_039459383.1_34138	2389	2190	6.76982e-05	8.68258e-06
lcl|NW_024105284.1_mrna_XM_039459381.1_34139	2360	2161	133.718	17.38
lcl|NW_024105284.1_mrna_XM_039459382.1_34140	2442	2243	0	0
lcl|NW_024105284.1_ncrna_XR_005576669.1_34141	1126	927	0	0
lcl|NW_024105284.1_ncrna_XR_005576668.1_34142	1115	916	0	0
lcl|NW_024105284.1_mrna_XM_039459430.1_34143	3746	3547	117.78	9.32667
lcl|NW_024105284.1_mrna_XM_039459376.1_34144	1503	1304	0	0
lcl|NW_024105284.1_mrna_XM_039459375.1_34145	2149	1950	0	0
lcl|NW_024105284.1_mrna_XM_039459378.1_34146	1513	1314	613	131.033
lcl|NW_024105284.1_mrna_XM_011175769.3_34147	463	264	11	11.7032
lcl|NW_024105284.1_mrna_XM_039459431.1_34148	546	347	6.41482	5.19243
lcl|NW_024105284.1_mrna_XM_039459373.1_34149	1639	1440	249.888	48.7415
lcl|NW_024105284.1_mrna_XM_039459371.1_34150	2861	2662	390.158	41.1669
lcl|NW_024105284.1_mrna_XM_026141582.2_34151	2942	2743	100.289	10.2694
lcl|NW_024105284.1_mrna_XM_026141583.2_34152	2886	2687	49.7108	5.19635
lcl|NW_024105284.1_mrna_XM_039459372.1_34153	2449	2250	0	0
lcl|NW_024105284.1_mrna_XM_011174726.3_34154	3246	3047	1060.29	97.7387
lcl|NW_024105284.1_ncrna_XR_003269575.2_34155	962	763	13.7571	5.0643
lcl|NW_024105284.1_mrna_XM_011174727.3_34156	3849	3650	539.763	41.5361
lcl|NW_024105284.1_mrna_XM_011174728.3_34157	3968	3769	284.401	21.1944
lcl|NW_024105284.1_mrna_XM_039459370.1_34158	3835	3636	82.0789	6.3405
lcl|NW_024105284.1_mrna_XM_011174729.3_34159	3844	3645	8.88963e-05	6.85018e-06
lcl|NW_024105284.1_ncrna_XR_005576667.1_34160	489	290	0	0
lcl|NW_024105284.1_ncrna_XR_005576674.1_34161	734	535	27.0318	14.1918
lcl|NW_024105284.1_mrna_XM_039459384.1_34162	1778	1579	0	0
lcl|NW_024105284.1_mrna_XM_039459432.1_34163	3198	2999	0	0
lcl|NW_024105284.1_mrna_XM_039459388.1_34164	1427	1228	0	0
lcl|NW_024105284.1_mrna_XM_039459387.1_34165	1467	1268	0	0
lcl|NW_024105284.1_mrna_XM_039459389.1_34166	1167	968	1	0.290162
lcl|NW_024105285.1_mrna_XM_039459438.1_34167	1479	1280	0	0
lcl|NW_024105285.1_mrna_XM_039459439.1_34168	2577	2378	0	0
lcl|NW_024105286.1_ncrna_XR_005576678.1_34169	245	46.6066	0	0
lcl|NW_024105286.1_mrna_XM_039459442.1_34170	501	302	0	0
lcl|NW_024105286.1_mrna_XM_039459441.1_34171	4235	4036	0	0
lcl|NW_024105286.1_mrna_XM_039459440.1_34172	3982	3783	0	0
lcl|NW_024105287.1_mrna_XM_011172004.3_34173	1127	928	36	10.8961
lcl|NW_024105287.1_mrna_XM_039459443.1_34174	636	437	7	4.49917
lcl|NW_024105287.1_ncrna_XR_005576679.1_34175	569	370	0	0
lcl|NW_024105288.1_mrna_XM_039459444.1_34176	913	714	0	0
lcl|NW_024105289.1_mrna_XM_026130004.1_34177	633	434	0	0
lcl|NW_024105289.1_mrna_XM_039459445.1_34178	742	543	0	0
lcl|NW_024105290.1_mrna_XM_039459446.1_34179	874	675	76.6951	31.9139
lcl|NW_024105290.1_rrna_XR_005576681.1_34180	1922	1723	0	0
lcl|NW_024105290.1_rrna_XR_005576680.1_34181	155	7.48819	0	0
lcl|NW_024105291.1_mrna_XM_011167138.1_34182	792	593	0	0
lcl|NW_024105292.1_mrna_XM_039459447.1_34183	5751	5552	1	0.0505902
lcl|NW_024105292.1_mrna_XM_039459448.1_34184	4867	4668	1	0.0601707
lcl|NW_024105293.1_mrna_XM_039459449.1_34185	1643	1444	0	0
lcl|NW_024105293.1_mrna_XM_039459450.1_34186	405	206	0	0
lcl|NW_024105295.1_mrna_XM_039459451.1_34187	654	455	0	0
lcl|NW_024105295.1_mrna_XM_039459452.1_34188	669	470	0	0
lcl|NW_024105296.1_mrna_XM_026133512.2_34189	1492	1293	0	0
lcl|NW_024105296.1_mrna_XM_039459453.1_34190	945	746	0	0
lcl|NW_024105298.1_mrna_XM_039459454.1_34191	8313	8114	0.0218309	0.000755705
lcl|NW_024105298.1_mrna_XM_039459455.1_34192	8271	8072	3.97817	0.138426
lcl|NW_024105299.1_mrna_XM_039459461.1_34193	1232	1033	0	0
lcl|NW_024105299.1_mrna_XM_039459457.1_34194	4783	4584	0	0
lcl|NW_024105299.1_mrna_XM_039459458.1_34195	4798	4599	0	0
lcl|NW_024105299.1_mrna_XM_039459459.1_34196	4795	4596	0	0
lcl|NW_024105299.1_mrna_XM_039459460.1_34197	4363	4164	0	0
lcl|NW_024105299.1_mrna_XM_039459456.1_34198	4577	4378	0	0
lcl|NW_024105300.1_mrna_XM_039459462.1_34199	10001	9802	101.393	2.90542
lcl|NW_024105302.1_mrna_XM_026141748.2_34200	1982	1783	1	0.15753
lcl|NW_024105303.1_mrna_XM_039459465.1_34201	1014	815	2	0.689268
lcl|NW_024105303.1_mrna_XM_039459464.1_34202	1669	1470	2	0.382145
lcl|NW_024105304.1_mrna_XM_039459466.1_34203	975	776	0	0
lcl|NW_024105305.1_mrna_XM_039459468.1_34204	1464	1265	0	0
lcl|NW_024105305.1_mrna_XM_039459467.1_34205	1813	1614	0	0
lcl|NW_024105305.1_mrna_XM_039459469.1_34206	2319	2120	0	0
lcl|NW_024105305.1_mrna_XM_026130231.2_34207	2538	2339	1	0.120084
lcl|NW_024105308.1_mrna_XM_039459475.1_34208	1529	1330	0	0
lcl|NW_024105308.1_mrna_XM_039459474.1_34209	1532	1333	0	0
lcl|NW_024105308.1_ncrna_XR_005576682.1_34210	552	353	2.75729	2.19393
lcl|NW_024105308.1_ncrna_XR_005576683.1_34211	418	219	1.13043	1.44982
lcl|NW_024105308.1_mrna_XM_039459470.1_34212	2021	1822	0	0
lcl|NW_024105308.1_mrna_XM_039459472.1_34213	2857	2658	1.71378	0.181099
lcl|NW_024105308.1_mrna_XM_039459473.1_34214	1057	858	0	0
lcl|NW_024105309.1_mrna_XM_039459476.1_34215	1991	1792	0	0
lcl|NW_024105309.1_miscrna_XR_005576684.1_34216	1905	1706	0	0
lcl|NW_024105309.1_miscrna_XR_005576685.1_34217	1909	1710	0	0
lcl|NW_024105309.1_mrna_XM_039459478.1_34218	615	416	0	0
lcl|NW_024105311.1_rrna_XR_005576688.1_34219	7597	7398	89224.1	3387.53
lcl|NW_024105311.1_rrna_XR_005576687.1_34220	155	7.48819	0	0
lcl|NW_024105311.1_rrna_XR_005576689.1_34221	1925	1726	0	0
lcl|NW_024105311.1_ncrna_XR_005576686.1_34222	1864	1665	15.0844	2.54466
lcl|NW_024105312.1_mrna_XM_039459479.1_34223	946	747	0	0
lcl|NW_024105312.1_mrna_XM_039459480.1_34224	745	546	0.669468	0.344392
lcl|NW_024105312.1_mrna_XM_039459482.1_34225	822	623	0	0
lcl|NW_024105312.1_mrna_XM_039459483.1_34226	756	557	0	0
lcl|NW_024105312.1_mrna_XM_039459484.1_34227	1311	1112	1.31388	0.331868
lcl|NW_024105314.1_mrna_XM_039459487.1_34228	704	505	0	0
lcl|NW_024105314.1_mrna_XM_039459486.1_34229	1357	1158	0	0
lcl|NW_024105314.1_mrna_XM_039459488.1_34230	4941	4742	0	0
lcl|NW_024105314.1_mrna_XM_039459489.1_34231	636	437	0	0
lcl|NW_024105315.1_mrna_XM_039459490.1_34232	1527	1328	1	0.211504
lcl|NW_024105316.1_mrna_XM_039459491.1_34233	790	591	0	0
lcl|NW_024105317.1_rrna_XR_003269576.2_34234	160	8.03036	0	0
lcl|NW_024105318.1_mrna_XM_039459492.1_34235	786	587	0	0
lcl|NW_024105320.1_ncrna_XR_005576690.1_34236	174	9.99669	0	0
lcl|NW_024105321.1_ncrna_XR_005576691.1_34237	794	595	6.24895	2.94989
lcl|NW_024105322.1_mrna_XM_039459493.1_34238	585	386	0	0
lcl|NW_024105322.1_mrna_XM_039459494.1_34239	675	476	0	0
lcl|NW_024105322.1_mrna_XM_039459495.1_34240	1260	1061	0	0
lcl|NW_024105322.1_mrna_XM_039459496.1_34241	1404	1205	0	0
lcl|NW_024105322.1_mrna_XM_039459497.1_34242	1121	922	1	0.304639
lcl|NW_024105323.1_mrna_XM_039459498.1_34243	1716	1517	0	0
lcl|NW_024105323.1_mrna_XM_039459499.1_34244	881	682	0	0
lcl|NW_024105324.1_mrna_XM_039459504.1_34245	1754	1555	2.57384	0.464908
lcl|NW_024105324.1_mrna_XM_039459501.1_34246	720	521	0	0
lcl|NW_024105324.1_mrna_XM_039459503.1_34247	690	491	0	0
lcl|NW_024105324.1_mrna_XM_039459500.1_34248	1055	856	0	0
lcl|NW_024105324.1_mrna_XM_039459502.1_34249	1025	826	0	0
lcl|NW_024105324.1_mrna_XM_039459505.1_34250	1797	1598	5.21783	0.917126
lcl|NW_024105326.1_mrna_XM_039459506.1_34251	3666	3467	0	0
lcl|NW_024105326.1_mrna_XM_039459507.1_34252	1281	1082	0	0
lcl|NW_024105328.1_mrna_XM_039459508.1_34253	1518	1319	0	0
lcl|NW_024105330.1_mrna_XM_039459509.1_34254	1680	1481	0	0
lcl|NW_024105330.1_mrna_XM_039459510.1_34255	1683	1484	0	0
lcl|NW_024105331.1_mrna_XM_039459512.1_34256	768	569	0	0
lcl|NW_024105331.1_mrna_XM_039459511.1_34257	2850	2651	1.22578	0.129873
lcl|NW_024105332.1_mrna_XM_039459513.1_34258	566	367	0	0
lcl|NW_024105333.1_mrna_XM_039459516.1_34259	1582	1383	0	0
lcl|NW_024105333.1_mrna_XM_039459515.1_34260	435	236	0	0
lcl|NW_024105334.1_mrna_XM_039459517.1_34261	2176	1977	0	0
lcl|NW_024105334.1_mrna_XM_039459518.1_34262	1380	1181	0	0
lcl|NW_024105335.1_mrna_XM_011173594.1_34263	1002	803	0	0
lcl|NW_024105335.1_mrna_XM_011173593.1_34264	1635	1436	0	0
lcl|NW_024105336.1_mrna_XM_039459519.1_34265	1081	882	0	0
lcl|NW_024105337.1_mrna_XM_026137158.2_34266	642	443	1.71046	1.08449
lcl|NW_024105338.1_mrna_XM_026137973.2_34267	1546	1347	0	0
lcl|NW_024105338.1_mrna_XM_039459520.1_34268	3777	3578	0	0
lcl|NW_024105339.1_mrna_XM_039459521.1_34269	877	678	0	0
lcl|NW_024105339.1_mrna_XM_039459522.1_34270	877	678	0	0
lcl|NW_024105341.1_mrna_XM_039459523.1_34271	1189	990	0	0
lcl|NW_024105342.1_mrna_XM_026135959.2_34272	3804	3605	1	0.0779131
lcl|NW_024105342.1_mrna_XM_039459527.1_34273	4029	3830	0	0
lcl|NW_024105342.1_mrna_XM_039459526.1_34274	4031	3832	0	0
lcl|NW_024105342.1_mrna_XM_039459528.1_34275	2827	2628	85.5786	9.14652
lcl|NW_024105342.1_mrna_XM_039459529.1_34276	2805	2606	833.008	89.7822
lcl|NW_024105342.1_mrna_XM_011171860.3_34277	4295	4096	167.279	11.4709
lcl|NW_024105342.1_mrna_XM_039459530.1_34278	1766	1567	0	0
lcl|NW_024105342.1_mrna_XM_039459531.1_34279	1535	1336	0	0
lcl|NW_024105342.1_mrna_XM_039459533.1_34280	1744	1545	0	0
lcl|NW_024105342.1_mrna_XM_039459534.1_34281	1331	1132	1.88805e-05	4.68472e-06
lcl|NW_024105342.1_mrna_XM_039459532.1_34282	1744	1545	30	5.45391
lcl|NW_024105342.1_mrna_XM_011171870.3_34283	806	607	34.2778	15.8613
lcl|NW_024105342.1_mrna_XM_039459536.1_34284	2586	2387	85.5615	10.068
lcl|NW_024105342.1_mrna_XM_039459538.1_34285	2438	2239	307.432	38.5666
lcl|NW_024105342.1_mrna_XM_039459537.1_34286	2463	2264	39.0047	4.839
lcl|NW_024105342.1_mrna_XM_039459540.1_34287	2637	2438	0	0
lcl|NW_024105342.1_mrna_XM_039459539.1_34288	2633	2434	18.5875	2.14495
lcl|NW_024105342.1_mrna_XM_039459541.1_34289	2588	2389	0.00612469	0.000720085
lcl|NW_024105342.1_mrna_XM_039459535.1_34290	3642	3443	326.465	26.6327
lcl|NW_024105342.1_mrna_XM_026140595.2_34291	2219	2020	3085.18	428.988
lcl|NW_024105342.1_trna_34292	82	3.75521	0	0
lcl|NW_024105342.1_mrna_XM_011171874.3_34293	1321	1122	210.757	52.7601
lcl|NW_024105342.1_mrna_XM_011172165.3_34294	1790	1591	86.9331	15.3473
lcl|NW_024105342.1_mrna_XM_039459524.1_34295	1227	1028	996.653	272.312
lcl|NW_024105342.1_mrna_XM_011164796.3_34296	1667	1468	329.2	62.9868
lcl|NW_024105342.1_mrna_XM_039459525.1_34297	1728	1529	80.7997	14.8429
lcl|NW_024105342.1_mrna_XM_026139749.2_34298	1703	1504	0	0
lcl|NW_024105342.1_mrna_XM_011164797.3_34299	1899	1700	0	0
lcl|NW_024105342.1_mrna_XM_039459542.1_34300	16200	16001	196	3.44052
lcl|NW_024105342.1_ncrna_XR_005576692.1_34301	3937	3738	1	0.0751409
lcl|NW_024105343.1_mrna_XM_039459543.1_34302	3148	2949	2	0.190489
lcl|NW_024105345.1_mrna_XM_039459544.1_34303	1966	1767	0	0
lcl|NW_024105345.1_ncrna_XR_005576693.1_34304	3287	3088	0.0374195	0.00340358
lcl|NW_024105346.1_mrna_XM_039459545.1_34305	2001	1802	0	0
lcl|NW_024105351.1_mrna_XM_011174384.3_34306	564	365	1	0.769525
lcl|NW_024105351.1_mrna_XM_039459548.1_34307	1759	1560	0	0
lcl|NW_024105351.1_mrna_XM_039459546.1_34308	1039	840	0	0
lcl|NW_024105351.1_mrna_XM_039459547.1_34309	2016	1817	0	0
lcl|NW_024105353.1_mrna_XM_039459551.1_34310	3036	2837	1	0.0990048
lcl|NW_024105353.1_mrna_XM_039459550.1_34311	1974	1775	0	0
lcl|NW_024105353.1_mrna_XM_039459549.1_34312	3726	3527	0	0
lcl|NW_024105353.1_mrna_XM_039459552.1_34313	1345	1146	0	0
lcl|NW_024105354.1_mrna_XM_039459553.1_34314	2486	2287	0	0
lcl|NW_024105356.1_mrna_XM_039459554.1_34315	1035	836	0	0
lcl|NW_024105357.1_mrna_XM_039459555.1_34316	387	188	0	0
lcl|NW_024105357.1_mrna_XM_039459556.1_34317	778	579	0.709422	0.344145
lcl|NW_024105358.1_mrna_XM_039459557.1_34318	576	377	0	0
lcl|NW_024105359.1_mrna_XM_011171621.3_34319	1806	1607	0	0
lcl|NW_024105359.1_mrna_XM_039459558.1_34320	436	237	0	0
lcl|NW_024105360.1_mrna_XM_026130081.2_34321	1558	1359	0	0
lcl|NW_024105361.1_mrna_XM_039459559.1_34322	4287	4088	0	0
lcl|NW_024105363.1_mrna_XM_039459560.1_34323	1709	1510	0	0
lcl|NW_024105363.1_mrna_XM_039459561.1_34324	1234	1035	0	0
lcl|NW_024105365.1_mrna_XM_039459563.1_34325	1390	1191	24.9578	5.88588
lcl|NW_024105365.1_mrna_XM_039459562.1_34326	1393	1194	3.99278e-07	9.39261e-08
lcl|NW_024105365.1_mrna_XM_039459567.1_34327	1091	892	0	0
lcl|NW_024105365.1_mrna_XM_039459564.1_34328	1406	1207	7.76002	1.80581
lcl|NW_024105365.1_mrna_XM_039459568.1_34329	977	778	0	0
lcl|NW_024105365.1_mrna_XM_039459566.1_34330	1074	875	0	0
lcl|NW_024105365.1_mrna_XM_039459565.1_34331	1077	878	0	0
lcl|NW_024105366.1_mrna_XM_039459569.1_34332	1291	1092	7.46695	1.9206
lcl|NW_024105366.1_mrna_XM_039459570.1_34333	1210	1011	0	0
lcl|NW_024105366.1_mrna_XM_039459572.1_34334	943	744	2.49472	0.941814
lcl|NW_024105366.1_mrna_XM_039459573.1_34335	1527	1328	1.50528	0.318371
lcl|NW_024105366.1_mrna_XM_039459571.1_34336	1295	1096	0	0
lcl|NW_024105366.1_trna_34337	75	3.59105	0	0
lcl|NW_024105372.1_mrna_XM_039459574.1_34338	666	467	0	0
lcl|NW_024105372.1_mrna_XM_039459575.1_34339	1709	1510	1	0.186011
lcl|NW_024105373.1_mrna_XM_039459576.1_34340	3556	3357	3	0.251007
lcl|NW_024105374.1_mrna_XM_039459577.1_34341	1875	1676	0	0
lcl|NW_024105374.1_mrna_XM_026140734.2_34342	1208	1009	0.981446	0.273207
lcl|NW_024105375.1_mrna_XM_039459578.1_34343	351	152	0	0
lcl|NW_024105376.1_mrna_XM_039459583.1_34344	2042	1843	0.0301583	0.00459619
lcl|NW_024105376.1_mrna_XM_039459584.1_34345	2032	1833	7.06913	1.08323
lcl|NW_024105376.1_mrna_XM_039459579.1_34346	2114	1915	0	0
lcl|NW_024105376.1_mrna_XM_039459581.1_34347	2168	1969	0	0
lcl|NW_024105376.1_mrna_XM_039459582.1_34348	2338	2139	0	0
lcl|NW_024105376.1_mrna_XM_039459580.1_34349	1932	1733	0	0
lcl|NW_024105376.1_mrna_XM_026141314.2_34350	371	172	0	0
lcl|NW_024105381.1_mrna_XM_039459585.1_34351	444	245	0	0
lcl|NW_024105381.1_mrna_XM_039459586.1_34352	1635	1436	0	0
lcl|NW_024105381.1_mrna_XM_039459587.1_34353	1215	1016	0	0
lcl|NW_024105382.1_mrna_XM_039459588.1_34354	442	243	2	2.31174
lcl|NW_024105386.1_mrna_XM_026140193.2_34355	1342	1143	221	54.3077
lcl|NW_024105386.1_mrna_XM_011167597.1_34356	2040	1841	0	0
lcl|NW_024105386.1_mrna_XM_011167596.1_34357	1263	1064	0	0
lcl|NW_024105386.1_ncrna_XR_005576694.1_34358	1232	1033	0	0
lcl|NW_024105386.1_mrna_XM_039459591.1_34359	953	754	10.0953	3.76067
lcl|NW_024105386.1_mrna_XM_039459590.1_34360	940	741	343	130.014
lcl|NW_024105386.1_mrna_XM_039459589.1_34361	3648	3449	180.374	14.6891
lcl|NW_024105386.1_mrna_XM_011167131.3_34362	1897	1698	283.583	46.9092
lcl|NW_024105386.1_mrna_XM_011171925.3_34363	1827	1628	1.5023	0.259189
lcl|NW_024105386.1_mrna_XM_039459596.1_34364	2787	2588	8	0.868243
lcl|NW_024105386.1_mrna_XM_039459595.1_34365	2882	2683	0	0
lcl|NW_024105386.1_mrna_XM_039459593.1_34366	2078	1879	767.833	114.777
lcl|NW_024105386.1_mrna_XM_039459594.1_34367	1946	1747	1.13769e-06	1.82914e-07
lcl|NW_024105386.1_ncrna_XR_005576695.1_34368	782	583	0	0
lcl|NW_024105386.1_mrna_XM_026141163.2_34369	1447	1248	393.167	88.4868
lcl|NW_024105387.1_mrna_XM_039459597.1_34370	2133	1934	0	0
lcl|NW_024105388.1_mrna_XM_039459599.1_34371	2197	1998	0	0
lcl|NW_024105388.1_mrna_XM_039459598.1_34372	399	200	0	0
lcl|NW_024105390.1_mrna_XM_039459600.1_34373	5172	4973	0	0
lcl|NW_024105391.1_mrna_XM_039459602.1_34374	1902	1703	0.000214327	3.53491e-05
lcl|NW_024105391.1_mrna_XM_039459604.1_34375	1884	1685	9.11306	1.51908
lcl|NW_024105391.1_mrna_XM_039459603.1_34376	2263	2064	0	0
lcl|NW_024105391.1_mrna_XM_039459601.1_34377	1519	1320	45.8781	9.76218
lcl|NW_024105392.1_mrna_XM_039459605.1_34378	421	222	0	0
lcl|NW_024105393.1_mrna_XM_026137668.2_34379	1438	1239	0	0
lcl|NW_024105396.1_mrna_XM_039459606.1_34380	2599	2400	1	0.117032
lcl|NW_024105399.1_ncrna_XR_005576696.1_34381	1159	960	3.78938	1.1087
lcl|NW_024105400.1_mrna_XM_039459607.1_34382	2709	2510	12.578	1.40751
lcl|NW_024105404.1_mrna_XM_039459609.1_34383	1616	1417	0	0
lcl|NW_024105405.1_mrna_XM_039459610.1_34384	825	626	0	0
lcl|NW_024105407.1_mrna_XM_039459611.1_34385	4848	4649	0	0
lcl|NW_024105412.1_mrna_XM_039459618.1_34386	949	750	2.60899e-08	9.77073e-09
lcl|NW_024105412.1_mrna_XM_039459617.1_34387	1089	890	0	0
lcl|NW_024105412.1_mrna_XM_039459619.1_34388	1083	884	0	0
lcl|NW_024105412.1_ncrna_XR_005576697.1_34389	734	535	0	0
lcl|NW_024105412.1_mrna_XM_011174830.1_34390	1383	1184	0	0
lcl|NW_024105412.1_mrna_XM_039459620.1_34391	784	585	4.1251	1.98059
lcl|NW_024105412.1_mrna_XM_039459621.1_34392	685	486	6.0409	3.49125
lcl|NW_024105412.1_mrna_XM_011174829.3_34393	5803	5604	419	21.0006
lcl|NW_024105412.1_mrna_XM_039459613.1_34394	3454	3255	0	0
lcl|NW_024105412.1_mrna_XM_039459616.1_34395	7880	7681	1	0.0365677
lcl|NW_024105412.1_mrna_XM_039459622.1_34396	391	192	0	0
lcl|NW_024105412.1_mrna_XM_039459623.1_34397	2094	1895	0	0
lcl|NW_024105412.1_mrna_XM_039459615.1_34398	1636	1437	0	0
lcl|NW_024105412.1_mrna_XM_039459614.1_34399	2201	2002	0	0
lcl|NW_024105417.1_miscrna_XR_005576701.1_34400	4263	4064	0	0
lcl|NW_024105417.1_miscrna_XR_005576698.1_34401	4370	4171	0	0
lcl|NW_024105417.1_miscrna_XR_005576702.1_34402	3232	3033	0	0
lcl|NW_024105417.1_miscrna_XR_005576703.1_34403	3217	3018	0	0
lcl|NW_024105417.1_miscrna_XR_005576700.1_34404	3311	3112	0	0
lcl|NW_024105417.1_miscrna_XR_005576699.1_34405	3325	3126	0	0
lcl|NW_024105417.1_miscrna_XR_005576704.1_34406	3310	3111	0	0
lcl|NW_024105417.1_miscrna_XR_005576705.1_34407	3214	3015	0	0
lcl|NW_024105417.1_miscrna_XR_005576706.1_34408	2963	2764	0	0
lcl|NW_024105417.1_miscrna_XR_005576707.1_34409	2838	2639	0	0
lcl|NW_024105417.1_mrna_XM_039459626.1_34410	2472	2273	6.1935	0.765336
lcl|NW_024105417.1_mrna_XM_039459624.1_34411	696	497	0	0
lcl|NW_024105417.1_mrna_XM_039459625.1_34412	838	639	0	0
