target_id	length	eff_length	est_counts	tpm
lcl|NC_037638.1_mrna_XM_623972.6_1	1447	1248	154.236	6.7648
lcl|NC_037638.1_miscrna_XR_001705491.2_2	835	636	76.6578	6.59757
lcl|NC_037638.1_miscrna_XR_001705490.2_3	1068	869	206.49	13.0066
lcl|NC_037638.1_mrna_XM_006557405.3_4	4225	4026	3853.34	52.3901
lcl|NC_037638.1_mrna_XM_006557404.3_5	4189	3990	1676.92	23.0052
lcl|NC_037638.1_mrna_XM_623949.6_6	4183	3984	61.3691	0.843171
lcl|NC_037638.1_mrna_XM_006557406.3_7	4099	3900	481.98	6.76472
lcl|NC_037638.1_mrna_XM_026446303.1_8	4256	4057	159	2.14525
lcl|NC_037638.1_mrna_XM_026439913.1_9	1745	1546	215.854	7.64252
lcl|NC_037638.1_mrna_NM_001242554.1_10	1848	1649	240.146	7.97149
lcl|NC_037638.1_mrna_XM_016917677.1_11	1156	957	937.583	53.6269
lcl|NC_037638.1_mrna_XM_016917679.2_12	811	612	34.4174	3.07831
lcl|NC_037638.1_mrna_XM_016917662.2_13	2088	1889	252.289	7.31058
lcl|NC_037638.1_mrna_XM_026440071.1_14	1866	1667	0	0
lcl|NC_037638.1_mrna_XM_016917667.2_15	1817	1618	11.9448	0.404097
lcl|NC_037638.1_mrna_XM_006557400.3_16	1761	1562	740.766	25.9588
lcl|NC_037638.1_mrna_XM_016917672.2_17	1767	1568	5.31545e-05	1.85558e-06
lcl|NC_037638.1_mrna_XM_394142.7_18	2330	2131	138	3.54471
lcl|NC_037638.1_mrna_XM_392111.7_19	1595	1396	1080	42.3471
lcl|NC_037638.1_mrna_XM_016910851.2_20	2736	2537	125.957	2.71761
lcl|NC_037638.1_mrna_XM_016910856.2_21	1635	1436	867.706	33.0753
lcl|NC_037638.1_ncrna_XR_001702207.2_22	1102	903	9	0.545557
lcl|NC_037638.1_mrna_XM_026443867.1_23	370	171	26.0912	8.35186
lcl|NC_037638.1_mrna_XM_006557392.2_24	5269	5070	4160.23	44.9153
lcl|NC_037638.1_ncrna_XR_001702201.2_25	709	510	25	2.68321
lcl|NC_037638.1_mrna_XM_026443863.1_26	1346	1147	527	25.1497
lcl|NC_037638.1_mrna_XM_006557389.3_27	2131	1932	265.238	7.51473
lcl|NC_037638.1_mrna_XM_026443894.1_28	2080	1881	0.0213411	0.000621032
lcl|NC_037638.1_mrna_XM_394141.4_29	2319	2120	0	0
lcl|NC_037638.1_mrna_XM_006557388.1_30	2262	2063	78.7411	2.08924
lcl|NC_037638.1_mrna_XM_006557391.3_31	2797	2598	23.2148	0.489116
lcl|NC_037638.1_mrna_XM_392109.6_32	2378	2179	244.805	6.14961
lcl|NC_037638.1_mrna_XM_016910832.2_33	2705	2506	1644.98	35.9306
lcl|NC_037638.1_mrna_XM_006557387.3_34	519	320	167.689	28.684
lcl|NC_037638.1_mrna_XM_394140.7_35	670	471	34.3113	3.9875
lcl|NC_037638.1_mrna_XM_026446104.1_36	7543	7344	696	5.18754
lcl|NC_037638.1_mrna_XM_016910793.2_37	3212	3013	76.6219	1.392
lcl|NC_037638.1_mrna_XM_006557376.3_38	3214	3015	0.000191737	3.48099e-06
lcl|NC_037638.1_mrna_XM_016910803.2_39	2843	2644	3.59166e-08	7.43564e-10
lcl|NC_037638.1_mrna_XM_006557380.3_40	3009	2810	213.674	4.16228
lcl|NC_037638.1_mrna_XM_006557381.3_41	2940	2741	231.631	4.62564
lcl|NC_037638.1_mrna_XM_001122271.5_42	3144	2945	0.000231624	4.30511e-06
lcl|NC_037638.1_mrna_XM_006557386.3_43	2769	2570	224.777	4.78745
lcl|NC_037638.1_mrna_XM_006557383.3_44	3106	2907	28.2194	0.531358
lcl|NC_037638.1_mrna_XM_006557382.3_45	4454	4255	178.519	2.29651
lcl|NC_037638.1_mrna_XM_006557384.3_46	4248	4049	1599.52	21.6236
lcl|NC_037638.1_mrna_XM_006557379.3_47	2870	2671	38.9569	0.798355
lcl|NC_037638.1_mrna_XM_006557385.3_48	3942	3743	197.52	2.88852
lcl|NC_037638.1_mrna_XM_016910810.2_49	2647	2448	2933.41	65.5913
lcl|NC_037638.1_precursorrna_NR_031523.1_50	84	3.8053	0	0
lcl|NC_037638.1_ncrna_51	23	2.74792	0	0
lcl|NC_037638.1_precursorrna_NR_031522.1_52	89	3.93736	0	0
lcl|NC_037638.1_precursorrna_NR_127369.1_53	78	3.65937	0	0
lcl|NC_037638.1_ncrna_54	23	2.74792	0	0
lcl|NC_037638.1_ncrna_55	24	2.75981	0	0
lcl|NC_037638.1_precursorrna_NR_034307.1_56	79	3.6828	0	0
lcl|NC_037638.1_ncrna_57	23	2.74792	0	0
lcl|NC_037638.1_precursorrna_NR_034285.1_58	100	4.26726	0	0
lcl|NC_037638.1_ncrna_59	21	2.72438	0	0
lcl|NC_037638.1_precursorrna_NR_034287.1_60	100	4.26726	0	0
lcl|NC_037638.1_ncrna_61	23	2.74792	0	0
lcl|NC_037638.1_precursorrna_NR_034296.1_62	100	4.26726	0	0
lcl|NC_037638.1_ncrna_63	19	2.70091	0	0
lcl|NC_037638.1_miscrna_XR_003305810.1_64	2794	2595	468.479	9.88184
lcl|NC_037638.1_mrna_XM_026444102.1_65	2208	2009	42.3197	1.15305
lcl|NC_037638.1_mrna_XM_394248.6_66	2212	2013	265.202	7.21137
lcl|NC_037638.1_mrna_XM_026446225.1_67	14474	14275	8.20012e-05	3.14434e-07
lcl|NC_037638.1_mrna_XM_026446229.1_68	14423	14224	1.48491e-05	5.7143e-08
lcl|NC_037638.1_mrna_XM_026446228.1_69	14444	14245	8.84818e-06	3.39998e-08
lcl|NC_037638.1_mrna_XM_026446230.1_70	14417	14218	9.69775e-05	3.73351e-07
lcl|NC_037638.1_mrna_XM_026446227.1_71	14453	14254	178.137	0.684073
lcl|NC_037638.1_mrna_XM_026446232.1_72	14407	14208	0.0310669	0.000119688
lcl|NC_037638.1_mrna_XM_026446234.1_73	14356	14157	0.0114149	4.41352e-05
lcl|NC_037638.1_mrna_XM_026446237.1_74	14266	14067	3.11255	0.0121116
lcl|NC_037638.1_mrna_XM_026446226.1_75	14458	14259	0.00151402	5.81204e-06
lcl|NC_037638.1_mrna_XM_026446233.1_76	14395	14196	400.296	1.54348
lcl|NC_037638.1_mrna_XM_026446235.1_77	14316	14117	64.5525	0.250297
lcl|NC_037638.1_mrna_XM_026446236.1_78	14300	14101	1210.23	4.69789
lcl|NC_037638.1_mrna_XM_026446231.1_79	14089	13890	52.6284	0.207397
lcl|NC_037638.1_mrna_XM_026446241.1_80	4544	4345	161.579	2.03554
lcl|NC_037638.1_mrna_XM_026446239.1_81	4421	4222	6774.3	87.8278
lcl|NC_037638.1_mrna_XM_016910677.2_82	4544	4345	2234.07	28.1444
lcl|NC_037638.1_mrna_XM_026446240.1_83	4606	4407	3458.48	42.9564
lcl|NC_037638.1_mrna_XM_026446242.1_84	6159	5960	446.568	4.10135
lcl|NC_037638.1_mrna_XM_001120565.5_85	1474	1275	88.1028	3.78238
lcl|NC_037638.1_mrna_XM_003249064.4_86	4011	3812	1132	16.2547
lcl|NC_037638.1_mrna_XM_016918148.2_87	4332	4133	0	0
lcl|NC_037638.1_mrna_XM_016918144.2_88	5550	5351	0	0
lcl|NC_037638.1_mrna_XM_006557369.3_89	5530	5331	352.285	3.61719
lcl|NC_037638.1_mrna_XM_016918147.2_90	4942	4743	3499.43	40.3859
lcl|NC_037638.1_mrna_XM_016910683.2_91	2164	1965	22.0028	0.612917
lcl|NC_037638.1_precursorrna_NR_039462.1_92	88	3.91013	0	0
lcl|NC_037638.1_ncrna_93	23	2.74792	0	0
lcl|NC_037638.1_mrna_XM_006557372.3_94	4161	3962	1822.68	25.1814
lcl|NC_037638.1_mrna_XM_006557374.3_95	1791	1592	12	0.412595
lcl|NC_037638.1_mrna_XM_026441502.1_96	7798	7599	2252	16.2217
lcl|NC_037638.1_miscrna_XR_001706010.2_97	1263	1064	287.562	14.7936
lcl|NC_037638.1_miscrna_XR_001706008.2_98	1507	1308	3.05908	0.128017
lcl|NC_037638.1_miscrna_XR_003304966.1_99	147	6.75012	0	0
lcl|NC_037638.1_ncrna_XR_001706027.2_100	1089	890	25	1.53757
lcl|NC_037638.1_mrna_XM_394245.6_101	3465	3266	10398.2	174.272
lcl|NC_037638.1_mrna_XM_016916693.2_102	3014	2815	188.817	3.67154
lcl|NC_037638.1_mrna_NM_001141964.1_103	2233	2034	17441.6	469.375
lcl|NC_037638.1_ncrna_XR_003306183.1_104	556	357	1	0.153326
lcl|NC_037638.1_mrna_XM_003249062.4_105	937	738	282	20.916
lcl|NC_037638.1_miscrna_XR_407471.3_106	2799	2600	259.137	5.45558
lcl|NC_037638.1_mrna_XM_001122476.5_107	2689	2490	406.896	8.94478
lcl|NC_037638.1_miscrna_XR_407453.3_108	4147	3948	7089.14	98.2883
lcl|NC_037638.1_mrna_NM_001204751.1_109	3811	3612	3147.86	47.7038
lcl|NC_037638.1_precursorrna_NR_039460.1_110	135	5.87326	0	0
lcl|NC_037638.1_ncrna_111	21	2.72438	0	0
lcl|NC_037638.1_mrna_XM_006557359.3_112	1532	1333	2834.06	116.376
lcl|NC_037638.1_mrna_XM_016914916.2_113	1416	1217	0	0
lcl|NC_037638.1_mrna_XM_006557358.3_114	1684	1485	2388.94	88.057
lcl|NC_037638.1_mrna_XM_001122509.5_115	1231	1032	351	18.6171
lcl|NC_037638.1_mrna_XM_006557357.3_116	2665	2466	276.487	6.13716
lcl|NC_037638.1_mrna_XM_016917835.2_117	2757	2558	0	0
lcl|NC_037638.1_mrna_XM_026441961.1_118	2429	2230	162.383	3.98585
lcl|NC_037638.1_mrna_XM_016917834.2_119	2623	2424	700.13	15.81
lcl|NC_037638.1_ncrna_XR_001706436.2_120	443	244	15	3.36501
lcl|NC_037638.1_mrna_XM_006557355.2_121	2938	2739	1198.64	23.9542
lcl|NC_037638.1_mrna_XM_006557354.2_122	3327	3128	0	0
lcl|NC_037638.1_mrna_XM_026446332.1_123	3374	3175	422.362	7.2816
lcl|NC_037638.1_mrna_XM_026446257.1_124	3403	3204	484.378	8.27517
lcl|NC_037638.1_trna_125	73	3.5471	0	0
lcl|NC_037638.1_mrna_XM_026446333.1_126	719	520	64	6.73693
lcl|NC_037638.1_mrna_XM_026446258.1_127	5004	4805	1397.62	15.9214
lcl|NC_037638.1_mrna_XM_006557352.3_128	1408	1209	66.3234	3.0028
lcl|NC_037638.1_mrna_XM_624067.5_129	977	778	1273.68	89.6117
lcl|NC_037638.1_trna_130	72	3.52559	0	0
lcl|NC_037638.1_mrna_XM_026439854.1_131	2528	2329	1219	28.6497
lcl|NC_037638.1_ncrna_XR_407459.3_132	3012	2813	11	0.214047
lcl|NC_037638.1_ncrna_XR_003306169.1_133	4581	4382	10	0.124915
lcl|NC_037638.1_mrna_XM_006557350.3_134	1999	1800	1192.62	36.2673
lcl|NC_037638.1_mrna_XM_006557351.3_135	1907	1708	18.5385	0.594118
lcl|NC_037638.1_mrna_XM_016917789.2_136	1986	1787	14.8419	0.454622
lcl|NC_037638.1_mrna_XM_016917790.2_137	1963	1764	0	0
lcl|NC_037638.1_ncrna_XR_407457.3_138	3630	3431	63	1.00509
lcl|NC_037638.1_mrna_XM_016917650.2_139	2375	2176	14	0.352172
lcl|NC_037638.1_precursorrna_NR_039432.1_140	107	4.51079	0	0
lcl|NC_037638.1_ncrna_141	22	2.73612	0	0
lcl|NC_037638.1_precursorrna_NR_039430.1_142	119	5.00576	0	0
lcl|NC_037638.1_ncrna_143	21	2.72438	0	0
lcl|NC_037638.1_ncrna_XR_003304627.1_144	1328	1129	0	0
lcl|NC_037638.1_ncrna_XR_407455.3_145	1189	990	0	0
lcl|NC_037638.1_mrna_XM_026440446.1_146	2657	2458	0	0
lcl|NC_037638.1_ncrna_XR_003304626.1_147	3248	3049	1	0.0179526
lcl|NC_037638.1_ncrna_XR_003306182.1_148	5977	5778	0	0
lcl|NC_037638.1_ncrna_XR_003306485.1_149	4414	4215	0.336432	0.00436903
lcl|NC_037638.1_ncrna_XR_003306483.1_150	5848	5649	0	0
lcl|NC_037638.1_mrna_XM_026446031.1_151	3268	3069	11.7654	0.209844
lcl|NC_037638.1_ncrna_XR_407902.3_152	899	700	15	1.17295
lcl|NC_037638.1_ncrna_XR_003306479.1_153	6141	5942	8.80539	0.081115
lcl|NC_037638.1_ncrna_XR_407901.3_154	4784	4585	134.61	1.60702
lcl|NC_037638.1_ncrna_XR_003306482.1_155	5907	5708	19.0186	0.182381
lcl|NC_037638.1_ncrna_XR_003306484.1_156	4704	4505	27.6176	0.335565
lcl|NC_037638.1_ncrna_XR_003306480.1_157	4412	4213	1.52058	0.0197562
lcl|NC_037638.1_ncrna_XR_001702155.2_158	4661	4462	0	0
lcl|NC_037638.1_ncrna_XR_003306481.1_159	4160	3961	68.0918	0.940969
lcl|NC_037638.1_mrna_XM_006558554.3_160	1629	1430	46.2518	1.77043
lcl|NC_037638.1_trna_161	82	3.75521	0	0
lcl|NC_037638.1_ncrna_XR_003306491.1_162	1464	1265	13	0.56252
lcl|NC_037638.1_ncrna_XR_003306490.1_163	4796	4597	50.2292	0.59809
lcl|NC_037638.1_ncrna_XR_003306488.1_164	8094	7895	59.715	0.414016
lcl|NC_037638.1_ncrna_XR_003306487.1_165	7887	7688	0.00118977	8.47101e-06
lcl|NC_037638.1_ncrna_XR_003306489.1_166	8169	7970	6.23509e-08	4.28222e-10
lcl|NC_037638.1_ncrna_XR_001702156.2_167	8148	7949	0	0
lcl|NC_037638.1_ncrna_XR_003306486.1_168	8251	8052	0	0
lcl|NC_037638.1_mrna_XM_026446034.1_169	1804	1605	75.3738	2.57058
lcl|NC_037638.1_mrna_XM_006558552.3_170	2772	2573	556.396	11.8367
lcl|NC_037638.1_mrna_XM_026446033.1_171	1631	1432	97.633	3.73198
lcl|NC_037638.1_ncrna_XR_001702158.2_172	1399	1200	18.7839	0.856822
lcl|NC_037638.1_mrna_XM_026446035.1_173	2605	2406	235.882	5.36643
lcl|NC_037638.1_mrna_XM_006558620.3_174	2503	2304	757.118	17.9873
lcl|NC_037638.1_mrna_XM_003249303.4_175	2094	1895	10.4264	0.301169
lcl|NC_037638.1_mrna_XM_026446036.1_176	1367	1168	65.5736	3.07306
lcl|NC_037638.1_mrna_XM_026446039.1_177	2071	1872	0	0
lcl|NC_037638.1_mrna_XM_026446038.1_178	2100	1901	0	0
lcl|NC_037638.1_mrna_XM_026446043.1_179	1869	1670	17.7246	0.580957
lcl|NC_037638.1_mrna_XM_026446037.1_180	2288	2089	0	0
lcl|NC_037638.1_miscrna_XR_003306492.1_181	2304	2105	69.8161	1.81547
lcl|NC_037638.1_mrna_XM_026446045.1_182	1580	1381	0	0
lcl|NC_037638.1_mrna_XM_026446047.1_183	1163	964	0	0
lcl|NC_037638.1_mrna_XM_026446041.1_184	1444	1245	0	0
lcl|NC_037638.1_mrna_XM_026446046.1_185	1466	1267	0	0
lcl|NC_037638.1_mrna_XM_026446042.1_186	1453	1254	0	0
lcl|NC_037638.1_mrna_XM_026446044.1_187	1487	1288	122.459	5.20429
lcl|NC_037638.1_mrna_XM_026446040.1_188	1426	1227	1.4842e-06	6.62116e-08
lcl|NC_037638.1_mrna_XM_026446049.1_189	2361	2162	595	15.0642
lcl|NC_037638.1_mrna_XM_003249306.4_190	2256	2057	200329	5330.82
lcl|NC_037638.1_mrna_XM_006558561.3_191	2140	1941	335725	9467.67
lcl|NC_037638.1_mrna_XM_016910716.2_192	1955	1756	18144.4	565.593
lcl|NC_037638.1_mrna_XM_026446048.1_193	2067	1868	0.0020568	6.02699e-05
lcl|NC_037638.1_mrna_XM_026442989.1_194	1015	816	3199.42	214.618
lcl|NC_037638.1_mrna_XM_026442949.1_195	1152	953	0	0
lcl|NC_037638.1_mrna_XM_026442921.1_196	1005	806	9.80547	0.665915
lcl|NC_037638.1_mrna_XM_026442862.1_197	1155	956	3520.2	201.555
lcl|NC_037638.1_mrna_NM_001077823.2_198	516	317	1393.97	240.702
lcl|NC_037638.1_mrna_XM_026446050.1_199	1143	944	3111	180.39
lcl|NC_037638.1_mrna_XM_006558574.3_200	1149	950	796	45.8643
lcl|NC_037638.1_mrna_XM_026446259.1_201	533	334	629	103.084
lcl|NC_037638.1_mrna_XM_003249309.4_202	1144	945	108	6.25572
lcl|NC_037638.1_mrna_XM_026446051.1_203	7618	7419	917	6.76565
lcl|NC_037638.1_mrna_XM_026446052.1_204	2103	1904	480	13.7994
lcl|NC_037638.1_mrna_XM_006558575.3_205	6766	6567	455.074	3.79316
lcl|NC_037638.1_ncrna_XR_407921.3_206	2111	1912	15.2655	0.437026
lcl|NC_037638.1_ncrna_XR_003305921.1_207	1109	910	19.7345	1.18705
lcl|NC_037638.1_ncrna_XR_003305923.1_208	3358	3159	303.906	5.26594
lcl|NC_037638.1_mrna_XM_026444468.1_209	1894	1695	316.061	10.2067
lcl|NC_037638.1_ncrna_XR_001703024.2_210	7243	7044	387.426	3.01061
lcl|NC_037638.1_mrna_XM_397559.7_211	1431	1232	20.1903	0.897053
lcl|NC_037638.1_ncrna_XR_003306529.1_212	2024	1825	0.000901687	2.70444e-05
lcl|NC_037638.1_ncrna_XR_003306531.1_213	1934	1735	0.000141129	4.45248e-06
lcl|NC_037638.1_ncrna_XR_001703023.2_214	2058	1859	223.688	6.58642
lcl|NC_037638.1_mrna_XM_026446238.1_215	4265	4066	520.092	7.00161
lcl|NC_037638.1_mrna_XM_026446243.1_216	4217	4018	1065.13	14.5104
lcl|NC_037638.1_mrna_XM_006558576.3_217	1391	1192	0	0
lcl|NC_037638.1_mrna_XM_006558577.3_218	2870	2671	36.0828	0.739454
lcl|NC_037638.1_ncrna_XR_003306535.1_219	942	743	27	1.98912
lcl|NC_037638.1_ncrna_XR_003306532.1_220	1027	828	0	0
lcl|NC_037638.1_mrna_XM_001120426.5_221	5207	5008	742.306	8.11342
lcl|NC_037638.1_mrna_XM_016912272.2_222	5212	5013	210.694	2.30059
lcl|NC_037638.1_mrna_XM_006558578.3_223	748	549	3	0.299112
lcl|NC_037638.1_mrna_XM_026439223.1_224	4396	4197	4.98875e-05	6.50636e-07
lcl|NC_037638.1_mrna_XM_026439220.1_225	4411	4212	635	8.25222
lcl|NC_037638.1_mrna_XM_003249312.4_226	1975	1776	1960.78	60.4325
lcl|NC_037638.1_mrna_XM_003249313.4_227	1921	1722	448.222	14.2477
lcl|NC_037638.1_ncrna_XR_003306523.1_228	203	17.7996	0	0
lcl|NC_037638.1_mrna_XM_623599.6_229	1441	1242	187.581	8.26708
lcl|NC_037638.1_mrna_XM_006558582.3_230	929	730	172.41	12.9278
lcl|NC_037638.1_mrna_XM_006558581.3_231	895	696	0.00962505	0.000756971
lcl|NC_037638.1_mrna_XM_026446194.1_232	2383	2184	2011	50.4016
lcl|NC_037638.1_mrna_XM_006558584.3_233	6280	6081	0.0658015	0.000592306
lcl|NC_037638.1_mrna_XM_006558583.3_234	6283	6084	1871.93	16.8417
lcl|NC_037638.1_mrna_XM_393421.5_235	597	398	2860	393.34
lcl|NC_037638.1_mrna_XM_016912185.2_236	2236	2037	0	0
lcl|NC_037638.1_mrna_XM_393422.7_237	2208	2009	228	6.21213
lcl|NC_037638.1_ncrna_XR_001702974.2_238	1266	1067	4	0.205202
lcl|NC_037638.1_mrna_XM_006558591.3_239	4947	4748	28.8563	0.332671
lcl|NC_037638.1_ncrna_XR_003305983.1_240	1423	1224	69	3.08569
lcl|NC_037638.1_mrna_XM_006558590.3_241	4476	4277	33.9795	0.434874
lcl|NC_037638.1_mrna_XM_006558588.3_242	4697	4498	0.00230835	2.8091e-05
lcl|NC_037638.1_ncrna_XR_003305979.1_243	1039	840	30.6667	1.99835
lcl|NC_037638.1_ncrna_XR_003305978.1_244	1165	966	15.3333	0.86885
lcl|NC_037638.1_mrna_XM_026444753.1_245	5124	4925	134.566	1.4956
lcl|NC_037638.1_mrna_XM_006558587.3_246	5164	4965	74.5959	0.822395
lcl|NC_037638.1_mrna_XM_006558593.3_247	4837	4638	1.90482e-05	2.24806e-07
lcl|NC_037638.1_mrna_XM_026444772.1_248	4832	4633	0	0
lcl|NC_037638.1_ncrna_XR_003305995.1_249	620	421	12.0516	1.56693
lcl|NC_037638.1_ncrna_XR_003305996.1_250	349	150	0	0
lcl|NC_037638.1_mrna_XM_006558585.3_251	2963	2764	0.1542	0.00305373
lcl|NC_037638.1_mrna_XM_395133.6_252	2966	2767	9.13734	0.180757
lcl|NC_037638.1_mrna_XM_006558586.3_253	3231	3032	0	0
lcl|NC_037638.1_mrna_XM_016912197.2_254	2641	2442	198.657	4.4529
lcl|NC_037638.1_ncrna_XR_407947.3_255	955	756	61	4.41665
lcl|NC_037638.1_ncrna_XR_003305999.1_256	265	66.0374	4.3749	3.6263
lcl|NC_037638.1_ncrna_XR_407945.3_257	2577	2378	71.6251	1.64869
lcl|NC_037638.1_ncrna_XR_001702958.2_258	715	516	1	0.106081
lcl|NC_037638.1_ncrna_XR_003305988.1_259	2685	2486	6	0.13211
lcl|NC_037638.1_ncrna_XR_001702946.2_260	2786	2587	0	0
lcl|NC_037638.1_ncrna_XR_407941.3_261	2686	2487	0	0
lcl|NC_037638.1_ncrna_XR_001702932.2_262	2734	2535	96	2.0729
lcl|NC_037638.1_ncrna_XR_003305896.1_263	1874	1675	9	0.294112
lcl|NC_037638.1_mrna_XM_001120937.5_264	2213	2014	54	1.46764
lcl|NC_037638.1_mrna_XM_006558598.3_265	892	693	147.65	11.6623
lcl|NC_037638.1_mrna_XM_006558597.3_266	1056	857	0	0
lcl|NC_037638.1_mrna_XM_003249288.4_267	1074	875	40.2324	2.51683
lcl|NC_037638.1_mrna_XM_006558596.3_268	1093	894	106.118	6.49735
lcl|NC_037638.1_mrna_XM_393342.7_269	2835	2636	58356.9	1211.8
lcl|NC_037638.1_trna_270	82	3.75521	0	0
lcl|NC_037638.1_ncrna_XR_003304345.1_271	3679	3480	0.252204	0.00396696
lcl|NC_037638.1_ncrna_XR_003304344.1_272	3665	3466	5.82012	0.0919156
lcl|NC_037638.1_ncrna_XR_003304339.1_273	3761	3562	144.928	2.22712
lcl|NC_037638.1_mrna_XM_006558622.3_274	684	485	40	4.51444
lcl|NC_037638.1_miscrna_XR_001706444.2_275	1924	1725	719.366	22.8269
lcl|NC_037638.1_miscrna_XR_001706445.2_276	1876	1677	22.2599	0.726566
lcl|NC_037638.1_mrna_XM_397274.7_277	1281	1082	1323.15	66.9374
lcl|NC_037638.1_mrna_XM_003249289.4_278	1233	1034	4.85057	0.256778
lcl|NC_037638.1_miscrna_XR_001706446.2_279	1756	1557	704.267	24.7591
lcl|NC_037638.1_mrna_XM_006558601.3_280	1185	986	384.919	21.3687
lcl|NC_037638.1_mrna_XM_016917618.2_281	2902	2703	1428	28.9179
lcl|NC_037638.1_mrna_XM_026446280.1_282	2690	2491	342.403	7.52402
lcl|NC_037638.1_mrna_XM_006558603.3_283	4107	3908	490.074	6.86424
lcl|NC_037638.1_mrna_XM_397273.7_284	4148	3949	773.965	10.728
lcl|NC_037638.1_mrna_XM_026446281.1_285	865	666	84.5574	6.94965
lcl|NC_037638.1_mrna_XM_006558606.3_286	1463	1264	33.1338	1.43486
lcl|NC_037638.1_mrna_XM_393487.7_287	1476	1277	99.8662	4.28068
lcl|NC_037638.1_mrna_XM_026446282.1_288	2970	2771	4630	91.4597
lcl|NC_037638.1_mrna_XM_395584.7_289	3322	3123	2974	52.126
lcl|NC_037638.1_mrna_XM_001121025.5_290	859	660	1338	110.968
lcl|NC_037638.1_mrna_XM_624443.4_291	3663	3464	541.499	8.55667
lcl|NC_037638.1_mrna_XM_006558608.3_292	3228	3029	403.501	7.29173
lcl|NC_037638.1_mrna_XM_006558609.2_293	940	741	9610	709.889
lcl|NC_037638.1_mrna_NM_001214904.1_294	3024	2825	666.261	12.9096
lcl|NC_037638.1_mrna_XM_026440906.1_295	2706	2507	0.181555	0.00396405
lcl|NC_037638.1_mrna_XM_026440876.1_296	2732	2533	419.558	9.06654
lcl|NC_037638.1_mrna_XM_006558610.3_297	1635	1436	0	0
lcl|NC_037638.1_mrna_XM_016917865.2_298	1661	1462	816	30.5512
lcl|NC_037638.1_mrna_XM_016917864.2_299	2098	1899	175	5.04427
lcl|NC_037638.1_mrna_XM_006558611.3_300	882	683	50	4.00714
lcl|NC_037638.1_mrna_XM_006558613.3_301	4532	4333	197.066	2.48948
lcl|NC_037638.1_mrna_XM_016917798.2_302	4697	4498	236.765	2.88127
lcl|NC_037638.1_mrna_XM_396376.7_303	3685	3486	18.1689	0.28529
lcl|NC_037638.1_mrna_XM_395143.7_304	3460	3261	48	0.805704
lcl|NC_037638.1_mrna_XM_016917921.2_305	3386	3187	0	0
lcl|NC_037638.1_mrna_XM_006558616.3_306	3108	2909	355.48	6.68893
lcl|NC_037638.1_mrna_XM_001121467.5_307	1305	1106	359	17.7674
lcl|NC_037638.1_mrna_XM_006559838.3_308	1842	1643	4137.28	137.836
lcl|NC_037638.1_mrna_XM_001119959.5_309	1800	1601	2083.72	71.2416
lcl|NC_037638.1_mrna_XM_006559839.3_310	1404	1205	2771.86	125.913
lcl|NC_037638.1_mrna_XM_026442212.1_311	1206	1007	466.144	25.3382
lcl|NC_037638.1_mrna_XM_026442190.1_312	2640	2441	149.449	3.35128
lcl|NC_037638.1_mrna_XM_026442197.1_313	2346	2147	303.551	7.739
lcl|NC_037638.1_mrna_XM_026445497.1_314	2902	2703	187	3.78687
lcl|NC_037638.1_mrna_XM_026445525.1_315	2508	2309	575	13.631
lcl|NC_037638.1_mrna_XM_395930.6_316	1021	822	524	34.8935
lcl|NC_037638.1_mrna_XM_006559845.3_317	3910	3711	168.263	2.48189
lcl|NC_037638.1_mrna_XM_006559844.3_318	3567	3368	440.999	7.16722
lcl|NC_037638.1_mrna_XM_006559842.3_319	3639	3440	184.332	2.93311
lcl|NC_037638.1_mrna_XM_006559843.3_320	3594	3395	499.406	8.05192
lcl|NC_037638.1_mrna_XM_003249533.3_321	2883	2684	794	16.1928
lcl|NC_037638.1_mrna_XM_026442619.1_322	1570	1371	1435.71	57.321
lcl|NC_037638.1_mrna_XM_026442641.1_323	1451	1252	1835.94	80.2672
lcl|NC_037638.1_mrna_NM_001242556.1_324	1856	1657	186.358	6.15616
lcl|NC_037638.1_mrna_XM_001120364.5_325	592	393	10116	1408.97
lcl|NC_037638.1_ncrna_XR_003306548.1_326	75	3.59105	0	0
lcl|NC_037638.1_mrna_XM_623108.6_327	5379	5180	4628	48.9045
lcl|NC_037638.1_mrna_XM_001123127.5_328	738	539	147	14.9284
lcl|NC_037638.1_mrna_XM_006559846.3_329	5994	5795	0	0
lcl|NC_037638.1_mrna_XM_006559848.3_330	5982	5783	506.683	4.79588
lcl|NC_037638.1_mrna_XM_392165.7_331	5967	5768	483.314	4.58659
lcl|NC_037638.1_mrna_XM_006559849.2_332	4622	4423	0.217808	0.00269551
lcl|NC_037638.1_mrna_XM_006559847.3_333	5854	5655	309.785	2.99856
lcl|NC_037638.1_mrna_XM_006559851.3_334	1718	1519	1800	64.8634
lcl|NC_037638.1_mrna_XM_016911229.2_335	3007	2808	0	0
lcl|NC_037638.1_mrna_XM_006559854.3_336	3030	2831	0	0
lcl|NC_037638.1_mrna_XM_016911215.2_337	3033	2834	0	0
lcl|NC_037638.1_mrna_XM_016911217.2_338	2185	1986	17.0159	0.468987
lcl|NC_037638.1_ncrna_XR_001702381.2_339	721	522	11.4378	1.19938
lcl|NC_037638.1_mrna_XM_016911237.2_340	2788	2589	4.5602	0.0964134
lcl|NC_037638.1_mrna_XM_006559852.3_341	1857	1658	9.68641	0.319789
lcl|NC_037638.1_mrna_XM_026446260.1_342	1662	1463	0	0
lcl|NC_037638.1_mrna_XM_026446324.1_343	2506	2307	478	11.3414
lcl|NC_037638.1_mrna_XM_026446328.1_344	5668	5469	1288.48	12.896
lcl|NC_037638.1_mrna_XM_026446326.1_345	1447	1248	0.000900684	3.95042e-05
lcl|NC_037638.1_mrna_XM_026446325.1_346	1493	1294	0	0
lcl|NC_037638.1_mrna_XM_016917825.2_347	1544	1345	38.5164	1.5675
lcl|NC_037638.1_mrna_XM_016917824.2_348	1510	1311	224	9.35256
lcl|NC_037638.1_mrna_XM_026444278.1_349	2693	2494	181	3.97253
lcl|NC_037638.1_mrna_XM_006559860.3_350	2588	2389	144	3.29937
lcl|NC_037638.1_mrna_XM_016917922.2_351	2572	2373	0	0
lcl|NC_037638.1_mrna_XM_006559861.3_352	3988	3789	105.918	1.53014
lcl|NC_037638.1_mrna_XM_001122042.5_353	3978	3779	1026.33	14.866
lcl|NC_037638.1_mrna_XM_006559863.3_354	3498	3299	284.754	4.72468
lcl|NC_037638.1_mrna_XM_003249530.4_355	1233	1034	854	45.2088
lcl|NC_037638.1_mrna_XM_001122063.4_356	563	364	1104	166.017
lcl|NC_037638.1_mrna_XM_395451.7_357	5717	5518	1688	16.7446
lcl|NC_037638.1_mrna_XM_006559864.3_358	895	696	273	21.4703
lcl|NC_037638.1_mrna_XM_016917816.2_359	849	650	0	0
lcl|NC_037638.1_mrna_XM_016917815.2_360	1961	1762	551	17.1171
lcl|NC_037638.1_mrna_XM_001120419.5_361	906	707	18631	1442.45
lcl|NC_037638.1_mrna_XM_006559866.3_362	3276	3077	947.915	16.8627
lcl|NC_037638.1_mrna_XM_006559865.3_363	3225	3026	315.115	5.70013
lcl|NC_037638.1_mrna_XM_396286.7_364	3118	2919	203.97	3.82488
lcl|NC_037638.1_mrna_XM_016917857.1_365	3112	2913	4.68755e-06	8.80827e-08
lcl|NC_037638.1_mrna_XM_026444332.1_366	6886	6687	107.419	0.879295
lcl|NC_037638.1_mrna_XM_026444329.1_367	7113	6914	0	0
lcl|NC_037638.1_mrna_XM_026444339.1_368	7084	6885	0.828496	0.00658676
lcl|NC_037638.1_mrna_XM_026444337.1_369	7094	6895	0	0
lcl|NC_037638.1_mrna_XM_026444360.1_370	6977	6778	166.174	1.34198
lcl|NC_037638.1_mrna_XM_026444355.1_371	7037	6838	1.0699e-07	8.56441e-10
lcl|NC_037638.1_mrna_XM_026444340.1_372	7069	6870	31.8617	0.253862
lcl|NC_037638.1_mrna_XM_026444349.1_373	7049	6850	0.595811	0.00476106
lcl|NC_037638.1_mrna_XM_026444358.1_374	6986	6787	1.33352	0.0107549
lcl|NC_037638.1_mrna_XM_026444350.1_375	7026	6827	102.304	0.820251
lcl|NC_037638.1_mrna_XM_026444370.1_376	6887	6688	0.000184819	1.51264e-06
lcl|NC_037638.1_mrna_XM_026444362.1_377	6895	6696	2681.61	21.9213
lcl|NC_037638.1_mrna_XM_026444334.1_378	6883	6684	0	0
lcl|NC_037638.1_mrna_XM_026443780.1_379	3028	2829	29.4649	0.570108
lcl|NC_037638.1_mrna_XM_026443778.1_380	3037	2838	0.535115	0.010321
lcl|NC_037638.1_mrna_XM_026443787.1_381	1063	864	1.06293	0.0673408
lcl|NC_037638.1_mrna_XM_006559882.3_382	4102	3903	2.4299	0.0340781
lcl|NC_037638.1_mrna_XM_006559884.3_383	910	711	343	26.4064
lcl|NC_037638.1_mrna_XM_026439028.1_384	8371	8172	2675.01	17.9177
lcl|NC_037638.1_mrna_XM_026438982.1_385	8392	8193	0	0
lcl|NC_037638.1_mrna_XM_026439001.1_386	8371	8172	0	0
lcl|NC_037638.1_mrna_XM_026439016.1_387	8173	7974	73.9799	0.507836
lcl|NC_037638.1_mrna_XM_026439022.1_388	8152	7953	68.9408	0.474494
lcl|NC_037638.1_mrna_XM_026439025.1_389	7990	7791	0	0
lcl|NC_037638.1_mrna_XM_026439026.1_390	7948	7749	47.6578	0.336646
lcl|NC_037638.1_mrna_XM_026439004.1_391	8311	8112	0	0
lcl|NC_037638.1_mrna_XM_026439000.1_392	8243	8044	118.756	0.808109
lcl|NC_037638.1_mrna_XM_026439013.1_393	5234	5035	831.005	9.0342
lcl|NC_037638.1_mrna_XM_016913949.2_394	5454	5255	0	0
lcl|NC_037638.1_mrna_XM_026438998.1_395	8563	8364	71.4239	0.467428
lcl|NC_037638.1_mrna_XM_026438987.1_396	8276	8077	12.5016	0.0847231
lcl|NC_037638.1_mrna_XM_026439010.1_397	6413	6214	197.842	1.74274
lcl|NC_037638.1_mrna_XM_394233.7_398	2833	2634	1765.71	36.6935
lcl|NC_037638.1_mrna_XM_026443444.1_399	2381	2182	104.288	2.61615
lcl|NC_037638.1_mrna_XM_623297.6_400	1702	1503	51.1753	1.86374
lcl|NC_037638.1_mrna_XM_006560256.3_401	1993	1794	30.8247	0.940508
lcl|NC_037638.1_mrna_XM_001121709.5_402	2158	1959	78	2.17944
lcl|NC_037638.1_mrna_XM_026441732.1_403	2377	2178	0	0
lcl|NC_037638.1_ncrna_XR_408682.3_404	644	445	0	0
lcl|NC_037638.1_ncrna_XR_001706452.2_405	497	298	0	0
lcl|NC_037638.1_miscrna_XR_001703847.2_406	3210	3011	549.585	9.99101
lcl|NC_037638.1_mrna_XM_001121762.5_407	3560	3361	298.379	4.85943
lcl|NC_037638.1_mrna_XM_016913395.2_408	2413	2214	176.393	4.36103
lcl|NC_037638.1_mrna_XM_016913396.2_409	2408	2209	36.6593	0.908393
lcl|NC_037638.1_mrna_XM_026444000.1_410	5568	5369	5515.75	56.2337
lcl|NC_037638.1_mrna_XM_026444001.1_411	5527	5328	3.14532e-05	3.23136e-07
lcl|NC_037638.1_ncrna_XR_003306550.1_412	164	8.51793	0	0
lcl|NC_037638.1_mrna_XM_026443986.1_413	4287	4088	0	0
lcl|NC_037638.1_mrna_XM_026443980.1_414	4374	4175	169.781	2.22596
lcl|NC_037638.1_mrna_XM_026443978.1_415	4419	4220	7.93905e-08	1.02977e-09
lcl|NC_037638.1_mrna_XM_006560262.3_416	4464	4265	37.2195	0.477679
lcl|NC_037638.1_ncrna_XR_003305793.1_417	2010	1811	3	0.0906751
lcl|NC_037638.1_mrna_XM_026443993.1_418	6997	6798	57.2955	0.461344
lcl|NC_037638.1_mrna_XM_026443997.1_419	5361	5162	0	0
lcl|NC_037638.1_mrna_XM_026443999.1_420	5774	5575	878.107	8.6216
lcl|NC_037638.1_mrna_XM_026443995.1_421	5757	5558	12.8323	0.126378
lcl|NC_037638.1_ncrna_XR_003305792.1_422	865	666	459	37.7245
lcl|NC_037638.1_mrna_XM_016914585.2_423	747	548	2	0.199772
lcl|NC_037638.1_mrna_XM_026442847.1_424	2452	2253	0	0
lcl|NC_037638.1_mrna_XM_026442853.1_425	2437	2238	48.648	1.18985
lcl|NC_037638.1_mrna_XM_003249619.4_426	3412	3213	355.867	6.06264
lcl|NC_037638.1_mrna_XM_016917958.2_427	742	543	11	1.10886
lcl|NC_037638.1_mrna_XM_006560271.3_428	1252	1053	184.776	9.60514
lcl|NC_037638.1_mrna_XM_026443482.1_429	1661	1462	68.2236	2.5543
lcl|NC_037638.1_mrna_XM_395482.7_430	1426	1227	387	17.2644
lcl|NC_037638.1_ncrna_XR_003304214.1_431	1000	801	600.358	41.0264
lcl|NC_037638.1_mrna_XM_026439104.1_432	5592	5393	0.0924626	0.000938471
lcl|NC_037638.1_mrna_XM_026439138.1_433	6431	6232	587.025	5.15602
lcl|NC_037638.1_mrna_XM_026439115.1_434	6121	5922	12.7356	0.117716
lcl|NC_037638.1_mrna_XM_026439114.1_435	6123	5924	0	0
lcl|NC_037638.1_mrna_XM_026439112.1_436	6124	5925	332.439	3.0712
lcl|NC_037638.1_mrna_XM_026439193.1_437	5856	5657	0	0
lcl|NC_037638.1_mrna_XM_026439163.1_438	6045	5846	0	0
lcl|NC_037638.1_mrna_XM_026439129.1_439	6075	5876	0	0
lcl|NC_037638.1_mrna_XM_026439119.1_440	6117	5918	0	0
lcl|NC_037638.1_mrna_XM_026439126.1_441	6084	5885	0	0
lcl|NC_037638.1_mrna_XM_026439121.1_442	6114	5915	0	0
lcl|NC_037638.1_mrna_XM_026439100.1_443	6126	5927	0	0
lcl|NC_037638.1_mrna_XM_026439134.1_444	6965	6766	11.8362	0.0957561
lcl|NC_037638.1_mrna_XM_026439144.1_445	6130	5931	0	0
lcl|NC_037638.1_mrna_XM_026439136.1_446	6969	6770	5.61421	0.0453927
lcl|NC_037638.1_mrna_XM_026439159.1_447	6053	5854	0	0
lcl|NC_037638.1_mrna_XM_026439125.1_448	6095	5896	0	0
lcl|NC_037638.1_mrna_XM_026439173.1_449	6024	5825	145.36	1.36595
lcl|NC_037638.1_mrna_XM_026439155.1_450	6054	5855	108.544	1.01476
lcl|NC_037638.1_mrna_XM_026439128.1_451	6075	5876	0	0
lcl|NC_037638.1_mrna_XM_026439182.1_452	5993	5794	949.169	8.96707
lcl|NC_037638.1_mrna_XM_026439177.1_453	6002	5803	0	0
lcl|NC_037638.1_mrna_XM_026439170.1_454	6032	5833	0	0
lcl|NC_037638.1_mrna_XM_026439162.1_455	6044	5845	1321.95	12.3799
lcl|NC_037638.1_mrna_XM_026439148.1_456	5378	5179	2780.05	29.3827
lcl|NC_037638.1_mrna_XM_026439141.1_457	6214	6015	3695.89	33.6333
lcl|NC_037638.1_mrna_XM_026439190.1_458	5106	4907	2.10856	0.023521
lcl|NC_037638.1_ncrna_XR_001702295.2_459	764	565	28.0344	2.71598
lcl|NC_037638.1_ncrna_XR_003304210.1_460	502	303	1.05448	0.190493
lcl|NC_037638.1_ncrna_XR_408870.3_461	2236	2037	16	0.429946
lcl|NC_037638.1_mrna_XM_026446261.1_462	1030	831	1	0.0658695
lcl|NC_037638.1_miscrna_XR_003306099.1_463	2925	2726	2	0.0401596
lcl|NC_037638.1_mrna_XM_026445217.1_464	3161	2962	0	0
lcl|NC_037638.1_mrna_XM_026442677.1_465	5433	5234	242.16	2.53252
lcl|NC_037638.1_mrna_XM_026442676.1_466	5541	5342	1675.77	17.171
lcl|NC_037638.1_ncrna_XR_003305305.1_467	1011	812	3.07282	0.207141
lcl|NC_037638.1_ncrna_XR_409142.3_468	2681	2482	6	0.132323
lcl|NC_037638.1_ncrna_XR_003305308.1_469	1552	1353	3	0.121369
lcl|NC_037638.1_ncrna_XR_003305303.1_470	3241	3042	0	0
lcl|NC_037638.1_ncrna_XR_003305304.1_471	3174	2975	19	0.349584
lcl|NC_037638.1_ncrna_XR_001704391.2_472	5981	5782	0	0
lcl|NC_037638.1_ncrna_XR_003305306.1_473	5948	5749	7	0.0666486
lcl|NC_037638.1_ncrna_XR_003305307.1_474	1805	1606	3	0.102249
lcl|NC_037638.1_mrna_XM_006561912.3_475	567	368	5735	853.043
lcl|NC_037638.1_mrna_XM_006561913.3_476	2213	2014	558.53	15.18
lcl|NC_037638.1_mrna_XM_392160.6_477	1767	1568	771.47	26.9313
lcl|NC_037638.1_mrna_XM_026445754.1_478	1712	1513	0	0
lcl|NC_037638.1_miscrna_XR_409249.3_479	1322	1123	91.8322	4.47611
lcl|NC_037638.1_mrna_XM_392161.7_480	1397	1198	351.168	16.0451
lcl|NC_037638.1_mrna_XM_006561914.3_481	1431	1232	37	1.6439
lcl|NC_037638.1_mrna_XM_392162.7_482	793	594	1253	115.465
lcl|NC_037638.1_mrna_XM_006561917.3_483	1970	1771	381	11.7758
lcl|NC_037638.1_mrna_XM_395780.7_484	1743	1544	233.51	8.27835
lcl|NC_037638.1_mrna_XM_006561916.3_485	1441	1242	492.382	21.7003
lcl|NC_037638.1_mrna_XM_006561915.3_486	1779	1580	235.652	8.16391
lcl|NC_037638.1_mrna_XM_026442581.1_487	1630	1431	207.456	7.93546
lcl|NC_037638.1_ncrna_XR_003304851.1_488	2284	2085	357.981	9.39809
lcl|NC_037638.1_mrna_XM_026441250.1_489	11674	11475	583.049	2.78123
lcl|NC_037638.1_mrna_XM_026441248.1_490	12678	12479	20.6747	0.0906868
lcl|NC_037638.1_mrna_XM_026441254.1_491	13008	12809	108.021	0.461613
lcl|NC_037638.1_mrna_XM_026441253.1_492	13011	12812	30.4426	0.130062
lcl|NC_037638.1_mrna_XM_026441258.1_493	13005	12806	480.002	2.0517
lcl|NC_037638.1_mrna_XM_026441242.1_494	13014	12815	0	0
lcl|NC_037638.1_mrna_XM_026441246.1_495	12269	12070	0	0
lcl|NC_037638.1_mrna_XM_026441259.1_496	10219	10020	2483.78	13.5685
lcl|NC_037638.1_mrna_XM_016911157.2_497	1945	1746	102.78	3.22218
lcl|NC_037638.1_miscrna_XR_409251.3_498	713	514	5.25555e-07	5.59681e-08
lcl|NC_037638.1_miscrna_XR_409250.3_499	706	507	17.2199	1.85912
lcl|NC_037638.1_mrna_XM_006561918.3_500	3281	3082	47	0.834739
lcl|NC_037638.1_ncrna_XR_001702356.2_501	1998	1799	1523.4	46.3518
lcl|NC_037638.1_mrna_XM_623718.5_502	1245	1046	552	28.8864
lcl|NC_037638.1_mrna_XM_001120612.4_503	978	779	731	51.3648
lcl|NC_037638.1_mrna_XM_026441279.1_504	736	537	138	14.0666
lcl|NC_037638.1_mrna_XM_001120697.5_505	1874	1675	269	8.79069
lcl|NC_037638.1_mrna_NM_001040264.1_506	1566	1367	14	0.560589
lcl|NC_037638.1_mrna_XM_395266.7_507	1856	1657	2666	88.069
lcl|NC_037638.1_mrna_XM_026441293.1_508	4145	3946	501.605	6.95809
lcl|NC_037638.1_mrna_XM_026441285.1_509	4090	3891	0	0
lcl|NC_037638.1_mrna_XM_026441289.1_510	4011	3812	486.395	6.98427
lcl|NC_037638.1_miscrna_XR_003305418.1_511	2836	2637	0	0
lcl|NC_037638.1_miscrna_XR_003305417.1_512	2804	2605	0	0
lcl|NC_037638.1_miscrna_XR_003305406.1_513	2816	2617	12.97	0.271281
lcl|NC_037638.1_mrna_XM_026443160.1_514	2565	2366	15.1721	0.351008
lcl|NC_037638.1_miscrna_XR_003305404.1_515	2817	2618	0	0
lcl|NC_037638.1_mrna_XM_026443149.1_516	3023	2824	0	0
lcl|NC_037638.1_mrna_XM_026443148.1_517	3112	2913	0	0
lcl|NC_037638.1_mrna_XM_026443146.1_518	3113	2914	0	0
lcl|NC_037638.1_mrna_XM_026443162.1_519	2091	1892	38.9698	1.12744
lcl|NC_037638.1_mrna_XM_026443157.1_520	2306	2107	167.888	4.36155
lcl|NC_037638.1_mrna_XM_006561922.3_521	1173	974	57	3.20333
lcl|NC_037638.1_mrna_XM_006561923.3_522	999	800	37	2.53161
lcl|NC_037638.1_mrna_XM_396690.7_523	1599	1400	153.927	6.01826
lcl|NC_037638.1_mrna_XM_006561924.3_524	1217	1018	205.073	11.0267
lcl|NC_037638.1_mrna_XM_026443501.1_525	2765	2566	881	18.7934
lcl|NC_037638.1_mrna_XM_395573.6_526	2059	1860	266	7.82806
lcl|NC_037638.1_mrna_XM_026446262.1_527	2034	1835	550	16.4063
lcl|NC_037638.1_mrna_XM_003249940.4_528	1966	1767	440.559	13.6475
lcl|NC_037638.1_mrna_XM_006561926.2_529	583	384	8724.48	1243.64
lcl|NC_037638.1_mrna_XM_016917948.2_530	508	309	2036.52	360.758
lcl|NC_037638.1_mrna_XM_016917879.2_531	2720	2521	37.5986	0.816364
lcl|NC_037638.1_mrna_XM_003249936.4_532	3582	3383	1083.4	17.5296
lcl|NC_037638.1_mrna_XM_026445618.1_533	901	702	197	15.3608
lcl|NC_037638.1_mrna_XM_624227.6_534	1599	1400	174.813	6.83488
lcl|NC_037638.1_miscrna_XR_003306171.1_535	1503	1304	7.1871	0.301691
lcl|NC_037638.1_mrna_XM_003249937.4_536	2209	2010	348	9.47695
lcl|NC_037638.1_mrna_XM_006561927.3_537	2440	2241	2417.55	59.0499
lcl|NC_037638.1_mrna_XM_624278.6_538	2207	2008	688.838	18.7776
lcl|NC_037638.1_mrna_XM_006561928.3_539	2111	1912	12.6108	0.361027
lcl|NC_037638.1_mrna_XM_624294.6_540	1721	1522	985	35.4248
lcl|NC_037638.1_mrna_XM_026445633.1_541	3746	3547	1078.64	16.6456
lcl|NC_037638.1_mrna_XM_026445632.1_542	3759	3560	272.363	4.18777
lcl|NC_037638.1_mrna_XM_624461.6_543	1613	1414	261	10.1036
lcl|NC_037638.1_mrna_XM_393087.7_544	2443	2244	2878	70.2026
lcl|NC_037638.1_mrna_XM_026442151.1_545	1714	1515	0	0
lcl|NC_037638.1_mrna_XM_026442152.1_546	1761	1562	601.999	21.096
lcl|NC_037638.1_mrna_XM_026442156.1_547	1751	1552	91.0006	3.2095
lcl|NC_037638.1_mrna_XM_396881.6_548	1244	1045	373	19.5379
lcl|NC_037638.1_mrna_XM_006561938.2_549	1269	1070	0	0
lcl|NC_037638.1_mrna_XM_397474.6_550	1287	1088	1289	64.8499
lcl|NC_037638.1_mrna_XM_006561937.3_551	822	623	2476	217.544
lcl|NC_037638.1_mrna_XM_006561930.3_552	1680	1481	7.23545	0.267421
lcl|NC_037638.1_mrna_XM_397473.6_553	1523	1324	3.37042e-06	1.39342e-07
lcl|NC_037638.1_mrna_XM_006561931.3_554	1508	1309	5.92227	0.247647
lcl|NC_037638.1_mrna_XM_016917793.2_555	2566	2367	0	0
lcl|NC_037638.1_mrna_XM_016917794.2_556	2286	2087	6.84228	0.179458
lcl|NC_037638.1_mrna_XM_006561936.3_557	1242	1043	0	0
lcl|NC_037638.1_mrna_XM_006561934.3_558	1296	1097	0	0
lcl|NC_037638.1_mrna_XM_006561935.3_559	1193	994	0	0
lcl|NC_037638.1_mrna_XM_625002.6_560	855	656	369	30.7899
lcl|NC_037638.1_mrna_XM_001121177.5_561	2646	2447	415.822	9.30163
lcl|NC_037638.1_mrna_XM_006561940.3_562	2643	2444	0.000216769	4.85491e-06
lcl|NC_037638.1_mrna_XM_006561939.3_563	1093	894	182.177	11.1543
lcl|NC_037638.1_mrna_XM_001121269.5_564	934	735	144	10.7241
lcl|NC_037638.1_mrna_XM_006561941.3_565	3099	2900	34.6986	0.654937
lcl|NC_037638.1_mrna_XM_006561942.3_566	3091	2892	1133.3	21.4503
lcl|NC_037638.1_mrna_XM_026442425.1_567	2301	2102	1	0.0260407
lcl|NC_037638.1_ncrna_XR_409257.3_568	2162	1963	112.685	3.14218
lcl|NC_037638.1_ncrna_XR_409256.3_569	2452	2253	29.3149	0.712218
lcl|NC_037638.1_mrna_XM_001121365.5_570	1600	1401	0	0
lcl|NC_037638.1_mrna_XM_006561946.3_571	1597	1398	0	0
lcl|NC_037638.1_mrna_XM_006561948.3_572	2143	1944	4	0.112629
lcl|NC_037638.1_ncrna_XR_003306334.1_573	1318	1119	0	0
lcl|NC_037638.1_ncrna_XR_003305370.1_574	709	510	0	0
lcl|NC_037638.1_mrna_XM_006561949.3_575	1235	1036	218.105	11.5237
lcl|NC_037638.1_mrna_XM_026441180.1_576	1216	1017	1225.89	65.9808
lcl|NC_037638.1_mrna_XM_006561950.3_577	2582	2383	2896	66.5212
lcl|NC_037638.1_mrna_XM_026446263.1_578	1392	1193	22	1.00941
lcl|NC_037638.1_ncrna_XR_003306045.1_579	1309	1110	24	1.18351
lcl|NC_037638.1_mrna_XM_006561955.3_580	2780	2581	151.515	3.21332
lcl|NC_037638.1_mrna_XM_006561954.3_581	2878	2679	309.485	6.32342
lcl|NC_037638.1_mrna_XM_006561956.3_582	1311	1112	15	0.738366
lcl|NC_037638.1_mrna_XM_001121554.5_583	1305	1106	1011	50.0359
lcl|NC_037638.1_mrna_XM_026445349.1_584	918	719	91	6.92784
lcl|NC_037638.1_mrna_XM_016917074.2_585	3308	3109	0	0
lcl|NC_037638.1_mrna_XM_016917078.2_586	3258	3059	0	0
lcl|NC_037638.1_mrna_XM_001121644.5_587	3434	3235	255	4.31471
lcl|NC_037638.1_mrna_XM_016917061.2_588	3449	3250	0	0
lcl|NC_037638.1_mrna_XM_395605.6_589	1285	1086	2444.94	123.232
lcl|NC_037638.1_mrna_XM_026438972.1_590	1573	1374	57.6071	2.29496
lcl|NC_037638.1_mrna_XM_006562508.3_591	1714	1515	38.451	1.38925
lcl|NC_037638.1_mrna_XM_624204.6_592	1944	1745	403	12.6414
lcl|NC_037638.1_mrna_XM_001123187.5_593	2081	1882	31.3668	0.912295
lcl|NC_037638.1_mrna_XM_006562510.3_594	1961	1762	918.597	28.5368
lcl|NC_037638.1_mrna_XM_006562512.3_595	1870	1671	8.21086	0.268966
lcl|NC_037638.1_mrna_XM_006562513.3_596	1861	1662	2381.88	78.4467
lcl|NC_037638.1_mrna_XM_006562516.3_597	1716	1517	2882.44	104.006
lcl|NC_037638.1_mrna_XM_026438946.1_598	1951	1752	934.712	29.2031
lcl|NC_037638.1_mrna_XM_006562511.3_599	1853	1654	554.87	18.3629
lcl|NC_037638.1_mrna_XM_006562515.3_600	2114	1915	63.9184	1.82702
lcl|NC_037638.1_mrna_XM_026441934.1_601	4659	4460	0.00909312	0.0001116
lcl|NC_037638.1_mrna_XM_026441936.1_602	4372	4173	72.5283	0.951359
lcl|NC_037638.1_mrna_XM_026441929.1_603	4691	4492	1076.35	13.1159
lcl|NC_037638.1_mrna_XM_026441937.1_604	4535	4336	295.116	3.72554
lcl|NC_037638.1_mrna_XM_016917799.2_605	2215	2016	162.629	4.41564
lcl|NC_037638.1_mrna_XM_006562519.3_606	2144	1945	2.97422e-07	8.37025e-09
lcl|NC_037638.1_mrna_XM_006562518.3_607	2215	2016	0	0
lcl|NC_037638.1_mrna_XM_623804.6_608	648	449	1548	188.717
lcl|NC_037638.1_mrna_XM_623179.5_609	1418	1219	1160	52.0882
lcl|NC_037638.1_mrna_XM_003250068.4_610	1453	1254	1707	74.5112
lcl|NC_037638.1_mrna_XM_395743.7_611	3717	3518	3849.06	59.8885
lcl|NC_037638.1_mrna_XM_006562520.3_612	3462	3263	375.943	6.30653
lcl|NC_037638.1_mrna_XM_623298.6_613	2188	1989	1226	33.7397
lcl|NC_037638.1_mrna_XM_006562525.3_614	5070	4871	560.409	6.29756
lcl|NC_037638.1_mrna_XM_026446055.1_615	4898	4699	0.0575834	0.000670776
lcl|NC_037638.1_mrna_XM_026446053.1_616	4970	4771	1.96858	0.0225854
lcl|NC_037638.1_mrna_XM_006562527.3_617	4901	4702	0.0257334	0.000299571
lcl|NC_037638.1_mrna_XM_016913824.2_618	4838	4639	438.477	5.17377
lcl|NC_037638.1_mrna_XM_016913819.2_619	4994	4795	1.31528	0.0150146
lcl|NC_037638.1_mrna_XM_026446054.1_620	4916	4717	0	0
lcl|NC_037638.1_mrna_XM_016913826.2_621	4637	4438	4.93878e-06	6.09141e-08
lcl|NC_037638.1_mrna_XM_006562524.3_622	4869	4670	286.443	3.35743
lcl|NC_037638.1_mrna_XM_006562529.3_623	4922	4723	18.644	0.216076
lcl|NC_037638.1_mrna_XM_392157.6_624	5834	5635	273.96	2.66121
lcl|NC_037638.1_mrna_XM_006562526.3_625	4710	4511	0	0
lcl|NC_037638.1_mrna_XM_006562523.3_626	4791	4592	0	0
lcl|NC_037638.1_ncrna_XR_409477.3_627	257	58.1281	0	0
lcl|NC_037638.1_ncrna_XR_409475.3_628	768	569	0	0
lcl|NC_037638.1_ncrna_XR_001704122.2_629	503	304	0	0
lcl|NC_037638.1_ncrna_XR_003306501.1_630	1984	1785	7	0.214657
lcl|NC_037638.1_ncrna_XR_409472.3_631	1067	868	0	0
lcl|NC_037638.1_ncrna_XR_001704121.2_632	4853	4654	48	0.564547
lcl|NC_037638.1_ncrna_XR_001704120.2_633	5208	5009	0	0
lcl|NC_037638.1_ncrna_XR_409469.3_634	4865	4666	0	0
lcl|NC_037638.1_ncrna_XR_003306495.1_635	7835	7636	57.1514	0.409682
lcl|NC_037638.1_ncrna_XR_003306496.1_636	5487	5288	0	0
lcl|NC_037638.1_ncrna_XR_003306494.1_637	5740	5541	0.00013517	1.33529e-06
lcl|NC_037638.1_ncrna_XR_003306500.1_638	5261	5062	0	0
lcl|NC_037638.1_ncrna_XR_003306497.1_639	5267	5068	0.0250809	0.000270889
lcl|NC_037638.1_ncrna_XR_003306493.1_640	5263	5064	0.0679351	0.000734321
lcl|NC_037638.1_ncrna_XR_003306498.1_641	5150	4951	45.402	0.501958
lcl|NC_037638.1_ncrna_XR_003306499.1_642	5143	4944	0	0
lcl|NC_037638.1_ncrna_XR_409462.3_643	5158	4959	0.00100864	1.11334e-05
lcl|NC_037638.1_ncrna_XR_409463.3_644	4404	4205	13.3524	0.173811
lcl|NC_037638.1_mrna_XM_026446056.1_645	2232	2033	22	0.592339
lcl|NC_037638.1_ncrna_XR_003304786.1_646	1789	1590	109	3.75245
lcl|NC_037638.1_mrna_XM_006562539.3_647	1284	1085	66.9537	3.37777
lcl|NC_037638.1_mrna_XM_006562538.3_648	1392	1193	11.0463	0.506829
lcl|NC_037638.1_mrna_XM_623778.6_649	1184	985	383	21.2837
lcl|NC_037638.1_mrna_XM_625118.6_650	686	487	108	12.1389
lcl|NC_037638.1_mrna_XM_016917628.2_651	479	280	121	23.6544
lcl|NC_037638.1_mrna_XM_006562537.3_652	1967	1768	4329	134.026
lcl|NC_037638.1_mrna_XM_016914069.2_653	3344	3145	3.58221e-05	6.2347e-07
lcl|NC_037638.1_mrna_XM_006562536.3_654	3291	3092	50.6392	0.896464
lcl|NC_037638.1_mrna_XM_016914074.2_655	3324	3125	111.926	1.9605
lcl|NC_037638.1_mrna_XM_006562535.3_656	3283	3084	0.313987	0.00557291
lcl|NC_037638.1_mrna_XM_395983.7_657	3265	3066	279.12	4.98316
lcl|NC_037638.1_mrna_XM_392156.7_658	2057	1858	617	18.1771
lcl|NC_037638.1_mrna_XM_006562540.3_659	1545	1346	280	11.3867
lcl|NC_037638.1_mrna_XM_394229.6_660	1119	920	236	14.0414
lcl|NC_037638.1_mrna_XM_016914059.2_661	1484	1285	59.2392	2.52343
lcl|NC_037638.1_mrna_XM_392155.7_662	1487	1288	56.7608	2.41223
lcl|NC_037638.1_mrna_XM_026442974.1_663	3872	3673	0	0
lcl|NC_037638.1_mrna_XM_026442966.1_664	4586	4387	0	0
lcl|NC_037638.1_mrna_XM_026442970.1_665	4507	4308	63	0.800479
lcl|NC_037638.1_mrna_XM_006562544.3_666	2083	1884	3	0.0871617
lcl|NC_037638.1_mrna_XM_016914045.2_667	2195	1996	0	0
lcl|NC_037638.1_mrna_XM_006562547.3_668	2388	2189	0	0
lcl|NC_037638.1_mrna_XM_016914051.2_669	2111	1912	2.4632e-08	7.05177e-10
lcl|NC_037638.1_mrna_XM_394227.6_670	1564	1365	34	1.36343
lcl|NC_037638.1_mrna_XM_026439523.1_671	4505	4306	5.41116	0.0687862
lcl|NC_037638.1_mrna_XM_026439452.1_672	4511	4312	314.746	3.99546
lcl|NC_037638.1_mrna_XM_026439512.1_673	4658	4459	63.3732	0.777953
lcl|NC_037638.1_mrna_XM_026439483.1_674	4214	4015	0	0
lcl|NC_037638.1_mrna_NM_001145735.2_675	1347	1148	198.408	9.46023
lcl|NC_037638.1_ncrna_XR_001704253.2_676	1404	1205	315.062	14.3118
lcl|NC_037638.1_ncrna_XR_001706443.2_677	1142	943	9.8942	0.574321
lcl|NC_037638.1_ncrna_XR_003304162.1_678	814	615	23.1058	2.05651
lcl|NC_037638.1_mrna_XM_026442534.1_679	715	516	4	0.424322
lcl|NC_037638.1_mrna_XM_016917891.2_680	1003	804	323	21.9903
lcl|NC_037638.1_mrna_XM_026441721.1_681	3990	3791	0	0
lcl|NC_037638.1_mrna_XM_026441716.1_682	3371	3172	12.5251	0.216139
lcl|NC_037638.1_mrna_XM_026441713.1_683	4104	3905	0.0654246	0.000917076
lcl|NC_037638.1_mrna_XM_006562778.3_684	4112	3913	253.409	3.54485
lcl|NC_037638.1_ncrna_XR_003305010.1_685	3152	2953	41	0.759986
lcl|NC_037638.1_mrna_XM_006562777.3_686	2788	2589	2	0.0422847
lcl|NC_037638.1_ncrna_XR_001706473.2_687	1813	1614	0	0
lcl|NC_037638.1_ncrna_XR_001706468.2_688	1879	1680	0	0
lcl|NC_037638.1_ncrna_XR_409546.3_689	1705	1506	0	0
lcl|NC_037638.1_ncrna_XR_001706471.2_690	1342	1143	0	0
lcl|NC_037638.1_ncrna_XR_003306165.1_691	2446	2247	17	0.414125
lcl|NC_037638.1_mrna_XM_006562773.3_692	1005	806	783.065	53.18
lcl|NC_037638.1_mrna_XM_397174.7_693	1322	1123	1395.93	68.041
lcl|NC_037638.1_mrna_XM_001120404.5_694	741	542	1356	136.945
lcl|NC_037638.1_mrna_XM_393529.6_695	3259	3060	9715.69	173.795
lcl|NC_037638.1_mrna_XM_006562775.3_696	3163	2964	141.305	2.60955
lcl|NC_037638.1_mrna_XM_006562770.3_697	3771	3572	289.469	4.43585
lcl|NC_037638.1_mrna_XM_016916096.2_698	3773	3574	3.24491e-06	4.96973e-08
lcl|NC_037638.1_mrna_XM_016916121.2_699	3683	3484	0	0
lcl|NC_037638.1_mrna_XM_006562764.3_700	3698	3499	307.182	4.80548
lcl|NC_037638.1_mrna_XM_006562765.3_701	3695	3496	0.0113133	0.000177134
lcl|NC_037638.1_mrna_XM_006562766.3_702	3604	3405	127.922	2.05643
lcl|NC_037638.1_mrna_XM_006562767.3_703	3572	3373	0	0
lcl|NC_037638.1_ncrna_XR_003306538.1_704	1093	894	0	0
lcl|NC_037638.1_ncrna_XR_003306536.1_705	994	795	16.4645	1.13362
lcl|NC_037638.1_ncrna_XR_003306537.1_706	1202	1003	19.2885	1.05265
lcl|NC_037638.1_ncrna_XR_003306534.1_707	1100	901	0	0
lcl|NC_037638.1_ncrna_XR_003306533.1_708	926	727	1.24708	0.0938953
lcl|NC_037638.1_mrna_XM_006562769.3_709	3291	3092	298.937	5.29207
lcl|NC_037638.1_mrna_XM_016916134.2_710	3043	2844	21.6435	0.416566
lcl|NC_037638.1_mrna_XM_006562768.3_711	3186	2987	252.834	4.63325
lcl|NC_037638.1_mrna_XM_016916130.2_712	3220	3021	48.3146	0.875414
lcl|NC_037638.1_mrna_XM_026446271.1_713	2581	2382	209.399	4.81191
lcl|NC_037638.1_mrna_XM_016916137.2_714	3293	3094	58.2875	1.03119
lcl|NC_037638.1_mrna_XM_006562763.3_715	741	542	188	18.9865
lcl|NC_037638.1_mrna_XM_006562758.3_716	1551	1352	366.41	14.8346
lcl|NC_037638.1_mrna_XM_026444380.1_717	1384	1185	741.962	34.2727
lcl|NC_037638.1_mrna_XM_026444383.1_718	1444	1245	77.6272	3.41295
lcl|NC_037638.1_mrna_XM_001120202.5_719	2337	2138	2027.89	51.9186
lcl|NC_037638.1_mrna_XM_006562757.3_720	2332	2133	6688.11	171.632
lcl|NC_037638.1_mrna_XM_006562755.3_721	2307	2108	517.561	13.4393
lcl|NC_037638.1_mrna_XM_006562756.3_722	2099	1900	1181.19	34.0291
lcl|NC_037638.1_mrna_XM_623086.6_723	2191	1992	388.252	10.6687
lcl|NC_037638.1_mrna_NM_001145738.1_724	2770	2571	0	0
lcl|NC_037638.1_mrna_XM_006563202.3_725	2720	2521	6.01671	0.130639
lcl|NC_037638.1_mrna_XM_016911642.2_726	2301	2102	8.81224	0.229477
lcl|NC_037638.1_mrna_XM_016911667.2_727	2149	1950	12.1711	0.341648
lcl|NC_037638.1_ncrna_XR_409676.3_728	650	451	0	0
lcl|NC_037638.1_mrna_XM_392932.7_729	2392	2193	11186	279.204
lcl|NC_037638.1_mrna_NM_001160050.1_730	2428	2229	121244	2977.39
lcl|NC_037638.1_mrna_XM_026446341.1_731	1018	819	293.872	19.6408
lcl|NC_037638.1_mrna_XM_006563296.3_732	1065	866	92.1277	5.82314
lcl|NC_037638.1_mrna_NM_001011636.1_733	560	361	2653	402.268
lcl|NC_037638.1_mrna_XM_001119962.5_734	7015	6816	21768.5	174.817
lcl|NC_037638.1_miscrna_XR_003306123.1_735	459	260	4.51259	0.950031
lcl|NC_037638.1_miscrna_XR_003306122.1_736	775	576	18.9415	1.80002
lcl|NC_037638.1_ncrna_XR_001703523.2_737	1090	891	1	0.0614338
lcl|NC_037638.1_mrna_XM_026445343.1_738	1362	1163	0.00432187	0.000203412
lcl|NC_037638.1_mrna_XM_016912812.2_739	1365	1166	64.5632	3.0309
lcl|NC_037638.1_ncrna_XR_001703514.2_740	1826	1627	23	0.773794
lcl|NC_037638.1_mrna_XM_026445345.1_741	1301	1102	2096	104.111
lcl|NC_037638.1_mrna_XM_001120086.4_742	952	753	325	23.6251
lcl|NC_037638.1_mrna_XM_026440705.1_743	1525	1326	122.192	5.04411
lcl|NC_037638.1_mrna_XM_006563288.3_744	836	637	286.808	24.6455
lcl|NC_037638.1_mrna_XM_001120148.5_745	913	714	833	63.8605
lcl|NC_037638.1_mrna_XM_006563289.2_746	765	566	0	0
lcl|NC_037638.1_mrna_XM_006563290.3_747	734	535	0	0
lcl|NC_037638.1_mrna_NM_001178025.1_748	2265	2066	106.867	2.8314
lcl|NC_037638.1_mrna_NM_001178026.1_749	2037	1838	16472.2	490.56
lcl|NC_037638.1_mrna_XM_006563201.3_750	2210	2011	2231.9	60.7501
lcl|NC_037638.1_mrna_XM_016912778.2_751	699	500	0	0
lcl|NC_037638.1_mrna_XM_006563287.3_752	601	402	0	0
lcl|NC_037638.1_mrna_XM_026446264.1_753	3593	3394	87.2692	1.40746
lcl|NC_037638.1_mrna_XM_026439503.1_754	7449	7250	790.302	5.96678
lcl|NC_037638.1_mrna_XM_026439504.1_755	7704	7505	58.8627	0.429314
lcl|NC_037638.1_mrna_XM_006563283.2_756	3547	3348	1607	26.2734
lcl|NC_037638.1_mrna_XM_395653.6_757	1745	1546	659	23.3325
lcl|NC_037638.1_mrna_XM_006563281.3_758	624	425	837	107.801
lcl|NC_037638.1_mrna_XM_395652.7_759	1015	816	1415	94.9187
lcl|NC_037638.1_mrna_XM_026444867.1_760	3459	3260	0	0
lcl|NC_037638.1_mrna_XM_026444811.1_761	3517	3318	0	0
lcl|NC_037638.1_mrna_XM_026444850.1_762	2925	2726	0	0
lcl|NC_037638.1_mrna_XM_006563274.3_763	3296	3097	152.978	2.70379
lcl|NC_037638.1_mrna_XM_026444887.1_764	2000	1801	58.7302	1.78498
lcl|NC_037638.1_mrna_XM_026444920.1_765	2001	1802	29.1492	0.885435
lcl|NC_037638.1_mrna_XM_026444939.1_766	1817	1618	484.143	16.3787
lcl|NC_037638.1_ncrna_XR_409655.3_767	812	613	3	0.267884
lcl|NC_037638.1_precursorrna_NR_039431.1_768	133	5.74851	0	0
lcl|NC_037638.1_ncrna_769	23	2.74792	0	0
lcl|NC_037638.1_ncrna_XR_001703477.2_770	457	258	0	0
lcl|NC_037638.1_ncrna_XR_003306144.1_771	848	649	5	0.421707
lcl|NC_037638.1_mrna_XM_026445150.1_772	1475	1276	0	0
lcl|NC_037638.1_miscrna_XR_003306089.1_773	1399	1200	0	0
lcl|NC_037638.1_miscrna_XR_003306083.1_774	1521	1322	0.000326451	1.35167e-05
lcl|NC_037638.1_miscrna_XR_409664.3_775	1795	1596	16.9997	0.583033
lcl|NC_037638.1_ncrna_XR_001703466.2_776	629	430	0	0
lcl|NC_037638.1_mrna_XM_026444966.1_777	1989	1790	8	0.244637
lcl|NC_037638.1_ncrna_XR_001703451.2_778	1515	1316	17	0.707096
lcl|NC_037638.1_ncrna_XR_003306121.1_779	1651	1452	0	0
lcl|NC_037638.1_ncrna_XR_003306113.1_780	1654	1455	0	0
lcl|NC_037638.1_mrna_XM_026445023.1_781	1369	1170	40	1.87137
lcl|NC_037638.1_mrna_XM_016912667.2_782	5153	4954	2277	25.159
lcl|NC_037638.1_mrna_XM_016912668.2_783	6287	6088	180.9	1.62648
lcl|NC_037638.1_mrna_XM_016912670.2_784	6287	6088	518.41	4.66106
lcl|NC_037638.1_mrna_XM_397542.7_785	6215	6016	31.1023	0.282989
lcl|NC_037638.1_mrna_XM_006563272.3_786	5473	5274	92.191	0.956827
lcl|NC_037638.1_mrna_XM_016912672.2_787	5390	5191	4185.4	44.1337
lcl|NC_037638.1_mrna_XM_394882.7_788	941	742	213.593	15.7568
lcl|NC_037638.1_mrna_XM_026445103.1_789	874	675	113.407	9.19651
lcl|NC_037638.1_ncrna_XR_001703465.2_790	637	438	42	5.24881
lcl|NC_037638.1_mrna_XM_394881.7_791	1769	1570	465	16.2121
lcl|NC_037638.1_mrna_XM_394880.6_792	1642	1443	28.6362	1.08626
lcl|NC_037638.1_mrna_XM_003250183.4_793	1597	1398	80.3638	3.14658
lcl|NC_037638.1_ncrna_XR_001703407.2_794	1205	1006	5	0.272055
lcl|NC_037638.1_mrna_XM_026441998.1_795	2396	2197	175.255	4.36641
lcl|NC_037638.1_mrna_XM_026442002.1_796	2012	1813	0	0
lcl|NC_037638.1_mrna_XM_003250181.4_797	2236	2037	38.1501	1.02516
lcl|NC_037638.1_mrna_XM_026442010.1_798	2523	2324	26.4293	0.622494
lcl|NC_037638.1_mrna_XM_006563268.3_799	2677	2478	63.4903	1.40246
lcl|NC_037638.1_mrna_XM_016912637.2_800	2684	2485	1.80569	0.0397742
lcl|NC_037638.1_mrna_XM_016912640.2_801	2328	2129	65.87	1.69355
lcl|NC_037638.1_ncrna_XR_003305083.1_802	1639	1440	4.273	0.162426
lcl|NC_037638.1_ncrna_XR_001703380.2_803	1498	1299	0	0
lcl|NC_037638.1_mrna_XM_026441997.1_804	2817	2618	133.722	2.79588
lcl|NC_037638.1_mrna_XM_026441987.1_805	2856	2657	1.05135e-06	2.16592e-08
lcl|NC_037638.1_ncrna_XR_003305084.1_806	1302	1103	29.0052	1.43941
lcl|NC_037638.1_mrna_XM_396791.5_807	2135	1936	1594	45.068
lcl|NC_037638.1_mrna_XM_624148.6_808	2398	2199	134	3.33553
lcl|NC_037638.1_mrna_XM_026442131.1_809	2373	2174	33	0.830883
lcl|NC_037638.1_ncrna_XR_003306549.1_810	164	8.51793	0	0
lcl|NC_037638.1_mrna_XM_006563204.3_811	1567	1368	0	0
lcl|NC_037638.1_mrna_NM_001134943.1_812	1434	1235	4	0.177288
lcl|NC_037638.1_mrna_XM_006563261.3_813	1105	906	102	6.1625
lcl|NC_037638.1_mrna_XM_026439185.1_814	2697	2498	4.05312	0.0888141
lcl|NC_037638.1_mrna_NM_001134940.1_815	1464	1265	5.94748	0.257352
lcl|NC_037638.1_mrna_NM_001134942.1_816	1617	1418	783	30.2253
lcl|NC_037638.1_mrna_XM_026441687.1_817	1736	1537	0	0
lcl|NC_037638.1_mrna_XM_026441688.1_818	1751	1552	0	0
lcl|NC_037638.1_mrna_XM_001121270.5_819	1757	1558	772.999	27.1579
lcl|NC_037638.1_mrna_XM_026441681.1_820	1579	1380	0.00120559	4.78198e-05
lcl|NC_037638.1_mrna_XM_026444929.1_821	1825	1626	46	1.54854
lcl|NC_037638.1_mrna_XM_623339.6_822	2373	2174	10381.9	261.398
lcl|NC_037638.1_mrna_XM_006563260.2_823	2822	2623	2789	58.2016
lcl|NC_037638.1_ncrna_XR_001703303.2_824	696	497	328.486	36.1781
lcl|NC_037638.1_ncrna_XR_409652.3_825	742	543	127.514	12.8541
lcl|NC_037638.1_mrna_XM_026439889.1_826	9257	9058	0	0
lcl|NC_037638.1_mrna_XM_026439890.1_827	9006	8807	0	0
lcl|NC_037638.1_mrna_XM_026439887.1_828	8516	8317	0	0
lcl|NC_037638.1_mrna_XM_026439875.1_829	8525	8326	0	0
lcl|NC_037638.1_mrna_XM_026439892.1_830	8444	8245	0	0
lcl|NC_037638.1_mrna_XM_026439894.1_831	8294	8095	3.44908	0.0233223
lcl|NC_037638.1_mrna_XM_026439880.1_832	8509	8310	0	0
lcl|NC_037638.1_mrna_XM_026439891.1_833	9029	8830	0	0
lcl|NC_037638.1_mrna_XM_016912484.2_834	6052	5853	0	0
lcl|NC_037638.1_mrna_XM_016912486.2_835	5947	5748	19.5509	0.186181
lcl|NC_037638.1_ncrna_XR_003304493.1_836	6641	6442	0	0
lcl|NC_037638.1_ncrna_XR_003304502.1_837	6550	6351	0	0
lcl|NC_037638.1_ncrna_XR_003304497.1_838	5158	4959	0.55187	0.00609155
lcl|NC_037638.1_ncrna_XR_003304495.1_839	6633	6434	17.4481	0.148441
lcl|NC_037638.1_ncrna_XR_409647.3_840	1061	862	7	0.444504
lcl|NC_037638.1_mrna_XM_006563258.3_841	4808	4609	1231	14.6196
lcl|NC_037638.1_mrna_XM_006563255.3_842	2194	1995	28.9169	0.793403
lcl|NC_037638.1_mrna_XM_026439970.1_843	1900	1701	25.0569	0.806322
lcl|NC_037638.1_mrna_XM_026439974.1_844	1910	1711	87.8726	2.81118
lcl|NC_037638.1_ncrna_XR_003304492.1_845	1125	926	18.1536	1.07309
lcl|NC_037638.1_mrna_XM_394225.7_846	2868	2669	1028.19	21.0869
lcl|NC_037638.1_mrna_XM_026439982.1_847	1646	1447	0	0
lcl|NC_037638.1_mrna_XM_006563254.3_848	2119	1920	23.662	0.674582
lcl|NC_037638.1_mrna_XM_001121499.5_849	1978	1779	0	0
lcl|NC_037638.1_mrna_XM_016912543.2_850	1551	1352	160.338	6.4915
lcl|NC_037638.1_ncrna_XR_120124.4_851	742	543	46	4.63707
lcl|NC_037638.1_mrna_XM_006563253.3_852	591	392	78	10.8917
lcl|NC_037638.1_mrna_XM_624418.6_853	942	743	307	22.617
lcl|NC_037638.1_mrna_XM_006563252.3_854	1699	1500	2846.14	103.861
lcl|NC_037638.1_mrna_XM_395748.7_855	1540	1341	372.845	15.219
lcl|NC_037638.1_mrna_XM_016912534.2_856	1523	1324	0.0130015	0.000537515
lcl|NC_037638.1_mrna_XM_624691.6_857	1838	1639	685.326	22.8878
lcl|NC_037638.1_mrna_XM_006563251.2_858	2666	2467	416.395	9.23893
lcl|NC_037638.1_mrna_XM_016912531.1_859	2785	2586	315.902	6.68665
lcl|NC_037638.1_mrna_XM_016912526.2_860	3538	3339	50.2101	0.823114
lcl|NC_037638.1_mrna_XM_624670.6_861	3542	3343	780.493	12.7796
lcl|NC_037638.1_mrna_XM_394846.6_862	1705	1506	1027	37.3277
lcl|NC_037638.1_mrna_XM_026439867.1_863	5792	5593	182	1.7812
lcl|NC_037638.1_mrna_XM_026446265.1_864	1117	918	0	0
lcl|NC_037638.1_mrna_XM_026446133.1_865	1668	1469	816.312	30.4172
lcl|NC_037638.1_mrna_XM_026446132.1_866	3472	3273	2346.69	39.2459
lcl|NC_037638.1_mrna_XM_006563246.3_867	10089	9890	222.095	1.22922
lcl|NC_037638.1_ncrna_XR_003306515.1_868	1586	1387	2	0.0789294
lcl|NC_037638.1_ncrna_XR_003304808.1_869	945	746	0	0
lcl|NC_037638.1_ncrna_XR_003304809.1_870	922	723	0	0
lcl|NC_037638.1_ncrna_XR_120122.4_871	2076	1877	1	0.0291622
lcl|NC_037638.1_ncrna_XR_003306471.1_872	1268	1069	16	0.819271
lcl|NC_037638.1_mrna_XM_003250185.4_873	1226	1027	5	0.266492
lcl|NC_037638.1_mrna_XM_016911875.2_874	2619	2420	0.00355067	8.03119e-05
lcl|NC_037638.1_mrna_XM_016911869.2_875	2605	2406	5.37311	0.122241
lcl|NC_037638.1_mrna_XM_026446016.1_876	1483	1284	6.02155	0.256702
lcl|NC_037638.1_mrna_XM_026446015.1_877	1654	1455	1.7343	0.0652447
lcl|NC_037638.1_mrna_XM_026446017.1_878	1026	827	2	0.132376
lcl|NC_037638.1_ncrna_XR_003306472.1_879	2892	2693	0.00555575	0.000112925
lcl|NC_037638.1_ncrna_XR_001702809.2_880	2878	2679	3.99444	0.0816148
lcl|NC_037638.1_mrna_XM_016911899.2_881	551	352	0	0
lcl|NC_037638.1_mrna_XM_016911857.2_882	4741	4542	0	0
lcl|NC_037638.1_mrna_XM_016911850.2_883	4857	4658	0	0
lcl|NC_037638.1_mrna_XM_016911847.2_884	4767	4568	1.13839e-07	1.36412e-09
lcl|NC_037638.1_mrna_XM_026446011.1_885	4862	4663	0	0
lcl|NC_037638.1_mrna_XM_026446012.1_886	4699	4500	18.8987	0.229882
lcl|NC_037638.1_mrna_XM_026446013.1_887	4143	3944	7.1013	0.0985568
lcl|NC_037638.1_ncrna_XR_003306474.1_888	1930	1731	0	0
lcl|NC_037638.1_ncrna_XR_003306473.1_889	1712	1513	2	0.0723563
lcl|NC_037638.1_ncrna_XR_001702807.2_890	469	270	3	0.608195
lcl|NC_037638.1_mrna_XM_006563203.3_891	1487	1288	10341.6	439.5
lcl|NC_037638.1_mrna_NM_001012429.1_892	672	473	2799.69	323.992
lcl|NC_037638.1_ncrna_XR_003306476.1_893	1010	811	1	0.0674939
lcl|NC_037638.1_ncrna_XR_409641.3_894	1773	1574	23.0002	0.799855
lcl|NC_037638.1_ncrna_XR_003306475.1_895	774	575	75	7.13968
lcl|NC_037638.1_ncrna_XR_003306477.1_896	719	520	11.0015	1.15807
lcl|NC_037638.1_mrna_XM_624497.5_897	1544	1345	1011	41.1447
lcl|NC_037638.1_mrna_XM_026440100.1_898	4389	4190	2670.29	34.8843
lcl|NC_037638.1_mrna_XM_026440099.1_899	4469	4270	417.114	5.34703
lcl|NC_037638.1_mrna_XM_026440101.1_900	4013	3814	6.59376	0.0946319
lcl|NC_037638.1_mrna_XM_026440097.1_901	4410	4211	0	0
lcl|NC_037638.1_mrna_XM_026440096.1_902	4490	4291	0	0
lcl|NC_037638.1_ncrna_XR_409612.3_903	1515	1316	8	0.332751
lcl|NC_037638.1_ncrna_XR_120118.4_904	994	795	15	1.03278
lcl|NC_037638.1_ncrna_XR_001704182.2_905	1159	960	0	0
lcl|NC_037638.1_mrna_XM_026445921.1_906	3976	3777	146.63	2.12502
lcl|NC_037638.1_mrna_XM_006563243.3_907	4229	4030	157.431	2.1383
lcl|NC_037638.1_mrna_XM_026445912.1_908	3908	3709	5.59448e-05	8.25636e-07
lcl|NC_037638.1_ncrna_XR_412473.3_909	664	465	1	0.117715
lcl|NC_037638.1_ncrna_XR_003306343.1_910	5615	5416	0	0
lcl|NC_037638.1_ncrna_XR_003306348.1_911	4067	3868	383.635	5.42897
lcl|NC_037638.1_ncrna_XR_003306344.1_912	5496	5297	0	0
lcl|NC_037638.1_ncrna_XR_003306346.1_913	4386	4187	96.6341	1.26332
lcl|NC_037638.1_ncrna_XR_003306341.1_914	4721	4522	140.579	1.70167
lcl|NC_037638.1_ncrna_XR_001704162.2_915	5657	5458	0	0
lcl|NC_037638.1_ncrna_XR_003306345.1_916	5785	5586	7.1514	0.0700769
lcl|NC_037638.1_ncrna_XR_003306349.1_917	5708	5509	0	0
lcl|NC_037638.1_ncrna_XR_003306347.1_918	5836	5637	0	0
lcl|NC_037638.1_ncrna_XR_003306342.1_919	4257	4058	0	0
lcl|NC_037638.1_ncrna_XR_409617.3_920	1014	815	0	0
lcl|NC_037638.1_mrna_XM_026445926.1_921	1280	1081	5	0.25318
lcl|NC_037638.1_mrna_XM_006563239.3_922	5610	5411	135.632	1.37205
lcl|NC_037638.1_mrna_XM_006563240.3_923	5071	4872	81.9913	0.921183
lcl|NC_037638.1_mrna_XM_016913868.2_924	4682	4483	0	0
lcl|NC_037638.1_mrna_XM_026445884.1_925	4709	4510	144.022	1.74799
lcl|NC_037638.1_mrna_XM_026445894.1_926	4459	4260	10.45	0.134274
lcl|NC_037638.1_mrna_XM_026445906.1_927	4273	4074	0	0
lcl|NC_037638.1_mrna_XM_026445899.1_928	4342	4143	0	0
lcl|NC_037638.1_mrna_XM_026445916.1_929	3986	3787	5.21247	0.0753414
lcl|NC_037638.1_ncrna_XR_003306351.1_930	2546	2347	4.53089	0.105671
lcl|NC_037638.1_ncrna_XR_003306358.1_931	2353	2154	0	0
lcl|NC_037638.1_ncrna_XR_003306356.1_932	2106	1907	0	0
lcl|NC_037638.1_ncrna_XR_003306350.1_933	2028	1829	1.46911	0.043967
lcl|NC_037638.1_mrna_XM_026445924.1_934	3965	3766	0.630065	0.00915779
lcl|NC_037638.1_ncrna_XR_003306374.1_935	1576	1377	1	0.0397513
lcl|NC_037638.1_mrna_XM_016913893.2_936	4071	3872	0.000925597	1.30849e-05
lcl|NC_037638.1_ncrna_XR_409626.3_937	970	771	3	0.212987
lcl|NC_037638.1_mrna_XM_006563235.3_938	3866	3667	2302.95	34.3762
lcl|NC_037638.1_mrna_XM_006563236.3_939	3770	3571	323.054	4.95189
lcl|NC_037638.1_mrna_XM_006563238.3_940	1081	882	217	13.4672
lcl|NC_037638.1_mrna_XM_026439522.1_941	9756	9557	1070	6.12841
lcl|NC_037638.1_mrna_XM_393558.7_942	1418	1219	1237	55.5458
lcl|NC_037638.1_mrna_XM_016911804.2_943	2271	2072	0.00179798	4.74985e-05
lcl|NC_037638.1_mrna_XM_026440997.1_944	2014	1815	66.3044	1.99964
lcl|NC_037638.1_mrna_XM_016911842.2_945	2319	2120	20.8525	0.538402
lcl|NC_037638.1_mrna_NM_001305884.1_946	1870	1671	6.84135	0.224104
lcl|NC_037638.1_mrna_XM_026441166.1_947	738	539	3.48502	0.353917
lcl|NC_037638.1_mrna_XM_026441163.1_948	711	512	3.51498	0.375784
lcl|NC_037638.1_mrna_XM_026441156.1_949	1208	1009	0	0
lcl|NC_037638.1_mrna_XM_026441158.1_950	1275	1076	5	0.254357
lcl|NC_037638.1_mrna_XM_026443298.1_951	983	784	4422	308.736
lcl|NC_037638.1_mrna_XM_001120613.5_952	945	746	29978	2199.63
lcl|NC_037638.1_mrna_XM_006563227.3_953	2707	2508	39.0959	0.853275
lcl|NC_037638.1_mrna_XM_396281.7_954	2926	2727	24.9041	0.499886
lcl|NC_037638.1_mrna_XM_016913321.2_955	2951	2752	0	0
lcl|NC_037638.1_mrna_XM_026446009.1_956	11696	11497	15.3958	0.0732999
lcl|NC_037638.1_mrna_XM_026446007.1_957	11825	11626	9.55816e-05	4.50017e-07
lcl|NC_037638.1_mrna_XM_026446008.1_958	11738	11539	448.925	2.12957
lcl|NC_037638.1_mrna_XM_026446005.1_959	11867	11668	1.34207e-05	6.29598e-08
lcl|NC_037638.1_mrna_XM_026446006.1_960	11607	11408	342.279	1.64231
lcl|NC_037638.1_miscrna_XR_003306470.1_961	11494	11295	0	0
lcl|NC_037638.1_mrna_XM_026446003.1_962	11670	11471	12.2304	0.0583614
lcl|NC_037638.1_mrna_XM_026446004.1_963	11643	11444	6319.17	30.2251
lcl|NC_037638.1_mrna_XM_623093.6_964	1453	1254	4295.4	187.496
lcl|NC_037638.1_mrna_XM_016913299.2_965	1540	1341	10.8278	0.441973
lcl|NC_037638.1_mrna_XM_016913285.2_966	1657	1458	60.9007	2.28639
lcl|NC_037638.1_mrna_XM_016913284.2_967	1482	1283	29.8682	1.27429
lcl|NC_037638.1_mrna_XM_006563225.3_968	1325	1126	0	0
lcl|NC_037638.1_mrna_XM_001120482.5_969	2389	2190	1224	30.593
lcl|NC_037638.1_mrna_XM_001120425.5_970	2452	2253	36823	894.63
lcl|NC_037638.1_mrna_XM_016913302.1_971	938	739	215.793	15.9838
lcl|NC_037638.1_mrna_XM_006563222.3_972	1364	1165	124.003	5.8263
lcl|NC_037638.1_mrna_XM_393026.7_973	1556	1357	21.2031	0.855274
lcl|NC_037638.1_mrna_XM_026446266.1_974	3138	2939	352	6.55584
lcl|NC_037638.1_mrna_XM_026441480.1_975	2248	2049	40.2001	1.07392
lcl|NC_037638.1_mrna_XM_026441465.1_976	2495	2296	7.59551	0.18108
lcl|NC_037638.1_mrna_XM_026441494.1_977	2092	1893	141.179	4.08231
lcl|NC_037638.1_mrna_XM_026441473.1_978	2067	1868	1.90445	0.0558056
lcl|NC_037638.1_mrna_XM_026441481.1_979	2061	1862	110.415	3.2459
lcl|NC_037638.1_mrna_XM_026441492.1_980	2010	1811	0	0
lcl|NC_037638.1_mrna_XM_026441487.1_981	2124	1925	113.712	3.23341
lcl|NC_037638.1_mrna_XM_026441484.1_982	2371	2172	17.9045	0.451219
lcl|NC_037638.1_mrna_XM_026441501.1_983	1967	1768	237.073	7.33981
lcl|NC_037638.1_mrna_XM_026441485.1_984	1940	1741	0.00788666	0.000247959
lcl|NC_037638.1_mrna_XM_026441491.1_985	1940	1741	0.00788666	0.000247959
lcl|NC_037638.1_mrna_XM_006563220.3_986	2415	2216	1493	36.8787
lcl|NC_037638.1_mrna_XM_026445359.1_987	3442	3243	21	0.354452
lcl|NC_037638.1_mrna_XM_016915602.2_988	2788	2589	0.705668	0.0149195
lcl|NC_037638.1_mrna_XM_016915604.2_989	2829	2630	344.958	7.17952
lcl|NC_037638.1_mrna_XM_393033.7_990	2768	2569	429.336	9.14785
lcl|NC_037638.1_mrna_XM_006563215.3_991	843	644	7069	600.838
lcl|NC_037638.1_mrna_XM_006563214.3_992	723	524	620.281	64.7952
lcl|NC_037638.1_mrna_XM_624357.5_993	851	652	147.719	12.4015
lcl|NC_037638.1_mrna_XM_624383.5_994	1228	1029	418.024	22.2367
lcl|NC_037638.1_ncrna_XR_409610.3_995	636	437	232.201	29.085
lcl|NC_037638.1_mrna_XM_006563213.1_996	1187	988	4144.78	229.63
lcl|NC_037638.1_mrna_XM_624431.5_997	1370	1171	847.18	39.6008
lcl|NC_037638.1_mrna_XM_001122788.5_998	819	620	856	75.5731
lcl|NC_037638.1_mrna_XM_001122793.5_999	1800	1601	273	9.33376
lcl|NC_037638.1_mrna_XM_003250195.4_1000	2333	2134	114.908	2.94741
lcl|NC_037638.1_mrna_XM_006563212.3_1001	2203	2004	411.092	11.2286
lcl|NC_037638.1_mrna_XM_006563210.3_1002	1018	819	271.252	18.129
lcl|NC_037638.1_miscrna_XR_409609.3_1003	915	716	96.7477	7.39627
lcl|NC_037638.1_mrna_XM_395937.7_1004	2245	2046	831	22.2321
lcl|NC_037638.1_mrna_XM_001123248.5_1005	1456	1257	96	4.18043
lcl|NC_037638.1_mrna_XM_006563209.3_1006	2009	1810	31.7544	0.960308
lcl|NC_037638.1_mrna_XM_001123247.4_1007	1610	1411	92.2456	3.57852
lcl|NC_037638.1_mrna_XM_026444137.1_1008	2304	2105	217.761	5.66257
lcl|NC_037638.1_mrna_XM_006563207.3_1009	2027	1828	124.065	3.71499
lcl|NC_037638.1_mrna_XM_001119847.5_1010	2275	2076	438.174	11.5533
lcl|NC_037638.1_mrna_XM_001119900.5_1011	755	556	1386	136.45
lcl|NC_037638.1_mrna_XM_623549.6_1012	2104	1905	3659	105.136
lcl|NC_037638.1_mrna_XM_026444283.1_1013	1653	1454	1163	43.7825
lcl|NC_037638.1_miscrna_XR_003304637.1_1014	3967	3768	776.343	11.2779
lcl|NC_037638.1_mrna_XM_393448.7_1015	4407	4208	133.657	1.7386
lcl|NC_037638.1_mrna_XM_001120149.5_1016	1604	1405	807	31.44
lcl|NC_037638.1_mrna_XM_026446083.1_1017	5052	4853	0	0
lcl|NC_037638.1_mrna_XM_026446080.1_1018	5132	4933	0	0
lcl|NC_037638.1_mrna_XM_026446087.1_1019	5060	4861	0	0
lcl|NC_037638.1_mrna_XM_026446090.1_1020	5086	4887	0	0
lcl|NC_037638.1_mrna_XM_026446091.1_1021	5061	4862	0	0
lcl|NC_037638.1_mrna_XM_026446081.1_1022	5051	4852	0	0
lcl|NC_037638.1_mrna_XM_026446089.1_1023	5039	4840	0	0
lcl|NC_037638.1_mrna_XM_026446088.1_1024	5027	4828	0	0
lcl|NC_037638.1_mrna_XM_026446095.1_1025	4761	4562	0	0
lcl|NC_037638.1_mrna_XM_026446084.1_1026	4771	4572	0	0
lcl|NC_037638.1_mrna_XM_026446086.1_1027	5037	4838	0	0
lcl|NC_037638.1_mrna_XM_026446093.1_1028	4958	4759	0	0
lcl|NC_037638.1_mrna_XM_026446096.1_1029	4167	3968	0	0
lcl|NC_037638.1_mrna_XM_026446099.1_1030	3653	3454	0	0
lcl|NC_037638.1_mrna_XM_026446082.1_1031	4967	4768	0	0
lcl|NC_037638.1_mrna_XM_026446085.1_1032	4898	4699	0	0
lcl|NC_037638.1_mrna_XM_026446092.1_1033	4891	4692	0	0
lcl|NC_037638.1_mrna_XM_026446094.1_1034	4176	3977	0	0
lcl|NC_037638.1_mrna_XM_026446098.1_1035	3662	3463	0	0
lcl|NC_037638.1_mrna_XM_026446100.1_1036	5000	4801	0	0
lcl|NC_037638.1_mrna_XM_026446097.1_1037	4328	4129	10.9762	0.14551
lcl|NC_037638.1_ncrna_XR_001706347.2_1038	1045	846	1	0.0647016
lcl|NC_037638.1_mrna_XM_026446079.1_1039	8411	8212	13.6318	0.0908638
lcl|NC_037638.1_mrna_XM_026446077.1_1040	8502	8303	27.323	0.180127
lcl|NC_037638.1_mrna_XM_026446078.1_1041	4183	3984	0	0
lcl|NC_037638.1_mrna_XM_016912447.2_1042	8003	7804	234.329	1.64359
lcl|NC_037638.1_mrna_XM_026446072.1_1043	3820	3621	0	0
lcl|NC_037638.1_mrna_XM_026446073.1_1044	3798	3599	0	0
lcl|NC_037638.1_mrna_XM_026446076.1_1045	3772	3573	7.6526	0.117236
lcl|NC_037638.1_mrna_XM_026446075.1_1046	3777	3578	0	0
lcl|NC_037638.1_mrna_XM_026446074.1_1047	3765	3566	0	0
lcl|NC_037638.1_mrna_XM_006564975.3_1048	2973	2774	126.087	2.48799
lcl|NC_037638.1_ncrna_XR_409602.3_1049	2242	2043	2	0.0535855
lcl|NC_037638.1_ncrna_XR_003306503.1_1050	1385	1186	0.999793	0.0461435
lcl|NC_037638.1_ncrna_XR_001706346.2_1051	1393	1194	0.000206694	9.47564e-06
lcl|NC_037638.1_ncrna_XR_001705731.2_1052	948	749	0	0
lcl|NC_037638.1_ncrna_XR_410091.3_1053	1202	1003	0.00586273	0.000319952
lcl|NC_037638.1_ncrna_XR_001705730.2_1054	1026	827	19.826	1.31224
lcl|NC_037638.1_ncrna_XR_003306117.1_1055	1114	915	17.1681	1.02704
lcl|NC_037638.1_mrna_XM_006564977.3_1056	5858	5659	141.173	1.36552
lcl|NC_037638.1_mrna_XM_006564976.3_1057	5224	5025	106.355	1.15853
lcl|NC_037638.1_mrna_XM_026446466.1_1058	5415	5216	131.472	1.37969
lcl|NC_037638.1_ncrna_XR_001705738.2_1059	3659	3460	2	0.0316402
lcl|NC_037638.1_ncrna_XR_001705725.2_1060	2010	1811	1.17016e-07	3.53682e-09
lcl|NC_037638.1_ncrna_XR_410093.3_1061	1983	1784	20	0.61365
lcl|NC_037638.1_mrna_XM_016910826.2_1062	3207	3008	55.0075	1.00099
lcl|NC_037638.1_mrna_NM_001080205.1_1063	2697	2498	745.992	16.3466
lcl|NC_037638.1_mrna_XM_006564988.3_1064	3139	2940	104.354	1.94289
lcl|NC_037638.1_mrna_XM_006564986.3_1065	3187	2988	823.753	15.0904
lcl|NC_037638.1_mrna_XM_394219.6_1066	2139	1940	13	0.366798
lcl|NC_037638.1_mrna_XM_006564987.3_1067	3044	2845	3.4213e-06	6.58255e-08
lcl|NC_037638.1_mrna_XM_003250519.4_1068	3978	3779	6	0.086908
lcl|NC_037638.1_ncrna_XR_003306160.1_1069	1408	1209	36	1.6299
lcl|NC_037638.1_mrna_XM_394221.6_1070	2861	2662	0	0
lcl|NC_037638.1_mrna_XM_006564984.3_1071	3270	3071	33.8003	0.602457
lcl|NC_037638.1_mrna_XM_006564985.3_1072	2634	2435	166.2	3.73608
lcl|NC_037638.1_mrna_XM_006564983.3_1073	3074	2875	4	0.0761566
lcl|NC_037638.1_miscrna_XR_003306147.1_1074	2934	2735	0	0
lcl|NC_037638.1_mrna_XM_026445456.1_1075	2781	2582	0	0
lcl|NC_037638.1_mrna_XM_006564981.3_1076	2997	2798	11	0.215194
lcl|NC_037638.1_mrna_XM_003250521.4_1077	2996	2797	0	0
lcl|NC_037638.1_mrna_XM_006564980.3_1078	3266	3067	155.073	2.76763
lcl|NC_037638.1_mrna_XM_016914001.2_1079	3088	2889	893.927	16.9371
lcl|NC_037638.1_mrna_XM_006564979.3_1080	3330	3131	0	0
lcl|NC_037638.1_mrna_XM_026445535.1_1081	3222	3023	6	0.108642
lcl|NC_037638.1_mrna_XM_026445469.1_1082	4576	4377	141.236	1.76626
lcl|NC_037638.1_mrna_XM_016913989.2_1083	4834	4635	4.398e-07	5.19386e-09
lcl|NC_037638.1_mrna_XM_026445477.1_1084	4723	4524	0.963853	0.011662
lcl|NC_037638.1_mrna_XM_006564978.3_1085	4737	4538	30.8416	0.372013
lcl|NC_037638.1_mrna_XM_016913988.2_1086	3179	2980	38.9584	0.7156
lcl|NC_037638.1_ncrna_XR_003306161.1_1087	671	472	34.8924	4.04645
lcl|NC_037638.1_ncrna_XR_001702581.2_1088	2597	2398	121.346	2.76989
lcl|NC_037638.1_mrna_XM_016911403.2_1089	3672	3473	1.53005e-06	2.4115e-08
lcl|NC_037638.1_mrna_XM_016911419.2_1090	3482	3283	123.122	2.05282
lcl|NC_037638.1_mrna_XM_026439669.1_1091	3760	3561	0	0
lcl|NC_037638.1_mrna_XM_016911409.2_1092	3958	3759	7.61445e-06	1.1088e-07
lcl|NC_037638.1_mrna_XM_026439671.1_1093	3771	3572	54.1679	0.830073
lcl|NC_037638.1_mrna_XM_016911417.2_1094	3564	3365	0	0
lcl|NC_037638.1_mrna_XM_016911422.2_1095	3697	3498	0	0
lcl|NC_037638.1_mrna_XM_016911426.2_1096	3506	3307	0	0
lcl|NC_037638.1_mrna_XM_016911420.2_1097	3894	3695	21.8591	0.32382
lcl|NC_037638.1_mrna_XM_016911424.2_1098	3699	3500	0	0
lcl|NC_037638.1_mrna_XM_026439670.1_1099	4903	4704	57.549	0.669662
lcl|NC_037638.1_ncrna_XR_410105.3_1100	2060	1861	32	0.941215
lcl|NC_037638.1_mrna_XM_016911438.2_1101	1659	1460	20.3961	0.764678
lcl|NC_037638.1_mrna_XM_016911436.2_1102	1743	1544	704.604	24.9795
lcl|NC_037638.1_mrna_XM_006564992.3_1103	1885	1686	150.64	4.89067
lcl|NC_037638.1_mrna_XM_392150.6_1104	2044	1845	304.36	9.02976
lcl|NC_037638.1_ncrna_XR_003304383.1_1105	1606	1407	184.087	7.16168
lcl|NC_037638.1_ncrna_XR_003304382.1_1106	1551	1352	74.1659	3.0027
lcl|NC_037638.1_mrna_XM_394217.5_1107	4170	3971	16519.8	227.714
lcl|NC_037638.1_mrna_XM_006564994.3_1108	2717	2518	6892.06	149.823
lcl|NC_037638.1_ncrna_XR_410109.3_1109	1082	883	861	53.3738
lcl|NC_037638.1_ncrna_XR_003304386.1_1110	2821	2622	40	0.83505
lcl|NC_037638.1_ncrna_XR_003304387.1_1111	800	601	7	0.637542
lcl|NC_037638.1_mrna_XM_006564995.3_1112	2609	2410	104.133	2.36514
lcl|NC_037638.1_mrna_XM_623779.5_1113	2610	2411	509.867	11.5756
lcl|NC_037638.1_mrna_XM_397252.7_1114	1117	918	1513.22	90.2287
lcl|NC_037638.1_mrna_XM_625247.6_1115	2263	2064	507.779	13.4664
lcl|NC_037638.1_mrna_XM_026445248.1_1116	1436	1237	30.1087	1.33232
lcl|NC_037638.1_mrna_XM_026445247.1_1117	1528	1329	28.8913	1.18995
lcl|NC_037638.1_mrna_XM_026445226.1_1118	2271	2072	80	2.11342
lcl|NC_037638.1_mrna_XM_006565280.3_1119	960	761	12.1187	0.871682
lcl|NC_037638.1_mrna_XM_026440516.1_1120	819	620	16.8813	1.49039
lcl|NC_037638.1_mrna_XM_016917904.2_1121	852	653	0	0
lcl|NC_037638.1_mrna_XM_016917903.2_1122	2947	2748	0.0560269	0.001116
lcl|NC_037638.1_mrna_XM_006565282.3_1123	3070	2871	149.063	2.84198
lcl|NC_037638.1_mrna_XM_006565281.3_1124	3168	2969	41.8811	0.772135
lcl|NC_037638.1_mrna_XM_006565283.3_1125	1074	875	5.23338e-08	3.27386e-09
lcl|NC_037638.1_mrna_XM_393244.7_1126	1059	860	157	9.99278
lcl|NC_037638.1_mrna_XM_026446267.1_1127	2226	2027	15	0.405063
lcl|NC_037638.1_mrna_XM_001122183.4_1128	839	640	4	0.34211
lcl|NC_037638.1_mrna_XM_396506.7_1129	3414	3215	1047	17.8259
lcl|NC_037638.1_mrna_XM_026444323.1_1130	2483	2284	260.466	6.24223
lcl|NC_037638.1_mrna_XM_026444299.1_1131	2594	2395	6504.77	148.666
lcl|NC_037638.1_mrna_XM_026444205.1_1132	2606	2407	0	0
lcl|NC_037638.1_mrna_XM_026444168.1_1133	2615	2416	136.345	3.08906
lcl|NC_037638.1_mrna_XM_026444266.1_1134	2597	2398	0	0
lcl|NC_037638.1_mrna_XM_016916411.2_1135	2708	2509	0	0
lcl|NC_037638.1_mrna_XM_016916410.2_1136	2674	2475	414.417	9.16531
lcl|NC_037638.1_mrna_XM_006565295.3_1137	1658	1459	83.3004	3.12519
lcl|NC_037638.1_mrna_XM_394216.7_1138	1221	1022	76.5288	4.09882
lcl|NC_037638.1_mrna_XM_006565296.3_1139	1230	1031	398.171	21.1396
lcl|NC_037638.1_mrna_XM_006565293.3_1140	12821	12622	116.411	0.504836
lcl|NC_037638.1_mrna_XM_006565294.3_1141	12848	12649	7.8494	0.0339676
lcl|NC_037638.1_mrna_XM_006565292.3_1142	12833	12634	500.165	2.167
lcl|NC_037638.1_mrna_XM_016910928.2_1143	12860	12661	33.8118	0.146179
lcl|NC_037638.1_mrna_XM_016910949.2_1144	8973	8774	20.337	0.126875
lcl|NC_037638.1_mrna_XM_026444616.1_1145	4114	3915	15.0221	0.210031
lcl|NC_037638.1_precursorrna_NR_039463.1_1146	106	4.47418	0	0
lcl|NC_037638.1_ncrna_1147	23	2.74792	0	0
lcl|NC_037638.1_mrna_XM_001122272.5_1148	1595	1396	0	0
lcl|NC_037638.1_mrna_XM_001122287.5_1149	1445	1246	0	0
lcl|NC_037638.1_mrna_XM_001122304.5_1150	1950	1751	0	0
lcl|NC_037638.1_mrna_XM_026446270.1_1151	798	599	0	0
lcl|NC_037638.1_mrna_XM_397512.5_1152	670	471	0	0
lcl|NC_037638.1_mrna_XM_016910982.2_1153	6162	5963	3.09161	0.0283795
lcl|NC_037638.1_mrna_XM_016910975.2_1154	6225	6026	530.781	4.82138
lcl|NC_037638.1_ncrna_XR_003304596.1_1155	1382	1183	94	4.34939
lcl|NC_037638.1_mrna_XM_026440425.1_1156	2012	1813	591	17.8433
lcl|NC_037638.1_mrna_XM_396869.7_1157	6184	5985	234.05	2.14057
lcl|NC_037638.1_mrna_XM_026441958.1_1158	5647	5448	1496.77	15.0385
lcl|NC_037638.1_ncrna_XR_001702291.2_1159	385	186	192.175	56.5549
lcl|NC_037638.1_ncrna_XR_410161.2_1160	861	662	28.3013	2.3401
lcl|NC_037638.1_ncrna_XR_003305774.1_1161	876	677	6.69869	0.54161
lcl|NC_037638.1_mrna_NM_001252430.1_1162	1077	878	498.014	31.0479
lcl|NC_037638.1_ncrna_XR_003305775.1_1163	3797	3598	49	0.745453
lcl|NC_037638.1_ncrna_XR_001702282.2_1164	1446	1247	57.9857	2.5453
lcl|NC_037638.1_mrna_XM_006565301.3_1165	2761	2562	352	7.52054
lcl|NC_037638.1_mrna_XM_006565299.3_1166	1162	963	807.272	45.8859
lcl|NC_037638.1_mrna_XM_006565300.3_1167	1499	1300	0	0
lcl|NC_037638.1_mrna_XM_003250567.4_1168	1463	1264	457.728	19.8219
lcl|NC_037638.1_mrna_XM_026440364.1_1169	3185	2986	20.1757	0.369848
lcl|NC_037638.1_mrna_XM_026440381.1_1170	3161	2962	0	0
lcl|NC_037638.1_mrna_XM_026440390.1_1171	3034	2835	105.199	2.03116
lcl|NC_037638.1_mrna_XM_026440374.1_1172	3037	2838	454.625	8.76853
lcl|NC_037638.1_mrna_XM_001122450.5_1173	2365	2166	428	10.8161
lcl|NC_037638.1_mrna_XM_006565305.3_1174	987	788	0	0
lcl|NC_037638.1_mrna_XM_026446247.1_1175	1056	857	0	0
lcl|NC_037638.1_mrna_XM_016914689.2_1176	2384	2185	81.7069	2.04688
lcl|NC_037638.1_mrna_XM_016914695.2_1177	2378	2179	735.37	18.4728
lcl|NC_037638.1_mrna_XM_001122463.5_1178	3155	2956	191	3.53683
lcl|NC_037638.1_mrna_XM_006565319.2_1179	681	482	47.0413	5.34216
lcl|NC_037638.1_mrna_XM_003250569.4_1180	830	631	163.189	14.1562
lcl|NC_037638.1_mrna_XM_006565322.3_1181	827	628	182.659	15.9209
lcl|NC_037638.1_mrna_XM_006565320.2_1182	633	434	0.0235351	0.00296833
lcl|NC_037638.1_mrna_XM_006565321.2_1183	630	431	149.087	18.9342
lcl|NC_037638.1_mrna_XM_026446028.1_1184	1097	898	52.9497	3.22755
lcl|NC_037638.1_mrna_XM_016914732.2_1185	1091	892	87.0503	5.34184
lcl|NC_037638.1_mrna_XM_006565311.3_1186	3613	3414	181.915	2.91669
lcl|NC_037638.1_mrna_XM_026446019.1_1187	2220	2021	137.528	3.72487
lcl|NC_037638.1_mrna_XM_026446021.1_1188	2173	1974	314.257	8.71411
lcl|NC_037638.1_mrna_XM_026446029.1_1189	1091	892	277.392	17.0221
lcl|NC_037638.1_mrna_XM_026446023.1_1190	1624	1425	427.198	16.4097
lcl|NC_037638.1_mrna_XM_026446024.1_1191	1683	1484	251.287	9.26875
lcl|NC_037638.1_mrna_XM_026446025.1_1192	1677	1478	23.4171	0.867248
lcl|NC_037638.1_mrna_XM_026446026.1_1193	1652	1453	0	0
lcl|NC_037638.1_mrna_XM_006565307.3_1194	1735	1536	1917	68.315
lcl|NC_037638.1_mrna_XM_026446022.1_1195	2417	2218	261.465	6.45263
lcl|NC_037638.1_mrna_XM_016914712.2_1196	2405	2206	0.000207582	5.15074e-06
lcl|NC_037638.1_mrna_XM_016914714.2_1197	2783	2584	63.541	1.34601
lcl|NC_037638.1_ncrna_XR_003306478.1_1198	2254	2055	6	0.159818
lcl|NC_037638.1_mrna_XM_625242.6_1199	473	274	715	142.837
lcl|NC_037638.1_mrna_XM_026444045.1_1200	7643	7444	1849.23	13.5979
lcl|NC_037638.1_mrna_XM_026444047.1_1201	7570	7371	187.361	1.39136
lcl|NC_037638.1_mrna_XM_026444016.1_1202	9301	9102	0	0
lcl|NC_037638.1_mrna_XM_026444029.1_1203	9213	9014	73.9222	0.448893
lcl|NC_037638.1_mrna_XM_026444019.1_1204	9091	8892	219.257	1.34971
lcl|NC_037638.1_ncrna_XR_001704036.2_1205	8744	8545	20	0.128116
lcl|NC_037638.1_mrna_XM_006567945.3_1206	1091	892	0	0
lcl|NC_037638.1_mrna_XM_394210.7_1207	2090	1891	49	1.41837
lcl|NC_037638.1_mrna_XM_392145.7_1208	3016	2817	263.497	5.12006
lcl|NC_037638.1_mrna_XM_003251100.4_1209	2358	2159	0	0
lcl|NC_037638.1_mrna_XM_003251101.4_1210	2450	2251	67.4511	1.64021
lcl|NC_037638.1_mrna_XM_394209.7_1211	2417	2218	10.0515	0.24806
lcl|NC_037638.1_mrna_XM_006567937.3_1212	7378	7179	4.66631e-06	3.55791e-08
lcl|NC_037638.1_mrna_XM_006567940.3_1213	7376	7177	3.68661e-06	2.81171e-08
lcl|NC_037638.1_mrna_XM_026444074.1_1214	1044	845	5.03968	0.326461
lcl|NC_037638.1_mrna_XM_006567938.3_1215	7484	7285	0	0
lcl|NC_037638.1_mrna_XM_006567939.3_1216	7758	7559	46.5549	0.337121
lcl|NC_037638.1_mrna_XM_006567941.3_1217	862	663	467	38.5557
lcl|NC_037638.1_mrna_XM_026443702.1_1218	6288	6089	117.09	1.05259
lcl|NC_037638.1_mrna_XM_016914491.2_1219	6156	5957	83.273	0.765177
lcl|NC_037638.1_mrna_XM_006567943.3_1220	6462	6263	21659.1	189.297
lcl|NC_037638.1_ncrna_XR_003305620.1_1221	10525	10326	11	0.0583104
lcl|NC_037638.1_ncrna_XR_003305621.1_1222	3285	3086	60	1.06424
lcl|NC_037638.1_ncrna_XR_003305622.1_1223	2267	2068	1	0.0264688
lcl|NC_037638.1_ncrna_XR_003305617.1_1224	8703	8504	194	1.24872
lcl|NC_037638.1_ncrna_XR_001704578.2_1225	3832	3633	37	0.55747
lcl|NC_037638.1_ncrna_XR_001704573.2_1226	2301	2102	20.7791	0.541101
lcl|NC_037638.1_ncrna_XR_003305619.1_1227	2473	2274	13.2209	0.318242
lcl|NC_037638.1_mrna_XM_016917606.2_1228	2038	1839	0	0
lcl|NC_037638.1_miscrna_XR_001706312.2_1229	914	715	0	0
lcl|NC_037638.1_mrna_XM_026446274.1_1230	399	200	3	0.821063
lcl|NC_037638.1_mrna_XM_026443404.1_1231	1915	1716	0.516008	0.0164598
lcl|NC_037638.1_mrna_XM_026443398.1_1232	2041	1842	695.783	20.6761
lcl|NC_037638.1_mrna_XM_395867.7_1233	2146	1947	296.701	8.34138
lcl|NC_037638.1_mrna_XM_006568140.3_1234	1806	1607	0	0
lcl|NC_037638.1_mrna_XM_006568141.3_1235	1563	1364	222	8.9089
lcl|NC_037638.1_mrna_XM_001122977.5_1236	1596	1397	0	0
lcl|NC_037638.1_mrna_XM_001122973.4_1237	1384	1185	2752	127.12
lcl|NC_037638.1_mrna_XM_026442927.1_1238	1902	1703	118	3.79274
lcl|NC_037638.1_mrna_XM_026442931.1_1239	313	114	3742	1796.74
lcl|NC_037638.1_mrna_XM_623939.6_1240	1773	1574	942	32.7591
lcl|NC_037638.1_mrna_XM_006568137.3_1241	1628	1429	0	0
lcl|NC_037638.1_mrna_XM_003251140.4_1242	1620	1421	0	0
lcl|NC_037638.1_mrna_XM_006568138.3_1243	1434	1235	0	0
lcl|NC_037638.1_mrna_XM_393641.7_1244	1427	1228	98.9436	4.41036
lcl|NC_037638.1_mrna_XM_016917869.2_1245	1163	964	0	0
lcl|NC_037638.1_mrna_XM_026443262.1_1246	978	779	56.1334	3.94429
lcl|NC_037638.1_miscrna_XR_411126.3_1247	1519	1320	18.923	0.784697
lcl|NC_037638.1_mrna_XM_026443265.1_1248	1180	981	0	0
lcl|NC_037638.1_mrna_XM_016917712.2_1249	1916	1717	5.57473e-08	1.77721e-09
lcl|NC_037638.1_mrna_XM_016917710.2_1250	1920	1721	1815.5	57.7432
lcl|NC_037638.1_mrna_XM_006568135.3_1251	1903	1704	2170.29	69.7163
lcl|NC_037638.1_mrna_XM_006568132.3_1252	2113	1914	28.8786	0.825885
lcl|NC_037638.1_mrna_XM_006568130.3_1253	2202	2003	352.504	9.63314
lcl|NC_037638.1_mrna_XM_016917722.2_1254	1899	1700	4.67916	0.150662
lcl|NC_037638.1_mrna_XM_006568131.3_1255	2115	1916	0	0
lcl|NC_037638.1_mrna_XM_396043.7_1256	2223	2024	674.897	18.2521
lcl|NC_037638.1_mrna_XM_006568133.3_1257	1979	1780	68.2491	2.09876
lcl|NC_037638.1_mrna_XM_395043.7_1258	1741	1542	1798	63.825
lcl|NC_037638.1_mrna_XM_006568129.2_1259	1784	1585	52.6591	1.81857
lcl|NC_037638.1_mrna_XM_006568128.2_1260	1799	1600	248.341	8.49598
lcl|NC_037638.1_mrna_XM_392639.6_1261	2047	1848	22315	660.968
lcl|NC_037638.1_mrna_XM_395044.7_1262	1713	1514	88.9406	3.21558
lcl|NC_037638.1_mrna_XM_006568124.3_1263	1511	1312	157.099	6.55429
lcl|NC_037638.1_mrna_XM_006568126.3_1264	1408	1209	1508.96	68.3183
lcl|NC_037638.1_mrna_XM_623090.6_1265	2311	2112	1237.05	32.0611
lcl|NC_037638.1_mrna_XM_006568123.3_1266	2085	1886	970.874	28.1778
lcl|NC_037638.1_mrna_XM_016915774.2_1267	1480	1281	0	0
lcl|NC_037638.1_mrna_XM_001122896.5_1268	1444	1245	59.0749	2.59728
lcl|NC_037638.1_mrna_XM_026441345.1_1269	2218	2019	275.832	7.47815
lcl|NC_037638.1_mrna_XM_026441346.1_1270	2128	1929	51.6974	1.46697
lcl|NC_037638.1_mrna_XM_026441350.1_1271	2104	1905	0	0
lcl|NC_037638.1_mrna_XM_026441352.1_1272	1739	1540	23.4704	0.834229
lcl|NC_037638.1_mrna_XM_026439447.1_1273	4684	4485	496.596	6.06074
lcl|NC_037638.1_mrna_XM_026439418.1_1274	4318	4119	0	0
lcl|NC_037638.1_mrna_XM_026439428.1_1275	4219	4020	155.568	2.11826
lcl|NC_037638.1_mrna_XM_026439431.1_1276	4278	4079	0	0
lcl|NC_037638.1_mrna_XM_026439430.1_1277	4296	4097	0	0
lcl|NC_037638.1_mrna_XM_026439445.1_1278	4136	3937	494.891	6.88065
lcl|NC_037638.1_mrna_XM_026439437.1_1279	4178	3979	56.3963	0.775822
lcl|NC_037638.1_mrna_XM_026439436.1_1280	4199	4000	1.30093e-08	1.78025e-10
lcl|NC_037638.1_mrna_XM_026439433.1_1281	4258	4059	0	0
lcl|NC_037638.1_mrna_XM_026439439.1_1282	4161	3962	1.80657e-05	2.49589e-07
lcl|NC_037638.1_mrna_XM_026439450.1_1283	4142	3943	479.549	6.6572
lcl|NC_037638.1_mrna_XM_006568119.3_1284	3322	3123	1003	17.5798
lcl|NC_037638.1_mrna_XM_001122237.5_1285	3011	2812	951	18.5119
lcl|NC_037638.1_mrna_XM_026438914.1_1286	1958	1759	133.788	4.16328
lcl|NC_037638.1_mrna_XM_026438911.1_1287	2042	1843	116.985	3.47448
lcl|NC_037638.1_mrna_XM_026438906.1_1288	2096	1897	324.227	9.35551
lcl|NC_037638.1_miscrna_XR_001706186.2_1289	1959	1760	725.902	22.5762
lcl|NC_037638.1_miscrna_XR_001706185.2_1290	2013	1814	2566.95	77.458
lcl|NC_037638.1_mrna_XM_006568110.3_1291	1722	1523	7.54068e-05	2.71017e-06
lcl|NC_037638.1_mrna_XM_016917322.2_1292	1560	1361	1700.65	68.3976
lcl|NC_037638.1_mrna_XM_006568111.3_1293	1653	1454	0	0
lcl|NC_037638.1_mrna_XM_006568109.3_1294	1601	1402	0.0028999	0.000113219
lcl|NC_037638.1_mrna_XM_006568112.3_1295	1438	1239	789.496	34.879
lcl|NC_037638.1_mrna_XM_016917743.2_1296	4919	4720	143.807	1.66772
lcl|NC_037638.1_mrna_XM_396802.7_1297	4978	4779	1405.19	16.0948
lcl|NC_037638.1_mrna_XM_016917223.2_1298	3044	2845	0.170876	0.00328765
lcl|NC_037638.1_mrna_XM_016917234.2_1299	2894	2695	0	0
lcl|NC_037638.1_mrna_XM_016917232.2_1300	3041	2842	1650.73	31.7934
lcl|NC_037638.1_mrna_XM_016917239.2_1301	2891	2692	0	0
lcl|NC_037638.1_mrna_XM_016917226.2_1302	3191	2992	366.106	6.69777
lcl|NC_037638.1_mrna_XM_016917228.2_1303	3044	2845	1.46923e-05	2.82678e-07
lcl|NC_037638.1_mrna_XM_016917229.2_1304	3262	3063	830.997	14.8504
lcl|NC_037638.1_miscrna_XR_411121.3_1305	1232	1033	0	0
lcl|NC_037638.1_mrna_XM_006568108.3_1306	1981	1782	0.0306119	0.000940303
lcl|NC_037638.1_miscrna_XR_001706142.2_1307	1991	1792	0	0
lcl|NC_037638.1_miscrna_XR_411118.3_1308	2226	2027	3.21454	0.0868061
lcl|NC_037638.1_miscrna_XR_411120.3_1309	1997	1798	0	0
lcl|NC_037638.1_miscrna_XR_411122.3_1310	1896	1697	2.4792	0.0799676
lcl|NC_037638.1_miscrna_XR_411119.3_1311	1986	1787	10.142	0.310658
lcl|NC_037638.1_miscrna_XR_001706160.2_1312	2023	1824	0	0
lcl|NC_037638.1_miscrna_XR_001706151.2_1313	3801	3602	0	0
lcl|NC_037638.1_miscrna_XR_001706145.2_1314	3878	3679	9.21166e-05	1.37055e-06
lcl|NC_037638.1_miscrna_XR_001706159.2_1315	2030	1831	0	0
lcl|NC_037638.1_miscrna_XR_001706150.2_1316	3818	3619	0	0
lcl|NC_037638.1_miscrna_XR_001706144.2_1317	3895	3696	214.297	3.17372
lcl|NC_037638.1_miscrna_XR_001706149.2_1318	3893	3694	67.3005	0.997256
lcl|NC_037638.1_miscrna_XR_001706157.2_1319	1775	1576	0	0
lcl|NC_037638.1_miscrna_XR_003304219.1_1320	1865	1666	18.8633	0.619766
lcl|NC_037638.1_miscrna_XR_001706161.2_1321	1735	1536	0	0
lcl|NC_037638.1_miscrna_XR_003304220.1_1322	311	112	13.1163	6.41032
lcl|NC_037638.1_miscrna_XR_001706155.2_1323	1077	878	0.00382894	0.000238709
lcl|NC_037638.1_miscrna_XR_001706148.2_1324	1167	968	32.3701	1.83043
lcl|NC_037638.1_miscrna_XR_001706143.2_1325	1321	1122	50.9043	2.4834
lcl|NC_037638.1_miscrna_XR_001706146.2_1326	1230	1031	37.2785	1.97918
lcl|NC_037638.1_mrna_XM_006568107.3_1327	3122	2923	1.39749	0.0261701
lcl|NC_037638.1_mrna_XM_393418.7_1328	3131	2932	2548.6	47.5799
lcl|NC_037638.1_mrna_XM_393417.6_1329	884	685	478	38.1964
lcl|NC_037638.1_mrna_XM_006568106.3_1330	3007	2808	91.9777	1.79296
lcl|NC_037638.1_mrna_XM_624116.6_1331	3155	2956	699.022	12.9441
lcl|NC_037638.1_mrna_XM_393416.7_1332	2478	2279	385	9.24702
lcl|NC_037638.1_mrna_XM_396915.6_1333	3386	3187	50	0.858763
lcl|NC_037638.1_mrna_XM_396914.7_1334	1408	1209	5277.42	238.935
lcl|NC_037638.1_mrna_XM_016912131.2_1335	2701	2502	196.957	4.30893
lcl|NC_037638.1_mrna_XM_006568105.3_1336	2578	2379	5929.68	136.434
lcl|NC_037638.1_mrna_XM_016912134.2_1337	2582	2383	1928.43	44.296
lcl|NC_037638.1_mrna_XM_016912133.2_1338	2676	2477	6047.52	133.64
lcl|NC_037638.1_trna_1339	73	3.5471	0	0
lcl|NC_037638.1_precursorrna_NR_127340.1_1340	76	3.6135	0	0
lcl|NC_037638.1_ncrna_1341	22	2.73612	0	0
lcl|NC_037638.1_mrna_XM_026444726.1_1342	1951	1752	2.1248	0.0663847
lcl|NC_037638.1_mrna_XM_396912.7_1343	2224	2025	1134.86	30.6763
lcl|NC_037638.1_mrna_XM_006568096.3_1344	1930	1731	40.2349	1.2723
lcl|NC_037638.1_mrna_XM_006568094.3_1345	2185	1986	1009.92	27.8352
lcl|NC_037638.1_mrna_XM_003251133.4_1346	1838	1639	495.631	16.5525
lcl|NC_037638.1_mrna_XM_016912146.2_1347	1382	1183	0	0
lcl|NC_037638.1_mrna_XM_006568098.3_1348	1877	1678	53.9905	1.76121
lcl|NC_037638.1_mrna_XM_006568099.3_1349	1817	1618	174.234	5.89439
lcl|NC_037638.1_mrna_XM_006568100.3_1350	1506	1307	0	0
lcl|NC_037638.1_mrna_XM_393109.7_1351	4579	4380	1013.82	12.6699
lcl|NC_037638.1_mrna_XM_006568103.3_1352	3560	3361	61.7876	1.00628
lcl|NC_037638.1_mrna_XM_006568101.3_1353	3769	3570	0	0
lcl|NC_037638.1_mrna_XM_006568102.3_1354	3742	3543	161.39	2.4934
lcl|NC_037638.1_mrna_XM_393110.7_1355	5295	5096	5031	54.0394
lcl|NC_037638.1_mrna_XM_026446245.1_1356	3169	2970	14.7328	0.271527
lcl|NC_037638.1_mrna_XM_026446246.1_1357	3493	3294	6.26723	0.104145
lcl|NC_037638.1_mrna_XM_026446244.1_1358	3023	2824	0	0
lcl|NC_037638.1_ncrna_XR_003306524.1_1359	3867	3668	2	0.029846
lcl|NC_037638.1_ncrna_XR_003306526.1_1360	6306	6107	24	0.215114
lcl|NC_037638.1_ncrna_XR_411095.3_1361	4603	4404	1	0.0124291
lcl|NC_037638.1_ncrna_XR_001704910.2_1362	1036	837	11	0.71937
lcl|NC_037638.1_mrna_XM_026446275.1_1363	596	397	0	0
lcl|NC_037638.1_mrna_XM_026446276.1_1364	5602	5403	2	0.0202619
lcl|NC_037638.1_ncrna_XR_003306525.1_1365	454	255	0	0
lcl|NC_037638.1_mrna_XM_006568491.3_1366	2084	1885	85.6318	2.48662
lcl|NC_037638.1_mrna_XM_393199.6_1367	1387	1188	32.3682	1.49138
lcl|NC_037638.1_ncrna_XR_003305348.1_1368	892	693	0	0
lcl|NC_037638.1_mrna_XM_016916998.2_1369	5920	5721	116.593	1.11554
lcl|NC_037638.1_mrna_XM_026441042.1_1370	2527	2328	0	0
lcl|NC_037638.1_mrna_XM_016917010.2_1371	2473	2274	0	0
lcl|NC_037638.1_mrna_XM_026441055.1_1372	5916	5717	126.663	1.21274
lcl|NC_037638.1_mrna_XM_026441059.1_1373	3399	3200	0	0
lcl|NC_037638.1_mrna_XM_016917021.2_1374	3374	3175	0	0
lcl|NC_037638.1_mrna_XM_026441067.1_1375	2840	2641	0	0
lcl|NC_037638.1_mrna_XM_016917025.2_1376	2786	2587	0	0
lcl|NC_037638.1_mrna_XM_016917027.2_1377	2028	1829	0	0
lcl|NC_037638.1_mrna_XM_016917039.2_1378	1859	1660	0	0
lcl|NC_037638.1_mrna_XM_026441090.1_1379	821	622	0	0
lcl|NC_037638.1_mrna_XM_016917015.2_1380	1920	1721	0	0
lcl|NC_037638.1_mrna_XM_026441085.1_1381	2008	1809	6.48387	0.196192
lcl|NC_037638.1_mrna_XM_026441086.1_1382	1250	1051	0	0
lcl|NC_037638.1_mrna_XM_016917032.2_1383	1171	972	28.2605	1.59147
lcl|NC_037638.1_mrna_NM_001143921.1_1384	2072	1873	10.4867	0.30647
lcl|NC_037638.1_mrna_XM_006568495.3_1385	2524	2325	0	0
lcl|NC_037638.1_mrna_XM_026439655.1_1386	2487	2288	5.51325	0.131898
lcl|NC_037638.1_mrna_XM_026444662.1_1387	1247	1048	0	0
lcl|NC_037638.1_mrna_XM_026444660.1_1388	1540	1341	0	0
lcl|NC_037638.1_mrna_XM_016914622.2_1389	1985	1786	4908	150.421
lcl|NC_037638.1_mrna_XM_026446286.1_1390	9574	9375	3150.47	18.3946
lcl|NC_037638.1_mrna_XM_026446284.1_1391	9637	9438	0.114091	0.000661694
lcl|NC_037638.1_mrna_XM_026446285.1_1392	10472	10273	1646.2	8.77146
lcl|NC_037638.1_mrna_XM_026446291.1_1393	2086	1887	5.50658	0.159733
lcl|NC_037638.1_mrna_XM_026446289.1_1394	2149	1950	2.80123e-08	7.86319e-10
lcl|NC_037638.1_mrna_XM_026446287.1_1395	5715	5516	146.053	1.44934
lcl|NC_037638.1_mrna_XM_026446288.1_1396	5651	5452	762.534	7.65576
lcl|NC_037638.1_mrna_XM_026446290.1_1397	2290	2091	11.2812	0.295316
lcl|NC_037638.1_ncrna_XR_003306539.1_1398	6731	6532	57.7082	0.48359
lcl|NC_037638.1_ncrna_XR_003306540.1_1399	5496	5297	8	0.0826695
lcl|NC_037638.1_mrna_XM_026446293.1_1400	3195	2996	34.6404	0.632887
lcl|NC_037638.1_mrna_XM_026446295.1_1401	3069	2870	23.6812	0.451655
lcl|NC_037638.1_mrna_XM_026446294.1_1402	3168	2969	203.436	3.75061
lcl|NC_037638.1_mrna_XM_026446297.1_1403	3042	2843	151.243	2.91194
lcl|NC_037638.1_mrna_XM_026446292.1_1404	3253	3054	2494.82	44.7153
lcl|NC_037638.1_mrna_XM_006568544.3_1405	2370	2171	540.176	13.6195
lcl|NC_037638.1_mrna_XM_392139.7_1406	1663	1464	0.0402784	0.00150597
lcl|NC_037638.1_mrna_XM_016917805.2_1407	1653	1454	229.948	8.65667
lcl|NC_037638.1_mrna_XM_006568551.3_1408	1280	1081	54.0116	2.73493
lcl|NC_037638.1_mrna_XM_623673.6_1409	1650	1451	14369	542.056
lcl|NC_037638.1_mrna_XM_392138.5_1410	1610	1411	481.595	18.6827
lcl|NC_037638.1_mrna_XM_016917806.2_1411	1872	1673	560.405	18.3354
lcl|NC_037638.1_mrna_XM_006568555.3_1412	1565	1366	113	4.52807
lcl|NC_037638.1_mrna_XM_006568552.3_1413	2864	2665	1872.39	38.4578
lcl|NC_037638.1_mrna_XM_006568554.3_1414	2772	2573	793.655	16.8841
lcl|NC_037638.1_mrna_XM_006568553.3_1415	1926	1727	758.054	24.0267
lcl|NC_037638.1_mrna_XM_001121399.5_1416	1912	1713	703.902	22.4926
lcl|NC_037638.1_ncrna_XR_003305944.1_1417	1015	816	7	0.469562
lcl|NC_037638.1_mrna_XM_026444655.1_1418	3050	2851	10.1256	0.194405
lcl|NC_037638.1_mrna_XM_026444654.1_1419	2541	2342	106.238	2.48301
lcl|NC_037638.1_ncrna_XR_003305943.1_1420	1273	1074	22.6364	1.15369
lcl|NC_037638.1_mrna_XM_026440863.1_1421	8958	8759	1754.61	10.9651
lcl|NC_037638.1_mrna_XM_026446277.1_1422	4193	3994	15	0.205574
lcl|NC_037638.1_mrna_XM_006568558.3_1423	2331	2132	0.0459686	0.00118021
lcl|NC_037638.1_mrna_XM_001121500.5_1424	2226	2027	13.6064	0.367431
lcl|NC_037638.1_mrna_XM_006568559.3_1425	2321	2122	17.3476	0.447486
lcl|NC_037638.1_ncrna_XR_001705551.2_1426	1426	1227	11	0.49072
lcl|NC_037638.1_mrna_XM_006568560.2_1427	1167	968	383	21.6575
lcl|NC_037638.1_mrna_XM_001121556.5_1428	666	467	333	39.0313
lcl|NC_037638.1_mrna_XM_006568561.3_1429	6902	6703	918.117	7.49746
lcl|NC_037638.1_mrna_XM_006568562.3_1430	6897	6698	1881.2	15.3736
lcl|NC_037638.1_mrna_XM_006568563.3_1431	930	731	1633	122.28
lcl|NC_037638.1_mrna_XM_026446339.1_1432	675	476	1231	141.559
lcl|NC_037638.1_mrna_XM_006568565.3_1433	1912	1713	371.434	11.8689
lcl|NC_037638.1_mrna_XM_006568566.3_1434	1852	1653	11.5658	0.38299
lcl|NC_037638.1_mrna_XM_006568568.3_1435	1892	1693	270	8.72955
lcl|NC_037638.1_mrna_XM_393599.7_1436	1479	1280	3153	134.834
lcl|NC_037638.1_mrna_XM_393600.7_1437	2162	1963	260.451	7.26259
lcl|NC_037638.1_mrna_XM_006568573.3_1438	2185	1986	55.7123	1.53553
lcl|NC_037638.1_mrna_XM_006568572.3_1439	2190	1991	2.33253	0.064127
lcl|NC_037638.1_mrna_XM_006568574.3_1440	2088	1889	150.502	4.3611
lcl|NC_037638.1_mrna_XM_026440686.1_1441	2100	1901	1184.95	34.1194
lcl|NC_037638.1_mrna_XM_026440685.1_1442	2105	1906	43.0561	1.23651
lcl|NC_037638.1_mrna_XM_006568570.2_1443	1504	1305	456.736	19.1576
lcl|NC_037638.1_mrna_XM_006568571.2_1444	1501	1302	18.2639	0.767837
lcl|NC_037638.1_mrna_XM_026440670.1_1445	3012	2813	72.6352	1.41339
lcl|NC_037638.1_mrna_XM_026440674.1_1446	3245	3046	65.3648	1.17463
lcl|NC_037638.1_mrna_XM_006568575.3_1447	1929	1730	5	0.158201
lcl|NC_037638.1_mrna_XM_026443843.1_1448	3125	2926	32.0456	0.599486
lcl|NC_037638.1_mrna_XM_026443840.1_1449	3140	2941	47.1823	0.878151
lcl|NC_037638.1_mrna_XM_026443838.1_1450	3216	3017	6.77214	0.122867
lcl|NC_037638.1_mrna_XM_026443851.1_1451	1158	959	13.0105	0.742612
lcl|NC_037638.1_mrna_XM_026443848.1_1452	1776	1577	0	0
lcl|NC_037638.1_mrna_XM_393249.7_1453	1249	1050	1122	58.491
lcl|NC_037638.1_mrna_XM_624322.5_1454	1331	1132	636	30.7536
lcl|NC_037638.1_mrna_XM_001119963.5_1455	2819	2620	113	2.36082
lcl|NC_037638.1_mrna_XM_006568581.3_1456	1657	1458	454	17.0445
lcl|NC_037638.1_mrna_XM_006568582.3_1457	1642	1443	0	0
lcl|NC_037638.1_mrna_XM_006568580.2_1458	2124	1925	0	0
lcl|NC_037638.1_mrna_XM_393250.7_1459	2342	2143	2412	61.6085
lcl|NC_037638.1_mrna_XM_006568577.3_1460	2559	2360	502.289	11.65
lcl|NC_037638.1_mrna_XM_006568578.3_1461	2513	2314	314.503	7.43955
lcl|NC_037638.1_mrna_XM_006568579.3_1462	2474	2275	55.2078	1.32833
lcl|NC_037638.1_mrna_XM_006568583.3_1463	2470	2271	378	9.11087
lcl|NC_037638.1_mrna_XM_006568589.3_1464	2681	2482	991.302	21.862
lcl|NC_037638.1_mrna_XM_006568587.3_1465	2729	2530	57.8671	1.25198
lcl|NC_037638.1_mrna_XM_006568586.3_1466	2750	2551	78.8309	1.6915
lcl|NC_037638.1_mrna_XM_624203.6_1467	1202	1003	347	18.9371
lcl|NC_037638.1_mrna_XM_624175.5_1468	2238	2039	296.406	7.95709
lcl|NC_037638.1_mrna_XM_006568590.2_1469	2208	2009	2.59444	0.0706886
lcl|NC_037638.1_mrna_XM_006568591.3_1470	1933	1734	126.259	3.98563
lcl|NC_037638.1_mrna_XM_395627.7_1471	1915	1716	575.741	18.3652
lcl|NC_037638.1_mrna_XM_016917830.2_1472	1795	1596	709	24.3164
lcl|NC_037638.1_mrna_XM_006568593.3_1473	2877	2678	15.3536	0.313824
lcl|NC_037638.1_miscrna_XR_411252.3_1474	2970	2771	46.6805	0.922114
lcl|NC_037638.1_mrna_XM_026444128.1_1475	2489	2290	172.966	4.13438
lcl|NC_037638.1_mrna_XM_393070.7_1476	3391	3192	2218.23	38.039
lcl|NC_037638.1_mrna_XM_006568597.2_1477	3494	3295	801.768	13.3192
lcl|NC_037638.1_mrna_XM_026445321.1_1478	917	718	0	0
lcl|NC_037638.1_mrna_XM_006568595.3_1479	885	686	20.0342	1.59857
lcl|NC_037638.1_mrna_XM_006568594.3_1480	792	593	272.966	25.1964
lcl|NC_037638.1_mrna_XM_001120657.5_1481	1998	1799	516.929	15.7284
lcl|NC_037638.1_mrna_XM_006568598.3_1482	1905	1706	132.071	4.23755
lcl|NC_037638.1_mrna_XM_016913186.2_1483	7266	7067	3327.93	25.7765
lcl|NC_037638.1_mrna_XM_624011.6_1484	7311	7112	704.067	5.41886
lcl|NC_037638.1_mrna_XM_026443192.1_1485	2354	2155	182.394	4.63284
lcl|NC_037638.1_mrna_XM_026443195.1_1486	2354	2155	182.394	4.63284
lcl|NC_037638.1_mrna_XM_026443198.1_1487	2587	2388	194.213	4.45173
lcl|NC_037638.1_mrna_XM_003251212.4_1488	1473	1274	961.253	41.3003
lcl|NC_037638.1_mrna_XM_026443221.1_1489	1117	918	93.9761	5.60351
lcl|NC_037638.1_mrna_XM_016913226.2_1490	1154	955	87.8614	5.03594
lcl|NC_037638.1_mrna_XM_395804.6_1491	1652	1453	197.162	7.42752
lcl|NC_037638.1_mrna_XM_006568601.3_1492	6490	6291	0	0
lcl|NC_037638.1_mrna_XM_006568600.3_1493	6454	6255	971	8.49723
lcl|NC_037638.1_mrna_XM_623796.6_1494	1708	1509	49.3234	1.78916
lcl|NC_037638.1_mrna_XM_006568605.3_1495	1717	1518	381.176	13.7448
lcl|NC_037638.1_mrna_XM_006568604.1_1496	1798	1599	136.217	4.66303
lcl|NC_037638.1_mrna_XM_006568603.1_1497	1788	1589	42.1979	1.45362
lcl|NC_037638.1_mrna_XM_006568606.3_1498	2668	2469	333	7.38258
lcl|NC_037638.1_mrna_XM_026443207.1_1499	1647	1448	186.11	7.03537
lcl|NC_037638.1_mrna_XM_016913212.2_1500	1644	1445	171.976	6.51455
lcl|NC_037638.1_mrna_XM_006568602.2_1501	1739	1540	1557	55.3418
lcl|NC_037638.1_mrna_XM_026446131.1_1502	1625	1426	203.655	7.81736
lcl|NC_037638.1_miscrna_XR_003306514.1_1503	1987	1788	312.019	9.5521
lcl|NC_037638.1_mrna_XM_026446129.1_1504	2014	1815	0	0
lcl|NC_037638.1_mrna_XM_006568616.3_1505	1765	1566	704.033	24.6086
lcl|NC_037638.1_mrna_XM_026446130.1_1506	1407	1208	352.294	15.9633
lcl|NC_037638.1_mrna_XM_006568615.3_1507	4697	4498	1248.4	15.1921
lcl|NC_037638.1_mrna_XM_016913778.1_1508	4654	4455	327.492	4.02382
lcl|NC_037638.1_mrna_XM_026446127.1_1509	4694	4495	344.263	4.19223
lcl|NC_037638.1_mrna_XM_006568607.3_1510	4668	4469	935.532	11.4587
lcl|NC_037638.1_mrna_XM_026446126.1_1511	4400	4201	0.00230039	2.99732e-05
lcl|NC_037638.1_mrna_XM_026446128.1_1512	4664	4465	0.000290373	3.55975e-06
lcl|NC_037638.1_mrna_XM_026446124.1_1513	4512	4313	1.38475e-07	1.75742e-09
lcl|NC_037638.1_mrna_XM_016913791.2_1514	4601	4402	0.000148027	1.84067e-06
lcl|NC_037638.1_mrna_XM_026446123.1_1515	4575	4376	0.00636566	7.96253e-05
lcl|NC_037638.1_mrna_XM_006568612.3_1516	4571	4372	0.0201864	0.000252734
lcl|NC_037638.1_mrna_XM_026446125.1_1517	4419	4220	74.6835	0.968718
lcl|NC_037638.1_mrna_XM_001121110.5_1518	3276	3077	229	4.07374
lcl|NC_037638.1_mrna_XM_001121147.5_1519	1487	1288	79	3.35735
lcl|NC_037638.1_mrna_XM_026440143.1_1520	3878	3679	76.4306	1.13716
lcl|NC_037638.1_mrna_XM_026440136.1_1521	4024	3825	101.043	1.44597
lcl|NC_037638.1_mrna_XM_026440134.1_1522	4064	3865	25.5268	0.36152
lcl|NC_037638.1_mrna_XM_026440147.1_1523	3018	2819	1263.59	24.5356
lcl|NC_037638.1_mrna_XM_026440154.1_1524	2777	2578	585.409	12.4297
lcl|NC_037638.1_mrna_XM_026440153.1_1525	2690	2491	0	0
lcl|NC_037638.1_mrna_XM_026440159.1_1526	2684	2485	0	0
lcl|NC_037638.1_mrna_XM_006568626.3_1527	1822	1623	160.855	5.42503
lcl|NC_037638.1_mrna_XM_006568627.3_1528	1688	1489	1.93216e-07	7.10287e-09
lcl|NC_037638.1_mrna_XM_006568625.3_1529	1882	1683	576.289	18.7431
lcl|NC_037638.1_mrna_XM_006568623.3_1530	1684	1485	672.284	24.7806
lcl|NC_037638.1_mrna_XM_006568624.3_1531	1689	1490	331.808	12.1895
lcl|NC_037638.1_mrna_XM_016913096.2_1532	1545	1346	54.763	2.22704
lcl|NC_037638.1_mrna_XM_001121331.5_1533	2980	2781	1854.06	36.493
lcl|NC_037638.1_mrna_XM_016913042.2_1534	9740	9541	0	0
lcl|NC_037638.1_mrna_XM_006568630.3_1535	9836	9637	0	0
lcl|NC_037638.1_mrna_XM_006568628.3_1536	9851	9652	0	0
lcl|NC_037638.1_mrna_XM_006568629.3_1537	9680	9481	0	0
lcl|NC_037638.1_mrna_XM_006568632.3_1538	8252	8053	9986.74	67.8815
lcl|NC_037638.1_miscrna_XR_001703674.2_1539	8295	8096	88.7932	0.600336
lcl|NC_037638.1_miscrna_XR_001703673.2_1540	8266	8067	43.9992	0.29855
lcl|NC_037638.1_mrna_XM_026443082.1_1541	7996	7797	0	0
lcl|NC_037638.1_mrna_XM_006568634.3_1542	8022	7823	182.113	1.27425
lcl|NC_037638.1_mrna_XM_006568633.3_1543	8121	7922	794.769	5.49151
lcl|NC_037638.1_mrna_XM_006568639.3_1544	1473	1274	827	35.5321
lcl|NC_037638.1_mrna_XM_394204.5_1545	1495	1296	3.41831e-07	1.44375e-08
lcl|NC_037638.1_mrna_XM_001121471.5_1546	1964	1765	11	0.34114
lcl|NC_037638.1_mrna_XM_026443086.1_1547	2553	2354	55.0958	1.28114
lcl|NC_037638.1_mrna_XM_006568636.3_1548	2562	2363	0.446327	0.0103389
lcl|NC_037638.1_mrna_XM_006568637.3_1549	2426	2227	7.45784	0.183307
lcl|NC_037638.1_miscrna_XR_003304998.1_1550	2267	2068	1.0051	0.0266038
lcl|NC_037638.1_mrna_XM_016917853.2_1551	2369	2170	0	0
lcl|NC_037638.1_mrna_XM_016917851.1_1552	692	493	5.1087	0.567217
lcl|NC_037638.1_mrna_XM_016917852.2_1553	963	764	0	0
lcl|NC_037638.1_mrna_XM_026441669.1_1554	1941	1742	48.7036	1.53038
lcl|NC_037638.1_mrna_XM_026441671.1_1555	1877	1678	18.1889	0.593336
lcl|NC_037638.1_mrna_XM_006568646.3_1556	3216	3017	57.0627	1.03529
lcl|NC_037638.1_mrna_XM_006568647.3_1557	2251	2052	54.931	1.4653
lcl|NC_037638.1_mrna_XM_026441662.1_1558	4134	3935	0	0
lcl|NC_037638.1_mrna_XM_016917848.2_1559	3701	3502	4.70138e-07	7.34842e-09
lcl|NC_037638.1_mrna_XM_006568641.3_1560	3701	3502	4.70138e-07	7.34842e-09
lcl|NC_037638.1_mrna_XM_006568640.3_1561	3704	3505	1.59555e-07	2.49178e-09
lcl|NC_037638.1_mrna_XM_026441661.1_1562	3657	3458	4	0.063317
lcl|NC_037638.1_mrna_XM_026441695.1_1563	2298	2099	103.305	2.69397
lcl|NC_037638.1_mrna_XM_396475.7_1564	3012	2813	100.35	1.95269
lcl|NC_037638.1_mrna_XM_026441692.1_1565	2898	2699	74.3453	1.50777
lcl|NC_037638.1_mrna_XM_001121619.5_1566	1264	1065	480	24.6704
lcl|NC_037638.1_mrna_XM_016912405.2_1567	533	334	224	36.7102
lcl|NC_037638.1_mrna_XM_016912397.2_1568	4983	4784	2843.85	32.5388
lcl|NC_037638.1_mrna_XM_006569637.3_1569	5038	4839	1741.15	19.6954
lcl|NC_037638.1_ncrna_XR_411593.3_1570	471	272	7	1.40869
lcl|NC_037638.1_ncrna_XR_003306078.1_1571	3423	3224	37.2526	0.632479
lcl|NC_037638.1_mrna_XM_003251362.4_1572	4349	4150	539.576	7.11688
lcl|NC_037638.1_mrna_XM_006569636.3_1573	4250	4051	251.188	3.39408
lcl|NC_037638.1_mrna_XM_006569635.3_1574	4332	4133	8.81074e-06	1.1669e-07
lcl|NC_037638.1_mrna_XM_006569634.3_1575	4258	4059	1007.46	13.5861
lcl|NC_037638.1_miscrna_XR_003306077.1_1576	3961	3762	222.908	3.24334
lcl|NC_037638.1_mrna_XM_624519.5_1577	947	748	604	44.1998
lcl|NC_037638.1_mrna_XM_016912388.2_1578	467	268	185	37.7852
lcl|NC_037638.1_mrna_XM_624498.6_1579	1166	967	88.577	5.01395
lcl|NC_037638.1_mrna_XM_006569632.2_1580	1122	923	473.703	28.0924
lcl|NC_037638.1_mrna_XM_006569633.3_1581	1910	1711	282.72	9.04466
lcl|NC_037638.1_mrna_XM_006569622.3_1582	5006	4807	90.5294	1.03086
lcl|NC_037638.1_mrna_XM_006569623.3_1583	4472	4273	58.2354	0.746001
lcl|NC_037638.1_mrna_XM_006569621.3_1584	4922	4723	0	0
lcl|NC_037638.1_mrna_XM_006569629.3_1585	4855	4656	0	0
lcl|NC_037638.1_mrna_XM_016912368.2_1586	4992	4793	194.385	2.21993
lcl|NC_037638.1_mrna_XM_006569626.3_1587	4464	4265	23.3821	0.300089
lcl|NC_037638.1_mrna_XM_006569625.3_1588	4914	4715	0	0
lcl|NC_037638.1_mrna_XM_006569628.3_1589	4908	4709	167.654	1.94882
lcl|NC_037638.1_mrna_XM_006569630.3_1590	4840	4641	116.905	1.37882
lcl|NC_037638.1_mrna_XM_006569631.3_1591	4596	4397	0.105198	0.00130959
lcl|NC_037638.1_mrna_XM_016912375.2_1592	4592	4393	100.749	1.25535
lcl|NC_037638.1_mrna_XM_006569627.3_1593	4549	4350	652.884	8.21547
lcl|NC_037638.1_mrna_XM_006569624.3_1594	4552	4353	0.862274	0.0108428
lcl|NC_037638.1_miscrna_XR_411592.3_1595	3102	2903	0	0
lcl|NC_037638.1_miscrna_XR_411591.3_1596	3290	3091	43.1556	0.764229
lcl|NC_037638.1_mrna_XM_006569620.3_1597	3476	3277	915.844	15.2979
lcl|NC_037638.1_mrna_XM_625274.6_1598	754	555	717	70.715
lcl|NC_037638.1_mrna_XM_006569618.3_1599	1344	1145	409	19.5525
lcl|NC_037638.1_mrna_XM_016915453.2_1600	3270	3071	22384.3	398.978
lcl|NC_037638.1_mrna_XM_006569615.3_1601	5145	4946	1681.64	18.6107
lcl|NC_037638.1_mrna_XM_006569616.3_1602	3997	3798	0	0
lcl|NC_037638.1_mrna_XM_006569613.3_1603	4393	4194	0	0
lcl|NC_037638.1_mrna_XM_006569614.3_1604	4098	3899	80.481	1.12986
lcl|NC_037638.1_miscrna_XR_411589.2_1605	4430	4231	235.584	3.04781
lcl|NC_037638.1_mrna_XM_006569605.3_1606	3837	3638	21.0898	0.317319
lcl|NC_037638.1_mrna_XM_006569606.3_1607	3461	3262	10.3401	0.17351
lcl|NC_037638.1_mrna_XM_006569611.3_1608	3475	3276	0.0464819	0.00077665
lcl|NC_037638.1_mrna_XM_026446342.1_1609	3101	2902	0	0
lcl|NC_037638.1_mrna_XM_006569607.3_1610	3147	2948	34.1452	0.633997
lcl|NC_037638.1_mrna_XM_006569610.3_1611	3250	3051	25.4352	0.456329
lcl|NC_037638.1_mrna_XM_394201.6_1612	4708	4509	128.424	1.55901
lcl|NC_037638.1_ncrna_XR_411576.3_1613	2918	2719	0	0
lcl|NC_037638.1_ncrna_XR_120493.4_1614	2681	2482	0	0
lcl|NC_037638.1_ncrna_XR_001705583.2_1615	2740	2541	21.5197	0.463571
lcl|NC_037638.1_ncrna_XR_001705586.2_1616	1275	1076	12	0.610456
lcl|NC_037638.1_mrna_XM_006569612.3_1617	976	777	7.69837	0.542329
lcl|NC_037638.1_miscrna_XR_411584.2_1618	988	789	0.690433	0.0478994
lcl|NC_037638.1_miscrna_XR_001705577.2_1619	1747	1548	185.033	6.54279
lcl|NC_037638.1_miscrna_XR_411585.3_1620	1453	1254	0	0
lcl|NC_037638.1_miscrna_XR_003306546.1_1621	1276	1077	36.4696	1.85353
lcl|NC_037638.1_mrna_XM_016916282.2_1622	800	601	0.240859	0.0219369
lcl|NC_037638.1_mrna_XM_016916284.2_1623	700	501	47.868	5.22989
lcl|NC_037638.1_ncrna_XR_001705587.2_1624	491	292	4	0.749829
lcl|NC_037638.1_ncrna_XR_001705584.2_1625	1711	1512	43	1.55669
lcl|NC_037638.1_mrna_XM_006569604.3_1626	2018	1819	1562	47.0039
lcl|NC_037638.1_mrna_XM_006569601.3_1627	2453	2254	967.129	23.4864
lcl|NC_037638.1_mrna_XM_392133.7_1628	2462	2263	675.206	16.3319
lcl|NC_037638.1_mrna_XM_006569603.3_1629	2060	1861	0.147723	0.00434496
lcl|NC_037638.1_mrna_XM_006569602.3_1630	2069	1870	876.516	25.6569
lcl|NC_037638.1_mrna_XM_006569600.3_1631	2431	2232	319.209	7.82828
lcl|NC_037638.1_mrna_XM_016917854.2_1632	2428	2229	10.2262	0.251125
lcl|NC_037638.1_mrna_XM_392132.7_1633	2417	2218	1112.31	27.4504
lcl|NC_037638.1_mrna_XM_006569599.3_1634	2414	2215	392.257	9.69353
lcl|NC_037638.1_mrna_XM_006569590.3_1635	3269	3070	43.9485	0.783593
lcl|NC_037638.1_mrna_XM_393231.6_1636	3966	3767	241.227	3.50522
lcl|NC_037638.1_mrna_XM_006569592.3_1637	2775	2576	154.361	3.28003
lcl|NC_037638.1_mrna_XM_006569594.3_1638	2749	2550	35.4636	0.761252
lcl|NC_037638.1_mrna_XM_006569593.3_1639	2833	2634	0	0
lcl|NC_037638.1_ncrna_XR_001705688.2_1640	850	651	56.6708	4.76501
lcl|NC_037638.1_ncrna_XR_001705682.2_1641	1421	1222	71.3235	3.19482
lcl|NC_037638.1_ncrna_XR_003305551.1_1642	1353	1154	0.00570692	0.000270695
lcl|NC_037638.1_mrna_XM_006569597.3_1643	1319	1120	60.6384	2.96357
lcl|NC_037638.1_mrna_XM_003251370.4_1644	1384	1185	0	0
lcl|NC_037638.1_mrna_XM_393232.6_1645	1718	1519	474.362	17.0937
lcl|NC_037638.1_mrna_XM_006569598.3_1646	1737	1538	0	0
lcl|NC_037638.1_mrna_XM_006569589.3_1647	2115	1916	147.386	4.21061
lcl|NC_037638.1_mrna_XM_003251369.4_1648	2089	1890	171.614	4.97023
lcl|NC_037638.1_mrna_XM_624748.5_1649	3768	3569	0	0
lcl|NC_037638.1_mrna_XM_006569586.3_1650	3238	3039	47	0.84655
lcl|NC_037638.1_mrna_XM_016916853.1_1651	3325	3126	0	0
lcl|NC_037638.1_mrna_XM_026443566.1_1652	3131	2932	0	0
lcl|NC_037638.1_ncrna_XR_003305554.1_1653	1534	1335	101.375	4.15657
lcl|NC_037638.1_ncrna_XR_001705785.2_1654	1558	1359	56.625	2.28073
lcl|NC_037638.1_ncrna_XR_003305556.1_1655	990	791	0	0
lcl|NC_037638.1_ncrna_XR_001705792.2_1656	845	646	2	0.169466
lcl|NC_037638.1_ncrna_XR_411565.3_1657	656	457	1	0.119776
lcl|NC_037638.1_ncrna_XR_003305558.1_1658	1539	1340	7	0.285942
lcl|NC_037638.1_ncrna_XR_003305878.1_1659	318	119	0	0
lcl|NC_037638.1_ncrna_XR_003305874.1_1660	269	70.019	2	1.5635
lcl|NC_037638.1_mrna_XM_016917915.2_1661	1515	1316	418	17.3862
lcl|NC_037638.1_mrna_XM_016917174.2_1662	2424	2225	167.704	4.1257
lcl|NC_037638.1_mrna_XM_026439404.1_1663	1137	938	39.2963	2.29316
lcl|NC_037638.1_ncrna_XR_411559.3_1664	2897	2698	14	0.284035
lcl|NC_037638.1_mrna_XM_006569580.3_1665	2401	2202	354.605	8.8148
lcl|NC_037638.1_miscrna_XR_003304252.1_1666	1560	1361	122	4.90666
lcl|NC_037638.1_mrna_XM_016917173.2_1667	1253	1054	361.395	18.7684
lcl|NC_037638.1_mrna_XM_623751.5_1668	629	430	248	31.5696
lcl|NC_037638.1_mrna_XM_006569578.3_1669	1313	1114	425.81	20.9226
lcl|NC_037638.1_mrna_XM_016917941.1_1670	1252	1053	0	0
lcl|NC_037638.1_mrna_XM_006569579.3_1671	1279	1080	74.1902	3.76018
lcl|NC_037638.1_mrna_XM_026443912.1_1672	2641	2442	623	13.9646
lcl|NC_037638.1_mrna_XM_026443947.1_1673	3003	2804	0.00160736	3.13776e-05
lcl|NC_037638.1_mrna_XM_006569576.3_1674	3208	3009	12.9699	0.23594
lcl|NC_037638.1_mrna_XM_006569575.3_1675	2970	2771	0.030405	0.000600611
lcl|NC_037638.1_mrna_XM_006569574.3_1676	2976	2777	322.998	6.36663
lcl|NC_037638.1_mrna_XM_624003.6_1677	4501	4302	1917.47	24.3974
lcl|NC_037638.1_mrna_XM_016917807.2_1678	4120	3921	271.527	3.79054
lcl|NC_037638.1_mrna_XM_006569573.3_1679	687	488	24.5151	2.74979
lcl|NC_037638.1_mrna_XM_026441365.1_1680	721	522	0	0
lcl|NC_037638.1_mrna_XM_006569572.3_1681	555	356	48.4849	7.45489
lcl|NC_037638.1_mrna_XM_006569568.3_1682	1578	1379	0.0314837	0.0012497
lcl|NC_037638.1_mrna_XM_624027.6_1683	1662	1463	63.6016	2.37963
lcl|NC_037638.1_mrna_XM_006569567.3_1684	1547	1348	790.367	32.094
lcl|NC_037638.1_mrna_XM_006569564.3_1685	1650	1451	136.868	5.16323
lcl|NC_037638.1_mrna_XM_624059.6_1686	1770	1571	677.132	23.5929
lcl|NC_037638.1_mrna_XM_001121102.5_1687	1529	1330	788	32.431
lcl|NC_037638.1_mrna_XM_392742.7_1688	2133	1934	1014	28.699
lcl|NC_037638.1_mrna_XM_006569562.3_1689	2914	2715	356	7.17737
lcl|NC_037638.1_mrna_XM_006569561.2_1690	1674	1475	0	0
lcl|NC_037638.1_mrna_XM_006569560.3_1691	1496	1297	212	8.94708
lcl|NC_037638.1_mrna_XM_003251365.3_1692	1486	1287	58	2.4668
lcl|NC_037638.1_mrna_XM_026441370.1_1693	3225	3026	1570	28.3998
lcl|NC_037638.1_mrna_XM_623503.5_1694	656	457	7634	914.368
lcl|NC_037638.1_mrna_XM_026446148.1_1695	2161	1962	53.3337	1.48795
lcl|NC_037638.1_mrna_XM_026446146.1_1696	2291	2092	213.523	5.58687
lcl|NC_037638.1_mrna_XM_026446151.1_1697	1854	1655	0	0
lcl|NC_037638.1_mrna_XM_026446152.1_1698	2094	1895	67.0606	1.93706
lcl|NC_037638.1_mrna_XM_026446149.1_1699	2167	1968	240.231	6.68173
lcl|NC_037638.1_mrna_XM_026446150.1_1700	2153	1954	618.852	17.3359
lcl|NC_037638.1_mrna_XM_026446153.1_1701	1956	1757	43.4279	1.35295
lcl|NC_037638.1_mrna_XM_006569559.3_1702	1769	1570	5.68531	0.198216
lcl|NC_037638.1_mrna_XM_006569558.3_1703	2108	1909	704.887	20.2115
lcl|NC_037638.1_mrna_XM_026446156.1_1704	2230	2031	510.402	13.7558
lcl|NC_037638.1_mrna_XM_026446155.1_1705	2184	1985	5.78324e-08	1.59476e-09
lcl|NC_037638.1_mrna_XM_624745.6_1706	2642	2443	313.901	7.03323
lcl|NC_037638.1_mrna_XM_026446154.1_1707	2649	2450	140.697	3.14344
lcl|NC_037638.1_mrna_XM_026446157.1_1708	2031	1832	2.03747e-06	6.08766e-08
lcl|NC_037638.1_mrna_XM_016916234.2_1709	5070	4871	812	9.1248
lcl|NC_037638.1_mrna_XM_026446158.1_1710	2551	2352	450	10.4727
lcl|NC_037638.1_mrna_XM_392604.7_1711	780	581	1236	116.447
lcl|NC_037638.1_mrna_XM_006569546.3_1712	1096	897	95.143	5.8059
lcl|NC_037638.1_mrna_XM_006569544.3_1713	1167	968	136.972	7.74537
lcl|NC_037638.1_mrna_XM_026444875.1_1714	1210	1011	70.5349	3.8189
lcl|NC_037638.1_mrna_XM_006569547.3_1715	991	792	0	0
lcl|NC_037638.1_mrna_XM_006569548.3_1716	995	796	36.3499	2.49963
lcl|NC_037638.1_mrna_XM_624085.6_1717	2531	2332	195.935	4.59905
lcl|NC_037638.1_mrna_XM_006569543.3_1718	2528	2329	2514.07	59.0871
lcl|NC_037638.1_mrna_XM_623419.6_1719	1361	1162	235.914	11.1131
lcl|NC_037638.1_mrna_XM_006569542.3_1720	1510	1311	0	0
lcl|NC_037638.1_mrna_XM_006569541.3_1721	1552	1353	0	0
lcl|NC_037638.1_mrna_XM_016917917.2_1722	1618	1419	22.0856	0.851946
lcl|NC_037638.1_mrna_XM_006569538.2_1723	3144	2945	1581.81	29.4005
lcl|NC_037638.1_mrna_XM_006569540.3_1724	2915	2716	337.188	6.79559
lcl|NC_037638.1_mrna_XM_026441919.1_1725	906	707	8	0.619378
lcl|NC_037638.1_mrna_XM_026441908.1_1726	930	731	0	0
lcl|NC_037638.1_mrna_XM_026441901.1_1727	1782	1583	0	0
lcl|NC_037638.1_mrna_XM_026441891.1_1728	1785	1586	0	0
lcl|NC_037638.1_mrna_XM_026441882.1_1729	1902	1703	0	0
lcl|NC_037638.1_mrna_XM_026441885.1_1730	1884	1685	1.72456e-06	5.60225e-08
lcl|NC_037638.1_mrna_XM_026441883.1_1731	1887	1688	1.82699e-07	5.92445e-09
lcl|NC_037638.1_mrna_XM_026441881.1_1732	1905	1706	41	1.3155
lcl|NC_037638.1_mrna_XM_016917437.2_1733	4289	4090	588.859	7.88085
lcl|NC_037638.1_mrna_XM_016917440.2_1734	4010	3811	558.127	8.0164
lcl|NC_037638.1_mrna_XM_026443242.1_1735	3742	3543	98.0145	1.51427
lcl|NC_037638.1_mrna_XM_003251358.4_1736	527	328	129	21.5279
lcl|NC_037638.1_mrna_XM_001119899.5_1737	641	442	284	35.1707
lcl|NC_037638.1_mrna_XM_006569530.3_1738	2335	2136	469.486	12.0311
lcl|NC_037638.1_mrna_XM_006569531.3_1739	2381	2182	15.1797	0.380798
lcl|NC_037638.1_mrna_XM_624846.6_1740	2431	2232	193.334	4.74133
lcl|NC_037638.1_mrna_XM_006569528.3_1741	1248	1049	302.624	15.7911
lcl|NC_037638.1_mrna_XM_006569529.3_1742	1208	1009	18.8277	1.02139
lcl|NC_037638.1_mrna_XM_001122019.5_1743	1220	1021	482.548	25.8702
lcl|NC_037638.1_mrna_XM_026446058.1_1744	3042	2843	80.5256	1.5504
lcl|NC_037638.1_mrna_XM_026446059.1_1745	3080	2881	56.1266	1.06638
lcl|NC_037638.1_mrna_XM_026446057.1_1746	3614	3415	130.684	2.09468
lcl|NC_037638.1_mrna_XM_026446060.1_1747	3441	3242	251.186	4.241
lcl|NC_037638.1_mrna_XM_016915682.2_1748	2141	1942	275.764	7.77273
lcl|NC_037638.1_mrna_XM_026446061.1_1749	2256	2057	0.00239516	6.3736e-05
lcl|NC_037638.1_mrna_XM_026446063.1_1750	1487	1288	1.48747	0.0632145
lcl|NC_037638.1_mrna_XM_026446062.1_1751	1506	1307	5.85541	0.245226
lcl|NC_037638.1_mrna_XM_026446064.1_1752	1545	1346	257.472	10.4706
lcl|NC_037638.1_mrna_XM_016915683.2_1753	1283	1084	393.588	19.8746
lcl|NC_037638.1_mrna_XM_624170.6_1754	1281	1082	1060.94	53.672
lcl|NC_037638.1_mrna_XM_006569993.3_1755	1400	1201	739.931	33.7236
lcl|NC_037638.1_mrna_XM_396091.7_1756	1590	1391	366.132	14.4077
lcl|NC_037638.1_mrna_XM_006569992.3_1757	1415	1216	0.000464573	2.09125e-05
lcl|NC_037638.1_mrna_XM_006569991.3_1758	1402	1203	0	0
lcl|NC_037638.1_mrna_XM_003251457.4_1759	1861	1662	805	26.5125
lcl|NC_037638.1_mrna_XM_026446067.1_1760	1408	1209	310.27	14.0475
lcl|NC_037638.1_mrna_XM_003251434.4_1761	1530	1331	32.7295	1.34601
lcl|NC_037638.1_mrna_XM_026446065.1_1762	3033	2834	688.158	13.2915
lcl|NC_037638.1_mrna_XM_026446066.1_1763	2761	2562	0	0
lcl|NC_037638.1_mrna_XM_006569995.3_1764	2473	2274	0	0
lcl|NC_037638.1_mrna_XM_006569996.3_1765	2335	2136	486.842	12.4759
lcl|NC_037638.1_mrna_XM_001122415.5_1766	2158	1959	474	13.2443
lcl|NC_037638.1_mrna_XM_026443608.1_1767	2064	1865	0	0
lcl|NC_037638.1_mrna_XM_026444429.1_1768	690	491	4	0.445927
lcl|NC_037638.1_mrna_XM_026444424.1_1769	783	584	0	0
lcl|NC_037638.1_mrna_XM_026444413.1_1770	822	623	0	0
lcl|NC_037638.1_mrna_XM_026441539.1_1771	2201	2002	23	0.628853
lcl|NC_037638.1_mrna_XM_393350.7_1772	3858	3659	0	0
lcl|NC_037638.1_mrna_XM_006570002.3_1773	3730	3531	578.918	8.97438
lcl|NC_037638.1_precursorrna_NR_039465.1_1774	93	4.05064	0	0
lcl|NC_037638.1_ncrna_1775	22	2.73612	0	0
lcl|NC_037638.1_mrna_XM_026441535.1_1776	3347	3148	39.0824	0.679566
lcl|NC_037638.1_mrna_XM_026446256.1_1777	594	395	0	0
lcl|NC_037638.1_mrna_XM_006570003.3_1778	5034	4835	58.8789	0.666575
lcl|NC_037638.1_ncrna_XR_003306060.1_1779	846	647	0.12106	0.0102419
lcl|NC_037638.1_mrna_XM_026445249.1_1780	555	356	0	0
lcl|NC_037638.1_ncrna_XR_003306102.1_1781	1746	1547	5	0.176915
lcl|NC_037638.1_ncrna_XR_003306101.1_1782	2649	2450	3	0.0670256
lcl|NC_037638.1_mrna_XM_006570004.3_1783	406	207	96	25.3855
lcl|NC_037638.1_mrna_XM_393349.7_1784	2504	2305	418.345	9.93457
lcl|NC_037638.1_mrna_XM_006570010.3_1785	2223	2024	301.655	8.15802
lcl|NC_037638.1_mrna_XM_006570007.3_1786	2645	2446	0	0
lcl|NC_037638.1_mrna_XM_026446300.1_1787	657	458	147.009	17.5697
lcl|NC_037638.1_miscrna_XR_003306542.1_1788	679	480	0	0
lcl|NC_037638.1_miscrna_XR_003306541.1_1789	655	456	72.1497	8.66074
lcl|NC_037638.1_mrna_XM_006570005.3_1790	2779	2580	392.83	8.33433
lcl|NC_037638.1_mrna_XM_016915351.2_1791	2686	2487	0	0
lcl|NC_037638.1_mrna_XM_006570006.3_1792	2754	2555	1096.88	23.4992
lcl|NC_037638.1_mrna_XM_006570009.3_1793	2645	2446	41.1313	0.920451
lcl|NC_037638.1_mrna_XM_392626.7_1794	1228	1029	1624	86.3885
lcl|NC_037638.1_mrna_XM_026446299.1_1795	1290	1091	345	17.3093
lcl|NC_037638.1_mrna_XM_623800.6_1796	1426	1227	368	16.4168
lcl|NC_037638.1_mrna_XM_395686.6_1797	4577	4378	864.995	10.8149
lcl|NC_037638.1_mrna_XM_016915342.2_1798	4451	4252	343.666	4.42414
lcl|NC_037638.1_mrna_XM_026444953.1_1799	4515	4316	424.339	5.38167
lcl|NC_037638.1_mrna_XM_006570015.3_1800	2220	2021	0	0
lcl|NC_037638.1_mrna_XM_393144.7_1801	2198	1999	14.7536	0.403989
lcl|NC_037638.1_mrna_XM_006570016.3_1802	1838	1639	0	0
lcl|NC_037638.1_mrna_XM_006570013.3_1803	2289	2090	170.747	4.47191
lcl|NC_037638.1_mrna_XM_016914659.2_1804	2049	1850	47.7055	1.4115
lcl|NC_037638.1_mrna_XM_006570014.3_1805	2113	1914	47.7935	1.36682
lcl|NC_037638.1_mrna_XM_026445000.1_1806	1284	1085	0	0
lcl|NC_037638.1_mrna_XM_006570025.3_1807	1580	1381	64.2322	2.54592
lcl|NC_037638.1_mrna_XM_006570024.3_1808	1389	1190	324.615	14.9316
lcl|NC_037638.1_mrna_XM_394997.7_1809	1408	1209	50.4534	2.28428
lcl|NC_037638.1_mrna_XM_016914667.2_1810	1269	1070	62.3497	3.1896
lcl|NC_037638.1_mrna_XM_016914668.2_1811	1269	1070	62.3497	3.1896
lcl|NC_037638.1_mrna_XM_016914634.2_1812	5124	4925	271.191	3.01408
lcl|NC_037638.1_mrna_XM_016914635.2_1813	5074	4875	700.968	7.87062
lcl|NC_037638.1_mrna_XM_016914636.2_1814	5023	4824	0.160665	0.00182305
lcl|NC_037638.1_mrna_XM_006570018.3_1815	5036	4837	189.015	2.13898
lcl|NC_037638.1_mrna_XM_016914646.2_1816	4967	4768	96.5969	1.10895
lcl|NC_037638.1_mrna_XM_016914645.2_1817	4979	4780	24.1477	0.276524
lcl|NC_037638.1_mrna_XM_006570020.3_1818	4823	4624	91.1444	1.07894
lcl|NC_037638.1_mrna_XM_006570021.3_1819	4808	4609	0.00311969	3.70501e-05
lcl|NC_037638.1_mrna_XM_006570019.3_1820	4891	4692	240.446	2.80507
lcl|NC_037638.1_mrna_XM_016914652.2_1821	4456	4257	0.217128	0.00279188
lcl|NC_037638.1_mrna_XM_016914654.2_1822	4300	4101	0.805805	0.0107554
lcl|NC_037638.1_mrna_XM_026444957.1_1823	4806	4607	1787.49	21.2379
lcl|NC_037638.1_mrna_XM_026445009.1_1824	903	704	11	0.855274
lcl|NC_037638.1_mrna_XM_026444994.1_1825	2369	2170	22	0.554943
lcl|NC_037638.1_mrna_XM_392990.7_1826	803	604	1253.45	113.594
lcl|NC_037638.1_mrna_XM_003251455.4_1827	2262	2063	12089.5	320.772
lcl|NC_037638.1_ncrna_XR_001703063.2_1828	1353	1154	42.1553	1.99954
lcl|NC_037638.1_ncrna_XR_001703069.2_1829	1134	935	25.8447	1.51302
lcl|NC_037638.1_ncrna_XR_003305187.1_1830	3214	3015	28.4219	0.516002
lcl|NC_037638.1_ncrna_XR_003305185.1_1831	3707	3508	35.5781	0.555147
lcl|NC_037638.1_mrna_XM_393520.7_1832	4976	4777	783.371	8.9763
lcl|NC_037638.1_ncrna_XR_001703079.2_1833	568	369	0	0
lcl|NC_037638.1_ncrna_XR_003305188.1_1834	782	583	2	0.187779
lcl|NC_037638.1_ncrna_XR_001703080.2_1835	733	534	0	0
lcl|NC_037638.1_mrna_XM_016912321.2_1836	4316	4117	0	0
lcl|NC_037638.1_mrna_XM_006570030.3_1837	4136	3937	17.8102	0.247622
lcl|NC_037638.1_mrna_XM_006570026.3_1838	4287	4088	0	0
lcl|NC_037638.1_mrna_XM_006570029.3_1839	4478	4279	7.59964	0.0972156
lcl|NC_037638.1_mrna_XM_026442353.1_1840	4129	3930	0	0
lcl|NC_037638.1_mrna_XM_006570031.3_1841	4097	3898	0	0
lcl|NC_037638.1_mrna_XM_006570028.3_1842	4219	4020	0	0
lcl|NC_037638.1_ncrna_XR_003305182.1_1843	4266	4067	108.545	1.46091
lcl|NC_037638.1_ncrna_XR_001703074.2_1844	4363	4164	29.182	0.38361
lcl|NC_037638.1_ncrna_XR_001703075.2_1845	4364	4165	0	0
lcl|NC_037638.1_ncrna_XR_001703070.2_1846	4350	4151	0	0
lcl|NC_037638.1_ncrna_XR_003305181.1_1847	3802	3603	17.5857	0.267166
lcl|NC_037638.1_ncrna_XR_001703089.2_1848	2685	2486	162.109	3.56937
lcl|NC_037638.1_mrna_XM_016912305.2_1849	1890	1691	380.713	12.3236
lcl|NC_037638.1_mrna_XM_016912298.2_1850	1375	1176	1448.83	67.4368
lcl|NC_037638.1_mrna_XM_016912301.2_1851	1305	1106	1721.4	85.1946
lcl|NC_037638.1_mrna_XM_006570033.3_1852	5796	5597	34.0185	0.332694
lcl|NC_037638.1_mrna_XM_397118.7_1853	5819	5620	1002.67	9.76575
lcl|NC_037638.1_mrna_XM_006570032.3_1854	5779	5580	424.341	4.16261
lcl|NC_037638.1_mrna_XM_006570034.3_1855	5776	5577	755.492	7.41506
lcl|NC_037638.1_mrna_XM_006570035.3_1856	5703	5504	4295.85	42.7224
lcl|NC_037638.1_ncrna_XR_411741.3_1857	1431	1232	13	0.577588
lcl|NC_037638.1_mrna_XM_006570036.3_1858	5194	4995	0.0110963	0.000121599
lcl|NC_037638.1_mrna_XM_006570037.3_1859	5179	4980	216.697	2.38182
lcl|NC_037638.1_mrna_XM_026442384.1_1860	4728	4529	3814.25	46.099
lcl|NC_037638.1_mrna_XM_006570038.3_1861	5140	4941	376.733	4.17353
lcl|NC_037638.1_mrna_XM_006570045.3_1862	1156	957	1278.15	73.1061
lcl|NC_037638.1_mrna_XM_003251456.4_1863	1256	1057	52.85	2.73688
lcl|NC_037638.1_mrna_XM_016917820.1_1864	916	717	84.9971	6.48889
lcl|NC_037638.1_mrna_XM_006570043.3_1865	1553	1354	148.007	5.98343
lcl|NC_037638.1_mrna_XM_006570049.3_1866	1815	1616	0	0
lcl|NC_037638.1_mrna_XM_006570067.3_1867	3161	2962	449.468	8.30613
lcl|NC_037638.1_mrna_XM_006570055.3_1868	1718	1519	0	0
lcl|NC_037638.1_mrna_XM_006570063.3_1869	1628	1429	0	0
lcl|NC_037638.1_mrna_XM_623389.6_1870	1610	1411	258.591	10.0316
lcl|NC_037638.1_mrna_XM_006570047.3_1871	2132	1933	473.878	13.419
lcl|NC_037638.1_mrna_XM_016917817.2_1872	1974	1775	0	0
lcl|NC_037638.1_mrna_XM_016917819.2_1873	1873	1674	0	0
lcl|NC_037638.1_mrna_XM_006570050.3_1874	1727	1528	0	0
lcl|NC_037638.1_mrna_XM_026441579.1_1875	1631	1432	0	0
lcl|NC_037638.1_mrna_XM_006570064.3_1876	1541	1342	0	0
lcl|NC_037638.1_mrna_XM_016917818.2_1877	1826	1627	118.893	3.99995
lcl|NC_037638.1_mrna_XM_006570058.3_1878	3479	3280	0	0
lcl|NC_037638.1_mrna_XM_623113.6_1879	3384	3185	0	0
lcl|NC_037638.1_mrna_XM_006570046.3_1880	2091	1892	0	0
lcl|NC_037638.1_mrna_XM_006570051.3_1881	2073	1874	0	0
lcl|NC_037638.1_mrna_XM_006570052.3_1882	2064	1865	0	0
lcl|NC_037638.1_mrna_XM_006570053.3_1883	2001	1802	0	0
lcl|NC_037638.1_mrna_XM_006570060.3_1884	1974	1775	0	0
lcl|NC_037638.1_mrna_XM_006570054.3_1885	1995	1796	0	0
lcl|NC_037638.1_mrna_XM_006570059.3_1886	1977	1778	0.625353	0.0192521
lcl|NC_037638.1_mrna_XM_006570061.3_1887	1968	1769	564.301	17.461
lcl|NC_037638.1_mrna_XM_006570062.3_1888	1905	1706	0	0
lcl|NC_037638.1_mrna_XM_006570065.3_1889	1887	1688	0.53777	0.0174385
lcl|NC_037638.1_mrna_XM_006570066.3_1890	1878	1679	684.554	22.3173
lcl|NC_037638.1_mrna_XM_006570048.3_1891	1915	1716	0	0
lcl|NC_037638.1_mrna_XM_026444438.1_1892	1703	1504	20.0804	0.73082
lcl|NC_037638.1_mrna_XM_006570068.3_1893	1769	1570	35.5229	1.23849
lcl|NC_037638.1_mrna_XM_624094.6_1894	1813	1614	179.397	6.0841
lcl|NC_037638.1_mrna_XM_003251446.4_1895	1455	1256	91	3.96586
lcl|NC_037638.1_mrna_XM_393076.7_1896	1574	1375	1663	66.2026
lcl|NC_037638.1_mrna_XM_006570069.2_1897	776	577	775	73.521
lcl|NC_037638.1_mrna_XM_026441098.1_1898	750	551	42	4.17237
lcl|NC_037638.1_mrna_XM_003251458.4_1899	1134	935	330	19.3191
lcl|NC_037638.1_mrna_XM_624813.6_1900	1581	1382	662	26.2202
lcl|NC_037638.1_mrna_XM_001122688.5_1901	6565	6366	1503.78	12.9301
lcl|NC_037638.1_mrna_XM_006570070.3_1902	6431	6232	205.224	1.80254
lcl|NC_037638.1_ncrna_XR_001705753.2_1903	627	428	25.4494	3.25476
lcl|NC_037638.1_mrna_XM_624118.6_1904	1343	1144	327	15.6461
lcl|NC_037638.1_mrna_XM_026446222.1_1905	3757	3558	181.642	2.79445
lcl|NC_037638.1_mrna_XM_006570072.3_1906	3322	3123	28.7666	0.504199
lcl|NC_037638.1_mrna_XM_026446220.1_1907	3644	3445	0	0
lcl|NC_037638.1_mrna_XM_026446221.1_1908	3486	3287	149.441	2.4886
lcl|NC_037638.1_mrna_XM_006570071.3_1909	3051	2852	381.139	7.31508
lcl|NC_037638.1_mrna_XM_006570077.3_1910	3000	2801	2.29267e-05	4.48036e-07
lcl|NC_037638.1_mrna_XM_026446223.1_1911	3420	3221	1.48832e-06	2.52925e-08
lcl|NC_037638.1_mrna_XM_026446224.1_1912	3344	3145	156.157	2.71786
lcl|NC_037638.1_mrna_XM_006570076.3_1913	3178	2979	0.00285212	5.24062e-05
lcl|NC_037638.1_mrna_XM_016915735.2_1914	3020	2821	39.8863	0.773937
lcl|NC_037638.1_mrna_XM_397439.7_1915	4352	4153	5825.05	76.7756
lcl|NC_037638.1_mrna_XM_001120151.3_1916	1346	1147	514	24.5293
lcl|NC_037638.1_mrna_XM_026446020.1_1917	2169	1970	3.63298	0.100944
lcl|NC_037638.1_mrna_XM_026445876.1_1918	4038	3839	663.692	9.4631
lcl|NC_037638.1_mrna_XM_016916658.2_1919	3945	3746	2.38916e-07	3.49111e-09
lcl|NC_037638.1_mrna_XM_026445922.1_1920	3803	3604	1670.94	25.3782
lcl|NC_037638.1_mrna_XM_026446018.1_1921	1722	1523	37.8823	1.36151
lcl|NC_037638.1_mrna_XM_026446032.1_1922	1650	1451	0	0
lcl|NC_037638.1_mrna_XM_397545.7_1923	2365	2166	86	2.17333
lcl|NC_037638.1_mrna_XM_026446027.1_1924	1613	1414	0	0
lcl|NC_037638.1_mrna_XM_006570080.3_1925	2408	2209	15.6662	0.388198
lcl|NC_037638.1_mrna_XM_006570081.3_1926	2267	2068	1.66607	0.0440988
lcl|NC_037638.1_mrna_XM_026446010.1_1927	1523	1324	20.7703	0.858697
lcl|NC_037638.1_mrna_XM_026446014.1_1928	1451	1252	0	0
lcl|NC_037638.1_mrna_XM_026446030.1_1929	1167	968	19.7515	1.11689
lcl|NC_037638.1_ncrna_XR_001705703.2_1930	1432	1233	8	0.35515
lcl|NC_037638.1_mrna_XM_016917900.2_1931	1450	1251	307.566	13.4576
lcl|NC_037638.1_mrna_XM_016917901.2_1932	1296	1097	344.819	17.2056
lcl|NC_037638.1_mrna_XM_026444147.1_1933	1210	1011	12.6771	0.686363
lcl|NC_037638.1_mrna_XM_016917902.2_1934	1101	902	932.937	56.615
lcl|NC_037638.1_mrna_XM_001120526.5_1935	1326	1127	170	8.25677
lcl|NC_037638.1_mrna_XM_026445859.1_1936	728	529	394.12	40.7811
lcl|NC_037638.1_mrna_XM_006570089.3_1937	895	696	354.694	27.8953
lcl|NC_037638.1_mrna_XM_026445868.1_1938	251	52.2911	97	101.538
lcl|NC_037638.1_mrna_XM_006570090.3_1939	2951	2752	1590.55	31.6361
lcl|NC_037638.1_mrna_XM_016913021.2_1940	2713	2514	112.454	2.44847
lcl|NC_037638.1_mrna_XM_016913014.2_1941	3195	2996	187.64	3.42823
lcl|NC_037638.1_mrna_XM_016913013.2_1942	3205	3006	2.79899	0.050968
lcl|NC_037638.1_mrna_XM_006570091.3_1943	3407	3208	106.008	1.80879
lcl|NC_037638.1_mrna_XM_016913015.2_1944	2909	2710	579.553	11.706
lcl|NC_037638.1_mrna_XM_001119937.5_1945	770	571	864.659	82.8884
lcl|NC_037638.1_mrna_XM_396451.7_1946	2864	2665	4485.53	92.1301
lcl|NC_037638.1_mrna_XM_026445850.1_1947	1223	1024	33.8794	1.81101
lcl|NC_037638.1_mrna_XM_026445848.1_1948	2929	2730	14.0021	0.280747
lcl|NC_037638.1_mrna_XM_026445869.1_1949	3304	3105	130.907	2.30773
lcl|NC_037638.1_mrna_XM_016912986.2_1950	2644	2445	98.9457	2.21515
lcl|NC_037638.1_mrna_XM_016912994.2_1951	1944	1745	14.9521	0.469022
lcl|NC_037638.1_mrna_XM_016912998.2_1952	1804	1605	1.13754e-08	3.87953e-10
lcl|NC_037638.1_mrna_XM_006570093.3_1953	2196	1997	0	0
lcl|NC_037638.1_mrna_XM_624420.6_1954	2293	2094	11.3162	0.295808
lcl|NC_037638.1_mrna_XM_026440831.1_1955	499	300	82	14.9616
lcl|NC_037638.1_mrna_XM_393215.7_1956	4674	4475	568.286	6.95119
lcl|NC_037638.1_mrna_XM_006570107.3_1957	4418	4219	0	0
lcl|NC_037638.1_mrna_XM_006570105.3_1958	4529	4330	0	0
lcl|NC_037638.1_mrna_XM_006570103.3_1959	4904	4705	550.063	6.39938
lcl|NC_037638.1_mrna_XM_006570102.3_1960	4802	4603	1328.7	15.8006
lcl|NC_037638.1_mrna_XM_006570100.3_1961	4510	4311	0	0
lcl|NC_037638.1_mrna_XM_006570108.3_1962	4372	4173	1808.66	23.7243
lcl|NC_037638.1_mrna_XM_016912953.2_1963	4581	4382	20.8777	0.260793
lcl|NC_037638.1_mrna_XM_006570101.3_1964	4655	4456	0	0
lcl|NC_037638.1_mrna_XM_006570106.3_1965	4771	4572	158.409	1.89652
lcl|NC_037638.1_mrna_XM_624474.6_1966	3455	3256	264	4.43818
lcl|NC_037638.1_mrna_XM_392780.7_1967	1168	969	1470	83.0384
lcl|NC_037638.1_mrna_XM_397552.7_1968	1854	1655	452	14.9495
lcl|NC_037638.1_miscrna_XR_411753.3_1969	1646	1447	0	0
lcl|NC_037638.1_mrna_XM_624545.6_1970	3017	2818	8683	168.661
lcl|NC_037638.1_mrna_XM_006570110.3_1971	4511	4312	9.1941	0.116712
lcl|NC_037638.1_ncrna_XR_001706450.2_1972	4118	3919	7	0.0977706
lcl|NC_037638.1_mrna_XM_026441938.1_1973	3945	3746	0	0
lcl|NC_037638.1_ncrna_XR_003305064.1_1974	1316	1117	0	0
lcl|NC_037638.1_mrna_XM_001121064.5_1975	4400	4201	37.8121	0.492678
lcl|NC_037638.1_ncrna_XR_003304346.1_1976	9028	8829	212.89	1.31986
lcl|NC_037638.1_mrna_XM_016914831.2_1977	1736	1537	3	0.10684
lcl|NC_037638.1_mrna_XM_026444710.1_1978	2372	2173	3	0.0755695
lcl|NC_037638.1_mrna_XM_006570114.3_1979	2665	2466	575.892	12.783
lcl|NC_037638.1_mrna_XM_016914817.2_1980	2498	2299	446.93	10.6411
lcl|NC_037638.1_mrna_XM_006570113.3_1981	2977	2778	57.5272	1.13351
lcl|NC_037638.1_ncrna_XR_001704742.2_1982	1014	815	10.651	0.71535
lcl|NC_037638.1_mrna_XM_006570115.3_1983	720	521	690	72.4931
lcl|NC_037638.1_mrna_XM_006570116.3_1984	870	671	0	0
lcl|NC_037638.1_mrna_XM_016914798.2_1985	513	314	0	0
lcl|NC_037638.1_mrna_XM_003251438.4_1986	419	220	0	0
lcl|NC_037638.1_mrna_XM_016914792.2_1987	1992	1793	0	0
lcl|NC_037638.1_mrna_XM_006570118.3_1988	2368	2169	0	0
lcl|NC_037638.1_mrna_XM_006570119.3_1989	1279	1080	0	0
lcl|NC_037638.1_mrna_XM_006570120.3_1990	1190	991	2	0.110469
lcl|NC_037638.1_ncrna_XR_003306163.1_1991	386	187	0	0
lcl|NC_037638.1_mrna_XM_006570121.3_1992	1154	955	6	0.343901
lcl|NC_037638.1_mrna_XM_026441617.1_1993	521	322	18.2852	3.10835
lcl|NC_037638.1_mrna_XM_016917844.2_1994	844	645	126.257	10.7147
lcl|NC_037638.1_mrna_XM_026441616.1_1995	716	517	30.4578	3.22473
lcl|NC_037638.1_mrna_XM_006570122.3_1996	2483	2284	292.517	7.01037
lcl|NC_037638.1_mrna_XM_016915485.2_1997	1710	1511	6.48254	0.234837
lcl|NC_037638.1_mrna_XM_003251441.4_1998	895	696	135.266	10.6381
lcl|NC_037638.1_ncrna_XR_001705202.1_1999	520	321	84.7344	14.4491
lcl|NC_037638.1_mrna_XM_396686.6_2000	1183	984	454	25.2549
lcl|NC_037638.1_mrna_XM_396685.7_2001	2981	2782	1314	25.8537
lcl|NC_037638.1_mrna_XM_393236.7_2002	2083	1884	1819	52.849
lcl|NC_037638.1_ncrna_XR_411772.3_2003	213	22.4695	0	0
lcl|NC_037638.1_mrna_XM_026446189.1_2004	3292	3093	1395.52	24.6968
lcl|NC_037638.1_mrna_XM_026446192.1_2005	3268	3069	1647.08	29.3767
lcl|NC_037638.1_mrna_XM_026446190.1_2006	3247	3048	115.702	2.07783
lcl|NC_037638.1_mrna_XM_026446191.1_2007	3538	3339	166.701	2.7328
lcl|NC_037638.1_mrna_XM_026445379.1_2008	8854	8655	187.918	1.18846
lcl|NC_037638.1_mrna_XM_016913622.2_2009	7612	7413	0.00917167	6.77236e-05
lcl|NC_037638.1_mrna_XM_026445373.1_2010	7077	6878	78.2436	0.62269
lcl|NC_037638.1_mrna_XM_026445384.1_2011	8493	8294	35.7266	0.235783
lcl|NC_037638.1_ncrna_XR_411776.3_2012	2260	2061	3	0.0796762
lcl|NC_037638.1_ncrna_XR_003306138.1_2013	128	5.45872	0	0
lcl|NC_037638.1_mrna_XM_026445387.1_2014	6575	6376	1239.99	10.6452
lcl|NC_037638.1_ncrna_XR_003306552.1_2015	141	6.28195	0	0
lcl|NC_037638.1_ncrna_XR_001704023.2_2016	3392	3193	10	0.17143
lcl|NC_037638.1_ncrna_XR_003306134.1_2017	1581	1382	9	0.356467
lcl|NC_037638.1_ncrna_XR_003306133.1_2018	1693	1494	0	0
lcl|NC_037638.1_ncrna_XR_003306136.1_2019	1762	1563	0	0
lcl|NC_037638.1_ncrna_XR_003306135.1_2020	1843	1644	0	0
lcl|NC_037638.1_mrna_XM_016913580.2_2021	3792	3593	173	2.63557
lcl|NC_037638.1_miscrna_XR_001703957.2_2022	1439	1240	23.1748	1.02301
lcl|NC_037638.1_mrna_XM_016913581.2_2023	1347	1148	321.347	15.3221
lcl|NC_037638.1_mrna_XM_016917911.2_2024	1156	957	0	0
lcl|NC_037638.1_mrna_XM_016917909.2_2025	1113	914	10.625	0.636312
lcl|NC_037638.1_mrna_XM_016917906.2_2026	1212	1013	27.375	1.47921
lcl|NC_037638.1_mrna_XM_016917907.2_2027	1029	830	0	0
lcl|NC_037638.1_ncrna_XR_003306551.1_2028	216	24.1385	0	0
lcl|NC_037638.1_mrna_XM_006570141.3_2029	889	690	35.6711	2.82978
lcl|NC_037638.1_mrna_XM_006570142.3_2030	863	664	2.94829e-05	2.43046e-06
lcl|NC_037638.1_mrna_XM_026440327.1_2031	775	576	12.0987	1.14974
lcl|NC_037638.1_mrna_XM_016917940.2_2032	992	793	7.6323	0.526826
lcl|NC_037638.1_mrna_XM_016917939.2_2033	995	796	0.0650319	0.00447197
lcl|NC_037638.1_mrna_XM_026440343.1_2034	818	619	7.53284	0.666121
lcl|NC_037638.1_ncrna_XR_411779.3_2035	684	485	3	0.338583
lcl|NC_037638.1_mrna_XM_026440286.1_2036	1552	1353	47.7093	1.93015
lcl|NC_037638.1_mrna_XM_026440297.1_2037	1358	1159	2.89825e-06	1.36879e-07
lcl|NC_037638.1_mrna_XM_026440264.1_2038	1508	1309	8.09286	0.338414
lcl|NC_037638.1_mrna_XM_026440273.1_2039	1068	869	0	0
lcl|NC_037638.1_mrna_XM_026440269.1_2040	1215	1016	327.196	17.6279
lcl|NC_037638.1_mrna_XM_026440267.1_2041	961	762	15.2416	1.09486
lcl|NC_037638.1_mrna_XM_016917836.2_2042	1362	1163	42.8463	2.01659
lcl|NC_037638.1_mrna_XM_026440278.1_2043	1517	1318	788.914	32.7642
lcl|NC_037638.1_mrna_XM_006570574.3_2044	826	627	675.779	58.996
lcl|NC_037638.1_mrna_XM_006570570.3_2045	907	708	101497	7847.05
lcl|NC_037638.1_mrna_XM_003251541.4_2046	814	615	375	33.3766
lcl|NC_037638.1_mrna_XM_016917877.2_2047	1547	1348	1	0.0406065
lcl|NC_037638.1_mrna_XM_026443038.1_2048	794	595	95	8.73961
lcl|NC_037638.1_mrna_XM_001123230.5_2049	2126	1927	4956	140.778
lcl|NC_037638.1_mrna_XM_001122953.5_2050	856	657	2919	243.195
lcl|NC_037638.1_mrna_XM_026445792.1_2051	13193	12994	15052	63.4069
lcl|NC_037638.1_ncrna_XR_411914.3_2052	1149	950	4	0.230474
lcl|NC_037638.1_ncrna_XR_003306294.1_2053	658	459	14	1.66955
lcl|NC_037638.1_ncrna_XR_003306290.1_2054	778	579	13	1.22899
lcl|NC_037638.1_mrna_XM_026446171.1_2055	6466	6267	0	0
lcl|NC_037638.1_mrna_XM_026446170.1_2056	6325	6126	0.0274936	0.000245663
lcl|NC_037638.1_mrna_XM_026446172.1_2057	6286	6087	87.0221	0.782549
lcl|NC_037638.1_mrna_XM_026446177.1_2058	1278	1079	74.9868	3.80407
lcl|NC_037638.1_mrna_XM_026446173.1_2059	1282	1083	660.227	33.3695
lcl|NC_037638.1_mrna_XM_026446175.1_2060	1296	1097	477.022	23.8022
lcl|NC_037638.1_mrna_XM_026446176.1_2061	1402	1203	487.994	22.2042
lcl|NC_037638.1_mrna_XM_001119897.5_2062	681	482	106	12.0377
lcl|NC_037638.1_mrna_XM_016917454.2_2063	1710	1511	4623	167.473
lcl|NC_037638.1_mrna_XM_624825.6_2064	1525	1326	0.0963373	0.00397682
lcl|NC_037638.1_mrna_XM_006572227.3_2065	1522	1323	0	0
lcl|NC_037638.1_mrna_XM_016917456.2_2066	1668	1469	0.0234596	0.000874147
lcl|NC_037638.1_mrna_XM_016917455.2_2067	2252	2053	3.97454	0.10597
lcl|NC_037638.1_mrna_XM_006572230.3_2068	1898	1699	20.9057	0.673528
lcl|NC_037638.1_mrna_XM_006572229.3_2069	1876	1677	0	0
lcl|NC_037638.1_mrna_XM_026446185.1_2070	3957	3758	0	0
lcl|NC_037638.1_mrna_XM_026446180.1_2071	4608	4409	1334.71	16.5704
lcl|NC_037638.1_mrna_XM_026446181.1_2072	4086	3887	23.0825	0.325052
lcl|NC_037638.1_mrna_XM_026446178.1_2073	4049	3850	0	0
lcl|NC_037638.1_mrna_XM_026446179.1_2074	4046	3847	277.834	3.95319
lcl|NC_037638.1_mrna_XM_026446184.1_2075	1414	1215	424.371	19.1185
lcl|NC_037638.1_mrna_XM_026446182.1_2076	3576	3377	0	0
lcl|NC_037638.1_mrna_XM_016917459.2_2077	2340	2141	2659.54	67.9948
lcl|NC_037638.1_mrna_XM_006572225.3_2078	2373	2174	4130.46	103.998
lcl|NC_037638.1_mrna_NM_001242555.1_2079	2067	1868	204.5	5.9924
lcl|NC_037638.1_mrna_XM_026441966.1_2080	1274	1075	2748.84	139.967
lcl|NC_037638.1_mrna_XM_392816.7_2081	1186	987	453	25.1227
lcl|NC_037638.1_mrna_XM_026446196.1_2082	1085	886	94.829	5.85859
lcl|NC_037638.1_mrna_XM_026446197.1_2083	1005	806	103.411	7.02293
lcl|NC_037638.1_mrna_XM_016917460.2_2084	1006	807	1264.76	85.7867
lcl|NC_037638.1_mrna_XM_006572216.3_2085	1908	1709	0	0
lcl|NC_037638.1_mrna_XM_006572213.3_2086	1981	1782	6295.18	193.369
lcl|NC_037638.1_mrna_XM_006572215.3_2087	1946	1747	32.2146	1.00936
lcl|NC_037638.1_mrna_XM_006572214.3_2088	2083	1884	2766.26	80.3705
lcl|NC_037638.1_mrna_NM_001190920.1_2089	1626	1427	986.345	37.8347
lcl|NC_037638.1_mrna_XM_006572217.2_2090	3312	3113	0.180086	0.00316656
lcl|NC_037638.1_mrna_XM_006572218.3_2091	3677	3478	0	0
lcl|NC_037638.1_mrna_XM_006572221.3_2092	3258	3059	0.163856	0.00293203
lcl|NC_037638.1_mrna_XM_006572222.3_2093	3282	3083	86.2652	1.53161
lcl|NC_037638.1_mrna_XM_006572220.3_2094	3585	3386	69.1762	1.11829
lcl|NC_037638.1_mrna_XM_006572219.3_2095	3291	3092	923.211	16.3436
lcl|NC_037638.1_mrna_XM_006572223.3_2096	3076	2877	0.00386818	7.35956e-05
lcl|NC_037638.1_mrna_XM_026446203.1_2097	1994	1795	12.2002	0.372038
lcl|NC_037638.1_mrna_XM_026446200.1_2098	2247	2048	37.2802	0.996401
lcl|NC_037638.1_mrna_XM_026446201.1_2099	2208	2009	0	0
lcl|NC_037638.1_mrna_XM_026446202.1_2100	2087	1888	338.392	9.81078
lcl|NC_037638.1_mrna_XM_026446199.1_2101	3509	3310	0.0418124	0.000691452
lcl|NC_037638.1_mrna_XM_016917495.2_2102	3493	3294	18.9259	0.314498
lcl|NC_037638.1_mrna_XM_016917496.2_2103	3311	3112	9.0323	0.158871
lcl|NC_037638.1_mrna_XM_016917494.2_2104	3376	3177	0	0
lcl|NC_037638.1_precursorrna_NR_127312.1_2105	88	3.91013	0	0
lcl|NC_037638.1_ncrna_2106	22	2.73612	0	0
lcl|NC_037638.1_mrna_XM_016917490.2_2107	2444	2245	616.531	15.0322
lcl|NC_037638.1_mrna_XM_016917491.2_2108	2075	1876	811.842	23.6878
lcl|NC_037638.1_mrna_NM_001278329.1_2109	3772	3573	198.539	3.04157
lcl|NC_037638.1_mrna_XM_006572290.3_2110	802	603	925.138	83.9798
lcl|NC_037638.1_mrna_XM_016917492.2_2111	1872	1673	175.79	5.75154
lcl|NC_037638.1_mrna_XM_001121362.5_2112	2145	1946	11.1556	0.313787
lcl|NC_037638.1_mrna_XM_016917493.2_2113	1956	1757	15.6715	0.488228
lcl|NC_037638.1_mrna_XM_026444503.1_2114	2403	2204	2720.99	67.5772
lcl|NC_037638.1_mrna_XM_397073.7_2115	2322	2123	9278.01	239.216
lcl|NC_037638.1_ncrna_XR_003305926.1_2116	463	264	0	0
lcl|NC_037638.1_mrna_XM_026444515.1_2117	5062	4863	0.471724	0.00530969
lcl|NC_037638.1_mrna_XM_026444516.1_2118	5050	4851	40.0945	0.452417
lcl|NC_037638.1_mrna_XM_026444517.1_2119	5050	4851	10.6612	0.120299
lcl|NC_037638.1_mrna_XM_026444526.1_2120	4701	4502	16.2753	0.197884
lcl|NC_037638.1_mrna_XM_026444522.1_2121	5074	4875	104.592	1.17438
lcl|NC_037638.1_mrna_XM_026444528.1_2122	4719	4520	0.105817	0.00128145
lcl|NC_037638.1_mrna_XM_026444518.1_2123	6178	5979	1.12588	0.0103074
lcl|NC_037638.1_mrna_XM_026444545.1_2124	6166	5967	41.6504	0.382074
lcl|NC_037638.1_mrna_XM_026444535.1_2125	6166	5967	14.2104	0.130358
lcl|NC_037638.1_mrna_XM_026444520.1_2126	6165	5966	0	0
lcl|NC_037638.1_mrna_XM_026444556.1_2127	4517	4318	63.8281	0.809123
lcl|NC_037638.1_mrna_XM_026444469.1_2128	3157	2958	142.624	2.63925
lcl|NC_037638.1_mrna_XM_016916467.2_2129	3759	3560	56.2465	0.864829
lcl|NC_037638.1_mrna_XM_016916466.2_2130	3639	3440	152.844	2.43206
lcl|NC_037638.1_mrna_XM_016916462.2_2131	3662	3463	0	0
lcl|NC_037638.1_mrna_XM_016916477.2_2132	3554	3355	397.018	6.47743
lcl|NC_037638.1_mrna_XM_026444474.1_2133	3267	3068	438.648	7.82612
lcl|NC_037638.1_mrna_XM_016916472.2_2134	3127	2928	60.4364	1.12983
lcl|NC_037638.1_mrna_XM_016916484.2_2135	2788	2589	47.8784	1.01226
lcl|NC_037638.1_mrna_XM_016916488.2_2136	2803	2604	14.0867	0.29611
lcl|NC_037638.1_mrna_NM_001327947.1_2137	1641	1442	897	34.0496
lcl|NC_037638.1_mrna_XM_006570642.3_2138	2662	2463	139	3.08913
lcl|NC_037638.1_mrna_XM_026444567.1_2139	1349	1150	16	0.761566
lcl|NC_037638.1_mrna_XM_016916499.2_2140	2503	2304	72.1376	1.71382
lcl|NC_037638.1_mrna_XM_016916497.2_2141	2507	2308	8.0809	0.19165
lcl|NC_037638.1_mrna_XM_026444563.1_2142	2117	1918	10.0466	0.286718
lcl|NC_037638.1_mrna_XM_016916503.2_2143	1527	1328	37.7521	1.55607
lcl|NC_037638.1_miscrna_XR_003305924.1_2144	1460	1261	11.9829	0.520153
lcl|NC_037638.1_mrna_XM_026444564.1_2145	1283	1084	0	0
lcl|NC_037638.1_mrna_XM_016917880.2_2146	3327	3128	27.3857	0.479228
lcl|NC_037638.1_mrna_XM_016917881.2_2147	3312	3113	1.64766	0.0289716
lcl|NC_037638.1_mrna_XM_003251548.4_2148	2869	2670	45.6982	0.936856
lcl|NC_037638.1_mrna_XM_006570634.3_2149	2796	2597	0	0
lcl|NC_037638.1_mrna_XM_006570635.3_2150	2584	2385	24.368	0.559263
lcl|NC_037638.1_mrna_XM_016917882.2_2151	3331	3132	3.40468e-08	5.95031e-10
lcl|NC_037638.1_mrna_XM_016917883.2_2152	3322	3123	1.28613e-06	2.25423e-08
lcl|NC_037638.1_mrna_XM_016917884.2_2153	3280	3081	33.9005	0.602281
lcl|NC_037638.1_mrna_XM_006570623.3_2154	4456	4257	1512.29	19.4454
lcl|NC_037638.1_mrna_XM_026446107.1_2155	4377	4178	1.3671e-06	1.79109e-08
lcl|NC_037638.1_ncrna_XR_003306511.1_2156	540	341	11.7398	1.88449
lcl|NC_037638.1_ncrna_XR_003306510.1_2157	507	308	0	0
lcl|NC_037638.1_miscrna_XR_003306509.1_2158	4273	4074	38.1909	0.513126
lcl|NC_037638.1_miscrna_XR_003306507.1_2159	4085	3886	0	0
lcl|NC_037638.1_miscrna_XR_003306508.1_2160	4064	3865	1083.23	15.3411
lcl|NC_037638.1_mrna_XM_395654.7_2161	4553	4354	1963.13	24.6801
lcl|NC_037638.1_ncrna_XR_003306512.1_2162	911	712	16.4112	1.26167
lcl|NC_037638.1_mrna_XM_003251546.4_2163	1540	1341	149	6.08195
lcl|NC_037638.1_mrna_XM_026446108.1_2164	1752	1553	1201	42.3308
lcl|NC_037638.1_mrna_XM_624092.6_2165	2005	1806	609	18.458
lcl|NC_037638.1_mrna_XM_006570621.3_2166	1273	1074	0	0
lcl|NC_037638.1_mrna_XM_006570620.3_2167	1411	1212	33.0275	1.49162
lcl|NC_037638.1_mrna_XM_016913483.2_2168	1395	1196	0	0
lcl|NC_037638.1_mrna_XM_006570622.3_2169	1357	1158	1133.43	53.5759
lcl|NC_037638.1_mrna_XM_624065.6_2170	1275	1076	747.547	38.0287
lcl|NC_037638.1_mrna_XM_016913477.2_2171	1452	1253	179.983	7.86257
lcl|NC_037638.1_mrna_XM_006570577.3_2172	4359	4160	3118.87	41.0383
lcl|NC_037638.1_mrna_XM_006570578.3_2173	3282	3083	155.967	2.76914
lcl|NC_037638.1_mrna_XM_006570576.3_2174	3408	3209	602.829	10.2828
lcl|NC_037638.1_mrna_XM_006570579.3_2175	3396	3197	1150.71	19.7019
lcl|NC_037638.1_mrna_XM_006570580.3_2176	3447	3248	125.5	2.11502
lcl|NC_037638.1_mrna_XM_006570581.3_2177	2897	2698	85.9345	1.74346
lcl|NC_037638.1_mrna_XM_026441801.1_2178	3050	2851	1565.54	30.0575
lcl|NC_037638.1_mrna_NM_001113739.1_2179	1509	1310	1892.65	79.083
lcl|NC_037638.1_mrna_XM_026444851.1_2180	2226	2027	203.554	5.49682
lcl|NC_037638.1_mrna_XM_026444847.1_2181	2350	2151	312.265	7.94635
lcl|NC_037638.1_mrna_XM_026444848.1_2182	2124	1925	0.181216	0.0051529
lcl|NC_037638.1_mrna_XM_026444854.1_2183	1813	1614	1.01748	0.034507
lcl|NC_037638.1_mrna_XM_016917876.1_2184	2216	2017	1430	38.8075
lcl|NC_037638.1_mrna_XM_026444148.1_2185	4313	4114	151	2.00908
lcl|NC_037638.1_mrna_XM_026445073.1_2186	1383	1184	0	0
lcl|NC_037638.1_mrna_XM_001122067.5_2187	1494	1295	0	0
lcl|NC_037638.1_mrna_XM_016917946.2_2188	1349	1150	116	5.52135
lcl|NC_037638.1_mrna_XM_006570612.3_2189	767	568	83.6456	8.06084
lcl|NC_037638.1_mrna_XM_003251545.4_2190	741	542	466.354	47.098
lcl|NC_037638.1_mrna_XM_006570611.3_2191	2285	2086	915.124	24.0132
lcl|NC_037638.1_mrna_XM_003251544.4_2192	2216	2017	161.876	4.39302
lcl|NC_037638.1_mrna_XM_006570610.3_2193	1563	1364	199.547	8.00784
lcl|NC_037638.1_mrna_XM_624469.6_2194	1652	1453	1351.45	50.9121
lcl|NC_037638.1_mrna_XM_006570609.2_2195	1731	1532	790	28.2263
lcl|NC_037638.1_mrna_XM_001121977.5_2196	712	513	171	18.2458
lcl|NC_037638.1_mrna_XM_006570603.3_2197	2060	1861	245.612	7.22419
lcl|NC_037638.1_mrna_XM_624416.6_2198	2205	2006	1409.7	38.4663
lcl|NC_037638.1_ncrna_XR_003304732.1_2199	416	217	9	2.27022
lcl|NC_037638.1_mrna_XM_001120572.5_2200	541	342	540.69	86.5382
lcl|NC_037638.1_mrna_XM_006570602.3_2201	5249	5050	1453.13	15.7506
lcl|NC_037638.1_mrna_XM_006570585.3_2202	5291	5092	1051.41	11.3024
lcl|NC_037638.1_mrna_XM_006570589.3_2203	5117	4918	5221.09	58.1109
lcl|NC_037638.1_mrna_XM_006570586.3_2204	5285	5086	0	0
lcl|NC_037638.1_mrna_XM_006570590.3_2205	5093	4894	1.28616e-07	1.43852e-09
lcl|NC_037638.1_mrna_XM_006570588.3_2206	5135	4936	1.11655e-07	1.23819e-09
lcl|NC_037638.1_mrna_XM_006570587.3_2207	5261	5062	0	0
lcl|NC_037638.1_mrna_XM_006570584.3_2208	5303	5104	0	0
lcl|NC_037638.1_mrna_XM_016912934.2_2209	4738	4539	471.15	5.68178
lcl|NC_037638.1_mrna_XM_006570596.3_2210	4909	4710	814.509	9.46587
lcl|NC_037638.1_mrna_XM_026440998.1_2211	5248	5049	150.957	1.63656
lcl|NC_037638.1_mrna_XM_016912913.2_2212	5194	4995	0	0
lcl|NC_037638.1_mrna_XM_006570592.3_2213	6147	5948	3492.39	32.1394
lcl|NC_037638.1_mrna_XM_006570591.3_2214	6315	6116	0	0
lcl|NC_037638.1_ncrna_XR_003304747.1_2215	3274	3075	32.0312	0.570182
lcl|NC_037638.1_mrna_XM_006570583.3_2216	1028	829	187.058	12.3511
lcl|NC_037638.1_mrna_XM_623178.6_2217	1096	897	2996.94	182.882
lcl|NC_037638.1_mrna_XM_001120658.5_2218	4293	4094	220.83	2.95254
lcl|NC_037638.1_mrna_XM_001120698.5_2219	2796	2597	1	0.0210772
lcl|NC_037638.1_mrna_XM_026446249.1_2220	5137	4938	16.0808	0.178255
lcl|NC_037638.1_mrna_XM_026446248.1_2221	5254	5055	273.674	2.96346
lcl|NC_037638.1_mrna_XM_001120512.5_2222	5090	4891	7111.1	79.5837
lcl|NC_037638.1_ncrna_XR_003306527.1_2223	1397	1198	182	8.31572
lcl|NC_037638.1_mrna_XM_394949.6_2224	6388	6189	978	8.64975
lcl|NC_037638.1_mrna_XM_006570699.3_2225	2602	2403	301.235	6.86178
lcl|NC_037638.1_mrna_XM_006570698.3_2226	2605	2406	0	0
lcl|NC_037638.1_mrna_XM_006570702.3_2227	2577	2378	0	0
lcl|NC_037638.1_mrna_XM_006570700.3_2228	3188	2989	276.747	5.06807
lcl|NC_037638.1_mrna_XM_006570703.3_2229	2638	2439	338.937	7.60663
lcl|NC_037638.1_mrna_XM_016911843.2_2230	2550	2351	0	0
lcl|NC_037638.1_mrna_XM_006570704.3_2231	1889	1690	173.081	5.60594
lcl|NC_037638.1_mrna_XM_394948.7_2232	1991	1792	523.316	15.985
lcl|NC_037638.1_mrna_XM_392599.7_2233	1707	1508	3908.67	141.877
lcl|NC_037638.1_mrna_XM_016915869.2_2234	2248	2049	0.0237018	0.000633175
lcl|NC_037638.1_mrna_XM_026439315.1_2235	2235	2036	72.9763	1.96196
lcl|NC_037638.1_mrna_XM_006570705.1_2236	2723	2524	1184	25.6772
lcl|NC_037638.1_mrna_XM_026439353.1_2237	14576	14377	9.43574	0.0359247
lcl|NC_037638.1_mrna_XM_026439360.1_2238	14546	14347	131.713	0.502521
lcl|NC_037638.1_mrna_XM_026439366.1_2239	14540	14341	63.361	0.24184
lcl|NC_037638.1_mrna_XM_026439373.1_2240	14510	14311	890.334	3.4054
lcl|NC_037638.1_mrna_XM_026439342.1_2241	14578	14379	22.4963	0.0856383
lcl|NC_037638.1_mrna_XM_026439357.1_2242	14548	14349	313.911	1.19748
lcl|NC_037638.1_mrna_XM_026439363.1_2243	14542	14343	151.032	0.576389
lcl|NC_037638.1_mrna_XM_026439368.1_2244	14512	14313	2121.49	8.11327
lcl|NC_037638.1_mrna_XM_026439350.1_2245	14575	14376	29.2734	0.11146
lcl|NC_037638.1_mrna_XM_026439369.1_2246	14509	14310	2763.95	10.5725
lcl|NC_037638.1_mrna_XM_006570711.3_2247	4918	4719	0.000137778	1.59815e-06
lcl|NC_037638.1_mrna_XM_006570713.3_2248	6327	6128	2998.01	26.7794
lcl|NC_037638.1_mrna_XM_006570709.3_2249	5004	4805	0	0
lcl|NC_037638.1_mrna_XM_026446272.1_2250	5052	4853	0	0
lcl|NC_037638.1_mrna_XM_006570712.3_2251	4930	4731	5.58769e-06	6.46494e-08
lcl|NC_037638.1_mrna_XM_016915923.2_2252	4952	4753	1.60129e-08	1.84412e-10
lcl|NC_037638.1_mrna_XM_006570710.3_2253	4866	4667	162.985	1.91159
lcl|NC_037638.1_mrna_XM_026446273.1_2254	1390	1191	949	43.6154
lcl|NC_037638.1_mrna_XM_396819.7_2255	1956	1757	1200	37.3848
lcl|NC_037638.1_mrna_XM_016915939.2_2256	1765	1566	346.414	12.1084
lcl|NC_037638.1_mrna_XM_006570714.3_2257	1779	1580	14400.2	498.882
lcl|NC_037638.1_mrna_XM_016915940.2_2258	1575	1376	23.1941	0.922667
lcl|NC_037638.1_mrna_XM_026442875.1_2259	2559	2360	276.533	6.41386
lcl|NC_037638.1_mrna_XM_026442881.1_2260	2512	2313	80.3427	1.90132
lcl|NC_037638.1_mrna_XM_026442877.1_2261	2525	2326	168.88	3.97424
lcl|NC_037638.1_mrna_XM_026442874.1_2262	2780	2581	1051.24	22.2947
lcl|NC_037638.1_mrna_XM_001121879.5_2263	1722	1523	256	9.2008
lcl|NC_037638.1_mrna_XM_016914985.2_2264	2374	2175	62.2527	1.56669
lcl|NC_037638.1_mrna_XM_006570716.3_2265	2524	2325	182.563	4.29808
lcl|NC_037638.1_mrna_XM_006570715.3_2266	2644	2445	814.185	18.2276
lcl|NC_037638.1_mrna_XM_026442023.1_2267	5597	5398	973	9.86655
lcl|NC_037638.1_mrna_XM_624564.5_2268	2025	1826	82.5523	2.47465
lcl|NC_037638.1_mrna_XM_006570718.2_2269	1997	1798	221.448	6.74166
lcl|NC_037638.1_mrna_XM_003251592.4_2270	3420	3221	689.106	11.7106
lcl|NC_037638.1_mrna_XM_001120930.5_2271	1358	1159	1140.89	53.8824
lcl|NC_037638.1_mrna_XM_393322.7_2272	738	539	5958	605.058
lcl|NC_037638.1_mrna_XM_624472.6_2273	2141	1942	2587	72.9176
lcl|NC_037638.1_mrna_XM_623279.6_2274	2155	1956	9231	258.324
lcl|NC_037638.1_mrna_XM_016911392.2_2275	907	708	186.567	14.4241
lcl|NC_037638.1_mrna_XM_016911393.2_2276	1073	874	930.211	58.258
lcl|NC_037638.1_mrna_XM_016911386.2_2277	1159	960	176.043	10.0377
lcl|NC_037638.1_mrna_XM_016911389.2_2278	964	765	2376.21	170.023
lcl|NC_037638.1_mrna_XM_026440715.1_2279	1066	867	957.696	60.4636
lcl|NC_037638.1_mrna_XM_016911394.2_2280	893	694	477.661	37.6743
lcl|NC_037638.1_mrna_XM_016911385.2_2281	855	656	4127.61	344.414
lcl|NC_037638.1_mrna_XM_016911371.2_2282	1356	1157	267.95	12.6767
lcl|NC_037638.1_mrna_XM_006570726.3_2283	1555	1356	1869.61	75.4705
lcl|NC_037638.1_mrna_XM_006570727.3_2284	1696	1497	574.198	20.9955
lcl|NC_037638.1_mrna_XM_016911382.2_2285	1278	1079	0.239766	0.0121633
lcl|NC_037638.1_mrna_XM_026440740.1_2286	5589	5390	59	0.599168
lcl|NC_037638.1_mrna_XM_395172.6_2287	2343	2144	570	14.5524
lcl|NC_037638.1_mrna_XM_395173.7_2288	3824	3625	768	11.5968
lcl|NC_037638.1_mrna_XM_624640.6_2289	1808	1609	921	31.3321
lcl|NC_037638.1_mrna_XM_006570729.3_2290	631	432	330	41.8134
lcl|NC_037638.1_mrna_XM_006570730.2_2291	876	677	593	47.9459
lcl|NC_037638.1_mrna_XM_006570734.3_2292	3405	3206	0	0
lcl|NC_037638.1_mrna_XM_006570732.3_2293	3461	3262	0	0
lcl|NC_037638.1_mrna_XM_006570735.3_2294	3398	3199	9.01874	0.154318
lcl|NC_037638.1_mrna_XM_006570733.3_2295	3452	3253	0	0
lcl|NC_037638.1_mrna_XM_006570731.3_2296	3464	3265	0	0
lcl|NC_037638.1_mrna_XM_006570749.3_2297	3241	3042	0	0
lcl|NC_037638.1_mrna_XM_006570748.3_2298	3298	3099	0	0
lcl|NC_037638.1_mrna_XM_016911299.2_2299	3068	2869	61.8678	1.18037
lcl|NC_037638.1_mrna_XM_006570751.3_2300	2901	2702	649.542	13.1585
lcl|NC_037638.1_mrna_XM_006570744.3_2301	3886	3687	23.729	0.352283
lcl|NC_037638.1_mrna_XM_006570742.3_2302	3937	3738	0	0
lcl|NC_037638.1_mrna_XM_006570741.3_2303	4178	3979	0	0
lcl|NC_037638.1_mrna_XM_006570740.3_2304	4188	3989	0	0
lcl|NC_037638.1_mrna_XM_006570738.3_2305	4467	4268	0	0
lcl|NC_037638.1_mrna_XM_006570737.3_2306	4500	4301	40.4141	0.514338
lcl|NC_037638.1_mrna_XM_016911283.2_2307	4118	3919	0	0
lcl|NC_037638.1_mrna_XM_026440810.1_2308	4106	3907	3.06947e-05	4.30036e-07
lcl|NC_037638.1_mrna_XM_016911289.2_2309	4166	3967	0	0
lcl|NC_037638.1_mrna_XM_026440801.1_2310	4109	3910	181.192	2.53658
lcl|NC_037638.1_mrna_XM_016911302.2_2311	4004	3805	68.2356	0.981617
lcl|NC_037638.1_mrna_XM_006570752.3_2312	4716	4517	1.06299e-08	1.28814e-10
lcl|NC_037638.1_mrna_XM_006570757.3_2313	4644	4445	33.1917	0.408736
lcl|NC_037638.1_mrna_XM_006570753.3_2314	4707	4508	3.48744e-08	4.23456e-10
lcl|NC_037638.1_mrna_XM_006570754.3_2315	4665	4466	0	0
lcl|NC_037638.1_mrna_XM_006570755.3_2316	4656	4457	1.14054e-08	1.40072e-10
lcl|NC_037638.1_mrna_XM_003251597.4_2317	4698	4499	74.3751	0.904892
lcl|NC_037638.1_mrna_XM_006570756.3_2318	4647	4448	31.6029	0.388908
lcl|NC_037638.1_mrna_XM_006570758.3_2319	4638	4439	108.068	1.3326
lcl|NC_037638.1_mrna_XM_016911317.2_2320	4584	4385	86.0015	1.07355
lcl|NC_037638.1_mrna_XM_006570759.3_2321	4533	4334	132.512	1.6736
lcl|NC_037638.1_mrna_XM_006570760.3_2322	4524	4325	466.48	5.90381
lcl|NC_037638.1_mrna_XM_006570762.3_2323	4338	4139	40.1648	0.531173
lcl|NC_037638.1_mrna_XM_006570763.3_2324	4329	4130	150.44	1.99388
lcl|NC_037638.1_mrna_XM_006570761.3_2325	4404	4205	139.163	1.81152
lcl|NC_037638.1_mrna_XM_026443628.1_2326	4291	4092	410.668	5.49339
lcl|NC_037638.1_mrna_XM_026443649.1_2327	2298	2099	506.332	13.2041
lcl|NC_037638.1_mrna_XM_026446117.1_2328	5662	5463	1.32277	0.0132537
lcl|NC_037638.1_mrna_XM_026446121.1_2329	5662	5463	527.079	5.28116
lcl|NC_037638.1_mrna_XM_026446116.1_2330	5668	5469	174.202	1.74353
lcl|NC_037638.1_mrna_XM_026446119.1_2331	5650	5451	373.429	3.74988
lcl|NC_037638.1_mrna_XM_026446118.1_2332	5656	5457	123.071	1.23449
lcl|NC_037638.1_mrna_XM_026446120.1_2333	5620	5421	0.00705566	7.12432e-05
lcl|NC_037638.1_mrna_XM_026446114.1_2334	5686	5487	0.388495	0.00387557
lcl|NC_037638.1_mrna_XM_026446115.1_2335	5464	5265	0	0
lcl|NC_037638.1_ncrna_XR_003306513.1_2336	1077	878	12.4999	0.779289
lcl|NC_037638.1_mrna_XM_026446122.1_2337	4674	4475	203.252	2.48615
lcl|NC_037638.1_mrna_XM_397092.6_2338	4885	4686	1474.75	17.2266
lcl|NC_037638.1_mrna_XM_006570780.3_2339	1404	1205	171	7.76773
lcl|NC_037638.1_mrna_XM_026440870.1_2340	18559	18360	0	0
lcl|NC_037638.1_mrna_XM_026440868.1_2341	19779	19580	191.829	0.536275
lcl|NC_037638.1_mrna_XM_026446278.1_2342	2134	1935	0	0
lcl|NC_037638.1_mrna_XM_026446283.1_2343	914	715	0	0
lcl|NC_037638.1_mrna_XM_016917545.2_2344	1248	1049	60.0489	3.13339
lcl|NC_037638.1_mrna_XM_026439469.1_2345	1376	1177	121.183	5.63574
lcl|NC_037638.1_mrna_XM_006570782.1_2346	1263	1064	2.22551	0.114491
lcl|NC_037638.1_mrna_XM_624412.4_2347	1269	1070	26.5426	1.35783
lcl|NC_037638.1_mrna_XM_003251564.4_2348	1193	994	0	0
lcl|NC_037638.1_mrna_XM_026439455.1_2349	4996	4797	895.619	10.2197
lcl|NC_037638.1_mrna_XM_006570781.3_2350	4896	4697	509.381	5.93618
lcl|NC_037638.1_mrna_XM_624361.6_2351	997	798	540	37.0404
lcl|NC_037638.1_ncrna_XR_001702703.2_2352	429	230	652	155.169
lcl|NC_037638.1_mrna_XM_016911658.2_2353	4487	4288	0.463076	0.00591129
lcl|NC_037638.1_mrna_XM_016911665.2_2354	4467	4268	152.786	1.9595
lcl|NC_037638.1_mrna_XM_006570785.3_2355	4466	4267	86.2436	1.10634
lcl|NC_037638.1_mrna_XM_006570786.3_2356	4442	4243	737.507	9.51433
lcl|NC_037638.1_mrna_XM_026440036.1_2357	1813	1614	559.963	18.9907
lcl|NC_037638.1_mrna_XM_026440037.1_2358	1776	1577	298.546	10.3625
lcl|NC_037638.1_mrna_XM_006570784.3_2359	1606	1407	109.491	4.25959
lcl|NC_037638.1_mrna_XM_395659.6_2360	1201	1002	2035	111.169
lcl|NC_037638.1_mrna_XM_395658.7_2361	1749	1550	72	2.54265
lcl|NC_037638.1_mrna_XM_026444403.1_2362	5239	5040	47.3969	0.51476
lcl|NC_037638.1_mrna_XM_006570787.3_2363	5231	5032	51.1714	0.556637
lcl|NC_037638.1_mrna_XM_016911569.2_2364	5166	4967	524.507	5.7802
lcl|NC_037638.1_mrna_XM_026445084.1_2365	5126	4927	964.493	10.7152
lcl|NC_037638.1_mrna_XM_026445097.1_2366	2977	2778	440	8.66973
lcl|NC_037638.1_mrna_XM_395448.7_2367	2774	2575	922.535	19.6106
lcl|NC_037638.1_mrna_XM_006570788.3_2368	1919	1720	12.9869	0.413297
lcl|NC_037638.1_mrna_XM_016911582.2_2369	2176	1977	24.7327	0.684779
lcl|NC_037638.1_mrna_XM_016911601.2_2370	1923	1724	34.763	1.10374
lcl|NC_037638.1_mrna_XM_016911597.2_2371	1878	1679	26.9825	0.879663
lcl|NC_037638.1_mrna_XM_006570696.3_2372	1027	828	4587.57	303.276
lcl|NC_037638.1_mrna_NM_001178021.1_2373	842	643	3058.43	260.359
lcl|NC_037638.1_mrna_NM_001178022.1_2374	816	617	0	0
lcl|NC_037638.1_mrna_XM_026445108.1_2375	2797	2598	512.658	10.8012
lcl|NC_037638.1_mrna_XM_006570795.3_2376	1824	1625	674.342	22.715
lcl|NC_037638.1_mrna_XM_001120845.5_2377	879	680	272.516	21.9366
lcl|NC_037638.1_mrna_XM_016911632.2_2378	788	589	18.8682	1.75348
lcl|NC_037638.1_mrna_XM_016911635.2_2379	707	508	69.6153	7.50113
lcl|NC_037638.1_mrna_XM_026445117.1_2380	683	484	3.97724e-05	4.49802e-06
lcl|NC_037638.1_mrna_XM_026445121.1_2381	617	418	0	0
lcl|NC_037638.1_miscrna_XR_003306056.1_2382	2399	2200	51.274	1.27573
lcl|NC_037638.1_miscrna_XR_003306057.1_2383	2269	2070	48.7287	1.28855
lcl|NC_037638.1_mrna_XM_006570797.3_2384	2217	2018	213.997	5.8046
lcl|NC_037638.1_mrna_XM_006570798.3_2385	1083	884	1230	76.162
lcl|NC_037638.1_mrna_XM_001120889.5_2386	623	424	306	39.504
lcl|NC_037638.1_mrna_XM_003251565.4_2387	603	404	3	0.406467
lcl|NC_037638.1_mrna_XM_016917887.2_2388	515	316	114	19.7471
lcl|NC_037638.1_mrna_XM_003251570.4_2389	500	301	39	7.09224
lcl|NC_037638.1_mrna_XM_001122218.5_2390	682	483	9	1.01995
lcl|NC_037638.1_mrna_XM_006570800.3_2391	434	235	62	14.4414
lcl|NC_037638.1_mrna_XM_003251571.4_2392	545	346	138	21.8317
lcl|NC_037638.1_mrna_XM_026440414.1_2393	710	511	54	5.7844
lcl|NC_037638.1_mrna_XM_623505.6_2394	3311	3112	110.392	1.9417
lcl|NC_037638.1_mrna_XM_006570803.2_2395	3039	2840	92.6083	1.78491
lcl|NC_037638.1_mrna_XM_623551.6_2396	1535	1336	409.012	16.7577
lcl|NC_037638.1_mrna_XM_006570805.3_2397	1565	1366	75.4037	3.02153
lcl|NC_037638.1_mrna_XM_006570806.3_2398	1540	1341	0	0
lcl|NC_037638.1_mrna_XM_006570804.3_2399	1530	1331	106.584	4.38329
lcl|NC_037638.1_mrna_XM_623600.5_2400	3634	3435	6909.64	110.107
lcl|NC_037638.1_mrna_XM_016917481.1_2401	3770	3571	2485.36	38.0965
lcl|NC_037638.1_mrna_XM_016917914.2_2402	3943	3744	0	0
lcl|NC_037638.1_miscrna_XR_001706460.2_2403	3899	3700	0.0256518	0.000379491
lcl|NC_037638.1_miscrna_XR_001706459.2_2404	3879	3680	23.9743	0.356602
lcl|NC_037638.1_mrna_XM_001120029.5_2405	1124	925	0	0
lcl|NC_037638.1_ncrna_XR_411947.3_2406	2254	2055	2	0.0532725
lcl|NC_037638.1_ncrna_XR_120579.4_2407	2305	2106	0	0
lcl|NC_037638.1_mrna_XM_003251590.4_2408	1787	1588	338	11.6507
lcl|NC_037638.1_mrna_XM_001120208.5_2409	2940	2741	28	0.559158
lcl|NC_037638.1_mrna_XM_026445707.1_2410	3013	2814	0	0
lcl|NC_037638.1_mrna_XM_001120268.5_2411	3574	3375	181	2.93555
lcl|NC_037638.1_miscrna_XR_003306016.1_2412	1693	1494	37.7143	1.38179
lcl|NC_037638.1_mrna_XM_016912519.2_2413	3349	3150	19.6055	0.340684
lcl|NC_037638.1_mrna_NM_001115078.1_2414	2659	2460	11.4168	0.254035
lcl|NC_037638.1_mrna_XM_026444907.1_2415	2706	2507	0	0
lcl|NC_037638.1_mrna_XM_026444897.1_2416	2763	2564	26.2857	0.561159
lcl|NC_037638.1_mrna_XM_026444912.1_2417	2464	2265	0	0
lcl|NC_037638.1_mrna_XM_006570813.3_2418	2131	1932	4719.42	133.711
lcl|NC_037638.1_mrna_XM_006570814.3_2419	1091	892	629.575	38.6339
lcl|NC_037638.1_mrna_XM_001120484.5_2420	2289	2090	726.793	19.0349
lcl|NC_037638.1_mrna_XM_006570810.3_2421	3854	3655	21553	322.779
lcl|NC_037638.1_mrna_XM_016913340.2_2422	2613	2414	669.193	15.174
lcl|NC_037638.1_mrna_XM_006570819.3_2423	3155	2956	339.173	6.28062
lcl|NC_037638.1_mrna_XM_016917788.2_2424	2855	2656	619.184	12.7608
lcl|NC_037638.1_mrna_XM_397111.6_2425	3335	3136	158.643	2.76905
lcl|NC_037638.1_mrna_XM_001120659.5_2426	1583	1384	172.022	6.80351
lcl|NC_037638.1_mrna_XM_397113.7_2427	3178	2979	860.978	15.82
lcl|NC_037638.1_mrna_XM_026446112.1_2428	1924	1725	44.5765	1.4145
lcl|NC_037638.1_mrna_XM_006570821.3_2429	2435	2236	77.0425	1.88601
lcl|NC_037638.1_mrna_XM_006570822.3_2430	2057	1858	29.9026	0.880944
lcl|NC_037638.1_mrna_XM_006570823.3_2431	2632	2433	3.81866	0.085912
lcl|NC_037638.1_mrna_XM_016913462.2_2432	2226	2027	8.76976	0.236821
lcl|NC_037638.1_mrna_XM_026446113.1_2433	1658	1459	19.89	0.746217
lcl|NC_037638.1_mrna_XM_003251575.4_2434	1273	1074	811	41.3335
lcl|NC_037638.1_mrna_XM_016913442.2_2435	7486	7287	0.00427695	3.21271e-05
lcl|NC_037638.1_mrna_XM_016913443.2_2436	7477	7278	0.0203457	0.000153019
lcl|NC_037638.1_mrna_XM_016913441.2_2437	7488	7289	0.00302502	2.27167e-05
lcl|NC_037638.1_mrna_XM_016913454.2_2438	7466	7267	1152.95	8.68444
lcl|NC_037638.1_mrna_XM_016913445.2_2439	7406	7207	0.0186325	0.000141515
lcl|NC_037638.1_mrna_XM_397116.7_2440	3275	3076	344	6.12149
lcl|NC_037638.1_mrna_XM_393509.7_2441	1747	1548	5543	196.001
lcl|NC_037638.1_mrna_XM_006570830.3_2442	1478	1279	275	11.7692
lcl|NC_037638.1_mrna_XM_624228.6_2443	2982	2783	2926.76	57.5651
lcl|NC_037638.1_mrna_XM_006570831.3_2444	3408	3209	17059.3	290.989
lcl|NC_037638.1_mrna_XM_006570832.3_2445	3046	2847	74.951	1.44104
lcl|NC_037638.1_mrna_XM_026446208.1_2446	7266	7067	1580.9	12.2449
lcl|NC_037638.1_mrna_XM_026446210.1_2447	6885	6686	0	0
lcl|NC_037638.1_mrna_XM_026439269.1_2448	6508	6309	532.715	4.62189
lcl|NC_037638.1_mrna_NM_001011594.1_2449	4199	4000	26.4366	0.361768
lcl|NC_037638.1_ncrna_NR_003567.1_2450	17370	17171	2.02316	0.00644942
lcl|NC_037638.1_mrna_XM_026446211.1_2451	3906	3707	1998.17	29.5049
lcl|NC_037638.1_mrna_XM_026446214.1_2452	3901	3702	509.945	7.54002
lcl|NC_037638.1_mrna_XM_026446212.1_2453	3876	3677	20484.5	304.941
lcl|NC_037638.1_mrna_XM_393186.7_2454	2775	2576	409.411	8.6996
lcl|NC_037638.1_mrna_XM_003251576.4_2455	542	343	1372	218.95
lcl|NC_037638.1_mrna_XM_001120132.5_2456	635	436	214.721	26.9571
lcl|NC_037638.1_mrna_XM_001120186.5_2457	488	289	50	9.47016
lcl|NC_037638.1_mrna_XM_003251578.4_2458	913	714	50	3.83316
lcl|NC_037638.1_mrna_XM_003251579.4_2459	851	652	160	13.4325
lcl|NC_037638.1_mrna_XM_006570836.3_2460	699	500	179.279	19.6266
lcl|NC_037638.1_mrna_XM_001120346.5_2461	545	346	6	0.949206
lcl|NC_037638.1_mrna_XM_006570837.3_2462	7431	7232	687.37	5.20256
lcl|NC_037638.1_mrna_XM_026446216.1_2463	7383	7184	11.9545	0.0910856
lcl|NC_037638.1_mrna_XM_026446215.1_2464	7120	6921	0	0
lcl|NC_037638.1_mrna_XM_016913156.2_2465	2508	2309	12.398	0.293909
lcl|NC_037638.1_mrna_XM_006570842.3_2466	2541	2342	0	0
lcl|NC_037638.1_mrna_XM_006570840.3_2467	2716	2517	0	0
lcl|NC_037638.1_mrna_XM_026443744.1_2468	2705	2506	17.602	0.384474
lcl|NC_037638.1_ncrna_XR_003306114.1_2469	2165	1966	12.0019	0.334159
lcl|NC_037638.1_mrna_XM_026445298.1_2470	2817	2618	5.21108	0.108954
lcl|NC_037638.1_ncrna_XR_003306110.1_2471	1972	1773	40.2586	1.2429
lcl|NC_037638.1_ncrna_XR_003306109.1_2472	2577	2378	3.94875	0.0908936
lcl|NC_037638.1_ncrna_XR_003306107.1_2473	2588	2389	0	0
lcl|NC_037638.1_ncrna_XR_003306108.1_2474	2450	2251	0	0
lcl|NC_037638.1_ncrna_XR_003306112.1_2475	1983	1784	19.7907	0.607229
lcl|NC_037638.1_ncrna_XR_003306111.1_2476	2002	1803	0	0
lcl|NC_037638.1_mrna_XM_026445274.1_2477	4159	3960	15.0293	0.207745
lcl|NC_037638.1_mrna_XM_026445293.1_2478	4129	3930	0	0
lcl|NC_037638.1_mrna_XM_026445296.1_2479	4934	4735	37.9946	0.439225
lcl|NC_037638.1_mrna_XM_026445304.1_2480	2499	2300	0	0
lcl|NC_037638.1_miscrna_XR_003306105.1_2481	3232	3033	10.9169	0.197022
lcl|NC_037638.1_mrna_XM_026445266.1_2482	3686	3487	0	0
lcl|NC_037638.1_mrna_XM_026445270.1_2483	3668	3469	0	0
lcl|NC_037638.1_mrna_XM_026445271.1_2484	3257	3058	3.04447	0.0544954
lcl|NC_037638.1_mrna_XM_026445286.1_2485	3107	2908	0	0
lcl|NC_037638.1_mrna_XM_026445276.1_2486	3564	3365	0	0
lcl|NC_037638.1_mrna_XM_026445280.1_2487	3328	3129	0	0
lcl|NC_037638.1_mrna_XM_026445288.1_2488	3321	3122	0	0
lcl|NC_037638.1_mrna_XM_026445279.1_2489	3710	3511	0	0
lcl|NC_037638.1_mrna_XM_026445302.1_2490	2803	2604	0	0
lcl|NC_037638.1_mrna_XM_392127.7_2491	875	676	288	23.3201
lcl|NC_037638.1_mrna_XM_001121332.5_2492	3379	3180	12	0.206557
lcl|NC_037638.1_mrna_XM_016911477.2_2493	6340	6141	112.663	1.00421
lcl|NC_037638.1_mrna_XM_006570858.3_2494	7196	6997	44.9461	0.351613
lcl|NC_037638.1_mrna_XM_006570857.3_2495	7861	7662	0	0
lcl|NC_037638.1_mrna_NM_001327956.1_2496	1071	872	0	0
lcl|NC_037638.1_mrna_NM_001327949.1_2497	1341	1142	7	0.335519
lcl|NC_037638.1_mrna_XM_006570856.3_2498	1960	1761	0.00697299	0.000216743
lcl|NC_037638.1_mrna_XM_006570855.3_2499	1948	1749	38.993	1.22034
lcl|NC_037638.1_mrna_NM_001327952.1_2500	717	518	0	0
lcl|NC_037638.1_mrna_XM_003251582.4_2501	2958	2759	0	0
lcl|NC_037638.1_mrna_XM_016911469.2_2502	2758	2559	5.59548	0.119689
lcl|NC_037638.1_mrna_NM_001327948.1_2503	1386	1187	0.404519	0.0186541
lcl|NC_037638.1_mrna_XM_006570860.3_2504	10126	9927	665.932	3.67195
lcl|NC_037638.1_mrna_XM_006570861.3_2505	9075	8876	3101.36	19.1258
lcl|NC_037638.1_ncrna_XR_003305763.1_2506	956	757	10	0.723085
lcl|NC_037638.1_mrna_XM_397003.7_2507	8749	8550	156.581	1.00244
lcl|NC_037638.1_mrna_XM_623601.5_2508	936	737	6.12985	0.455268
lcl|NC_037638.1_mrna_XM_016913759.2_2509	988	789	286.87	19.9019
lcl|NC_037638.1_mrna_XM_026446134.1_2510	8607	8408	200.033	1.30225
lcl|NC_037638.1_mrna_XM_016913751.2_2511	8604	8405	0.87164	0.00567655
lcl|NC_037638.1_mrna_XM_006571000.3_2512	8690	8491	119.865	0.772711
lcl|NC_037638.1_mrna_XM_006571001.3_2513	8696	8497	1322.45	8.51919
lcl|NC_037638.1_mrna_XM_006570998.3_2514	8698	8499	465.142	2.99574
lcl|NC_037638.1_mrna_XM_006570999.3_2515	8791	8592	0.000272637	1.73691e-06
lcl|NC_037638.1_mrna_XM_006570997.3_2516	2764	2565	93.9814	2.00558
lcl|NC_037638.1_mrna_XM_006570996.3_2517	4834	4635	56.7463	0.670152
lcl|NC_037638.1_mrna_XM_001120030.5_2518	4837	4638	366.38	4.32401
lcl|NC_037638.1_ncrna_XR_003306516.1_2519	797	598	0	0
lcl|NC_037638.1_ncrna_XR_003306518.1_2520	772	573	3.5	0.334348
lcl|NC_037638.1_ncrna_XR_003306517.1_2521	772	573	3.5	0.334348
lcl|NC_037638.1_mrna_XM_397001.6_2522	3732	3533	223.837	3.46796
lcl|NC_037638.1_mrna_XM_016913717.2_2523	3148	2949	80.1989	1.4886
lcl|NC_037638.1_mrna_XM_006571006.3_2524	2976	2777	261.135	5.14724
lcl|NC_037638.1_mrna_XM_016913703.2_2525	3058	2859	239.569	4.58672
lcl|NC_037638.1_mrna_XM_006571009.3_2526	3056	2857	0	0
lcl|NC_037638.1_mrna_XM_006571005.3_2527	3078	2879	155.107	2.949
lcl|NC_037638.1_mrna_XM_006571007.3_2528	3082	2883	89.3426	1.69629
lcl|NC_037638.1_mrna_XM_006571011.3_2529	2767	2568	5.53679e-08	1.18018e-09
lcl|NC_037638.1_mrna_XM_006571010.3_2530	2883	2684	79.0607	1.61237
lcl|NC_037638.1_mrna_XM_006571008.3_2531	2854	2655	0	0
lcl|NC_037638.1_mrna_XM_026439838.1_2532	2897	2698	1.18468e-05	2.4035e-07
lcl|NC_037638.1_ncrna_XR_003304447.1_2533	6455	6256	25.0622	0.219285
lcl|NC_037638.1_ncrna_XR_001704046.2_2534	4237	4038	0	0
lcl|NC_037638.1_mrna_XM_026442054.1_2535	1512	1313	5	0.208445
lcl|NC_037638.1_mrna_XM_396999.7_2536	2457	2258	0.402175	0.00974938
lcl|NC_037638.1_mrna_XM_006571014.3_2537	2452	2253	6.59782	0.160297
lcl|NC_037638.1_ncrna_XR_001704049.2_2538	2732	2533	0	0
lcl|NC_037638.1_mrna_XM_006571013.3_2539	5028	4829	4	0.0453407
lcl|NC_037638.1_ncrna_XR_003305772.1_2540	1445	1246	1	0.0439306
lcl|NC_037638.1_mrna_XM_393204.7_2541	1851	1652	480.416	15.9182
lcl|NC_037638.1_mrna_XM_006571018.3_2542	2052	1853	8.64452	0.255359
lcl|NC_037638.1_mrna_XM_006571019.3_2543	2001	1802	76.3335	2.31871
lcl|NC_037638.1_mrna_XM_026446101.1_2544	6488	6289	4501.43	39.1791
lcl|NC_037638.1_mrna_XM_006571020.3_2545	6305	6106	2444.99	21.9182
lcl|NC_037638.1_mrna_XM_006571022.3_2546	6366	6167	134.437	1.19325
lcl|NC_037638.1_mrna_XM_006571023.3_2547	5887	5688	0	0
lcl|NC_037638.1_mrna_XM_006571024.3_2548	6182	5983	158.207	1.44741
lcl|NC_037638.1_mrna_XM_016914932.2_2549	6204	6005	2483.84	22.641
lcl|NC_037638.1_mrna_XM_006571021.3_2550	6243	6044	3.81777	0.0345757
lcl|NC_037638.1_mrna_XM_026446103.1_2551	4728	4529	3528	42.6394
lcl|NC_037638.1_mrna_XM_026446102.1_2552	5706	5507	657.054	6.53088
lcl|NC_037638.1_trna_2553	72	3.52559	0	0
lcl|NC_037638.1_mrna_XM_016917961.2_2554	1287	1088	2	0.10062
lcl|NC_037638.1_mrna_XM_006571015.3_2555	2601	2402	118.503	2.70047
lcl|NC_037638.1_mrna_NM_001098219.1_2556	2139	1940	45.4975	1.28372
lcl|NC_037638.1_mrna_XM_001120660.5_2557	2363	2164	311	7.86662
lcl|NC_037638.1_mrna_XM_393202.7_2558	4685	4486	739.741	9.02621
lcl|NC_037638.1_mrna_XM_006571030.3_2559	4735	4536	59.5619	0.718755
lcl|NC_037638.1_miscrna_XR_412110.3_2560	4689	4490	349.529	4.26111
lcl|NC_037638.1_miscrna_XR_412111.3_2561	4739	4540	28.0693	0.338424
lcl|NC_037638.1_ncrna_XR_003304354.1_2562	571	372	5	0.73572
lcl|NC_037638.1_ncrna_XR_003304353.1_2563	1444	1245	271	11.9148
lcl|NC_037638.1_precursorrna_NR_039467.1_2564	69	3.46281	0	0
lcl|NC_037638.1_ncrna_2565	23	2.74792	0	0
lcl|NC_037638.1_ncrna_XR_412113.3_2566	2112	1913	16	0.457815
lcl|NC_037638.1_ncrna_XR_412112.3_2567	2037	1838	0	0
lcl|NC_037638.1_ncrna_XR_412116.3_2568	2388	2189	0	0
lcl|NC_037638.1_mrna_XM_026440859.1_2569	3960	3761	873	12.7056
lcl|NC_037638.1_mrna_XM_016917888.2_2570	4677	4478	0	0
lcl|NC_037638.1_miscrna_XR_003305139.1_2571	3646	3447	0	0
lcl|NC_037638.1_mrna_XM_026442121.1_2572	4942	4743	3.48998	0.0402768
lcl|NC_037638.1_miscrna_XR_001706455.2_2573	3665	3466	0	0
lcl|NC_037638.1_mrna_XM_016917889.2_2574	4961	4762	0.0224727	0.000258315
lcl|NC_037638.1_mrna_XM_001120804.5_2575	3713	3514	0	0
lcl|NC_037638.1_mrna_NM_001327962.1_2576	891	692	0.487549	0.0385654
lcl|NC_037638.1_mrna_XM_026446335.1_2577	1734	1535	1834.56	65.4199
lcl|NC_037638.1_mrna_XM_026446337.1_2578	910	711	912.702	70.2659
lcl|NC_037638.1_mrna_XM_026446338.1_2579	769	570	3498.83	335.995
lcl|NC_037638.1_mrna_XM_026446336.1_2580	1696	1497	920.906	33.6728
lcl|NC_037638.1_mrna_XM_026446334.1_2581	1588	1389	0	0
lcl|NC_037638.1_ncrna_XR_003306545.1_2582	860	661	306	25.3399
lcl|NC_037638.1_miscrna_XR_001705209.2_2583	4478	4279	623.441	7.97514
lcl|NC_037638.1_mrna_XM_006571076.3_2584	3269	3070	147.441	2.62884
lcl|NC_037638.1_mrna_XM_006571074.3_2585	4755	4556	0	0
lcl|NC_037638.1_mrna_XM_006571072.3_2586	4818	4619	0	0
lcl|NC_037638.1_mrna_XM_001120893.5_2587	4830	4631	0	0
lcl|NC_037638.1_mrna_XM_006571073.3_2588	4758	4559	0	0
lcl|NC_037638.1_mrna_XM_006571079.3_2589	4392	4193	502.658	6.56195
lcl|NC_037638.1_mrna_XM_006571070.3_2590	4821	4622	0	0
lcl|NC_037638.1_mrna_XM_006571078.3_2591	4404	4205	0	0
lcl|NC_037638.1_mrna_XM_016915526.2_2592	4458	4259	0	0
lcl|NC_037638.1_mrna_XM_006571071.3_2593	4821	4622	0	0
lcl|NC_037638.1_mrna_XM_006571069.3_2594	4833	4634	0	0
lcl|NC_037638.1_mrna_XM_006571082.3_2595	4325	4126	1563.31	20.7397
lcl|NC_037638.1_mrna_XM_006571081.3_2596	4328	4129	2.32666	0.0308442
lcl|NC_037638.1_mrna_XM_006571075.3_2597	7156	6957	1198.29	9.42816
lcl|NC_037638.1_mrna_XM_016917899.2_2598	2843	2644	389.813	8.07013
lcl|NC_037638.1_mrna_XM_006571086.2_2599	3196	2997	0.000285594	5.21612e-06
lcl|NC_037638.1_mrna_XM_394182.7_2600	3192	2993	445.187	8.1418
lcl|NC_037638.1_precursorrna_NR_039468.1_2601	96	4.14046	0	0
lcl|NC_037638.1_ncrna_2602	23	2.74792	0	0
lcl|NC_037638.1_mrna_XM_006571084.3_2603	3738	3539	65.6817	1.01589
lcl|NC_037638.1_mrna_XM_026444031.1_2604	2602	2403	97.3183	2.2168
lcl|NC_037638.1_mrna_XM_006571083.3_2605	5522	5323	0.0321056	0.000330149
lcl|NC_037638.1_mrna_XM_003251642.4_2606	5500	5301	5.97713	0.0617192
lcl|NC_037638.1_mrna_XM_026444941.1_2607	2851	2652	0	0
lcl|NC_037638.1_mrna_XM_026446301.1_2608	667	468	0	0
lcl|NC_037638.1_mrna_XM_006571091.3_2609	1025	826	759.318	50.3186
lcl|NC_037638.1_mrna_XM_016917343.2_2610	995	796	1595.64	109.725
lcl|NC_037638.1_mrna_XM_006571092.2_2611	1172	973	46.3332	2.60654
lcl|NC_037638.1_mrna_XM_016917350.2_2612	913	714	20.7102	1.58771
lcl|NC_037638.1_mrna_XM_394179.7_2613	1946	1747	514.517	16.121
lcl|NC_037638.1_miscrna_XR_412124.3_2614	1678	1479	90.483	3.34876
lcl|NC_037638.1_mrna_XM_016917341.2_2615	1318	1119	10	0.489165
lcl|NC_037638.1_mrna_XM_001121180.4_2616	3099	2900	1031.64	19.4721
lcl|NC_037638.1_mrna_XM_006571095.3_2617	3104	2905	502.085	9.46055
lcl|NC_037638.1_mrna_XM_006571096.3_2618	3098	2899	253.28	4.78231
lcl|NC_037638.1_mrna_XM_016917335.2_2619	2637	2438	43	0.965428
lcl|NC_037638.1_mrna_XM_016917842.2_2620	3425	3226	0	0
lcl|NC_037638.1_mrna_XM_026446343.1_2621	3356	3157	0	0
lcl|NC_037638.1_mrna_XM_026446344.1_2622	3219	3020	6	0.10875
lcl|NC_037638.1_mrna_XM_026446302.1_2623	1554	1355	4	0.161587
lcl|NC_037638.1_ncrna_XR_003306547.1_2624	2890	2691	52	1.05773
lcl|NC_037638.1_mrna_XM_026446304.1_2625	3405	3206	6	0.102441
lcl|NC_037638.1_mrna_XM_016917357.2_2626	7045	6846	4.454	0.0356122
lcl|NC_037638.1_mrna_XM_016917353.2_2627	9127	8928	0	0
lcl|NC_037638.1_mrna_XM_016917352.2_2628	8163	7964	0	0
lcl|NC_037638.1_mrna_XM_026440129.1_2629	7005	6806	113.657	0.914093
lcl|NC_037638.1_mrna_XM_026440126.1_2630	7691	7492	157.868	1.1534
lcl|NC_037638.1_mrna_XM_026440122.1_2631	7264	7065	44.2557	0.34288
lcl|NC_037638.1_mrna_XM_026446139.1_2632	24932	24733	821.621	1.81836
lcl|NC_037638.1_mrna_XM_026446137.1_2633	52879	52680	14127.7	14.6795
lcl|NC_037638.1_mrna_XM_026446135.1_2634	52930	52731	4705.42	4.88447
lcl|NC_037638.1_mrna_XM_026446136.1_2635	52753	52554	78551.2	81.8149
lcl|NC_037638.1_mrna_XM_026446138.1_2636	34573	34374	18.0717	0.0287776
lcl|NC_037638.1_mrna_XM_006571132.3_2637	2213	2014	103	2.79939
lcl|NC_037638.1_mrna_XM_623675.6_2638	3382	3183	192.928	3.31776
lcl|NC_037638.1_mrna_XM_016917143.2_2639	3229	3030	32.0718	0.579383
lcl|NC_037638.1_mrna_XM_001120805.5_2640	1331	1132	6.96411	0.336748
lcl|NC_037638.1_mrna_XM_006571125.3_2641	507	308	2.03589	0.361816
lcl|NC_037638.1_mrna_XM_026446144.1_2642	5086	4887	642.479	7.19618
lcl|NC_037638.1_mrna_XM_026446145.1_2643	4636	4437	694.521	8.56804
lcl|NC_037638.1_mrna_XM_396469.5_2644	3839	3640	1315.38	19.7804
lcl|NC_037638.1_mrna_XM_006571122.3_2645	3666	3467	282.47	4.45968
lcl|NC_037638.1_mrna_XM_006571123.3_2646	3552	3353	632.039	10.318
lcl|NC_037638.1_mrna_XM_006571124.3_2647	3565	3366	287.11	4.66896
lcl|NC_037638.1_mrna_XM_016917925.1_2648	2092	1893	465.391	13.4571
lcl|NC_037638.1_mrna_XM_006571120.2_2649	1888	1689	264.882	8.58438
lcl|NC_037638.1_mrna_XM_016917926.2_2650	1903	1704	0	0
lcl|NC_037638.1_mrna_XM_016917927.1_2651	1826	1627	707.727	23.8102
lcl|NC_037638.1_mrna_XM_623468.6_2652	3084	2885	15.7186	0.298231
lcl|NC_037638.1_mrna_XM_006571114.3_2653	3757	3558	0.00160936	2.47589e-05
lcl|NC_037638.1_mrna_XM_006571115.3_2654	3754	3555	0.00466629	7.18484e-05
lcl|NC_037638.1_mrna_XM_006571113.3_2655	3760	3561	128.855	1.98067
lcl|NC_037638.1_mrna_XM_026443335.1_2656	3406	3207	38.4206	0.655768
lcl|NC_037638.1_mrna_XM_016915252.2_2657	3280	3081	0	0
lcl|NC_037638.1_mrna_XM_396550.7_2658	3799	3600	1413	21.4845
lcl|NC_037638.1_mrna_XM_006571116.2_2659	976	777	206	14.5121
lcl|NC_037638.1_mrna_XM_397475.7_2660	615	416	329.018	43.2924
lcl|NC_037638.1_mrna_XM_026440552.1_2661	849	650	2524.9	212.626
lcl|NC_037638.1_mrna_XM_026440571.1_2662	871	672	337.928	27.5258
lcl|NC_037638.1_mrna_XM_026446313.1_2663	505	306	62.9818	11.2662
lcl|NC_037638.1_mrna_XM_026446314.1_2664	756	557	0	0
lcl|NC_037638.1_mrna_XM_006571117.3_2665	1541	1342	171	6.97475
lcl|NC_037638.1_mrna_XM_026440538.1_2666	1313	1114	3846.07	188.981
lcl|NC_037638.1_mrna_XM_026440558.1_2667	853	654	1.09593	0.0917255
lcl|NC_037638.1_mrna_XM_006571112.3_2668	2798	2599	297	6.25512
lcl|NC_037638.1_mrna_XM_001121241.5_2669	4702	4503	1787	21.7224
lcl|NC_037638.1_mrna_XM_006571110.3_2670	1418	1219	460.441	20.6755
lcl|NC_037638.1_mrna_XM_006571109.3_2671	1656	1457	128.559	4.82978
lcl|NC_037638.1_mrna_XM_026440580.1_2672	5727	5528	100.642	0.996546
lcl|NC_037638.1_mrna_XM_026440578.1_2673	5807	5608	0	0
lcl|NC_037638.1_mrna_XM_026440597.1_2674	5495	5296	0	0
lcl|NC_037638.1_mrna_XM_026440582.1_2675	5711	5512	182.395	1.8113
lcl|NC_037638.1_mrna_XM_006571108.3_2676	5807	5608	6.27384e-08	6.12365e-10
lcl|NC_037638.1_mrna_XM_026440575.1_2677	5822	5623	4.6123e-08	4.48988e-10
lcl|NC_037638.1_mrna_XM_026440585.1_2678	5725	5526	18.9622	0.187829
lcl|NC_037638.1_mrna_XM_026440590.1_2679	5775	5576	0.000219326	2.15304e-06
lcl|NC_037638.1_mrna_XM_026440603.1_2680	5791	5592	5.89739e-06	5.77268e-08
lcl|NC_037638.1_mrna_XM_016917185.2_2681	4388	4189	34.1392	0.446096
lcl|NC_037638.1_mrna_XM_016917179.2_2682	5206	5007	0	0
lcl|NC_037638.1_mrna_XM_016917183.2_2683	5135	4936	93.0628	1.03202
lcl|NC_037638.1_mrna_XM_392121.5_2684	5068	4869	1408.8	15.8378
lcl|NC_037638.1_mrna_XM_392120.7_2685	1705	1506	1040	37.8002
lcl|NC_037638.1_mrna_XM_026442592.1_2686	7205	7006	1562.55	12.2081
lcl|NC_037638.1_mrna_XM_016917733.2_2687	10408	10209	436.307	2.33934
lcl|NC_037638.1_mrna_XM_392119.7_2688	10311	10112	6.94311	0.0375839
lcl|NC_037638.1_ncrna_XR_412150.3_2689	2324	2125	106	2.73044
lcl|NC_037638.1_mrna_XM_016917796.2_2690	3564	3365	0	0
lcl|NC_037638.1_miscrna_XR_001706421.2_2691	4407	4208	0	0
lcl|NC_037638.1_mrna_XM_006571221.3_2692	4410	4211	0	0
lcl|NC_037638.1_mrna_XM_006571222.3_2693	4590	4391	0	0
lcl|NC_037638.1_mrna_XM_624037.6_2694	12210	12011	26.2586	0.119668
lcl|NC_037638.1_mrna_XM_026442610.1_2695	11209	11010	60.9582	0.303061
lcl|NC_037638.1_ncrna_XR_001706437.2_2696	417	218	0	0
lcl|NC_037638.1_mrna_XM_006571224.3_2697	1881	1682	0	0
lcl|NC_037638.1_mrna_XM_006571225.3_2698	3157	2958	0	0
lcl|NC_037638.1_mrna_XM_016917822.2_2699	2794	2595	0	0
lcl|NC_037638.1_mrna_XM_006571226.3_2700	1786	1587	5	0.172456
lcl|NC_037638.1_mrna_XM_026442628.1_2701	5166	4967	27.9652	0.308183
lcl|NC_037638.1_mrna_XM_026442640.1_2702	6636	6437	0	0
lcl|NC_037638.1_mrna_XM_026442624.1_2703	6868	6669	145.029	1.19036
lcl|NC_037638.1_mrna_XM_026442620.1_2704	6871	6672	0.00830927	6.81698e-05
lcl|NC_037638.1_mrna_XM_026442622.1_2705	6888	6689	101.378	0.829598
lcl|NC_037638.1_mrna_XM_026442625.1_2706	6838	6639	0	0
lcl|NC_037638.1_mrna_XM_026442634.1_2707	6785	6586	474.548	3.94406
lcl|NC_037638.1_mrna_XM_026442638.1_2708	6014	5815	0.703981	0.00662669
lcl|NC_037638.1_mrna_XM_026442637.1_2709	6016	5817	229.661	2.16109
lcl|NC_037638.1_miscrna_XR_003305271.1_2710	8162	7963	117.126	0.80512
lcl|NC_037638.1_miscrna_XR_003305272.1_2711	8064	7865	0	0
lcl|NC_037638.1_miscrna_XR_003305276.1_2712	7868	7669	3.65663	0.0260992
lcl|NC_037638.1_miscrna_XR_003305274.1_2713	7886	7687	32.1147	0.228682
lcl|NC_037638.1_miscrna_XR_003305275.1_2714	7880	7681	0	0
lcl|NC_037638.1_miscrna_XR_003305273.1_2715	7327	7128	0	0
lcl|NC_037638.1_miscrna_XR_003305269.1_2716	7893	7694	0	0
lcl|NC_037638.1_miscrna_XR_003305270.1_2717	7828	7629	0	0
lcl|NC_037638.1_mrna_XM_026442597.1_2718	7749	7550	1562.1	11.3253
lcl|NC_037638.1_mrna_XM_026443460.1_2719	2555	2356	944.118	21.9349
lcl|NC_037638.1_mrna_XM_026443470.1_2720	1540	1341	756.882	30.8948
lcl|NC_037638.1_mrna_XM_026443464.1_2721	2488	2289	7.22064e-07	1.72669e-08
lcl|NC_037638.1_mrna_XM_003251652.4_2722	5642	5443	958.724	9.64141
lcl|NC_037638.1_miscrna_XR_412146.3_2723	4258	4059	169.907	2.29128
lcl|NC_037638.1_mrna_XM_006571203.3_2724	3414	3215	0	0
lcl|NC_037638.1_mrna_XM_006571200.3_2725	3425	3226	0	0
lcl|NC_037638.1_mrna_XM_006571201.3_2726	3373	3174	0	0
lcl|NC_037638.1_mrna_XM_006571204.3_2727	3409	3210	0.114149	0.00194649
lcl|NC_037638.1_mrna_XM_006571202.3_2728	3419	3220	56.0099	0.952126
lcl|NC_037638.1_mrna_XM_006571206.3_2729	4105	3906	517.423	7.25101
lcl|NC_037638.1_mrna_XM_026440625.1_2730	3429	3230	0	0
lcl|NC_037638.1_mrna_XM_026440629.1_2731	3413	3214	427.546	7.28152
lcl|NC_037638.1_mrna_XM_006571198.3_2732	1457	1258	27	1.17481
lcl|NC_037638.1_mrna_XM_006571197.3_2733	1616	1417	0	0
lcl|NC_037638.1_mrna_XM_394164.7_2734	1550	1351	0	0
lcl|NC_037638.1_mrna_XM_016912077.2_2735	1039	840	15.1272	0.985745
lcl|NC_037638.1_mrna_XM_006571191.3_2736	1070	871	238.953	15.0169
lcl|NC_037638.1_mrna_XM_396691.7_2737	1331	1132	8.32555	0.40258
lcl|NC_037638.1_mrna_XM_001120153.5_2738	1800	1601	682.367	23.3299
lcl|NC_037638.1_mrna_XM_016912056.2_2739	1625	1426	33.2273	1.27544
lcl|NC_037638.1_mrna_XM_624296.6_2740	2229	2030	271.232	7.31357
lcl|NC_037638.1_mrna_XM_016912043.2_2741	2166	1967	101.768	2.83201
lcl|NC_037638.1_mrna_XM_006571192.3_2742	831	632	354	30.66
lcl|NC_037638.1_mrna_XM_006571194.3_2743	3454	3255	28.1412	0.473235
lcl|NC_037638.1_mrna_XM_006571193.3_2744	3107	2908	10.4404	0.19652
lcl|NC_037638.1_mrna_XM_026441422.1_2745	2942	2743	68.4184	1.36531
lcl|NC_037638.1_mrna_XM_026441441.1_2746	2209	2010	0	0
lcl|NC_037638.1_mrna_XM_003251651.4_2747	2190	1991	38.266	1.05203
lcl|NC_037638.1_ncrna_XR_003304957.1_2748	1411	1212	0	0
lcl|NC_037638.1_ncrna_XR_003304956.1_2749	1479	1280	10.734	0.459026
lcl|NC_037638.1_mrna_XM_394167.7_2750	2680	2481	846	18.665
lcl|NC_037638.1_mrna_XM_006571188.2_2751	2350	2151	139.441	3.54842
lcl|NC_037638.1_mrna_XM_006571189.2_2752	2242	2043	430.559	11.5359
lcl|NC_037638.1_mrna_XM_006571169.3_2753	5385	5186	20.9535	0.221161
lcl|NC_037638.1_mrna_XM_026446340.1_2754	4711	4512	9.50075e-05	1.15259e-06
lcl|NC_037638.1_mrna_XM_006571168.3_2755	5420	5221	21.4762	0.225159
lcl|NC_037638.1_mrna_XM_006571171.3_2756	6679	6480	0	0
lcl|NC_037638.1_mrna_XM_006571173.3_2757	6666	6467	0	0
lcl|NC_037638.1_mrna_XM_006571165.3_2758	6705	6506	0	0
lcl|NC_037638.1_mrna_XM_006571178.3_2759	6635	6436	0	0
lcl|NC_037638.1_mrna_XM_006571172.3_2760	6673	6474	0.00356048	3.01038e-05
lcl|NC_037638.1_mrna_XM_006571174.3_2761	6661	6462	0	0
lcl|NC_037638.1_mrna_XM_006571170.3_2762	6700	6501	0	0
lcl|NC_037638.1_mrna_XM_006571175.3_2763	6657	6458	0.0015806	1.3397e-05
lcl|NC_037638.1_mrna_XM_006571179.3_2764	6629	6430	0.00202884	1.72712e-05
lcl|NC_037638.1_mrna_XM_006571176.3_2765	6649	6450	17.028	0.144507
lcl|NC_037638.1_mrna_XM_006571180.3_2766	6608	6409	0	0
lcl|NC_037638.1_mrna_XM_006571177.3_2767	6643	6444	55.1114	0.468135
lcl|NC_037638.1_mrna_XM_006571182.3_2768	6575	6376	40.2092	0.345193
lcl|NC_037638.1_mrna_XM_006571183.3_2769	6562	6363	0	0
lcl|NC_037638.1_mrna_XM_006571181.3_2770	6601	6402	0	0
lcl|NC_037638.1_mrna_XM_006571185.3_2771	6531	6332	24.3273	0.2103
lcl|NC_037638.1_mrna_XM_006571184.3_2772	6558	6359	22.135	0.190536
lcl|NC_037638.1_mrna_XM_006571167.3_2773	4890	4691	190.768	2.226
lcl|NC_037638.1_mrna_XM_016915816.2_2774	9420	9221	172.654	1.02491
lcl|NC_037638.1_mrna_XM_016915870.2_2775	2938	2739	0	0
lcl|NC_037638.1_mrna_XM_016915875.2_2776	6788	6589	22	0.182763
lcl|NC_037638.1_mrna_XM_006571163.3_2777	3908	3709	2427.7	35.8281
lcl|NC_037638.1_mrna_XM_016917552.2_2778	3896	3697	109.278	1.61797
lcl|NC_037638.1_mrna_XM_006571164.3_2779	2568	2369	459.017	10.6059
lcl|NC_037638.1_mrna_XM_624546.6_2780	3010	2811	175.002	3.40774
lcl|NC_037638.1_mrna_XM_006571162.3_2781	2994	2795	2084	40.8132
lcl|NC_037638.1_mrna_XM_006571161.3_2782	2269	2070	151.403	4.00359
lcl|NC_037638.1_mrna_XM_396056.7_2783	3841	3642	910.342	13.682
lcl|NC_037638.1_miscrna_XR_003306504.1_2784	4258	4059	978.341	13.1934
lcl|NC_037638.1_ncrna_XR_003306506.1_2785	3753	3554	149.33	2.29992
lcl|NC_037638.1_ncrna_XR_412141.3_2786	3736	3537	64.3441	0.99577
lcl|NC_037638.1_ncrna_XR_003306505.1_2787	3816	3617	1.32634	0.0200721
lcl|NC_037638.1_mrna_XM_026446106.1_2788	1802	1603	136.597	4.66436
lcl|NC_037638.1_mrna_XM_016917974.2_2789	1539	1340	86.2056	3.52141
lcl|NC_037638.1_mrna_XM_016917991.2_2790	1135	936	1333.55	77.9863
lcl|NC_037638.1_miscrna_XR_001706478.2_2791	2413	2214	5.88117	0.145402
lcl|NC_037638.1_mrna_XM_016917950.2_2792	3507	3308	15.1188	0.250172
lcl|NC_037638.1_mrna_XM_006571156.3_2793	5500	5301	50	0.516294
lcl|NC_037638.1_miscrna_XR_001706490.2_2794	4746	4547	0.00783577	9.43283e-05
lcl|NC_037638.1_mrna_XM_006571157.3_2795	4837	4638	3021.4	35.6585
lcl|NC_037638.1_mrna_XM_016917955.2_2796	5401	5202	2102.95	22.1281
lcl|NC_037638.1_mrna_XM_016917959.2_2797	5414	5215	0.00871132	9.14356e-05
lcl|NC_037638.1_mrna_XM_006571158.3_2798	5515	5316	165.663	1.70579
lcl|NC_037638.1_mrna_XM_016917963.2_2799	5527	5328	9.62541	0.0988873
lcl|NC_037638.1_mrna_XM_006571155.2_2800	2660	2461	1522	33.8523
lcl|NC_037638.1_mrna_XM_016917949.2_2801	3582	3383	764.916	12.3765
lcl|NC_037638.1_mrna_XM_006571154.2_2802	3174	2975	1750.57	32.209
lcl|NC_037638.1_mrna_XM_397334.6_2803	3201	3002	197.518	3.60148
lcl|NC_037638.1_mrna_XM_624708.6_2804	3225	3026	1619	29.2862
lcl|NC_037638.1_mrna_XM_016918080.2_2805	1752	1553	101	3.55988
lcl|NC_037638.1_mrna_XM_026446213.1_2806	6023	5824	5017.69	47.1593
lcl|NC_037638.1_mrna_XM_026446218.1_2807	5550	5351	4157.3	42.5267
lcl|NC_037638.1_mrna_XM_026446147.1_2808	5679	5480	0	0
lcl|NC_037638.1_mrna_XM_026446140.1_2809	5688	5489	0	0
lcl|NC_037638.1_miscrna_XR_003306519.1_2810	5804	5605	1282.94	12.529
lcl|NC_037638.1_miscrna_XR_003306521.1_2811	4041	3842	0	0
lcl|NC_037638.1_mrna_XM_006571151.3_2812	4211	4012	43.7153	0.596428
lcl|NC_037638.1_mrna_XM_006571138.3_2813	4342	4143	3200.56	42.286
lcl|NC_037638.1_mrna_XM_006571136.3_2814	4376	4177	1054.35	13.8168
lcl|NC_037638.1_mrna_XM_016918010.2_2815	4553	4354	397.65	4.99918
lcl|NC_037638.1_mrna_XM_016918019.2_2816	3903	3704	0	0
lcl|NC_037638.1_mrna_XM_026446204.1_2817	3711	3512	2082.61	32.4593
lcl|NC_037638.1_mrna_XM_026446193.1_2818	3807	3608	0	0
lcl|NC_037638.1_mrna_XM_026446183.1_2819	3870	3671	0	0
lcl|NC_037638.1_mrna_XM_026446217.1_2820	3603	3404	26.3297	0.423391
lcl|NC_037638.1_mrna_XM_026446206.1_2821	3699	3500	0	0
lcl|NC_037638.1_mrna_XM_026446209.1_2822	3666	3467	30.8847	0.487612
lcl|NC_037638.1_mrna_XM_026446198.1_2823	3762	3563	0	0
lcl|NC_037638.1_mrna_XM_026446195.1_2824	3777	3578	0	0
lcl|NC_037638.1_mrna_XM_026446174.1_2825	3873	3674	0	0
lcl|NC_037638.1_mrna_XM_026446188.1_2826	3840	3641	0.00576731	8.67037e-05
lcl|NC_037638.1_mrna_XM_016918013.2_2827	4229	4030	34.8867	0.473849
lcl|NC_037638.1_mrna_XM_026446187.1_2828	3918	3719	13.0577	0.192187
lcl|NC_037638.1_miscrna_XR_003306520.1_2829	4455	4256	1767.02	22.7261
lcl|NC_037638.1_mrna_XM_026444306.1_2830	2589	2390	75	1.71771
lcl|NC_037638.1_mrna_XM_396945.7_2831	2378	2179	270.031	6.78331
lcl|NC_037638.1_mrna_XM_016916393.2_2832	1216	1017	80.969	4.35796
lcl|NC_037638.1_mrna_XM_396944.7_2833	2567	2368	46.0104	1.06355
lcl|NC_037638.1_mrna_XM_006571240.3_2834	5040	4841	0	0
lcl|NC_037638.1_miscrna_XR_003304185.1_2835	4278	4079	0	0
lcl|NC_037638.1_mrna_XM_006571241.3_2836	4915	4716	0	0
lcl|NC_037638.1_mrna_XM_016916349.2_2837	5373	5174	32.2951	0.341661
lcl|NC_037638.1_miscrna_XR_003304178.1_2838	5240	5041	2.89746e-08	3.1462e-10
lcl|NC_037638.1_mrna_XM_016916358.2_2839	5187	4988	157.064	1.72359
lcl|NC_037638.1_miscrna_XR_001705600.2_2840	4534	4335	1.33094e-05	1.68056e-07
lcl|NC_037638.1_miscrna_XR_003304180.1_2841	4100	3901	11.7202	0.164455
lcl|NC_037638.1_mrna_XM_016916371.2_2842	4273	4074	0	0
lcl|NC_037638.1_mrna_XM_016916372.2_2843	4183	3984	18.201	0.250069
lcl|NC_037638.1_mrna_XM_016916374.2_2844	3950	3751	1.42051e-08	2.07292e-10
lcl|NC_037638.1_mrna_XM_026439072.1_2845	2357	2158	191.69	4.86221
lcl|NC_037638.1_mrna_XM_016916376.2_2846	1904	1705	210.31	6.75182
lcl|NC_037638.1_ncrna_XR_003305598.1_2847	331	132	0	0
lcl|NC_037638.1_mrna_XM_003251665.4_2848	1570	1371	8	0.319402
lcl|NC_037638.1_mrna_XM_396943.5_2849	1922	1723	615	19.5378
lcl|NC_037638.1_mrna_XM_026443663.1_2850	1673	1474	0	0
lcl|NC_037638.1_mrna_NM_001242577.1_2851	1285	1086	436	21.9757
lcl|NC_037638.1_mrna_XM_026440534.1_2852	1479	1280	0	0
lcl|NC_037638.1_mrna_XM_006571235.3_2853	1485	1286	204.06	8.68566
lcl|NC_037638.1_mrna_NM_001242578.1_2854	1330	1131	10.9397	0.529456
lcl|NC_037638.1_mrna_NM_001136187.1_2855	589	390	772	108.352
lcl|NC_037638.1_mrna_XM_006571257.1_2856	1648	1449	61.2254	2.31285
lcl|NC_037638.1_mrna_XM_026446464.1_2857	1577	1378	799.775	31.769
lcl|NC_037638.1_mrna_XM_006571252.3_2858	2851	2652	116.094	2.39619
lcl|NC_037638.1_mrna_XM_006571251.3_2859	3203	3004	826.589	15.0617
lcl|NC_037638.1_mrna_XM_006571250.3_2860	3212	3013	2451.91	44.5442
lcl|NC_037638.1_mrna_XM_016917133.2_2861	2862	2663	0	0
lcl|NC_037638.1_mrna_XM_016917135.2_2862	2829	2630	23.2395	0.483677
lcl|NC_037638.1_mrna_XM_006571253.3_2863	3068	2869	4.85946e-05	9.27135e-07
lcl|NC_037638.1_mrna_XM_006571255.3_2864	2709	2510	1587.25	34.6143
lcl|NC_037638.1_mrna_XM_006571256.3_2865	2915	2716	414.209	8.34787
lcl|NC_037638.1_mrna_XM_395191.7_2866	2726	2527	0	0
lcl|NC_037638.1_mrna_XM_006571254.3_2867	2806	2607	624.709	13.1166
lcl|NC_037638.1_mrna_XM_006571262.3_2868	14058	13859	731.103	2.88757
lcl|NC_037638.1_mrna_XM_394163.6_2869	14060	13861	471.975	1.86384
lcl|NC_037638.1_precursorrna_NR_127361.1_2870	94	4.0801	0	0
lcl|NC_037638.1_ncrna_2871	21	2.72438	0	0
lcl|NC_037638.1_mrna_XM_006571263.3_2872	6974	6775	75.6044	0.610834
lcl|NC_037638.1_mrna_XM_006571238.3_2873	3461	3262	15.6086	0.261919
lcl|NC_037638.1_mrna_XM_006571236.3_2874	3476	3277	0.0477364	0.000797367
lcl|NC_037638.1_mrna_XM_006571237.3_2875	2836	2637	1.34363	0.0278903
lcl|NC_037638.1_mrna_NM_001252432.1_2876	1008	809	0	0
lcl|NC_037638.1_mrna_XM_026446161.1_2877	3946	3747	0	0
lcl|NC_037638.1_mrna_XM_026446162.1_2878	2814	2615	4	0.0837286
lcl|NC_037638.1_mrna_XM_394160.6_2879	2128	1929	3009.64	85.402
lcl|NC_037638.1_mrna_XM_016914862.2_2880	1937	1738	597.356	18.8135
lcl|NC_037638.1_mrna_XM_026446163.1_2881	1865	1666	1362	44.7494
lcl|NC_037638.1_mrna_XM_026446164.1_2882	813	614	42.3012	3.77111
lcl|NC_037638.1_mrna_XM_026446165.1_2883	495	296	222.699	41.1824
lcl|NC_037638.1_mrna_XM_026446167.1_2884	1617	1418	220.44	8.50943
lcl|NC_037638.1_mrna_XM_026446169.1_2885	1262	1063	139.57	7.18695
lcl|NC_037638.1_mrna_XM_026446166.1_2886	1702	1503	85.2618	3.10514
lcl|NC_037638.1_mrna_XM_026446168.1_2887	1347	1148	39.7275	1.89424
lcl|NC_037638.1_mrna_XM_001121760.3_2888	642	443	270	33.3615
lcl|NC_037638.1_mrna_XM_006571272.3_2889	2448	2249	2346	57.0984
lcl|NC_037638.1_precursorrna_NR_031529.1_2890	87	3.88332	0	0
lcl|NC_037638.1_ncrna_2891	23	2.74792	0	0
lcl|NC_037638.1_ncrna_XR_001704775.2_2892	1700	1501	174.908	6.37842
lcl|NC_037638.1_ncrna_XR_003306502.1_2893	1277	1078	41.2126	2.09265
lcl|NC_037638.1_ncrna_XR_001704762.2_2894	1618	1419	0	0
lcl|NC_037638.1_ncrna_XR_001704760.2_2895	4796	4597	129.327	1.53993
lcl|NC_037638.1_ncrna_XR_001704761.2_2896	1498	1299	0	0
lcl|NC_037638.1_mrna_XM_006571273.3_2897	1194	995	170	9.35214
lcl|NC_037638.1_mrna_XM_006571276.3_2898	1806	1607	384	13.0798
lcl|NC_037638.1_mrna_XM_006571275.3_2899	2054	1855	0	0
lcl|NC_037638.1_mrna_XM_001120239.5_2900	1636	1437	461	17.5602
lcl|NC_037638.1_mrna_XM_003251660.4_2901	640	441	236.19	29.3162
lcl|NC_037638.1_mrna_XM_006571277.3_2902	730	531	233.411	24.0609
lcl|NC_037638.1_mrna_XM_003251659.4_2903	728	529	405.399	41.9481
lcl|NC_037638.1_mrna_NM_001205223.1_2904	2006	1807	222.389	6.73659
lcl|NC_037638.1_mrna_XM_006571234.2_2905	1847	1648	301.611	10.0179
lcl|NC_037638.1_mrna_XM_006571280.3_2906	3204	3005	8.18684	0.149127
lcl|NC_037638.1_mrna_XM_003251658.4_2907	3264	3065	0	0
lcl|NC_037638.1_ncrna_XR_003304717.1_2908	1870	1671	19.8132	0.649027
lcl|NC_037638.1_mrna_XM_392115.7_2909	1102	903	2452	148.634
lcl|NC_037638.1_mrna_XM_392116.7_2910	3215	3016	562.469	10.2083
lcl|NC_037638.1_mrna_XM_016917808.1_2911	2904	2705	568.531	11.5046
lcl|NC_037638.1_mrna_XM_624176.6_2912	1131	932	316	18.5591
lcl|NC_037638.1_mrna_XM_392117.7_2913	1604	1405	333	12.9734
lcl|NC_037638.1_mrna_XM_006571284.3_2914	12824	12625	39.5499	0.171474
lcl|NC_037638.1_mrna_XM_006571283.3_2915	12839	12640	8.83788	0.0382725
lcl|NC_037638.1_mrna_XM_006571282.3_2916	12842	12643	6.5506	0.0283607
lcl|NC_037638.1_mrna_XM_006571281.3_2917	12863	12664	304.536	1.31629
lcl|NC_037638.1_mrna_XM_396230.6_2918	12851	12652	2.66849	0.011545
lcl|NC_037638.1_mrna_XM_016916056.2_2919	12866	12667	0.598215	0.00258505
lcl|NC_037638.1_mrna_XM_006571285.3_2920	10169	9970	30	0.164707
lcl|NC_037638.1_mrna_XM_396231.6_2921	12928	12729	0	0
lcl|NC_037638.1_mrna_XM_026445415.1_2922	4589	4390	1994.76	24.8721
lcl|NC_037638.1_mrna_XM_026445437.1_2923	4953	4754	36.95	0.425442
lcl|NC_037638.1_mrna_XM_016914304.2_2924	4776	4577	1515.3	18.1218
lcl|NC_037638.1_mrna_XM_006571291.3_2925	4820	4621	0.173261	0.00205235
lcl|NC_037638.1_mrna_XM_016914315.2_2926	2546	2347	0	0
lcl|NC_037638.1_mrna_XM_016914317.2_2927	2543	2344	0	0
lcl|NC_037638.1_mrna_XM_001122092.5_2928	4846	4647	0.0614248	0.00072353
lcl|NC_037638.1_mrna_XM_006571295.3_2929	2446	2247	0	0
lcl|NC_037638.1_mrna_XM_006571288.3_2930	4890	4691	8.27056e-06	9.65061e-08
lcl|NC_037638.1_mrna_XM_006571290.3_2931	4848	4649	0	0
lcl|NC_037638.1_mrna_XM_006571289.3_2932	4887	4688	5915.32	69.0679
lcl|NC_037638.1_mrna_XM_006571294.3_2933	4676	4477	0.00926899	0.000113326
lcl|NC_037638.1_mrna_XM_006571293.3_2934	4717	4518	2357.65	28.5639
lcl|NC_037638.1_mrna_XM_026445452.1_2935	4056	3857	1645.97	23.3592
lcl|NC_037638.1_mrna_XM_006571296.3_2936	4081	3882	191098	2694.55
lcl|NC_037638.1_mrna_XM_397017.6_2937	3211	3012	63207	1148.67
lcl|NC_037638.1_mrna_XM_003251666.4_2938	4782	4583	142.51	1.70208
lcl|NC_037638.1_ncrna_XR_003304249.1_2939	671	472	3	0.347908
lcl|NC_037638.1_mrna_XM_006571297.3_2940	3277	3078	120.623	2.14509
lcl|NC_037638.1_mrna_XM_016917297.2_2941	2870	2671	68.633	1.40651
lcl|NC_037638.1_mrna_XM_016917293.2_2942	2757	2558	86.4435	1.84977
lcl|NC_037638.1_mrna_XM_016917291.2_2943	2736	2537	116.301	2.50927
lcl|NC_037638.1_mrna_XM_395864.7_2944	1672	1473	188	6.98619
lcl|NC_037638.1_mrna_XM_624508.6_2945	1533	1334	1829	75.0487
lcl|NC_037638.1_mrna_XM_624532.5_2946	1266	1067	656.009	33.6535
lcl|NC_037638.1_mrna_XM_006571302.3_2947	817	618	71.9228	6.37035
lcl|NC_037638.1_mrna_XM_026439745.1_2948	4632	4433	1913.42	23.6264
lcl|NC_037638.1_mrna_XM_016911751.2_2949	4025	3826	672.648	9.6234
lcl|NC_037638.1_ncrna_XR_003304416.1_2950	272	73.0112	0	0
lcl|NC_037638.1_precursorrna_NR_031520.1_2951	103	4.36807	0	0
lcl|NC_037638.1_ncrna_2952	23	2.74792	0	0
lcl|NC_037638.1_mrna_XM_026439758.1_2953	3478	3279	1668	27.8445
lcl|NC_037638.1_mrna_XM_026439749.1_2954	1762	1563	2271.81	79.5607
lcl|NC_037638.1_mrna_XM_026439792.1_2955	1118	919	885	52.7124
lcl|NC_037638.1_mrna_XM_026439764.1_2956	3002	2803	806	15.7397
lcl|NC_037638.1_mrna_XM_026439783.1_2957	2017	1818	169.465	5.10235
lcl|NC_037638.1_mrna_XM_026439786.1_2958	1901	1702	150.54	4.84148
lcl|NC_037638.1_mrna_XM_026439778.1_2959	1967	1768	2.19733	0.0680296
lcl|NC_037638.1_mrna_XM_026439774.1_2960	2011	1812	1.79778	0.054308
lcl|NC_037638.1_mrna_XM_016911781.2_2961	1775	1576	663	23.0273
lcl|NC_037638.1_miscrna_XR_003304422.1_2962	3829	3630	22.8247	0.344178
lcl|NC_037638.1_mrna_XM_026439799.1_2963	3724	3525	2030.31	31.5274
lcl|NC_037638.1_miscrna_XR_003304421.1_2964	3989	3790	2676.27	38.6523
lcl|NC_037638.1_mrna_XM_026439801.1_2965	3506	3307	1131.25	18.7244
lcl|NC_037638.1_mrna_XM_392749.7_2966	1497	1298	1993.02	84.0468
lcl|NC_037638.1_mrna_XM_392750.7_2967	2307	2108	886.886	23.0294
lcl|NC_037638.1_mrna_XM_006571311.2_2968	2423	2224	63.6662	1.56697
lcl|NC_037638.1_mrna_XM_016911797.1_2969	2410	2211	659.448	16.3259
lcl|NC_037638.1_mrna_XM_003251670.4_2970	3197	2998	1990	36.3335
lcl|NC_037638.1_mrna_XM_026444681.1_2971	2158	1959	0	0
lcl|NC_037638.1_mrna_XM_026444686.1_2972	1833	1634	0	0
lcl|NC_037638.1_mrna_XM_026444675.1_2973	2093	1894	0	0
lcl|NC_037638.1_mrna_XM_026444672.1_2974	2118	1919	1.91826e-06	5.47163e-08
lcl|NC_037638.1_mrna_XM_016917870.2_2975	2112	1913	9.98234e-05	2.85629e-06
lcl|NC_037638.1_mrna_XM_026444678.1_2976	2094	1895	15.1599	0.437897
lcl|NC_037638.1_mrna_XM_026444673.1_2977	2151	1952	0	0
lcl|NC_037638.1_mrna_XM_026444683.1_2978	1844	1645	10.84	0.360702
lcl|NC_037638.1_ncrna_XR_001706449.2_2979	705	506	109	11.7913
lcl|NC_037638.1_mrna_XM_016917875.2_2980	1353	1154	515.795	24.4656
lcl|NC_037638.1_mrna_XM_026446298.1_2981	1546	1347	48.517	1.97157
lcl|NC_037638.1_mrna_XM_026446296.1_2982	1556	1357	831.397	33.5362
lcl|NC_037638.1_mrna_XM_026446279.1_2983	4983	4784	394.577	4.51467
lcl|NC_037638.1_mrna_XM_016917734.2_2984	4883	4684	1338.51	15.6419
lcl|NC_037638.1_mrna_NM_001190814.1_2985	460	261	1199	251.457
lcl|NC_037638.1_ncrna_XR_003306543.1_2986	561	362	241	36.4413
lcl|NC_037638.1_mrna_XM_026446305.1_2987	3845	3646	101	1.51632
lcl|NC_037638.1_mrna_XM_624054.6_2988	1586	1387	302	11.9183
lcl|NC_037638.1_mrna_XM_001120479.4_2989	613	414	2163	285.984
lcl|NC_037638.1_mrna_XM_026445050.1_2990	1562	1363	1246	50.0389
lcl|NC_037638.1_mrna_XM_623997.6_2991	993	794	382	26.3347
lcl|NC_037638.1_mrna_XM_395906.6_2992	997	798	116	7.95684
lcl|NC_037638.1_mrna_XM_026446315.1_2993	4017	3818	447	6.40851
lcl|NC_037638.1_mrna_XM_026441378.1_2994	1985	1786	632	19.3696
lcl|NC_037638.1_mrna_XM_026441383.1_2995	1999	1800	0	0
lcl|NC_037638.1_mrna_XM_026441397.1_2996	1049	850	8.26953	0.532534
lcl|NC_037638.1_mrna_XM_026441391.1_2997	1127	928	66.7305	3.93606
lcl|NC_037638.1_mrna_XM_001122939.5_2998	3318	3119	647	11.3547
lcl|NC_037638.1_mrna_NM_001256038.1_2999	2047	1848	261	7.73079
lcl|NC_037638.1_mrna_XM_394155.7_3000	828	629	560	48.7329
lcl|NC_037638.1_mrna_XM_006571406.3_3001	1118	919	16	0.952993
lcl|NC_037638.1_mrna_XM_016915573.2_3002	4417	4218	4.60169	0.0597167
lcl|NC_037638.1_mrna_XM_016915560.2_3003	4807	4608	12.8688	0.152866
lcl|NC_037638.1_mrna_XM_006571402.3_3004	5776	5577	0	0
lcl|NC_037638.1_mrna_XM_001119965.5_3005	5047	4848	73.5821	0.830797
lcl|NC_037638.1_mrna_XM_026443730.1_3006	7172	6973	21.0742	0.165431
lcl|NC_037638.1_mrna_XM_006571403.3_3007	5246	5047	0	0
lcl|NC_037638.1_mrna_XM_026443700.1_3008	7374	7175	0	0
lcl|NC_037638.1_mrna_XM_006571400.3_3009	6864	6665	68.1458	0.55966
lcl|NC_037638.1_ncrna_XR_001705244.2_3010	758	559	13.7274	1.34419
lcl|NC_037638.1_ncrna_XR_003305689.1_3011	991	792	4	0.276452
lcl|NC_037638.1_mrna_XM_623553.4_3012	744	545	728	73.1173
lcl|NC_037638.1_mrna_XM_623602.5_3013	2608	2409	1273	28.9252
lcl|NC_037638.1_mrna_XM_026446111.1_3014	1245	1046	38.7925	2.03002
lcl|NC_037638.1_mrna_XM_016915335.2_3015	1351	1152	65.2075	3.09835
lcl|NC_037638.1_mrna_XM_026446110.1_3016	1509	1310	237.485	9.92318
lcl|NC_037638.1_mrna_XM_026446109.1_3017	1338	1139	289.515	13.9134
lcl|NC_037638.1_mrna_XM_395724.7_3018	2664	2465	710	15.7662
lcl|NC_037638.1_mrna_XM_006571391.3_3019	897	698	18.3613	1.4399
lcl|NC_037638.1_mrna_XM_006571390.3_3020	1063	864	165.847	10.507
lcl|NC_037638.1_mrna_XM_623755.6_3021	1044	845	489.791	31.7278
lcl|NC_037638.1_mrna_XM_006571389.3_3022	5929	5730	1026.18	9.80293
lcl|NC_037638.1_mrna_XM_623810.5_3023	765	566	10096	976.378
lcl|NC_037638.1_mrna_XM_623844.6_3024	1151	952	93	5.34726
lcl|NC_037638.1_mrna_XM_006571387.3_3025	3722	3523	18.8348	0.29264
lcl|NC_037638.1_mrna_XM_623867.5_3026	4076	3877	693.457	9.79059
lcl|NC_037638.1_mrna_XM_026441954.1_3027	3582	3383	107.708	1.74274
lcl|NC_037638.1_mrna_XM_001120529.4_3028	393	194	160	45.1444
lcl|NC_037638.1_mrna_XM_026446499.1_3029	14087	13888	10.9759	0.04326
lcl|NC_037638.1_mrna_XM_026446488.1_3030	14074	13875	0	0
lcl|NC_037638.1_mrna_XM_026446500.1_3031	13966	13767	436.749	1.73651
lcl|NC_037638.1_mrna_XM_026446494.1_3032	14029	13830	814.637	3.22424
lcl|NC_037638.1_mrna_XM_026446504.1_3033	13870	13671	13.945	0.0558345
lcl|NC_037638.1_mrna_XM_026446501.1_3034	13912	13713	0	0
lcl|NC_037638.1_mrna_XM_026446492.1_3035	14049	13850	1444.97	5.71075
lcl|NC_037638.1_mrna_XM_026446508.1_3036	13806	13607	727.605	2.92697
lcl|NC_037638.1_mrna_XM_026446514.1_3037	12677	12478	5522.13	24.224
lcl|NC_037638.1_mrna_XM_026446495.1_3038	13921	13722	0	0
lcl|NC_037638.1_mrna_XM_026446496.1_3039	14624	14425	97.9957	0.371857
lcl|NC_037638.1_mrna_XM_392114.6_3040	1453	1254	9535.81	416.242
lcl|NC_037638.1_ncrna_XR_003304117.1_3041	7309	7110	0	0
lcl|NC_037638.1_ncrna_XR_003304115.1_3042	7419	7220	334.62	2.53688
lcl|NC_037638.1_mrna_XM_623976.5_3043	1287	1088	446.189	22.4479
lcl|NC_037638.1_mrna_XM_006571384.3_3044	798	599	30	2.74145
lcl|NC_037638.1_mrna_XM_394153.6_3045	743	544	393	39.5438
lcl|NC_037638.1_mrna_XM_006571383.3_3046	1611	1412	25.0082	0.969465
lcl|NC_037638.1_mrna_XM_006571382.3_3047	1612	1413	768.992	29.7896
lcl|NC_037638.1_mrna_XM_394152.7_3048	1262	1063	2559	131.772
lcl|NC_037638.1_mrna_XM_001120969.5_3049	6172	5973	490.109	4.49144
lcl|NC_037638.1_mrna_XM_003251673.4_3050	4614	4415	356.913	4.42503
lcl|NC_037638.1_mrna_XM_006571378.3_3051	4420	4221	1106.64	14.3508
lcl|NC_037638.1_mrna_XM_006571377.3_3052	4578	4379	0	0
lcl|NC_037638.1_mrna_XM_006571376.3_3053	3924	3725	0.081535	0.00119813
lcl|NC_037638.1_mrna_XM_006571375.3_3054	4017	3818	1351.98	19.3829
lcl|NC_037638.1_mrna_XM_003251682.4_3055	3729	3530	105.909	1.64226
lcl|NC_037638.1_ncrna_XR_003305941.1_3056	2681	2482	23.3345	0.514614
lcl|NC_037638.1_mrna_XM_394150.7_3057	1541	1342	239	9.74834
lcl|NC_037638.1_mrna_XM_006571374.3_3058	3761	3562	64.6168	0.992971
lcl|NC_037638.1_mrna_XM_001121112.5_3059	3320	3121	12.3832	0.217183
lcl|NC_037638.1_mrna_XM_006571373.3_3060	1545	1346	82.0675	3.33743
lcl|NC_037638.1_mrna_XM_006571371.3_3061	1598	1399	395.932	15.4913
lcl|NC_037638.1_mrna_XM_016914371.2_3062	8215	8016	44.4868	0.30378
lcl|NC_037638.1_mrna_XM_016914354.2_3063	8366	8167	0.000102371	6.86122e-07
lcl|NC_037638.1_mrna_XM_006571369.3_3064	8236	8037	251.647	1.71389
lcl|NC_037638.1_mrna_XM_006571367.3_3065	8362	8163	71.7119	0.480869
lcl|NC_037638.1_mrna_XM_006571368.3_3066	8311	8112	307.154	2.07259
lcl|NC_037638.1_mrna_XM_006571365.3_3067	1411	1212	4	0.180652
lcl|NC_037638.1_mrna_XM_624279.6_3068	817	618	909	80.512
lcl|NC_037638.1_mrna_XM_006571363.3_3069	974	775	29.8077	2.10529
lcl|NC_037638.1_mrna_XM_016914405.2_3070	870	671	124.483	10.1549
lcl|NC_037638.1_mrna_XM_016914414.2_3071	832	633	170.906	14.7788
lcl|NC_037638.1_mrna_XM_624297.6_3072	1056	857	145.803	9.31261
lcl|NC_037638.1_mrna_XM_026446105.1_3073	728	529	130.483	13.5016
lcl|NC_037638.1_mrna_XM_006571364.3_3074	738	539	383.517	38.9476
lcl|NC_037638.1_mrna_XM_003251693.4_3075	1038	839	2183	142.422
lcl|NC_037638.1_ncrna_XR_001704473.2_3076	4337	4138	305.889	4.04631
lcl|NC_037638.1_ncrna_XR_001704471.2_3077	3487	3288	307.108	5.11264
lcl|NC_037638.1_ncrna_XR_001704472.2_3078	4401	4202	3.83361e-07	4.99387e-09
lcl|NC_037638.1_ncrna_XR_001704470.2_3079	4396	4197	0.00271209	3.53713e-05
lcl|NC_037638.1_mrna_XM_026442516.1_3080	4729	4530	3.71111	0.0448427
lcl|NC_037638.1_mrna_XM_394146.7_3081	4750	4551	0	0
lcl|NC_037638.1_mrna_XM_006571362.3_3082	4320	4121	8.38677	0.111398
lcl|NC_037638.1_mrna_XM_016914389.2_3083	4552	4353	32.6408	0.410447
lcl|NC_037638.1_mrna_XM_026442509.1_3084	3219	3020	4.25939	0.0772016
lcl|NC_037638.1_mrna_XM_006571360.3_3085	2823	2624	0.0309206	0.000645014
lcl|NC_037638.1_mrna_XM_396187.6_3086	2059	1860	665	19.5701
lcl|NC_037638.1_mrna_XM_624394.5_3087	872	673	1227	99.7964
lcl|NC_037638.1_mrna_XM_001121501.5_3088	1544	1345	383	15.587
lcl|NC_037638.1_mrna_XM_006571356.3_3089	1537	1338	0	0
lcl|NC_037638.1_mrna_XM_026446322.1_3090	2673	2474	93.8462	2.07636
lcl|NC_037638.1_mrna_XM_397511.7_3091	3479	3280	126.154	2.10529
lcl|NC_037638.1_ncrna_XR_003306544.1_3092	2086	1887	1	0.0290077
lcl|NC_037638.1_mrna_XM_016913582.2_3093	1064	865	72.7294	4.60234
lcl|NC_037638.1_mrna_XM_006571345.3_3094	1098	899	59.553	3.62601
lcl|NC_037638.1_mrna_XM_006571349.3_3095	6825	6626	223.501	1.84635
lcl|NC_037638.1_mrna_XM_006571347.3_3096	6824	6625	0	0
lcl|NC_037638.1_mrna_XM_006571350.3_3097	6778	6579	1.23532e-05	1.02779e-07
lcl|NC_037638.1_mrna_XM_006571351.3_3098	6625	6426	640.702	5.45759
lcl|NC_037638.1_mrna_XM_026443282.1_3099	7991	7792	262.691	1.84536
lcl|NC_037638.1_mrna_XM_006571348.3_3100	7368	7169	37.8916	0.289314
lcl|NC_037638.1_mrna_XM_006571353.3_3101	4233	4034	0	0
lcl|NC_037638.1_mrna_XM_026443286.1_3102	4187	3988	30.9325	0.424565
lcl|NC_037638.1_ncrna_XR_003305153.1_3103	4279	4080	0	0
lcl|NC_037638.1_ncrna_XR_003305146.1_3104	4155	3956	0	0
lcl|NC_037638.1_ncrna_XR_003305135.1_3105	4708	4509	14.6125	0.17739
lcl|NC_037638.1_ncrna_XR_003305134.1_3106	4456	4257	0	0
lcl|NC_037638.1_ncrna_XR_003305138.1_3107	4320	4121	0	0
lcl|NC_037638.1_ncrna_XR_003305136.1_3108	4333	4134	0	0
lcl|NC_037638.1_ncrna_XR_003305140.1_3109	4350	4151	0	0
lcl|NC_037638.1_ncrna_XR_003305142.1_3110	4172	3973	0	0
lcl|NC_037638.1_ncrna_XR_003305144.1_3111	4049	3850	0	0
lcl|NC_037638.1_ncrna_XR_003305137.1_3112	3668	3469	0	0
lcl|NC_037638.1_ncrna_XR_003305141.1_3113	3156	2957	0	0
lcl|NC_037638.1_ncrna_XR_003305143.1_3114	2548	2349	6.3875	0.148845
lcl|NC_037638.1_ncrna_XR_001704130.2_3115	4356	4157	0	0
lcl|NC_037638.1_ncrna_XR_003305145.1_3116	4073	3874	0	0
lcl|NC_037638.1_mrna_XM_392112.7_3117	1756	1557	1256.91	44.1878
lcl|NC_037638.1_ncrna_XR_120637.4_3118	1043	844	0	0
lcl|NC_037638.1_mrna_XM_003251680.3_3119	2708	2509	189.085	4.12518
lcl|NC_037638.1_mrna_XM_395396.7_3120	1429	1230	204.17	9.08599
lcl|NC_037638.1_mrna_XM_006571343.3_3121	1182	983	309.83	17.2526
lcl|NC_037638.1_mrna_XM_001121733.5_3122	462	263	148	30.8029
lcl|NC_037638.1_mrna_XM_003251691.4_3123	975	776	482.891	34.0622
lcl|NC_037638.1_mrna_XM_026443925.1_3124	797	598	404.732	37.0469
lcl|NC_037638.1_mrna_XM_006571341.3_3125	2607	2408	157.991	3.59138
lcl|NC_037638.1_mrna_XM_006571342.3_3126	2165	1966	368.009	10.2461
lcl|NC_037638.1_mrna_XM_026441318.1_3127	2401	2202	0	0
lcl|NC_037638.1_mrna_XM_026441328.1_3128	1435	1236	27.5096	1.21829
lcl|NC_037638.1_mrna_XM_026441330.1_3129	1257	1058	615.49	31.8435
lcl|NC_037638.1_mrna_XM_026441321.1_3130	966	767	375	26.7622
lcl|NC_037638.1_mrna_XM_006571337.3_3131	2241	2042	8.22282	0.22042
lcl|NC_037638.1_mrna_XM_006571338.3_3132	1496	1297	2.77718	0.117206
lcl|NC_037638.1_mrna_XM_001119966.5_3133	4335	4136	35.1114	0.464679
lcl|NC_037638.1_mrna_XM_001120032.5_3134	1959	1760	118	3.6699
lcl|NC_037638.1_mrna_XM_026445234.1_3135	4312	4113	823	10.9528
lcl|NC_037638.1_mrna_XM_006571331.3_3136	1960	1761	0	0
lcl|NC_037638.1_mrna_XM_397510.7_3137	2064	1865	645.09	18.9333
lcl|NC_037638.1_mrna_XM_006571334.3_3138	1834	1635	41.0883	1.37558
lcl|NC_037638.1_mrna_XM_006571333.3_3139	1878	1679	14.5792	0.4753
lcl|NC_037638.1_mrna_XM_006571332.3_3140	1983	1784	408.242	12.5259
lcl|NC_037638.1_mrna_XM_003251690.4_3141	423	224	379	92.614
lcl|NC_037638.1_mrna_XM_026444872.1_3142	1074	875	108	6.75618
lcl|NC_037638.1_mrna_XM_006571330.3_3143	1391	1192	2155	98.9592
lcl|NC_037638.1_mrna_XM_016916219.2_3144	1246	1047	122	6.3782
lcl|NC_037638.1_mrna_XM_006571325.2_3145	1477	1278	393	16.8324
lcl|NC_037638.1_mrna_XM_006571326.3_3146	760	561	69	6.73242
lcl|NC_037638.1_mrna_XM_006571327.3_3147	1427	1228	52.0431	2.3198
lcl|NC_037638.1_mrna_XM_006571328.3_3148	1408	1209	300.195	13.5913
lcl|NC_037638.1_mrna_XM_392831.6_3149	1408	1209	0	0
lcl|NC_037638.1_mrna_XM_003251689.4_3150	1389	1190	1859.76	85.5452
lcl|NC_037638.1_mrna_XM_016917916.2_3151	1157	958	0	0
lcl|NC_037638.1_mrna_XM_392830.7_3152	2715	2516	408.885	8.8956
lcl|NC_037638.1_mrna_XM_006571324.3_3153	2635	2436	715.91	16.0867
lcl|NC_037638.1_mrna_XM_026440910.1_3154	2370	2171	32.2057	0.812005
lcl|NC_037638.1_mrna_XM_003251677.4_3155	6145	5946	785	7.22653
lcl|NC_037638.1_mrna_XM_623951.6_3156	858	659	2185	181.489
lcl|NC_037638.1_mrna_XM_623977.5_3157	655	456	86	10.3233
lcl|NC_037638.1_mrna_XM_006571322.3_3158	3789	3590	1194.6	18.2143
lcl|NC_037638.1_mrna_XM_016917814.2_3159	3810	3611	0.759495	0.0115129
lcl|NC_037638.1_mrna_XM_623115.6_3160	3694	3495	87.6302	1.37244
lcl|NC_037638.1_mrna_XM_006571323.3_3161	3395	3196	39.0133	0.668176
lcl|NC_037638.1_mrna_XM_395702.6_3162	963	764	300	21.4938
lcl|NC_037638.1_mrna_XM_006571321.3_3163	6119	5920	979	9.05204
lcl|NC_037638.1_mrna_XM_006571320.3_3164	1570	1371	936	37.3701
lcl|NC_037638.1_mrna_XM_026446143.1_3165	15139	14940	56.107	0.205566
lcl|NC_037638.1_mrna_XM_026446141.1_3166	15295	15096	0.00847089	3.07151e-05
lcl|NC_037638.1_mrna_XM_026446142.1_3167	13386	13187	254.774	1.05753
lcl|NC_037638.1_mrna_XM_006571319.3_3168	2803	2604	10951	230.196
lcl|NC_037638.1_mrna_XM_001120991.5_3169	2952	2753	81	1.61051
lcl|NC_037638.1_mrna_XM_026442484.1_3170	3963	3764	1181.53	17.1822
lcl|NC_037638.1_mrna_XM_016914207.2_3171	3892	3693	15109.1	223.947
lcl|NC_037638.1_mrna_XM_016914160.2_3172	4673	4474	204.746	2.50498
lcl|NC_037638.1_mrna_XM_016914162.2_3173	4542	4343	0	0
lcl|NC_037638.1_mrna_XM_016914156.2_3174	4682	4483	0	0
lcl|NC_037638.1_mrna_XM_006571444.3_3175	5766	5567	12.5404	0.123303
lcl|NC_037638.1_mrna_XM_006571443.3_3176	5972	5773	0	0
lcl|NC_037638.1_mrna_XM_006571441.3_3177	6174	5975	0	0
lcl|NC_037638.1_mrna_XM_006571442.3_3178	6065	5866	0.000206984	1.93144e-06
lcl|NC_037638.1_mrna_XM_006571440.3_3179	6267	6068	14.4918	0.130726
lcl|NC_037638.1_mrna_XM_006571449.3_3180	4965	4766	0	0
lcl|NC_037638.1_mrna_XM_026442456.1_3181	6170	5971	1.90165	0.0174329
lcl|NC_037638.1_mrna_XM_006571448.3_3182	6675	6476	8.32014	0.0703249
lcl|NC_037638.1_mrna_XM_016914182.2_3183	5567	5368	0	0
lcl|NC_037638.1_ncrna_XR_003305225.1_3184	2127	1928	255.424	7.25171
lcl|NC_037638.1_mrna_XM_016914193.2_3185	865	666	0	0
lcl|NC_037638.1_mrna_XM_001120347.5_3186	2469	2270	1131.88	27.2934
lcl|NC_037638.1_mrna_XM_016914195.2_3187	788	589	106.124	9.86243
lcl|NC_037638.1_mrna_XM_003251696.4_3188	997	798	0	0
lcl|NC_037638.1_mrna_XM_006571437.3_3189	910	711	2	0.153973
lcl|NC_037638.1_mrna_XM_006571436.3_3190	1602	1403	2	0.0780293
lcl|NC_037638.1_mrna_XM_001121151.5_3191	1257	1058	14	0.724315
lcl|NC_037638.1_ncrna_XR_001706438.2_3192	2328	2129	45	1.15697
lcl|NC_037638.1_mrna_XM_623296.6_3193	1811	1612	495.936	16.8402
lcl|NC_037638.1_mrna_XM_624254.5_3194	2522	2323	128.064	3.0176
lcl|NC_037638.1_mrna_XM_624280.6_3195	2243	2044	3081	82.508
lcl|NC_037638.1_miscrna_XR_003305640.1_3196	1286	1087	8.54599	0.430346
lcl|NC_037638.1_mrna_XM_006571435.3_3197	6992	6793	72.454	0.58383
lcl|NC_037638.1_mrna_XM_026443772.1_3198	6417	6218	7595	66.8594
lcl|NC_037638.1_mrna_NM_001278338.1_3199	2404	2205	70	1.7377
lcl|NC_037638.1_mrna_XM_016910883.2_3200	3581	3382	2.96667	0.0480154
lcl|NC_037638.1_mrna_XM_016910887.2_3201	3695	3496	0	0
lcl|NC_037638.1_mrna_XM_016910885.2_3202	3746	3547	8.15402	0.125833
lcl|NC_037638.1_mrna_XM_006571418.3_3203	2441	2242	4.87931	0.119126
lcl|NC_037638.1_mrna_XM_001121473.5_3204	4272	4073	39	0.524126
lcl|NC_037638.1_ncrna_XR_412192.3_3205	197	15.5846	0	0
lcl|NC_037638.1_ncrna_XR_001702238.2_3206	1126	927	3	0.177144
lcl|NC_037638.1_mrna_XM_006571429.3_3207	3003	2804	0.000323462	6.31438e-06
lcl|NC_037638.1_mrna_XM_016910897.2_3208	2976	2777	64.9997	1.28121
lcl|NC_037638.1_mrna_XM_006571430.3_3209	4031	3832	0	0
lcl|NC_037638.1_mrna_XM_016910874.2_3210	6335	6136	0	0
lcl|NC_037638.1_mrna_XM_006571433.3_3211	6334	6135	0	0
lcl|NC_037638.1_mrna_XM_026446071.1_3212	9276	9077	101.813	0.613967
lcl|NC_037638.1_mrna_XM_026446070.1_3213	6691	6492	8.7816	0.0740424
lcl|NC_037638.1_mrna_XM_026446068.1_3214	3067	2868	40.9446	0.781452
lcl|NC_037638.1_mrna_XM_006571417.3_3215	4131	3932	61.8254	0.860674
lcl|NC_037638.1_mrna_XM_026446069.1_3216	3831	3632	28.23	0.425452
lcl|NC_037638.1_mrna_XM_016917895.2_3217	3955	3756	37	0.539214
lcl|NC_037638.1_mrna_XM_016917573.2_3218	1994	1795	9.11055	0.277821
lcl|NC_037638.1_mrna_XM_026446327.1_3219	2164	1965	0	0
lcl|NC_037638.1_mrna_NM_001278334.1_3220	2022	1823	5.88945	0.176837
lcl|NC_037638.1_mrna_XM_001119967.5_3221	1420	1221	2	0.0896602
lcl|NC_037638.1_mrna_XM_006571607.3_3222	3148	2949	444.69	8.25407
lcl|NC_037638.1_mrna_XM_001120089.5_3223	2896	2697	259.31	5.26287
lcl|NC_037638.1_mrna_XM_006571609.3_3224	9846	9647	169.668	0.962705
lcl|NC_037638.1_mrna_XM_006571608.3_3225	10349	10150	72.5184	0.391082
lcl|NC_037638.1_mrna_XM_394261.7_3226	8948	8749	5581.12	34.9179
lcl|NC_037638.1_ncrna_XR_003304555.1_3227	14666	14467	199.464	0.754696
lcl|NC_037638.1_ncrna_XR_003304554.1_3228	5825	5626	840.317	8.17577
lcl|NC_037638.1_mrna_XM_006571610.3_3229	1467	1268	416	17.9581
lcl|NC_037638.1_mrna_XM_006571612.3_3230	3826	3627	857	12.9336
lcl|NC_037638.1_mrna_XM_392183.7_3231	2020	1821	32271.3	970.044
lcl|NC_037638.1_mrna_XM_006571603.3_3232	1800	1601	104.324	3.56679
lcl|NC_037638.1_ncrna_XR_412202.3_3233	461	262	167.393	34.9721
lcl|NC_037638.1_mrna_XM_006571604.3_3234	3772	3573	197.408	3.02424
lcl|NC_037638.1_mrna_XM_016916647.2_3235	3697	3498	0.00833718	0.000130462
lcl|NC_037638.1_mrna_XM_394258.7_3236	3701	3502	2018.9	31.5562
lcl|NC_037638.1_mrna_XM_006571606.3_3237	2882	2683	1051.68	21.456
lcl|NC_037638.1_mrna_XM_392651.6_3238	1711	1512	3360	121.639
lcl|NC_037638.1_mrna_XM_392652.7_3239	4975	4776	0.28814	0.00330237
lcl|NC_037638.1_mrna_XM_006571600.3_3240	4927	4728	485.393	5.61955
lcl|NC_037638.1_mrna_XM_006571599.3_3241	4954	4755	74.9576	0.86288
lcl|NC_037638.1_mrna_XM_006571602.3_3242	4906	4707	97.4984	1.13381
lcl|NC_037638.1_mrna_XM_006571598.3_3243	4957	4758	0.224164	0.00257886
lcl|NC_037638.1_mrna_XM_006571601.3_3244	4909	4710	388.664	4.51688
lcl|NC_037638.1_mrna_XM_016913237.2_3245	4936	4737	59.5574	0.688204
lcl|NC_037638.1_mrna_XM_016913246.2_3246	4888	4689	77.4176	0.903743
lcl|NC_037638.1_mrna_XM_006571594.3_3247	559	360	162.219	24.6651
lcl|NC_037638.1_mrna_XM_016913267.2_3248	553	354	0	0
lcl|NC_037638.1_mrna_XM_006571595.3_3249	861	662	225.781	18.6688
lcl|NC_037638.1_mrna_XM_026445730.1_3250	9897	9698	0.00439295	2.47947e-05
lcl|NC_037638.1_mrna_XM_026445736.1_3251	9826	9627	350.667	1.99383
lcl|NC_037638.1_mrna_XM_026445729.1_3252	9815	9616	198	1.12708
lcl|NC_037638.1_mrna_XM_026445738.1_3253	9672	9473	11.1158	0.0642301
lcl|NC_037638.1_mrna_XM_026445747.1_3254	9585	9386	455.539	2.65663
lcl|NC_037638.1_mrna_XM_026445739.1_3255	9804	9605	146.577	0.83532
lcl|NC_037638.1_mrna_XM_026445741.1_3256	10141	9942	42.0226	0.231363
lcl|NC_037638.1_mrna_XM_026445734.1_3257	10131	9932	21.1572	0.116602
lcl|NC_037638.1_mrna_XM_026445763.1_3258	362	163	67.9834	22.8297
lcl|NC_037638.1_mrna_XM_001120530.5_3259	376	177	313	96.7958
lcl|NC_037638.1_mrna_XM_393377.6_3260	2428	2229	1379	33.8641
lcl|NC_037638.1_mrna_XM_006571592.3_3261	1354	1155	42.466	2.01254
lcl|NC_037638.1_mrna_XM_393376.7_3262	1362	1163	566.234	26.6502
lcl|NC_037638.1_mrna_XM_006571590.3_3263	1184	985	405.618	22.5406
lcl|NC_037638.1_mrna_XM_006571589.3_3264	1190	991	300.683	16.6081
lcl|NC_037638.1_mrna_XM_006571591.3_3265	1094	895	0	0
lcl|NC_037638.1_mrna_XM_026441105.1_3266	1085	886	0	0
lcl|NC_037638.1_mrna_XM_026441102.1_3267	1096	897	0	0
lcl|NC_037638.1_mrna_XM_006571588.3_3268	1186	987	111.673	6.1932
lcl|NC_037638.1_mrna_XM_006571586.3_3269	1379	1180	0	0
lcl|NC_037638.1_mrna_XM_006571587.3_3270	1319	1120	12.1491	0.593759
lcl|NC_037638.1_mrna_XM_006571585.3_3271	1347	1148	529.178	25.2316
lcl|NC_037638.1_mrna_XM_624800.6_3272	1405	1206	0	0
lcl|NC_037638.1_mrna_XM_003251710.4_3273	890	691	862	68.2833
lcl|NC_037638.1_mrna_XM_006571456.3_3274	2829	2630	15.2055	0.316469
lcl|NC_037638.1_mrna_NM_001134934.1_3275	3281	3082	14.7945	0.262756
lcl|NC_037638.1_mrna_XM_006571457.3_3276	2505	2306	0	0
lcl|NC_037638.1_mrna_XM_006571584.3_3277	1209	1010	227	12.3024
lcl|NC_037638.1_mrna_XM_006571583.2_3278	1704	1505	3060.9	111.326
lcl|NC_037638.1_mrna_XM_393567.6_3279	1704	1505	161.1	5.85928
lcl|NC_037638.1_mrna_XM_624292.6_3280	2057	1858	658	19.385
lcl|NC_037638.1_mrna_XM_016911959.2_3281	4550	4351	144	1.81158
lcl|NC_037638.1_mrna_XM_624275.5_3282	2155	1956	872.405	24.4138
lcl|NC_037638.1_mrna_XM_006571581.3_3283	2870	2671	11.172	0.22895
lcl|NC_037638.1_mrna_XM_016912000.2_3284	2485	2286	68.4229	1.63836
lcl|NC_037638.1_mrna_XM_006571582.3_3285	2765	2566	0	0
lcl|NC_037638.1_mrna_XM_006571579.3_3286	8126	7927	1.63765e-07	1.13083e-09
lcl|NC_037638.1_mrna_XM_395554.5_3287	8057	7858	143.399	0.998891
lcl|NC_037638.1_mrna_XM_016911946.2_3288	8090	7891	5.11635e-05	3.54906e-07
lcl|NC_037638.1_trna_3289	73	3.5471	0	0
lcl|NC_037638.1_mrna_XM_001121032.5_3290	2906	2707	220.023	4.44903
lcl|NC_037638.1_mrna_XM_006571574.3_3291	2772	2573	3.80687e-08	8.09868e-10
lcl|NC_037638.1_mrna_XM_006571575.3_3292	2721	2522	7.59553	0.164854
lcl|NC_037638.1_mrna_XM_026445957.1_3293	3894	3695	20.497	0.303642
lcl|NC_037638.1_mrna_XM_026445975.1_3294	4241	4042	24.6059	0.333218
lcl|NC_037638.1_mrna_XM_003251709.4_3295	4297	4098	3.50738e-06	4.68486e-08
lcl|NC_037638.1_mrna_XM_026445990.1_3296	3879	3680	314.817	4.68269
lcl|NC_037638.1_mrna_XM_026445966.1_3297	4229	4030	3.18291e-06	4.32319e-08
lcl|NC_037638.1_mrna_XM_006571577.3_3298	3814	3615	5.0847e-07	7.69915e-09
lcl|NC_037638.1_mrna_XM_026445980.1_3299	4183	3984	66.6773	0.916102
lcl|NC_037638.1_mrna_XM_026445983.1_3300	3768	3569	74.7233	1.14603
lcl|NC_037638.1_mrna_XM_026445961.1_3301	3808	3609	1206.99	18.3063
lcl|NC_037638.1_mrna_XM_026445985.1_3302	4155	3956	1020.07	14.1143
lcl|NC_037638.1_mrna_XM_026445974.1_3303	3808	3609	503.616	7.63832
lcl|NC_037638.1_mrna_XM_026445999.1_3304	2225	2026	67.4226	1.82159
lcl|NC_037638.1_mrna_XM_026446002.1_3305	1631	1432	0.167859	0.00641634
lcl|NC_037638.1_mrna_XM_026446001.1_3306	1624	1425	81.4095	3.12713
lcl|NC_037638.1_mrna_XM_026446317.1_3307	1543	1344	149	6.06837
lcl|NC_037638.1_mrna_XM_006571459.3_3308	1470	1271	0	0
lcl|NC_037638.1_mrna_XM_026439717.1_3309	1515	1316	96.6423	4.01973
lcl|NC_037638.1_mrna_XM_016910988.2_3310	1500	1301	0	0
lcl|NC_037638.1_mrna_NM_001178047.1_3311	1538	1339	1799.36	73.5567
lcl|NC_037638.1_mrna_XM_006571570.3_3312	1807	1608	182.619	6.21651
lcl|NC_037638.1_mrna_XM_006571568.3_3313	2102	1903	0.000201716	5.80213e-06
lcl|NC_037638.1_mrna_XM_006571567.2_3314	2409	2210	540.507	13.3873
lcl|NC_037638.1_mrna_XM_006571566.3_3315	2213	2014	0	0
lcl|NC_037638.1_mrna_XM_006571565.3_3316	2225	2026	0	0
lcl|NC_037638.1_mrna_XM_006571571.3_3317	2027	1828	37.7108	1.12921
lcl|NC_037638.1_mrna_XM_006571572.3_3318	747	548	162.162	16.1978
lcl|NC_037638.1_mrna_XM_026441763.1_3319	4525	4326	1868.4	23.6412
lcl|NC_037638.1_mrna_XM_026441765.1_3320	4500	4301	2685.44	34.1767
lcl|NC_037638.1_mrna_XM_026441764.1_3321	4448	4249	75.3598	0.970819
lcl|NC_037638.1_mrna_XM_026441766.1_3322	4422	4223	293.804	3.80821
lcl|NC_037638.1_mrna_XM_006571564.3_3323	2210	2011	153.625	4.18152
lcl|NC_037638.1_mrna_XM_392774.7_3324	2193	1994	721.375	19.8026
lcl|NC_037638.1_mrna_XM_003251706.4_3325	6044	5845	954	8.93407
lcl|NC_037638.1_mrna_XM_026446318.1_3326	574	375	44.8749	6.55025
lcl|NC_037638.1_mrna_XM_026441778.1_3327	1705	1506	210.602	7.65459
lcl|NC_037638.1_mrna_XM_026441784.1_3328	1326	1127	10.5914	0.514415
lcl|NC_037638.1_mrna_XM_026441826.1_3329	1297	1098	266.025	13.2619
lcl|NC_037638.1_mrna_XM_006571560.3_3330	1481	1282	256.651	10.9582
lcl|NC_037638.1_mrna_XM_006571561.3_3331	1352	1153	4.82057e-07	2.28852e-08
lcl|NC_037638.1_mrna_XM_395349.7_3332	1368	1169	896.13	41.9606
lcl|NC_037638.1_mrna_XM_026441798.1_3333	1506	1307	380.697	15.9437
lcl|NC_037638.1_mrna_XM_026441802.1_3334	1481	1282	2546.3	108.719
lcl|NC_037638.1_mrna_XM_026441796.1_3335	1495	1296	0	0
lcl|NC_037638.1_ncrna_XR_003305048.1_3336	601	402	202	27.5049
lcl|NC_037638.1_mrna_XM_006571555.3_3337	3193	2994	0	0
lcl|NC_037638.1_mrna_XM_006571557.3_3338	3177	2978	51.3406	0.943672
lcl|NC_037638.1_mrna_XM_006571556.3_3339	3235	3036	0	0
lcl|NC_037638.1_mrna_XM_006571554.3_3340	3250	3051	0	0
lcl|NC_037638.1_mrna_XM_016915637.2_3341	3126	2927	0	0
lcl|NC_037638.1_mrna_XM_006571558.3_3342	3456	3257	0	0
lcl|NC_037638.1_mrna_XM_001121303.5_3343	3823	3624	33.6594	0.508398
lcl|NC_037638.1_mrna_XM_026441839.1_3344	3838	3639	0	0
lcl|NC_037638.1_mrna_XM_026446319.1_3345	813	614	293	26.1207
lcl|NC_037638.1_mrna_XM_026445661.1_3346	11495	11296	2.96625e-05	1.43737e-07
lcl|NC_037638.1_mrna_XM_026445658.1_3347	12375	12176	1129.64	5.07832
lcl|NC_037638.1_mrna_XM_026445680.1_3348	11832	11633	1.82049e-08	8.56607e-11
lcl|NC_037638.1_mrna_XM_026445670.1_3349	11838	11639	59.6657	0.280604
lcl|NC_037638.1_mrna_XM_026445691.1_3350	11571	11372	0	0
lcl|NC_037638.1_mrna_XM_026445682.1_3351	11796	11597	9.28993e-08	4.38482e-10
lcl|NC_037638.1_mrna_XM_026445686.1_3352	11739	11540	0	0
lcl|NC_037638.1_mrna_XM_026445656.1_3353	11850	11651	0	0
lcl|NC_037638.1_mrna_XM_026445657.1_3354	12730	12531	51.4316	0.224662
lcl|NC_037638.1_mrna_XM_026445703.1_3355	11426	11227	632.245	3.08253
lcl|NC_037638.1_mrna_XM_026445700.1_3356	11537	11338	0.00184746	8.91917e-06
lcl|NC_037638.1_mrna_XM_026445694.1_3357	10835	10636	0.000899997	4.63178e-06
lcl|NC_037638.1_mrna_XM_026445692.1_3358	11555	11356	0	0
lcl|NC_037638.1_mrna_XM_026445675.1_3359	11834	11635	0	0
lcl|NC_037638.1_mrna_XM_026445697.1_3360	10739	10540	2.73575e-08	1.42076e-10
lcl|NC_037638.1_mrna_XM_026445699.1_3361	10730	10531	273.352	1.42082
lcl|NC_037638.1_mrna_XM_026445696.1_3362	10784	10585	2.46506e-07	1.27474e-09
lcl|NC_037638.1_mrna_XM_026445695.1_3363	10796	10597	23.6792	0.122312
lcl|NC_037638.1_mrna_XM_016914102.2_3364	10850	10651	2.36512e-08	1.21548e-10
lcl|NC_037638.1_mrna_XM_026445705.1_3365	10723	10524	809.11	4.20835
lcl|NC_037638.1_mrna_XM_026445662.1_3366	11096	10897	703.38	3.5332
lcl|NC_037638.1_mrna_XM_026445668.1_3367	11219	11020	304.566	1.51281
lcl|NC_037638.1_mrna_XM_026445667.1_3368	11845	11646	144.327	0.678354
lcl|NC_037638.1_mrna_XM_392181.7_3369	1315	1116	422	20.6982
lcl|NC_037638.1_mrna_XM_001121536.5_3370	2415	2216	5.09186e-05	1.25774e-06
lcl|NC_037638.1_mrna_XM_006571535.3_3371	2472	2273	549.252	13.2269
lcl|NC_037638.1_mrna_XM_006571536.3_3372	2116	1917	116.519	3.32706
lcl|NC_037638.1_mrna_XM_006571537.3_3373	1183	984	23.639	1.31498
lcl|NC_037638.1_mrna_XM_006571541.3_3374	979	780	31.5135	2.2115
lcl|NC_037638.1_mrna_XM_006571540.3_3375	1186	987	0	0
lcl|NC_037638.1_mrna_XM_006571538.3_3376	1304	1105	0	0
lcl|NC_037638.1_mrna_XM_026440850.1_3377	1294	1095	0.0004036	2.01754e-05
lcl|NC_037638.1_mrna_XM_006571539.3_3378	1284	1085	43.0765	2.17318
lcl|NC_037638.1_precursorrna_NR_127328.1_3379	88	3.91013	0	0
lcl|NC_037638.1_ncrna_3380	22	2.73612	0	0
lcl|NC_037638.1_ncrna_XR_412201.3_3381	4434	4235	710	9.17678
lcl|NC_037638.1_mrna_XM_016916167.2_3382	6618	6419	136.102	1.1606
lcl|NC_037638.1_mrna_XM_006571530.3_3383	6974	6775	0.0910694	0.000735781
lcl|NC_037638.1_mrna_XM_006571532.3_3384	6950	6751	0.00183897	1.49105e-05
lcl|NC_037638.1_mrna_XM_006571531.3_3385	6708	6509	159.805	1.34389
lcl|NC_037638.1_ncrna_XR_001705525.2_3386	1495	1296	6.82609	0.288305
lcl|NC_037638.1_ncrna_XR_412200.3_3387	3979	3780	12.1739	0.176288
lcl|NC_037638.1_mrna_NM_001278335.1_3388	6661	6462	1486.27	12.5897
lcl|NC_037638.1_mrna_XM_006571453.3_3389	5562	5363	0	0
lcl|NC_037638.1_miscrna_XR_412196.3_3390	5653	5454	138.702	1.39204
lcl|NC_037638.1_miscrna_XR_003305864.1_3391	4932	4733	34.5186	0.399211
lcl|NC_037638.1_mrna_XM_392175.7_3392	2126	1927	881.847	25.0494
lcl|NC_037638.1_mrna_XM_016913497.2_3393	1949	1750	356.153	11.14
lcl|NC_037638.1_mrna_NM_001278336.1_3394	2762	2563	228.975	4.89018
lcl|NC_037638.1_mrna_XM_016912244.2_3395	2698	2499	0.0248035	0.000543291
lcl|NC_037638.1_mrna_XM_006571525.3_3396	1852	1653	672	22.2526
lcl|NC_037638.1_mrna_XM_006571508.3_3397	906	707	170.791	13.223
lcl|NC_037638.1_mrna_XM_026444253.1_3398	992	793	92.2093	6.36483
lcl|NC_037638.1_mrna_XM_026444262.1_3399	849	650	0	0
lcl|NC_037638.1_mrna_XM_006571509.3_3400	2314	2115	229.891	5.94973
lcl|NC_037638.1_mrna_XM_016913574.2_3401	2268	2069	264.109	6.98727
lcl|NC_037638.1_mrna_XM_006571510.3_3402	5521	5322	0	0
lcl|NC_037638.1_mrna_XM_016913511.2_3403	5675	5476	0	0
lcl|NC_037638.1_mrna_XM_016913516.2_3404	5672	5473	0	0
lcl|NC_037638.1_mrna_XM_016913544.2_3405	5606	5407	32.1177	0.325142
lcl|NC_037638.1_mrna_XM_016913563.2_3406	5504	5305	782.671	8.07568
lcl|NC_037638.1_mrna_XM_016913519.2_3407	5672	5473	0	0
lcl|NC_037638.1_mrna_XM_026444195.1_3408	5648	5449	0	0
lcl|NC_037638.1_mrna_XM_016913521.2_3409	5654	5455	86.3408	0.866376
lcl|NC_037638.1_mrna_XM_016913530.2_3410	5651	5452	0	0
lcl|NC_037638.1_mrna_XM_016913537.2_3411	5627	5428	0	0
lcl|NC_037638.1_mrna_XM_006571524.3_3412	5624	5425	1.04084	0.0105019
lcl|NC_037638.1_mrna_XM_016913539.2_3413	5624	5425	0	0
lcl|NC_037638.1_mrna_XM_016913526.2_3414	5654	5455	0	0
lcl|NC_037638.1_mrna_XM_016913542.2_3415	5606	5407	1.94787e-06	1.97192e-08
lcl|NC_037638.1_mrna_XM_016913553.2_3416	5603	5404	1122.83	11.3732
lcl|NC_037638.1_mrna_XM_016913550.2_3417	5603	5404	0	0
lcl|NC_037638.1_miscrna_XR_001706415.2_3418	1825	1626	747.129	25.1513
lcl|NC_037638.1_miscrna_XR_001706417.2_3419	1774	1575	1262.71	43.8843
lcl|NC_037638.1_miscrna_XR_003304558.1_3420	1797	1598	604.935	20.7213
lcl|NC_037638.1_miscrna_XR_001706416.2_3421	1798	1599	0	0
lcl|NC_037638.1_mrna_XM_016917786.2_3422	3091	2892	1966.12	37.2132
lcl|NC_037638.1_mrna_XM_016917787.2_3423	1798	1599	1395.11	47.7577
lcl|NC_037638.1_mrna_XM_623238.6_3424	1585	1386	963.694	38.0593
lcl|NC_037638.1_mrna_XM_006571497.3_3425	1448	1249	3018.16	132.271
lcl|NC_037638.1_mrna_XM_006571498.3_3426	1523	1324	792.452	32.762
lcl|NC_037638.1_mrna_XM_006571499.3_3427	1494	1295	79.6965	3.36864
lcl|NC_037638.1_mrna_XM_003251702.4_3428	3358	3159	1271	22.0232
lcl|NC_037638.1_ncrna_XR_001704665.2_3429	525	326	0	0
lcl|NC_037638.1_mrna_XM_026446250.1_3430	4618	4419	2350	29.1091
lcl|NC_037638.1_mrna_XM_026446255.1_3431	3732	3533	988.429	15.314
lcl|NC_037638.1_mrna_XM_026446252.1_3432	3939	3740	1292.04	18.9099
lcl|NC_037638.1_mrna_XM_026446251.1_3433	5290	5091	28413.8	305.5
lcl|NC_037638.1_mrna_XM_026446253.1_3434	3837	3638	26039.6	391.793
lcl|NC_037638.1_mrna_XM_026446254.1_3435	3714	3515	1171.18	18.2383
lcl|NC_037638.1_mrna_XM_006571494.3_3436	7283	7084	35.3417	0.273083
lcl|NC_037638.1_mrna_XM_016917687.2_3437	7592	7393	21.6047	0.15996
lcl|NC_037638.1_mrna_XM_016917686.2_3438	7590	7391	0	0
lcl|NC_037638.1_mrna_XM_006571491.3_3439	7735	7536	948.757	6.89127
lcl|NC_037638.1_mrna_XM_006571492.3_3440	7277	7078	0	0
lcl|NC_037638.1_mrna_XM_006571493.3_3441	7777	7578	3.99451	0.0288532
lcl|NC_037638.1_precursorrna_NR_034305.1_3442	100	4.26726	0	0
lcl|NC_037638.1_ncrna_3443	22	2.73612	0	0
lcl|NC_037638.1_ncrna_XR_003304818.1_3444	2315	2116	181	4.68218
lcl|NC_037638.1_ncrna_XR_003304819.1_3445	2036	1837	0	0
lcl|NC_037638.1_mrna_XM_001122093.5_3446	2382	2183	770	19.3073
lcl|NC_037638.1_mrna_XM_392174.7_3447	2019	1820	917	27.5793
lcl|NC_037638.1_mrna_XM_006571481.3_3448	709	510	152.273	16.3433
lcl|NC_037638.1_mrna_XM_006571482.3_3449	633	434	68.8463	8.68313
lcl|NC_037638.1_mrna_XM_006571480.3_3450	731	532	84.8805	8.73337
lcl|NC_037638.1_mrna_XM_026446205.1_3451	1667	1468	12.2324	0.456113
lcl|NC_037638.1_mrna_XM_006571489.3_3452	1957	1758	13.7039	0.426689
lcl|NC_037638.1_mrna_XM_006571484.3_3453	1326	1127	47.0658	2.28595
lcl|NC_037638.1_mrna_XM_006571487.3_3454	1594	1395	79.4896	3.11904
lcl|NC_037638.1_mrna_XM_026446207.1_3455	1170	971	20.7904	1.172
lcl|NC_037638.1_mrna_XM_016916536.2_3456	1221	1022	0	0
lcl|NC_037638.1_mrna_XM_006571483.3_3457	1170	971	0	0
lcl|NC_037638.1_mrna_XM_016916544.2_3458	1443	1244	0	0
lcl|NC_037638.1_mrna_XM_006571485.3_3459	1483	1284	143.132	6.10177
lcl|NC_037638.1_mrna_XM_006571490.3_3460	1896	1697	711.889	22.9623
lcl|NC_037638.1_mrna_XM_392808.7_3461	2213	2014	6377.76	173.338
lcl|NC_037638.1_mrna_XM_016916520.2_3462	2006	1807	54.9354	1.6641
lcl|NC_037638.1_mrna_XM_006571479.3_3463	1852	1653	275.5	9.12292
lcl|NC_037638.1_mrna_XM_006571478.3_3464	1768	1569	622.5	21.7171
lcl|NC_037638.1_mrna_XM_026439516.1_3465	1539	1340	19	0.776129
lcl|NC_037638.1_mrna_XM_393012.7_3466	1109	910	179	10.7671
lcl|NC_037638.1_mrna_XM_026439518.1_3467	2558	2359	101	2.34357
lcl|NC_037638.1_mrna_XM_625036.5_3468	1547	1348	882.933	35.8528
lcl|NC_037638.1_mrna_XM_006571475.2_3469	1466	1267	97.0675	4.19356
lcl|NC_037638.1_mrna_XM_001120360.5_3470	637	438	4961	619.984
lcl|NC_037638.1_mrna_XM_016916454.2_3471	1038	839	1482	96.6878
lcl|NC_037638.1_mrna_XM_016916451.2_3472	1144	945	717.173	41.541
lcl|NC_037638.1_mrna_XM_026443368.1_3473	1147	948	13.1354	0.75844
lcl|NC_037638.1_mrna_XM_016916450.2_3474	1194	995	79.692	4.38407
lcl|NC_037638.1_precursorrna_NR_127352.1_3475	78	3.65937	0	0
lcl|NC_037638.1_ncrna_3476	21	2.72438	0	0
lcl|NC_037638.1_precursorrna_NR_034293.1_3477	100	4.26726	0	0
lcl|NC_037638.1_ncrna_3478	19	2.70091	0	0
lcl|NC_037638.1_mrna_XM_001123143.5_3479	656	457	162	19.4037
lcl|NC_037638.1_mrna_XM_026446320.1_3480	1513	1314	115	4.79058
lcl|NC_037638.1_mrna_XM_624746.6_3481	770	571	870	83.4005
lcl|NC_037638.1_mrna_XM_016916449.2_3482	579	380	111	15.9891
lcl|NC_037638.1_mrna_XM_026442834.1_3483	2999	2800	285	5.5715
lcl|NC_037638.1_mrna_XM_026442833.1_3484	3055	2856	0	0
lcl|NC_037638.1_mrna_XM_624690.6_3485	1352	1153	1435	68.1252
lcl|NC_037638.1_mrna_XM_396165.7_3486	1938	1739	509.772	16.0458
lcl|NC_037638.1_mrna_XM_006571467.3_3487	1933	1734	92.2277	2.91137
lcl|NC_037638.1_mrna_XM_026443914.1_3488	2471	2272	377	9.08277
lcl|NC_037638.1_mrna_XM_623426.6_3489	1098	899	1158	70.5073
lcl|NC_037638.1_mrna_XM_026443225.1_3490	2279	2080	464	12.2107
lcl|NC_037638.1_mrna_XM_395842.6_3491	2475	2276	1518.89	36.5292
lcl|NC_037638.1_miscrna_XR_412198.2_3492	2440	2241	64.1073	1.56585
lcl|NC_037638.1_mrna_XM_006571465.2_3493	2487	2288	0.00105658	2.52775e-05
lcl|NC_037638.1_mrna_XM_392973.5_3494	1533	1334	1184	48.5826
lcl|NC_037638.1_mrna_XM_016912595.2_3495	540	341	6.31481	1.01366
lcl|NC_037638.1_mrna_NM_001077819.1_3496	378	179	5.68519	1.73851
lcl|NC_037638.1_mrna_XM_026443055.1_3497	508	309	0	0
lcl|NC_037638.1_mrna_NM_001078661.1_3498	315	116	0	0
lcl|NC_037638.1_mrna_XM_006571464.2_3499	4143	3944	104.928	1.45626
lcl|NC_037638.1_miscrna_XR_412197.2_3500	4066	3867	498.873	7.06157
lcl|NC_037638.1_miscrna_XR_003304718.1_3501	3674	3475	120.199	1.89335
lcl|NC_037638.1_mrna_XM_392753.7_3502	1586	1387	636	25.0996
lcl|NC_037638.1_mrna_XM_016916486.2_3503	666	467	115	13.4793
lcl|NC_037638.1_mrna_XM_006571462.3_3504	934	735	2495	185.81
lcl|NC_037638.1_mrna_XM_026442783.1_3505	1220	1021	25.8283	1.3847
lcl|NC_037638.1_mrna_XM_026442785.1_3506	1168	969	33.4782	1.89114
lcl|NC_037638.1_mrna_XM_026442781.1_3507	1222	1023	271.694	14.5375
lcl|NC_037638.1_mrna_XM_016916035.2_3508	663	464	4	0.471875
lcl|NC_037638.1_mrna_XM_016916040.2_3509	678	479	0	0
lcl|NC_037638.1_mrna_XM_016916044.2_3510	444	245	1	0.223419
lcl|NC_037638.1_mrna_XM_026442794.1_3511	671	472	1252	145.194
lcl|NC_037638.1_mrna_XM_016916524.2_3512	573	374	0	0
lcl|NC_037638.1_mrna_XM_006571461.3_3513	528	329	0	0
lcl|NC_037638.1_mrna_XM_026442795.1_3514	1185	986	322.777	17.9189
lcl|NC_037638.1_mrna_XM_026442798.1_3515	1185	986	276.666	15.359
lcl|NC_037638.1_mrna_XM_026442799.1_3516	1009	810	1262.56	85.3201
lcl|NC_037638.1_mrna_XM_623776.6_3517	497	298	3559	653.728
lcl|NC_037638.1_mrna_XM_396967.6_3518	3016	2817	680	13.2132
lcl|NC_037638.1_mrna_XM_026446321.1_3519	1871	1672	56.4483	1.84799
lcl|NC_037638.1_mrna_XM_026446331.1_3520	1661	1462	900.571	33.7175
lcl|NC_037638.1_mrna_XM_026446323.1_3521	1754	1555	2039.98	71.8093
lcl|NC_037638.1_mrna_XM_001119891.5_3522	702	503	295	32.1025
lcl|NC_037638.1_mrna_XM_026446316.1_3523	4059	3860	2088	29.6093
lcl|NC_037638.1_mrna_XM_006571631.3_3524	1127	928	133	7.84493
lcl|NC_037638.1_mrna_NM_001012963.1_3525	476	277	0	0
lcl|NC_037638.1_mrna_XM_001119904.4_3526	2430	2231	235	5.76572
lcl|NC_037638.1_mrna_XM_396993.7_3527	1532	1333	183.164	7.52135
lcl|NC_037638.1_mrna_XM_016915281.2_3528	1489	1290	1139.24	48.3405
lcl|NC_037638.1_miscrna_XR_412205.3_3529	1795	1596	1099.59	37.7125
lcl|NC_037638.1_mrna_XM_026446159.1_3530	1217	1018	221.113	11.8892
lcl|NC_037638.1_mrna_XM_393536.6_3531	1194	995	46.8871	2.57938
lcl|NC_037638.1_mrna_XM_003251721.4_3532	1883	1684	971	31.5618
lcl|NC_037638.1_mrna_XM_006571632.3_3533	4880	4681	1924	22.4984
lcl|NC_037638.1_mrna_XM_395017.7_3534	826	627	197	17.1982
lcl|NC_037638.1_mrna_XM_003251722.4_3535	7043	6844	299.235	2.39325
lcl|NC_037638.1_mrna_XM_026443045.1_3536	3991	3792	1375	19.8481
lcl|NC_037638.1_mrna_XM_026445202.1_3537	375	176	149	46.3403
lcl|NC_037638.1_mrna_XM_006571633.2_3538	766	567	178	17.1839
lcl|NC_037638.1_mrna_XM_006571634.3_3539	3546	3347	376	6.14918
lcl|NC_037638.1_mrna_XM_006571635.3_3540	1988	1789	0	0
lcl|NC_037638.1_mrna_XM_395682.7_3541	1975	1776	66.1277	2.0381
lcl|NC_037638.1_mrna_XM_016917898.2_3542	1787	1588	103.872	3.58043
lcl|NC_037638.1_mrna_XM_624574.6_3543	1746	1547	403.333	14.2711
lcl|NC_037638.1_mrna_XM_006571638.3_3544	1742	1543	205.667	7.296
lcl|NC_037638.1_mrna_XM_006571641.3_3545	1824	1625	0	0
lcl|NC_037638.1_mrna_XM_624446.6_3546	1851	1652	389.215	12.8963
lcl|NC_037638.1_mrna_XM_006571642.3_3547	1660	1461	989.785	37.0831
lcl|NC_037638.1_mrna_XM_006571644.3_3548	6554	6355	57.2309	0.492947
lcl|NC_037638.1_mrna_XM_026442523.1_3549	6533	6334	0	0
lcl|NC_037638.1_mrna_XM_006571643.3_3550	6410	6211	249.438	2.1983
lcl|NC_037638.1_mrna_XM_394253.7_3551	6348	6149	0.330645	0.00294336
lcl|NC_037638.1_mrna_XM_392172.7_3552	1495	1296	1060	44.7699
lcl|NC_037638.1_mrna_XM_394252.5_3553	5593	5394	2249.57	22.8283
lcl|NC_037638.1_mrna_XM_026442273.1_3554	5903	5704	19.4761	0.1869
lcl|NC_037638.1_mrna_XM_006571647.3_3555	7015	6816	2.07302e-05	1.66479e-07
lcl|NC_037638.1_mrna_XM_006571650.3_3556	6973	6774	566.688	4.57914
lcl|NC_037638.1_mrna_XM_006571651.3_3557	6916	6717	102.681	0.83676
lcl|NC_037638.1_mrna_XM_006571655.3_3558	6874	6675	0	0
lcl|NC_037638.1_mrna_XM_006571648.3_3559	7003	6804	7.93633e-08	6.3847e-10
lcl|NC_037638.1_mrna_XM_016915976.2_3560	6862	6663	0	0
lcl|NC_037638.1_mrna_XM_006571653.3_3561	6895	6696	2.26733e-06	1.85346e-08
lcl|NC_037638.1_mrna_XM_006571657.3_3562	6853	6654	89.518	0.736398
lcl|NC_037638.1_mrna_XM_016915980.2_3563	6796	6597	14.7464	0.122356
lcl|NC_037638.1_mrna_XM_016915986.2_3564	6754	6555	0	0
lcl|NC_037638.1_mrna_XM_026442233.1_3565	6883	6684	0	0
lcl|NC_037638.1_mrna_XM_026442270.1_3566	6742	6543	0	0
lcl|NC_037638.1_mrna_XM_006571659.3_3567	6799	6600	5.01396e-07	4.15836e-09
lcl|NC_037638.1_mrna_XM_006571661.3_3568	6757	6558	26.5844	0.221892
lcl|NC_037638.1_mrna_XM_006571656.3_3569	6862	6663	0	0
lcl|NC_037638.1_mrna_XM_006571649.3_3570	7003	6804	2.24054e-07	1.80249e-09
lcl|NC_037638.1_mrna_XM_006571658.3_3571	6838	6639	238.654	1.96766
lcl|NC_037638.1_mrna_XM_006571652.3_3572	6903	6704	63.6525	0.519717
lcl|NC_037638.1_ncrna_XR_412211.3_3573	6724	6525	6.43353	0.0539702
lcl|NC_037638.1_ncrna_XR_001705461.2_3574	8429	8230	34.7697	0.231252
lcl|NC_037638.1_mrna_XM_026442277.1_3575	9656	9457	1071.66	6.20283
lcl|NC_037638.1_mrna_XM_026442281.1_3576	11059	10860	729.593	3.67736
lcl|NC_037638.1_mrna_XM_003251723.4_3577	4645	4446	7	0.0861815
lcl|NC_037638.1_mrna_XM_016916682.2_3578	3537	3338	15004	246.04
lcl|NC_037638.1_mrna_XM_006571667.3_3579	1174	975	220	12.351
lcl|NC_037638.1_ncrna_XR_001704603.2_3580	1110	911	1	0.0600851
lcl|NC_037638.1_mrna_XM_006571674.3_3581	1946	1747	1086.45	34.0409
lcl|NC_037638.1_mrna_XM_003251724.4_3582	2580	2381	238.2	5.47604
lcl|NC_037638.1_mrna_XM_006571673.3_3583	2445	2246	92.6681	2.25843
lcl|NC_037638.1_mrna_XM_006571676.3_3584	2105	1906	131.684	3.78176
lcl|NC_037638.1_mrna_XM_026442308.1_3585	2370	2171	321.962	8.11764
lcl|NC_037638.1_mrna_XM_026442303.1_3586	1566	1367	224.038	8.97096
lcl|NC_037638.1_mrna_XM_026442317.1_3587	1473	1274	8	0.343721
lcl|NC_037638.1_ncrna_XR_003305172.1_3588	521	322	0	0
lcl|NC_037638.1_mrna_XM_016915409.2_3589	3077	2878	3832.97	72.9004
lcl|NC_037638.1_mrna_XM_026442324.1_3590	2138	1939	2301.03	64.9576
lcl|NC_037638.1_mrna_XM_016915393.2_3591	5666	5467	890.075	8.91175
lcl|NC_037638.1_mrna_XM_006571679.3_3592	6020	5821	1315.48	12.3701
lcl|NC_037638.1_ncrna_XR_001705165.2_3593	1763	1564	3	0.104995
lcl|NC_037638.1_mrna_XM_006571681.3_3594	5059	4860	1611.44	18.1495
lcl|NC_037638.1_mrna_XM_026442938.1_3595	1443	1244	15.6394	0.688153
lcl|NC_037638.1_mrna_XM_026442942.1_3596	1403	1204	281.752	12.8093
lcl|NC_037638.1_mrna_XM_026442950.1_3597	1332	1133	250.609	12.1074
lcl|NC_037638.1_mrna_XM_026442935.1_3598	1768	1569	172	6.00055
lcl|NC_037638.1_mrna_XM_396701.6_3599	1179	980	181	10.1097
lcl|NC_037638.1_mrna_XM_026446219.1_3600	8523	8324	739	4.85957
lcl|NC_037638.1_mrna_XM_016915111.2_3601	616	417	26	3.41289
lcl|NC_037638.1_mrna_XM_006571686.3_3602	4289	4090	910	12.1788
lcl|NC_037638.1_mrna_XM_623634.6_3603	2111	1912	1445.78	41.3905
lcl|NC_037638.1_mrna_XM_006571687.3_3604	2137	1938	412.218	11.6428
lcl|NC_037638.1_mrna_XM_006571688.3_3605	1613	1414	1331	51.5245
lcl|NC_037638.1_mrna_XM_001121333.5_3606	1738	1539	2147	76.3623
lcl|NC_037638.1_mrna_XM_026446269.1_3607	3976	3777	3.14522e-05	4.55816e-07
lcl|NC_037638.1_miscrna_XR_003306528.1_3608	3942	3743	2.84266	0.041571
lcl|NC_037638.1_mrna_XM_026446268.1_3609	12033	11834	98.3154	0.454753
lcl|NC_037638.1_ncrna_XR_003306530.1_3610	865	666	0	0
lcl|NC_037638.1_ncrna_XR_001705419.2_3611	3745	3546	0	0
lcl|NC_037638.1_ncrna_XR_001705420.2_3612	3721	3522	1.99991	0.0310818
lcl|NC_037638.1_ncrna_XR_001705421.2_3613	3749	3550	9.14093e-05	1.40944e-06
lcl|NC_037638.1_ncrna_XR_001705418.2_3614	3825	3626	0	0
lcl|NC_037638.1_mrna_NM_001037318.2_3615	2514	2315	6.00595	0.142009
lcl|NC_037638.1_mrna_XM_016911467.2_3616	2699	2500	0	0
lcl|NC_037638.1_mrna_XM_006571623.3_3617	2887	2688	93.9941	1.91406
lcl|NC_037638.1_mrna_XM_003251731.4_3618	645	446	171168	21007.4
lcl|NC_037638.1_miscrna_XR_003305726.1_3619	2986	2787	441	8.66138
lcl|NC_037638.1_mrna_XM_026443919.1_3620	3060	2861	0	0
lcl|NC_037638.1_mrna_XM_026446345.1_3621	6649	6450	3399	28.8454
lcl|NC_037638.1_mrna_XM_016917951.1_3622	805	606	1.25443e+06	113308
lcl|NC_037638.1_mrna_XM_003251734.4_3623	5247	5048	6436.75	69.7963
lcl|NC_037638.1_mrna_XM_006571698.3_3624	5220	5021	2298.25	25.0549
lcl|NC_037638.1_mrna_XM_006571697.3_3625	3393	3194	201.45	3.45237
lcl|NC_037638.1_mrna_XM_026446186.1_3626	2259	2060	521.073	13.8458
lcl|NC_037638.1_ncrna_XR_003306522.1_3627	3253	3054	3	0.0537697
lcl|NC_037638.1_mrna_XM_006571742.3_3628	3868	3669	1.00006	0.0149199
lcl|NC_037638.1_mrna_XM_003251743.4_3629	648	449	0	0
lcl|NC_037638.1_ncrna_XR_003306103.1_3630	3410	3211	3	0.0511406
lcl|NC_037638.1_mrna_XM_026445773.1_3631	2158	1959	8.97139	0.250675
lcl|NC_037638.1_mrna_XM_026445774.1_3632	2137	1938	0	0
lcl|NC_037638.1_miscrna_XR_003306248.1_3633	2214	2015	0	0
lcl|NC_037638.1_miscrna_XR_003306246.1_3634	2215	2016	0	0
lcl|NC_037638.1_miscrna_XR_003306247.1_3635	2653	2454	0	0
lcl|NC_037638.1_mrna_XM_026445775.1_3636	2540	2341	4.68783	0.109611
lcl|NC_037638.1_miscrna_XR_003306264.1_3637	3218	3019	19.732	0.357762
lcl|NC_037638.1_miscrna_XR_003306265.1_3638	3065	2866	59.0628	1.12804
lcl|NC_037638.1_miscrna_XR_003306261.1_3639	2178	1979	9.94595	0.275097
lcl|NC_037638.1_miscrna_XR_003306262.1_3640	2356	2157	3.74511	0.0950385
lcl|NC_037638.1_miscrna_XR_003306263.1_3641	2523	2324	9.3842	0.221028
lcl|NC_037638.1_ncrna_XR_001706492.2_3642	2105	1906	23.9598	0.688092
lcl|NC_037638.1_mrna_NM_001220486.1_3643	2643	2444	838	18.7684
lcl|NC_037638.1_mrna_NM_001220487.1_3644	2747	2548	55	1.18154
lcl|NC_037638.1_mrna_NM_001160048.1_3645	2744	2545	12169	261.729
lcl|NC_037638.1_mrna_XM_624120.6_3646	1488	1289	2680.87	113.844
lcl|NC_037638.1_mrna_XM_006571731.3_3647	1428	1229	101.125	4.50395
lcl|NC_037638.1_mrna_XM_026446329.1_3648	3096	2897	580	10.9588
lcl|NC_037638.1_ncrna_XR_003305588.1_3649	482	283	2	0.386838
lcl|NC_037638.1_ncrna_XR_003305587.1_3650	3050	2851	8	0.153595
lcl|NC_037638.1_mrna_XM_003251746.4_3651	5250	5051	2020.9	21.9004
lcl|NC_037638.1_mrna_XM_006571724.3_3652	3937	3738	0	0
lcl|NC_037638.1_mrna_XM_006571725.3_3653	4167	3968	45.1326	0.622593
lcl|NC_037638.1_mrna_XM_006571726.3_3654	1535	1336	3	0.122914
lcl|NC_037638.1_mrna_XM_003251744.3_3655	3321	3122	0	0
lcl|NC_037638.1_mrna_XM_016911521.2_3656	3058	2859	0	0
lcl|NC_037638.1_mrna_XM_026446330.1_3657	852	653	0	0
lcl|NC_037638.1_mrna_XM_026443658.1_3658	2250	2051	0	0
lcl|NC_037638.1_mrna_XM_006571728.3_3659	3648	3449	0	0
lcl|NC_037638.1_mrna_XM_006571730.3_3660	3422	3223	0.113857	0.00193368
lcl|NC_037638.1_mrna_XM_006571729.3_3661	3408	3209	27.6874	0.472279
lcl|NC_037638.1_mrna_XM_016911515.2_3662	1519	1320	0	0
lcl|NC_037638.1_trna_3663	84	3.8053	0	0
lcl|NC_037638.1_mrna_XM_026446309.1_3664	6105	5906	0	0
lcl|NC_037638.1_mrna_XM_026446306.1_3665	5767	5568	2.39351	0.0235299
lcl|NC_037638.1_mrna_XM_026446307.1_3666	6917	6718	7748.55	63.1344
lcl|NC_037638.1_mrna_XM_026446310.1_3667	7411	7212	813.633	6.1753
lcl|NC_037638.1_mrna_XM_026446308.1_3668	5728	5529	20.6921	0.204853
lcl|NC_037638.1_mrna_XM_026446311.1_3669	1938	1739	550.587	17.3305
lcl|NC_037638.1_mrna_XM_026446312.1_3670	1114	915	2	0.119645
lcl|NC_037638.1_mrna_XM_001120941.5_3671	709	510	198	21.251
lcl|NC_037638.1_mrna_XM_006571716.3_3672	4601	4402	4235.14	52.6626
lcl|NC_037638.1_mrna_XM_003251740.3_3673	5813	5614	2386.48	23.2686
lcl|NC_037638.1_mrna_XM_006571717.3_3674	4632	4433	0.287805	0.00355375
lcl|NC_037638.1_mrna_XM_006571719.3_3675	4778	4579	76.8109	0.918201
lcl|NC_037638.1_mrna_XM_006571718.2_3676	4786	4587	4885.48	58.2993
lcl|NC_037638.1_mrna_XM_026446160.1_3677	4462	4263	409.809	5.26201
lcl|NC_037638.1_mrna_XM_006571702.3_3678	2669	2470	264.188	5.85466
lcl|NC_037638.1_mrna_NM_001040255.1_3679	1893	1694	76.8119	2.48199
lcl|NC_037638.1_mrna_XM_006571710.3_3680	5132	4933	0.000321507	3.56751e-06
lcl|NC_037638.1_mrna_XM_395725.7_3681	5127	4928	116.533	1.29439
lcl|NC_037638.1_mrna_XM_006571712.3_3682	3689	3490	60.8811	0.954867
lcl|NC_037638.1_mrna_XM_006571711.3_3683	3692	3493	20.5853	0.322584
lcl|NC_037638.1_mrna_XM_006571713.3_3684	658	459	955.021	113.89
lcl|NC_037638.1_mrna_XM_006571714.3_3685	489	290	45.9793	8.67859
lcl|NC_037638.1_mrna_XM_006572587.3_3686	1527	1328	646	26.6268
lcl|NC_037638.1_ncrna_XR_001706388.2_3687	111	4.6639	0	0
lcl|NC_037638.1_mrna_XM_006571708.3_3688	2744	2545	10	0.215079
lcl|NC_037638.1_mrna_XM_624559.6_3689	1529	1330	194.161	7.9909
lcl|NC_037638.1_mrna_XM_026442106.1_3690	1517	1318	430.822	17.8924
lcl|NC_037638.1_mrna_XM_006571704.3_3691	1477	1278	269.032	11.5228
lcl|NC_037638.1_mrna_XM_006571706.1_3692	1303	1104	64.985	3.22203
lcl|NC_037638.1_mrna_XM_026442083.1_3693	4541	4342	306.684	3.86622
lcl|NC_037638.1_mrna_XM_026442077.1_3694	4433	4234	0.00610074	7.88709e-05
lcl|NC_037638.1_mrna_XM_016912869.2_3695	4434	4235	354.31	4.57947
lcl|NC_037638.1_mrna_XM_016912872.2_3696	4272	4073	0	0
lcl|NC_037638.1_mrna_XM_026442085.1_3697	4170	3971	0	0
lcl|NC_037638.1_mrna_XM_016912866.2_3698	4152	3953	0	0
lcl|NC_037638.1_mrna_XM_026442091.1_3699	3526	3327	3.42041	0.0562743
lcl|NC_037638.1_mrna_XM_026442090.1_3700	4261	4062	16.5796	0.223419
lcl|NC_037638.1_mrna_XM_026442095.1_3701	4414	4215	0	0
lcl|NC_037638.1_mrna_XM_026442088.1_3702	4429	4230	0	0
lcl|NC_037638.1_mrna_XM_026442093.1_3703	4659	4460	0	0
lcl|NC_037638.1_mrna_XM_026442576.1_3704	1774	1575	553.688	19.2429
lcl|NC_037638.1_mrna_NM_001242434.1_3705	1729	1530	84.3805	3.01881
lcl|NC_037638.1_mrna_NM_001242435.1_3706	3041	2842	157.456	3.03263
lcl|NC_037638.1_mrna_XM_006571703.3_3707	2348	2149	664.476	16.925
lcl|NC_037638.1_mrna_XM_026439236.1_3708	4548	4349	687.247	8.64986
lcl|NC_037638.1_mrna_XM_026439239.1_3709	4530	4331	74.7527	0.944765
lcl|NC_037638.1_mrna_XM_392630.6_3710	3266	3067	2768	49.4012
lcl|NC_037638.1_mrna_XM_001122830.4_3711	1643	1444	1430	54.2068
lcl|NC_037639.1_mrna_XM_026446482.1_3712	785	586	56.7097	5.29718
lcl|NC_037639.1_mrna_XM_001122332.5_3713	754	555	13.2903	1.31078
lcl|NC_037639.1_mrna_XM_624023.5_3714	1576	1377	0	0
lcl|NC_037639.1_mrna_XM_006571857.3_3715	1396	1197	1	0.0457289
lcl|NC_037639.1_mrna_XM_026439068.1_3716	1584	1385	7.87789	0.311347
lcl|NC_037639.1_mrna_XM_026439067.1_3717	2175	1976	0	0
lcl|NC_037639.1_mrna_XM_026439069.1_3718	2141	1942	32.3168	0.910885
lcl|NC_037639.1_mrna_XM_624808.5_3719	1838	1639	520	17.3664
lcl|NC_037639.1_mrna_XM_003251771.4_3720	3775	3576	812	12.4292
lcl|NC_037639.1_mrna_XM_003251769.4_3721	1021	822	3.86573	0.257421
lcl|NC_037639.1_mrna_XM_006571855.3_3722	766	567	28.1343	2.71605
lcl|NC_037639.1_mrna_XM_026439139.1_3723	574	375	1.61825e-08	2.36211e-09
lcl|NC_037639.1_mrna_XM_026439140.1_3724	567	368	344	51.1677
lcl|NC_037639.1_mrna_XM_624291.6_3725	779	580	5	0.471875
lcl|NC_037639.1_mrna_XM_026439002.1_3726	2373	2174	718.231	18.0838
lcl|NC_037639.1_miscrna_XR_003304166.1_3727	2287	2088	235.769	6.18076
lcl|NC_037639.1_mrna_XM_006572198.3_3728	430	231	420	99.5228
lcl|NC_037639.1_mrna_XM_016917439.2_3729	1466	1267	138.906	6.0011
lcl|NC_037639.1_mrna_XM_016917441.2_3730	1393	1194	262.094	12.0154
lcl|NC_037639.1_mrna_XM_016917438.2_3731	3243	3044	1979	35.5866
lcl|NC_037639.1_mrna_XM_026438970.1_3732	3115	2916	69.4195	1.3031
lcl|NC_037639.1_mrna_XM_026438967.1_3733	3421	3222	74.5805	1.26702
lcl|NC_037639.1_mrna_XM_006572017.3_3734	3463	3264	0	0
lcl|NC_037639.1_mrna_XM_026438968.1_3735	3347	3148	0	0
lcl|NC_037639.1_mrna_XM_026438969.1_3736	3187	2988	0	0
lcl|NC_037639.1_mrna_XM_016917342.2_3737	884	685	778	62.1691
lcl|NC_037639.1_mrna_XM_003251812.4_3738	1174	975	551	30.9337
lcl|NC_037639.1_mrna_XM_026446510.1_3739	4689	4490	0	0
lcl|NC_037639.1_mrna_XM_026446511.1_3740	4686	4487	0	0
lcl|NC_037639.1_mrna_XM_006572009.3_3741	4092	3893	0	0
lcl|NC_037639.1_mrna_XM_026446512.1_3742	4673	4474	127	1.55379
lcl|NC_037639.1_mrna_XM_026446513.1_3743	4441	4242	0	0
lcl|NC_037639.1_ncrna_XR_003306565.1_3744	537	338	0	0
lcl|NC_037639.1_mrna_XM_026438976.1_3745	3939	3740	5386	78.8279
lcl|NC_037639.1_mrna_XM_006572033.3_3746	1133	934	22.3384	1.30915
lcl|NC_037639.1_mrna_XM_006572032.3_3747	1391	1192	55.6616	2.55602
lcl|NC_037639.1_mrna_XM_016917348.2_3748	1650	1451	0	0
lcl|NC_037639.1_miscrna_XR_412340.3_3749	3714	3515	273.312	4.25617
lcl|NC_037639.1_mrna_XM_026446467.1_3750	3483	3284	0	0
lcl|NC_037639.1_mrna_XM_016917347.2_3751	3597	3398	0	0
lcl|NC_037639.1_mrna_XM_016917346.2_3752	3654	3455	0.221306	0.00350614
lcl|NC_037639.1_mrna_XM_016917345.2_3753	3768	3569	568.467	8.71854
lcl|NC_037639.1_mrna_XM_624792.6_3754	1611	1412	4.9764	0.192915
lcl|NC_037639.1_mrna_XM_026446468.1_3755	1617	1418	0.0235993	0.000910979
lcl|NC_037639.1_mrna_XM_006572029.2_3756	1373	1174	23	1.07237
lcl|NC_037639.1_mrna_XM_006572028.3_3757	1147	948	5	0.2887
lcl|NC_037639.1_mrna_XM_026439195.1_3758	3548	3349	1757	28.7172
lcl|NC_037639.1_ncrna_XR_003304206.1_3759	2201	2002	92.8298	2.5381
lcl|NC_037639.1_ncrna_XR_119732.4_3760	642	443	11.1702	1.3802
lcl|NC_037639.1_ncrna_XR_001702257.2_3761	693	494	0	0
lcl|NC_037639.1_ncrna_XR_003304207.1_3762	3876	3677	18	0.267956
lcl|NC_037639.1_ncrna_XR_003304209.1_3763	970	771	15	1.06493
lcl|NC_037639.1_ncrna_XR_003304208.1_3764	2056	1857	2	0.0589527
lcl|NC_037639.1_mrna_XM_016910871.2_3765	5987	5788	48.5692	0.459322
lcl|NC_037639.1_mrna_XM_026439194.1_3766	6069	5870	1731.94	16.1503
lcl|NC_037639.1_mrna_XM_006557621.3_3767	5834	5635	443.828	4.31128
lcl|NC_037639.1_mrna_XM_016910869.2_3768	5932	5733	36.198	0.345611
lcl|NC_037639.1_mrna_XM_006557625.3_3769	6017	5818	1228.58	11.5588
lcl|NC_037639.1_mrna_XM_006557624.3_3770	6029	5830	0	0
lcl|NC_037639.1_mrna_XM_006557623.3_3771	6032	5833	0	0
lcl|NC_037639.1_mrna_XM_026439192.1_3772	6172	5973	204.883	1.87758
lcl|NC_037639.1_mrna_XM_026438852.1_3773	2115	1916	191.614	5.47416
lcl|NC_037639.1_mrna_XM_026438851.1_3774	2095	1896	584.262	16.8676
lcl|NC_037639.1_mrna_XM_026438853.1_3775	1899	1700	3298.12	106.195
lcl|NC_037639.1_mrna_XM_026438847.1_3776	2707	2508	53.9549	1.17758
lcl|NC_037639.1_mrna_XM_026438848.1_3777	2644	2445	1.33543e-07	2.98971e-09
lcl|NC_037639.1_mrna_XM_026438849.1_3778	2641	2442	3260.04	73.0739
lcl|NC_037639.1_mrna_XM_026438850.1_3779	2578	2379	0.00869585	0.00020008
lcl|NC_037639.1_mrna_XM_001120556.5_3780	3201	3002	340.252	6.20406
lcl|NC_037639.1_mrna_XM_006558102.3_3781	3192	2993	1593.75	29.1473
lcl|NC_037639.1_mrna_XM_006558101.3_3782	5139	4940	4041.68	44.7837
lcl|NC_037639.1_mrna_XM_026439029.1_3783	3277	3078	18.2209	0.324031
lcl|NC_037639.1_mrna_XM_026439030.1_3784	3272	3073	141.779	2.52543
lcl|NC_037639.1_mrna_XM_395844.7_3785	3047	2848	3975	76.3981
lcl|NC_037639.1_mrna_XM_395972.7_3786	2304	2105	135	3.51048
lcl|NC_037639.1_mrna_XM_026439232.1_3787	2345	2146	0	0
lcl|NC_037639.1_mrna_XM_026439230.1_3788	2332	2133	271.197	6.95953
lcl|NC_037639.1_mrna_XM_026439231.1_3789	2246	2047	0	0
lcl|NC_037639.1_mrna_XM_026439233.1_3790	2097	1898	0	0
lcl|NC_037639.1_mrna_XM_003249180.4_3791	6430	6231	20791.2	182.644
lcl|NC_037639.1_mrna_XM_026439234.1_3792	2434	2235	21.4592	0.525558
lcl|NC_037639.1_mrna_XM_026439228.1_3793	2295	2096	16.8727	0.440635
lcl|NC_037639.1_mrna_XM_026439229.1_3794	2153	1954	8.47088	0.237296
lcl|NC_037639.1_ncrna_XR_412383.3_3795	724	525	70	7.29834
lcl|NC_037639.1_mrna_XM_026446394.1_3796	10106	9907	1300.21	7.18384
lcl|NC_037639.1_mrna_XM_624719.6_3797	2135	1936	975	27.5667
lcl|NC_037639.1_mrna_XM_006572117.3_3798	1791	1592	110	3.78212
lcl|NC_037639.1_mrna_XM_006572121.2_3799	1202	1003	0	0
lcl|NC_037639.1_mrna_XM_026439143.1_3800	1230	1031	0	0
lcl|NC_037639.1_mrna_XM_026439055.1_3801	1585	1386	0	0
lcl|NC_037639.1_mrna_XM_026439054.1_3802	1594	1395	0	0
lcl|NC_037639.1_mrna_XM_026439053.1_3803	1612	1413	0	0
lcl|NC_037639.1_mrna_XM_026439052.1_3804	1621	1422	0	0
lcl|NC_037639.1_mrna_XM_026439050.1_3805	1460	1261	0	0
lcl|NC_037639.1_mrna_XM_026439051.1_3806	1032	833	4	0.262845
lcl|NC_037639.1_mrna_XM_026439049.1_3807	1467	1268	0	0
lcl|NC_037639.1_ncrna_XR_412299.3_3808	1449	1250	5.50258	0.240958
lcl|NC_037639.1_ncrna_XR_003304177.1_3809	1190	991	0	0
lcl|NC_037639.1_ncrna_XR_120666.4_3810	1313	1114	17.4974	0.859754
lcl|NC_037639.1_mrna_XM_026439057.1_3811	1623	1424	2	0.0768786
lcl|NC_037639.1_mrna_XM_026439056.1_3812	1450	1251	7	0.306285
lcl|NC_037639.1_ncrna_XR_003304187.1_3813	738	539	706.003	71.6973
lcl|NC_037639.1_trna_3814	72	3.52559	0	0
lcl|NC_037639.1_ncrna_XR_003304186.1_3815	620	421	9345	1215.02
lcl|NC_037639.1_miscrna_XR_003304170.1_3816	878	679	0	0
lcl|NC_037639.1_miscrna_XR_003304171.1_3817	731	532	9.58174	0.985866
lcl|NC_037639.1_mrna_XM_006571921.3_3818	5555	5356	1.29232e-08	1.32073e-10
lcl|NC_037639.1_mrna_XM_006571923.3_3819	5465	5266	25.08	0.260694
lcl|NC_037639.1_miscrna_XR_003304172.1_3820	2172	1973	0	0
lcl|NC_037639.1_miscrna_XR_001706183.2_3821	2230	2031	0	0
lcl|NC_037639.1_mrna_XM_003251788.4_3822	7040	6841	1.89412e-06	1.51556e-08
lcl|NC_037639.1_mrna_XM_016917298.2_3823	7026	6827	2.513e-05	2.01488e-07
lcl|NC_037639.1_mrna_XM_006571919.3_3824	6950	6751	34.3383	0.278417
lcl|NC_037639.1_mrna_XM_006571924.1_3825	417	218	298.873	75.044
lcl|NC_037639.1_precursorrna_NR_039451.1_3826	129	5.5143	0	0
lcl|NC_037639.1_ncrna_3827	23	2.74792	0	0
lcl|NC_037639.1_mrna_XM_001123223.4_3828	1038	839	165	10.7648
lcl|NC_037639.1_mrna_XM_026446490.1_3829	2357	2158	115.003	2.91705
lcl|NC_037639.1_mrna_XM_026446489.1_3830	2379	2180	1062	26.6656
lcl|NC_037639.1_mrna_XM_026446491.1_3831	1690	1491	385.197	14.1413
lcl|NC_037639.1_mrna_XM_026446493.1_3832	1318	1119	420.908	20.5894
lcl|NC_037639.1_ncrna_XR_003306563.1_3833	493	294	7.46111	1.38913
lcl|NC_037639.1_mrna_XM_001123067.5_3834	1784	1585	21.4333	0.740195
lcl|NC_037639.1_mrna_XM_026439110.1_3835	1681	1482	15	0.554024
lcl|NC_037639.1_mrna_XM_026439111.1_3836	1442	1243	0	0
lcl|NC_037639.1_mrna_XM_026439003.1_3837	1716	1517	988.369	35.6631
lcl|NC_037639.1_mrna_XM_006572131.3_3838	1828	1629	1061.63	35.6729
lcl|NC_037639.1_mrna_XM_006572132.3_3839	5664	5465	1249	12.51
lcl|NC_037639.1_mrna_XM_026446411.1_3840	3443	3244	1846.37	31.1547
lcl|NC_037639.1_mrna_XM_026446407.1_3841	3598	3399	181.688	2.92591
lcl|NC_037639.1_mrna_XM_026446408.1_3842	3581	3382	0	0
lcl|NC_037639.1_mrna_XM_026446409.1_3843	3546	3347	189.939	3.1063
lcl|NC_037639.1_mrna_XM_026446410.1_3844	3530	3331	0	0
lcl|NC_037639.1_ncrna_XR_003306553.1_3845	221	27.2129	2	4.02291
lcl|NC_037639.1_mrna_XM_003251791.3_3846	2432	2233	104	2.54935
lcl|NC_037639.1_mrna_XM_026439103.1_3847	1532	1333	57.5318	2.36245
lcl|NC_037639.1_mrna_XM_026439102.1_3848	900	701	0	0
lcl|NC_037639.1_mrna_XM_026439101.1_3849	794	595	5.53169	0.508893
lcl|NC_037639.1_mrna_XM_026439034.1_3850	1387	1188	68.5385	3.15794
lcl|NC_037639.1_mrna_XM_026439035.1_3851	1283	1084	864.462	43.6518
lcl|NC_037639.1_mrna_XM_393287.7_3852	1093	894	1782	109.108
lcl|NC_037639.1_mrna_XM_392996.7_3853	980	781	662	46.3973
lcl|NC_037639.1_mrna_XM_026439037.1_3854	1532	1333	122.826	5.04364
lcl|NC_037639.1_mrna_XM_026439038.1_3855	1540	1341	771.174	31.4781
lcl|NC_037639.1_mrna_XM_026446403.1_3856	2426	2227	693	17.0333
lcl|NC_037639.1_mrna_XM_026446404.1_3857	2334	2135	3143	80.5808
lcl|NC_037639.1_mrna_XM_026438944.1_3858	1292	1093	468.415	23.4583
lcl|NC_037639.1_miscrna_XR_003304146.1_3859	1453	1254	43.7984	1.91181
lcl|NC_037639.1_miscrna_XR_003304125.1_3860	2916	2717	0	0
lcl|NC_037639.1_miscrna_XR_003304123.1_3861	2944	2745	0.0155408	0.000309896
lcl|NC_037639.1_miscrna_XR_003304130.1_3862	2808	2609	641.799	13.4651
lcl|NC_037639.1_miscrna_XR_003304122.1_3863	2970	2771	0.00122136	2.41264e-05
lcl|NC_037639.1_miscrna_XR_003304124.1_3864	2752	2553	51.1385	1.09643
lcl|NC_037639.1_miscrna_XR_003304136.1_3865	1917	1718	0	0
lcl|NC_037639.1_miscrna_XR_003304132.1_3866	2482	2283	0	0
lcl|NC_037639.1_miscrna_XR_003304129.1_3867	2603	2404	27.7309	0.631415
lcl|NC_037639.1_miscrna_XR_003304128.1_3868	2510	2311	419.273	9.93075
lcl|NC_037639.1_miscrna_XR_003304145.1_3869	1852	1653	0	0
lcl|NC_037639.1_miscrna_XR_003304133.1_3870	2332	2133	84.2685	2.16252
lcl|NC_037639.1_miscrna_XR_003304144.1_3871	1881	1682	33.3502	1.08532
lcl|NC_037639.1_miscrna_XR_003304137.1_3872	2247	2048	0	0
lcl|NC_037639.1_miscrna_XR_003304131.1_3873	2359	2160	182.177	4.61664
lcl|NC_037639.1_miscrna_XR_003304142.1_3874	1643	1444	0	0
lcl|NC_037639.1_miscrna_XR_003304139.1_3875	2058	1859	16.8657	0.496603
lcl|NC_037639.1_miscrna_XR_003304135.1_3876	2087	1888	127.915	3.70856
lcl|NC_037639.1_miscrna_XR_003304143.1_3877	1545	1346	0	0
lcl|NC_037639.1_miscrna_XR_003304141.1_3878	1960	1761	17.0697	0.53058
lcl|NC_037639.1_miscrna_XR_003304140.1_3879	1989	1790	0	0
lcl|NC_037639.1_miscrna_XR_003304138.1_3880	1432	1233	0	0
lcl|NC_037639.1_miscrna_XR_003304127.1_3881	2037	1838	98.5661	2.9354
lcl|NC_037639.1_miscrna_XR_003304134.1_3882	1523	1324	185.443	7.66671
lcl|NC_037639.1_miscrna_XR_003304126.1_3883	2128	1929	401.506	11.3932
lcl|NC_037639.1_mrna_XM_006572123.3_3884	1354	1155	36.6664	1.73769
lcl|NC_037639.1_mrna_XM_026438957.1_3885	2211	2012	0.000819211	2.22871e-05
lcl|NC_037639.1_mrna_NM_001040681.1_3886	2491	2292	165	3.94053
lcl|NC_037639.1_mrna_XM_026438958.1_3887	2327	2128	0	0
lcl|NC_037639.1_mrna_XM_026438955.1_3888	2191	1992	244.772	6.72602
lcl|NC_037639.1_mrna_XM_026438952.1_3889	2220	2021	2.93234e-06	7.94206e-08
lcl|NC_037639.1_mrna_XM_026438951.1_3890	2218	2019	402.77	10.9196
lcl|NC_037639.1_mrna_XM_026438956.1_3891	2169	1970	43.4554	1.20743
lcl|NC_037639.1_mrna_XM_026438954.1_3892	2123	1924	0	0
lcl|NC_037639.1_mrna_XM_026438953.1_3893	2114	1915	0	0
lcl|NC_037639.1_mrna_XM_026438950.1_3894	2210	2011	0.00153415	4.17582e-05
lcl|NC_037639.1_mrna_XM_003251837.4_3895	3228	3029	427.405	7.7237
lcl|NC_037639.1_mrna_XM_006572122.3_3896	2902	2703	591.595	11.9802
lcl|NC_037639.1_mrna_XM_001121363.5_3897	2717	2518	2173.45	47.2476
lcl|NC_037639.1_miscrna_XR_412387.3_3898	2277	2078	640.547	16.8729
lcl|NC_037639.1_mrna_XM_026438922.1_3899	4987	4788	0	0
lcl|NC_037639.1_mrna_XM_026438928.1_3900	4918	4719	9.99845e-07	1.15976e-08
lcl|NC_037639.1_mrna_XM_026438926.1_3901	4942	4743	0.168065	0.00193958
lcl|NC_037639.1_mrna_XM_026438917.1_3902	5275	5076	59.6909	0.643683
lcl|NC_037639.1_mrna_XM_026438929.1_3903	4912	4713	0	0
lcl|NC_037639.1_mrna_XM_026438930.1_3904	4597	4398	8.72873e-07	1.08638e-08
lcl|NC_037639.1_mrna_XM_026438927.1_3905	4933	4734	0	0
lcl|NC_037639.1_mrna_XM_026438924.1_3906	4957	4758	0	0
lcl|NC_037639.1_mrna_XM_026438921.1_3907	5236	5037	0.00240383	2.61226e-05
lcl|NC_037639.1_mrna_XM_026438919.1_3908	5257	5058	0.000144225	1.5608e-06
lcl|NC_037639.1_mrna_XM_026438916.1_3909	5281	5082	10.2529	0.110433
lcl|NC_037639.1_mrna_XM_026438920.1_3910	5245	5046	0	0
lcl|NC_037639.1_mrna_XM_026438918.1_3911	5266	5067	0	0
lcl|NC_037639.1_mrna_XM_026438925.1_3912	4954	4755	168.092	1.93501
lcl|NC_037639.1_mrna_XM_026438923.1_3913	4960	4761	0	0
lcl|NC_037639.1_mrna_XM_026438915.1_3914	5290	5091	0	0
lcl|NC_037639.1_mrna_XM_026438931.1_3915	4660	4461	243.793	2.9914
lcl|NC_037639.1_miscrna_XR_003304118.1_3916	4722	4523	0	0
lcl|NC_037639.1_mrna_XM_026446481.1_3917	603	404	94.2667	12.7721
lcl|NC_037639.1_mrna_XM_006572283.3_3918	423	224	29.7333	7.26576
lcl|NC_037639.1_miscrna_XR_412436.2_3919	1012	813	83.956	5.65258
lcl|NC_037639.1_miscrna_XR_412437.2_3920	868	669	0.106728	0.00873249
lcl|NC_037639.1_miscrna_XR_120709.4_3921	972	773	16.5758	1.17376
lcl|NC_037639.1_mrna_XM_006572282.3_3922	865	666	31.0143	2.54902
lcl|NC_037639.1_precursorrna_NR_048934.1_3923	127	5.40428	0	0
lcl|NC_037639.1_ncrna_3924	22	2.73612	0	0
lcl|NC_037639.1_ncrna_XR_412302.3_3925	334	135	46	18.6513
lcl|NC_037639.1_mrna_XM_026439107.1_3926	2045	1846	2373.43	70.3769
lcl|NC_037639.1_mrna_XM_026439108.1_3927	1853	1654	191.234	6.32869
lcl|NC_037639.1_mrna_XM_026439109.1_3928	1672	1473	440.42	16.3663
lcl|NC_037639.1_mrna_XM_026439106.1_3929	2003	1804	2098.92	63.686
lcl|NC_037639.1_mrna_XM_003251850.4_3930	4129	3930	493	6.86657
lcl|NC_037639.1_mrna_XM_026439031.1_3931	2288	2089	43.3214	1.13514
lcl|NC_037639.1_mrna_XM_026439032.1_3932	2185	1986	333.679	9.19675
lcl|NC_037639.1_mrna_XM_006557645.3_3933	680	481	9012	1025.56
lcl|NC_037639.1_mrna_XM_016911002.2_3934	2240	2041	0	0
lcl|NC_037639.1_mrna_XM_006557646.3_3935	2137	1938	3	0.084733
lcl|NC_037639.1_mrna_XM_006557647.2_3936	1240	1041	1	0.0525817
lcl|NC_037639.1_mrna_XM_006557649.3_3937	976	777	16.6091	1.17007
lcl|NC_037639.1_mrna_XM_006557648.3_3938	970	771	89.3909	6.34635
lcl|NC_037639.1_mrna_XM_026439059.1_3939	959	760	0	0
lcl|NC_037639.1_mrna_NM_001142693.1_3940	1386	1187	0	0
lcl|NC_037639.1_mrna_XM_006557650.3_3941	1091	892	37	2.2705
lcl|NC_037639.1_mrna_XM_006557651.3_3942	844	645	0	0
lcl|NC_037639.1_mrna_XM_026439166.1_3943	1506	1307	0	0
lcl|NC_037639.1_mrna_XM_026439167.1_3944	1117	918	0	0
lcl|NC_037639.1_mrna_XM_026439164.1_3945	1644	1445	0	0
lcl|NC_037639.1_mrna_XM_026439165.1_3946	1561	1362	0	0
lcl|NC_037639.1_mrna_XM_026439168.1_3947	1121	922	0	0
lcl|NC_037639.1_mrna_XM_016910999.2_3948	1393	1194	0	0
lcl|NC_037639.1_mrna_NM_001327950.1_3949	1122	923	0	0
lcl|NC_037639.1_mrna_XM_016910996.2_3950	2798	2599	11.4134	0.240378
lcl|NC_037639.1_mrna_XM_016910997.2_3951	2468	2269	0	0
lcl|NC_037639.1_mrna_XM_016910995.2_3952	1204	1005	9.58657	0.522135
lcl|NC_037639.1_mrna_XM_003249101.4_3953	1273	1074	0	0
lcl|NC_037639.1_mrna_XM_006557655.3_3954	1360	1161	16.0561	0.756997
lcl|NC_037639.1_mrna_XM_026439149.1_3955	606	407	0	0
lcl|NC_037639.1_mrna_XM_026439150.1_3956	2211	2012	182.944	4.97709
lcl|NC_037639.1_mrna_XM_392968.5_3957	8199	8000	1016	6.95167
lcl|NC_037639.1_mrna_XM_026439070.1_3958	2434	2235	368	9.01271
lcl|NC_037639.1_mrna_XM_395961.7_3959	2971	2772	3626	71.6011
lcl|NC_037639.1_mrna_XM_016910952.2_3960	1332	1133	195	9.42085
lcl|NC_037639.1_mrna_XM_026446379.1_3961	1961	1762	433.867	13.4783
lcl|NC_037639.1_mrna_NM_001242557.1_3962	1847	1648	29.1329	0.967635
lcl|NC_037639.1_mrna_XM_003249103.4_3963	2275	2076	2.25793	0.0595345
lcl|NC_037639.1_mrna_XM_026439146.1_3964	1943	1744	4.13477	0.129775
lcl|NC_037639.1_ncrna_XR_003304121.1_3965	1719	1520	9.05899	0.326228
lcl|NC_037639.1_mrna_XM_006557660.3_3966	2951	2752	0	0
lcl|NC_037639.1_mrna_XM_396406.7_3967	2704	2505	0	0
lcl|NC_037639.1_mrna_XM_006557657.3_3968	3514	3315	10.005	0.165203
lcl|NC_037639.1_ncrna_XR_001702266.2_3969	943	744	0	0
lcl|NC_037639.1_ncrna_XR_001702267.2_3970	843	644	0	0
lcl|NC_037639.1_ncrna_XR_407544.3_3971	883	684	9.52387e-05	7.62154e-06
lcl|NC_037639.1_ncrna_XR_407545.3_3972	878	679	0.999905	0.0806073
lcl|NC_037639.1_ncrna_XR_003304120.1_3973	811	612	34	3.04097
lcl|NC_037639.1_ncrna_XR_407540.3_3974	831	632	0	0
lcl|NC_037639.1_mrna_XM_026439061.1_3975	2562	2363	0	0
lcl|NC_037639.1_mrna_XM_026439062.1_3976	2344	2145	52.5618	1.34131
lcl|NC_037639.1_mrna_XM_006558336.3_3977	2513	2314	0	0
lcl|NC_037639.1_mrna_XM_001122519.5_3978	2708	2509	732.438	15.9792
lcl|NC_037639.1_mrna_XM_001122533.5_3979	1916	1717	467	14.8878
lcl|NC_037639.1_mrna_XM_026446456.1_3980	4620	4421	902.438	11.1733
lcl|NC_037639.1_mrna_XM_026446457.1_3981	4602	4403	101.202	1.25814
lcl|NC_037639.1_mrna_XM_026446458.1_3982	4233	4034	1806	24.5057
lcl|NC_037639.1_mrna_XM_026446459.1_3983	4215	4016	166.062	2.26341
lcl|NC_037639.1_mrna_XM_026446460.1_3984	1296	1097	85	4.24129
lcl|NC_037639.1_mrna_XM_026439151.1_3985	2179	1980	7.30113	0.201841
lcl|NC_037639.1_mrna_XM_026446461.1_3986	3753	3554	7	0.107812
lcl|NC_037639.1_precursorrna_NR_130406.1_3987	71	3.50437	0	0
lcl|NC_037639.1_ncrna_3988	22	2.73612	0	0
lcl|NC_037639.1_mrna_XM_395197.7_3989	3704	3505	558.816	8.72703
lcl|NC_037639.1_mrna_XM_016910926.2_3990	2512	2313	1114.74	26.3805
lcl|NC_037639.1_mrna_XM_016910925.2_3991	2878	2679	863.446	17.642
lcl|NC_037639.1_mrna_NM_001270827.1_3992	1201	1002	72	3.93324
lcl|NC_037639.1_mrna_NM_001270828.1_3993	976	777	0	0
lcl|NC_037639.1_mrna_NM_001270815.1_3994	989	790	6	0.415728
lcl|NC_037639.1_mrna_NM_001270814.1_3995	496	297	1166	214.896
lcl|NC_037639.1_mrna_XM_006558338.3_3996	938	739	0	0
lcl|NC_037639.1_mrna_XM_006558340.2_3997	877	678	0	0
lcl|NC_037639.1_mrna_XM_006558339.3_3998	878	679	0	0
lcl|NC_037639.1_mrna_XM_006558341.3_3999	850	651	0	0
lcl|NC_037639.1_mrna_NM_001270813.1_4000	915	716	372	28.4391
lcl|NC_037639.1_mrna_XM_026438913.1_4001	1094	895	91.571	5.60042
lcl|NC_037639.1_mrna_XM_026438912.1_4002	884	685	169.429	13.5389
lcl|NC_037639.1_mrna_XM_623646.6_4003	1102	903	764	46.3117
lcl|NC_037639.1_mrna_XM_006558762.3_4004	5024	4825	726	8.23616
lcl|NC_037639.1_mrna_XM_026446378.1_4005	3840	3641	0	0
lcl|NC_037639.1_mrna_XM_026446376.1_4006	3753	3554	0	0
lcl|NC_037639.1_mrna_XM_026446377.1_4007	3666	3467	0	0
lcl|NC_037639.1_mrna_XM_006559071.3_4008	3499	3300	0	0
lcl|NC_037639.1_mrna_XM_006559069.3_4009	3166	2967	0	0
lcl|NC_037639.1_mrna_XM_006559070.3_4010	3166	2967	47.0358	0.867753
lcl|NC_037639.1_mrna_NM_001080095.1_4011	1590	1391	0	0
lcl|NC_037639.1_mrna_XM_026439105.1_4012	2348	2149	44	1.12073
lcl|NC_037639.1_mrna_XM_026438936.1_4013	1017	818	93.8879	6.28263
lcl|NC_037639.1_mrna_XM_026438935.1_4014	969	770	180.112	12.8038
lcl|NC_037639.1_mrna_XM_625163.6_4015	1465	1266	1596	69.0056
lcl|NC_037639.1_mrna_XM_003249393.4_4016	1578	1379	749	29.7305
lcl|NC_037639.1_mrna_XM_026439063.1_4017	1186	987	8.45122	0.468692
lcl|NC_037639.1_mrna_XM_006559139.3_4018	1122	923	70.7589	4.19628
lcl|NC_037639.1_mrna_XM_006559140.3_4019	1051	852	0	0
lcl|NC_037639.1_mrna_XM_016911007.2_4020	982	783	4.91213e-08	3.43394e-09
lcl|NC_037639.1_mrna_XM_016911008.2_4021	971	772	2.78985	0.19781
lcl|NC_037639.1_mrna_XM_006559141.3_4022	1015	816	0	0
lcl|NC_037639.1_mrna_XM_006559137.3_4023	2007	1808	916	27.7321
lcl|NC_037639.1_mrna_XM_006559136.3_4024	918	719	2874	218.798
lcl|NC_037639.1_mrna_XM_003249399.2_4025	991	792	42.4286	2.93237
lcl|NC_037639.1_mrna_XM_006559133.3_4026	879	680	482.561	38.8444
lcl|NC_037639.1_mrna_XM_006559135.3_4027	703	504	3.98796	0.433117
lcl|NC_037639.1_mrna_XM_396212.4_4028	871	672	0	0
lcl|NC_037639.1_mrna_XM_006559134.3_4029	856	657	7.0223	0.585059
lcl|NC_037639.1_mrna_XM_624379.6_4030	4670	4471	1115.55	13.6575
lcl|NC_037639.1_miscrna_XR_408229.3_4031	3963	3764	59.4453	0.864477
lcl|NC_037639.1_mrna_XM_395476.5_4032	1852	1653	173.543	5.74672
lcl|NC_037639.1_mrna_XM_006559132.3_4033	1558	1359	7.45678	0.300343
lcl|NC_037639.1_mrna_XM_395475.6_4034	1288	1089	392.636	19.7355
lcl|NC_037639.1_miscrna_XR_001702259.2_4035	938	739	50.3636	3.73042
lcl|NC_037639.1_mrna_XM_395474.6_4036	2038	1839	113.1	3.36642
lcl|NC_037639.1_mrna_XM_026438942.1_4037	2138	1939	193.898	5.47371
lcl|NC_037639.1_mrna_XM_006559129.3_4038	2105	1906	0.00127513	3.66198e-05
lcl|NC_037639.1_mrna_XM_624484.5_4039	763	564	397	38.5298
lcl|NC_037639.1_mrna_XM_006559127.3_4040	1094	895	2043	124.948
lcl|NC_037639.1_mrna_XM_016910719.2_4041	2314	2115	1223.76	31.6716
lcl|NC_037639.1_mrna_XM_026439024.1_4042	2600	2401	222.571	5.07413
lcl|NC_037639.1_mrna_XM_016910718.2_4043	2744	2545	0	0
lcl|NC_037639.1_mrna_XM_006559124.3_4044	3003	2804	558.819	10.9088
lcl|NC_037639.1_mrna_XM_006559125.3_4045	2816	2617	23.8521	0.498893
lcl|NC_037639.1_ncrna_XR_001702102.1_4046	1487	1288	45	1.91241
lcl|NC_037639.1_ncrna_XR_003304173.1_4047	2054	1855	32	0.944259
lcl|NC_037639.1_ncrna_XR_001702096.2_4048	1615	1416	7	0.270595
lcl|NC_037639.1_ncrna_XR_003304174.1_4049	481	282	0	0
lcl|NC_037639.1_mrna_XM_396724.7_4050	1382	1183	680	31.4637
lcl|NC_037639.1_mrna_XM_396723.7_4051	1582	1383	155.554	6.15663
lcl|NC_037639.1_mrna_XM_006559122.3_4052	1486	1287	34.4464	1.46504
lcl|NC_037639.1_mrna_XM_006559121.2_4053	1356	1157	892	42.2004
lcl|NC_037639.1_mrna_XM_003249403.4_4054	3752	3553	777	11.9705
lcl|NC_037639.1_ncrna_XR_001702146.2_4055	6135	5936	9.42749	0.0869335
lcl|NC_037639.1_ncrna_XR_001702149.2_4056	1562	1363	0	0
lcl|NC_037639.1_ncrna_XR_001702147.2_4057	3385	3186	12.5011	0.214777
lcl|NC_037639.1_ncrna_XR_001702148.2_4058	1601	1402	0.0714148	0.00278821
lcl|NC_037639.1_mrna_XM_393285.7_4059	4298	4099	1421.59	18.9837
lcl|NC_037639.1_ncrna_XR_408211.3_4060	904	705	16	1.24227
lcl|NC_037639.1_mrna_XM_625255.6_4061	1095	896	5603	342.293
lcl|NC_037639.1_mrna_XM_396598.7_4062	2271	2072	254.352	6.7194
lcl|NC_037639.1_ncrna_XR_003304119.1_4063	1473	1274	3824.39	164.315
lcl|NC_037639.1_mrna_XM_026438934.1_4064	2903	2704	1094.57	22.1576
lcl|NC_037639.1_mrna_XM_026438933.1_4065	2002	1803	3.68863	0.111984
lcl|NC_037639.1_mrna_XM_026438932.1_4066	1944	1745	0	0
lcl|NC_037639.1_mrna_XM_006559112.3_4067	1713	1514	992	35.865
lcl|NC_037639.1_mrna_XM_395607.7_4068	7010	6811	866.513	6.96385
lcl|NC_037639.1_mrna_XM_006559115.3_4069	7082	6883	0.000325043	2.58493e-06
lcl|NC_037639.1_mrna_XM_006559118.3_4070	6975	6776	0.350764	0.00283353
lcl|NC_037639.1_mrna_XM_006559114.3_4071	7041	6842	174.736	1.39793
lcl|NC_037639.1_mrna_XM_006559113.3_4072	7113	6914	6.97606e-05	5.52289e-07
lcl|NC_037639.1_mrna_XM_006559119.3_4073	6979	6780	1.79676	0.0145059
lcl|NC_037639.1_mrna_XM_006559116.3_4074	6976	6777	0.231532	0.00187008
lcl|NC_037639.1_mrna_XM_026446413.1_4075	7141	6942	4.25114e-07	3.35201e-09
lcl|NC_037639.1_mrna_XM_006559117.3_4076	6952	6753	20.3714	0.165124
lcl|NC_037639.1_mrna_XM_003249398.4_4077	3209	3010	487	8.85621
lcl|NC_037639.1_mrna_XM_397308.7_4078	1613	1414	1321	51.1374
lcl|NC_037639.1_mrna_XM_026446509.1_4079	565	366	166	24.8263
lcl|NC_037639.1_mrna_XM_006559107.3_4080	4081	3882	66.7274	0.94088
lcl|NC_037639.1_mrna_XM_006559109.3_4081	3759	3560	0	0
lcl|NC_037639.1_mrna_XM_006559108.3_4082	4282	4083	147.335	1.9752
lcl|NC_037639.1_mrna_XM_003249397.4_4083	3845	3646	165.938	2.49123
lcl|NC_037639.1_mrna_XM_016911005.2_4084	2388	2189	183.417	4.58649
lcl|NC_037639.1_mrna_XM_396164.7_4085	2398	2199	0.582576	0.0145015
lcl|NC_037639.1_mrna_XM_623667.6_4086	1655	1456	975	36.6546
lcl|NC_037639.1_mrna_XM_006559103.3_4087	4845	4646	129.461	1.52526
lcl|NC_037639.1_mrna_XM_006559104.3_4088	4808	4609	132.539	1.57407
lcl|NC_037639.1_mrna_XM_006559105.2_4089	700	501	225	24.5827
lcl|NC_037639.1_mrna_XM_026446485.1_4090	2262	2063	741	19.6609
lcl|NC_037639.1_mrna_XM_006559089.3_4091	8461	8262	453.399	3.00387
lcl|NC_037639.1_mrna_XM_026438938.1_4092	10741	10542	64.8775	0.336865
lcl|NC_037639.1_mrna_XM_003249400.4_4093	9679	9480	57.968	0.334707
lcl|NC_037639.1_mrna_XM_006559093.3_4094	9688	9489	17.5028	0.100965
lcl|NC_037639.1_mrna_XM_006559092.3_4095	10208	10009	95.4419	0.521956
lcl|NC_037639.1_mrna_XM_006559091.3_4096	10415	10216	0.000114443	6.13188e-07
lcl|NC_037639.1_mrna_XM_006559090.3_4097	10686	10487	0	0
lcl|NC_037639.1_mrna_XM_026438937.1_4098	10814	10615	67.0107	0.345549
lcl|NC_037639.1_mrna_XM_026438939.1_4099	10700	10501	34.4344	0.179493
lcl|NC_037639.1_mrna_XM_016910715.2_4100	10817	10618	0	0
lcl|NC_037639.1_mrna_XM_016910717.2_4101	8397	8198	0.000287317	1.9184e-06
lcl|NC_037639.1_mrna_XM_006559094.3_4102	8297	8098	1531.09	10.3492
lcl|NC_037639.1_ncrna_XR_408210.3_4103	1801	1602	290	9.90879
lcl|NC_037639.1_mrna_XM_006559098.3_4104	14565	14366	150.562	0.573674
lcl|NC_037639.1_mrna_XM_006559101.3_4105	14521	14322	2309.21	8.8256
lcl|NC_037639.1_mrna_XM_016910713.2_4106	14674	14475	889.244	3.3627
lcl|NC_037639.1_ncrna_XR_003304156.1_4107	1973	1774	39.9473	1.23259
lcl|NC_037639.1_ncrna_XR_003304155.1_4108	1658	1459	1.72447	0.0646973
lcl|NC_037639.1_ncrna_XR_003304158.1_4109	1930	1731	0	0
lcl|NC_037639.1_ncrna_XR_003304161.1_4110	1662	1463	42.3789	1.58559
lcl|NC_037639.1_ncrna_XR_003304160.1_4111	2272	2073	137.149	3.62143
lcl|NC_037639.1_ncrna_XR_003304157.1_4112	4060	3861	0.000306697	4.34806e-06
lcl|NC_037639.1_ncrna_XR_003304159.1_4113	3933	3734	64.1789	0.940813
lcl|NC_037639.1_mrna_NM_001013361.1_4114	4113	3914	4311	60.2896
lcl|NC_037639.1_mrna_XM_006559088.3_4115	1212	1013	1299	70.1916
lcl|NC_037639.1_mrna_XM_026438973.1_4116	1621	1422	272	10.4702
lcl|NC_037639.1_mrna_XM_016910735.2_4117	8091	7892	157.256	1.0907
lcl|NC_037639.1_mrna_XM_016910734.2_4118	8198	7999	284.577	1.94737
lcl|NC_037639.1_mrna_XM_016910733.2_4119	8153	7954	0.00688987	4.74145e-05
lcl|NC_037639.1_mrna_XM_016910736.2_4120	7907	7708	139.118	0.987929
lcl|NC_037639.1_mrna_XM_026438971.1_4121	6860	6661	1119.57	9.20018
lcl|NC_037639.1_ncrna_XR_003304153.1_4122	1190	991	274.635	15.1694
lcl|NC_037639.1_ncrna_XR_001702131.2_4123	1136	937	176.998	10.3399
lcl|NC_037639.1_ncrna_XR_003304154.1_4124	1140	941	95.8998	5.57845
lcl|NC_037639.1_ncrna_XR_003304152.1_4125	872	673	162.957	13.2539
lcl|NC_037639.1_ncrna_XR_001702113.2_4126	904	705	1.3124e-06	1.01897e-07
lcl|NC_037639.1_ncrna_XR_408204.3_4127	1058	859	8.25231e-08	5.25857e-09
lcl|NC_037639.1_ncrna_XR_408206.3_4128	652	453	116.73	14.1048
lcl|NC_037639.1_ncrna_XR_408205.3_4129	705	506	103.381	11.1835
lcl|NC_037639.1_ncrna_XR_001702114.2_4130	350	151	54.2539	19.6671
lcl|NC_037639.1_ncrna_XR_001702112.2_4131	326	127	26.7644	11.5356
lcl|NC_037639.1_ncrna_XR_001702111.2_4132	375	176	0	0
lcl|NC_037639.1_mrna_XM_026446372.1_4133	2947	2748	399.541	7.95847
lcl|NC_037639.1_mrna_XM_026446374.1_4134	2808	2609	0	0
lcl|NC_037639.1_mrna_XM_026446370.1_4135	3216	3017	324.943	5.89545
lcl|NC_037639.1_mrna_XM_026446373.1_4136	2828	2629	65.5382	1.36455
lcl|NC_037639.1_mrna_NM_001160405.2_4137	2962	2763	135.522	2.68482
lcl|NC_037639.1_mrna_XM_026446375.1_4138	2174	1975	532.432	14.7565
lcl|NC_037639.1_mrna_XM_026446367.1_4139	3097	2898	0	0
lcl|NC_037639.1_mrna_XM_026446368.1_4140	2896	2697	0	0
lcl|NC_037639.1_mrna_XM_026446369.1_4141	2800	2601	7023.71	147.813
lcl|NC_037639.1_mrna_XM_026446371.1_4142	2752	2553	1747.31	37.4632
lcl|NC_037639.1_mrna_XM_001120520.5_4143	845	646	573.785	48.6186
lcl|NC_037639.1_mrna_XM_006559079.3_4144	3148	2949	80.8939	1.5015
lcl|NC_037639.1_mrna_XM_006559078.3_4145	3266	3067	0	0
lcl|NC_037639.1_mrna_XM_006559077.3_4146	3554	3355	0	0
lcl|NC_037639.1_mrna_XM_006559075.2_4147	3053	2854	35.476	0.680402
lcl|NC_037639.1_mrna_XM_006559076.2_4148	3083	2884	6.58916e-05	1.2506e-06
lcl|NC_037639.1_mrna_XM_006559081.3_4149	2702	2503	4.74417e-07	1.03749e-08
lcl|NC_037639.1_mrna_XM_006559080.3_4150	2975	2776	7.84476	0.154684
lcl|NC_037639.1_mrna_XM_003249640.4_4151	644	445	181	22.264
lcl|NC_037639.1_mrna_XM_026439152.1_4152	1810	1611	2885.76	98.0506
lcl|NC_037639.1_mrna_XM_001119884.5_4153	1036	837	3226.24	210.987
lcl|NC_037639.1_mrna_XM_001120006.5_4154	968	769	862	61.3573
lcl|NC_037639.1_mrna_XM_003249641.4_4155	1274	1075	323	16.4467
lcl|NC_037639.1_mrna_XM_001120137.4_4156	1141	942	13193	766.616
lcl|NC_037639.1_mrna_XM_001120194.5_4157	878	679	4490	361.961
lcl|NC_037639.1_mrna_XM_026446395.1_4158	5133	4934	180.005	1.99697
lcl|NC_037639.1_mrna_XM_006560431.3_4159	5127	4928	3286.99	36.5101
lcl|NC_037639.1_mrna_XM_394822.7_4160	5208	5009	55.2759	0.604046
lcl|NC_037639.1_mrna_XM_016910895.2_4161	5002	4803	5755.47	65.5924
lcl|NC_037639.1_mrna_XM_026446396.1_4162	5009	4810	239.262	2.72278
lcl|NC_037639.1_precursorrna_NR_031509.1_4163	83	3.78007	0	0
lcl|NC_037639.1_ncrna_4164	23	2.74792	0	0
lcl|NC_037639.1_precursorrna_NR_039503.1_4165	99	4.23477	0	0
lcl|NC_037639.1_ncrna_4166	23	2.74792	0	0
lcl|NC_037639.1_precursorrna_NR_034290.1_4167	100	4.26726	0	0
lcl|NC_037639.1_ncrna_4168	20	2.71266	0	0
lcl|NC_037639.1_mrna_XM_006560722.3_4169	8964	8765	151.524	0.946269
lcl|NC_037639.1_mrna_XM_006560723.3_4170	8865	8666	86.8658	0.548675
lcl|NC_037639.1_mrna_XM_392251.7_4171	2032	1833	14.4224	0.430685
lcl|NC_037639.1_miscrna_XR_408826.3_4172	3055	2856	184.969	3.54508
lcl|NC_037639.1_mrna_XM_006560724.3_4173	1971	1772	10.482	0.32379
lcl|NC_037639.1_ncrna_XR_003306560.1_4174	2405	2206	38	0.942895
lcl|NC_037639.1_mrna_XM_623404.6_4175	1657	1458	1391	52.2222
lcl|NC_037639.1_mrna_XM_006560719.2_4176	1356	1157	0	0
lcl|NC_037639.1_mrna_XM_006560717.3_4177	2304	2105	2854	74.2142
lcl|NC_037639.1_mrna_XM_003249771.4_4178	2832	2633	738.385	15.3503
lcl|NC_037639.1_miscrna_XR_001702239.2_4179	2743	2544	184.133	3.96187
lcl|NC_037639.1_ncrna_XR_001702184.2_4180	1681	1482	10	0.369349
lcl|NC_037639.1_ncrna_XR_001702240.2_4181	2727	2528	64.4951	1.39648
lcl|NC_037639.1_mrna_XM_006561079.3_4182	2678	2479	254.987	5.63024
lcl|NC_037639.1_mrna_XM_006561081.3_4183	4094	3895	61.0766	0.858327
lcl|NC_037639.1_mrna_XM_006561080.3_4184	4117	3918	90.3053	1.26164
lcl|NC_037639.1_mrna_XM_026446397.1_4185	3381	3182	0.000638232	1.0979e-05
lcl|NC_037639.1_mrna_XM_026439153.1_4186	1329	1130	0	0
lcl|NC_037639.1_mrna_XM_016910979.2_4187	4178	3979	44.0811	0.606406
lcl|NC_037639.1_mrna_XM_003249776.4_4188	4220	4021	7.7511e-05	1.05515e-06
lcl|NC_037639.1_mrna_XM_016910976.2_4189	4340	4141	0	0
lcl|NC_037639.1_mrna_XM_006561084.3_4190	4305	4106	0	0
lcl|NC_037639.1_mrna_XM_016910978.2_4191	4078	3879	0	0
lcl|NC_037639.1_mrna_XM_016910977.2_4192	3606	3407	56.9188	0.914469
lcl|NC_037639.1_mrna_XM_026446437.1_4193	1784	1585	51.3841	1.77454
lcl|NC_037639.1_mrna_XM_006561086.3_4194	2133	1934	86.3108	2.44284
lcl|NC_037639.1_mrna_XM_016910922.2_4195	1526	1327	103.305	4.26124
lcl|NC_037639.1_mrna_XM_016910921.2_4196	4066	3867	288.305	4.08096
lcl|NC_037639.1_mrna_XM_394373.5_4197	1270	1071	433.695	22.1657
lcl|NC_037639.1_mrna_XM_026446438.1_4198	610	411	62	8.25724
lcl|NC_037639.1_mrna_XM_394372.7_4199	2344	2145	283	7.22178
lcl|NC_037639.1_mrna_XM_392248.7_4200	2845	2646	762	15.7634
lcl|NC_037639.1_mrna_XM_006561089.3_4201	5883	5684	4519.14	43.5198
lcl|NC_037639.1_mrna_XM_026439023.1_4202	1145	946	57.8649	3.34819
lcl|NC_037639.1_ncrna_XR_003304168.1_4203	2267	2068	30	0.794065
lcl|NC_037639.1_mrna_XM_392247.7_4204	790	591	125.59	11.632
lcl|NC_037639.1_mrna_XM_016910732.2_4205	890	691	352.41	27.9161
lcl|NC_037639.1_mrna_XM_026439020.1_4206	5971	5772	3164.55	30.0104
lcl|NC_037639.1_mrna_XM_026439021.1_4207	3871	3672	44.4461	0.662546
lcl|NC_037639.1_mrna_XM_026439018.1_4208	5842	5643	6.80292	0.0659889
lcl|NC_037639.1_mrna_XM_026439019.1_4209	5793	5594	740.464	7.24547
lcl|NC_037639.1_ncrna_XR_001702109.1_4210	1088	889	39	2.40131
lcl|NC_037639.1_ncrna_XR_003304169.1_4211	254	55.1953	64.3661	63.8324
lcl|NC_037639.1_ncrna_XR_001702108.1_4212	646	447	15.3698	1.88211
lcl|NC_037639.1_mrna_XM_394370.5_4213	925	726	118033	8899.22
lcl|NC_037639.1_mrna_XM_026439200.1_4214	6791	6592	130.713	1.0854
lcl|NC_037639.1_mrna_XM_026439201.1_4215	6786	6587	0	0
lcl|NC_037639.1_mrna_XM_026439204.1_4216	6666	6467	0.126258	0.00106866
lcl|NC_037639.1_mrna_XM_026439202.1_4217	6699	6500	3.88829	0.0327439
lcl|NC_037639.1_mrna_XM_026439205.1_4218	6123	5924	45.1012	0.416733
lcl|NC_037639.1_mrna_XM_026439203.1_4219	5170	4971	0	0
lcl|NC_037639.1_miscrna_XR_003304213.1_4220	2958	2759	324.825	6.44442
lcl|NC_037639.1_miscrna_XR_003304212.1_4221	2980	2781	256.97	5.05787
lcl|NC_037639.1_miscrna_XR_003304211.1_4222	3284	3085	0	0
lcl|NC_037639.1_mrna_XM_026439197.1_4223	5501	5302	315.821	3.26052
lcl|NC_037639.1_mrna_XM_026439196.1_4224	5512	5313	180.978	1.86454
lcl|NC_037639.1_mrna_XM_026439199.1_4225	6026	5827	118.595	1.11405
lcl|NC_037639.1_mrna_XM_026439198.1_4226	6034	5835	136.61	1.28153
lcl|NC_037639.1_mrna_XM_006561094.3_4227	2120	1921	145.764	4.15346
lcl|NC_037639.1_mrna_XM_392246.7_4228	2201	2002	1042.61	28.5063
lcl|NC_037639.1_mrna_XM_001122051.5_4229	1017	818	99	6.62471
lcl|NC_037639.1_mrna_XM_006561097.3_4230	1470	1271	323.876	13.9482
lcl|NC_037639.1_mrna_XM_006561101.3_4231	1474	1275	319.124	13.7005
lcl|NC_037639.1_mrna_XM_026446470.1_4232	2147	1948	5	0.140497
lcl|NC_037639.1_mrna_XM_026446469.1_4233	2200	2001	0	0
lcl|NC_037639.1_mrna_XM_016910861.2_4234	2252	2053	0	0
lcl|NC_037639.1_precursorrna_NR_127319.1_4235	78	3.65937	0	0
lcl|NC_037639.1_ncrna_4236	22	2.73612	0	0
lcl|NC_037639.1_precursorrna_NR_127343.1_4237	91	3.99311	0	0
lcl|NC_037639.1_ncrna_4238	23	2.74792	0	0
lcl|NC_037639.1_miscrna_XR_003306562.1_4239	3753	3554	6	0.09241
lcl|NC_037639.1_miscrna_XR_001702206.2_4240	3372	3173	0	0
lcl|NC_037639.1_miscrna_XR_001702208.2_4241	4078	3879	0	0
lcl|NC_037639.1_mrna_XM_016910863.2_4242	880	681	0	0
lcl|NC_037639.1_ncrna_XR_001702281.2_4243	4535	4336	146	1.8431
lcl|NC_037639.1_mrna_XM_026438908.1_4244	2901	2702	386.117	7.82203
lcl|NC_037639.1_mrna_XM_026438907.1_4245	2928	2729	232.174	4.65689
lcl|NC_037639.1_mrna_XM_016910960.2_4246	2931	2732	1773.71	35.5375
lcl|NC_037639.1_mrna_XM_624160.5_4247	2345	2146	556	14.1818
lcl|NC_037639.1_mrna_XM_026439058.1_4248	2581	2382	136	3.12523
lcl|NC_037639.1_mrna_XM_006561111.3_4249	1087	888	401	24.7182
lcl|NC_037639.1_mrna_XM_026439154.1_4250	7086	6887	325.232	2.58493
lcl|NC_037639.1_mrna_XM_026446507.1_4251	669	470	341.768	39.8033
lcl|NC_037639.1_mrna_XM_026446503.1_4252	1663	1464	53	1.98162
lcl|NC_037639.1_mrna_XM_624722.6_4253	2348	2149	2501.01	63.7038
lcl|NC_037639.1_mrna_XM_026446502.1_4254	2159	1960	7.09966	0.198275
lcl|NC_037639.1_mrna_XM_006561112.3_4255	2291	2092	110.9	2.90173
lcl|NC_037639.1_mrna_XM_006561115.3_4256	4419	4220	137.487	1.78335
lcl|NC_037639.1_mrna_XM_006561116.3_4257	4085	3886	12.5126	0.17625
lcl|NC_037639.1_mrna_XM_003249777.4_4258	2642	2443	868	19.4483
lcl|NC_037639.1_mrna_XM_026446505.1_4259	1444	1245	705.5	31.0179
lcl|NC_037639.1_mrna_XM_026446506.1_4260	1324	1125	180.6	8.78719
lcl|NC_037639.1_mrna_XM_624796.6_4261	1777	1578	370.9	12.8658
lcl|NC_037639.1_mrna_XM_026439156.1_4262	3156	2957	447	8.27449
lcl|NC_037639.1_mrna_XM_393610.7_4263	6674	6475	0	0
lcl|NC_037639.1_miscrna_XR_409009.3_4264	6650	6451	615.547	5.223
lcl|NC_037639.1_mrna_XM_006561119.3_4265	6661	6462	0	0
lcl|NC_037639.1_mrna_XM_006561121.3_4266	6424	6225	42.5244	0.373925
lcl|NC_037639.1_mrna_XM_016910694.2_4267	6411	6212	2270.84	20.0097
lcl|NC_037639.1_mrna_XM_016910692.2_4268	6481	6282	1.58381e-06	1.38004e-08
lcl|NC_037639.1_mrna_XM_006561120.3_4269	6068	5869	491.512	4.58411
lcl|NC_037639.1_mrna_XM_397367.5_4270	733	534	709.858	72.7639
lcl|NC_037639.1_mrna_XM_006561122.3_4271	635	436	211.142	26.5077
lcl|NC_037639.1_mrna_XM_006561123.3_4272	1428	1229	231	10.2883
lcl|NC_037639.1_mrna_XM_394823.7_4273	2863	2664	2509.47	51.5625
lcl|NC_037639.1_mrna_XM_006561124.3_4274	2094	1895	100.525	2.90369
lcl|NC_037639.1_mrna_XM_006561129.3_4275	817	618	9675	856.935
lcl|NC_037639.1_mrna_XM_006561127.3_4276	1827	1628	116	3.90022
lcl|NC_037639.1_mrna_XM_392566.7_4277	1856	1657	0	0
lcl|NC_037639.1_mrna_XM_006561128.3_4278	1715	1516	0	0
lcl|NC_037639.1_mrna_XM_006561126.3_4279	1782	1583	0	0
lcl|NC_037639.1_mrna_XM_392567.7_4280	6504	6305	2139.41	18.5735
lcl|NC_037639.1_mrna_XM_006561125.3_4281	6501	6302	289.112	2.51115
lcl|NC_037639.1_mrna_XM_006561078.3_4282	3747	3548	5.76911	0.0890041
lcl|NC_037639.1_mrna_NM_001077811.1_4283	1287	1088	4.23089	0.212857
lcl|NC_037639.1_mrna_XM_006561130.3_4284	2149	1950	44.8883	1.26004
lcl|NC_037639.1_mrna_XM_006561132.3_4285	3208	3009	0	0
lcl|NC_037639.1_mrna_XM_001120910.5_4286	3086	2887	72.1117	1.36724
lcl|NC_037639.1_mrna_XM_006561131.3_4287	2955	2756	1.85692e-05	3.68807e-07
lcl|NC_037639.1_mrna_XM_026439157.1_4288	2776	2577	7	0.148686
lcl|NC_037639.1_mrna_XM_006561133.3_4289	3912	3713	829.188	12.224
lcl|NC_037639.1_mrna_XM_026439027.1_4290	3406	3207	350.812	5.98771
lcl|NC_037639.1_mrna_XM_026446442.1_4291	12379	12180	9.3567e-08	4.20495e-10
lcl|NC_037639.1_mrna_XM_026446441.1_4292	12442	12243	2.12067e-06	9.48137e-09
lcl|NC_037639.1_mrna_XM_026446444.1_4293	12286	12087	22.6446	0.102549
lcl|NC_037639.1_mrna_XM_006561136.3_4294	12444	12245	1.72563e-06	7.7139e-09
lcl|NC_037639.1_mrna_XM_026446446.1_4295	12180	11981	9.60891e-07	4.39002e-09
lcl|NC_037639.1_mrna_XM_026446443.1_4296	12288	12089	18.3774	0.0832105
lcl|NC_037639.1_mrna_XM_026446445.1_4297	12222	12023	1.20722	0.00549616
lcl|NC_037639.1_mrna_XM_026446447.1_4298	11074	10875	0	0
lcl|NC_037639.1_mrna_XM_026446448.1_4299	9998	9799	76.8244	0.429144
lcl|NC_037639.1_mrna_XM_396511.7_4300	3449	3250	350	5.89481
lcl|NC_037639.1_mrna_XM_016910962.2_4301	2680	2481	0	0
lcl|NC_037639.1_mrna_XM_016910937.2_4302	3501	3302	236.794	3.92535
lcl|NC_037639.1_mrna_XM_006561148.3_4303	2406	2207	172.493	4.27812
lcl|NC_037639.1_mrna_XM_026438945.1_4304	5483	5284	381	3.94682
lcl|NC_037639.1_mrna_XM_003249756.4_4305	1827	1628	5.71386	0.192115
lcl|NC_037639.1_ncrna_XR_003304149.1_4306	141	6.28195	0	0
lcl|NC_037639.1_mrna_XM_016918028.2_4307	717	518	133	14.0542
lcl|NC_037639.1_mrna_XM_001121250.5_4308	1249	1050	902	47.0222
lcl|NC_037639.1_mrna_XM_006561151.3_4309	751	552	155.578	15.4275
lcl|NC_037639.1_mrna_XM_003249757.4_4310	1036	837	0	0
lcl|NC_037639.1_mrna_XM_392244.7_4311	1088	889	516.452	31.799
lcl|NC_037639.1_mrna_XM_006561152.3_4312	841	642	110.207	9.39639
lcl|NC_037639.1_mrna_XM_006561150.3_4313	890	691	160.762	12.7348
lcl|NC_037639.1_mrna_XM_001121279.5_4314	767	568	188	18.1174
lcl|NC_037639.1_mrna_XM_623131.6_4315	1681	1482	358	13.2227
lcl|NC_037639.1_mrna_XM_006561153.3_4316	834	635	1446	124.646
lcl|NC_037639.1_mrna_XM_006561157.3_4317	1728	1529	19	0.680192
lcl|NC_037639.1_mrna_XM_026439043.1_4318	1251	1052	8.0036	0.416443
lcl|NC_037639.1_mrna_XM_026439044.1_4319	927	728	5	0.375945
lcl|NC_037639.1_ncrna_XR_003304176.1_4320	7043	6844	2	0.0159958
lcl|NC_037639.1_mrna_XM_026439235.1_4321	9967	9768	12405.3	69.5165
lcl|NC_037639.1_mrna_XM_001121453.5_4322	7540	7341	777.908	5.80041
lcl|NC_037639.1_ncrna_XR_003304215.1_4323	5230	5031	40.8177	0.444099
lcl|NC_037639.1_mrna_XM_003249760.4_4324	1963	1764	63.3956	1.96719
lcl|NC_037639.1_mrna_XM_003249761.4_4325	1990	1791	0	0
lcl|NC_037639.1_mrna_XM_026439036.1_4326	811	612	2	0.178881
lcl|NC_037639.1_mrna_XM_001121566.5_4327	1415	1216	41.7566	1.87965
lcl|NC_037639.1_mrna_XM_006561161.3_4328	1586	1387	0	0
lcl|NC_037639.1_mrna_XM_006561160.3_4329	1601	1402	0	0
lcl|NC_037639.1_mrna_XM_006561159.3_4330	1604	1405	141.243	5.50272
lcl|NC_037639.1_mrna_XM_001121596.5_4331	1153	954	611	35.0573
lcl|NC_037639.1_mrna_XM_001120244.5_4332	1253	1054	297.866	15.4691
lcl|NC_037639.1_mrna_XM_006561162.2_4333	4497	4298	3990	50.8149
lcl|NC_037639.1_mrna_XM_623196.5_4334	4605	4406	883.136	10.9716
lcl|NC_037639.1_mrna_XM_026446386.1_4335	2963	2764	601.098	11.904
lcl|NC_037639.1_mrna_XM_006561164.3_4336	4822	4623	411.471	4.87193
lcl|NC_037639.1_mrna_XM_026446387.1_4337	4631	4432	349.697	4.31894
lcl|NC_037639.1_mrna_XM_006561166.3_4338	4656	4457	17.6848	0.217191
lcl|NC_037639.1_mrna_XM_006561163.3_4339	4893	4694	0.0491378	0.000573004
lcl|NC_037639.1_mrna_XM_026446385.1_4340	4020	3821	0	0
lcl|NC_037639.1_mrna_XM_006561169.3_4341	3904	3705	10.6463	0.157288
lcl|NC_037639.1_mrna_XM_006561170.3_4342	3608	3409	3.11032	0.0499417
lcl|NC_037639.1_mrna_XM_001121685.5_4343	3543	3344	3.24336	0.0530902
lcl|NC_037639.1_precursorrna_NR_039504.1_4344	93	4.05064	0	0
lcl|NC_037639.1_ncrna_4345	24	2.75981	0	0
lcl|NC_037639.1_mrna_XM_395542.6_4346	1405	1206	389	17.6558
lcl|NC_037639.1_mrna_XM_395543.6_4347	2559	2360	1521	35.2779
lcl|NC_037639.1_mrna_XM_001120413.5_4348	869	670	405	33.0876
lcl|NC_037639.1_mrna_XM_623805.5_4349	2222	2023	275	7.44084
lcl|NC_037639.1_mrna_XM_006561172.3_4350	565	366	991	148.21
lcl|NC_037639.1_mrna_XM_623902.5_4351	2122	1923	413	11.7559
lcl|NC_037639.1_mrna_XM_393072.7_4352	1377	1178	515	23.9302
lcl|NC_037639.1_mrna_XM_396134.7_4353	1540	1341	735	30.0016
lcl|NC_037639.1_mrna_XM_397392.7_4354	6713	6514	346.993	2.9158
lcl|NC_037639.1_mrna_XM_006561174.3_4355	6300	6101	104.913	0.941268
lcl|NC_037639.1_mrna_XM_006561175.3_4356	5633	5434	767.094	7.72706
lcl|NC_037639.1_mrna_XM_395591.6_4357	761	562	186	18.116
lcl|NC_037639.1_mrna_XM_026446473.1_4358	7037	6838	197.628	1.58199
lcl|NC_037639.1_mrna_XM_026446472.1_4359	7039	6840	323.67	2.59019
lcl|NC_037639.1_mrna_XM_006561176.3_4360	6939	6740	1181.7	9.59695
lcl|NC_037639.1_mrna_XM_026438940.1_4361	2936	2737	647.425	12.9479
lcl|NC_037639.1_mrna_XM_026438941.1_4362	2909	2710	2400.57	48.4877
lcl|NC_037639.1_mrna_XM_016911019.2_4363	495	296	3437.69	635.712
lcl|NC_037639.1_mrna_XM_026439099.1_4364	461	262	1186.31	247.846
lcl|NC_037639.1_mrna_XM_026446465.1_4365	6602	6403	83.5142	0.713941
lcl|NC_037639.1_mrna_XM_394362.6_4366	6587	6388	1611.49	13.8085
lcl|NC_037639.1_mrna_XM_006561181.3_4367	2228	2029	410.531	11.0751
lcl|NC_037639.1_mrna_XM_016910948.2_4368	2183	1984	39.01	1.07627
lcl|NC_037639.1_mrna_XM_623645.6_4369	2198	1999	471.459	12.9097
lcl|NC_037639.1_mrna_XM_394361.5_4370	2369	2170	91	2.29545
lcl|NC_037639.1_mrna_XM_394360.4_4371	2455	2256	8	0.194105
lcl|NC_037639.1_mrna_XM_026439281.1_4372	7312	7113	4.90819	0.0377706
lcl|NC_037639.1_mrna_XM_026439282.1_4373	7296	7097	84.1708	0.64919
lcl|NC_037639.1_mrna_XM_026439266.1_4374	7556	7357	0	0
lcl|NC_037639.1_mrna_XM_026439265.1_4375	7588	7389	0	0
lcl|NC_037639.1_mrna_XM_026439273.1_4376	7507	7308	107.746	0.807024
lcl|NC_037639.1_mrna_XM_026439272.1_4377	7506	7307	0	0
lcl|NC_037639.1_mrna_XM_026439267.1_4378	7539	7340	0	0
lcl|NC_037639.1_mrna_XM_026439279.1_4379	7368	7169	21.0262	0.160541
lcl|NC_037639.1_mrna_XM_026439277.1_4380	7401	7202	0.187268	0.0014233
lcl|NC_037639.1_mrna_XM_026439280.1_4381	7317	7118	0	0
lcl|NC_037639.1_mrna_XM_026439268.1_4382	7536	7337	0	0
lcl|NC_037639.1_mrna_XM_026439270.1_4383	7530	7331	0	0
lcl|NC_037639.1_mrna_XM_026439275.1_4384	7433	7234	0	0
lcl|NC_037639.1_mrna_XM_026439278.1_4385	7381	7182	1.52959e-05	1.16578e-07
lcl|NC_037639.1_mrna_XM_026439274.1_4386	7477	7278	0	0
lcl|NC_037639.1_mrna_XM_026439285.1_4387	7396	7197	0	0
lcl|NC_037639.1_mrna_XM_016910669.2_4388	7429	7230	828.596	6.27321
lcl|NC_037639.1_mrna_XM_016910671.2_4389	7322	7123	2505.02	19.2501
lcl|NC_037639.1_mrna_XM_026439271.1_4390	6301	6102	19.7269	0.176959
lcl|NC_037639.1_mrna_XM_026439276.1_4391	6191	5992	0	0
lcl|NC_037639.1_ncrna_XR_001702200.2_4392	7601	7402	34	0.251429
lcl|NC_037639.1_ncrna_XR_409756.3_4393	15839	15640	32	0.111995
lcl|NC_037639.1_mrna_XM_026439284.1_4394	6002	5803	0	0
lcl|NC_037639.1_mrna_XM_016910672.2_4395	5945	5746	0	0
lcl|NC_037639.1_ncrna_XR_003304217.1_4396	6500	6301	47	0.408295
lcl|NC_037639.1_mrna_XM_026439283.1_4397	6842	6643	23.4669	0.193365
lcl|NC_037639.1_mrna_XM_016910663.2_4398	6196	5997	0	0
lcl|NC_037639.1_mrna_XM_006563747.3_4399	6041	5842	24.2478	0.227193
lcl|NC_037639.1_mrna_XM_394359.6_4400	1022	823	533	35.4497
lcl|NC_037639.1_mrna_XM_006563745.3_4401	2166	1967	1190.43	33.1272
lcl|NC_037639.1_mrna_XM_006563746.3_4402	2052	1853	17.2519	0.509622
lcl|NC_037639.1_mrna_XM_016910914.2_4403	863	664	0	0
lcl|NC_037639.1_mrna_XM_006563744.3_4404	2036	1837	0	0
lcl|NC_037639.1_mrna_XM_016910915.2_4405	1796	1597	579.953	19.878
lcl|NC_037639.1_mrna_XM_016910911.2_4406	8676	8477	16.3333	0.105467
lcl|NC_037639.1_mrna_XM_026446430.1_4407	8712	8513	0	0
lcl|NC_037639.1_mrna_XM_026446429.1_4408	8736	8537	0	0
lcl|NC_037639.1_mrna_XM_026446431.1_4409	8574	8375	0	0
lcl|NC_037639.1_mrna_XM_026446432.1_4410	8157	7958	150.879	1.03779
lcl|NC_037639.1_mrna_XM_026446433.1_4411	8359	8160	0	0
lcl|NC_037639.1_mrna_XM_026446435.1_4412	5836	5637	0	0
lcl|NC_037639.1_mrna_XM_026446434.1_4413	5895	5696	0	0
lcl|NC_037639.1_mrna_XM_026446436.1_4414	5876	5677	0	0
lcl|NC_037639.1_precursorrna_NR_127305.1_4415	70	3.48345	0	0
lcl|NC_037639.1_ncrna_4416	19	2.70091	0	0
lcl|NC_037639.1_ncrna_4417	19	2.70091	0	0
lcl|NC_037639.1_mrna_XM_623060.6_4418	1088	889	654	40.2681
lcl|NC_037639.1_mrna_XM_006564227.3_4419	1730	1531	374	13.3715
lcl|NC_037639.1_mrna_XM_397372.7_4420	1260	1061	441	22.7514
lcl|NC_037639.1_mrna_XM_006564229.3_4421	1204	1005	88.996	4.84719
lcl|NC_037639.1_mrna_XM_003250397.4_4422	1455	1256	5.00398	0.218078
lcl|NC_037639.1_mrna_XM_006564228.3_4423	1488	1289	15.7383	0.668331
lcl|NC_037639.1_mrna_XM_026439040.1_4424	1592	1393	30.44	1.19613
lcl|NC_037639.1_mrna_XM_026439039.1_4425	1594	1395	245.822	9.64564
lcl|NC_037639.1_mrna_XM_396233.7_4426	2771	2572	353.198	7.5168
lcl|NC_037639.1_mrna_XM_006564230.3_4427	2349	2150	14.9525	0.38068
lcl|NC_037639.1_mrna_XM_006564232.3_4428	2210	2011	133.849	3.64325
lcl|NC_037639.1_mrna_XM_006564235.3_4429	1957	1758	168.252	5.23874
lcl|NC_037639.1_mrna_XM_006564234.3_4430	1656	1457	413.748	15.544
lcl|NC_037639.1_mrna_XM_026439017.1_4431	646	447	159	19.4704
lcl|NC_037639.1_mrna_XM_001123009.5_4432	621	422	299.87	38.896
lcl|NC_037639.1_mrna_XM_006564237.3_4433	582	383	50.1304	7.16452
lcl|NC_037639.1_mrna_XM_026439064.1_4434	1690	1491	0	0
lcl|NC_037639.1_mrna_XM_026439065.1_4435	1687	1488	346	12.728
lcl|NC_037639.1_mrna_XM_026439066.1_4436	11351	11152	2281.78	11.1997
lcl|NC_037639.1_ncrna_XR_003304182.1_4437	776	577	4.11096	0.389989
lcl|NC_037639.1_ncrna_XR_003304181.1_4438	785	586	42.4765	3.96768
lcl|NC_037639.1_ncrna_XR_003304183.1_4439	918	719	1.70092	0.129491
lcl|NC_037639.1_mrna_XM_392238.7_4440	1324	1125	229	11.1421
lcl|NC_037639.1_ncrna_XR_003304184.1_4441	451	252	0	0
lcl|NC_037639.1_mrna_XM_006564701.3_4442	669	470	90918	10588.6
lcl|NC_037639.1_mrna_XM_392237.7_4443	2319	2120	474	12.2385
lcl|NC_037639.1_mrna_XM_026439302.1_4444	2714	2515	13.7319	0.298867
lcl|NC_037639.1_mrna_XM_001120911.5_4445	2725	2526	337.268	7.30848
lcl|NC_037639.1_mrna_XM_003250463.4_4446	1429	1230	1	0.0445021
lcl|NC_037639.1_mrna_NM_001174142.1_4447	773	574	1	0.0953616
lcl|NC_037639.1_mrna_XM_026439300.1_4448	6189	5990	0	0
lcl|NC_037639.1_mrna_XM_026439301.1_4449	6378	6179	27.0839	0.239927
lcl|NC_037639.1_mrna_XM_026439299.1_4450	6295	6096	0	0
lcl|NC_037639.1_mrna_XM_006564704.3_4451	6420	6221	0	0
lcl|NC_037639.1_mrna_XM_003250464.4_4452	4562	4363	1.37498	0.0172503
lcl|NC_037639.1_mrna_XM_026439298.1_4453	4814	4615	95.5411	1.13319
lcl|NC_037639.1_mrna_XM_006564703.3_4454	5062	4863	0	0
lcl|NC_037639.1_mrna_XM_006564702.3_4455	5038	4839	0	0
lcl|NC_037639.1_precursorrna_NR_127310.1_4456	87	3.88332	0	0
lcl|NC_037639.1_ncrna_4457	21	2.72438	0	0
lcl|NC_037639.1_mrna_XM_006564718.3_4458	10905	10706	9914.54	50.691
lcl|NC_037639.1_mrna_XM_006564719.3_4459	1903	1704	84.9375	2.72844
lcl|NC_037639.1_mrna_XM_026446449.1_4460	1809	1610	121.063	4.11594
lcl|NC_037639.1_mrna_XM_395792.7_4461	3676	3477	1059.66	16.6819
lcl|NC_037639.1_mrna_XM_006564726.3_4462	3448	3249	0.00629822	0.000106109
lcl|NC_037639.1_mrna_XM_006564722.3_4463	3093	2894	2505.68	47.3927
lcl|NC_037639.1_mrna_XM_006564723.3_4464	3318	3119	3129.35	54.9191
lcl|NC_037639.1_mrna_XM_006564724.3_4465	3044	2845	3.31405	0.0637621
lcl|NC_037639.1_mrna_XM_006564721.3_4466	657	458	104	12.4295
lcl|NC_037639.1_mrna_XM_001121217.5_4467	586	387	0	0
lcl|NC_037639.1_mrna_XM_026446450.1_4468	562	363	0	0
lcl|NC_037639.1_mrna_XM_006564727.3_4469	1492	1293	17	0.719674
lcl|NC_037639.1_mrna_XM_026439304.1_4470	8491	8292	1277.21	8.43116
lcl|NC_037639.1_mrna_XM_395337.7_4471	1179	980	524.325	29.286
lcl|NC_037639.1_mrna_XM_006565925.3_4472	1057	858	198.675	12.6748
lcl|NC_037639.1_mrna_XM_392769.7_4473	3870	3671	1910.99	28.4944
lcl|NC_037639.1_mrna_XM_016910906.2_4474	2156	1957	827.24	23.138
lcl|NC_037639.1_mrna_XM_016910907.2_4475	1907	1708	641.939	20.5727
lcl|NC_037639.1_mrna_XM_016910905.2_4476	1500	1301	97.8324	4.11614
lcl|NC_037639.1_mrna_XM_006565922.3_4477	1769	1570	90.0393	3.13919
lcl|NC_037639.1_mrna_XM_006565921.2_4478	2048	1849	72.8995	2.15811
lcl|NC_037639.1_mrna_XM_016910901.1_4479	1738	1539	120.061	4.27021
lcl|NC_037639.1_mrna_XM_016910902.2_4480	761	562	0	0
lcl|NC_037639.1_mrna_XM_016910904.2_4481	758	559	0	0
lcl|NC_037639.1_mrna_XM_016910903.2_4482	771	572	0	0
lcl|NC_037639.1_mrna_XM_006565924.3_4483	771	572	0	0
lcl|NC_037639.1_mrna_XM_006565923.3_4484	807	608	388	34.9312
lcl|NC_037639.1_precursorrna_NR_039506.1_4485	87	3.88332	0	0
lcl|NC_037639.1_ncrna_4486	22	2.73612	0	0
lcl|NC_037639.1_mrna_XM_392617.7_4487	3156	2957	2167	40.1137
lcl|NC_037639.1_mrna_XM_016918059.2_4488	1883	1684	1	0.0325045
lcl|NC_037639.1_mrna_XM_006565920.3_4489	1110	911	102	6.12868
lcl|NC_037639.1_mrna_XM_006565918.2_4490	2385	2186	0	0
lcl|NC_037639.1_mrna_XM_006565916.3_4491	2570	2371	0	0
lcl|NC_037639.1_mrna_XM_396795.6_4492	2553	2354	19.9106	0.462981
lcl|NC_037639.1_mrna_XM_006565917.3_4493	2299	2100	0	0
lcl|NC_037639.1_mrna_XM_006565919.3_4494	5065	4866	25.0894	0.28223
lcl|NC_037639.1_mrna_XM_396796.6_4495	3089	2890	1.03415e-08	1.95871e-10
lcl|NC_037639.1_mrna_XM_006565915.3_4496	3097	2898	558	10.5395
lcl|NC_037639.1_mrna_NM_001242514.1_4497	1793	1594	1134	38.9413
lcl|NC_037639.1_mrna_XM_026446383.1_4498	8222	8023	3310.16	22.5838
lcl|NC_037639.1_mrna_XM_026446384.1_4499	8210	8011	195.837	1.33811
lcl|NC_037639.1_mrna_XM_624453.6_4500	3149	2950	5995	111.238
lcl|NC_037639.1_ncrna_XR_003304218.1_4501	590	391	0	0
lcl|NC_037639.1_mrna_XM_026439169.1_4502	1694	1495	32	1.17164
lcl|NC_037639.1_mrna_XM_624375.5_4503	1168	969	1134	64.0582
lcl|NC_037639.1_mrna_XM_016910848.2_4504	910	711	0	0
lcl|NC_037639.1_mrna_XM_396155.7_4505	2763	2564	1112	23.7395
lcl|NC_037639.1_mrna_XM_001120710.4_4506	2590	2391	1088.84	24.927
lcl|NC_037639.1_mrna_XM_026439289.1_4507	742	543	2891.14	291.443
lcl|NC_037639.1_mrna_XM_001120754.5_4508	1569	1370	937.023	37.4382
lcl|NC_037639.1_mrna_XM_624258.5_4509	1604	1405	1487	57.9322
lcl|NC_037639.1_mrna_XM_006565914.3_4510	901	702	1502	117.117
lcl|NC_037639.1_mrna_XM_006565913.2_4511	4649	4450	428	5.26464
lcl|NC_037639.1_mrna_XM_026438910.1_4512	1147	948	81.7333	4.71928
lcl|NC_037639.1_mrna_XM_026438909.1_4513	1192	993	88.2667	4.86556
lcl|NC_037639.1_mrna_XM_394354.7_4514	1207	1008	5.3525e-07	2.90658e-08
lcl|NC_037639.1_mrna_XM_006565911.3_4515	2914	2715	37.1896	0.749786
lcl|NC_037639.1_mrna_XM_624159.5_4516	3767	3568	49.6514	0.761714
lcl|NC_037639.1_ncrna_XR_003304188.1_4517	5600	5401	33.9347	0.343918
lcl|NC_037639.1_ncrna_XR_410400.3_4518	5858	5659	0	0
lcl|NC_037639.1_ncrna_XR_410401.3_4519	5969	5770	50.8333	0.482234
lcl|NC_037639.1_ncrna_XR_001706526.2_4520	13339	13140	61.5033	0.256206
lcl|NC_037639.1_mrna_XM_026439113.1_4521	2477	2278	7481	179.759
lcl|NC_037639.1_ncrna_XR_003304189.1_4522	672	473	128	14.8127
lcl|NC_037639.1_ncrna_XR_001706525.2_4523	4449	4250	3745.34	48.2378
lcl|NC_037639.1_mrna_XM_016918056.2_4524	3172	2973	1149.61	21.1661
lcl|NC_037639.1_mrna_XM_016918057.2_4525	2570	2371	6566.24	151.59
lcl|NC_037639.1_ncrna_XR_003304193.1_4526	8219	8020	10446.1	71.2963
lcl|NC_037639.1_ncrna_XR_003304190.1_4527	1521	1322	485.116	20.0863
lcl|NC_037639.1_ncrna_XR_003304192.1_4528	1008	809	391.911	26.517
lcl|NC_037639.1_ncrna_XR_003304191.1_4529	1616	1417	0	0
lcl|NC_037639.1_ncrna_XR_001706524.2_4530	718	519	326.973	34.485
lcl|NC_037639.1_mrna_XM_016918054.2_4531	1006	807	3084.85	209.241
lcl|NC_037639.1_mrna_XM_016918055.2_4532	998	799	1314.26	90.0371
lcl|NC_037639.1_mrna_XM_001121043.5_4533	1011	812	10107.7	681.37
lcl|NC_037639.1_mrna_XM_026439127.1_4534	1829	1630	66.1563	2.22162
lcl|NC_037639.1_mrna_XM_003250721.4_4535	1647	1448	0	0
lcl|NC_037639.1_mrna_XM_026439120.1_4536	1702	1503	0	0
lcl|NC_037639.1_ncrna_XR_003304197.1_4537	1008	809	2.79386	0.189035
lcl|NC_037639.1_mrna_NM_001242958.1_4538	1544	1345	1.20614	0.0490864
lcl|NC_037639.1_mrna_NM_001242959.1_4539	1418	1219	0	0
lcl|NC_037639.1_mrna_XM_006565878.3_4540	1734	1535	0	0
lcl|NC_037639.1_mrna_XM_016918052.2_4541	1667	1468	0	0
lcl|NC_037639.1_ncrna_XR_003304202.1_4542	337	138	0	0
lcl|NC_037639.1_ncrna_XR_003304203.1_4543	521	322	0	0
lcl|NC_037639.1_mrna_XM_006565880.3_4544	1420	1221	0	0
lcl|NC_037639.1_mrna_XM_006565881.3_4545	1354	1155	2	0.0947836
lcl|NC_037639.1_ncrna_XR_003304200.1_4546	2602	2403	0	0
lcl|NC_037639.1_ncrna_XR_003304199.1_4547	2737	2538	0	0
lcl|NC_037639.1_ncrna_XR_003304198.1_4548	2741	2542	0	0
lcl|NC_037639.1_ncrna_XR_410389.3_4549	2535	2336	1	0.0234322
lcl|NC_037639.1_mrna_XM_006565882.3_4550	1576	1377	2	0.0795026
lcl|NC_037639.1_mrna_NM_001242960.1_4551	1531	1332	0	0
lcl|NC_037639.1_mrna_NM_001242961.1_4552	1362	1163	1	0.0470658
lcl|NC_037639.1_mrna_NM_001242962.1_4553	1569	1370	0	0
lcl|NC_037639.1_mrna_NM_001242963.1_4554	1352	1153	1	0.047474
lcl|NC_037639.1_mrna_XM_026446349.1_4555	1745	1546	0	0
lcl|NC_037639.1_mrna_NM_001242964.1_4556	1388	1189	4	0.184146
lcl|NC_037639.1_mrna_XM_026446350.1_4557	1399	1200	0	0
lcl|NC_037639.1_mrna_NM_001242965.1_4558	1354	1155	1	0.0473918
lcl|NC_037639.1_mrna_XM_016918031.2_4559	2399	2200	0	0
lcl|NC_037639.1_mrna_XM_016918033.2_4560	2321	2122	2	0.0515905
lcl|NC_037639.1_mrna_XM_016918032.2_4561	2333	2134	0	0
lcl|NC_037639.1_mrna_XM_016918034.2_4562	2255	2056	0	0
lcl|NC_037639.1_ncrna_XR_003304196.1_4563	1216	1017	0	0
lcl|NC_037639.1_ncrna_XR_003304195.1_4564	1911	1712	0	0
lcl|NC_037639.1_ncrna_XR_003304194.1_4565	1983	1784	0	0
lcl|NC_037639.1_mrna_XM_003250719.4_4566	1198	999	0	0
lcl|NC_037639.1_mrna_XM_026439171.1_4567	1421	1222	0	0
lcl|NC_037639.1_mrna_XM_003250678.4_4568	1418	1219	0	0
lcl|NC_037639.1_mrna_NM_001242966.1_4569	1269	1070	1	0.0511566
lcl|NC_037639.1_miscrna_XR_410392.2_4570	1844	1645	0	0
lcl|NC_037639.1_mrna_XM_003250717.3_4571	1848	1649	0	0
lcl|NC_037639.1_mrna_XM_016918049.2_4572	1527	1328	0	0
lcl|NC_037639.1_mrna_XM_001121659.5_4573	1699	1500	1	0.0364917
lcl|NC_037639.1_mrna_XM_006565884.3_4574	1359	1160	0	0
lcl|NC_037639.1_mrna_XM_006565885.3_4575	1662	1463	0	0
lcl|NC_037639.1_mrna_XM_016917965.2_4576	1630	1431	0	0
lcl|NC_037639.1_mrna_NM_001242967.1_4577	1354	1155	0	0
lcl|NC_037639.1_ncrna_XR_003304201.1_4578	914	715	2	0.153112
lcl|NC_037639.1_mrna_NM_001242968.1_4579	1396	1197	2	0.0914579
lcl|NC_037639.1_mrna_NM_001242969.1_4580	1242	1043	0	0
lcl|NC_037639.1_mrna_XM_006565827.3_4581	1664	1465	0	0
lcl|NC_037639.1_mrna_XM_026446348.1_4582	2775	2576	0	0
lcl|NC_037639.1_mrna_XM_006565824.3_4583	3144	2945	0	0
lcl|NC_037639.1_mrna_NM_001242970.1_4584	1355	1156	67	3.1725
lcl|NC_037639.1_mrna_XM_016918043.2_4585	1660	1461	0	0
lcl|NC_037639.1_mrna_XM_016918042.2_4586	1628	1429	0	0
lcl|NC_037639.1_mrna_XM_001121864.5_4587	1636	1437	43	1.63794
lcl|NC_037639.1_ncrna_XR_410394.3_4588	436	237	0	0
lcl|NC_037639.1_mrna_XM_026439118.1_4589	1883	1684	16.4238	0.533846
lcl|NC_037639.1_mrna_XM_026439124.1_4590	1549	1350	14.5762	0.591013
lcl|NC_037639.1_mrna_XM_026439122.1_4591	1588	1389	0	0
lcl|NC_037639.1_mrna_XM_026439123.1_4592	1599	1400	0	0
lcl|NC_037639.1_mrna_NM_001242971.1_4593	1446	1247	3	0.131686
lcl|NC_037639.1_mrna_XM_016918045.2_4594	1678	1479	0	0
lcl|NC_037639.1_mrna_XM_003250709.4_4595	1681	1482	7.08948	0.261849
lcl|NC_037639.1_mrna_XM_006565823.3_4596	1561	1362	0	0
lcl|NC_037639.1_mrna_NM_001242972.1_4597	1221	1022	6.73708	0.360833
lcl|NC_037639.1_mrna_XM_006565890.3_4598	1595	1396	4.96185	0.194556
lcl|NC_037639.1_mrna_XM_003250706.4_4599	1665	1466	1.31483	0.049093
lcl|NC_037639.1_mrna_XM_016918050.2_4600	1800	1601	2	0.0683792
lcl|NC_037639.1_mrna_NM_001242973.1_4601	1221	1022	2	0.107118
lcl|NC_037639.1_mrna_XM_003250703.4_4602	1867	1668	8	0.26253
lcl|NC_037639.1_ncrna_XR_001706514.2_4603	377	178	0	0
lcl|NC_037639.1_mrna_XM_003250702.4_4604	1739	1540	2	0.0710877
lcl|NC_037639.1_ncrna_XR_003304165.1_4605	788	589	0	0
lcl|NC_037639.1_mrna_XM_006565895.3_4606	1444	1245	17	0.74742
lcl|NC_037639.1_mrna_XM_026439172.1_4607	1447	1248	128	5.61411
lcl|NC_037639.1_mrna_XM_026438981.1_4608	1512	1313	54.5591	2.27451
lcl|NC_037639.1_ncrna_XR_003304164.1_4609	333	134	2	0.816978
lcl|NC_037639.1_mrna_XM_016918046.2_4610	1559	1360	26.6835	1.07396
lcl|NC_037639.1_mrna_XM_006565899.3_4611	1562	1363	1.65415	0.06643
lcl|NC_037639.1_mrna_XM_006565901.3_4612	1477	1278	68	2.91248
lcl|NC_037639.1_mrna_XM_026446347.1_4613	1818	1619	70.8108	2.39408
lcl|NC_037639.1_mrna_XM_026446346.1_4614	1872	1673	0	0
lcl|NC_037639.1_mrna_NM_001242975.1_4615	1227	1028	39.056	2.0796
lcl|NC_037639.1_ncrna_XR_001706504.2_4616	528	329	4.13323	0.687669
lcl|NC_037639.1_ncrna_XR_003304163.1_4617	588	389	0	0
lcl|NC_037639.1_mrna_XM_026446358.1_4618	1597	1398	0	0
lcl|NC_037639.1_mrna_XM_026446359.1_4619	1512	1313	2.0679	0.0862086
lcl|NC_037639.1_mrna_NM_001242976.1_4620	1228	1029	2.9321	0.155973
lcl|NC_037639.1_mrna_NM_001242977.1_4621	1221	1022	1	0.0535592
lcl|NC_037639.1_mrna_NM_001242978.1_4622	1239	1040	0	0
lcl|NC_037639.1_mrna_XM_006565903.3_4623	1608	1409	2	0.077697
lcl|NC_037639.1_mrna_XM_026438978.1_4624	1643	1444	0	0
lcl|NC_037639.1_mrna_XM_026438980.1_4625	1560	1361	2	0.0804372
lcl|NC_037639.1_mrna_XM_026438979.1_4626	1637	1438	0	0
lcl|NC_037639.1_mrna_NM_001242980.1_4627	1227	1028	2	0.106493
lcl|NC_037639.1_mrna_XM_016917964.2_4628	1802	1603	2	0.0682939
lcl|NC_037639.1_mrna_XM_006565820.3_4629	2612	2413	0	0
lcl|NC_037639.1_mrna_NM_001242981.1_4630	1224	1025	0	0
lcl|NC_037639.1_mrna_NM_001242982.1_4631	1230	1031	0	0
lcl|NC_037639.1_mrna_XM_006572454.3_4632	1157	958	1	0.0571373
lcl|NC_037639.1_mrna_XM_016918039.2_4633	1653	1454	0	0
lcl|NC_037639.1_mrna_XM_016918040.2_4634	1542	1343	2	0.0815153
lcl|NC_037639.1_mrna_XM_006565906.3_4635	1587	1388	0	0
lcl|NC_037639.1_mrna_XM_006565907.3_4636	1314	1115	4	0.196368
lcl|NC_037639.1_mrna_XM_016918048.2_4637	1572	1373	0	0
lcl|NC_037639.1_mrna_XM_006565834.3_4638	5648	5449	1336	13.4207
lcl|NC_037639.1_mrna_NM_001242983.1_4639	5484	5285	0	0
lcl|NC_037639.1_mrna_XM_026438959.1_4640	608	409	19	2.54282
lcl|NC_037639.1_mrna_XM_006565874.3_4641	2572	2373	166	3.82909
lcl|NC_037639.1_mrna_XM_026439073.1_4642	1518	1319	37.5286	1.55741
lcl|NC_037639.1_mrna_XM_026439071.1_4643	1530	1331	331.471	13.6318
lcl|NC_037639.1_mrna_XM_003250734.4_4644	1923	1724	268.308	8.51888
lcl|NC_037639.1_mrna_XM_623059.6_4645	2145	1946	30.6303	0.861577
lcl|NC_037639.1_mrna_XM_006565872.3_4646	1940	1741	70.8772	2.2284
lcl|NC_037639.1_mrna_XM_006565873.3_4647	1806	1607	172.184	5.86492
lcl|NC_037639.1_mrna_XM_016910691.2_4648	6643	6444	35.8452	0.304481
lcl|NC_037639.1_mrna_XM_395596.7_4649	6460	6261	724.046	6.33006
lcl|NC_037639.1_mrna_XM_026446471.1_4650	5774	5575	614.109	6.02956
lcl|NC_037639.1_mrna_XM_016910690.2_4651	6469	6270	0	0
lcl|NC_037639.1_mrna_XM_003250732.4_4652	3448	3249	673	11.3384
lcl|NC_037639.1_mrna_XM_001122401.5_4653	2256	2057	402	10.6974
lcl|NC_037639.1_mrna_XM_395471.6_4654	2842	2643	564.104	11.6828
lcl|NC_037639.1_mrna_XM_001122434.5_4655	518	319	112	19.2182
lcl|NC_037639.1_mrna_XM_006565869.3_4656	4842	4643	1792.73	21.135
lcl|NC_037639.1_mrna_XM_006565868.3_4657	4842	4643	89.0009	1.04925
lcl|NC_037639.1_mrna_XM_016910689.2_4658	3388	3189	949.61	16.2996
lcl|NC_037639.1_mrna_XM_016910688.2_4659	3403	3204	231.632	3.95722
lcl|NC_037639.1_mrna_XM_026439224.1_4660	3406	3207	531.685	9.07488
lcl|NC_037639.1_mrna_XM_016910687.2_4661	2793	2594	621.716	13.1192
lcl|NC_037639.1_mrna_XM_016910684.2_4662	2844	2645	1992.46	41.2335
lcl|NC_037639.1_mrna_XM_016910685.2_4663	2810	2611	33.5707	0.703784
lcl|NC_037639.1_mrna_XM_026439222.1_4664	2684	2485	8.02714e-07	1.76815e-08
lcl|NC_037639.1_mrna_XM_026439221.1_4665	2956	2757	93.3752	1.85387
lcl|NC_037639.1_mrna_XM_016910686.2_4666	2960	2761	766.215	15.1904
lcl|NC_037639.1_ncrna_XR_001702084.2_4667	2523	2324	64	1.5074
lcl|NC_037639.1_mrna_XM_001122467.5_4668	571	372	970	142.73
lcl|NC_037639.1_mrna_XM_006565867.3_4669	6441	6242	99.1682	0.869629
lcl|NC_037639.1_mrna_XM_003250726.4_4670	6509	6310	1045.83	9.07231
lcl|NC_037639.1_mrna_XM_392230.7_4671	5030	4831	2487.91	28.1892
lcl|NC_037639.1_mrna_XM_016910864.2_4672	4778	4579	21142.1	252.733
lcl|NC_037639.1_mrna_XM_392231.7_4673	1186	987	399	22.1279
lcl|NC_037639.1_mrna_XM_397519.7_4674	1182	983	143	7.96284
lcl|NC_037639.1_mrna_XM_001122505.5_4675	1671	1472	20	0.743717
lcl|NC_037639.1_mrna_XM_001122514.5_4676	1495	1296	19.0275	0.803642
lcl|NC_037639.1_mrna_XM_026439262.1_4677	1233	1034	98.9725	5.23937
lcl|NC_037639.1_mrna_XM_006565866.3_4678	633	434	153	19.2969
lcl|NC_037639.1_mrna_XM_016910924.2_4679	568	369	0	0
lcl|NC_037639.1_mrna_XM_006565927.3_4680	6885	6686	21.005	0.171966
lcl|NC_037639.1_mrna_XM_026439237.1_4681	7520	7321	0.00278123	2.07946e-05
lcl|NC_037639.1_mrna_XM_026439238.1_4682	7469	7270	434.788	3.27362
lcl|NC_037639.1_ncrna_XR_001702245.2_4683	4572	4373	38	0.475652
lcl|NC_037639.1_mrna_XM_006565861.3_4684	5074	4875	3685.22	41.3784
lcl|NC_037639.1_mrna_XM_006565862.3_4685	4965	4766	1415.22	16.2538
lcl|NC_037639.1_mrna_XM_016910886.2_4686	4858	4659	1595.35	18.7435
lcl|NC_037639.1_mrna_XM_006565863.3_4687	5052	4853	303.21	3.41993
lcl|NC_037639.1_mrna_XM_001122558.5_4688	841	642	275	23.4468
lcl|NC_037639.1_mrna_XM_394351.7_4689	1257	1058	444	22.9711
lcl|NC_037639.1_mrna_XM_394352.7_4690	1576	1377	182	7.23474
lcl|NC_037639.1_precursorrna_NR_031525.1_4691	82	3.75521	0	0
lcl|NC_037639.1_ncrna_4692	22	2.73612	0	0
lcl|NC_037639.1_ncrna_XR_003304147.1_4693	613	414	24	3.17319
lcl|NC_037639.1_ncrna_XR_003304148.1_4694	621	422	0	0
lcl|NC_037639.1_mrna_XM_394353.7_4695	1308	1109	1241	61.2527
lcl|NC_037639.1_mrna_XM_623195.3_4696	3914	3715	5059	74.5403
lcl|NC_037639.1_mrna_XM_016910890.2_4697	6280	6081	163.588	1.47252
lcl|NC_037639.1_mrna_XM_016910891.2_4698	6160	5961	1136.43	10.4354
lcl|NC_037639.1_mrna_XM_006565859.3_4699	6271	6072	650.985	5.86847
lcl|NC_037639.1_mrna_XM_001122616.5_4700	1575	1376	1284.16	51.084
lcl|NC_037639.1_mrna_XM_006565857.3_4701	8173	7974	3865.86	26.5372
lcl|NC_037639.1_mrna_XM_006565854.3_4702	4464	4265	0	0
lcl|NC_037639.1_mrna_XM_006565855.3_4703	4461	4262	0	0
lcl|NC_037639.1_mrna_XM_006565856.3_4704	4293	4094	56.1327	0.750505
lcl|NC_037639.1_mrna_XM_006565858.3_4705	4290	4091	13.6551	0.182705
lcl|NC_037639.1_mrna_XM_001122641.5_4706	4448	4249	2501.56	32.2262
lcl|NC_037639.1_mrna_XM_016910823.2_4707	4445	4246	562.797	7.25533
lcl|NC_037639.1_mrna_XM_026439191.1_4708	4824	4625	219	2.5919
lcl|NC_037639.1_mrna_XM_003250692.4_4709	2974	2775	211	4.16203
lcl|NC_037639.1_mrna_XM_006565848.3_4710	1084	885	15.676	0.969568
lcl|NC_037639.1_mrna_XM_006565846.3_4711	1339	1140	27.9169	1.34044
lcl|NC_037639.1_mrna_XM_006565847.3_4712	1315	1116	284.407	13.9496
lcl|NC_037639.1_mrna_XM_001122673.5_4713	1535	1336	126.851	5.19722
lcl|NC_037639.1_mrna_XM_006565852.3_4714	1356	1157	439.149	20.7761
lcl|NC_037639.1_mrna_XM_396637.7_4715	1465	1266	1282	55.4293
lcl|NC_037639.1_mrna_XM_026438977.1_4716	4390	4191	0.290836	0.00379853
lcl|NC_037639.1_mrna_XM_006565844.3_4717	4399	4200	4511.71	58.8
lcl|NC_037639.1_trna_4718	72	3.52559	0	0
lcl|NC_037639.1_trna_4719	72	3.52559	0	0
lcl|NC_037639.1_trna_4720	72	3.52559	0	0
lcl|NC_037639.1_trna_4721	72	3.52559	0	0
lcl|NC_037639.1_trna_4722	72	3.52559	0	0
lcl|NC_037639.1_trna_4723	80	3.70659	0	0
lcl|NC_037639.1_trna_4724	72	3.52559	0	0
lcl|NC_037639.1_trna_4725	72	3.52559	0	0
lcl|NC_037639.1_trna_4726	83	3.78007	0	0
lcl|NC_037639.1_mrna_XM_026438974.1_4727	405	206	1	0.265716
lcl|NC_037639.1_miscrna_XR_003304113.1_4728	10818	10619	0	0
lcl|NC_037639.1_miscrna_XR_003304108.1_4729	30318	30119	148.03	0.269026
lcl|NC_037639.1_miscrna_XR_003304111.1_4730	19152	18953	0	0
lcl|NC_037639.1_miscrna_XR_003304105.1_4731	28344	28145	84.4619	0.164265
lcl|NC_037639.1_miscrna_XR_003304104.1_4732	29666	29467	2.47497e-08	4.59747e-11
lcl|NC_037639.1_miscrna_XR_003304109.1_4733	19382	19183	0	0
lcl|NC_037639.1_miscrna_XR_003304112.1_4734	20993	20794	9.65263	0.0254093
lcl|NC_037639.1_miscrna_XR_003304110.1_4735	28534	28335	75.8054	0.146441
lcl|NC_037639.1_miscrna_XR_003304107.1_4736	23554	23355	543.408	1.2736
lcl|NC_037639.1_miscrna_XR_003304106.1_4737	29063	28864	89.4088	0.169554
lcl|NC_037639.1_mrna_XM_026438846.1_4738	715	516	54.6849	5.801
lcl|NC_037639.1_ncrna_XR_003306561.1_4739	6689	6490	10.007	0.0844001
lcl|NC_037639.1_ncrna_XR_001702219.2_4740	5039	4840	30.02	0.339508
lcl|NC_037639.1_mrna_XM_006565840.3_4741	8586	8387	415.427	2.71127
lcl|NC_037639.1_mrna_XM_003250690.4_4742	2200	2001	3	0.0820653
lcl|NC_037639.1_mrna_XM_003250729.4_4743	2254	2055	3	0.0799088
lcl|NC_037639.1_mrna_XM_003250728.4_4744	2324	2125	0	0
lcl|NC_037639.1_mrna_XM_026438949.1_4745	1302	1103	88.5962	4.39668
lcl|NC_037639.1_mrna_XM_026438948.1_4746	1372	1173	45.3591	2.11666
lcl|NC_037639.1_mrna_XM_006565836.3_4747	1625	1426	20.4547	0.785161
lcl|NC_037639.1_mrna_XM_006565837.3_4748	1304	1105	76.472	3.78813
lcl|NC_037639.1_mrna_XM_026439041.1_4749	2242	2043	5	0.133964
lcl|NC_037639.1_miscrna_XR_003304175.1_4750	1440	1241	0	0
lcl|NC_037639.1_mrna_XM_026439042.1_4751	2003	1804	2	0.0606846
lcl|NC_037639.1_trna_4752	72	3.52559	0	0
lcl|NC_037639.1_trna_4753	72	3.52559	0	0
lcl|NC_037639.1_trna_4754	72	3.52559	0	0
lcl|NC_037639.1_trna_4755	72	3.52559	0	0
lcl|NC_037639.1_trna_4756	72	3.52559	0	0
lcl|NC_037639.1_trna_4757	72	3.52559	0	0
lcl|NC_037639.1_trna_4758	72	3.52559	0	0
lcl|NC_037639.1_trna_4759	73	3.5471	0	0
lcl|NC_037639.1_trna_4760	72	3.52559	0	0
lcl|NC_037639.1_ncrna_XR_001702234.2_4761	719	520	2	0.210529
lcl|NC_037639.1_mrna_XM_394348.7_4762	1153	954	326	18.7049
lcl|NC_037639.1_mrna_XM_394347.7_4763	2016	1817	613	18.4668
lcl|NC_037639.1_mrna_XM_001119831.5_4764	3337	3138	0	0
lcl|NC_037639.1_mrna_XM_026446515.1_4765	2652	2453	0	0
lcl|NC_037639.1_mrna_XM_006568230.3_4766	3409	3210	14.2971	0.243797
lcl|NC_037639.1_mrna_XM_006568231.3_4767	2723	2524	35.7029	0.774282
lcl|NC_037639.1_mrna_XM_623761.6_4768	4148	3949	20.6479	0.286202
lcl|NC_037639.1_precursorrna_NR_039507.1_4769	114	4.78619	0	0
lcl|NC_037639.1_ncrna_4770	22	2.73612	0	0
lcl|NC_037639.1_trna_4771	82	3.75521	0	0
lcl|NC_037639.1_mrna_XM_026439145.1_4772	6497	6298	11	0.0956038
lcl|NC_037639.1_mrna_XM_026439005.1_4773	6939	6740	7604.92	61.7618
lcl|NC_037639.1_mrna_XM_026439006.1_4774	6697	6498	43.7107	0.368208
lcl|NC_037639.1_precursorrna_NR_034315.1_4775	94	4.0801	0	0
lcl|NC_037639.1_ncrna_4776	22	2.73612	0	0
lcl|NC_037639.1_mrna_XM_026439007.1_4777	6341	6142	0	0
lcl|NC_037639.1_mrna_XM_016910739.1_4778	945	746	1714.37	125.791
lcl|NC_037639.1_mrna_XM_016910740.2_4779	857	658	0	0
lcl|NC_037639.1_mrna_XM_006568219.3_4780	2384	2185	296.098	7.4177
lcl|NC_037639.1_mrna_XM_026439012.1_4781	2170	1971	120.586	3.34884
lcl|NC_037639.1_mrna_XM_026439009.1_4782	2469	2270	31	0.747517
lcl|NC_037639.1_mrna_XM_026439008.1_4783	2152	1953	0	0
lcl|NC_037639.1_mrna_XM_026439011.1_4784	1774	1575	0	0
lcl|NC_037639.1_mrna_XM_001120381.5_4785	1189	990	120.316	6.65233
lcl|NC_037639.1_mrna_XM_003251147.4_4786	8512	8313	11341.3	74.6775
lcl|NC_037639.1_ncrna_XR_003304167.1_4787	21483	21284	441.181	1.13462
lcl|NC_037639.1_mrna_XM_006568214.3_4788	3914	3715	1164.47	17.1576
lcl|NC_037639.1_mrna_XM_392226.7_4789	3506	3307	5.16607	0.0855089
lcl|NC_037639.1_mrna_XM_006568215.3_4790	3019	2820	3.55487	0.0690018
lcl|NC_037639.1_mrna_XM_006568213.3_4791	2784	2585	0	0
lcl|NC_037639.1_mrna_XM_003251156.4_4792	1317	1118	28	1.37089
lcl|NC_037639.1_mrna_XM_006568150.3_4793	1075	876	315.59	19.7199
lcl|NC_037639.1_mrna_NM_001011630.1_4794	617	418	905.41	118.564
lcl|NC_037639.1_mrna_XM_006568149.3_4795	981	782	0	0
lcl|NC_037639.1_mrna_XM_006568211.3_4796	1070	871	54	3.3936
lcl|NC_037639.1_mrna_XM_006568212.3_4797	2622	2423	0.00268726	6.07074e-05
lcl|NC_037639.1_mrna_XM_003251155.4_4798	2708	2509	73.9973	1.61436
lcl|NC_037639.1_ncrna_XR_001702285.2_4799	470	271	47337	9561.3
lcl|NC_037639.1_ncrna_XR_003304150.1_4800	512	313	179	31.3036
lcl|NC_037639.1_ncrna_XR_003304151.1_4801	417	218	61	15.3165
lcl|NC_037639.1_mrna_XM_394342.7_4802	3272	3073	7	0.124687
lcl|NC_037639.1_mrna_XM_001120755.5_4803	4302	4103	65.6506	0.875836
lcl|NC_037639.1_mrna_XM_006568209.3_4804	2984	2785	0	0
lcl|NC_037639.1_mrna_XM_016910799.2_4805	3385	3186	0	0
lcl|NC_037639.1_mrna_XM_006568208.3_4806	3478	3279	33.5306	0.559739
lcl|NC_037639.1_mrna_XM_006568210.3_4807	2943	2744	0	0
lcl|NC_037639.1_ncrna_XR_003306564.1_4808	3175	2976	13.8624	0.254971
lcl|NC_037639.1_mrna_XM_016910797.2_4809	4800	4601	440	5.23463
lcl|NC_037639.1_mrna_XM_006568206.3_4810	1718	1519	26.6691	0.961027
lcl|NC_037639.1_mrna_XM_006568205.3_4811	1726	1527	454.906	16.3068
lcl|NC_037639.1_mrna_XM_006568207.3_4812	1723	1524	214.425	7.70151
lcl|NC_037639.1_mrna_XM_016910794.2_4813	2310	2111	296	7.67518
lcl|NC_037639.1_mrna_XM_026439263.1_4814	1224	1025	1	0.0534025
lcl|NC_037639.1_mrna_XM_006568201.2_4815	764	565	2	0.193761
lcl|NC_037639.1_mrna_XM_003251153.4_4816	1621	1422	71.7837	2.76319
lcl|NC_037639.1_mrna_XM_006568203.3_4817	1205	1006	11.2163	0.610293
lcl|NC_037639.1_mrna_XM_006568197.3_4818	4139	3940	3245.7	45.0918
lcl|NC_037639.1_mrna_XM_006568198.3_4819	2982	2783	3472.3	68.2951
lcl|NC_037639.1_mrna_XM_026439147.1_4820	3979	3780	127.826	1.85103
lcl|NC_037639.1_mrna_XM_016911024.2_4821	4382	4183	493.174	6.45353
lcl|NC_037639.1_mrna_XM_026446417.1_4822	7929	7730	51.0172	0.361262
lcl|NC_037639.1_mrna_XM_026446414.1_4823	7995	7796	0	0
lcl|NC_037639.1_mrna_XM_026446419.1_4824	7775	7576	0	0
lcl|NC_037639.1_mrna_XM_026446416.1_4825	7983	7784	0	0
lcl|NC_037639.1_mrna_XM_026446420.1_4826	7763	7564	79.6698	0.576538
lcl|NC_037639.1_mrna_XM_026446424.1_4827	7341	7142	0	0
lcl|NC_037639.1_mrna_XM_026446418.1_4828	7833	7634	0	0
lcl|NC_037639.1_mrna_XM_026446421.1_4829	7674	7475	0	0
lcl|NC_037639.1_mrna_XM_026446422.1_4830	7512	7313	0	0
lcl|NC_037639.1_mrna_XM_026446415.1_4831	8328	8129	385.2	2.59379
lcl|NC_037639.1_mrna_XM_026446426.1_4832	6793	6594	53.2158	0.44175
lcl|NC_037639.1_mrna_XM_026446423.1_4833	7220	7021	36.5904	0.285268
lcl|NC_037639.1_mrna_XM_026446425.1_4834	6820	6621	0.306506	0.00253396
lcl|NC_037639.1_mrna_XM_624300.5_4835	3618	3419	2250	36.0221
lcl|NC_037639.1_mrna_XM_016910699.2_4836	3805	3606	6414.9	97.3754
lcl|NC_037639.1_mrna_XM_392223.7_4837	1201	1002	653	35.6723
lcl|NC_037639.1_mrna_XM_016910696.2_4838	2163	1964	176.783	4.92701
lcl|NC_037639.1_ncrna_XR_001702090.2_4839	837	638	248.217	21.2959
lcl|NC_037639.1_mrna_XM_006568188.3_4840	1687	1488	210.048	7.72681
lcl|NC_037639.1_mrna_XM_001120245.5_4841	1039	840	255.888	16.6746
lcl|NC_037639.1_mrna_XM_016918014.2_4842	754	555	11.3228	1.11672
lcl|NC_037639.1_mrna_XM_026446427.1_4843	841	642	86.7415	7.39566
lcl|NC_037639.1_mrna_XM_001121344.5_4844	3435	3236	15764	266.651
lcl|NC_037639.1_mrna_XM_006568187.3_4845	2067	1868	3.99937	0.117192
lcl|NC_037639.1_mrna_XM_003251149.4_4846	2080	1881	0.00063233	1.84009e-05
lcl|NC_037639.1_mrna_XM_003251145.4_4847	4696	4497	717.473	8.73309
lcl|NC_037639.1_mrna_XM_006568184.3_4848	4861	4662	169.527	1.99046
lcl|NC_037639.1_mrna_XM_026438961.1_4849	3102	2903	0.0232925	0.000439193
lcl|NC_037639.1_mrna_XM_026438960.1_4850	3264	3065	17.9767	0.321044
lcl|NC_037639.1_mrna_XM_006568176.3_4851	1927	1728	0	0
lcl|NC_037639.1_mrna_XM_026438962.1_4852	2457	2258	14.8553	0.360115
lcl|NC_037639.1_mrna_XM_026438963.1_4853	2153	1954	42.1447	1.1806
lcl|NC_037639.1_mrna_XM_392222.7_4854	1622	1423	6311	242.761
lcl|NC_037639.1_mrna_XM_006568175.3_4855	922	723	7003.63	530.237
lcl|NC_037639.1_ncrna_XR_411132.3_4856	7374	7175	112820	860.697
lcl|NC_037639.1_ncrna_XR_411131.3_4857	7395	7196	8020.1	61.0062
lcl|NC_037639.1_mrna_XM_006568172.2_4858	1235	1036	0	0
lcl|NC_037639.1_mrna_XM_006568173.3_4859	1285	1086	582	29.3345
lcl|NC_037639.1_mrna_XM_394332.7_4860	1322	1123	0	0
lcl|NC_037639.1_mrna_XM_006568174.3_4861	1730	1531	174.91	6.25351
lcl|NC_037639.1_mrna_XM_394331.7_4862	1744	1545	472.09	16.7256
lcl|NC_037639.1_mrna_XM_394330.7_4863	1299	1100	1265	62.9482
lcl|NC_037639.1_mrna_XM_006568167.3_4864	12671	12472	459.415	2.0163
lcl|NC_037639.1_mrna_XM_006568168.3_4865	13436	13237	176.593	0.730245
lcl|NC_037639.1_mrna_XM_006568166.3_4866	13365	13166	166.838	0.693626
lcl|NC_037639.1_mrna_XM_026439244.1_4867	3748	3549	1121.41	17.2959
lcl|NC_037639.1_mrna_XM_001120476.5_4868	907	708	1193.59	92.28
lcl|NC_037639.1_mrna_XM_623872.5_4869	1145	946	371	21.4668
lcl|NC_037639.1_mrna_NM_001011597.1_4870	2669	2470	16.4667	0.364917
lcl|NC_037639.1_mrna_XM_006568148.3_4871	2369	2170	6.53333	0.164801
lcl|NC_037639.1_mrna_XM_026439243.1_4872	3071	2872	0	0
lcl|NC_037639.1_mrna_XM_026439240.1_4873	2937	2738	0	0
lcl|NC_037639.1_mrna_XM_006568158.3_4874	2461	2262	0	0
lcl|NC_037639.1_mrna_XM_026439241.1_4875	2423	2224	3.58795e-06	8.83073e-08
lcl|NC_037639.1_mrna_XM_026439242.1_4876	2397	2198	10	0.249033
lcl|NC_037639.1_mrna_XM_006568151.3_4877	1744	1545	483	17.1121
lcl|NC_037639.1_mrna_XM_006568152.3_4878	1713	1514	3215	116.236
lcl|NC_037639.1_mrna_XM_026439251.1_4879	5487	5288	0.000449875	4.65678e-06
lcl|NC_037639.1_mrna_XM_026439255.1_4880	5427	5228	2333.97	24.4369
lcl|NC_037639.1_mrna_XM_026439259.1_4881	5358	5159	3275.78	34.7564
lcl|NC_037639.1_mrna_XM_026439248.1_4882	5467	5268	0.00641209	6.66253e-05
lcl|NC_037639.1_mrna_XM_026439253.1_4883	5407	5208	116.741	1.22698
lcl|NC_037639.1_mrna_XM_026439258.1_4884	5338	5139	294.014	3.13166
lcl|NC_037639.1_mrna_XM_026439257.1_4885	5458	5259	349.925	3.64214
lcl|NC_037639.1_mrna_XM_026439260.1_4886	5398	5199	6749.16	71.0584
lcl|NC_037639.1_mrna_XM_026439252.1_4887	5413	5214	0.732998	0.00769515
lcl|NC_037639.1_mrna_XM_026439256.1_4888	5353	5154	32.3473	0.343542
lcl|NC_037639.1_mrna_XM_026439250.1_4889	5428	5229	0.0290398	0.000303991
lcl|NC_037639.1_mrna_XM_026439254.1_4890	5368	5169	107.703	1.14052
lcl|NC_037639.1_mrna_XM_026439246.1_4891	7062	6863	0.00459916	3.66817e-05
lcl|NC_037639.1_mrna_XM_026439247.1_4892	7002	6803	679.237	5.4652
lcl|NC_037639.1_mrna_XM_026439249.1_4893	6933	6734	879.968	7.15285
lcl|NC_037639.1_mrna_XM_006569104.3_4894	6508	6309	0.00259781	2.25389e-05
lcl|NC_037639.1_mrna_XM_006569107.3_4895	6447	6248	1335.1	11.6965
lcl|NC_037639.1_mrna_XM_006569111.3_4896	6378	6179	1752.94	15.5287
lcl|NC_037639.1_mrna_XM_016910742.2_4897	6307	6108	2.49758e-05	2.23823e-07
lcl|NC_037639.1_mrna_XM_016910746.2_4898	6234	6035	3.7235	0.0337722
lcl|NC_037639.1_mrna_XM_006569096.3_4899	6269	6070	17.1489	0.154644
lcl|NC_037639.1_mrna_XM_016910745.2_4900	6242	6043	0	0
lcl|NC_037639.1_mrna_XM_016910744.2_4901	6280	6081	0	0
lcl|NC_037639.1_mrna_XM_016910755.2_4902	5841	5642	28.1206	0.27282
lcl|NC_037639.1_mrna_XM_016910747.2_4903	6168	5969	0	0
lcl|NC_037639.1_mrna_XM_016910749.2_4904	6013	5814	0	0
lcl|NC_037639.1_mrna_XM_016910748.2_4905	6087	5888	0	0
lcl|NC_037639.1_mrna_XM_016910750.2_4906	5989	5790	0	0
lcl|NC_037639.1_mrna_XM_026439245.1_4907	5988	5789	0.000134607	1.27277e-06
lcl|NC_037639.1_mrna_XM_026439261.1_4908	5951	5752	155.973	1.48428
lcl|NC_037639.1_mrna_XM_016910751.2_4909	5925	5726	0	0
lcl|NC_037639.1_mrna_XM_016910753.2_4910	5838	5639	0	0
lcl|NC_037639.1_mrna_XM_016910757.2_4911	5772	5573	2868.02	28.1695
lcl|NC_037639.1_mrna_XM_016910761.2_4912	5616	5417	205.913	2.08071
lcl|NC_037639.1_mrna_XM_006569097.3_4913	5911	5712	2.13388	0.0204487
lcl|NC_037639.1_mrna_XM_006569110.3_4914	5413	5214	0.732998	0.00769515
lcl|NC_037639.1_mrna_XM_006569113.3_4915	5353	5154	32.3473	0.343542
lcl|NC_037639.1_mrna_XM_006569115.3_4916	5284	5085	10.0612	0.108304
lcl|NC_037639.1_mrna_XM_006569087.3_4917	8058	7859	0	0
lcl|NC_037639.1_mrna_XM_006569090.3_4918	8030	7831	2.69167e-08	1.88144e-10
lcl|NC_037639.1_mrna_XM_006569091.3_4919	8088	7889	1.85881e-08	1.28973e-10
lcl|NC_037639.1_mrna_XM_394328.7_4920	8060	7861	143.049	0.996073
lcl|NC_037639.1_mrna_XM_006569092.3_4921	7901	7702	319.971	2.27401
lcl|NC_037639.1_mrna_XM_001119981.5_4922	1804	1605	50245	1713.57
lcl|NC_037639.1_mrna_XM_006569089.3_4923	7903	7704	43.9603	0.312342
lcl|NC_037639.1_mrna_XM_006569094.3_4924	7939	7740	49.2994	0.348647
lcl|NC_037639.1_mrna_XM_006569093.3_4925	7468	7269	97.3853	0.733338
lcl|NC_037639.1_ncrna_XR_003304179.1_4926	3072	2873	11	0.209576
lcl|NC_037639.1_mrna_XM_016918135.2_4927	5420	5221	3688.05	38.6659
lcl|NC_037639.1_precursorrna_NR_039508.1_4928	140	6.21	0	0
lcl|NC_037639.1_ncrna_4929	22	2.73612	0	0
lcl|NC_037639.1_mrna_XM_394326.6_4930	2038	1839	26.2933	0.782616
lcl|NC_037639.1_ncrna_XR_003304205.1_4931	430	231	7.95719	1.88553
lcl|NC_037639.1_mrna_XM_016918139.2_4932	1217	1018	5.63446	0.302963
lcl|NC_037639.1_mrna_XM_026439181.1_4933	1362	1163	17.3372	0.815987
lcl|NC_037639.1_mrna_XM_026439183.1_4934	1130	931	72.0284	4.23486
lcl|NC_037639.1_mrna_XM_006569083.3_4935	2235	2036	893	24.0082
lcl|NC_037639.1_mrna_XM_026439178.1_4936	4656	4457	1442.53	17.716
lcl|NC_037639.1_mrna_XM_026439179.1_4937	3816	3617	1815.62	27.4765
lcl|NC_037639.1_mrna_XM_026439180.1_4938	3262	3063	885.074	15.8168
lcl|NC_037639.1_mrna_XM_016918136.2_4939	2900	2701	65.9041	1.33559
lcl|NC_037639.1_mrna_XM_016918137.2_4940	1750	1551	145.628	5.13946
lcl|NC_037639.1_mrna_XM_026439189.1_4941	1806	1607	39.2942	1.33844
lcl|NC_037639.1_mrna_XM_026439188.1_4942	1951	1752	0	0
lcl|NC_037639.1_mrna_XM_026439184.1_4943	1972	1773	0	0
lcl|NC_037639.1_mrna_XM_026439186.1_4944	1967	1768	0	0
lcl|NC_037639.1_mrna_XM_026439187.1_4945	1931	1732	0	0
lcl|NC_037639.1_mrna_XM_001120497.5_4946	705	506	53	5.73338
lcl|NC_037639.1_mrna_XM_001120540.5_4947	1291	1092	179	8.97255
lcl|NC_037639.1_mrna_XM_006569077.2_4948	1605	1406	132.928	5.17506
lcl|NC_037639.1_mrna_XM_394320.7_4949	1452	1253	1635.07	71.4284
lcl|NC_037639.1_mrna_XM_006569076.3_4950	2595	2396	0	0
lcl|NC_037639.1_mrna_XM_623130.6_4951	2596	2397	747	17.0584
lcl|NC_037639.1_mrna_XM_006569075.3_4952	2927	2728	802.673	16.1057
lcl|NC_037639.1_mrna_XM_001120674.5_4953	2929	2730	906.327	18.1722
lcl|NC_037639.1_mrna_XM_624504.4_4954	2110	1911	1192.32	34.1521
lcl|NC_037639.1_mrna_XM_016910817.2_4955	869	670	602.338	49.2097
lcl|NC_037639.1_mrna_XM_006569073.3_4956	760	561	72.633	7.08691
lcl|NC_037639.1_mrna_XM_016910816.2_4957	3658	3459	856.048	13.5467
lcl|NC_037639.1_mrna_XM_624480.6_4958	3062	2863	314.952	6.02155
lcl|NC_037639.1_mrna_XM_006569055.3_4959	712	513	44	4.69484
lcl|NC_037639.1_mrna_XM_006569056.3_4960	2666	2467	183	4.06039
lcl|NC_037639.1_mrna_XM_016910815.2_4961	5494	5295	3178	32.8529
lcl|NC_037639.1_mrna_XM_026439158.1_4962	3870	3671	3659.05	54.5594
lcl|NC_037639.1_mrna_XM_016910814.2_4963	4030	3831	0.00147085	2.10156e-05
lcl|NC_037639.1_mrna_XM_016910813.2_4964	4046	3847	10.0217	0.142595
lcl|NC_037639.1_mrna_XM_016910812.2_4965	4055	3856	426.277	6.05118
lcl|NC_037639.1_mrna_XM_016910811.2_4966	4125	3926	5.87956e-08	8.19748e-10
lcl|NC_037639.1_mrna_XM_026439160.1_4967	1292	1093	274.034	13.7236
lcl|NC_037639.1_mrna_XM_026439161.1_4968	691	492	651.057	72.4335
lcl|NC_037639.1_mrna_XM_006569050.3_4969	3703	3504	190.172	2.97075
lcl|NC_037639.1_mrna_XM_016910943.2_4970	3771	3572	65.1999	0.999128
lcl|NC_037639.1_mrna_XM_016910944.1_4971	3657	3458	281.138	4.4502
lcl|NC_037639.1_mrna_XM_006569051.3_4972	3682	3483	4.60409e-05	7.23562e-07
lcl|NC_037639.1_mrna_XM_006569053.3_4973	3677	3478	78.512	1.23564
lcl|NC_037639.1_mrna_XM_006569054.3_4974	3460	3261	206.358	3.46382
lcl|NC_037639.1_mrna_XM_016910946.2_4975	3454	3255	2.65036e-08	4.45697e-10
lcl|NC_037639.1_mrna_XM_016910947.2_4976	3342	3143	200.572	3.4931
lcl|NC_037639.1_mrna_XM_006569052.3_4977	3481	3282	245.049	4.08696
lcl|NC_037639.1_mrna_XM_001120007.5_4978	1176	977	350	19.6092
lcl|NC_037639.1_mrna_XM_001120954.5_4979	1442	1243	0	0
lcl|NC_037639.1_trna_4980	72	3.52559	0	0
lcl|NC_037639.1_mrna_XM_016910765.2_4981	9161	8962	99	0.604666
lcl|NC_037639.1_mrna_XM_006569049.3_4982	9364	9165	0	0
lcl|NC_037639.1_mrna_XM_003251269.4_4983	9354	9155	0	0
lcl|NC_037639.1_mrna_XM_026439047.1_4984	2208	2009	0	0
lcl|NC_037639.1_mrna_XM_396581.7_4985	5199	5000	3096	33.8935
lcl|NC_037639.1_mrna_XM_016910766.2_4986	2104	1905	8	0.229869
lcl|NC_037639.1_mrna_XM_392218.7_4987	2086	1887	0	0
lcl|NC_037639.1_mrna_XM_006569044.3_4988	16695	16496	1463.66	4.85677
lcl|NC_037639.1_mrna_XM_392217.7_4989	16695	16496	1508.96	5.00709
lcl|NC_037639.1_mrna_XM_006569047.3_4990	16746	16547	2.60097	0.00860401
lcl|NC_037639.1_mrna_XM_006569045.3_4991	16740	16541	548.102	1.81378
lcl|NC_037639.1_mrna_XM_006569043.3_4992	16710	16511	464.828	1.54101
lcl|NC_037639.1_mrna_XM_026439046.1_4993	16740	16541	47.0275	0.155623
lcl|NC_037639.1_mrna_XM_026439045.1_4994	16755	16556	169.377	0.559996
lcl|NC_037639.1_mrna_XM_006569035.3_4995	16815	16616	122.956	0.40505
lcl|NC_037639.1_mrna_XM_006569042.3_4996	16740	16541	48.483	0.16044
lcl|NC_037639.1_mrna_XM_026439048.1_4997	3539	3340	6.00941	0.0984852
lcl|NC_037639.1_ncrna_XR_411320.3_4998	1816	1617	11.0466	0.373941
lcl|NC_037639.1_mrna_XM_026439116.1_4999	7441	7242	16442.9	124.281
lcl|NC_037639.1_mrna_XM_026439117.1_5000	5084	4885	0	0
lcl|NC_037639.1_mrna_XM_006569017.3_5001	7603	7404	0	0
lcl|NC_037639.1_mrna_XM_016910892.2_5002	7677	7478	72.4826	0.530559
lcl|NC_037639.1_mrna_XM_006569015.3_5003	7659	7460	0	0
lcl|NC_037639.1_mrna_XM_006569018.3_5004	7248	7049	381.321	2.96107
lcl|NC_037639.1_mrna_XM_006569014.3_5005	7233	7034	14.6258	0.113816
lcl|NC_037639.1_mrna_XM_006569016.3_5006	7215	7016	0	0
lcl|NC_037639.1_mrna_XM_026446406.1_5007	7506	7307	0	0
lcl|NC_037639.1_mrna_XM_026446405.1_5008	7509	7310	22.8665	0.171225
lcl|NC_037639.1_mrna_XM_016910894.2_5009	6818	6619	25.7666	0.213083
lcl|NC_037639.1_mrna_XM_003251251.4_5010	1249	1050	184	9.5921
lcl|NC_037639.1_mrna_XM_026439293.1_5011	6820	6621	0.00012135	1.00323e-06
lcl|NC_037639.1_mrna_XM_026439292.1_5012	6838	6639	0	0
lcl|NC_037639.1_mrna_XM_006569004.3_5013	6946	6747	1.57299	0.0127615
lcl|NC_037639.1_miscrna_XR_411318.3_5014	6156	5957	3669.26	33.716
lcl|NC_037639.1_mrna_XM_006569003.3_5015	6964	6765	0	0
lcl|NC_037639.1_mrna_XM_026439291.1_5016	6892	6693	119.726	0.97916
lcl|NC_037639.1_mrna_XM_026439290.1_5017	6910	6711	0	0
lcl|NC_037639.1_mrna_XM_006569011.3_5018	6744	6545	1599.41	13.3763
lcl|NC_037639.1_mrna_XM_006569010.3_5019	6762	6563	0	0
lcl|NC_037639.1_mrna_XM_016910875.2_5020	2665	2466	226.909	5.03667
lcl|NC_037639.1_mrna_XM_016910873.2_5021	2740	2541	0	0
lcl|NC_037639.1_mrna_XM_006569001.3_5022	3058	2859	24.897	0.476669
lcl|NC_037639.1_mrna_XM_006569002.3_5023	2369	2170	60.103	1.51608
lcl|NC_037639.1_mrna_XM_016918016.2_5024	3161	2962	633	11.6978
lcl|NC_037639.1_mrna_XM_006568999.3_5025	4451	4252	445.84	5.73947
lcl|NC_037639.1_mrna_XM_026438975.1_5026	3831	3632	254.16	3.83042
lcl|NC_037639.1_mrna_XM_001121513.5_5027	2385	2186	1018	25.4908
lcl|NC_037639.1_mrna_XM_006568998.2_5028	1471	1272	20108	865.301
lcl|NC_037639.1_ncrna_XR_001702262.2_5029	761	562	148	14.4149
lcl|NC_037639.1_mrna_XM_026438965.1_5030	2847	2648	129.557	2.67811
lcl|NC_037639.1_mrna_XM_026438964.1_5031	2938	2739	1142.44	22.8312
lcl|NC_037639.1_mrna_XM_392760.7_5032	870	671	2664	217.319
lcl|NC_037639.1_mrna_XM_001121567.5_5033	1577	1378	5	0.198612
lcl|NC_037639.1_mrna_XM_392759.7_5034	1781	1582	18	0.622804
lcl|NC_037639.1_mrna_XM_006568994.3_5035	1542	1343	109.72	4.47194
lcl|NC_037639.1_mrna_XM_006568993.3_5036	1527	1328	122.28	5.04013
lcl|NC_037639.1_mrna_XM_026446402.1_5037	6886	6687	2481.72	20.3146
lcl|NC_037639.1_mrna_XM_026446398.1_5038	6937	6738	0.00905086	7.35266e-05
lcl|NC_037639.1_mrna_XM_026446401.1_5039	6901	6702	97.2879	0.794584
lcl|NC_037639.1_mrna_XM_026446399.1_5040	7050	6851	282.98	2.26093
lcl|NC_037639.1_mrna_XM_026446400.1_5041	6905	6706	0	0
lcl|NC_037639.1_mrna_XM_395496.7_5042	1243	1044	625	32.7691
lcl|NC_037639.1_mrna_XM_001121718.5_5043	1289	1090	352	17.6767
lcl|NC_037639.1_mrna_XM_006568988.3_5044	1000	801	1179	80.5687
lcl|NC_037639.1_mrna_XM_623728.4_5045	863	664	13248	1092.11
lcl|NC_037639.1_mrna_XM_623687.6_5046	1173	974	924	51.9276
lcl|NC_037639.1_mrna_XM_006568986.3_5047	1867	1668	629.802	20.6677
lcl|NC_037639.1_mrna_XM_006568987.3_5048	1381	1182	298.198	13.8093
lcl|NC_037639.1_mrna_XM_026446474.1_5049	14103	13904	0	0
lcl|NC_037639.1_mrna_XM_026446477.1_5050	13962	13763	3711.36	14.7606
lcl|NC_037639.1_mrna_XM_026446476.1_5051	14100	13901	0	0
lcl|NC_037639.1_mrna_XM_026446475.1_5052	13538	13339	6868.64	28.186
lcl|NC_037639.1_mrna_XM_623561.6_5053	8253	8054	17326.2	117.755
lcl|NC_037639.1_mrna_XM_006568983.3_5054	8183	7984	7440.28	51.0098
lcl|NC_037639.1_mrna_XM_016918087.2_5055	7525	7326	601.028	4.49069
lcl|NC_037639.1_mrna_XM_006568981.3_5056	7876	7677	948.414	6.76226
lcl|NC_037639.1_mrna_XM_016918088.2_5057	7453	7254	321.19	2.42365
lcl|NC_037639.1_mrna_XM_006568982.3_5058	7804	7605	523.296	3.76646
lcl|NC_037639.1_mrna_XM_026446478.1_5059	7890	7691	3023.24	21.5167
lcl|NC_037639.1_mrna_XM_026439208.1_5060	336	137	647.565	258.731
lcl|NC_037639.1_mrna_XM_016918017.2_5061	2015	1816	28	0.843971
lcl|NC_037639.1_mrna_XM_006568984.3_5062	4435	4236	363.756	4.70045
lcl|NC_037639.1_mrna_XM_026439206.1_5063	4299	4100	0	0
lcl|NC_037639.1_mrna_XM_006568985.3_5064	4154	3955	29.7414	0.411624
lcl|NC_037639.1_mrna_XM_623517.6_5065	5043	4844	135.443	1.53051
lcl|NC_037639.1_mrna_XM_001121986.5_5066	1285	1086	7771.92	391.727
lcl|NC_037639.1_mrna_XM_026439207.1_5067	1138	939	2806.08	163.576
lcl|NC_037639.1_mrna_XM_006568978.3_5068	3443	3244	199.895	3.37292
lcl|NC_037639.1_mrna_XM_006568980.3_5069	3404	3205	1031.1	17.61
lcl|NC_037639.1_mrna_XM_026439210.1_5070	2849	2650	64.8272	1.33905
lcl|NC_037639.1_mrna_XM_026439211.1_5071	2661	2462	0	0
lcl|NC_037639.1_mrna_XM_026439209.1_5072	2916	2717	0	0
lcl|NC_037639.1_mrna_NM_001080094.2_5073	2123	1924	36.1728	1.02911
lcl|NC_037639.1_mrna_XM_006568693.3_5074	1924	1725	2.13954e-07	6.78917e-09
lcl|NC_037639.1_ncrna_XR_001706543.2_5075	1248	1049	99	5.16589
lcl|NC_037639.1_mrna_XM_026446382.1_5076	2387	2188	694.033	17.3627
lcl|NC_037639.1_mrna_XM_026446381.1_5077	2512	2313	5026.42	118.951
lcl|NC_037639.1_mrna_NM_001098232.1_5078	1146	947	400.548	23.1521
lcl|NC_037639.1_mrna_XM_006568972.3_5079	710	511	258.545	27.695
lcl|NC_037639.1_mrna_XM_001120246.5_5080	721	522	47.4545	4.97614
lcl|NC_037639.1_mrna_XM_006568971.3_5081	3736	3537	195	3.01776
lcl|NC_037639.1_mrna_XM_006568973.3_5082	4180	3981	0	0
lcl|NC_037639.1_mrna_XM_026446486.1_5083	4188	3989	0	0
lcl|NC_037639.1_mrna_XM_026446487.1_5084	4095	3896	434	6.09756
lcl|NC_037639.1_mrna_XM_006568975.3_5085	1214	1015	87.2184	4.70357
lcl|NC_037639.1_mrna_XM_003251250.4_5086	1151	952	111.782	6.42715
lcl|NC_037639.1_trna_5087	72	3.52559	0	0
lcl|NC_037639.1_mrna_XM_623129.6_5088	1763	1564	2205	77.1715
lcl|NC_037639.1_mrna_XM_623058.6_5089	4527	4328	4962.49	62.7621
lcl|NC_037639.1_mrna_XM_006568970.3_5090	4062	3863	2646	37.493
lcl|NC_037639.1_ncrna_XR_411312.3_5091	1207	1008	31	1.6834
lcl|NC_037639.1_mrna_XM_016918070.2_5092	8442	8243	0.0518329	0.000344196
lcl|NC_037639.1_mrna_XM_016918069.2_5093	8240	8041	0	0
lcl|NC_037639.1_mrna_XM_006568964.3_5094	8226	8027	615.463	4.19695
lcl|NC_037639.1_mrna_XM_016918071.2_5095	8162	7963	111.926	0.769375
lcl|NC_037639.1_mrna_XM_016918072.2_5096	8469	8270	589.2	3.8998
lcl|NC_037639.1_mrna_XM_016918068.2_5097	7422	7223	0	0
lcl|NC_037639.1_mrna_XM_006568963.3_5098	7411	7212	4482.11	34.0183
lcl|NC_037639.1_mrna_XM_016918074.2_5099	8254	8055	1737.74	11.8087
lcl|NC_037639.1_mrna_XM_016918073.2_5100	7294	7095	7.8893e-05	6.08655e-07
lcl|NC_037639.1_mrna_XM_006568956.3_5101	2103	1904	0	0
lcl|NC_037639.1_mrna_XM_003251267.4_5102	2041	1842	63	1.87213
lcl|NC_037639.1_mrna_XM_006568958.3_5103	2379	2180	2.75668e-05	6.92175e-07
lcl|NC_037639.1_mrna_XM_006568957.3_5104	2629	2430	45	1.01366
lcl|NC_037639.1_mrna_XM_006568959.2_5105	1965	1766	22299	691.162
lcl|NC_037639.1_mrna_XM_006568960.3_5106	3137	2938	0	0
lcl|NC_037639.1_mrna_XM_016918081.2_5107	3206	3007	1247.82	22.7144
lcl|NC_037639.1_mrna_XM_006568962.3_5108	3064	2865	160.122	3.05922
lcl|NC_037639.1_mrna_XM_006568961.3_5109	3070	2871	0	0
lcl|NC_037639.1_mrna_XM_026439135.1_5110	2996	2797	9.77332	0.191265
lcl|NC_037639.1_mrna_XM_016918082.2_5111	2272	2073	22.7724	0.601305
lcl|NC_037639.1_mrna_XM_016918084.2_5112	2341	2142	125.707	3.21238
lcl|NC_037639.1_mrna_XM_016918083.2_5113	2198	1999	14.8099	0.405531
lcl|NC_037639.1_mrna_XM_006568955.3_5114	3283	3084	238.13	4.22655
lcl|NC_037639.1_mrna_XM_006568954.3_5115	3037	2838	141.925	2.73737
lcl|NC_037639.1_mrna_XM_003251248.4_5116	3028	2829	1283.94	24.8427
lcl|NC_037639.1_mrna_XM_006568953.3_5117	5544	5345	174.078	1.78271
lcl|NC_037639.1_mrna_XM_006568952.3_5118	5601	5402	13.0538	0.132272
lcl|NC_037639.1_mrna_XM_006568951.3_5119	5658	5459	101.02	1.01293
lcl|NC_037639.1_mrna_XM_006568950.3_5120	5715	5516	8.01863	0.0795722
lcl|NC_037639.1_mrna_XM_006568949.3_5121	6022	5823	39.8455	0.374557
lcl|NC_037639.1_mrna_XM_026439133.1_5122	6025	5826	31.5786	0.296693
lcl|NC_037639.1_mrna_XM_026439132.1_5123	6052	5853	0	0
lcl|NC_037639.1_mrna_XM_026439131.1_5124	6052	5853	170.406	1.59364
lcl|NC_037639.1_mrna_XM_026439130.1_5125	6076	5877	0	0
lcl|NC_037639.1_mrna_XM_006568948.3_5126	6079	5880	0	0
lcl|NC_037639.1_mrna_XM_392205.6_5127	2135	1936	100.138	2.83125
lcl|NC_037639.1_mrna_XM_016918086.1_5128	2124	1925	0	0
lcl|NC_037639.1_mrna_XM_026439137.1_5129	2077	1878	576.862	16.8136
lcl|NC_037639.1_mrna_XM_016910843.2_5130	4234	4035	210.471	2.85518
lcl|NC_037639.1_mrna_XM_006568938.3_5131	3688	3489	1299.96	20.3945
lcl|NC_037639.1_mrna_XM_006568939.3_5132	3592	3393	2136.96	34.4745
lcl|NC_037639.1_mrna_XM_624588.6_5133	1335	1136	1005	48.4254
lcl|NC_037639.1_mrna_XM_006568935.3_5134	2178	1979	171.44	4.7419
lcl|NC_037639.1_mrna_XM_006568936.3_5135	2018	1819	183.973	5.53613
lcl|NC_037639.1_mrna_XM_006568937.3_5136	2760	2561	837.342	17.8969
lcl|NC_037639.1_mrna_XM_016910842.2_5137	2257	2058	731.245	19.4493
lcl|NC_037639.1_mrna_XM_006572386.3_5138	1208	1009	27	1.46473
lcl|NC_037639.1_mrna_XM_026439226.1_5139	647	448	0	0
lcl|NC_037639.1_mrna_XM_026439225.1_5140	731	532	146	15.022
lcl|NC_037639.1_mrna_XM_006568933.3_5141	1444	1245	37	1.62674
lcl|NC_037639.1_mrna_XM_026446498.1_5142	1878	1679	20.0451	0.653497
lcl|NC_037639.1_mrna_XM_016910984.2_5143	1607	1408	65.9549	2.56407
lcl|NC_037639.1_mrna_XM_006568930.3_5144	1848	1649	0	0
lcl|NC_037639.1_mrna_XM_006568929.3_5145	1525	1326	76.1292	3.14263
lcl|NC_037639.1_mrna_XM_006568932.3_5146	1433	1234	21.8708	0.970143
lcl|NC_037639.1_mrna_XM_624695.5_5147	2597	2398	0	0
lcl|NC_037639.1_mrna_XM_026446497.1_5148	2016	1817	1	0.0301252
lcl|NC_037639.1_mrna_XM_006568926.3_5149	2130	1931	0	0
lcl|NC_037639.1_mrna_XM_006568925.3_5150	2161	1962	0	0
lcl|NC_037639.1_mrna_XM_006568923.3_5151	6196	5997	16.6771	0.15222
lcl|NC_037639.1_mrna_XM_003251266.4_5152	6890	6691	11.3229	0.0926298
lcl|NC_037639.1_mrna_XM_006568924.3_5153	5746	5547	0	0
lcl|NC_037639.1_precursorrna_NR_127335.1_5154	71	3.50437	0	0
lcl|NC_037639.1_ncrna_5155	22	2.73612	0	0
lcl|NC_037639.1_mrna_XM_026438947.1_5156	2501	2302	6377	151.634
lcl|NC_037639.1_mrna_NM_001242527.1_5157	1268	1069	1172	60.0116
lcl|NC_037639.1_mrna_XM_016910704.2_5158	7027	6828	0.000308583	2.4738e-06
lcl|NC_037639.1_mrna_XM_016910705.2_5159	6998	6799	0.0663962	0.000534544
lcl|NC_037639.1_mrna_XM_016910706.2_5160	6969	6770	14.6179	0.11819
lcl|NC_037639.1_mrna_XM_003251245.4_5161	7021	6822	0.000935838	7.50887e-06
lcl|NC_037639.1_mrna_XM_016910707.2_5162	5679	5480	58.9998	0.589326
lcl|NC_037639.1_mrna_XM_006568914.3_5163	7404	7205	221.482	1.68263
lcl|NC_037639.1_mrna_XM_006568915.3_5164	7405	7206	1629.17	12.3754
lcl|NC_037639.1_mrna_XM_006568910.3_5165	7364	7165	3.17778e-07	2.42769e-09
lcl|NC_037639.1_mrna_XM_006568911.3_5166	7422	7223	199.904	1.51492
lcl|NC_037639.1_mrna_XM_006568913.3_5167	7241	7042	983.069	7.6414
lcl|NC_037639.1_mrna_XM_006568912.3_5168	7271	7072	4.59875	0.0355945
lcl|NC_037639.1_mrna_XM_006568917.3_5169	7172	6973	2.49858	0.0196137
lcl|NC_037639.1_mrna_XM_006568916.3_5170	7081	6882	10.5503	0.0839141
lcl|NC_037639.1_mrna_XM_006568918.3_5171	7068	6869	114.699	0.914008
lcl|NC_037639.1_mrna_XM_016910701.2_5172	6969	6770	43.5131	0.351817
lcl|NC_037639.1_mrna_XM_016910700.2_5173	8011	7812	82.7297	0.579675
lcl|NC_037639.1_mrna_XM_006568919.3_5174	8085	7886	154.947	1.0755
lcl|NC_037639.1_ncrna_XR_001702095.2_5175	1774	1575	3	0.104262
lcl|NC_037639.1_mrna_XM_016917992.2_5176	4619	4420	19.9976	0.247652
lcl|NC_037639.1_mrna_XM_006568692.3_5177	4597	4398	0	0
lcl|NC_037639.1_mrna_NM_001114188.1_5178	1950	1751	0	0
lcl|NC_037639.1_mrna_XM_006568909.3_5179	1638	1439	4517.99	171.858
lcl|NC_037639.1_mrna_XM_016910900.2_5180	1506	1307	1798.41	75.3179
lcl|NC_037639.1_miscrna_XR_001702230.2_5181	1459	1260	14801.6	643.018
lcl|NC_037639.1_mrna_XM_006568904.3_5182	1926	1727	664.82	21.0716
lcl|NC_037639.1_mrna_XM_026446412.1_5183	2060	1861	138.18	4.06428
lcl|NC_037639.1_mrna_XM_006568907.3_5184	1936	1737	2.58825e-07	8.15626e-09
lcl|NC_037639.1_ncrna_XR_003306555.1_5185	1213	1014	3	0.161945
lcl|NC_037639.1_ncrna_XR_003306554.1_5186	532	333	0	0
lcl|NC_037639.1_mrna_XM_006568899.3_5187	5067	4868	5002.27	56.2473
lcl|NC_037639.1_ncrna_XR_003306556.1_5188	3160	2961	14.6343	0.270531
lcl|NC_037639.1_ncrna_XR_001702229.2_5189	3580	3381	0	0
lcl|NC_037639.1_ncrna_XR_001702228.2_5190	1649	1450	36.3794	1.37332
lcl|NC_037639.1_mrna_XM_006568900.3_5191	569	370	0	0
lcl|NC_037639.1_mrna_XM_026446428.1_5192	496	297	3.10753	0.572722
lcl|NC_037639.1_mrna_XM_001120073.5_5193	757	558	14.9726	1.46875
lcl|NC_037639.1_mrna_XM_006568903.3_5194	670	471	0	0
lcl|NC_037639.1_mrna_XM_006568902.3_5195	950	751	3.64903	0.265964
lcl|NC_037639.1_mrna_XM_003251241.4_5196	705	506	0	0
lcl|NC_037639.1_mrna_XM_006568901.3_5197	1056	857	4.27085	0.272784
lcl|NC_037639.1_mrna_XM_003251240.4_5198	1995	1796	74	2.25533
lcl|NC_037639.1_mrna_XM_003251239.4_5199	2893	2694	13381	271.879
lcl|NC_037639.1_mrna_XM_026439174.1_5200	1603	1404	420	16.3745
lcl|NC_037639.1_mrna_XM_026439286.1_5201	8383	8184	3167.63	21.1862
lcl|NC_037639.1_mrna_XM_006568881.3_5202	8443	8244	0.000343231	2.27894e-06
lcl|NC_037639.1_mrna_XM_006568885.3_5203	8413	8214	296.75	1.97752
lcl|NC_037639.1_mrna_XM_006568889.3_5204	8380	8181	72.5317	0.485296
lcl|NC_037639.1_mrna_XM_006568893.3_5205	8122	7923	2.00454e-05	1.38487e-07
lcl|NC_037639.1_mrna_XM_006568894.3_5206	8092	7893	24.4875	0.169819
lcl|NC_037639.1_mrna_XM_006568887.3_5207	8407	8208	1738.55	11.594
lcl|NC_037639.1_mrna_XM_006568895.3_5208	8086	7887	195.208	1.35479
lcl|NC_037639.1_mrna_XM_006568890.3_5209	8353	8154	0	0
lcl|NC_037639.1_mrna_XM_006568884.3_5210	8437	8238	2198.55	14.6083
lcl|NC_037639.1_mrna_XM_392202.7_5211	8440	8241	1229.59	8.16706
lcl|NC_037639.1_mrna_XM_016918097.2_5212	8407	8208	2666.74	17.784
lcl|NC_037639.1_mrna_XM_006568891.3_5213	8350	8151	0.000274211	1.84145e-06
lcl|NC_037639.1_mrna_XM_006568898.3_5214	8317	8118	0.000569177	3.83781e-06
lcl|NC_037639.1_mrna_XM_006568886.3_5215	4507	4308	0	0
lcl|NC_037639.1_mrna_XM_026439287.1_5216	4378	4179	552.432	7.23589
lcl|NC_037639.1_mrna_XM_006568882.3_5217	4314	4115	78.3453	1.04215
lcl|NC_037639.1_mrna_XM_001121218.5_5218	1349	1150	1042	49.597
lcl|NC_037639.1_mrna_XM_394292.7_5219	2158	1959	849.257	23.7296
lcl|NC_037639.1_mrna_XM_026439288.1_5220	1609	1410	408.743	15.8678
lcl|NC_037639.1_mrna_XM_006568879.3_5221	2385	2186	0	0
lcl|NC_037639.1_mrna_XM_003251238.4_5222	2377	2178	66	1.65871
lcl|NC_037639.1_mrna_XM_016918098.2_5223	2783	2584	539.377	11.4258
lcl|NC_037639.1_mrna_XM_016918099.2_5224	2718	2519	704.623	15.3114
lcl|NC_037639.1_mrna_XM_016918100.2_5225	2387	2188	0	0
lcl|NC_037639.1_ncrna_XR_001706548.2_5226	3205	3006	2	0.0364189
lcl|NC_037639.1_mrna_XM_006568679.3_5227	2356	2157	6.7583	0.171503
lcl|NC_037639.1_mrna_XM_006568681.3_5228	2356	2157	4.28413	0.108717
lcl|NC_037639.1_mrna_XM_006568671.3_5229	2374	2175	0.000568985	1.43195e-05
lcl|NC_037639.1_mrna_XM_006568670.3_5230	2373	2174	0.0015718	3.95752e-05
lcl|NC_037639.1_mrna_XM_006568669.3_5231	2372	2173	55.6805	1.40258
lcl|NC_037639.1_mrna_XM_016917986.2_5232	1926	1727	0	0
lcl|NC_037639.1_mrna_XM_016917985.2_5233	1925	1726	0	0
lcl|NC_037639.1_mrna_XM_026446366.1_5234	1851	1652	0	0
lcl|NC_037639.1_mrna_XM_016917983.2_5235	1943	1744	0	0
lcl|NC_037639.1_mrna_XM_006568668.3_5236	1845	1646	0	0
lcl|NC_037639.1_mrna_XM_016917988.2_5237	1932	1733	0	0
lcl|NC_037639.1_mrna_XM_016917990.2_5238	1670	1471	0	0
lcl|NC_037639.1_mrna_XM_016917987.2_5239	1929	1730	6.74212	0.213322
lcl|NC_037639.1_mrna_XM_016917984.2_5240	1946	1747	77.2765	2.42125
lcl|NC_037639.1_mrna_XM_006568684.3_5241	1506	1307	89.2934	3.73963
lcl|NC_037639.1_mrna_XM_006568685.3_5242	1506	1307	44.0985	1.84686
lcl|NC_037639.1_mrna_XM_006568683.3_5243	1504	1305	183.53	7.69807
lcl|NC_037639.1_mrna_XM_006568682.3_5244	1495	1296	0	0
lcl|NC_037639.1_mrna_XM_006568672.3_5245	1513	1314	2222.66	92.5897
lcl|NC_037639.1_mrna_NM_001040256.1_5246	767	568	828.849	79.8753
lcl|NC_037639.1_mrna_XM_006568690.3_5247	934	735	1166.87	86.9001
lcl|NC_037639.1_ncrna_NR_003565.1_5248	7074	6875	0	0
lcl|NC_037639.1_precursorrna_NR_127311.1_5249	75	3.59105	0	0
lcl|NC_037639.1_ncrna_5250	22	2.73612	0	0
lcl|NC_037639.1_precursorrna_NR_031514.1_5251	85	3.83091	0	0
lcl|NC_037639.1_ncrna_5252	21	2.72438	0	0
lcl|NC_037639.1_mrna_XM_006568878.3_5253	1079	880	19.398	1.20659
lcl|NC_037639.1_trna_5254	72	3.52559	0	0
lcl|NC_037639.1_mrna_XM_016910927.2_5255	6762	6563	218.395	1.82149
lcl|NC_037639.1_miscrna_XR_411297.3_5256	6853	6654	977.58	8.04183
lcl|NC_037639.1_mrna_XM_003251235.4_5257	6782	6583	345.024	2.86887
lcl|NC_037639.1_mrna_XM_026446440.1_5258	1098	899	343.515	20.9157
lcl|NC_037639.1_mrna_XM_006568877.2_5259	975	776	40.7672	2.87564
lcl|NC_037639.1_mrna_XM_026446439.1_5260	1195	996	133.485	7.33596
lcl|NC_037639.1_mrna_XM_392209.6_5261	853	654	1420.15	118.862
lcl|NC_037639.1_mrna_XM_026439060.1_5262	908	709	65.3053	5.04182
lcl|NC_037639.1_mrna_XM_003251236.4_5263	889	690	202.545	16.0679
lcl|NC_037639.1_mrna_XM_016910789.2_5264	1190	991	81	4.47401
lcl|NC_037639.1_ncrna_XR_001702159.2_5265	1636	1437	47.0942	1.79389
lcl|NC_037639.1_mrna_XM_016910785.2_5266	5650	5451	209.257	2.1013
lcl|NC_037639.1_mrna_XM_016910786.2_5267	5270	5071	72.6317	0.784003
lcl|NC_037639.1_mrna_XM_016910787.2_5268	5258	5059	215.459	2.33124
lcl|NC_037639.1_mrna_XM_006568865.3_5269	1942	1743	279.317	8.77173
lcl|NC_037639.1_mrna_XM_392210.7_5270	1911	1712	1094.68	35.0002
lcl|NC_037639.1_mrna_XM_006568867.3_5271	2703	2504	2038	44.5508
lcl|NC_037639.1_mrna_XM_006568694.3_5272	7040	6841	442.937	3.54411
lcl|NC_037639.1_mrna_XM_006568695.3_5273	8154	7955	18.7078	0.128726
lcl|NC_037639.1_mrna_XM_026446380.1_5274	5437	5238	100.988	1.05533
lcl|NC_037639.1_mrna_NM_001246667.1_5275	5073	4874	220.535	2.47672
lcl|NC_037639.1_mrna_XM_016910882.2_5276	7997	7798	9910.89	69.5688
lcl|NC_037639.1_mrna_XM_026439303.1_5277	7843	7644	0	0
lcl|NC_037639.1_mrna_XM_016910880.2_5278	7761	7562	1313.19	9.5055
lcl|NC_037639.1_mrna_XM_016910879.2_5279	7817	7618	3108.92	22.3385
lcl|NC_037639.1_mrna_XM_392212.7_5280	1174	975	798	44.8006
lcl|NC_037639.1_mrna_XM_003251233.3_5281	794	595	371	34.1305
lcl|NC_037639.1_mrna_XM_016918129.2_5282	2081	1882	161	4.68265
lcl|NC_037639.1_mrna_XM_006568862.3_5283	2617	2418	1034.55	23.4196
lcl|NC_037639.1_mrna_XM_026439296.1_5284	2865	2666	0	0
lcl|NC_037639.1_mrna_XM_006568859.3_5285	2859	2660	0	0
lcl|NC_037639.1_mrna_XM_006568860.3_5286	2817	2618	98.5135	2.05973
lcl|NC_037639.1_mrna_XM_006568858.3_5287	2792	2593	146.732	3.09746
lcl|NC_037639.1_mrna_XM_392214.7_5288	2791	2592	433.397	9.15243
lcl|NC_037639.1_mrna_XM_026439297.1_5289	2234	2035	103.808	2.79224
lcl|NC_037639.1_mrna_NM_001011590.1_5290	559	360	4	0.608195
lcl|NC_037639.1_ncrna_XR_001706550.2_5291	1475	1276	18	0.77216
lcl|NC_037639.1_mrna_XM_026439295.1_5292	2842	2643	26.442	0.547623
lcl|NC_037639.1_mrna_XM_016918132.2_5293	3036	2837	67.558	1.30348
lcl|NC_037639.1_mrna_XM_006568855.3_5294	11863	11664	1892.94	8.88331
lcl|NC_037639.1_mrna_XM_006568852.3_5295	13831	13632	3098.61	12.4421
lcl|NC_037639.1_mrna_XM_006568851.3_5296	13924	13725	2955.19	11.7858
lcl|NC_037639.1_mrna_XM_026439294.1_5297	14110	13911	5521.16	21.7249
lcl|NC_037639.1_mrna_XM_006568847.3_5298	14296	14097	0.0945976	0.000367315
lcl|NC_037639.1_mrna_XM_006568845.3_5299	14389	14190	245.433	0.94675
lcl|NC_037639.1_mrna_XM_006568844.3_5300	14575	14376	0.00038704	1.47368e-06
lcl|NC_037639.1_mrna_XM_016918128.2_5301	13398	13199	856.571	3.55228
lcl|NC_037639.1_ncrna_XR_411293.3_5302	3173	2974	169	3.11051
lcl|NC_037639.1_ncrna_XR_411294.3_5303	2642	2443	0	0
lcl|NC_037639.1_mrna_XM_394313.7_5304	662	463	4250	502.45
lcl|NC_037639.1_mrna_XM_006568843.3_5305	3025	2826	76.206	1.47605
lcl|NC_037639.1_mrna_XM_394314.7_5306	3108	2909	3294.61	61.9934
lcl|NC_037639.1_ncrna_XR_411291.3_5307	4080	3881	1163	16.4029
lcl|NC_037639.1_mrna_NM_001206467.1_5308	2688	2489	538.5	11.8426
lcl|NC_037639.1_mrna_NM_001206466.1_5309	2688	2489	538.5	11.8426
lcl|NC_037639.1_mrna_XM_397517.7_5310	2688	2489	847.383	18.6355
lcl|NC_037639.1_mrna_XM_006568837.3_5311	3109	2910	892.463	16.7874
lcl|NC_037639.1_mrna_XM_006568838.3_5312	3128	2929	159.549	2.98168
lcl|NC_037639.1_mrna_XM_006568839.3_5313	3031	2832	701.9	13.5665
lcl|NC_037639.1_mrna_XM_006568840.3_5314	3050	2851	71.704	1.37667
lcl|NC_037639.1_mrna_XM_625122.5_5315	2546	2347	4376.99	102.082
lcl|NC_037639.1_mrna_XM_026438984.1_5316	5328	5129	209.684	2.23778
lcl|NC_037639.1_mrna_XM_026438983.1_5317	5412	5213	0	0
lcl|NC_037639.1_mrna_XM_026438985.1_5318	5278	5079	3978.09	42.8728
lcl|NC_037639.1_mrna_XM_026438986.1_5319	4600	4401	18578.9	231.076
lcl|NC_037639.1_mrna_XM_026438991.1_5320	5011	4812	0.000168569	1.91751e-06
lcl|NC_037639.1_mrna_XM_026438995.1_5321	4921	4722	2.04494	0.023705
lcl|NC_037639.1_mrna_XM_026438993.1_5322	4954	4755	46.6815	0.537377
lcl|NC_037639.1_mrna_XM_026438988.1_5323	5038	4839	0.0189072	0.000213874
lcl|NC_037639.1_mrna_XM_026438992.1_5324	4968	4769	287.746	3.30269
lcl|NC_037639.1_mrna_XM_026438989.1_5325	5052	4853	0.000493442	5.56559e-06
lcl|NC_037639.1_mrna_XM_026438994.1_5326	5401	5202	8.71667e-05	9.17203e-07
lcl|NC_037639.1_mrna_XM_026438990.1_5327	6862	6663	117.43	0.964703
lcl|NC_037639.1_mrna_XM_026438997.1_5328	5943	5744	6.45381	0.0615017
lcl|NC_037639.1_mrna_XM_026438996.1_5329	6087	5888	91.0572	0.846509
lcl|NC_037639.1_ncrna_XR_411289.3_5330	927	728	2	0.150378
lcl|NC_037639.1_mrna_XM_026438999.1_5331	4684	4485	1222.89	14.9249
lcl|NC_037639.1_mrna_XM_026439078.1_5332	9925	9726	1028.3	5.78722
lcl|NC_037639.1_mrna_XM_026439077.1_5333	9955	9756	2177.81	12.2189
lcl|NC_037639.1_mrna_XM_026439075.1_5334	10078	9879	2.96284e-05	1.64165e-07
lcl|NC_037639.1_mrna_XM_026439076.1_5335	9985	9786	0.00996112	5.57171e-05
lcl|NC_037639.1_mrna_XM_006568834.3_5336	9988	9789	1185.58	6.62946
lcl|NC_037639.1_mrna_XM_026439074.1_5337	10081	9882	0.0001655	9.16723e-07
lcl|NC_037639.1_ncrna_XR_411286.3_5338	480	281	0	0
lcl|NC_037639.1_ncrna_XR_411287.2_5339	458	259	5	1.05671
lcl|NC_037639.1_mrna_XM_006568835.3_5340	1620	1421	147.54	5.68329
lcl|NC_037639.1_mrna_XM_026439098.1_5341	1735	1536	1784.68	63.5996
lcl|NC_037639.1_mrna_XM_396615.6_5342	1316	1117	5226	256.095
lcl|NC_037639.1_mrna_XM_026439094.1_5343	4506	4307	352.921	4.48526
lcl|NC_037639.1_mrna_XM_026439093.1_5344	4603	4404	170.079	2.11392
lcl|NC_037639.1_mrna_XM_026439085.1_5345	7109	6910	1760.98	13.9496
lcl|NC_037639.1_mrna_XM_026439091.1_5346	6544	6345	845.532	7.2943
lcl|NC_037639.1_mrna_XM_026439087.1_5347	7477	7278	4598.61	34.586
lcl|NC_037639.1_mrna_XM_026439092.1_5348	6385	6186	44.9888	0.398089
lcl|NC_037639.1_mrna_XM_026439090.1_5349	6562	6363	1.33788e-05	1.15091e-07
lcl|NC_037639.1_mrna_XM_026439089.1_5350	7318	7119	267.774	2.0589
lcl|NC_037639.1_mrna_XM_026439086.1_5351	7492	7293	178.806	1.34202
lcl|NC_037639.1_mrna_XM_026439088.1_5352	7333	7134	1955.65	15.0052
lcl|NC_037639.1_mrna_XM_026439079.1_5353	5418	5219	9.85904e-08	1.03403e-09
lcl|NC_037639.1_mrna_XM_026439084.1_5354	5347	5148	826.282	8.78567
lcl|NC_037639.1_mrna_XM_026439081.1_5355	5219	5020	4.75033e-06	5.17971e-08
lcl|NC_037639.1_mrna_XM_026439082.1_5356	5154	4955	0.000740355	8.17865e-06
lcl|NC_037639.1_mrna_XM_026439080.1_5357	5250	5051	127.257	1.37908
lcl|NC_037639.1_mrna_XM_026439083.1_5358	5993	5794	328.757	3.10586
lcl|NC_037639.1_precursorrna_NR_039433.1_5359	93	4.05064	0	0
lcl|NC_037639.1_ncrna_5360	22	2.73612	0	0
lcl|NC_037639.1_ncrna_XR_001702082.2_5361	3044	2845	412.728	7.94085
lcl|NC_037639.1_mrna_XM_026439095.1_5362	9173	8974	3377.71	20.6026
lcl|NC_037639.1_mrna_XM_026439096.1_5363	3178	2979	19.8513	0.364757
lcl|NC_037639.1_mrna_XM_006568831.3_5364	5045	4846	5153.44	58.2102
lcl|NC_037639.1_mrna_XM_006568830.3_5365	5152	4953	643.044	7.10653
lcl|NC_037639.1_mrna_XM_016910675.2_5366	5202	5003	43.3317	0.47409
lcl|NC_037639.1_mrna_XM_006568828.3_5367	5266	5067	286.165	3.09137
lcl|NC_037639.1_mrna_XM_006568827.3_5368	5281	5082	78.7711	0.848433
lcl|NC_037639.1_mrna_XM_006568826.3_5369	5388	5189	0	0
lcl|NC_037639.1_mrna_XM_006568832.3_5370	5350	5151	6058.96	64.3861
lcl|NC_037639.1_mrna_XM_026439097.1_5371	4290	4091	555.385	7.43105
lcl|NC_037639.1_mrna_XM_395231.6_5372	3427	3228	1135.9	19.2616
lcl|NC_037639.1_mrna_XM_006568824.3_5373	5454	5255	9632.81	100.338
lcl|NC_037639.1_mrna_XM_006568825.3_5374	4739	4540	6284.19	75.7667
lcl|NC_037639.1_mrna_XM_623194.5_5375	2879	2680	5273.79	107.714
lcl|NC_037639.1_mrna_XM_026439227.1_5376	4361	4162	241.214	3.17238
lcl|NC_037639.1_mrna_XM_392758.7_5377	1350	1151	2158	102.627
lcl|NC_037639.1_ncrna_XR_003304204.1_5378	578	379	2	0.288852
lcl|NC_037639.1_mrna_XM_003251228.4_5379	1065	866	5	0.316037
lcl|NC_037639.1_mrna_XM_026439033.1_5380	2114	1915	238	6.80289
lcl|NC_037639.1_mrna_XM_006568822.3_5381	1146	947	445	25.7214
lcl|NC_037639.1_mrna_XM_026438966.1_5382	5443	5244	597.839	6.24032
lcl|NC_037639.1_mrna_XM_026439015.1_5383	1106	907	232.252	14.0164
lcl|NC_037639.1_mrna_XM_026439014.1_5384	1379	1180	872.748	40.4848
lcl|NC_037639.1_mrna_XM_006568819.3_5385	1143	944	85.8198	4.97623
lcl|NC_037639.1_mrna_XM_006568820.3_5386	1132	933	309.18	18.1391
lcl|NC_037639.1_mrna_XM_006568816.3_5387	3360	3161	76.8631	1.331
lcl|NC_037639.1_mrna_XM_006568817.3_5388	3195	2996	0	0
lcl|NC_037639.1_mrna_XM_395638.7_5389	3362	3163	880.137	15.2313
lcl|NC_037639.1_mrna_XM_624561.6_5390	2472	2273	2286.16	55.0543
lcl|NC_037639.1_mrna_XM_623167.6_5391	2928	2729	812.845	16.3038
lcl|NC_037639.1_mrna_XM_006568813.3_5392	1356	1157	1055.16	49.9193
lcl|NC_037639.1_mrna_XM_006568814.3_5393	1488	1289	242.844	10.3124
lcl|NC_037639.1_mrna_XM_026439217.1_5394	5833	5634	308.738	2.99956
lcl|NC_037639.1_mrna_XM_026439214.1_5395	5851	5652	5.51224	0.053384
lcl|NC_037639.1_mrna_XM_026439213.1_5396	5991	5792	0	0
lcl|NC_037639.1_mrna_XM_026439215.1_5397	6055	5856	23.2188	0.217032
lcl|NC_037639.1_mrna_XM_026439216.1_5398	6040	5841	56.5312	0.529769
lcl|NC_037639.1_mrna_XM_026439212.1_5399	6064	5865	0	0
lcl|NC_037639.1_mrna_XM_026439218.1_5400	5003	4804	0	0
lcl|NC_037639.1_mrna_XM_026439219.1_5401	5160	4961	0	0
lcl|NC_037639.1_ncrna_XR_001702160.2_5402	1532	1333	18	0.739142
lcl|NC_037639.1_mrna_XM_006568810.1_5403	1280	1081	2091	105.88
lcl|NC_037639.1_mrna_XM_006568809.3_5404	989	790	0.11358	0.00786975
lcl|NC_037639.1_mrna_XM_395776.5_5405	988	789	763.886	52.9953
lcl|NC_037639.1_mrna_XM_392943.7_5406	2760	2561	9850	210.529
lcl|NC_037639.1_mrna_XM_026446483.1_5407	3368	3169	0.0117017	0.000202121
lcl|NC_037639.1_mrna_XM_026446484.1_5408	3346	3147	76.9883	1.3391
lcl|NC_037639.1_ncrna_XR_411276.3_5409	1724	1525	8	0.287148
lcl|NC_037639.1_mrna_XM_016918022.2_5410	3418	3219	512	8.70631
lcl|NC_037639.1_mrna_XM_026439305.1_5411	1508	1309	17	0.710877
lcl|NC_037639.1_mrna_XM_016910676.2_5412	1562	1363	9	0.361436
lcl|NC_037639.1_ncrna_XR_411275.3_5413	999	800	1349	92.3012
lcl|NC_037639.1_mrna_NM_001114198.1_5414	707	508	277.897	29.9437
lcl|NC_037639.1_mrna_XM_016910681.2_5415	4408	4209	116.09	1.50974
lcl|NC_037639.1_mrna_XM_392675.6_5416	3290	3091	950.344	16.8293
lcl|NC_037639.1_mrna_XM_016910682.2_5417	4395	4196	2855.57	37.2513
lcl|NC_037639.1_mrna_XM_006568805.2_5418	1986	1787	203	6.21809
lcl|NC_037639.1_mrna_XM_026446389.1_5419	2355	2156	0	0
lcl|NC_037639.1_mrna_XM_026446388.1_5420	2472	2273	1078	25.96
lcl|NC_037639.1_mrna_XM_001122316.5_5421	1797	1598	40.9744	1.40353
lcl|NC_037639.1_mrna_XM_006568802.3_5422	1758	1559	399.026	14.0101
lcl|NC_037639.1_mrna_XM_026439175.1_5423	2153	1954	2357	66.0268
lcl|NC_037639.1_mrna_XM_006568801.3_5424	1409	1210	228.922	10.3559
lcl|NC_037639.1_mrna_XM_006568800.3_5425	1400	1201	0.000789353	3.5976e-05
lcl|NC_037639.1_mrna_XM_006568799.3_5426	1416	1217	75.9384	3.41551
lcl|NC_037639.1_mrna_XM_026446393.1_5427	1300	1101	12.0061	0.596898
lcl|NC_037639.1_mrna_XM_026446391.1_5428	4890	4691	131.438	1.5337
lcl|NC_037639.1_mrna_XM_026446390.1_5429	5072	4873	0	0
lcl|NC_037639.1_mrna_XM_026446392.1_5430	4660	4461	386.694	4.74483
lcl|NC_037639.1_mrna_XM_016918024.2_5431	883	684	7	0.56018
lcl|NC_037639.1_mrna_XM_623387.6_5432	1967	1768	212.031	6.56451
lcl|NC_037639.1_mrna_XM_006568797.3_5433	2067	1868	68.9691	2.02098
lcl|NC_037639.1_mrna_XM_016910679.2_5434	6391	6192	0	0
lcl|NC_037639.1_mrna_XM_006568794.3_5435	6392	6193	4.97251e-05	4.39501e-07
lcl|NC_037639.1_mrna_XM_016910680.2_5436	6365	6166	739	6.56034
lcl|NC_037639.1_mrna_XM_392611.7_5437	3502	3303	10021.4	166.075
lcl|NC_037639.1_mrna_XM_006568791.3_5438	1406	1207	51.0145	2.31351
lcl|NC_037639.1_mrna_XM_624417.5_5439	1475	1276	36.9855	1.5866
lcl|NC_037639.1_mrna_XM_001121022.5_5440	429	230	480	114.235
lcl|NC_037639.1_ncrna_XR_003306558.1_5441	280	81.0024	0	0
lcl|NC_037639.1_mrna_XM_624392.6_5442	2212	2013	167.399	4.55192
lcl|NC_037639.1_mrna_XM_006568792.3_5443	2294	2095	372.601	9.7352
lcl|NC_037639.1_mrna_XM_001120965.4_5444	2491	2292	586	13.9949
lcl|NC_037639.1_mrna_XM_006568790.3_5445	1445	1246	29.8189	1.30996
lcl|NC_037639.1_mrna_XM_392612.7_5446	1702	1503	177.181	6.45273
lcl|NC_037639.1_mrna_XM_392613.6_5447	1196	997	128.779	7.07027
lcl|NC_037639.1_mrna_XM_026446455.1_5448	956	757	189.232	13.6831
lcl|NC_037639.1_mrna_XM_026446451.1_5449	3209	3010	461.21	8.3872
lcl|NC_037639.1_mrna_XM_026446452.1_5450	3085	2886	776.79	14.7331
lcl|NC_037639.1_mrna_XM_006568787.3_5451	2182	1983	375.745	10.3718
lcl|NC_037639.1_mrna_XM_006568786.3_5452	2194	1995	5221.13	143.254
lcl|NC_037639.1_mrna_XM_016910767.2_5453	1516	1317	2181.59	90.6721
lcl|NC_037639.1_mrna_XM_026446453.1_5454	2219	2020	65.53	1.77572
lcl|NC_037639.1_mrna_XM_006568788.2_5455	2934	2735	12.6042	0.252257
lcl|NC_037639.1_mrna_XM_001120626.4_5456	2311	2112	453.006	11.7407
lcl|NC_037639.1_mrna_XM_003251222.4_5457	1229	1030	3.01459	0.160205
lcl|NC_037639.1_mrna_XM_397515.7_5458	3251	3052	87.3082	1.56587
lcl|NC_037639.1_mrna_XM_016910780.2_5459	2566	2367	92.007	2.12769
lcl|NC_037639.1_mrna_XM_016910779.2_5460	2096	1897	142.558	4.11349
lcl|NC_037639.1_mrna_XM_016910778.2_5461	1933	1734	28.4296	0.897444
lcl|NC_037639.1_mrna_XM_016910781.2_5462	2918	2719	19.8858	0.40033
lcl|NC_037639.1_mrna_XM_016910777.2_5463	3140	2941	48.8112	0.908468
lcl|NC_037639.1_mrna_XM_006568782.3_5464	6535	6336	16.6662	0.143981
lcl|NC_037639.1_mrna_XM_006568781.3_5465	6549	6350	1.02834	0.0088644
lcl|NC_037639.1_mrna_XM_026446454.1_5466	9241	9042	0	0
lcl|NC_037639.1_mrna_XM_016910774.2_5467	6028	5829	4.18389	0.0392891
lcl|NC_037639.1_mrna_XM_006568780.3_5468	9077	8878	0	0
lcl|NC_037639.1_mrna_XM_016910773.2_5469	9175	8976	4.08144	0.0248895
lcl|NC_037639.1_mrna_XM_016910771.2_5470	9068	8869	8.07196	0.0498184
lcl|NC_037639.1_mrna_XM_016910769.2_5471	9230	9031	0	0
lcl|NC_037639.1_mrna_XM_016910770.2_5472	9192	8993	8.21182	0.0499827
lcl|NC_037639.1_mrna_XM_016910768.2_5473	9248	9049	0	0
lcl|NC_037639.1_mrna_XM_016910776.2_5474	5473	5274	86.463	0.897378
lcl|NC_037639.1_mrna_XM_006568783.3_5475	5412	5213	102.293	1.0741
lcl|NC_037639.1_mrna_XM_006568779.3_5476	2344	2145	1391.17	35.5007
lcl|NC_037639.1_mrna_XM_006568778.2_5477	2175	1976	657.832	18.2227
lcl|NC_037639.1_ncrna_XR_003306559.1_5478	6707	6508	1652.27	13.8969
lcl|NC_037639.1_ncrna_XR_411270.3_5479	6484	6285	155	1.34993
lcl|NC_037639.1_ncrna_XR_003306557.1_5480	3709	3510	39	0.608195
lcl|NC_037639.1_mrna_XM_026439142.1_5481	3428	3229	22	0.372941
lcl|NC_037639.1_mrna_XM_006568776.3_5482	1117	918	626.309	37.3449
lcl|NC_037639.1_mrna_XM_006568777.3_5483	1369	1170	109.691	5.13182
lcl|NC_037639.1_mrna_XM_016918146.2_5484	989	790	0	0
lcl|NC_037639.1_mrna_XM_394287.7_5485	3858	3659	447.051	6.68775
lcl|NC_037639.1_mrna_XM_026438854.1_5486	3781	3582	636.029	9.71934
lcl|NC_037639.1_miscrna_XR_003304114.1_5487	3110	2911	369.919	6.95585
lcl|NC_037639.1_mrna_XM_001120955.5_5488	402	203	283	76.309
lcl|NC_037639.1_mrna_XM_006568774.3_5489	3663	3464	169.566	2.67946
lcl|NC_037639.1_mrna_XM_001120980.5_5490	3520	3321	63.4336	1.04553
lcl|NC_037639.1_mrna_NM_001077810.1_5491	354	155	101	35.6677
lcl|NC_037639.1_ncrna_XR_003304116.1_5492	1252	1053	21	1.09163
lcl|NC_037639.1_mrna_XM_006568773.3_5493	2482	2283	882	21.147
lcl|NC_037639.1_precursorrna_NR_039517.1_5494	96	4.14046	0	0
lcl|NC_037639.1_ncrna_5495	23	2.74792	0	0
lcl|NC_037639.1_mrna_XM_623930.5_5496	1889	1690	1427	46.2192
lcl|NC_037639.1_mrna_XM_623955.6_5497	2986	2787	173.507	3.40773
lcl|NC_037639.1_mrna_XM_006568771.3_5498	2729	2530	134.447	2.90881
lcl|NC_037639.1_mrna_XM_026438855.1_5499	2677	2478	250.046	5.52337
lcl|NC_037639.1_mrna_XM_016918149.2_5500	1001	802	463	31.6004
lcl|NC_037639.1_mrna_XM_006568769.3_5501	2584	2385	76.2356	1.74966
lcl|NC_037639.1_mrna_XM_003251219.4_5502	2586	2387	695.393	15.9464
lcl|NC_037639.1_mrna_XM_006568768.3_5503	2583	2384	164.977	3.78794
lcl|NC_037639.1_ncrna_XR_411267.3_5504	322	123	3.39413	1.51046
lcl|NC_037639.1_mrna_XM_016918150.2_5505	1314	1115	21	1.03093
lcl|NC_037639.1_mrna_XM_624968.5_5506	1103	904	307	18.589
lcl|NC_037639.1_mrna_XM_006568767.3_5507	5030	4831	1280	14.503
lcl|NC_037639.1_mrna_XM_001121251.5_5508	1781	1582	987.093	34.1536
lcl|NC_037639.1_mrna_XM_016918142.2_5509	1316	1117	18.9071	0.926525
lcl|NC_037639.1_mrna_XM_003251218.4_5510	2764	2565	597	12.7401
lcl|NC_037639.1_mrna_XM_006568764.3_5511	1219	1020	223	11.9671
lcl|NC_037639.1_mrna_XM_026446479.1_5512	11065	10866	5767.92	29.0559
lcl|NC_037639.1_mrna_XM_623354.5_5513	2526	2327	5848.45	137.572
lcl|NC_037639.1_mrna_XM_623193.5_5514	2488	2289	4862.55	116.28
lcl|NC_037639.1_mrna_XM_394284.5_5515	2139	1940	1088.05	30.6995
lcl|NC_037639.1_mrna_XM_006568762.3_5516	1742	1543	38.732	1.37401
lcl|NC_037639.1_mrna_XM_026446480.1_5517	1197	998	253.221	13.8885
lcl|NC_037639.1_mrna_XM_006568761.3_5518	4133	3934	3791	52.7478
lcl|NC_037639.1_ncrna_XR_003304216.1_5519	5081	4882	29	0.325151
lcl|NC_037639.1_mrna_XM_026446351.1_5520	11975	11776	8.53926e-06	3.96924e-08
lcl|NC_037639.1_mrna_XM_026446352.1_5521	11867	11668	0.305629	0.00143378
lcl|NC_037639.1_mrna_XM_026446356.1_5522	11750	11551	75.7954	0.359177
lcl|NC_037639.1_mrna_XM_026446357.1_5523	11803	11604	8.14142	0.0384041
lcl|NC_037639.1_mrna_XM_026446354.1_5524	11758	11559	346.248	1.63965
lcl|NC_037639.1_mrna_NM_001327951.1_5525	6015	5816	0	0
lcl|NC_037639.1_mrna_XM_026446355.1_5526	11064	10865	929.718	4.68389
lcl|NC_037639.1_mrna_XM_026446353.1_5527	11787	11588	25.4039	0.119999
lcl|NC_037639.1_ncrna_XR_001702192.2_5528	451	252	5	1.08606
lcl|NC_037639.1_mrna_XM_396658.6_5529	4292	4093	886.951	11.8616
lcl|NC_037639.1_mrna_XM_006568760.3_5530	4124	3925	42.9628	0.599154
lcl|NC_037639.1_mrna_XM_006568758.3_5531	2314	2115	1867	48.3191
lcl|NC_037639.1_mrna_XM_016910983.2_5532	2037	1838	0	0
lcl|NC_037639.1_mrna_XM_006568757.3_5533	3638	3439	0	0
lcl|NC_037639.1_mrna_XM_396656.7_5534	3811	3612	15725	238.302
lcl|NC_037639.1_mrna_XM_026438858.1_5535	29710	29511	14196.3	26.3315
lcl|NC_037639.1_mrna_XM_026438902.1_5536	29074	28875	0.0223003	4.2274e-05
lcl|NC_037639.1_mrna_XM_026438905.1_5537	29068	28869	400.255	0.75891
lcl|NC_037639.1_mrna_XM_026438856.1_5538	29713	29514	0.033161	6.15013e-05
lcl|NC_037639.1_mrna_XM_026438860.1_5539	29707	29508	478.229	0.887119
lcl|NC_037639.1_mrna_XM_026438864.1_5540	29668	29469	325.489	0.604583
lcl|NC_037639.1_mrna_XM_026438862.1_5541	29698	29499	0.000387783	7.1956e-07
lcl|NC_037639.1_mrna_XM_026438889.1_5542	29557	29358	138.879	0.258938
lcl|NC_037639.1_mrna_XM_026438875.1_5543	29656	29457	346.775	0.644384
lcl|NC_037639.1_mrna_XM_026438887.1_5544	29599	29400	0.000324707	6.04547e-07
lcl|NC_037639.1_mrna_XM_026438866.1_5545	29656	29457	17.2047	0.0319701
lcl|NC_037639.1_mrna_XM_026438892.1_5546	29542	29343	0.175051	0.000326546
lcl|NC_037639.1_mrna_XM_026438883.1_5547	29599	29400	0.175231	0.000326248
lcl|NC_037639.1_mrna_XM_026438895.1_5548	29485	29286	0.00445483	8.32639e-06
lcl|NC_037639.1_mrna_XM_026438899.1_5549	29428	29229	0.0386375	7.2357e-05
lcl|NC_037639.1_mrna_XM_026438878.1_5550	29599	29400	1.59064	0.00296149
lcl|NC_037639.1_mrna_XM_026438890.1_5551	29542	29343	835.713	1.55897
lcl|NC_037639.1_mrna_XM_026438893.1_5552	29485	29286	7074.38	13.2225
lcl|NC_037639.1_mrna_XM_026438867.1_5553	29656	29457	0.203585	0.000378305
lcl|NC_037639.1_mrna_XM_026438859.1_5554	29710	29511	0.0360555	6.68764e-05
lcl|NC_037639.1_mrna_XM_026438868.1_5555	29656	29457	0.173116	0.000321688
lcl|NC_037639.1_mrna_XM_026438879.1_5556	29599	29400	1.15393	0.0021484
lcl|NC_037639.1_mrna_XM_026438880.1_5557	29599	29400	0.955002	0.00177804
lcl|NC_037639.1_mrna_XM_026438869.1_5558	29656	29457	0.125546	0.000233293
lcl|NC_037639.1_mrna_XM_026438894.1_5559	29485	29286	33.8515	0.0632708
lcl|NC_037639.1_mrna_XM_026438870.1_5560	29656	29457	0.0762555	0.000141699
lcl|NC_037639.1_mrna_XM_026438871.1_5561	29656	29457	0.0731208	0.000135874
lcl|NC_037639.1_mrna_XM_026438897.1_5562	29428	29229	69.0976	0.1294
lcl|NC_037639.1_mrna_XM_026438881.1_5563	29599	29400	0.222876	0.000414955
lcl|NC_037639.1_mrna_XM_026438872.1_5564	29656	29457	106.347	0.197615
lcl|NC_037639.1_mrna_XM_026438882.1_5565	29599	29400	0.162591	0.000302716
lcl|NC_037639.1_mrna_XM_026438891.1_5566	29542	29343	0.497079	0.00092727
lcl|NC_037639.1_mrna_XM_026438898.1_5567	29428	29229	14.6471	0.0274299
lcl|NC_037639.1_mrna_XM_026438873.1_5568	29656	29457	324.639	0.60325
lcl|NC_037639.1_mrna_XM_026438884.1_5569	29599	29400	693.429	1.29104
lcl|NC_037639.1_mrna_XM_026438874.1_5570	29656	29457	0.00594297	1.10433e-05
lcl|NC_037639.1_mrna_XM_026438886.1_5571	29599	29400	20.4652	0.0381026
lcl|NC_037639.1_mrna_XM_026438885.1_5572	29599	29400	0.0123094	2.29179e-05
lcl|NC_037639.1_mrna_XM_026438861.1_5573	29707	29508	241.769	0.448484
lcl|NC_037639.1_mrna_XM_026438876.1_5574	29650	29451	44.6058	0.0829042
lcl|NC_037639.1_mrna_XM_026438877.1_5575	29608	29409	90.914	0.169214
lcl|NC_037639.1_mrna_XM_026438888.1_5576	29569	29370	648.135	1.20794
lcl|NC_037639.1_mrna_XM_026438863.1_5577	29671	29472	0.0152661	2.83534e-05
lcl|NC_037639.1_mrna_XM_026438865.1_5578	29668	29469	0.00920605	1.70999e-05
lcl|NC_037639.1_mrna_XM_026438896.1_5579	29473	29274	1076.54	2.01295
lcl|NC_037639.1_mrna_XM_026438903.1_5580	26170	25971	8956.49	18.8771
lcl|NC_037639.1_mrna_XM_026438900.1_5581	29293	29094	555.141	1.04444
lcl|NC_037639.1_mrna_XM_026438904.1_5582	25945	25746	2928.41	6.22598
lcl|NC_037639.1_mrna_XM_026438901.1_5583	29077	28878	3.3239e-08	6.30037e-11
lcl|NC_037639.1_mrna_XM_026438857.1_5584	29710	29511	436.502	0.809632
lcl|NC_037639.1_mrna_XM_001121629.5_5585	2223	2024	813.74	22.007
lcl|NC_037639.1_mrna_XM_006568756.3_5586	2067	1868	586.304	17.1803
lcl|NC_037639.1_mrna_XM_006568752.3_5587	1629	1430	752	28.7851
lcl|NC_037639.1_mrna_XM_393613.6_5588	1386	1187	942.219	43.4497
lcl|NC_037639.1_mrna_XM_003251272.3_5589	1322	1123	814.781	39.7142
lcl|NC_037639.1_mrna_XM_006568751.3_5590	1419	1220	1719	77.1261
lcl|NC_037639.1_mrna_XM_392189.7_5591	4874	4675	998.748	11.6939
lcl|NC_037639.1_mrna_XM_006568750.3_5592	5361	5162	58.2516	0.617697
lcl|NC_037639.1_ncrna_XR_001706534.2_5593	4248	4049	107	1.44651
lcl|NC_037639.1_mrna_XM_026446361.1_5594	3652	3453	0	0
lcl|NC_037639.1_mrna_XM_026446362.1_5595	3607	3408	255.666	4.10637
lcl|NC_037639.1_mrna_XM_026446363.1_5596	3541	3342	0	0
lcl|NC_037639.1_mrna_XM_026446364.1_5597	3905	3706	191.474	2.82807
lcl|NC_037639.1_mrna_XM_026446365.1_5598	3178	2979	110.717	2.03436
lcl|NC_037639.1_mrna_NM_001190421.1_5599	2277	2078	339.206	8.93519
lcl|NC_037639.1_mrna_XM_006568744.3_5600	2722	2523	2081.29	45.1544
lcl|NC_037639.1_mrna_XM_006568745.3_5601	2683	2484	872.711	19.2311
lcl|NC_037639.1_mrna_XM_026446517.1_5602	4736	4537	13.0572	0.157532
lcl|NC_037639.1_mrna_XM_006568749.3_5603	4688	4489	627.551	7.65218
lcl|NC_037639.1_mrna_XM_006568747.3_5604	4712	4513	157.124	1.90574
lcl|NC_037639.1_mrna_XM_006568748.3_5605	4703	4504	0.155423	0.00188887
lcl|NC_037639.1_ncrna_XR_411263.3_5606	719	520	2	0.210529
lcl|NC_037639.1_ncrna_XR_411264.3_5607	2278	2079	42	1.10581
lcl|NC_037639.1_mrna_NM_001112671.1_5608	3010	2811	1376.68	26.8076
lcl|NC_037639.1_mrna_XM_026446360.1_5609	4738	4539	2740.24	33.0456
lcl|NC_037639.1_ncrna_XR_001706533.2_5610	964	765	55	3.93538
lcl|NC_037639.1_mrna_XM_026446516.1_5611	3725	3526	1636.35	25.4027
lcl|NC_037639.1_mrna_XM_026438845.1_5612	1175	976	2204	123.608
lcl|NC_037639.1_mrna_XM_006568740.3_5613	13865	13666	1020	4.08549
lcl|NC_037639.1_mrna_XM_016918066.2_5614	3355	3156	0	0
lcl|NC_037639.1_mrna_XM_394268.7_5615	3438	3239	649.003	10.9678
lcl|NC_037639.1_mrna_XM_006568739.3_5616	3432	3233	68.2891	1.15619
lcl|NC_037639.1_mrna_XM_016918065.2_5617	3320	3121	520.28	9.1249
lcl|NC_037639.1_mrna_XM_016918061.2_5618	2305	2106	800.567	20.8077
lcl|NC_037639.1_mrna_XM_016918063.1_5619	2304	2105	286.065	7.43871
lcl|NC_037639.1_mrna_XM_016918064.2_5620	2074	1875	1275.42	37.2338
lcl|NC_037639.1_mrna_XM_397226.7_5621	2572	2373	1.36382	0.0314591
lcl|NC_037639.1_mrna_XM_006568738.3_5622	2492	2293	301.008	7.18554
lcl|NC_037639.1_mrna_XM_016918062.2_5623	2302	2103	55.5772	1.44658
lcl|NC_037639.1_mrna_XM_624400.6_5624	3482	3283	1383.44	23.0661
lcl|NC_037639.1_mrna_XM_006568737.3_5625	2907	2708	30.561	0.617739
lcl|NC_037639.1_mrna_XM_006568736.3_5626	3579	3380	0	0
lcl|NC_037639.1_mrna_XM_393616.7_5627	4271	4072	2587.13	34.7773
lcl|NC_037639.1_mrna_XM_006568734.3_5628	1068	869	214.437	13.5072
lcl|NC_037639.1_mrna_XM_006568735.3_5629	996	797	0	0
lcl|NC_037639.1_mrna_XM_001122052.5_5630	1076	877	168.563	10.5208
lcl|NC_037639.1_mrna_XM_393615.7_5631	2224	2025	1414	38.2217
lcl|NC_037639.1_mrna_XM_006568732.3_5632	2588	2389	250.019	5.72852
lcl|NC_037639.1_mrna_XM_393488.7_5633	2173	1974	406.981	11.2853
lcl|NC_037639.1_mrna_XM_394275.7_5634	3235	3036	2410.6	43.4619
lcl|NC_037639.1_mrna_XM_001122118.5_5635	4179	3980	518.157	7.12629
lcl|NC_037639.1_mrna_XM_392190.7_5636	1442	1243	240	10.5688
lcl|NC_037639.1_mrna_XM_006568722.3_5637	3593	3394	2991.27	48.2424
lcl|NC_037639.1_mrna_XM_026446463.1_5638	3948	3749	1591.9	23.2426
lcl|NC_037639.1_mrna_XM_026446462.1_5639	3863	3664	750.835	11.2169
lcl|NC_037639.1_mrna_NM_001319269.1_5640	1239	1040	431	22.6845
lcl|NC_037639.1_mrna_XM_016910827.2_5641	4973	4774	130.167	1.49246
lcl|NC_037639.1_mrna_XM_016910831.2_5642	4906	4707	28.558	0.3321
lcl|NC_037639.1_mrna_XM_006568723.3_5643	4899	4700	28.6047	0.333139
lcl|NC_037639.1_mrna_XM_016910824.2_5644	4908	4709	0	0
lcl|NC_037639.1_mrna_XM_392192.6_5645	4896	4697	13.3168	0.15519
lcl|NC_037639.1_mrna_XM_006568730.3_5646	4893	4694	233.835	2.72679
lcl|NC_037639.1_mrna_XM_016910825.2_5647	4907	4708	58.3115	0.677959
lcl|NC_037639.1_mrna_XM_016910829.2_5648	4677	4478	0	0
lcl|NC_037639.1_mrna_XM_016910828.2_5649	5074	4875	122.204	1.37214
lcl|NC_037639.1_mrna_XM_016910830.2_5650	4744	4545	68.0029	0.818991
lcl|NC_037639.1_mrna_NM_001242513.1_5651	1263	1064	2569	132.162
lcl|NC_037639.1_miscrna_XR_411260.2_5652	2377	2178	440.698	11.0756
lcl|NC_037639.1_mrna_XM_392194.7_5653	2014	1815	795.302	23.9851
lcl|NC_037639.1_mrna_XM_001122210.4_5654	3714	3515	79	1.23023
lcl|NC_037639.1_mrna_XM_016918106.2_5655	1739	1540	298.919	10.6247
lcl|NC_037639.1_mrna_XM_016918105.2_5656	1247	1048	2.08101	0.108692
lcl|NC_037639.1_mrna_XM_006568718.3_5657	2999	2800	6260.63	122.39
lcl|NC_037639.1_mrna_XM_006568717.3_5658	3560	3361	506.371	8.2468
lcl|NC_037639.1_mrna_XM_026439176.1_5659	4355	4156	35594	468.799
lcl|NC_037639.1_mrna_XM_026438943.1_5660	3103	2904	11980	225.811
lcl|NC_037639.1_mrna_XM_016918110.2_5661	4564	4365	0	0
lcl|NC_037639.1_mrna_XM_016918113.2_5662	4451	4252	78.208	1.0068
lcl|NC_037639.1_mrna_XM_016918114.2_5663	4326	4127	2798.67	37.1195
lcl|NC_037639.1_mrna_XM_016918109.2_5664	5021	4822	16.8286	0.191031
lcl|NC_037639.1_mrna_XM_016918107.2_5665	4808	4609	0	0
lcl|NC_037639.1_mrna_XM_016918116.2_5666	4787	4588	1192.8	14.2308
lcl|NC_037639.1_mrna_XM_016918117.2_5667	4670	4471	0	0
lcl|NC_037639.1_mrna_XM_016918111.2_5668	4683	4484	0	0
lcl|NC_037639.1_mrna_XM_016918118.2_5669	4521	4322	479.816	6.07681
lcl|NC_037639.1_mrna_XM_016918115.2_5670	4658	4459	0.00010632	1.30515e-06
lcl|NC_037639.1_mrna_XM_006568704.3_5671	4395	4196	138.775	1.81034
lcl|NC_037639.1_mrna_XM_392195.6_5672	4410	4211	1861.23	24.1935
lcl|NC_037639.1_mrna_XM_016918125.2_5673	2812	2613	1242.35	26.0249
lcl|NC_037639.1_mrna_XM_394280.6_5674	3061	2862	269.654	5.1573
lcl|NC_037639.1_mrna_XM_006568700.3_5675	2221	2022	287.729	7.78911
lcl|NC_037639.1_mrna_XM_006568702.3_5676	2070	1871	270.433	7.91173
lcl|NC_037639.1_mrna_XM_006568701.3_5677	2537	2338	531.838	12.4514
lcl|NC_037639.1_mrna_XM_016918120.2_5678	5324	5125	2216.39	23.6721
lcl|NC_037639.1_mrna_XM_016918123.2_5679	4711	4512	93.5574	1.135
lcl|NC_037639.1_mrna_XM_016918122.2_5680	5245	5046	1247.13	13.5285
lcl|NC_037639.1_mrna_XM_016918121.2_5681	5243	5044	3155.95	34.2484
lcl|NC_037639.1_mrna_XM_026439264.1_5682	4708	4509	0	0
lcl|NC_037639.1_mrna_XM_006568697.3_5683	2117	1918	339.013	9.67506
lcl|NC_037639.1_mrna_XM_623057.6_5684	2432	2233	439.712	10.7787
lcl|NC_037639.1_mrna_XM_006568699.3_5685	2572	2373	241.346	5.56708
lcl|NC_037639.1_mrna_XM_006568698.3_5686	2256	2057	1651.22	43.9395
lcl|NC_037640.1_ncrna_XR_003304313.1_5687	3089	2890	0	0
lcl|NC_037640.1_ncrna_XR_003304294.1_5688	3168	2969	0	0
lcl|NC_037640.1_ncrna_XR_003304319.1_5689	3143	2944	0	0
lcl|NC_037640.1_ncrna_XR_003304328.1_5690	3139	2940	0	0
lcl|NC_037640.1_ncrna_XR_003304329.1_5691	3139	2940	0	0
lcl|NC_037640.1_ncrna_XR_003304327.1_5692	3204	3005	3.47336	0.063269
lcl|NC_037640.1_ncrna_XR_003304325.1_5693	3207	3008	0	0
lcl|NC_037640.1_ncrna_XR_003304326.1_5694	3204	3005	3.47336	0.063269
lcl|NC_037640.1_ncrna_XR_003304324.1_5695	3207	3008	0	0
lcl|NC_037640.1_ncrna_XR_003304314.1_5696	3148	2949	0	0
lcl|NC_037640.1_ncrna_XR_003304322.1_5697	3141	2942	0	0
lcl|NC_037640.1_ncrna_XR_003304320.1_5698	3069	2870	0	0
lcl|NC_037640.1_ncrna_XR_003304318.1_5699	3137	2938	0	0
lcl|NC_037640.1_ncrna_XR_003304315.1_5700	3148	2949	0	0
lcl|NC_037640.1_ncrna_XR_003304323.1_5701	3141	2942	0	0
lcl|NC_037640.1_ncrna_XR_003304309.1_5702	3138	2939	0	0
lcl|NC_037640.1_ncrna_XR_003304307.1_5703	3160	2961	0	0
lcl|NC_037640.1_ncrna_XR_003304304.1_5704	3141	2942	0	0
lcl|NC_037640.1_ncrna_XR_003304306.1_5705	3148	2949	0	0
lcl|NC_037640.1_ncrna_XR_003304303.1_5706	3216	3017	0	0
lcl|NC_037640.1_ncrna_XR_003304302.1_5707	3163	2964	0	0
lcl|NC_037640.1_ncrna_XR_003304295.1_5708	3216	3017	0	0
lcl|NC_037640.1_ncrna_XR_003304305.1_5709	3228	3029	63.2754	1.14346
lcl|NC_037640.1_ncrna_XR_003304310.1_5710	3213	3014	0	0
lcl|NC_037640.1_ncrna_XR_003304300.1_5711	3216	3017	0	0
lcl|NC_037640.1_ncrna_XR_003304299.1_5712	3216	3017	0	0
lcl|NC_037640.1_ncrna_XR_003304321.1_5713	3068	2869	0	0
lcl|NC_037640.1_ncrna_XR_003304312.1_5714	3071	2872	0	0
lcl|NC_037640.1_ncrna_XR_003304311.1_5715	3071	2872	0	0
lcl|NC_037640.1_ncrna_XR_003304308.1_5716	3061	2862	18.8446	0.360414
lcl|NC_037640.1_ncrna_XR_003304296.1_5717	3071	2872	0	0
lcl|NC_037640.1_ncrna_XR_003304298.1_5718	3136	2937	0	0
lcl|NC_037640.1_ncrna_XR_003304297.1_5719	3147	2948	0	0
lcl|NC_037640.1_ncrna_XR_003304317.1_5720	3068	2869	0	0
lcl|NC_037640.1_ncrna_XR_003304301.1_5721	3071	2872	0	0
lcl|NC_037640.1_ncrna_XR_003304293.1_5722	3150	2951	0	0
lcl|NC_037640.1_ncrna_XR_003304332.1_5723	2465	2266	0	0
lcl|NC_037640.1_ncrna_XR_003304336.1_5724	2530	2331	0	0
lcl|NC_037640.1_ncrna_XR_003304330.1_5725	2544	2345	0	0
lcl|NC_037640.1_ncrna_XR_003304335.1_5726	2415	2216	0	0
lcl|NC_037640.1_ncrna_XR_003304333.1_5727	2572	2373	0	0
lcl|NC_037640.1_ncrna_XR_003304331.1_5728	2630	2431	0	0
lcl|NC_037640.1_ncrna_XR_003304334.1_5729	2420	2221	0	0
lcl|NC_037640.1_ncrna_XR_003304340.1_5730	1808	1609	0	0
lcl|NC_037640.1_ncrna_XR_003304337.1_5731	1887	1688	0	0
lcl|NC_037640.1_ncrna_XR_003304338.1_5732	2011	1812	0	0
lcl|NC_037640.1_ncrna_XR_003304341.1_5733	1904	1705	1870.87	60.0625
lcl|NC_037640.1_ncrna_XR_003304343.1_5734	1149	950	1674.47	96.4803
lcl|NC_037640.1_ncrna_XR_003304342.1_5735	1228	1029	538.525	28.6468
lcl|NC_037640.1_ncrna_XR_003304316.1_5736	2815	2616	0	0
lcl|NC_037640.1_mrna_XM_026439568.1_5737	6361	6162	0	0
lcl|NC_037640.1_mrna_XM_026439555.1_5738	6657	6458	2.66455e-08	2.25846e-10
lcl|NC_037640.1_mrna_XM_026439575.1_5739	6647	6448	100.45	0.852731
lcl|NC_037640.1_mrna_XM_026439556.1_5740	6651	6452	0	0
lcl|NC_037640.1_mrna_XM_026439576.1_5741	6641	6442	0	0
lcl|NC_037640.1_mrna_XM_026439551.1_5742	6561	6362	0	0
lcl|NC_037640.1_mrna_XM_026439573.1_5743	6551	6352	0	0
lcl|NC_037640.1_mrna_XM_026439559.1_5744	6558	6359	0	0
lcl|NC_037640.1_mrna_XM_026439579.1_5745	6548	6349	0	0
lcl|NC_037640.1_mrna_XM_026439557.1_5746	6657	6458	2.66455e-08	2.25846e-10
lcl|NC_037640.1_mrna_XM_026439577.1_5747	6647	6448	100.45	0.852731
lcl|NC_037640.1_mrna_XM_026439561.1_5748	6654	6455	2.27161e-08	1.9263e-10
lcl|NC_037640.1_mrna_XM_026439558.1_5749	6651	6452	0	0
lcl|NC_037640.1_mrna_XM_026439578.1_5750	6641	6442	0	0
lcl|NC_037640.1_mrna_XM_026439562.1_5751	6648	6449	0	0
lcl|NC_037640.1_mrna_XM_026439552.1_5752	6561	6362	0	0
lcl|NC_037640.1_mrna_XM_026439574.1_5753	6551	6352	0	0
lcl|NC_037640.1_mrna_XM_026439560.1_5754	6558	6359	0	0
lcl|NC_037640.1_mrna_XM_026439582.1_5755	6483	6284	0	0
lcl|NC_037640.1_mrna_XM_026439553.1_5756	6348	6149	0	0
lcl|NC_037640.1_mrna_XM_026439572.1_5757	6486	6287	0	0
lcl|NC_037640.1_mrna_XM_026439583.1_5758	6483	6284	0	0
lcl|NC_037640.1_mrna_XM_026439570.1_5759	6482	6283	0	0
lcl|NC_037640.1_mrna_XM_026439563.1_5760	6417	6218	0	0
lcl|NC_037640.1_mrna_XM_026439571.1_5761	6414	6215	0	0
lcl|NC_037640.1_miscrna_XR_003304287.1_5762	1579	1380	97.0072	3.84778
lcl|NC_037640.1_miscrna_XR_003304292.1_5763	1023	824	128.262	8.5203
lcl|NC_037640.1_miscrna_XR_003304286.1_5764	1653	1454	0	0
lcl|NC_037640.1_miscrna_XR_003304285.1_5765	1588	1389	0	0
lcl|NC_037640.1_miscrna_XR_003304291.1_5766	957	758	0.674462	0.048705
lcl|NC_037640.1_miscrna_XR_003304289.1_5767	1031	832	2234	146.975
lcl|NC_037640.1_miscrna_XR_003304290.1_5768	963	764	130.61	9.35767
lcl|NC_037640.1_miscrna_XR_003304288.1_5769	965	766	212.359	15.1749
lcl|NC_037640.1_mrna_XM_026439580.1_5770	6330	6131	0	0
lcl|NC_037640.1_mrna_XM_026439554.1_5771	6504	6305	0	0
lcl|NC_037640.1_mrna_XM_026439549.1_5772	6439	6240	0	0
lcl|NC_037640.1_mrna_XM_026439566.1_5773	6388	6189	0	0
lcl|NC_037640.1_mrna_XM_026439546.1_5774	6440	6241	0	0
lcl|NC_037640.1_mrna_XM_026439564.1_5775	6479	6280	0	0
lcl|NC_037640.1_mrna_XM_026439581.1_5776	6410	6211	80.2327	0.707091
lcl|NC_037640.1_mrna_XM_026439547.1_5777	6440	6241	0	0
lcl|NC_037640.1_mrna_XM_026439567.1_5778	6362	6163	0	0
lcl|NC_037640.1_mrna_XM_026439569.1_5779	6361	6162	0	0
lcl|NC_037640.1_mrna_XM_026439565.1_5780	6401	6202	0	0
lcl|NC_037640.1_mrna_XM_026439548.1_5781	6439	6240	0	0
lcl|NC_037640.1_mrna_XM_026439550.1_5782	6445	6246	0	0
lcl|NC_037640.1_ncrna_XR_001706246.2_5783	2486	2287	6.80367	0.16284
lcl|NC_037640.1_ncrna_XR_001706245.2_5784	3576	3377	6.19633	0.100436
lcl|NC_037640.1_mrna_XM_026439588.1_5785	1237	1038	25	1.31834
lcl|NC_037640.1_mrna_XM_026439585.1_5786	5437	5238	2.7562e-06	2.88025e-08
lcl|NC_037640.1_mrna_XM_026439587.1_5787	5432	5233	9.19891e-06	9.62212e-08
lcl|NC_037640.1_mrna_XM_026439586.1_5788	5380	5181	2.73659	0.0289122
lcl|NC_037640.1_mrna_XM_026439584.1_5789	5384	5185	1.0333	0.0109085
lcl|NC_037640.1_mrna_XM_006571813.3_5790	684	485	3	0.338583
lcl|NC_037640.1_mrna_XM_006571814.3_5791	575	376	0	0
lcl|NC_037640.1_mrna_XM_006571815.3_5792	629	430	3	0.38189
lcl|NC_037640.1_mrna_XM_026439589.1_5793	1432	1233	27	1.19863
lcl|NC_037640.1_mrna_XM_006571812.3_5794	2590	2391	9467	216.73
lcl|NC_037640.1_mrna_XM_026439862.1_5795	9605	9406	5432.12	31.6119
lcl|NC_037640.1_mrna_XM_026439861.1_5796	8264	8065	34.8759	0.236705
lcl|NC_037640.1_mrna_XM_026439860.1_5797	8321	8122	0	0
lcl|NC_037640.1_mrna_XM_001120184.5_5798	1053	854	571	36.5985
lcl|NC_037640.1_mrna_XM_006571808.3_5799	1283	1084	3.69942	0.186806
lcl|NC_037640.1_mrna_XM_006571809.3_5800	1405	1206	2.90589	0.131892
lcl|NC_037640.1_mrna_XM_006571810.3_5801	1319	1120	0	0
lcl|NC_037640.1_mrna_XM_006571807.3_5802	1373	1174	2.13176	0.099393
lcl|NC_037640.1_miscrna_XR_412241.3_5803	1646	1447	19.5907	0.741084
lcl|NC_037640.1_mrna_XM_016917220.2_5804	1487	1288	0	0
lcl|NC_037640.1_mrna_XM_016917221.2_5805	1463	1264	2.6722	0.11572
lcl|NC_037640.1_mrna_XM_026439532.1_5806	2834	2635	106.231	2.20676
lcl|NC_037640.1_mrna_XM_026439531.1_5807	2790	2591	1360.77	28.7477
lcl|NC_037640.1_precursorrna_NR_127323.1_5808	75	3.59105	0	0
lcl|NC_037640.1_precursorrna_NR_127338.1_5809	73	3.5471	0	0
lcl|NC_037640.1_ncrna_5810	22	2.73612	0	0
lcl|NC_037640.1_ncrna_5811	22	2.73612	0	0
lcl|NC_037640.1_mrna_XM_001122585.5_5812	2075	1876	771	22.4961
lcl|NC_037640.1_mrna_XM_026439529.1_5813	2470	2271	2620	63.1494
lcl|NC_037640.1_mrna_XM_026439760.1_5814	2442	2243	0	0
lcl|NC_037640.1_mrna_XM_026439761.1_5815	2319	2120	1101.8	28.4481
lcl|NC_037640.1_mrna_XM_624142.6_5816	2603	2404	486.173	11.0699
lcl|NC_037640.1_mrna_XM_006571805.3_5817	2619	2420	52.179	1.18023
lcl|NC_037640.1_mrna_XM_016917217.2_5818	806	607	296.844	26.7686
lcl|NC_037640.1_mrna_XM_026439776.1_5819	2809	2610	0	0
lcl|NC_037640.1_mrna_XM_026439775.1_5820	3008	2809	799	15.5697
lcl|NC_037640.1_mrna_XM_026439771.1_5821	8085	7886	0	0
lcl|NC_037640.1_mrna_XM_026439762.1_5822	8339	8140	0	0
lcl|NC_037640.1_mrna_XM_026439769.1_5823	8276	8077	36.6468	0.248354
lcl|NC_037640.1_mrna_XM_026439765.1_5824	8321	8122	0	0
lcl|NC_037640.1_mrna_XM_026439772.1_5825	8027	7828	0	0
lcl|NC_037640.1_mrna_XM_016917200.2_5826	7711	7512	0	0
lcl|NC_037640.1_mrna_XM_016917210.2_5827	7341	7142	128.542	0.985165
lcl|NC_037640.1_mrna_XM_016917211.2_5828	7122	6923	635.62	5.0256
lcl|NC_037640.1_mrna_XM_016917212.2_5829	6972	6773	1.29559	0.0104706
lcl|NC_037640.1_mrna_XM_016917213.2_5830	6954	6755	1239.24	10.0419
lcl|NC_037640.1_mrna_XM_026439770.1_5831	7924	7725	6.92836	0.0490928
lcl|NC_037640.1_mrna_XM_026439767.1_5832	8442	8243	49.5756	0.329206
lcl|NC_037640.1_mrna_XM_026439766.1_5833	9413	9214	78.4608	0.466111
lcl|NC_037640.1_mrna_XM_026439763.1_5834	9275	9076	93.6935	0.565068
lcl|NC_037640.1_mrna_XM_026439768.1_5835	8323	8124	0	0
lcl|NC_037640.1_mrna_XM_026439773.1_5836	7712	7513	28.993	0.211234
lcl|NC_037640.1_mrna_XM_026439682.1_5837	7025	6826	1624.62	13.0278
lcl|NC_037640.1_mrna_XM_026439683.1_5838	6860	6661	934.921	7.68282
lcl|NC_037640.1_mrna_XM_026439686.1_5839	6574	6375	795.951	6.83426
lcl|NC_037640.1_mrna_XM_026439685.1_5840	6627	6428	172.238	1.46669
lcl|NC_037640.1_mrna_XM_026439684.1_5841	6600	6401	134.297	1.14843
lcl|NC_037640.1_mrna_XM_026439687.1_5842	6585	6386	212.395	1.82055
lcl|NC_037640.1_mrna_XM_026439688.1_5843	5739	5540	81.5564	0.805812
lcl|NC_037640.1_mrna_XM_026439690.1_5844	5249	5050	5825.99	63.1486
lcl|NC_037640.1_mrna_XM_026439689.1_5845	5247	5048	32.039	0.347412
lcl|NC_037640.1_mrna_XM_026439376.1_5846	1758	1559	118	4.14306
lcl|NC_037640.1_miscrna_XR_001706117.2_5847	1185	986	128.834	7.15216
lcl|NC_037640.1_mrna_XM_026439691.1_5848	1077	878	199.166	12.4167
lcl|NC_037640.1_mrna_XM_395962.6_5849	2682	2483	2171	47.8595
lcl|NC_037640.1_mrna_XM_026439356.1_5850	2447	2248	73.69	1.79431
lcl|NC_037640.1_mrna_NM_001172404.1_5851	2429	2230	5169.31	126.886
lcl|NC_037640.1_mrna_XM_625024.5_5852	808	609	2486	223.444
lcl|NC_037640.1_mrna_XM_393161.7_5853	735	536	985	100.59
lcl|NC_037640.1_mrna_XM_006571781.3_5854	2678	2479	308	6.80079
lcl|NC_037640.1_mrna_XM_624617.6_5855	1070	871	6945	436.455
lcl|NC_037640.1_mrna_XM_026439628.1_5856	2034	1835	2436	72.6652
lcl|NC_037640.1_ncrna_XR_412287.3_5857	582	383	96.4584	13.7856
lcl|NC_037640.1_mrna_XM_001123124.5_5858	2421	2222	211.83	5.21829
lcl|NC_037640.1_mrna_XM_016917249.2_5859	2068	1869	54.9273	1.60866
lcl|NC_037640.1_mrna_XM_026439545.1_5860	1972	1773	453.784	14.0096
lcl|NC_037640.1_mrna_XM_003251775.4_5861	9436	9237	9041.6	53.5796
lcl|NC_037640.1_mrna_XM_006571861.3_5862	8605	8406	10.2814	0.0669497
lcl|NC_037640.1_mrna_XM_006571863.3_5863	8578	8379	72.9423	0.476511
lcl|NC_037640.1_mrna_XM_006571862.3_5864	8599	8400	1136.18	7.40375
lcl|NC_037640.1_mrna_XM_624111.6_5865	637	438	455	56.8621
lcl|NC_037640.1_mrna_XM_026439735.1_5866	15403	15204	3381	12.1723
lcl|NC_037640.1_mrna_XM_003251776.4_5867	1804	1605	1073	36.594
lcl|NC_037640.1_mrna_XM_624348.6_5868	1837	1638	216.191	7.22451
lcl|NC_037640.1_miscrna_XR_412288.3_5869	1517	1318	454.809	18.8886
lcl|NC_037640.1_mrna_XM_396074.6_5870	1750	1551	638.647	22.539
lcl|NC_037640.1_mrna_XM_026439538.1_5871	1631	1432	318.353	12.1689
lcl|NC_037640.1_mrna_XM_026439540.1_5872	978	779	904.13	63.53
lcl|NC_037640.1_mrna_XM_026439539.1_5873	1001	802	34.8696	2.37989
lcl|NC_037640.1_mrna_XM_026439713.1_5874	2791	2592	1138.45	24.0416
lcl|NC_037640.1_mrna_XM_026439712.1_5875	1557	1358	63	2.53937
lcl|NC_037640.1_ncrna_XR_003304384.1_5876	1072	873	161	10.0948
lcl|NC_037640.1_ncrna_XR_003304385.1_5877	1651	1452	5	0.18849
lcl|NC_037640.1_mrna_XM_393064.7_5878	3961	3762	906.733	13.1931
lcl|NC_037640.1_mrna_XM_016917246.2_5879	3924	3725	235.775	3.46464
lcl|NC_037640.1_mrna_XM_006571869.3_5880	3848	3649	141.492	2.12248
lcl|NC_037640.1_mrna_XM_006571868.3_5881	1655	1456	1516	56.9932
lcl|NC_037640.1_mrna_XM_026439715.1_5882	2683	2484	0	0
lcl|NC_037640.1_mrna_XM_026439714.1_5883	3052	2853	1128	21.6418
lcl|NC_037640.1_mrna_XM_026439716.1_5884	992	793	352	24.2971
lcl|NC_037640.1_mrna_XM_003251800.4_5885	811	612	207	18.5142
lcl|NC_037640.1_mrna_XM_016917328.2_5886	1531	1332	3.57454e-06	1.46893e-07
lcl|NC_037640.1_mrna_XM_624577.6_5887	1519	1320	1277	52.9544
lcl|NC_037640.1_mrna_XM_026439718.1_5888	2177	1978	0	0
lcl|NC_037640.1_mrna_XM_006571975.3_5889	2003	1804	22.3345	0.677681
lcl|NC_037640.1_mrna_XM_006571978.2_5890	1574	1375	172.294	6.85888
lcl|NC_037640.1_mrna_XM_006571976.3_5891	1543	1344	2.3189e-08	9.44426e-10
lcl|NC_037640.1_mrna_XM_006571977.3_5892	1477	1278	65.3713	2.79989
lcl|NC_037640.1_mrna_XM_623373.6_5893	1087	888	501	30.8823
lcl|NC_037640.1_mrna_XM_026439633.1_5894	666	467	939.344	110.101
lcl|NC_037640.1_mrna_XM_026439711.1_5895	306	107	129.39	66.1917
lcl|NC_037640.1_mrna_XM_026439634.1_5896	1303	1104	14.0325	0.695745
lcl|NC_037640.1_ncrna_XR_003304275.1_5897	2653	2454	0	0
lcl|NC_037640.1_ncrna_XR_003304272.1_5898	2607	2408	0	0
lcl|NC_037640.1_ncrna_XR_003304273.1_5899	2442	2243	11.9999	0.292842
lcl|NC_037640.1_ncrna_XR_003304274.1_5900	2463	2264	9.36863e-05	2.26509e-06
lcl|NC_037640.1_rrna_XR_003304487.1_5901	119	5.00576	0	0
lcl|NC_037640.1_rrna_XR_003304476.1_5902	119	5.00576	0	0
lcl|NC_037640.1_rrna_XR_003304459.1_5903	119	5.00576	0	0
lcl|NC_037640.1_rrna_XR_003304460.1_5904	119	5.00576	0	0
lcl|NC_037640.1_rrna_XR_003304461.1_5905	119	5.00576	0	0
lcl|NC_037640.1_mrna_XM_026439590.1_5906	3335	3136	253	4.41601
lcl|NC_037640.1_mrna_XM_006572136.3_5907	1876	1677	101	3.29666
lcl|NC_037640.1_mrna_XM_026439407.1_5908	1860	1661	0	0
lcl|NC_037640.1_mrna_XM_026439406.1_5909	1896	1697	0	0
lcl|NC_037640.1_mrna_XM_016917404.2_5910	2770	2571	0	0
lcl|NC_037640.1_mrna_XM_026439405.1_5911	2780	2581	0.0613782	0.0013017
lcl|NC_037640.1_mrna_XM_016917406.2_5912	2767	2568	35.9386	0.76604
lcl|NC_037640.1_mrna_XM_026439408.1_5913	1846	1647	22	0.731163
lcl|NC_037640.1_mrna_XM_006572140.2_5914	2302	2103	373.403	9.71906
lcl|NC_037640.1_mrna_XM_625272.5_5915	2264	2065	568.26	15.063
lcl|NC_037640.1_mrna_XM_016917409.2_5916	2252	2053	144.56	3.85428
lcl|NC_037640.1_mrna_XM_006572139.2_5917	2261	2062	123.777	3.28577
lcl|NC_037640.1_mrna_XM_026439537.1_5918	4263	4064	98.1749	1.32231
lcl|NC_037640.1_mrna_XM_026439536.1_5919	4269	4070	45.8378	0.616473
lcl|NC_037640.1_mrna_XM_006572141.3_5920	4482	4283	3.52261	0.0450196
lcl|NC_037640.1_mrna_XM_396123.7_5921	4485	4286	355.465	4.53973
lcl|NC_037640.1_rrna_XR_003304478.1_5922	119	5.00576	0	0
lcl|NC_037640.1_rrna_XR_003304462.1_5923	119	5.00576	0	0
lcl|NC_037640.1_rrna_XR_003304463.1_5924	119	5.00576	0	0
lcl|NC_037640.1_rrna_XR_003304469.1_5925	119	5.00576	0	0
lcl|NC_037640.1_mrna_XM_001122840.5_5926	819	620	288	25.4265
lcl|NC_037640.1_mrna_XM_001119995.5_5927	3198	2999	1157	21.1175
lcl|NC_037640.1_mrna_XM_016917523.2_5928	2322	2123	15.0517	0.388079
lcl|NC_037640.1_mrna_XM_026439510.1_5929	2392	2193	0	0
lcl|NC_037640.1_mrna_XM_026439511.1_5930	1804	1605	0	0
lcl|NC_037640.1_rrna_XR_003304464.1_5931	119	5.00576	0	0
lcl|NC_037640.1_rrna_XR_003304465.1_5932	119	5.00576	0	0
lcl|NC_037640.1_rrna_XR_003304458.1_5933	119	5.00576	0	0
lcl|NC_037640.1_rrna_XR_003304481.1_5934	120	5.05223	0	0
lcl|NC_037640.1_rrna_XR_003304466.1_5935	119	5.00576	0	0
lcl|NC_037640.1_rrna_XR_003304467.1_5936	119	5.00576	0	0
lcl|NC_037640.1_rrna_XR_003304477.1_5937	119	5.00576	0	0
lcl|NC_037640.1_rrna_XR_003304480.1_5938	119	5.00576	0	0
lcl|NC_037640.1_rrna_XR_003304468.1_5939	119	5.00576	0	0
lcl|NC_037640.1_rrna_XR_003304470.1_5940	119	5.00576	0	0
lcl|NC_037640.1_rrna_XR_003304479.1_5941	119	5.00576	0	0
lcl|NC_037640.1_rrna_XR_003304475.1_5942	119	5.00576	0	0
lcl|NC_037640.1_rrna_XR_003304486.1_5943	119	5.00576	0	0
lcl|NC_037640.1_rrna_XR_003304471.1_5944	119	5.00576	0	0
lcl|NC_037640.1_rrna_XR_003304472.1_5945	119	5.00576	0	0
lcl|NC_037640.1_rrna_XR_003304473.1_5946	119	5.00576	0	0
lcl|NC_037640.1_rrna_XR_003304474.1_5947	119	5.00576	0	0
lcl|NC_037640.1_mrna_XM_395325.6_5948	2418	2219	964	23.7796
lcl|NC_037640.1_mrna_XM_026439339.1_5949	5209	5010	225.508	2.46382
lcl|NC_037640.1_ncrna_XR_119705.4_5950	761	562	43.0367	4.19168
lcl|NC_037640.1_mrna_XM_016911052.2_5951	5569	5370	0	0
lcl|NC_037640.1_mrna_XM_026439338.1_5952	5199	5000	338.026	3.70054
lcl|NC_037640.1_mrna_XM_026439337.1_5953	3044	2845	200.429	3.85624
lcl|NC_037640.1_mrna_NM_001162513.1_5954	4072	3873	0	0
lcl|NC_037640.1_mrna_XM_393391.7_5955	3202	3003	849.074	15.4766
lcl|NC_037640.1_precursorrna_NR_127334.1_5956	66	3.40257	0	0
lcl|NC_037640.1_ncrna_5957	20	2.71266	0	0
lcl|NC_037640.1_mrna_XM_026439399.1_5958	5582	5383	1142.01	11.6126
lcl|NC_037640.1_mrna_XM_026439398.1_5959	5584	5385	714.616	7.26394
lcl|NC_037640.1_mrna_XM_026439400.1_5960	5316	5117	1076.79	11.5186
lcl|NC_037640.1_mrna_XM_006557250.3_5961	5642	5443	0	0
lcl|NC_037640.1_mrna_XM_016911129.2_5962	3087	2888	1398.75	26.5112
lcl|NC_037640.1_mrna_XM_016911128.2_5963	2467	2268	7.706	0.185982
lcl|NC_037640.1_mrna_XM_006557237.3_5964	3299	3100	858.051	15.1508
lcl|NC_037640.1_mrna_XM_006557239.3_5965	2885	2686	556.854	11.348
lcl|NC_037640.1_miscrna_XR_003304247.1_5966	2860	2661	183.086	3.76613
lcl|NC_037640.1_mrna_XM_006557238.3_5967	2902	2703	160.524	3.25072
lcl|NC_037640.1_mrna_XM_026439402.1_5968	736	537	2	0.203864
lcl|NC_037640.1_mrna_XM_026439401.1_5969	2557	2358	1850.23	42.9503
lcl|NC_037640.1_mrna_XM_006557240.3_5970	2439	2240	292.551	7.14889
lcl|NC_037640.1_mrna_XM_026439517.1_5971	1131	932	2	0.117463
lcl|NC_037640.1_mrna_XM_026439680.1_5972	5020	4821	24	0.272496
lcl|NC_037640.1_mrna_XM_006557254.2_5973	3278	3079	5672.98	100.853
lcl|NC_037640.1_mrna_XM_006557256.3_5974	2323	2124	75.7421	1.95195
lcl|NC_037640.1_mrna_XM_006557255.3_5975	2326	2127	586.481	15.0929
lcl|NC_037640.1_mrna_XM_016911241.2_5976	2428	2229	36.2419	0.889991
lcl|NC_037640.1_mrna_XM_006557253.3_5977	2476	2277	638.55	15.3503
lcl|NC_037640.1_mrna_XM_006557258.3_5978	1856	1657	65.3782	2.15971
lcl|NC_037640.1_mrna_XM_006557257.3_5979	1917	1718	58.6218	1.86776
lcl|NC_037640.1_mrna_XM_001119919.3_5980	831	632	626	54.2179
lcl|NC_037640.1_mrna_XM_026439471.1_5981	6255	6056	105.037	0.949384
lcl|NC_037640.1_mrna_XM_393201.7_5982	5139	4940	1.83692	0.0203539
lcl|NC_037640.1_mrna_XM_026439472.1_5983	4815	4616	7.12602	0.0845019
lcl|NC_037640.1_mrna_XM_001120105.4_5984	2519	2320	3.76013	0.0887156
lcl|NC_037640.1_mrna_XM_006557259.3_5985	1285	1086	9.56108	0.481906
lcl|NC_037640.1_mrna_XM_396430.5_5986	1590	1391	138.06	5.43283
lcl|NC_037640.1_mrna_XM_006557260.3_5987	1907	1708	26.9401	0.863368
lcl|NC_037640.1_mrna_XM_624610.6_5988	1451	1252	2303	100.687
lcl|NC_037640.1_mrna_XM_026439632.1_5989	1409	1210	130.373	5.89775
lcl|NC_037640.1_mrna_XM_026439629.1_5990	1867	1668	0	0
lcl|NC_037640.1_mrna_XM_026439630.1_5991	1714	1515	20.3659	0.735826
lcl|NC_037640.1_mrna_XM_026439631.1_5992	1613	1414	96.6275	3.74056
lcl|NC_037640.1_mrna_XM_016917929.2_5993	1837	1638	26.6341	0.890041
lcl|NC_037640.1_mrna_XM_006568487.3_5994	2596	2397	765	17.4694
lcl|NC_037640.1_mrna_XM_001121552.5_5995	1357	1158	564	26.6597
lcl|NC_037640.1_mrna_XM_016917466.2_5996	625	426	24.2646	3.11781
lcl|NC_037640.1_mrna_XM_624973.5_5997	630	431	358.735	45.5598
lcl|NC_037640.1_mrna_XM_006568485.3_5998	1879	1680	1002.4	32.66
lcl|NC_037640.1_mrna_XM_016917429.2_5999	668	469	120.799	14.0986
lcl|NC_037640.1_mrna_XM_003251188.4_6000	623	424	3.62765	0.468323
lcl|NC_037640.1_mrna_XM_016917425.2_6001	826	627	110.176	9.61846
lcl|NC_037640.1_mrna_XM_006568482.3_6002	2409	2210	6547.97	162.181
lcl|NC_037640.1_mrna_XM_026439395.1_6003	2639	2440	878.026	19.6971
lcl|NC_037640.1_mrna_XM_006568480.3_6004	800	601	73.0622	6.65431
lcl|NC_037640.1_mrna_XM_396930.7_6005	803	604	750.938	68.0538
lcl|NC_037640.1_mrna_XM_001120885.5_6006	1249	1050	291	15.1701
lcl|NC_037640.1_mrna_XM_026439438.1_6007	3626	3427	242.729	3.87698
lcl|NC_037640.1_mrna_XM_006568477.3_6008	3520	3321	2289.94	37.7433
lcl|NC_037640.1_mrna_XM_006568478.3_6009	3457	3258	0	0
lcl|NC_037640.1_mrna_XM_006568479.2_6010	2952	2753	0.333679	0.00663449
lcl|NC_037640.1_mrna_XM_396933.7_6011	1804	1605	114	3.8879
lcl|NC_037640.1_ncrna_XR_001706488.2_6012	1105	906	3	0.18125
lcl|NC_037640.1_ncrna_XR_003304389.1_6013	1920	1721	0	0
lcl|NC_037640.1_ncrna_XR_003304390.1_6014	1517	1318	1	0.0415308
lcl|NC_037640.1_ncrna_XR_003304224.1_6015	2386	2187	5.58626	0.139816
lcl|NC_037640.1_ncrna_XR_003304225.1_6016	2381	2182	100.368	2.51783
lcl|NC_037640.1_ncrna_XR_003304223.1_6017	2317	2118	0	0
lcl|NC_037640.1_ncrna_XR_003304227.1_6018	2225	2026	10.4503	0.282342
lcl|NC_037640.1_ncrna_XR_003304226.1_6019	1977	1778	349.595	10.7626
lcl|NC_037640.1_ncrna_XR_003304229.1_6020	7977	7778	35	0.246312
lcl|NC_037640.1_mrna_XM_016911285.2_6021	1602	1403	20.0733	0.783152
lcl|NC_037640.1_ncrna_XR_003304228.1_6022	2377	2178	0	0
lcl|NC_037640.1_mrna_XM_016911284.2_6023	1651	1452	14.9267	0.562708
lcl|NC_037640.1_mrna_XM_006558009.3_6024	995	796	0	0
lcl|NC_037640.1_trna_6025	73	3.5471	0	0
lcl|NC_037640.1_mrna_XM_003249154.4_6026	1640	1441	249.145	9.46397
lcl|NC_037640.1_mrna_XM_026439367.1_6027	1658	1459	27.855	1.04504
lcl|NC_037640.1_mrna_XM_006558004.3_6028	764	565	23	2.22825
lcl|NC_037640.1_mrna_XM_396161.7_6029	1260	1061	889	45.864
lcl|NC_037640.1_mrna_XM_624518.5_6030	1353	1154	29	1.37555
lcl|NC_037640.1_mrna_XM_026439635.1_6031	5205	5006	149	1.62922
lcl|NC_037640.1_mrna_XM_026439530.1_6032	551	352	762	118.494
lcl|NC_037640.1_mrna_NM_001327961.1_6033	1341	1142	47	2.25277
lcl|NC_037640.1_mrna_XM_026439533.1_6034	4086	3887	0	0
lcl|NC_037640.1_mrna_XM_026439534.1_6035	3934	3735	1	0.0146553
lcl|NC_037640.1_mrna_XM_026439719.1_6036	2560	2361	29	0.672337
lcl|NC_037640.1_ncrna_XR_119759.4_6037	762	563	1	0.0972248
lcl|NC_037640.1_mrna_XM_003249152.4_6038	2322	2123	0	0
lcl|NC_037640.1_mrna_XM_006557996.3_6039	2201	2002	7	0.19139
lcl|NC_037640.1_mrna_XM_006557994.3_6040	815	616	0.0919784	0.00817317
lcl|NC_037640.1_mrna_XM_624527.6_6041	836	637	319.908	27.4898
lcl|NC_037640.1_mrna_XM_006557989.3_6042	8768	8569	0.0672762	0.000429751
lcl|NC_037640.1_mrna_XM_016911355.2_6043	8741	8542	1092.78	7.00258
lcl|NC_037640.1_mrna_XM_016911356.2_6044	8687	8488	1501.51	9.68293
lcl|NC_037640.1_mrna_XM_006557988.3_6045	8774	8575	0	0
lcl|NC_037640.1_mrna_XM_016911359.2_6046	6839	6640	3.3851	0.0279054
lcl|NC_037640.1_mrna_XM_016911357.2_6047	6842	6643	1.91426	0.0157733
lcl|NC_037640.1_mrna_XM_016911360.2_6048	6787	6588	1.51562	0.0125928
lcl|NC_037640.1_mrna_XM_016911358.2_6049	6790	6591	0.853229	0.00708597
lcl|NC_037640.1_mrna_XM_026439798.1_6050	6979	6780	88.9796	0.718366
lcl|NC_037640.1_mrna_XM_396838.6_6051	1113	914	977	58.5105
lcl|NC_037640.1_mrna_XM_026439636.1_6052	1080	881	362	22.4915
lcl|NC_037640.1_mrna_XM_624403.5_6053	1790	1591	724	24.9089
lcl|NC_037640.1_trna_6054	73	3.5471	0	0
lcl|NC_037640.1_mrna_XM_396835.7_6055	2510	2311	3	0.071057
lcl|NC_037640.1_ncrna_XR_003304484.1_6056	107	4.51079	0	0
lcl|NC_037640.1_ncrna_XR_003304373.1_6057	2371	2172	1	0.0252014
lcl|NC_037640.1_ncrna_XR_003304372.1_6058	2404	2205	0	0
lcl|NC_037640.1_mrna_XM_026439637.1_6059	1728	1529	0	0
lcl|NC_037640.1_mrna_XM_623252.5_6060	2579	2380	961	22.102
lcl|NC_037640.1_mrna_XM_006557980.3_6061	3492	3293	1532	25.4655
lcl|NC_037640.1_mrna_XM_006557978.3_6062	4855	4656	0	0
lcl|NC_037640.1_mrna_XM_006557979.3_6063	4104	3905	0	0
lcl|NC_037640.1_mrna_XM_396833.7_6064	4777	4578	698	8.34574
lcl|NC_037640.1_ncrna_XR_003304375.1_6065	684	485	0	0
lcl|NC_037640.1_ncrna_XR_003304376.1_6066	666	467	0	0
lcl|NC_037640.1_mrna_XM_026439336.1_6067	8468	8269	0	0
lcl|NC_037640.1_mrna_XM_026439311.1_6068	8524	8325	0	0
lcl|NC_037640.1_mrna_XM_026439312.1_6069	8520	8321	0	0
lcl|NC_037640.1_mrna_XM_026439310.1_6070	8523	8324	0	0
lcl|NC_037640.1_mrna_XM_026439318.1_6071	8475	8276	0	0
lcl|NC_037640.1_mrna_XM_026439330.1_6072	6413	6214	0	0
lcl|NC_037640.1_mrna_XM_026439309.1_6073	8522	8323	0	0
lcl|NC_037640.1_mrna_XM_006557941.3_6074	8522	8323	0	0
lcl|NC_037640.1_mrna_XM_026439314.1_6075	8489	8290	0	0
lcl|NC_037640.1_mrna_XM_026439319.1_6076	8465	8266	0	0
lcl|NC_037640.1_mrna_XM_026439313.1_6077	8498	8299	0	0
lcl|NC_037640.1_mrna_XM_026439316.1_6078	8474	8275	0	0
lcl|NC_037640.1_mrna_XM_026439320.1_6079	8411	8212	0	0
lcl|NC_037640.1_mrna_XM_026439323.1_6080	8363	8164	0	0
lcl|NC_037640.1_mrna_XM_026439322.1_6081	8363	8164	0	0
lcl|NC_037640.1_miscrna_XR_003304221.1_6082	5964	5765	0	0
lcl|NC_037640.1_mrna_XM_026439334.1_6083	5810	5611	0	0
lcl|NC_037640.1_mrna_XM_026439324.1_6084	8317	8118	0	0
lcl|NC_037640.1_mrna_XM_026439325.1_6085	8179	7980	0	0
lcl|NC_037640.1_mrna_XM_026439317.1_6086	8473	8274	0	0
lcl|NC_037640.1_mrna_XM_026439321.1_6087	8383	8184	17.2076	0.11509
lcl|NC_037640.1_mrna_XM_026439335.1_6088	8440	8241	0	0
lcl|NC_037640.1_mrna_XM_026439326.1_6089	8178	7979	0	0
lcl|NC_037640.1_mrna_XM_026439329.1_6090	7986	7787	0	0
lcl|NC_037640.1_mrna_XM_026439331.1_6091	7953	7754	0	0
lcl|NC_037640.1_mrna_XM_026439327.1_6092	8121	7922	0	0
lcl|NC_037640.1_mrna_XM_026439328.1_6093	8088	7889	0	0
lcl|NC_037640.1_mrna_XM_026439333.1_6094	7929	7730	0	0
lcl|NC_037640.1_mrna_XM_026439332.1_6095	7537	7338	0	0
lcl|NC_037640.1_mrna_NM_001165904.1_6096	5715	5516	0	0
lcl|NC_037640.1_mrna_XM_016911048.2_6097	8014	7815	0	0
lcl|NC_037640.1_mrna_XM_016911043.2_6098	8154	7955	73.7866	0.507718
lcl|NC_037640.1_mrna_XM_016911038.2_6099	7978	7779	0	0
lcl|NC_037640.1_mrna_XM_016911049.2_6100	7448	7249	36.3656	0.274598
lcl|NC_037640.1_mrna_XM_006557974.3_6101	4970	4771	2050.01	23.5198
lcl|NC_037640.1_mrna_XM_006557969.3_6102	4000	3801	1584.32	22.8156
lcl|NC_037640.1_mrna_XM_026439834.1_6103	2400	2201	0	0
lcl|NC_037640.1_mrna_XM_026439836.1_6104	2358	2159	0	0
lcl|NC_037640.1_mrna_XM_026439835.1_6105	1573	1374	10.7763	0.429307
lcl|NC_037640.1_mrna_XM_006557975.3_6106	5868	5669	273.527	2.64106
lcl|NC_037640.1_mrna_XM_016911181.2_6107	5880	5681	0	0
lcl|NC_037640.1_mrna_XM_006557973.3_6108	5784	5585	188.735	1.84975
lcl|NC_037640.1_mrna_XM_016911182.2_6109	2722	2523	19.579	0.424774
lcl|NC_037640.1_mrna_XM_016911523.2_6110	1077	878	96	5.98497
lcl|NC_037640.1_mrna_XM_003249150.4_6111	1538	1339	301	12.3047
lcl|NC_037640.1_mrna_XM_026439500.1_6112	1626	1427	71	2.72345
lcl|NC_037640.1_mrna_XM_006557967.3_6113	1644	1445	9.57391e-06	3.62666e-07
lcl|NC_037640.1_ncrna_XR_003304270.1_6114	1409	1210	14	0.633327
lcl|NC_037640.1_mrna_XM_026439498.1_6115	3012	2813	6	0.116753
lcl|NC_037640.1_mrna_XM_026439499.1_6116	2095	1896	0	0
lcl|NC_037640.1_trna_6117	83	3.78007	0	0
lcl|NC_037640.1_ncrna_XR_003304271.1_6118	1755	1556	8	0.281427
lcl|NC_037640.1_ncrna_XR_119792.4_6119	500	301	4	0.727409
lcl|NC_037640.1_ncrna_XR_003304405.1_6120	3577	3378	29.2556	0.474061
lcl|NC_037640.1_ncrna_XR_003304404.1_6121	868	669	0	0
lcl|NC_037640.1_ncrna_XR_003304403.1_6122	2423	2224	17.4838	0.430315
lcl|NC_037640.1_ncrna_XR_003304402.1_6123	1396	1197	6.55452	0.299731
lcl|NC_037640.1_mrna_XM_006558445.3_6124	4876	4677	3.97668e-05	4.65413e-07
lcl|NC_037640.1_mrna_XM_394451.6_6125	4861	4662	29.9402	0.351534
lcl|NC_037640.1_mrna_XM_006558446.3_6126	4857	4658	0	0
lcl|NC_037640.1_mrna_XM_016911304.2_6127	4607	4408	71.551	0.888504
lcl|NC_037640.1_ncrna_XR_003304406.1_6128	224	29.2345	0	0
lcl|NC_037640.1_mrna_XM_016911306.2_6129	689	490	0	0
lcl|NC_037640.1_mrna_XM_016911307.2_6130	362	163	9	3.02232
lcl|NC_037640.1_mrna_XM_016911303.2_6131	7462	7263	3259.88	24.568
lcl|NC_037640.1_mrna_XM_016911305.2_6132	434	235	1.31116	0.305403
lcl|NC_037640.1_mrna_XM_623453.4_6133	1931	1732	735.689	23.2505
lcl|NC_037640.1_ncrna_XR_003304407.1_6134	514	315	3	0.52131
lcl|NC_037640.1_ncrna_XR_003304408.1_6135	2307	2108	0	0
lcl|NC_037640.1_ncrna_XR_003304410.1_6136	2223	2024	0	0
lcl|NC_037640.1_ncrna_XR_003304409.1_6137	2162	1963	2	0.0557693
lcl|NC_037640.1_ncrna_XR_001702458.2_6138	892	693	7	0.552904
lcl|NC_037640.1_ncrna_XR_001702453.2_6139	4063	3864	30	0.42498
lcl|NC_037640.1_ncrna_XR_003304412.1_6140	3390	3191	0	0
lcl|NC_037640.1_ncrna_XR_003304411.1_6141	3970	3771	3.77918e-05	5.48563e-07
lcl|NC_037640.1_ncrna_XR_003304413.1_6142	2195	1996	8	0.219389
lcl|NC_037640.1_ncrna_XR_003304358.1_6143	13742	13543	50.136	0.202638
lcl|NC_037640.1_ncrna_XR_003304357.1_6144	7259	7060	54.864	0.425371
lcl|NC_037640.1_mrna_XM_003249259.4_6145	3306	3107	16763.2	295.325
lcl|NC_037640.1_ncrna_XR_001702399.2_6146	1504	1305	310.833	13.0377
lcl|NC_037640.1_mrna_XM_006558443.3_6147	3114	2915	789.822	14.8312
lcl|NC_037640.1_mrna_XM_006558442.3_6148	3116	2917	630.178	11.8253
lcl|NC_037640.1_mrna_XM_006558441.3_6149	1198	999	3	0.164377
lcl|NC_037640.1_mrna_XM_026439677.1_6150	4980	4781	11	0.125939
lcl|NC_037640.1_precursorrna_NR_127362.1_6151	80	3.70659	0	0
lcl|NC_037640.1_ncrna_6152	21	2.72438	0	0
lcl|NC_037640.1_mrna_XM_016911250.2_6153	1596	1397	1268	49.683
lcl|NC_037640.1_mrna_XM_392295.6_6154	4844	4645	7748	91.3039
lcl|NC_037640.1_ncrna_XR_003304368.1_6155	1566	1367	7	0.280295
lcl|NC_037640.1_ncrna_XR_003304369.1_6156	908	709	2.30217	0.177736
lcl|NC_037640.1_ncrna_XR_407849.3_6157	1924	1725	1.69783	0.0538755
lcl|NC_037640.1_ncrna_XR_003304370.1_6158	1749	1550	7	0.247202
lcl|NC_037640.1_mrna_XM_001121598.5_6159	1146	947	8	0.462408
lcl|NC_037640.1_mrna_XM_026439831.1_6160	4084	3885	2099.64	29.5827
lcl|NC_037640.1_mrna_XM_026439830.1_6161	3202	3003	9486.56	172.917
lcl|NC_037640.1_ncrna_XR_001702612.2_6162	1499	1300	54	2.27371
lcl|NC_037640.1_ncrna_XR_001702611.2_6163	469	270	0	0
lcl|NC_037640.1_mrna_XM_026439828.1_6164	3326	3127	3.63257e-07	6.35875e-09
lcl|NC_037640.1_miscrna_XR_003304434.1_6165	2957	2758	201.024	3.98968
lcl|NC_037640.1_mrna_XM_026439829.1_6166	2612	2413	1150.02	26.0875
lcl|NC_037640.1_mrna_XM_026439833.1_6167	3381	3182	0	0
lcl|NC_037640.1_mrna_XM_026439832.1_6168	3540	3341	395.764	6.48403
lcl|NC_037640.1_ncrna_XR_001706305.2_6169	4265	4066	54	0.726962
lcl|NC_037640.1_ncrna_XR_001702597.2_6170	351	152	16	5.76185
lcl|NC_037640.1_mrna_XM_392296.7_6171	4025	3826	606	8.66988
lcl|NC_037640.1_mrna_XM_394446.7_6172	5192	4993	1087	11.9166
lcl|NC_037640.1_mrna_XM_016911332.2_6173	3089	2890	0	0
lcl|NC_037640.1_mrna_XM_016911335.2_6174	2412	2213	28.7108	0.710149
lcl|NC_037640.1_mrna_XM_016911333.2_6175	2933	2734	3533.28	70.74
lcl|NC_037640.1_mrna_XM_026439842.1_6176	2948	2749	77.9824	1.55277
lcl|NC_037640.1_mrna_XM_016911334.2_6177	2825	2626	195.227	4.06941
lcl|NC_037640.1_ncrna_XR_001702510.2_6178	3730	3531	4503.79	69.8177
lcl|NC_037640.1_ncrna_XR_407843.3_6179	571	372	40	5.88576
lcl|NC_037640.1_mrna_XM_006558426.3_6180	2479	2280	92.0977	2.21105
lcl|NC_037640.1_mrna_XM_395035.7_6181	2743	2544	2595.9	55.8543
lcl|NC_037640.1_mrna_XM_395034.7_6182	2301	2102	247.565	6.44676
lcl|NC_037640.1_mrna_XM_006558427.3_6183	2191	1992	1516.01	41.658
lcl|NC_037640.1_mrna_XM_006558428.3_6184	1953	1754	12.4227	0.387679
lcl|NC_037640.1_mrna_XM_006558424.3_6185	3375	3176	0.244166	0.00420814
lcl|NC_037640.1_mrna_XM_006558423.3_6186	3472	3273	873.862	14.6144
lcl|NC_037640.1_mrna_XM_003249256.4_6187	2061	1862	3098.89	91.0987
lcl|NC_037640.1_mrna_XM_396892.6_6188	4621	4422	363.131	4.495
lcl|NC_037640.1_mrna_XM_006558418.3_6189	941	742	942	69.4916
lcl|NC_037640.1_mrna_XM_395755.7_6190	927	728	518	38.9479
lcl|NC_037640.1_ncrna_XR_003304366.1_6191	860	661	17	1.40777
lcl|NC_037640.1_mrna_XM_003249255.4_6192	3097	2898	0	0
lcl|NC_037640.1_mrna_XM_006558419.3_6193	3064	2865	75.6399	1.44514
lcl|NC_037640.1_mrna_XM_006558450.3_6194	2435	2236	1014.36	24.8317
lcl|NC_037640.1_mrna_XM_001119982.5_6195	2172	1973	334	9.26626
lcl|NC_037640.1_mrna_NM_001160052.1_6196	2921	2722	14395	289.474
lcl|NC_037640.1_mrna_XM_397149.5_6197	1168	969	338.276	19.1088
lcl|NC_037640.1_mrna_XM_006558417.3_6198	1159	960	360.724	20.5679
lcl|NC_037640.1_ncrna_XR_407841.3_6199	646	447	94	11.5108
lcl|NC_037640.1_mrna_XM_026439849.1_6200	924	725	352.739	26.6318
lcl|NC_037640.1_mrna_XM_394877.7_6201	1015	816	0	0
lcl|NC_037640.1_mrna_XM_006558416.3_6202	800	601	0.261098	0.0237802
lcl|NC_037640.1_mrna_XM_006558413.3_6203	1381	1182	0.113227	0.00524344
lcl|NC_037640.1_mrna_XM_006558414.3_6204	1363	1164	730.187	34.3373
lcl|NC_037640.1_mrna_XM_624045.5_6205	1445	1246	1736.2	76.2723
lcl|NC_037640.1_mrna_XM_006558412.2_6206	1453	1254	599.5	26.1684
lcl|NC_037640.1_mrna_XM_003249254.4_6207	3481	3282	164	2.73521
lcl|NC_037640.1_mrna_XM_394878.6_6208	2177	1978	528.772	14.6328
lcl|NC_037640.1_mrna_XM_006558411.3_6209	1975	1776	524.228	16.1571
lcl|NC_037640.1_mrna_XM_016911114.2_6210	473	274	27.2738	5.44855
lcl|NC_037640.1_mrna_XM_001120009.5_6211	463	264	327.726	67.9505
lcl|NC_037640.1_mrna_XM_006558410.2_6212	999	800	318.453	21.7892
lcl|NC_037640.1_mrna_XM_393563.7_6213	1977	1778	598.547	18.4269
lcl|NC_037640.1_mrna_XM_006558405.3_6214	1985	1786	386.069	11.8323
lcl|NC_037640.1_mrna_XM_006558404.1_6215	1992	1793	2.77163	0.0846135
lcl|NC_037640.1_mrna_XM_006558406.2_6216	1911	1712	264.134	8.44513
lcl|NC_037640.1_mrna_XM_016911108.2_6217	4615	4416	330.22	4.09317
lcl|NC_037640.1_mrna_XM_006558408.3_6218	4537	4338	1145.73	14.457
lcl|NC_037640.1_mrna_XM_001120383.5_6219	4537	4338	1796.62	22.67
lcl|NC_037640.1_mrna_XM_016911107.2_6220	4654	4455	2.58684	0.031784
lcl|NC_037640.1_miscrna_XR_407839.3_6221	3670	3471	152.867	2.4107
lcl|NC_037640.1_mrna_XM_397251.7_6222	4109	3910	0	0
lcl|NC_037640.1_mrna_XM_006558397.3_6223	4097	3898	1694.83	23.7995
lcl|NC_037640.1_mrna_XM_006558396.3_6224	4106	3907	0	0
lcl|NC_037640.1_mrna_XM_006558401.3_6225	4046	3847	341.58	4.86021
lcl|NC_037640.1_mrna_XM_016911110.2_6226	4409	4210	133.48	1.73548
lcl|NC_037640.1_mrna_XM_006558400.3_6227	4078	3879	3589.73	50.6556
lcl|NC_037640.1_ncrna_XR_407834.3_6228	1456	1257	7	0.304823
lcl|NC_037640.1_ncrna_XR_407833.3_6229	1766	1567	0	0
lcl|NC_037640.1_mrna_XM_016911111.2_6230	3778	3579	0	0
lcl|NC_037640.1_mrna_XM_006558402.3_6231	3691	3492	20.3828	0.319503
lcl|NC_037640.1_mrna_XM_623850.6_6232	2150	1951	5900.85	165.555
lcl|NC_037640.1_mrna_XM_006558403.3_6233	1552	1353	10.1459	0.410469
lcl|NC_037640.1_ncrna_XR_001702324.2_6234	1373	1174	35.1677	1.63969
lcl|NC_037640.1_ncrna_XR_001702322.2_6235	1868	1669	43.8323	1.43755
lcl|NC_037640.1_ncrna_XR_003304448.1_6236	1378	1179	112	5.19983
lcl|NC_037640.1_mrna_XM_026439850.1_6237	4371	4172	111.057	1.4571
lcl|NC_037640.1_mrna_XM_026439851.1_6238	4220	4021	181.873	2.47582
lcl|NC_037640.1_mrna_XM_026439852.1_6239	3355	3156	80.07	1.38873
lcl|NC_037640.1_mrna_XM_026439853.1_6240	3056	2857	0	0
lcl|NC_037640.1_mrna_XM_623790.5_6241	3138	2939	664	12.3667
lcl|NC_037640.1_mrna_XM_395921.7_6242	4776	4577	581	6.94833
lcl|NC_037640.1_mrna_XM_026439800.1_6243	2239	2040	325.217	8.72627
lcl|NC_037640.1_mrna_XM_006558394.3_6244	2170	1971	355.783	9.8806
lcl|NC_037640.1_mrna_XM_016911163.2_6245	7372	7173	6734.45	51.391
lcl|NC_037640.1_mrna_XM_016911161.2_6246	7490	7291	2.40856e-06	1.80824e-08
lcl|NC_037640.1_mrna_XM_006558395.3_6247	7444	7245	11480.5	86.738
lcl|NC_037640.1_mrna_XM_016911162.2_6248	7450	7251	2.44986e-05	1.84939e-07
lcl|NC_037640.1_mrna_XM_006558373.3_6249	6055	5856	0.00294313	2.75102e-05
lcl|NC_037640.1_mrna_XM_006558371.3_6250	6233	6034	68.0128	0.616979
lcl|NC_037640.1_mrna_XM_006558377.3_6251	6031	5832	135.772	1.27432
lcl|NC_037640.1_mrna_XM_006558372.3_6252	5559	5360	43.6983	0.446257
lcl|NC_037640.1_mrna_XM_006558375.3_6253	5674	5475	0.0124648	0.00012462
lcl|NC_037640.1_mrna_XM_026439308.1_6254	5677	5478	6.2947e-07	6.28982e-09
lcl|NC_037640.1_mrna_XM_006558378.3_6255	5655	5456	378.319	3.7955
lcl|NC_037640.1_mrna_XM_006558376.3_6256	5658	5459	0.0199216	0.000199755
lcl|NC_037640.1_mrna_XM_006558374.3_6257	4832	4633	415.229	4.90581
lcl|NC_037640.1_mrna_XM_006558379.3_6258	5567	5368	122.977	1.254
lcl|NC_037640.1_mrna_NM_001011631.1_6259	1741	1542	0	0
lcl|NC_037640.1_ncrna_XR_003304391.1_6260	6817	6618	0	0
lcl|NC_037640.1_ncrna_XR_001702346.2_6261	6583	6384	0	0
lcl|NC_037640.1_ncrna_XR_001702350.2_6262	5938	5739	11.817	0.112709
lcl|NC_037640.1_ncrna_XR_001702348.2_6263	5590	5391	5.18297	0.0526253
lcl|NC_037640.1_mrna_XM_016911165.2_6264	1529	1330	110.047	4.52911
lcl|NC_037640.1_mrna_XM_001120196.5_6265	1106	907	224.953	13.5759
lcl|NC_037640.1_mrna_XM_026439732.1_6266	1162	963	0	0
lcl|NC_037640.1_precursorrna_NR_039521.1_6267	136	5.93769	0	0
lcl|NC_037640.1_ncrna_6268	22	2.73612	0	0
lcl|NC_037640.1_mrna_XM_001120820.5_6269	569	370	192	28.4043
lcl|NC_037640.1_mrna_XM_006558386.2_6270	870	671	626.166	51.0801
lcl|NC_037640.1_mrna_XM_026439501.1_6271	810	611	63.6115	5.69875
lcl|NC_037640.1_mrna_XM_006558385.2_6272	1572	1373	199.842	7.96712
lcl|NC_037640.1_mrna_XM_006558389.3_6273	2236	2037	25.1364	0.675455
lcl|NC_037640.1_mrna_XM_623612.6_6274	1168	969	42.2848	2.38861
lcl|NC_037640.1_mrna_XM_016911478.1_6275	785	586	442.158	41.3014
lcl|NC_037640.1_mrna_XM_006558388.3_6276	2141	1942	0	0
lcl|NC_037640.1_mrna_XM_394445.7_6277	2342	2143	800.802	20.4545
lcl|NC_037640.1_mrna_XM_016911439.1_6278	4109	3910	638.299	8.93578
lcl|NC_037640.1_mrna_XM_016911440.2_6279	1330	1131	117.026	5.66378
lcl|NC_037640.1_mrna_XM_623481.5_6280	1450	1251	114.675	5.01761
lcl|NC_037640.1_mrna_XM_003249252.4_6281	632	433	581	73.4469
lcl|NC_037640.1_mrna_XM_623439.5_6282	2371	2172	0	0
lcl|NC_037640.1_mrna_XM_006558384.3_6283	2396	2197	0	0
lcl|NC_037640.1_mrna_XM_006558383.3_6284	2418	2219	1.68601	0.04159
lcl|NC_037640.1_mrna_XM_006558381.3_6285	2509	2310	25.314	0.599838
lcl|NC_037640.1_mrna_XM_006558382.3_6286	2541	2342	7.29496e-07	1.70499e-08
lcl|NC_037640.1_ncrna_XR_003304367.1_6287	327	128	0	0
lcl|NC_037640.1_mrna_XM_026439743.1_6288	4824	4625	346.004	4.09501
lcl|NC_037640.1_mrna_XM_026439742.1_6289	4652	4453	46.6764	0.57376
lcl|NC_037640.1_mrna_XM_026439741.1_6290	4811	4612	0	0
lcl|NC_037640.1_mrna_XM_394443.7_6291	4563	4364	2.48396	0.0311562
lcl|NC_037640.1_mrna_XM_006559771.3_6292	3818	3619	63.4913	0.960309
lcl|NC_037640.1_mrna_XM_006559773.3_6293	3761	3562	108.509	1.66746
lcl|NC_037640.1_mrna_XM_006559764.3_6294	3448	3249	877.23	14.7791
lcl|NC_037640.1_mrna_XM_006559765.3_6295	3148	2949	410.77	7.62446
lcl|NC_037640.1_mrna_XM_624330.5_6296	1099	900	235	14.2926
lcl|NC_037640.1_mrna_XM_006559767.3_6297	1072	873	0	0
lcl|NC_037640.1_mrna_XM_006559763.3_6298	1331	1132	964.05	46.6163
lcl|NC_037640.1_mrna_XM_624302.5_6299	1118	919	2760.95	164.448
lcl|NC_037640.1_mrna_XM_001121282.5_6300	449	250	5652	1237.51
lcl|NC_037640.1_mrna_XM_006559762.3_6301	4126	3927	1310.35	18.2646
lcl|NC_037640.1_mrna_XM_006559760.3_6302	3609	3410	2882.15	46.2645
lcl|NC_037640.1_mrna_XM_397422.7_6303	4116	3917	705.491	9.85877
lcl|NC_037640.1_mrna_XM_006559759.3_6304	4252	4053	1092.01	14.7481
lcl|NC_037640.1_mrna_XM_016911517.2_6305	4516	4317	44.2715	0.561343
lcl|NC_037640.1_mrna_XM_016911518.2_6306	1853	1654	50.7285	1.67881
lcl|NC_037640.1_mrna_XM_006559753.3_6307	3711	3512	1199.85	18.7007
lcl|NC_037640.1_mrna_XM_016911308.2_6308	3591	3392	245.152	3.95608
lcl|NC_037640.1_ncrna_XR_001702487.2_6309	5030	4831	7.66068	0.0867992
lcl|NC_037640.1_ncrna_XR_001702491.2_6310	1301	1102	2	0.0993422
lcl|NC_037640.1_ncrna_XR_001702485.2_6311	4309	4110	182.949	2.43654
lcl|NC_037640.1_ncrna_XR_001702483.2_6312	4960	4761	68.5863	0.788541
lcl|NC_037640.1_ncrna_XR_001702486.2_6313	4952	4753	0	0
lcl|NC_037640.1_ncrna_XR_001702484.2_6314	4891	4692	219.494	2.56065
lcl|NC_037640.1_ncrna_XR_001702481.2_6315	4883	4684	3.36922e-06	3.9373e-08
lcl|NC_037640.1_ncrna_XR_001702482.2_6316	4852	4653	68.3097	0.80359
lcl|NC_037640.1_mrna_XM_001121415.5_6317	5219	5020	23	0.25079
lcl|NC_037640.1_ncrna_XR_003304414.1_6318	9413	9214	44.0044	0.261417
lcl|NC_037640.1_ncrna_XR_003304415.1_6319	9409	9210	0	0
lcl|NC_037640.1_ncrna_XR_001702490.2_6320	1308	1109	5.65969	0.279348
lcl|NC_037640.1_ncrna_XR_001702489.2_6321	1454	1255	7.34031	0.320152
lcl|NC_037640.1_ncrna_XR_001702471.2_6322	3677	3478	0	0
lcl|NC_037640.1_mrna_XM_016911058.2_6323	2454	2255	58	1.40788
lcl|NC_037640.1_mrna_XM_026439747.1_6324	3015	2816	22.0622	0.428846
lcl|NC_037640.1_mrna_XM_016911339.2_6325	721	522	12.5363	1.31457
lcl|NC_037640.1_mrna_XM_016911337.2_6326	773	574	230.281	21.96
lcl|NC_037640.1_mrna_XM_016911338.2_6327	936	737	0	0
lcl|NC_037640.1_miscrna_XR_001702512.2_6328	1082	883	55.9028	3.46544
lcl|NC_037640.1_mrna_XM_006559752.3_6329	3298	3099	0	0
lcl|NC_037640.1_mrna_XM_006559750.3_6330	3451	3252	204.061	3.43474
lcl|NC_037640.1_mrna_XM_026439837.1_6331	3762	3563	31.1748	0.478932
lcl|NC_037640.1_mrna_XM_392288.7_6332	1698	1499	1112.8	40.635
lcl|NC_037640.1_mrna_XM_016911336.2_6333	1868	1669	177.399	5.81809
lcl|NC_037640.1_ncrna_XR_003304446.1_6334	1327	1128	73.88	3.58511
lcl|NC_037640.1_ncrna_XR_001702513.2_6335	1352	1153	46.12	2.1895
lcl|NC_037640.1_ncrna_XR_001702517.2_6336	801	602	9	0.818335
lcl|NC_037640.1_ncrna_XR_001702514.2_6337	690	491	0	0
lcl|NC_037640.1_ncrna_XR_001702515.2_6338	813	614	0	0
lcl|NC_037640.1_ncrna_XR_001702519.2_6339	4294	4095	68.1511	0.91097
lcl|NC_037640.1_ncrna_XR_003304444.1_6340	3941	3742	110.694	1.61922
lcl|NC_037640.1_ncrna_XR_003304445.1_6341	3588	3389	0	0
lcl|NC_037640.1_ncrna_XR_119878.4_6342	4223	4024	139	1.89078
lcl|NC_037640.1_mrna_XM_006559747.3_6343	1982	1783	63.9641	1.96368
lcl|NC_037640.1_mrna_XM_006559746.3_6344	917	718	4.12121	0.314185
lcl|NC_037640.1_mrna_XM_003249498.4_6345	983	784	11.8788	0.829357
lcl|NC_037640.1_mrna_XM_026439541.1_6346	1759	1560	339.036	11.8961
lcl|NC_037640.1_mrna_XM_394440.7_6347	758	559	420	41.1266
lcl|NC_037640.1_ncrna_XR_408481.3_6348	4888	4689	0	0
lcl|NC_037640.1_mrna_XM_026439606.1_6349	6549	6350	0.782048	0.00674132
lcl|NC_037640.1_mrna_XM_006559731.3_6350	6533	6334	18.8784	0.163144
lcl|NC_037640.1_mrna_XM_016911213.2_6351	2015	1816	0	0
lcl|NC_037640.1_mrna_XM_026439617.1_6352	2212	2013	0.0990395	0.00269309
lcl|NC_037640.1_mrna_XM_026439616.1_6353	4764	4565	0	0
lcl|NC_037640.1_mrna_XM_026439613.1_6354	4768	4569	0	0
lcl|NC_037640.1_mrna_XM_026439619.1_6355	1878	1679	0	0
lcl|NC_037640.1_mrna_XM_026439612.1_6356	4896	4697	0	0
lcl|NC_037640.1_mrna_XM_016911212.2_6357	4900	4701	0	0
lcl|NC_037640.1_mrna_XM_026439614.1_6358	4656	4457	1.8185	0.0223335
lcl|NC_037640.1_mrna_XM_026439615.1_6359	4703	4504	3.23862e-06	3.93593e-08
lcl|NC_037640.1_mrna_XM_026439611.1_6360	4707	4508	1.0564e-06	1.28271e-08
lcl|NC_037640.1_mrna_XM_026439618.1_6361	2205	2006	8.03564	0.219268
lcl|NC_037640.1_mrna_XM_026439620.1_6362	2735	2536	9.42887	0.203515
lcl|NC_037640.1_mrna_XM_026439621.1_6363	1924	1725	3.91328	0.124176
lcl|NC_037640.1_mrna_XM_026439622.1_6364	2299	2100	3.81492	0.0994378
lcl|NC_037640.1_mrna_XM_026439623.1_6365	2286	2087	7.88974	0.206931
lcl|NC_037640.1_ncrna_XR_003304350.1_6366	733	534	2	0.20501
lcl|NC_037640.1_mrna_XM_026439625.1_6367	1505	1306	16.8516	0.706291
lcl|NC_037640.1_mrna_XM_026439626.1_6368	3551	3352	55	0.89814
lcl|NC_037640.1_mrna_XM_001121719.5_6369	1588	1389	48.313	1.90391
lcl|NC_037640.1_mrna_XM_006559742.3_6370	1358	1159	186.687	8.8169
lcl|NC_037640.1_mrna_XM_026439624.1_6371	1040	841	133.148	8.66613
lcl|NC_037640.1_mrna_XM_016911195.2_6372	2249	2050	179.523	4.79348
lcl|NC_037640.1_mrna_XM_006559728.3_6373	2176	1977	240.192	6.65023
lcl|NC_037640.1_mrna_XM_006559727.3_6374	2251	2052	415.198	11.0755
lcl|NC_037640.1_mrna_XM_395916.7_6375	2178	1979	569.857	15.7618
lcl|NC_037640.1_mrna_XM_026439610.1_6376	1917	1718	35.2304	1.12248
lcl|NC_037640.1_mrna_XM_006559726.3_6377	3041	2842	1518	29.237
lcl|NC_037640.1_mrna_XM_006559725.3_6378	1177	978	0	0
lcl|NC_037640.1_mrna_XM_624975.6_6379	1151	952	396	22.769
lcl|NC_037640.1_mrna_XM_026439607.1_6380	3917	3718	2.80095e-06	4.12364e-08
lcl|NC_037640.1_mrna_XM_026439608.1_6381	3914	3715	130.16	1.9178
lcl|NC_037640.1_mrna_XM_026439609.1_6382	3914	3715	3.02223e-06	4.45301e-08
lcl|NC_037640.1_mrna_XM_016911194.2_6383	3848	3649	211.576	3.17379
lcl|NC_037640.1_mrna_XM_396821.6_6384	3850	3651	272.264	4.08192
lcl|NC_037640.1_mrna_XM_396942.7_6385	2764	2565	450.887	9.62201
lcl|NC_037640.1_mrna_XM_016911196.2_6386	2186	1987	1271.11	35.0164
lcl|NC_037640.1_mrna_XM_006559721.3_6387	1491	1292	42	1.77939
lcl|NC_037640.1_mrna_XM_397385.6_6388	1534	1335	0	0
lcl|NC_037640.1_mrna_XM_006559720.3_6389	1544	1345	0	0
lcl|NC_037640.1_mrna_XM_026439515.1_6390	3212	3013	1832.16	33.2852
lcl|NC_037640.1_mrna_XM_026439514.1_6391	3185	2986	648.835	11.8941
lcl|NC_037640.1_mrna_XM_026439513.1_6392	2937	2738	0	0
lcl|NC_037640.1_mrna_XM_397465.7_6393	6544	6345	1545	13.3285
lcl|NC_037640.1_mrna_XM_026439364.1_6394	3007	2808	0	0
lcl|NC_037640.1_mrna_XM_026439365.1_6395	2916	2717	5.3639	0.108063
lcl|NC_037640.1_mrna_XM_006559715.3_6396	2565	2366	45.6361	1.05579
lcl|NC_037640.1_trna_6397	73	3.5471	0	0
lcl|NC_037640.1_trna_6398	73	3.5471	0	0
lcl|NC_037640.1_mrna_XM_001121988.4_6399	864	665	122.941	10.1195
lcl|NC_037640.1_mrna_XM_006559713.3_6400	849	650	1.05906	0.0891854
lcl|NC_037640.1_mrna_XM_394885.7_6401	911	712	1318	101.326
lcl|NC_037640.1_mrna_XM_394886.6_6402	2643	2444	8505	190.484
lcl|NC_037640.1_ncrna_XR_003304268.1_6403	1060	861	395	25.1119
lcl|NC_037640.1_mrna_XM_392655.7_6404	970	771	3107	220.583
lcl|NC_037640.1_miscrna_XR_003304246.1_6405	1005	806	16.6723	1.13226
lcl|NC_037640.1_mrna_XM_001121891.4_6406	818	619	291.328	25.7618
lcl|NC_037640.1_mrna_XM_392656.7_6407	2881	2682	352	7.18405
lcl|NC_037640.1_mrna_XM_006559677.3_6408	3214	3015	45.8836	0.83302
lcl|NC_037640.1_mrna_XM_026439306.1_6409	2911	2712	1.86326	0.037607
lcl|NC_037640.1_mrna_NM_001011573.1_6410	3144	2945	10.7205	0.199258
lcl|NC_037640.1_mrna_XM_026439307.1_6411	2253	2054	37.5326	1.00022
lcl|NC_037640.1_mrna_XM_392658.7_6412	652	453	717	86.6376
lcl|NC_037640.1_mrna_XM_006559712.3_6413	1801	1602	79	2.69929
lcl|NC_037640.1_mrna_XM_003249509.4_6414	1217	1018	800	43.0158
lcl|NC_037640.1_mrna_XM_395802.7_6415	1596	1397	362	14.184
lcl|NC_037640.1_mrna_XM_026439883.1_6416	1255	1056	30.2465	1.56782
lcl|NC_037640.1_mrna_XM_026439882.1_6417	1304	1105	1010.18	50.0406
lcl|NC_037640.1_mrna_XM_026439881.1_6418	1385	1186	0	0
lcl|NC_037640.1_mrna_XM_026439884.1_6419	1135	936	0.572698	0.0334915
lcl|NC_037640.1_mrna_XM_016911326.2_6420	1948	1749	47.7721	1.4951
lcl|NC_037640.1_mrna_XM_006559709.3_6421	2178	1979	74.2279	2.05308
lcl|NC_037640.1_mrna_XM_026439879.1_6422	1787	1588	16.902	0.582603
lcl|NC_037640.1_mrna_XM_016911428.2_6423	1739	1540	268.098	9.52924
lcl|NC_037640.1_mrna_XM_026439352.1_6424	2857	2658	324.833	6.68945
lcl|NC_037640.1_mrna_XM_026439351.1_6425	2446	2247	37.5524	0.914787
lcl|NC_037640.1_mrna_NM_001040267.1_6426	1895	1696	201.257	6.49548
lcl|NC_037640.1_ncrna_XR_408470.3_6427	6774	6575	34	0.283053
lcl|NC_037640.1_mrna_XM_625250.4_6428	804	605	72	6.51422
lcl|NC_037640.1_mrna_XM_006559708.3_6429	727	528	824	85.4237
lcl|NC_037640.1_mrna_XM_395623.7_6430	862	663	387	31.9509
lcl|NC_037640.1_mrna_XM_006559701.3_6431	2843	2644	671	13.8914
lcl|NC_037640.1_mrna_XM_016911456.2_6432	1894	1695	794	25.6411
lcl|NC_037640.1_mrna_XM_006559706.3_6433	1728	1529	713.533	25.5442
lcl|NC_037640.1_mrna_XM_006559705.3_6434	1739	1540	0	0
lcl|NC_037640.1_mrna_XM_624977.6_6435	1608	1409	140.467	5.45692
lcl|NC_037640.1_mrna_XM_006559694.3_6436	2406	2207	1018	25.2482
lcl|NC_037640.1_mrna_XM_006559699.3_6437	1322	1123	106.491	5.19063
lcl|NC_037640.1_mrna_XM_016911492.2_6438	954	755	140.641	10.1965
lcl|NC_037640.1_mrna_XM_016911493.2_6439	1187	988	141.092	7.81684
lcl|NC_037640.1_mrna_XM_016911494.2_6440	935	736	494.775	36.7972
lcl|NC_037640.1_mrna_XM_006559700.3_6441	1191	992	0	0
lcl|NC_037640.1_mrna_XM_026439675.1_6442	2715	2516	150	3.26337
lcl|NC_037640.1_mrna_XM_026439638.1_6443	423	224	12	2.93237
lcl|NC_037640.1_mrna_XM_006559685.3_6444	2944	2745	1.58772e-08	3.16604e-10
lcl|NC_037640.1_mrna_XM_006559686.3_6445	2944	2745	1.58772e-08	3.16604e-10
lcl|NC_037640.1_mrna_XM_006559683.3_6446	2961	2762	167.467	3.31888
lcl|NC_037640.1_mrna_XM_006559684.3_6447	2964	2765	42.5545	0.842434
lcl|NC_037640.1_mrna_XM_006559692.3_6448	2551	2352	237.315	5.52297
lcl|NC_037640.1_mrna_XM_006559689.3_6449	2782	2583	38.9597	0.825612
lcl|NC_037640.1_mrna_XM_016911510.2_6450	2911	2712	906.704	18.3004
lcl|NC_037640.1_mrna_XM_006559688.3_6451	2824	2625	0	0
lcl|NC_037640.1_mrna_XM_006559690.3_6452	2722	2523	0	0
lcl|NC_037640.1_mrna_XM_016911508.2_6453	2953	2754	0	0
lcl|NC_037640.1_mrna_XM_624939.6_6454	1545	1346	512.889	20.8576
lcl|NC_037640.1_mrna_XM_006559682.3_6455	1480	1281	1.11059	0.0474557
lcl|NC_037640.1_mrna_XM_624927.6_6456	943	744	1394	102.559
lcl|NC_037640.1_mrna_XM_001122586.5_6457	1938	1739	801	25.2126
lcl|NC_037640.1_mrna_XM_016911373.2_6458	1102	903	0	0
lcl|NC_037640.1_mrna_XM_016911374.2_6459	985	786	6.84786	0.476889
lcl|NC_037640.1_mrna_XM_001122573.5_6460	1078	879	21.1521	1.3172
lcl|NC_037640.1_mrna_XM_003249510.4_6461	1942	1743	167.822	5.27031
lcl|NC_037640.1_mrna_XM_003249512.4_6462	2059	1860	494.488	14.5522
lcl|NC_037640.1_mrna_XM_395979.6_6463	1977	1778	292.816	9.01463
lcl|NC_037640.1_mrna_XM_016911372.2_6464	1925	1726	43.8746	1.39142
lcl|NC_037640.1_mrna_XM_624862.6_6465	1861	1662	78.6243	2.58947
lcl|NC_037640.1_mrna_XM_016911369.2_6466	1737	1538	34.0959	1.21348
lcl|NC_037640.1_mrna_XM_016911370.2_6467	1606	1407	144.28	5.61302
lcl|NC_037640.1_mrna_XM_395877.5_6468	774	575	1616	153.836
lcl|NC_037640.1_mrna_XM_016911368.2_6469	3932	3733	5590.04	81.9676
lcl|NC_037640.1_mrna_XM_026439466.1_6470	3584	3385	4151.17	67.127
lcl|NC_037640.1_mrna_XM_026439467.1_6471	2609	2410	0	0
lcl|NC_037640.1_mrna_XM_026439468.1_6472	2700	2501	1850.83	40.5078
lcl|NC_037640.1_mrna_XM_026439457.1_6473	5679	5480	0.00160384	1.60201e-05
lcl|NC_037640.1_mrna_XM_026439460.1_6474	5615	5416	0.00474945	4.80009e-05
lcl|NC_037640.1_mrna_XM_026439461.1_6475	5604	5405	192.084	1.94528
lcl|NC_037640.1_mrna_XM_026439463.1_6476	5432	5233	0.0349053	0.000365112
lcl|NC_037640.1_mrna_XM_026439458.1_6477	5656	5457	0.323844	0.00324839
lcl|NC_037640.1_mrna_XM_026439456.1_6478	5616	5417	131.247	1.32622
lcl|NC_037640.1_mrna_XM_006560492.3_6479	5528	5329	136.438	1.40144
lcl|NC_037640.1_mrna_XM_026439459.1_6480	5434	5235	0.000250943	2.62388e-06
lcl|NC_037640.1_mrna_XM_026439462.1_6481	5423	5224	0.00356807	3.73866e-05
lcl|NC_037640.1_mrna_XM_026439464.1_6482	4660	4461	1042.86	12.7962
lcl|NC_037640.1_mrna_XM_006560495.3_6483	2356	2157	187.044	4.74656
lcl|NC_037640.1_mrna_XM_026439465.1_6484	5591	5392	447.392	4.54175
lcl|NC_037640.1_mrna_XM_006560498.3_6485	5257	5058	161.454	1.74725
lcl|NC_037640.1_mrna_XM_006560497.3_6486	5327	5128	640.561	6.83751
lcl|NC_037640.1_mrna_XM_006560499.3_6487	5569	5370	475.301	4.84485
lcl|NC_037640.1_ncrna_XR_001702522.2_6488	1801	1602	68.248	2.33192
lcl|NC_037640.1_mrna_XM_006560485.3_6489	1001	802	74.1145	5.05841
lcl|NC_037640.1_mrna_XM_006560484.3_6490	1037	838	107.863	7.04552
lcl|NC_037640.1_mrna_XM_393581.7_6491	1033	834	343.023	22.5134
lcl|NC_037640.1_mrna_XM_624454.6_6492	865	666	365.247	30.0191
lcl|NC_037640.1_mrna_XM_006560483.3_6493	2590	2391	382.753	8.76243
lcl|NC_037640.1_mrna_XM_026439678.1_6494	767	568	586	56.4722
lcl|NC_037640.1_mrna_XM_006560482.3_6495	567	368	38	5.65225
lcl|NC_037640.1_mrna_XM_026439527.1_6496	1227	1028	132.385	7.04905
lcl|NC_037640.1_mrna_XM_026439526.1_6497	1315	1116	19.5618	0.959467
lcl|NC_037640.1_mrna_XM_026439528.1_6498	1112	913	0	0
lcl|NC_037640.1_mrna_XM_006560476.3_6499	1316	1117	46.4023	2.2739
lcl|NC_037640.1_mrna_XM_026439525.1_6500	1130	931	273.651	16.0891
lcl|NC_037640.1_mrna_XM_396302.7_6501	2674	2475	492	10.8812
lcl|NC_037640.1_mrna_XM_016911314.2_6502	2523	2324	0	0
lcl|NC_037640.1_mrna_XM_624570.5_6503	3600	3401	6292.41	101.274
lcl|NC_037640.1_ncrna_XR_003304450.1_6504	4522	4323	99	1.25353
lcl|NC_037640.1_ncrna_XR_001702502.2_6505	1536	1337	11	0.450346
lcl|NC_037640.1_ncrna_XR_001702501.2_6506	4419	4220	1.17939e-08	1.52979e-10
lcl|NC_037640.1_mrna_XM_006560479.3_6507	2874	2675	1.76789	0.0361757
lcl|NC_037640.1_mrna_XM_026439863.1_6508	2869	2670	18.744	0.38427
lcl|NC_037640.1_ncrna_XR_001702498.2_6509	1395	1196	16.64	0.761566
lcl|NC_037640.1_ncrna_XR_003304449.1_6510	820	621	7.61391	0.671122
lcl|NC_037640.1_mrna_XM_006560478.3_6511	2141	1942	0.298288	0.0084076
lcl|NC_037640.1_mrna_XM_026439864.1_6512	1967	1768	20.2166	0.62591
lcl|NC_037640.1_mrna_XM_393138.7_6513	2136	1937	7.71929	0.218139
lcl|NC_037640.1_ncrna_XR_001702500.2_6514	694	495	9	0.995228
lcl|NC_037640.1_mrna_XM_006560475.3_6515	2867	2668	77.938	1.599
lcl|NC_037640.1_mrna_XM_001120677.5_6516	2956	2757	98.4923	1.95547
lcl|NC_037640.1_mrna_XM_016911520.2_6517	1469	1270	34.1304	1.47104
lcl|NC_037640.1_ncrna_XR_003304371.1_6518	606	407	7.43931	1.00051
lcl|NC_037640.1_mrna_XM_001120712.5_6519	2930	2731	655	13.1282
lcl|NC_037640.1_mrna_XM_016911425.2_6520	1902	1703	538.157	17.2974
lcl|NC_037640.1_ncrna_XR_001702542.2_6521	817	618	288.843	25.5834
lcl|NC_037640.1_mrna_XM_396298.7_6522	2516	2317	586	13.8438
lcl|NC_037640.1_precursorrna_NR_127317.1_6523	74	3.56892	0	0
lcl|NC_037640.1_ncrna_6524	22	2.73612	0	0
lcl|NC_037640.1_mrna_XM_026439667.1_6525	6214	6015	562.179	5.11593
lcl|NC_037640.1_mrna_XM_006560471.3_6526	7002	6803	0	0
lcl|NC_037640.1_miscrna_XR_408737.3_6527	6225	6026	0	0
lcl|NC_037640.1_mrna_XM_026439668.1_6528	7765	7566	1335.21	9.65981
lcl|NC_037640.1_mrna_XM_016911247.2_6529	5428	5229	5.61047	0.0587308
lcl|NC_037640.1_ncrna_XR_003304363.1_6530	3197	2998	0	0
lcl|NC_037640.1_ncrna_XR_003304359.1_6531	3291	3092	0	0
lcl|NC_037640.1_ncrna_XR_003304360.1_6532	3202	3003	71.5	1.30327
lcl|NC_037640.1_ncrna_XR_003304364.1_6533	3200	3001	0	0
lcl|NC_037640.1_ncrna_XR_003304361.1_6534	3034	2835	69.5	1.34189
lcl|NC_037640.1_ncrna_XR_003304362.1_6535	2840	2641	0	0
lcl|NC_037640.1_ncrna_XR_003304365.1_6536	2300	2101	116	3.02216
lcl|NC_037640.1_mrna_XM_026439639.1_6537	3852	3653	329	4.92983
lcl|NC_037640.1_mrna_XM_393137.7_6538	1922	1723	2203	69.9865
lcl|NC_037640.1_mrna_XM_006560464.3_6539	2984	2785	303.912	5.97321
lcl|NC_037640.1_mrna_XM_026439666.1_6540	6518	6319	88.7837	0.769078
lcl|NC_037640.1_mrna_XM_396295.7_6541	3932	3733	832.74	12.2106
lcl|NC_037640.1_ncrna_XR_001702396.2_6542	558	359	4	0.609889
lcl|NC_037640.1_mrna_XM_016911246.2_6543	5891	5692	284.216	2.73319
lcl|NC_037640.1_mrna_XM_392863.7_6544	2559	2360	1026.16	23.8006
lcl|NC_037640.1_miscrna_XR_003304222.1_6545	2313	2114	73.8403	1.91194
lcl|NC_037640.1_mrna_XM_006560459.3_6546	4407	4208	871.314	11.334
lcl|NC_037640.1_mrna_XM_016911421.2_6547	4573	4374	0	0
lcl|NC_037640.1_mrna_XM_006560461.3_6548	4335	4136	42.6237	0.5641
lcl|NC_037640.1_mrna_XM_392862.7_6549	4192	3993	91.0627	1.24832
lcl|NC_037640.1_ncrna_XR_408734.3_6550	923	724	3	0.226813
lcl|NC_037640.1_mrna_XM_006560457.3_6551	1923	1724	178.527	5.66829
lcl|NC_037640.1_mrna_XM_026439361.1_6552	1698	1499	480.564	17.5483
lcl|NC_037640.1_mrna_XM_003249646.3_6553	1904	1705	38.9086	1.24913
lcl|NC_037640.1_mrna_XM_394893.6_6554	1737	1538	26	0.925342
lcl|NC_037640.1_ncrna_XR_003304278.1_6555	856	657	1	0.0833144
lcl|NC_037640.1_mrna_XM_026439657.1_6556	2647	2448	299	6.68567
lcl|NC_037640.1_mrna_XM_016911442.2_6557	3091	2892	506.227	9.58148
lcl|NC_037640.1_mrna_XM_623909.5_6558	2171	1972	1039.77	28.8614
lcl|NC_037640.1_mrna_XM_003249645.4_6559	2144	1945	613	17.2515
lcl|NC_037640.1_mrna_XM_393029.7_6560	1486	1287	2083	88.5923
lcl|NC_037640.1_mrna_XM_016911432.2_6561	1408	1209	0	0
lcl|NC_037640.1_mrna_XM_623998.4_6562	601	402	653	88.9145
lcl|NC_037640.1_mrna_XM_026439796.1_6563	5259	5060	70.8522	0.766458
lcl|NC_037640.1_mrna_XM_006560453.3_6564	5541	5342	768.426	7.87378
lcl|NC_037640.1_mrna_XM_026439793.1_6565	5607	5408	294.49	2.98071
lcl|NC_037640.1_mrna_XM_006560449.3_6566	5676	5477	258.958	2.58805
lcl|NC_037640.1_mrna_XM_026439789.1_6567	6053	5854	0.801039	0.00749008
lcl|NC_037640.1_mrna_XM_026439797.1_6568	5596	5397	0	0
lcl|NC_037640.1_mrna_XM_026439794.1_6569	5665	5466	0.17655	0.00176801
lcl|NC_037640.1_mrna_XM_026439791.1_6570	5986	5787	0.00791651	7.48799e-05
lcl|NC_037640.1_mrna_XM_026439790.1_6571	5989	5790	1.2425	0.0117463
lcl|NC_037640.1_mrna_XM_026439787.1_6572	6055	5856	0.520518	0.00486542
lcl|NC_037640.1_mrna_XM_026439795.1_6573	5712	5513	61.2083	0.607726
lcl|NC_037640.1_mrna_XM_026439788.1_6574	6102	5903	120.317	1.11568
lcl|NC_037640.1_mrna_XM_006560440.3_6575	1922	1723	30.3427	0.96395
lcl|NC_037640.1_mrna_XM_006560439.3_6576	1944	1745	836.657	26.2444
lcl|NC_037640.1_mrna_XM_026439806.1_6577	5656	5457	4919	49.341
lcl|NC_037640.1_mrna_XM_026439809.1_6578	6129	5930	0	0
lcl|NC_037640.1_mrna_XM_026439808.1_6579	6527	6328	0	0
lcl|NC_037640.1_mrna_XM_026439807.1_6580	5616	5417	8	0.0808382
lcl|NC_037640.1_ncrna_XR_408951.3_6581	2415	2216	1	0.0247011
lcl|NC_037640.1_ncrna_XR_001702585.2_6582	5637	5438	0	0
lcl|NC_037640.1_ncrna_XR_001702587.2_6583	5571	5372	0	0
lcl|NC_037640.1_ncrna_XR_003304425.1_6584	5555	5356	0	0
lcl|NC_037640.1_ncrna_XR_003304427.1_6585	5395	5196	73.9898	0.77945
lcl|NC_037640.1_ncrna_XR_001702588.2_6586	5548	5349	0	0
lcl|NC_037640.1_ncrna_XR_003304426.1_6587	5284	5085	0.0101611	0.000109379
lcl|NC_037640.1_miscrna_XR_003304379.1_6588	2224	2025	213.397	5.7683
lcl|NC_037640.1_mrna_XM_016911230.2_6589	3732	3533	0	0
lcl|NC_037640.1_mrna_XM_016911235.2_6590	2390	2191	56.7151	1.41691
lcl|NC_037640.1_mrna_XM_016911236.2_6591	2350	2151	0	0
lcl|NC_037640.1_mrna_XM_016911234.2_6592	2137	1938	138.478	3.91122
lcl|NC_037640.1_mrna_XM_026439679.1_6593	982	783	0	0
lcl|NC_037640.1_miscrna_XR_003304378.1_6594	1340	1141	228	10.9379
lcl|NC_037640.1_ncrna_XR_003304380.1_6595	2062	1863	267.021	7.84545
lcl|NC_037640.1_mrna_XM_016911232.2_6596	9578	9379	0.108281	0.000631949
lcl|NC_037640.1_mrna_XM_394432.7_6597	9671	9472	1874.4	10.832
lcl|NC_037640.1_miscrna_XR_003304377.1_6598	3190	2991	26.7269	0.489122
lcl|NC_037640.1_mrna_XM_016911231.2_6599	3164	2965	8.93987	0.165041
lcl|NC_037640.1_ncrna_XR_001702378.2_6600	1060	861	21	1.33506
lcl|NC_037640.1_mrna_XM_006560960.2_6601	5613	5414	985.872	9.96753
lcl|NC_037640.1_mrna_XM_006560958.2_6602	5628	5429	76.0225	0.766492
lcl|NC_037640.1_mrna_XM_006560959.1_6603	5621	5422	1010.11	10.1975
lcl|NC_037640.1_mrna_XM_392284.7_6604	1632	1433	822	31.3986
lcl|NC_037640.1_mrna_XM_003249719.3_6605	924	725	774.446	58.4707
lcl|NC_037640.1_mrna_XM_392285.7_6606	897	698	2784.55	218.366
lcl|NC_037640.1_mrna_XM_006560957.3_6607	2381	2182	44	1.10378
lcl|NC_037640.1_mrna_XM_016911410.2_6608	3008	2809	0	0
lcl|NC_037640.1_mrna_XM_006560955.3_6609	3022	2823	0	0
lcl|NC_037640.1_mrna_XM_394433.7_6610	3083	2884	39.0783	0.741695
lcl|NC_037640.1_mrna_XM_006560956.3_6611	2732	2533	137.66	2.97479
lcl|NC_037640.1_ncrna_XR_003304230.1_6612	6260	6061	54.7373	0.494339
lcl|NC_037640.1_ncrna_XR_003304240.1_6613	4514	4315	28.0593	0.355944
lcl|NC_037640.1_ncrna_XR_003304232.1_6614	5575	5376	0	0
lcl|NC_037640.1_ncrna_XR_003304236.1_6615	6003	5804	0	0
lcl|NC_037640.1_ncrna_XR_001702529.2_6616	4192	3993	67.9516	0.931506
lcl|NC_037640.1_ncrna_XR_001702526.2_6617	4386	4187	27.0363	0.353452
lcl|NC_037640.1_ncrna_XR_003304237.1_6618	5848	5649	0	0
lcl|NC_037640.1_ncrna_XR_001702533.2_6619	5787	5588	0	0
lcl|NC_037640.1_ncrna_XR_003304231.1_6620	5861	5662	18.9504	0.183204
lcl|NC_037640.1_ncrna_XR_003304233.1_6621	6135	5936	6.46906	0.059653
lcl|NC_037640.1_ncrna_XR_003304234.1_6622	5726	5527	8.3014	0.0822143
lcl|NC_037640.1_ncrna_XR_003304239.1_6623	5749	5550	0	0
lcl|NC_037640.1_ncrna_XR_003304238.1_6624	5785	5586	0	0
lcl|NC_037640.1_ncrna_XR_003304235.1_6625	5438	5239	39.7568	0.415383
lcl|NC_037640.1_mrna_XM_016911411.2_6626	1125	926	387	22.8763
lcl|NC_037640.1_mrna_XM_006560953.3_6627	3007	2808	35.5419	0.692834
lcl|NC_037640.1_mrna_XM_006560952.3_6628	3022	2823	0.0427324	0.000828575
lcl|NC_037640.1_mrna_XM_006560951.3_6629	3034	2835	946.415	18.2732
lcl|NC_037640.1_mrna_XM_394434.7_6630	4510	4311	8076	102.542
lcl|NC_037640.1_mrna_XM_394435.7_6631	3418	3219	0	0
lcl|NC_037640.1_mrna_XM_006560946.3_6632	3382	3183	49	0.842645
lcl|NC_037640.1_mrna_XM_016911175.2_6633	2645	2446	0	0
lcl|NC_037640.1_ncrna_XR_003304264.1_6634	823	624	1	0.0877204
lcl|NC_037640.1_mrna_XM_026439442.1_6635	4025	3826	103.054	1.47437
lcl|NC_037640.1_ncrna_XR_001702365.2_6636	2457	2258	160.477	3.89023
lcl|NC_037640.1_ncrna_XR_001702367.2_6637	2744	2545	51.0787	1.09859
lcl|NC_037640.1_ncrna_XR_408925.3_6638	2137	1938	0	0
lcl|NC_037640.1_ncrna_XR_003304263.1_6639	2163	1964	8.69549	0.242347
lcl|NC_037640.1_ncrna_XR_003304262.1_6640	2167	1968	0	0
lcl|NC_037640.1_ncrna_XR_001702366.2_6641	2269	2070	0	0
lcl|NC_037640.1_ncrna_XR_001702368.2_6642	2167	1968	24.2646	0.674889
lcl|NC_037640.1_ncrna_XR_001702364.2_6643	2273	2074	0	0
lcl|NC_037640.1_mrna_XM_026439440.1_6644	3798	3599	1343.03	20.4263
lcl|NC_037640.1_mrna_XM_026439441.1_6645	3832	3633	40390.4	608.552
lcl|NC_037640.1_mrna_XM_026439444.1_6646	537	338	194	31.4174
lcl|NC_037640.1_mrna_XM_026439443.1_6647	825	626	826	72.2256
lcl|NC_037640.1_mrna_XM_006560942.3_6648	4269	4070	86.7564	1.16679
lcl|NC_037640.1_mrna_XM_026439448.1_6649	3554	3355	19.9411	0.325343
lcl|NC_037640.1_mrna_XM_006560945.3_6650	3466	3267	0	0
lcl|NC_037640.1_mrna_XM_001121745.5_6651	3751	3552	0	0
lcl|NC_037640.1_mrna_XM_026439449.1_6652	3312	3113	49.3619	0.867957
lcl|NC_037640.1_mrna_XM_006560944.3_6653	3321	3122	541.028	9.48577
lcl|NC_037640.1_mrna_XM_026439446.1_6654	3759	3560	1479.91	22.7547
lcl|NC_037640.1_mrna_XM_396758.7_6655	1248	1049	352	18.3676
lcl|NC_037640.1_mrna_XM_016911173.2_6656	4010	3811	16.8484	0.241995
lcl|NC_037640.1_mrna_XM_006560928.3_6657	4146	3947	501.662	6.95712
lcl|NC_037640.1_mrna_XM_006560925.3_6658	4151	3952	695.638	9.635
lcl|NC_037640.1_mrna_XM_016911174.2_6659	3798	3599	22.851	0.347543
lcl|NC_037640.1_mrna_XM_006560933.3_6660	5750	5551	2990.52	29.489
lcl|NC_037640.1_mrna_XM_026439640.1_6661	1294	1095	12	0.599863
lcl|NC_037640.1_mrna_XM_016911167.2_6662	5731	5532	231.049	2.28617
lcl|NC_037640.1_miscrna_XR_408921.3_6663	6715	6516	2746.06	23.0682
lcl|NC_037640.1_miscrna_XR_001702357.2_6664	6481	6282	6.53865e-07	5.69738e-09
lcl|NC_037640.1_miscrna_XR_408920.3_6665	6365	6166	249.46	2.21454
lcl|NC_037640.1_mrna_XM_016911166.2_6666	6153	5954	0	0
lcl|NC_037640.1_mrna_XM_006560935.3_6667	6099	5900	0	0
lcl|NC_037640.1_mrna_XM_006560936.3_6668	6096	5897	0	0
lcl|NC_037640.1_mrna_XM_006560937.3_6669	6069	5870	0	0
lcl|NC_037640.1_mrna_XM_016911168.2_6670	6146	5947	32.809	0.301982
lcl|NC_037640.1_mrna_XM_006560934.3_6671	4421	4222	56.418	0.731451
lcl|NC_037640.1_mrna_XM_016911170.1_6672	4317	4118	6.25223	0.0831063
lcl|NC_037640.1_mrna_XM_006560938.3_6673	6065	5866	111.143	1.03711
lcl|NC_037640.1_mrna_XM_016911169.2_6674	5627	5428	639.288	6.44677
lcl|NC_037640.1_mrna_XM_001121809.5_6675	847	648	252	21.2868
lcl|NC_037640.1_mrna_XM_006560923.3_6676	4051	3852	3599.28	51.1464
lcl|NC_037640.1_mrna_XM_394429.7_6677	4156	3957	9053.46	125.237
lcl|NC_037640.1_mrna_XM_006560924.3_6678	3865	3666	893.876	13.3466
lcl|NC_037640.1_mrna_XM_016911443.2_6679	3826	3627	8788.38	132.632
lcl|NC_037640.1_mrna_XM_026439542.1_6680	1235	1036	11.1463	0.588921
lcl|NC_037640.1_mrna_XM_394428.5_6681	1158	959	360.854	20.5967
lcl|NC_037640.1_mrna_XM_006560922.3_6682	1194	995	566	31.1371
lcl|NC_037640.1_mrna_XM_026439344.1_6683	10404	10205	0.001093	5.86264e-06
lcl|NC_037640.1_mrna_XM_026439340.1_6684	10764	10565	1.14201e-08	5.91677e-11
lcl|NC_037640.1_mrna_XM_026439345.1_6685	10361	10162	47.4853	0.255779
lcl|NC_037640.1_mrna_XM_026439346.1_6686	9510	9311	96.8206	0.569189
lcl|NC_037640.1_mrna_XM_026439347.1_6687	7590	7391	0	0
lcl|NC_037640.1_mrna_XM_026439341.1_6688	9869	9670	78.5636	0.444714
lcl|NC_037640.1_mrna_XM_026439348.1_6689	9466	9267	129.498	0.764908
lcl|NC_037640.1_mrna_NM_001242574.1_6690	10155	9956	242.034	1.33069
lcl|NC_037640.1_ncrna_XR_003304253.1_6691	3545	3346	0	0
lcl|NC_037640.1_ncrna_XR_408913.3_6692	4089	3890	28	0.393998
lcl|NC_037640.1_mrna_XM_026439343.1_6693	9300	9101	341.736	2.05536
lcl|NC_037640.1_mrna_XM_016911097.2_6694	3078	2879	45.1965	0.859308
lcl|NC_037640.1_mrna_XM_016911095.2_6695	5885	5686	0.24754	0.00238299
lcl|NC_037640.1_mrna_XM_016911096.2_6696	5837	5638	23.8634	0.231682
lcl|NC_037640.1_mrna_XM_016911099.2_6697	5464	5265	951.806	9.89545
lcl|NC_037640.1_mrna_XM_006560921.3_6698	781	582	124.887	11.7457
lcl|NC_037640.1_mrna_XM_026439411.1_6699	1879	1680	0	0
lcl|NC_037640.1_mrna_XM_016911104.2_6700	1918	1719	19.0651	0.607085
lcl|NC_037640.1_mrna_XM_026439413.1_6701	1461	1262	63.2251	2.7423
lcl|NC_037640.1_mrna_XM_006560913.3_6702	2003	1804	0	0
lcl|NC_037640.1_mrna_XM_006560915.3_6703	1997	1798	45.0794	1.37238
lcl|NC_037640.1_mrna_XM_006560916.3_6704	1917	1718	0	0
lcl|NC_037640.1_mrna_XM_026439412.1_6705	2680	2481	53.3597	1.17726
lcl|NC_037640.1_mrna_XM_006560920.3_6706	2350	2151	244.485	6.22154
lcl|NC_037640.1_precursorrna_NR_127356.1_6707	81	3.73072	0	0
lcl|NC_037640.1_ncrna_6708	21	2.72438	0	0
lcl|NC_037640.1_mrna_XM_016911396.2_6709	7229	7030	1744.64	13.5842
lcl|NC_037640.1_mrna_XM_016911399.2_6710	7166	6967	1768.98	13.8983
lcl|NC_037640.1_mrna_XM_016911398.2_6711	7226	7027	234.68	1.82807
lcl|NC_037640.1_mrna_XM_016911400.2_6712	7163	6964	233.7	1.8369
lcl|NC_037640.1_ncrna_XR_408908.3_6713	1258	1059	200.497	10.3633
lcl|NC_037640.1_ncrna_XR_001702525.2_6714	1127	928	128.505	7.57978
lcl|NC_037640.1_mrna_XM_026439641.1_6715	2172	1973	14950	414.762
lcl|NC_037640.1_mrna_XM_026439414.1_6716	2180	1981	8302	229.395
lcl|NC_037640.1_mrna_XM_026439415.1_6717	4050	3851	1607	22.8417
lcl|NC_037640.1_mrna_XM_003249713.4_6718	822	623	51	4.48092
lcl|NC_037640.1_mrna_XM_001120773.4_6719	1503	1304	127	5.33103
lcl|NC_037640.1_mrna_XM_394423.7_6720	3041	2842	7	0.134822
lcl|NC_037640.1_mrna_XM_006560903.2_6721	3047	2848	9.52308	0.18303
lcl|NC_037640.1_mrna_XM_394424.6_6722	4237	4038	0	0
lcl|NC_037640.1_mrna_XM_006560904.3_6723	4607	4408	8.47692	0.105265
lcl|NC_037640.1_mrna_XM_394425.7_6724	2602	2403	574	13.0751
lcl|NC_037640.1_mrna_XM_006560900.3_6725	2547	2348	0	0
lcl|NC_037640.1_mrna_XM_016911460.2_6726	773	574	742.188	70.7762
lcl|NC_037640.1_mrna_XM_016911461.2_6727	876	677	0.0148353	0.00119948
lcl|NC_037640.1_mrna_XM_016911459.2_6728	758	559	747.798	73.2247
lcl|NC_037640.1_mrna_XM_394426.7_6729	3814	3615	1865.53	28.2475
lcl|NC_037640.1_ncrna_XR_001702582.2_6730	413	214	26.4655	6.76941
lcl|NC_037640.1_mrna_XM_006560898.3_6731	393	194	1680	474.016
lcl|NC_037640.1_mrna_XM_026439627.1_6732	1292	1093	1153	57.7423
lcl|NC_037640.1_mrna_XM_006560894.3_6733	1314	1115	457	22.435
lcl|NC_037640.1_mrna_XM_026439454.1_6734	3497	3298	319.371	5.30067
lcl|NC_037640.1_mrna_XM_003249734.4_6735	4159	3960	185.629	2.56587
lcl|NC_037640.1_mrna_XM_026439453.1_6736	3643	3444	3.95635e-05	6.28806e-07
lcl|NC_037640.1_mrna_XM_006560896.3_6737	1391	1192	16.3139	0.749148
lcl|NC_037640.1_mrna_XM_623762.6_6738	1127	928	155.686	9.18305
lcl|NC_037640.1_mrna_XM_016911265.2_6739	1846	1647	0	0
lcl|NC_037640.1_mrna_XM_006560886.3_6740	1536	1337	13.3704	0.547392
lcl|NC_037640.1_mrna_XM_026439871.1_6741	1602	1403	0.15241	0.00594623
lcl|NC_037640.1_mrna_XM_006560885.3_6742	1403	1204	14.4772	0.658177
lcl|NC_037640.1_mrna_XM_026439869.1_6743	3397	3198	325.127	5.56493
lcl|NC_037640.1_mrna_XM_026439870.1_6744	3624	3425	284.449	4.546
lcl|NC_037640.1_mrna_XM_026439868.1_6745	3457	3258	0.00019032	3.19755e-06
lcl|NC_037640.1_mrna_XM_026439866.1_6746	3455	3256	309.424	5.20181
lcl|NC_037640.1_mrna_XM_026439878.1_6747	535	336	48	7.81965
lcl|NC_037640.1_precursorrna_NR_034295.1_6748	100	4.26726	0	0
lcl|NC_037640.1_ncrna_6749	22	2.73612	0	0
lcl|NC_037640.1_ncrna_XR_003304452.1_6750	1266	1067	172.101	8.82886
lcl|NC_037640.1_mrna_XM_026439874.1_6751	1676	1477	1136.34	42.1128
lcl|NC_037640.1_mrna_XM_026439876.1_6752	1381	1182	110.063	5.09691
lcl|NC_037640.1_mrna_XM_026439877.1_6753	1585	1386	901.725	35.612
lcl|NC_037640.1_mrna_XM_026439873.1_6754	1381	1182	1208.77	55.9772
lcl|NC_037640.1_mrna_XM_026439872.1_6755	1758	1559	935.308	32.8393
lcl|NC_037640.1_mrna_XM_016911266.2_6756	1464	1265	8.69243	0.376128
lcl|NC_037640.1_mrna_XM_016911264.2_6757	2408	2209	1400.37	34.7003
lcl|NC_037640.1_mrna_XM_006560882.3_6758	2405	2206	104.628	2.59615
lcl|NC_037640.1_mrna_XM_026439658.1_6759	59314	59115	69.3319	0.0641978
lcl|NC_037640.1_mrna_XM_026439661.1_6760	59045	58846	210.003	0.195341
lcl|NC_037640.1_mrna_XM_026439659.1_6761	59231	59032	1.55365e-05	1.44063e-08
lcl|NC_037640.1_mrna_XM_026439660.1_6762	59153	58954	2.25372e-05	2.09253e-08
lcl|NC_037640.1_mrna_XM_026439662.1_6763	58868	58669	0.00116568	1.08757e-06
lcl|NC_037640.1_mrna_XM_026439663.1_6764	55441	55242	562.971	0.55783
lcl|NC_037640.1_mrna_XM_026439664.1_6765	55423	55224	738.686	0.732179
lcl|NC_037640.1_mrna_XM_026439665.1_6766	54637	54438	1211.29	1.21796
lcl|NC_037640.1_ncrna_XR_003304355.1_6767	351	152	2.22448	0.801069
lcl|NC_037640.1_ncrna_XR_003304356.1_6768	551	352	0	0
lcl|NC_037640.1_mrna_XM_393151.7_6769	1946	1747	430	13.4729
lcl|NC_037640.1_mrna_XM_623438.5_6770	677	478	1109	126.996
lcl|NC_037640.1_mrna_XM_016911268.2_6771	5228	5029	2669	29.0504
lcl|NC_037640.1_ncrna_XR_001702410.2_6772	963	764	27	1.93444
lcl|NC_037640.1_mrna_XM_026439841.1_6773	4960	4761	6.92972	0.0796714
lcl|NC_037640.1_mrna_XM_026439840.1_6774	5223	5024	7.17959	0.0782232
lcl|NC_037640.1_mrna_XM_016911270.2_6775	5230	5031	34.1976	0.372071
lcl|NC_037640.1_mrna_XM_026439839.1_6776	5493	5294	32.6931	0.338032
lcl|NC_037640.1_mrna_XM_006560876.3_6777	5819	5620	104.479	1.01761
lcl|NC_037640.1_mrna_XM_016911273.2_6778	6000	5801	43.929	0.414509
lcl|NC_037640.1_mrna_XM_016911272.2_6779	6013	5814	8.59154	0.0808875
lcl|NC_037640.1_precursorrna_NR_039434.1_6780	88	3.91013	0	0
lcl|NC_037640.1_ncrna_6781	22	2.73612	0	0
lcl|NC_037640.1_mrna_XM_003249731.4_6782	1414	1215	173	7.79391
lcl|NC_037640.1_mrna_XM_394419.7_6783	1515	1316	355	14.7658
lcl|NC_037640.1_mrna_XM_003249730.4_6784	7944	7745	413.756	2.9242
lcl|NC_037640.1_mrna_XM_006560875.3_6785	3688	3489	3344.24	52.4665
lcl|NC_037640.1_ncrna_XR_003304381.1_6786	309	110	1	0.497614
lcl|NC_037640.1_mrna_XM_001120757.5_6787	7619	7420	534.176	3.94063
lcl|NC_037640.1_mrna_XM_394417.6_6788	2093	1894	1884	54.4485
lcl|NC_037640.1_mrna_XM_006560870.3_6789	2599	2400	113.268	2.58334
lcl|NC_037640.1_mrna_XM_016911331.2_6790	2520	2321	24.2434	0.571746
lcl|NC_037640.1_mrna_XM_624654.5_6791	2620	2421	858.777	19.4165
lcl|NC_037640.1_mrna_XM_016911329.2_6792	2611	2412	61.9424	1.40571
lcl|NC_037640.1_mrna_XM_006560871.3_6793	2542	2343	59.7691	1.39634
lcl|NC_037640.1_mrna_XM_016911328.2_6794	2346	2147	0	0
lcl|NC_037640.1_precursorrna_NR_127349.1_6795	86	3.85692	0	0
lcl|NC_037640.1_ncrna_6796	22	2.73612	0	0
lcl|NC_037640.1_mrna_XM_394416.7_6797	4374	4175	425	5.57209
lcl|NC_037640.1_mrna_XM_016911256.2_6798	8888	8689	3073.44	19.3615
lcl|NC_037640.1_mrna_XM_016911254.1_6799	10242	10043	384.936	2.09802
lcl|NC_037640.1_mrna_XM_016911255.1_6800	10113	9914	2642.63	14.5906
lcl|NC_037640.1_mrna_XM_016911252.1_6801	10371	10172	2.25379e-07	1.21281e-09
lcl|NC_037640.1_mrna_XM_016911253.2_6802	9754	9555	0	0
lcl|NC_037640.1_ncrna_XR_003304485.1_6803	130	5.57103	0	0
lcl|NC_037640.1_mrna_XM_026439681.1_6804	1345	1146	30	1.43292
lcl|NC_037640.1_mrna_XM_006560868.3_6805	1231	1032	479.417	25.4284
lcl|NC_037640.1_mrna_XM_016911447.2_6806	1311	1112	276.583	13.6146
lcl|NC_037640.1_mrna_XM_006560867.2_6807	3136	2937	1101.62	20.5311
lcl|NC_037640.1_mrna_XM_026439394.1_6808	3248	3049	13.666	0.24534
lcl|NC_037640.1_mrna_XM_016911445.2_6809	3027	2828	15.4173	0.29841
lcl|NC_037640.1_mrna_XM_016911446.1_6810	3065	2866	265.356	5.06801
lcl|NC_037640.1_mrna_XM_624526.6_6811	1829	1630	481	16.1526
lcl|NC_037640.1_mrna_XM_026439535.1_6812	2434	2235	41	1.00413
lcl|NC_037640.1_mrna_XM_016911124.2_6813	5545	5346	966.571	9.8967
lcl|NC_037640.1_mrna_XM_016911123.2_6814	5546	5347	127.709	1.30736
lcl|NC_037640.1_mrna_XM_026439673.1_6815	5297	5098	120.062	1.28911
lcl|NC_037640.1_mrna_XM_006560859.3_6816	5202	5003	873.879	9.56106
lcl|NC_037640.1_mrna_XM_016911125.2_6817	4681	4482	245.901	3.00313
lcl|NC_037640.1_ncrna_XR_001702332.2_6818	1177	978	34	1.90294
lcl|NC_037640.1_mrna_XM_393531.7_6819	7806	7607	0	0
lcl|NC_037640.1_mrna_XM_006560862.3_6820	7419	7220	1181.21	8.95518
lcl|NC_037640.1_mrna_XM_006560861.3_6821	7481	7282	0	0
lcl|NC_037640.1_mrna_XM_006560863.3_6822	7574	7375	0	0
lcl|NC_037640.1_mrna_XM_016911122.2_6823	7278	7079	435.041	3.3639
lcl|NC_037640.1_mrna_XM_397177.7_6824	4432	4233	389.265	5.03365
lcl|NC_037640.1_mrna_XM_006560864.3_6825	4436	4237	2.73451	0.035327
lcl|NC_037640.1_mrna_XM_394966.7_6826	720	521	260	27.3162
lcl|NC_037640.1_precursorrna_NR_127367.1_6827	81	3.73072	0	0
lcl|NC_037640.1_ncrna_6828	21	2.72438	0	0
lcl|NC_037640.1_mrna_XM_006560851.3_6829	3279	3080	99.9185	1.77575
lcl|NC_037640.1_mrna_XM_394967.7_6830	1938	1739	13.7962	0.434255
lcl|NC_037640.1_mrna_XM_006560965.1_6831	564	365	0	0
lcl|NC_037640.1_mrna_XM_026439674.1_6832	3538	3339	41	0.672129
lcl|NC_037640.1_precursorrna_NR_127325.1_6833	81	3.73072	0	0
lcl|NC_037640.1_ncrna_6834	21	2.72438	0	0
lcl|NC_037640.1_mrna_XM_026439645.1_6835	4894	4695	0	0
lcl|NC_037640.1_mrna_XM_026439647.1_6836	5903	5704	0	0
lcl|NC_037640.1_mrna_XM_026439646.1_6837	5287	5088	9.915	0.106667
lcl|NC_037640.1_mrna_XM_026439648.1_6838	5170	4971	25.0958	0.276339
lcl|NC_037640.1_mrna_XM_006563878.3_6839	5297	5098	0	0
lcl|NC_037640.1_mrna_XM_006563879.3_6840	6708	6509	20	0.16819
lcl|NC_037640.1_mrna_XM_016911486.2_6841	3744	3545	0	0
lcl|NC_037640.1_miscrna_XR_003304276.1_6842	3413	3214	22.4889	0.383008
lcl|NC_037640.1_mrna_XM_016911484.2_6843	2362	2163	82.7556	2.09424
lcl|NC_037640.1_mrna_XM_016911483.2_6844	2362	2163	82.7556	2.09424
lcl|NC_037640.1_mrna_XM_006563888.3_6845	4337	4138	4950.64	65.4872
lcl|NC_037640.1_mrna_XM_006563886.3_6846	2020	1821	248.383	7.46617
lcl|NC_037640.1_mrna_XM_006563885.3_6847	2473	2274	310.976	7.4855
lcl|NC_037640.1_mrna_XM_006563887.3_6848	2198	1999	0	0
lcl|NC_037640.1_ncrna_XR_003304428.1_6849	294	95.0001	0	0
lcl|NC_037640.1_mrna_XM_026439810.1_6850	3067	2868	6.01258	0.114754
lcl|NC_037640.1_mrna_XM_026439812.1_6851	3516	3317	0	0
lcl|NC_037640.1_mrna_XM_026439811.1_6852	3107	2908	1.54102e-07	2.90068e-09
lcl|NC_037640.1_mrna_XM_026439814.1_6853	3149	2950	0	0
lcl|NC_037640.1_mrna_XM_026439813.1_6854	3162	2963	0	0
lcl|NC_037640.1_mrna_XM_026439815.1_6855	4457	4258	2.28066	0.0293184
lcl|NC_037640.1_mrna_XM_026439817.1_6856	2622	2423	7.6021e-07	1.71738e-08
lcl|NC_037640.1_mrna_XM_026439816.1_6857	2590	2391	14.7068	0.336684
lcl|NC_037640.1_mrna_XM_026439821.1_6858	2385	2186	0.00254505	6.37283e-05
lcl|NC_037640.1_mrna_XM_026439819.1_6859	2515	2316	225.382	5.32679
lcl|NC_037640.1_mrna_XM_026439820.1_6860	2584	2385	104.815	2.40559
lcl|NC_037640.1_mrna_XM_026439825.1_6861	2269	2070	0	0
lcl|NC_037640.1_mrna_XM_026439822.1_6862	2592	2393	23.8084	0.544593
lcl|NC_037640.1_mrna_XM_026439818.1_6863	2462	2263	0	0
lcl|NC_037640.1_mrna_XM_026439826.1_6864	2132	1933	99.5147	2.818
lcl|NC_037640.1_mrna_XM_026439824.1_6865	2113	1914	60.6326	1.734
lcl|NC_037640.1_mrna_XM_026439823.1_6866	2402	2203	248.659	6.17837
lcl|NC_037640.1_ncrna_XR_003304430.1_6867	1655	1456	98.8981	3.71802
lcl|NC_037640.1_ncrna_XR_003304431.1_6868	1390	1191	74.1286	3.4069
lcl|NC_037640.1_ncrna_XR_003304433.1_6869	1158	959	72.9477	4.16369
lcl|NC_037640.1_ncrna_XR_003304432.1_6870	779	580	0	0
lcl|NC_037640.1_ncrna_XR_003304429.1_6871	746	547	155.212	15.5318
lcl|NC_037640.1_precursorrna_NR_039442.1_6872	140	6.21	0	0
lcl|NC_037640.1_precursorrna_NR_039448.1_6873	111	4.6639	0	0
lcl|NC_037640.1_ncrna_6874	21	2.72438	0	0
lcl|NC_037640.1_ncrna_6875	22	2.73612	0	0
lcl|NC_037640.1_precursorrna_NR_127345.1_6876	90	3.96502	0	0
lcl|NC_037640.1_ncrna_6877	21	2.72438	0	0
lcl|NC_037640.1_mrna_XM_392277.7_6878	2504	2305	3383.7	80.3537
lcl|NC_037640.1_miscrna_XR_409808.3_6879	1946	1747	1299.71	40.7229
lcl|NC_037640.1_mrna_XM_006563907.3_6880	2597	2398	742.607	16.951
lcl|NC_037640.1_mrna_XM_006563909.3_6881	1905	1706	0	0
lcl|NC_037640.1_mrna_XM_006563908.3_6882	1822	1623	442.248	14.9153
lcl|NC_037640.1_mrna_XM_396934.7_6883	2149	1950	202.752	5.69137
lcl|NC_037640.1_mrna_XM_026439409.1_6884	1499	1300	1161.79	48.9183
lcl|NC_037640.1_mrna_XM_026439410.1_6885	1390	1191	9.52327e-08	4.37683e-09
lcl|NC_037640.1_mrna_XM_006563910.3_6886	1587	1388	1201.83	47.3958
lcl|NC_037640.1_mrna_XM_396380.7_6887	1554	1355	8.37328	0.338253
lcl|NC_037640.1_mrna_XM_395373.6_6888	3511	3312	842	13.9158
lcl|NC_037640.1_mrna_XM_006563914.3_6889	3728	3529	341.607	5.29859
lcl|NC_037640.1_mrna_XM_016911495.1_6890	3865	3666	2664.1	39.778
lcl|NC_037640.1_mrna_XM_026439507.1_6891	3851	3652	508.296	7.61853
lcl|NC_037640.1_mrna_XM_026439508.1_6892	1302	1103	48.4835	2.40605
lcl|NC_037640.1_mrna_XM_026439509.1_6893	1211	1012	53.5165	2.89463
lcl|NC_037640.1_mrna_XM_026439419.1_6894	554	355	116	17.8861
lcl|NC_037640.1_mrna_XM_006563916.3_6895	738	539	147.182	14.9469
lcl|NC_037640.1_mrna_XM_016911476.2_6896	709	510	0	0
lcl|NC_037640.1_mrna_XM_006563915.3_6897	755	556	53.8182	5.29834
lcl|NC_037640.1_mrna_XM_003250331.3_6898	1222	1023	177.551	9.50018
lcl|NC_037640.1_mrna_XM_393514.6_6899	1216	1017	821.449	44.2125
lcl|NC_037640.1_mrna_XM_397130.7_6900	3190	2991	2570	47.0329
lcl|NC_037640.1_mrna_XM_006563917.3_6901	7065	6866	0.000101758	8.11243e-07
lcl|NC_037640.1_mrna_XM_016911468.2_6902	6993	6794	60.9999	0.491461
lcl|NC_037640.1_ncrna_XR_409813.3_6903	1136	937	1	0.0584179
lcl|NC_037640.1_mrna_XM_624044.5_6904	680	481	404	45.975
lcl|NC_037640.1_mrna_XM_001119885.4_6905	1045	846	2836	183.494
lcl|NC_037640.1_mrna_XM_006563921.3_6906	4884	4685	516.158	6.03057
lcl|NC_037640.1_mrna_XM_006563923.3_6907	4946	4747	372.367	4.29376
lcl|NC_037640.1_mrna_XM_026439785.1_6908	4892	4693	0.467112	0.00544823
lcl|NC_037640.1_mrna_XM_623133.6_6909	5216	5017	0.000873681	9.53222e-06
lcl|NC_037640.1_mrna_XM_393141.7_6910	3209	3010	1087.28	19.7724
lcl|NC_037640.1_mrna_XM_006563924.2_6911	2674	2475	0	0
lcl|NC_037640.1_miscrna_XR_003304418.1_6912	3288	3089	81.0044	1.43541
lcl|NC_037640.1_miscrna_XR_003304419.1_6913	3795	3596	0	0
lcl|NC_037640.1_miscrna_XR_003304420.1_6914	3813	3614	10.0046	0.15153
lcl|NC_037640.1_mrna_XM_006563925.3_6915	3545	3346	0	0
lcl|NC_037640.1_miscrna_XR_003304417.1_6916	3541	3342	0	0
lcl|NC_037640.1_mrna_XM_026439780.1_6917	3642	3443	0	0
lcl|NC_037640.1_mrna_XM_026439781.1_6918	3335	3136	170.991	2.98457
lcl|NC_037640.1_mrna_XM_026439782.1_6919	2900	2701	0	0
lcl|NC_037640.1_mrna_XM_026439784.1_6920	3076	2877	0	0
lcl|NC_037640.1_mrna_XM_624886.6_6921	3329	3130	52.1475	0.911957
lcl|NC_037640.1_miscrna_XR_409820.3_6922	2779	2580	256.865	5.44967
lcl|NC_037640.1_mrna_XM_026439377.1_6923	4711	4512	89.5718	1.08664
lcl|NC_037640.1_mrna_XM_624895.6_6924	4765	4566	1622.85	19.4549
lcl|NC_037640.1_mrna_XM_016911324.2_6925	4501	4302	424.563	5.40203
lcl|NC_037640.1_mrna_XM_006563927.3_6926	4604	4405	0.000227963	2.83273e-06
lcl|NC_037640.1_mrna_XM_624915.5_6927	788	589	417.502	38.7997
lcl|NC_037640.1_mrna_XM_006563926.3_6928	785	586	83.4977	7.79941
lcl|NC_037640.1_mrna_XM_001120164.5_6929	755	556	149	14.6689
lcl|NC_037640.1_mrna_XM_624947.5_6930	3092	2893	4644	87.8677
lcl|NC_037640.1_mrna_XM_397432.6_6931	754	555	3338	329.214
lcl|NC_037640.1_mrna_XM_006563928.3_6932	1524	1325	330.567	13.6562
lcl|NC_037640.1_mrna_XM_016911473.2_6933	1568	1369	563.433	22.5281
lcl|NC_037640.1_mrna_XM_006563932.3_6934	1667	1468	5.53283	0.206304
lcl|NC_037640.1_mrna_XM_006563933.3_6935	2029	1830	0	0
lcl|NC_037640.1_mrna_XM_006563934.3_6936	1975	1776	0	0
lcl|NC_037640.1_mrna_XM_395360.6_6937	1881	1682	14.0074	0.455844
lcl|NC_037640.1_mrna_XM_006563935.3_6938	1633	1434	1.45979	0.0557219
lcl|NC_037640.1_mrna_XM_392779.6_6939	3043	2844	396	7.62168
lcl|NC_037640.1_mrna_XM_006563930.3_6940	4007	3808	608.114	8.74124
lcl|NC_037640.1_mrna_XM_006563929.3_6941	4070	3871	361.639	5.11373
lcl|NC_037640.1_mrna_XM_006563931.3_6942	4034	3835	3944.25	56.2968
lcl|NC_037640.1_mrna_XM_026439359.1_6943	2150	1951	0	0
lcl|NC_037640.1_mrna_XM_026439358.1_6944	2089	1890	45	1.30327
lcl|NC_037640.1_mrna_NM_001077824.1_6945	1842	1643	0	0
lcl|NC_037640.1_mrna_XM_393495.6_6946	2208	2009	20322.3	553.705
lcl|NC_037640.1_mrna_XM_006563936.2_6947	2121	1922	2978.67	84.8311
lcl|NC_037640.1_mrna_XM_026439506.1_6948	3605	3406	161.815	2.60052
lcl|NC_037640.1_mrna_XM_016911487.2_6949	2901	2702	268.094	5.43109
lcl|NC_037640.1_mrna_XM_016911488.2_6950	2841	2642	0	0
lcl|NC_037640.1_mrna_XM_016911489.2_6951	2823	2624	250.324	5.22183
lcl|NC_037640.1_ncrna_XR_003304279.1_6952	624	425	51.7672	6.66731
lcl|NC_037640.1_mrna_XM_395400.7_6953	1852	1653	810	26.8224
lcl|NC_037640.1_mrna_XM_026439642.1_6954	5112	4913	722	8.04407
lcl|NC_037640.1_mrna_XM_026439396.1_6955	1269	1070	2985	152.702
lcl|NC_037640.1_mrna_XM_026439397.1_6956	1109	910	297	17.8649
lcl|NC_037640.1_mrna_XM_006563937.3_6957	1453	1254	13.2636	0.578961
lcl|NC_037640.1_miscrna_XR_001702613.2_6958	1382	1183	150.736	6.97459
lcl|NC_037640.1_mrna_XM_623462.5_6959	2447	2248	335.47	8.16851
lcl|NC_037640.1_mrna_XM_006563940.3_6960	2498	2299	119.53	2.84592
lcl|NC_037640.1_mrna_XM_006563941.3_6961	1027	828	0.00127736	8.4444e-05
lcl|NC_037640.1_mrna_XM_624471.6_6962	1061	862	357.999	22.7331
lcl|NC_037640.1_ncrna_XR_409823.3_6963	750	551	14	1.39079
lcl|NC_037640.1_mrna_XM_016911279.2_6964	6286	6087	3.4755e-06	3.12535e-08
lcl|NC_037640.1_mrna_XM_016911280.2_6965	6280	6081	735.005	6.61608
lcl|NC_037640.1_mrna_XM_006563943.3_6966	6271	6072	7.82167e-05	7.05104e-07
lcl|NC_037640.1_mrna_XM_006563944.3_6967	6265	6066	0.0173718	0.000156757
lcl|NC_037640.1_mrna_XM_006563947.3_6968	6259	6060	0.000329429	2.9756e-06
lcl|NC_037640.1_mrna_XM_006563945.3_6969	6265	6066	0.000272363	2.45771e-06
lcl|NC_037640.1_mrna_XM_006563948.3_6970	6250	6051	115.065	1.04088
lcl|NC_037640.1_mrna_XM_006563949.3_6971	6244	6045	477.918	4.32755
lcl|NC_037640.1_mrna_XM_006563950.3_6972	6238	6039	0.0263237	0.000238598
lcl|NC_037640.1_mrna_XM_006563951.3_6973	6232	6033	0.000225061	2.04198e-06
lcl|NC_037640.1_mrna_XM_006563952.3_6974	6217	6018	0.00520836	4.73734e-05
lcl|NC_037640.1_mrna_XM_006563953.3_6975	6211	6012	2632.57	23.9688
lcl|NC_037640.1_mrna_XM_006563954.3_6976	6205	6006	128.108	1.16755
lcl|NC_037640.1_mrna_XM_026439744.1_6977	5797	5598	2357.71	23.0538
lcl|NC_037640.1_mrna_XM_006563955.3_6978	3176	2977	637.839	11.7278
lcl|NC_037640.1_mrna_XM_396848.7_6979	1564	1365	313.801	12.5836
lcl|NC_037640.1_mrna_XM_006563956.3_6980	3417	3218	0	0
lcl|NC_037640.1_mrna_XM_006563957.3_6981	3408	3209	223	3.80382
lcl|NC_037640.1_mrna_XM_016911259.2_6982	1422	1223	90	4.02811
lcl|NC_037640.1_mrna_XM_026439643.1_6983	855	656	154	12.85
lcl|NC_037640.1_mrna_XM_016911260.2_6984	5001	4802	258.728	2.94921
lcl|NC_037640.1_mrna_XM_006563959.3_6985	5056	4857	204.161	2.30086
lcl|NC_037640.1_miscrna_XR_001702404.2_6986	5121	4922	186.893	2.07843
lcl|NC_037640.1_miscrna_XR_001702403.2_6987	5221	5022	873.906	9.52518
lcl|NC_037640.1_mrna_XM_026439733.1_6988	4931	4732	168.07	1.94415
lcl|NC_037640.1_mrna_XM_006563958.3_6989	5031	4832	835.039	9.45943
lcl|NC_037640.1_miscrna_XR_003304392.1_6990	4211	4012	189.803	2.58957
lcl|NC_037640.1_mrna_XM_006563961.3_6991	4269	4070	632.401	8.50518
lcl|NC_037640.1_mrna_XM_026439734.1_6992	391	192	158.043	45.0568
lcl|NC_037640.1_miscrna_XR_003304393.1_6993	741	542	84.5655	8.54042
lcl|NC_037640.1_mrna_XM_006563965.3_6994	1479	1280	412.735	17.6501
lcl|NC_037640.1_mrna_XM_392813.7_6995	1361	1162	714.656	33.6648
lcl|NC_037640.1_ncrna_XR_003304395.1_6996	1877	1678	0	0
lcl|NC_037640.1_ncrna_XR_003304399.1_6997	1678	1479	112.207	4.15275
lcl|NC_037640.1_mrna_XM_016911261.2_6998	1539	1340	154.246	6.30077
lcl|NC_037640.1_mrna_XM_001120821.5_6999	1451	1252	147.925	6.4673
lcl|NC_037640.1_ncrna_XR_003304396.1_7000	2665	2466	0	0
lcl|NC_037640.1_ncrna_XR_003304397.1_7001	6124	5925	237.05	2.18997
lcl|NC_037640.1_ncrna_XR_003304394.1_7002	3034	2835	0	0
lcl|NC_037640.1_ncrna_XR_003304398.1_7003	1883	1684	81.5719	2.65145
lcl|NC_037640.1_mrna_XM_623729.6_7004	4433	4234	3839.97	49.6435
lcl|NC_037640.1_mrna_XM_016911466.2_7005	4334	4135	641.029	8.4857
lcl|NC_037640.1_mrna_XM_006563969.2_7006	3015	2816	1079	20.9737
lcl|NC_037640.1_mrna_XM_623647.6_7007	1506	1307	1023	42.8435
lcl|NC_037640.1_mrna_XM_026439379.1_7008	1177	978	53.74	3.00776
lcl|NC_037640.1_mrna_XM_026439381.1_7009	1099	900	0	0
lcl|NC_037640.1_mrna_XM_026439380.1_7010	1114	915	85.26	5.10046
lcl|NC_037640.1_mrna_XM_016911516.2_7011	1126	927	0	0
lcl|NC_037640.1_mrna_XM_001120956.5_7012	708	509	69	7.42022
lcl|NC_037640.1_mrna_XM_026439382.1_7013	1052	853	1700	109.09
lcl|NC_037640.1_mrna_NM_001012962.1_7014	3606	3407	42	0.67478
lcl|NC_037640.1_mrna_XM_026439644.1_7015	2062	1863	0	0
lcl|NC_037640.1_mrna_XM_006563972.3_7016	1767	1568	142.492	4.97428
lcl|NC_037640.1_mrna_XM_623437.6_7017	1782	1583	788.581	27.2679
lcl|NC_037640.1_mrna_XM_006563973.3_7018	1709	1510	350.926	12.7211
lcl|NC_037640.1_mrna_XM_395577.7_7019	4927	4728	10425.7	120.701
lcl|NC_037640.1_mrna_XM_006563975.3_7020	4880	4681	4.31212	0.050424
lcl|NC_037640.1_mrna_XM_016911427.1_7021	683	484	52.8604	5.9782
lcl|NC_037640.1_mrna_XM_026439370.1_7022	1109	910	43.3577	2.60802
lcl|NC_037640.1_mrna_XM_006563977.3_7023	1179	980	204.783	11.4381
lcl|NC_037640.1_mrna_XM_006563978.3_7024	1057	858	0	0
lcl|NC_037640.1_mrna_XM_001121186.5_7025	1100	901	10.9985	0.668178
lcl|NC_037640.1_mrna_XM_006563976.3_7026	1088	889	0	0
lcl|NC_037640.1_mrna_XM_016911474.2_7027	1307	1108	71	3.50755
lcl|NC_037640.1_mrna_XM_006563979.3_7028	1430	1231	3109	138.245
lcl|NC_037640.1_mrna_XM_006563981.3_7029	2747	2548	691	14.8444
lcl|NC_037640.1_mrna_XM_016911475.2_7030	829	630	19.2079	1.66888
lcl|NC_037640.1_mrna_XM_026439505.1_7031	807	608	39.7921	3.58244
lcl|NC_037640.1_mrna_XM_001121316.5_7032	2439	2240	434	10.6054
lcl|NC_037640.1_mrna_XM_016911227.2_7033	2793	2594	210.204	4.43565
lcl|NC_037640.1_mrna_XM_016911228.2_7034	2590	2391	5.60795	0.128384
lcl|NC_037640.1_trna_7035	73	3.5471	0	0
lcl|NC_037640.1_trna_7036	73	3.5471	0	0
lcl|NC_037640.1_precursorrna_NR_039453.1_7037	136	5.93769	0	0
lcl|NC_037640.1_ncrna_7038	22	2.73612	0	0
lcl|NC_037640.1_mrna_XM_392276.7_7039	3605	3406	23.2116	0.373032
lcl|NC_037640.1_mrna_XM_006563986.3_7040	3488	3289	4.67338	0.0777772
lcl|NC_037640.1_mrna_XM_006563982.3_7041	2583	2384	6.35899	0.146005
lcl|NC_037640.1_mrna_XM_006563985.3_7042	2893	2694	0.874919	0.0177769
lcl|NC_037640.1_mrna_XM_006563984.3_7043	3476	3277	39.1438	0.653841
lcl|NC_037640.1_mrna_XM_016911225.2_7044	3130	2931	0	0
lcl|NC_037640.1_mrna_XM_016911224.2_7045	3875	3676	22.3915	0.333421
lcl|NC_037640.1_mrna_XM_016911223.2_7046	2958	2759	40.5334	0.804168
lcl|NC_037640.1_precursorrna_NR_039458.1_7047	140	6.21	0	0
lcl|NC_037640.1_ncrna_7048	22	2.73612	0	0
lcl|NC_037640.1_mrna_XM_016911226.2_7049	3041	2842	0	0
lcl|NC_037640.1_mrna_XM_003250317.4_7050	7378	7179	655	4.99416
lcl|NC_037640.1_mrna_XM_006563992.3_7051	12300	12101	27144.4	122.785
lcl|NC_037640.1_mrna_XM_016911501.2_7052	12466	12267	4316.84	19.2625
lcl|NC_037640.1_mrna_XM_006563990.3_7053	12305	12106	44869.9	202.88
lcl|NC_037640.1_precursorrna_NR_039466.1_7054	105	4.43819	0	0
lcl|NC_037640.1_ncrna_7055	22	2.73612	0	0
lcl|NC_037640.1_ncrna_XR_003304348.1_7056	2281	2082	3	0.0788725
lcl|NC_037640.1_precursorrna_NR_039470.1_7057	122	5.14791	0	0
lcl|NC_037640.1_ncrna_7058	21	2.72438	0	0
lcl|NC_037640.1_mrna_XM_026439593.1_7059	6759	6560	2.74047	0.0228668
lcl|NC_037640.1_mrna_XM_026439594.1_7060	6744	6545	49.2595	0.41197
lcl|NC_037640.1_mrna_XM_026439595.1_7061	6426	6227	0	0
lcl|NC_037640.1_mrna_XM_006563995.3_7062	3749	3550	2958.92	45.6237
lcl|NC_037640.1_mrna_XM_016911498.2_7063	3612	3413	1605.7	25.7522
lcl|NC_037640.1_mrna_XM_026439602.1_7064	711	512	119	12.7222
lcl|NC_037640.1_mrna_XM_016911499.2_7065	3949	3750	168.415	2.45829
lcl|NC_037640.1_mrna_XM_026439601.1_7066	3230	3031	526.147	9.50182
lcl|NC_037640.1_mrna_XM_003250328.4_7067	3389	3190	4561.85	78.2773
lcl|NC_037640.1_mrna_XM_006563998.3_7068	3587	3388	18.8905	0.305201
lcl|NC_037640.1_mrna_XM_006563993.3_7069	5476	5277	0	0
lcl|NC_037640.1_mrna_XM_003250320.4_7070	5478	5279	0	0
lcl|NC_037640.1_mrna_XM_016911497.2_7071	5441	5242	174.929	1.82663
lcl|NC_037640.1_mrna_XM_006563996.3_7072	5275	5076	300.247	3.23774
lcl|NC_037640.1_mrna_XM_006563994.3_7073	5437	5238	886.388	9.26282
lcl|NC_037640.1_mrna_XM_016911500.2_7074	3495	3296	3081.5	51.1754
lcl|NC_037640.1_precursorrna_NR_130408.1_7075	80	3.70659	0	0
lcl|NC_037640.1_ncrna_7076	22	2.73612	0	0
lcl|NC_037640.1_ncrna_XR_003304347.1_7077	4254	4055	98	1.32288
lcl|NC_037640.1_mrna_XM_026439598.1_7078	5624	5425	5547.4	55.9725
lcl|NC_037640.1_mrna_XM_026439596.1_7079	5681	5482	0.17902	0.00178751
lcl|NC_037640.1_mrna_XM_026439600.1_7080	5633	5434	4147.58	41.7792
lcl|NC_037640.1_mrna_XM_026439597.1_7081	5699	5500	180.247	1.79387
lcl|NC_037640.1_mrna_XM_026439599.1_7082	5657	5458	36.2029	0.363074
lcl|NC_037640.1_ncrna_XR_003304349.1_7083	8750	8551	98	0.627328
lcl|NC_037640.1_mrna_XM_001121746.5_7084	2572	2373	45554	1050.79
lcl|NC_037640.1_trna_7085	74	3.56892	0	0
lcl|NC_037640.1_trna_7086	72	3.52559	0	0
lcl|NC_037640.1_mrna_XM_001121817.5_7087	635	436	2603	326.793
lcl|NC_037640.1_mrna_XM_026439603.1_7088	4181	3982	1754.42	24.1167
lcl|NC_037640.1_mrna_XM_026439649.1_7089	2308	2109	604.577	15.6913
lcl|NC_037640.1_mrna_XM_026439605.1_7090	728	529	1	0.103474
lcl|NC_037640.1_mrna_XM_001121865.5_7091	1273	1074	180	9.17389
lcl|NC_037640.1_mrna_XM_006564002.3_7092	1121	922	0	0
lcl|NC_037640.1_mrna_XM_026439604.1_7093	1048	849	0	0
lcl|NC_037640.1_mrna_XM_026439416.1_7094	4429	4230	0	0
lcl|NC_037640.1_mrna_XM_006564003.3_7095	4677	4478	13	0.158908
lcl|NC_037640.1_ncrna_XR_001702589.2_7096	1440	1241	2	0.0882152
lcl|NC_037640.1_mrna_XM_006564005.2_7097	2540	2341	204.99	4.7931
lcl|NC_037640.1_mrna_XM_016911465.2_7098	2224	2025	0	0
lcl|NC_037640.1_mrna_XM_016911463.2_7099	2658	2459	351.226	7.81831
lcl|NC_037640.1_mrna_XM_016911464.2_7100	2655	2456	72.2226	1.60964
lcl|NC_037640.1_mrna_XM_026439417.1_7101	2373	2174	212.562	5.35193
lcl|NC_037640.1_mrna_XM_006564009.2_7102	890	691	21897	1734.57
lcl|NC_037640.1_mrna_XM_006564007.3_7103	5351	5152	389.172	4.13477
lcl|NC_037640.1_mrna_XM_006564006.3_7104	5462	5263	1540.83	16.0253
lcl|NC_037640.1_mrna_NM_001011563.1_7105	2076	1877	1131	32.9825
lcl|NC_037640.1_mrna_NM_001126244.1_7106	1674	1475	8	0.296882
lcl|NC_037640.1_mrna_XM_006564012.3_7107	10734	10535	71.6031	0.372034
lcl|NC_037640.1_mrna_XM_003250323.4_7108	10707	10508	262.358	1.36666
lcl|NC_037640.1_mrna_XM_006564013.3_7109	10736	10537	0.0384877	0.000199935
lcl|NC_037640.1_ncrna_XR_001702495.2_7110	4772	4573	91	1.08924
lcl|NC_037640.1_mrna_XM_026439746.1_7111	2193	1994	92.0968	2.52816
lcl|NC_037640.1_ncrna_XR_003304401.1_7112	1102	903	28	1.69729
lcl|NC_037640.1_mrna_XM_393289.7_7113	5281	5082	236.963	2.5523
lcl|NC_037640.1_mrna_XM_006566772.3_7114	5293	5094	12.0793	0.129798
lcl|NC_037640.1_mrna_XM_006566773.3_7115	5368	5169	59.8922	0.634234
lcl|NC_037640.1_mrna_XM_397097.6_7116	1904	1705	734	23.5644
lcl|NC_037640.1_mrna_XM_006566780.3_7117	3016	2817	342.154	6.64844
lcl|NC_037640.1_mrna_XM_006566779.3_7118	3019	2820	251.869	4.88889
lcl|NC_037640.1_mrna_XM_006566778.3_7119	3112	2913	586.977	11.0298
lcl|NC_037640.1_mrna_XM_006566777.2_7120	920	721	333	25.281
lcl|NC_037640.1_mrna_XM_003250885.4_7121	1059	860	206	13.1116
lcl|NC_037640.1_mrna_XM_393397.7_7122	3795	3596	1174	17.8704
lcl|NC_037640.1_mrna_XM_006566781.3_7123	1217	1018	188	10.1087
lcl|NC_037640.1_mrna_XM_026439656.1_7124	1043	844	1485	96.3095
lcl|NC_037640.1_mrna_XM_006566785.3_7125	1535	1336	141.127	5.78213
lcl|NC_037640.1_mrna_XM_006566786.3_7126	1393	1194	377.873	17.3232
lcl|NC_037640.1_mrna_XM_006566784.3_7127	1555	1356	113	4.56146
lcl|NC_037640.1_mrna_XM_026439591.1_7128	1676	1477	0	0
lcl|NC_037640.1_mrna_XM_026439592.1_7129	1679	1480	0	0
lcl|NC_037640.1_mrna_XM_624212.6_7130	1556	1357	433	17.466
lcl|NC_037640.1_mrna_XM_003250886.4_7131	7751	7552	60.5109	0.438588
lcl|NC_037640.1_mrna_XM_016911437.2_7132	6348	6149	50.7308	0.451598
lcl|NC_037640.1_mrna_XM_026439393.1_7133	4558	4359	1515.16	19.0264
lcl|NC_037640.1_mrna_XM_016911444.2_7134	4184	3985	1965.84	27.0026
lcl|NC_037640.1_mrna_XM_624131.6_7135	1949	1750	190.086	5.94563
lcl|NC_037640.1_mrna_XM_006566787.3_7136	1369	1170	701.914	32.8385
lcl|NC_037640.1_mrna_XM_006566797.3_7137	2431	2232	827	20.2813
lcl|NC_037640.1_mrna_XM_395364.6_7138	2524	2325	1725	40.6117
lcl|NC_037640.1_mrna_XM_006566795.3_7139	2090	1891	569.888	16.4962
lcl|NC_037640.1_mrna_XM_624101.6_7140	2070	1871	745.112	21.7988
lcl|NC_037640.1_mrna_XM_016911243.2_7141	1849	1650	245.544	8.14574
lcl|NC_037640.1_mrna_XM_016911244.2_7142	1677	1478	134.314	4.97431
lcl|NC_037640.1_mrna_XM_016911245.2_7143	1666	1467	151.456	5.65121
lcl|NC_037640.1_mrna_XM_016911242.2_7144	1568	1369	1510.69	60.4027
lcl|NC_037640.1_mrna_XM_006566788.3_7145	5307	5108	247.653	2.65386
lcl|NC_037640.1_mrna_XM_001120785.5_7146	5222	5023	4834.35	52.6817
lcl|NC_037640.1_mrna_XM_026439654.1_7147	2085	1886	5.47725	0.158967
lcl|NC_037640.1_miscrna_XR_003304351.1_7148	4226	4027	7.0985	0.0964873
lcl|NC_037640.1_miscrna_XR_410793.3_7149	4235	4036	0.42425	0.00575382
lcl|NC_037640.1_ncrna_XR_003304352.1_7150	846	647	7	0.592215
lcl|NC_037640.1_mrna_XM_006566799.3_7151	2002	1803	1324.77	40.2189
lcl|NC_037640.1_mrna_XM_396540.7_7152	2793	2594	641.231	13.531
lcl|NC_037640.1_mrna_XM_016911383.2_7153	6590	6391	1345.64	11.5251
lcl|NC_037640.1_mrna_XM_397268.6_7154	6545	6346	395.258	3.40931
lcl|NC_037640.1_mrna_XM_016911384.2_7155	5398	5199	0.0988437	0.00104067
lcl|NC_037640.1_mrna_XM_006567949.3_7156	1065	866	176.209	11.1377
lcl|NC_037640.1_mrna_XM_006567946.3_7157	1142	943	680.42	39.4958
lcl|NC_037640.1_mrna_XM_006567947.3_7158	1038	839	643.834	42.0046
lcl|NC_037640.1_mrna_XM_006567948.3_7159	991	792	210.537	14.5509
lcl|NC_037640.1_mrna_XM_392826.7_7160	1367	1168	1327	62.189
lcl|NC_037640.1_mrna_XM_006567952.3_7161	6348	6149	277.967	2.47442
lcl|NC_037640.1_mrna_XM_006567951.3_7162	6500	6301	59.6947	0.518575
lcl|NC_037640.1_mrna_XM_016911376.2_7163	6405	6206	611.331	5.392
lcl|NC_037640.1_mrna_XM_016911375.2_7164	6461	6262	0.00729199	6.37409e-05
lcl|NC_037640.1_mrna_XM_001121007.5_7165	2310	2111	161.666	4.19194
lcl|NC_037640.1_mrna_XM_016911378.2_7166	2659	2460	185.309	4.12332
lcl|NC_037640.1_mrna_XM_016911377.2_7167	2423	2224	1349.02	33.2025
lcl|NC_037640.1_mrna_XM_003251102.4_7168	557	358	6182	945.216
lcl|NC_037640.1_mrna_XM_006567953.3_7169	7767	7568	0	0
lcl|NC_037640.1_mrna_XM_006567955.3_7170	7764	7565	55.3967	0.40083
lcl|NC_037640.1_mrna_XM_006567954.3_7171	7764	7565	20.2932	0.146834
lcl|NC_037640.1_mrna_XM_006567957.3_7172	7656	7457	0	0
lcl|NC_037640.1_mrna_XM_006567956.3_7173	7745	7546	13.9897	0.101479
lcl|NC_037640.1_mrna_XM_623562.5_7174	7634	7435	782.32	5.75956
lcl|NC_037640.1_ncrna_XR_003304282.1_7175	1546	1347	1	0.0406366
lcl|NC_037640.1_ncrna_XR_003304281.1_7176	459	260	0	0
lcl|NC_037640.1_mrna_XM_392919.7_7177	1101	902	383.508	23.2731
lcl|NC_037640.1_mrna_XM_003251104.4_7178	1082	883	639.902	39.6678
lcl|NC_037640.1_mrna_XM_006567962.3_7179	872	673	25.5893	2.08127
lcl|NC_037640.1_miscrna_XR_411049.3_7180	9709	9510	3020.07	17.3829
lcl|NC_037640.1_mrna_XM_006567961.3_7181	8423	8224	25.3238	0.168551
lcl|NC_037640.1_mrna_XM_006567960.3_7182	8444	8245	177.809	1.18045
lcl|NC_037640.1_mrna_XM_026439520.1_7183	9123	8924	620.794	3.80779
lcl|NC_037640.1_mrna_XM_395640.5_7184	1803	1604	171.912	5.86661
lcl|NC_037640.1_mrna_XM_006567958.2_7185	1668	1469	0.0880179	0.0032797
lcl|NC_037640.1_mrna_XM_006567963.3_7186	3126	2927	371.579	6.94886
lcl|NC_037640.1_mrna_XM_006567964.3_7187	2922	2723	1.05985e-06	2.13049e-08
lcl|NC_037640.1_mrna_XM_026439521.1_7188	2677	2478	2161.42	47.7445
lcl|NC_037640.1_mrna_XM_016911191.2_7189	1491	1292	54.7121	2.31796
lcl|NC_037640.1_mrna_XM_001121254.5_7190	1655	1456	110.288	4.14621
lcl|NC_037640.1_mrna_XM_392921.6_7191	910	711	1818.02	139.964
lcl|NC_037640.1_mrna_XM_003251105.3_7192	1031	832	516.977	34.0121
lcl|NC_037640.1_mrna_XM_003251107.3_7193	916	717	43.7114	3.33703
lcl|NC_037640.1_mrna_XM_003251108.2_7194	621	422	6623.29	859.106
lcl|NC_037640.1_mrna_XM_395729.7_7195	1530	1331	562	23.1123
lcl|NC_037640.1_mrna_XM_026439524.1_7196	1310	1111	110	5.41956
lcl|NC_037640.1_mrna_XM_006567966.3_7197	2065	1866	562.037	16.4869
lcl|NC_037640.1_mrna_XM_006567965.2_7198	2220	2021	62.9635	1.70533
lcl|NC_037640.1_mrna_XM_623903.6_7199	1546	1347	272.532	11.0748
lcl|NC_037640.1_mrna_XM_623933.6_7200	2192	1993	2027.23	55.6776
lcl|NC_037640.1_mrna_XM_006567968.3_7201	2550	2351	709.24	16.513
lcl|NC_037640.1_mrna_XM_016911318.2_7202	761	562	9	0.87658
lcl|NC_037640.1_trna_7203	73	3.5471	0	0
lcl|NC_037640.1_trna_7204	73	3.5471	0	0
lcl|NC_037640.1_mrna_XM_016911319.2_7205	5492	5293	312.419	3.23088
lcl|NC_037640.1_mrna_XM_016911321.2_7206	5441	5242	295.271	3.08326
lcl|NC_037640.1_mrna_XM_016911322.2_7207	7583	7384	53.4903	0.396523
lcl|NC_037640.1_mrna_XM_623988.6_7208	7629	7430	280.642	2.06752
lcl|NC_037640.1_mrna_XM_016911320.2_7209	5325	5126	52.1773	0.55717
lcl|NC_037640.1_mrna_XM_026439470.1_7210	6593	6394	593	5.07653
lcl|NC_037640.1_ncrna_XR_003304483.1_7211	121	5.0996	0	0
lcl|NC_037640.1_mrna_XM_026439731.1_7212	2848	2649	701.489	14.4952
lcl|NC_037640.1_mrna_XM_026439728.1_7213	3074	2875	1857.97	35.3741
lcl|NC_037640.1_ncrna_XR_003304388.1_7214	627	428	10.7213	1.37116
lcl|NC_037640.1_mrna_XM_026439725.1_7215	3224	3025	168.502	3.04905
lcl|NC_037640.1_mrna_XM_026439729.1_7216	2977	2778	153.037	3.01543
lcl|NC_037640.1_mrna_XM_026439730.1_7217	2899	2700	108.461	2.19884
lcl|NC_037640.1_mrna_XM_026439727.1_7218	2962	2763	590.544	11.6992
lcl|NC_037640.1_mrna_XM_026439726.1_7219	2973	2774	0	0
lcl|NC_037640.1_mrna_XM_026439721.1_7220	9299	9100	0	0
lcl|NC_037640.1_mrna_XM_026439720.1_7221	9553	9354	0	0
lcl|NC_037640.1_mrna_XM_026439724.1_7222	9540	9341	52.4222	0.30719
lcl|NC_037640.1_mrna_XM_026439722.1_7223	9499	9300	0	0
lcl|NC_037640.1_mrna_XM_026439723.1_7224	11731	11532	1219.58	5.78882
lcl|NC_037640.1_mrna_XM_006567971.3_7225	2707	2508	0	0
lcl|NC_037640.1_mrna_XM_624402.6_7226	2730	2531	45	0.973208
lcl|NC_037640.1_mrna_XM_395083.7_7227	1428	1229	188.708	8.40475
lcl|NC_037640.1_mrna_XM_016911505.2_7228	1453	1254	129.234	5.64113
lcl|NC_037640.1_mrna_XM_016911504.2_7229	1264	1065	90.057	4.62864
lcl|NC_037640.1_mrna_XM_006567975.3_7230	5787	5588	0	0
lcl|NC_037640.1_mrna_XM_006567976.3_7231	5699	5500	2031.25	20.2156
lcl|NC_037640.1_mrna_XM_003251110.4_7232	5729	5530	3.42173e-06	3.38692e-08
lcl|NC_037640.1_mrna_XM_026439403.1_7233	5193	4994	0	0
lcl|NC_037640.1_mrna_XM_006567974.3_7234	2463	2264	187.139	4.52452
lcl|NC_037640.1_ncrna_XR_003304248.1_7235	1251	1052	9	0.468287
lcl|NC_037640.1_mrna_XM_016911349.2_7236	5329	5130	693.427	7.39893
lcl|NC_037640.1_mrna_XM_016911343.2_7237	6411	6212	16.5244	0.145606
lcl|NC_037640.1_mrna_XM_016911341.2_7238	6484	6285	6.53049e-06	5.68756e-08
lcl|NC_037640.1_mrna_XM_016911340.2_7239	6777	6578	0	0
lcl|NC_037640.1_mrna_XM_016911350.2_7240	6112	5913	0	0
lcl|NC_037640.1_mrna_XM_016911344.2_7241	6292	6093	0	0
lcl|NC_037640.1_mrna_XM_016911342.2_7242	6224	6025	0	0
lcl|NC_037640.1_mrna_XM_016911347.2_7243	6267	6068	0	0
lcl|NC_037640.1_mrna_XM_393346.7_7244	6251	6052	351.387	3.17813
lcl|NC_037640.1_mrna_XM_016911346.2_7245	6272	6073	0	0
lcl|NC_037640.1_mrna_XM_016911345.2_7246	6281	6082	0	0
lcl|NC_037640.1_mrna_XM_016911351.2_7247	6294	6095	329.467	2.95885
lcl|NC_037640.1_mrna_XM_016911348.2_7248	5433	5234	110.195	1.15243
lcl|NC_037640.1_mrna_XM_001121818.5_7249	1482	1283	1299	55.4202
lcl|NC_037640.1_mrna_XM_006567987.3_7250	7751	7552	134.057	0.971657
lcl|NC_037640.1_mrna_XM_006567984.3_7251	7475	7276	62.9934	0.473901
lcl|NC_037640.1_mrna_XM_006567985.3_7252	7465	7266	3.23861e-07	2.43977e-09
lcl|NC_037640.1_mrna_XM_006567986.3_7253	7335	7136	3.51123e-06	2.69333e-08
lcl|NC_037640.1_mrna_XM_016911287.2_7254	7039	6840	194.011	1.55259
lcl|NC_037640.1_mrna_XM_006567988.3_7255	10936	10737	649.338	3.31034
lcl|NC_037640.1_ncrna_XR_411064.3_7256	1582	1383	0	0
lcl|NC_037640.1_ncrna_XR_001702425.2_7257	1317	1118	1	0.0489602
lcl|NC_037640.1_ncrna_XR_411063.3_7258	2428	2229	0	0
lcl|NC_037640.1_mrna_XM_026439777.1_7259	2142	1943	0	0
lcl|NC_037640.1_mrna_XM_026439779.1_7260	1045	846	1	0.0647016
lcl|NC_037640.1_mrna_XM_393347.6_7261	1129	930	614	36.1385
lcl|NC_037640.1_mrna_XM_006567993.3_7262	9471	9272	0.00247783	1.4628e-05
lcl|NC_037640.1_mrna_XM_006567995.3_7263	9429	9230	2368.18	14.0442
lcl|NC_037640.1_mrna_XM_016911183.2_7264	9758	9559	1.85085e-08	1.05985e-10
lcl|NC_037640.1_mrna_XM_006567992.3_7265	9740	9541	412.125	2.3644
lcl|NC_037640.1_mrna_XM_006567996.3_7266	9679	9480	1483.58	8.56619
lcl|NC_037640.1_mrna_XM_016911185.2_7267	9715	9516	0.014408	8.28769e-05
lcl|NC_037640.1_mrna_XM_016911184.2_7268	9357	9158	359.054	2.14607
lcl|NC_037640.1_mrna_XM_016911187.2_7269	1344	1145	1436.27	68.6621
lcl|NC_037640.1_mrna_XM_396374.6_7270	1412	1213	191.725	8.65174
lcl|NC_037640.1_mrna_XM_016911186.2_7271	2095	1896	925.57	26.7212
lcl|NC_037640.1_mrna_XM_396375.7_7272	1831	1632	951.43	31.9111
lcl|NC_037640.1_mrna_XM_026439477.1_7273	7874	7675	0.78557	0.00560263
lcl|NC_037640.1_mrna_XM_026439479.1_7274	7831	7632	141.127	1.01218
lcl|NC_037640.1_ncrna_XR_003304482.1_7275	149	6.9214	0	0
lcl|NC_037640.1_mrna_XM_026439473.1_7276	8431	8232	0.0787334	0.000523527
lcl|NC_037640.1_mrna_XM_026439476.1_7277	8316	8117	0.00198966	1.34174e-05
lcl|NC_037640.1_mrna_XM_026439478.1_7278	8247	8048	95.0041	0.646159
lcl|NC_037640.1_mrna_XM_026439474.1_7279	8388	8189	10.0217	0.0669876
lcl|NC_037640.1_mrna_XM_026439480.1_7280	7307	7108	1.46503e-06	1.1282e-08
lcl|NC_037640.1_mrna_XM_026439482.1_7281	7191	6992	1.9265e-08	1.50818e-10
lcl|NC_037640.1_mrna_XM_026439481.1_7282	7160	6961	5.25e-06	4.12832e-08
lcl|NC_037640.1_mrna_XM_016911119.2_7283	7175	6976	2.84345e-05	2.23112e-07
lcl|NC_037640.1_mrna_XM_006568399.3_7284	7112	6913	264.745	2.09626
lcl|NC_037640.1_mrna_XM_001120165.5_7285	7146	6947	6.66147e-05	5.24878e-07
lcl|NC_037640.1_miscrna_XR_003304269.1_7286	9244	9045	0	0
lcl|NC_037640.1_mrna_XM_006568398.3_7287	9044	8845	0	0
lcl|NC_037640.1_mrna_XM_006568397.3_7288	8935	8736	50.2736	0.315002
lcl|NC_037640.1_mrna_XM_026439475.1_7289	5622	5423	0	0
lcl|NC_037640.1_mrna_XM_006568395.3_7290	9059	8860	0	0
lcl|NC_037640.1_mrna_XM_006568396.3_7291	8948	8749	86.1288	0.538859
lcl|NC_037640.1_mrna_XM_006568400.3_7292	7013	6814	970.393	7.79526
lcl|NC_037640.1_mrna_XM_006568401.3_7293	8721	8522	49.7666	0.319655
lcl|NC_037640.1_ncrna_XR_411184.3_7294	2041	1842	62.6743	1.86245
lcl|NC_037640.1_mrna_XM_026439492.1_7295	4876	4677	71.1964	0.833251
lcl|NC_037640.1_mrna_XM_026439488.1_7296	4859	4660	0	0
lcl|NC_037640.1_mrna_XM_026439490.1_7297	4846	4647	0	0
lcl|NC_037640.1_mrna_XM_026439493.1_7298	3672	3473	0	0
lcl|NC_037640.1_mrna_XM_026439485.1_7299	7526	7327	0	0
lcl|NC_037640.1_mrna_XM_026439496.1_7300	7439	7240	0	0
lcl|NC_037640.1_mrna_XM_026439487.1_7301	7029	6830	0	0
lcl|NC_037640.1_mrna_XM_026439491.1_7302	6892	6693	1.79895	0.0147124
lcl|NC_037640.1_mrna_XM_026439486.1_7303	4668	4469	0	0
lcl|NC_037640.1_mrna_XM_026439489.1_7304	4446	4247	0	0
lcl|NC_037640.1_mrna_XM_026439495.1_7305	3133	2934	132.379	2.4697
lcl|NC_037640.1_mrna_XM_026439494.1_7306	3939	3740	0	0
lcl|NC_037640.1_mrna_XM_026439497.1_7307	3851	3652	47.7091	0.715081
lcl|NC_037640.1_mrna_XM_026439484.1_7308	3159	2960	0.00193347	3.57545e-05
lcl|NC_037640.1_mrna_XM_394400.6_7309	3944	3745	2379.31	34.7764
lcl|NC_037640.1_mrna_XM_026439748.1_7310	5670	5471	0.0124391	0.000124454
lcl|NC_037640.1_mrna_XM_026439752.1_7311	5601	5402	1.73692e-05	1.75999e-07
lcl|NC_037640.1_mrna_XM_026439750.1_7312	5662	5463	25.1343	0.251838
lcl|NC_037640.1_mrna_XM_026439757.1_7313	5502	5303	886.174	9.14709
lcl|NC_037640.1_mrna_XM_026439753.1_7314	5570	5371	1113.12	11.3442
lcl|NC_037640.1_mrna_XM_026439754.1_7315	3183	2984	39.2977	0.720865
lcl|NC_037640.1_mrna_XM_026439755.1_7316	3868	3669	239.771	3.57712
lcl|NC_037640.1_mrna_XM_394399.7_7317	5626	5427	0	0
lcl|NC_037640.1_mrna_XM_026439756.1_7318	3028	2829	2.15588e-08	4.17136e-10
lcl|NC_037640.1_mrna_XM_026439751.1_7319	5636	5437	0	0
lcl|NC_037640.1_mrna_XM_006568407.3_7320	5609	5410	0	0
lcl|NC_037640.1_mrna_XM_006568408.3_7321	5595	5396	4.65842e-06	4.72555e-08
lcl|NC_037640.1_mrna_XM_006568410.3_7322	5567	5368	2.23161	0.0227558
lcl|NC_037640.1_mrna_XM_006568411.3_7323	5558	5359	6275.81	64.102
lcl|NC_037640.1_mrna_XM_016911300.2_7324	1439	1240	932	41.1414
lcl|NC_037640.1_mrna_XM_001120447.5_7325	975	776	1736	122.454
lcl|NC_037640.1_mrna_XM_026439759.1_7326	1099	900	217.792	13.246
lcl|NC_037640.1_mrna_XM_623932.5_7327	1067	868	265.208	16.7244
lcl|NC_037640.1_mrna_XM_016911086.2_7328	6416	6217	0	0
lcl|NC_037640.1_mrna_XM_016911084.2_7329	6685	6486	0	0
lcl|NC_037640.1_mrna_XM_006568419.3_7330	6687	6488	0	0
lcl|NC_037640.1_miscrna_XR_411188.3_7331	6576	6377	99.7377	0.856108
lcl|NC_037640.1_mrna_XM_016911085.2_7332	6602	6403	176.574	1.50949
lcl|NC_037640.1_mrna_XM_016911087.2_7333	7588	7389	277.604	2.05648
lcl|NC_037640.1_ncrna_XR_411190.3_7334	594	395	16	2.21722
lcl|NC_037640.1_ncrna_XR_003304261.1_7335	579	380	495.015	71.305
lcl|NC_037640.1_mrna_XM_016911090.2_7336	4190	3991	300.494	4.12135
lcl|NC_037640.1_miscrna_XR_003304257.1_7337	2589	2390	0	0
lcl|NC_037640.1_miscrna_XR_003304256.1_7338	2567	2368	235.487	5.44341
lcl|NC_037640.1_miscrna_XR_001702317.2_7339	2585	2386	75.9212	1.74172
lcl|NC_037640.1_mrna_XM_623062.6_7340	4427	4228	5150.43	66.6797
lcl|NC_037640.1_mrna_XM_006568435.3_7341	4465	4266	706.032	9.05918
lcl|NC_037640.1_mrna_XM_006568434.3_7342	775	576	19	1.80558
lcl|NC_037640.1_mrna_XM_016911078.2_7343	2772	2573	8362.95	177.912
lcl|NC_037640.1_mrna_XM_016911077.2_7344	2793	2594	0.446946	0.00943127
lcl|NC_037640.1_mrna_XM_026439434.1_7345	928	729	741.135	55.6487
lcl|NC_037640.1_ncrna_XR_001702314.2_7346	260	61.0822	0	0
lcl|NC_037640.1_ncrna_XR_411193.3_7347	1155	956	13.8298	0.791853
lcl|NC_037640.1_ncrna_XR_001702309.2_7348	3119	2920	42.7225	0.800865
lcl|NC_037640.1_ncrna_XR_001702307.2_7349	3052	2853	703.621	13.4996
lcl|NC_037640.1_ncrna_XR_001702306.2_7350	3352	3153	0	0
lcl|NC_037640.1_ncrna_XR_003304259.1_7351	2568	2369	166.018	3.83597
lcl|NC_037640.1_ncrna_XR_003304260.1_7352	2204	2005	4.63851	0.126634
lcl|NC_037640.1_mrna_XM_026439432.1_7353	1737	1538	176.254	6.27291
lcl|NC_037640.1_mrna_XM_026439435.1_7354	687	488	0	0
lcl|NC_037640.1_miscrna_XR_003304258.1_7355	2100	1901	155	4.46308
lcl|NC_037640.1_mrna_NM_001134828.1_7356	1489	1290	1595.75	67.711
lcl|NC_037640.1_mrna_NM_001112672.2_7357	1701	1502	940.314	34.268
lcl|NC_037640.1_mrna_XM_006568381.3_7358	1572	1373	20.8424	0.830927
lcl|NC_037640.1_mrna_XM_006568382.3_7359	1831	1632	226.893	7.61002
lcl|NC_037640.1_mrna_XM_006568380.3_7360	1768	1569	34.9503	1.21931
lcl|NC_037640.1_mrna_NM_001112670.1_7361	3328	3129	163.885	2.86695
lcl|NC_037640.1_mrna_XM_006568384.3_7362	3601	3402	315.276	5.07274
lcl|NC_037640.1_mrna_XM_006568385.3_7363	3427	3228	1067.83	18.1073
lcl|NC_037640.1_mrna_XM_006568388.2_7364	3242	3043	736.553	13.2491
lcl|NC_037640.1_mrna_XM_006568386.3_7365	3837	3638	1498.6	22.5481
lcl|NC_037640.1_mrna_XM_026439355.1_7366	3005	2806	1050.06	20.484
lcl|NC_037640.1_mrna_XM_006568387.3_7367	3020	2821	13.2815	0.257709
lcl|NC_037640.1_mrna_XM_026439354.1_7368	3429	3230	31.5047	0.533897
lcl|NC_037640.1_ncrna_XR_001702301.2_7369	496	297	1	0.184301
lcl|NC_037640.1_ncrna_XR_003304457.1_7370	1509	1310	5	0.208922
lcl|NC_037640.1_ncrna_XR_003304454.1_7371	3183	2984	40.5986	0.744728
lcl|NC_037640.1_ncrna_XR_003304455.1_7372	3036	2837	27.5599	0.531745
lcl|NC_037640.1_mrna_XM_623744.5_7373	1096	897	126	7.68889
lcl|NC_037640.1_mrna_XM_026439885.1_7374	1863	1664	0	0
lcl|NC_037640.1_mrna_XM_026439888.1_7375	1834	1635	392.4	13.137
lcl|NC_037640.1_mrna_XM_026439886.1_7376	1759	1560	2765.6	97.0398
lcl|NC_037640.1_mrna_XM_016911075.2_7377	997	798	46	3.1553
lcl|NC_037640.1_mrna_XM_026439650.1_7378	1857	1658	199	6.56983
lcl|NC_037640.1_ncrna_XR_120424.4_7379	1294	1095	78	3.89911
lcl|NC_037640.1_precursorrna_NR_127316.1_7380	79	3.6828	0	0
lcl|NC_037640.1_ncrna_7381	21	2.72438	0	0
lcl|NC_037640.1_ncrna_XR_003304456.1_7382	2346	2147	16	0.407918
lcl|NC_037640.1_ncrna_XR_411202.3_7383	2206	2007	448	12.2184
lcl|NC_037640.1_ncrna_XR_003304453.1_7384	442	243	24	5.40618
lcl|NC_037640.1_mrna_XM_006568455.3_7385	5045	4846	139.635	1.57723
lcl|NC_037640.1_mrna_XM_006568453.3_7386	5713	5514	1.34762e-05	1.33778e-07
lcl|NC_037640.1_mrna_XM_006568456.3_7387	5679	5480	1731.97	17.2999
lcl|NC_037640.1_mrna_XM_006568454.2_7388	4941	4742	11.9582	0.138035
lcl|NC_037640.1_ncrna_XR_411210.3_7389	2883	2684	11	0.224334
lcl|NC_037640.1_ncrna_XR_003304242.1_7390	2269	2070	13.0186	0.344253
lcl|NC_037640.1_ncrna_XR_003304241.1_7391	2187	1988	51.6339	1.42169
lcl|NC_037640.1_ncrna_XR_003304243.1_7392	2079	1880	55.3476	1.61148
lcl|NC_037640.1_mrna_XM_001121255.5_7393	760	561	314.915	30.7267
lcl|NC_037640.1_mrna_XM_016911423.2_7394	1445	1246	10.0853	0.443053
lcl|NC_037640.1_mrna_XM_394396.6_7395	2555	2356	2133.16	49.5602
lcl|NC_037640.1_ncrna_XR_003304280.1_7396	844	645	45	3.8189
lcl|NC_037640.1_miscrna_XR_411215.3_7397	2151	1952	54.9761	1.54163
lcl|NC_037640.1_mrna_XM_006568458.3_7398	2116	1917	428.865	12.2457
lcl|NC_037640.1_ncrna_XR_003304254.1_7399	2691	2492	459	10.0821
lcl|NC_037640.1_mrna_XM_026439651.1_7400	634	435	913.395	114.936
lcl|NC_037640.1_mrna_XM_026439429.1_7401	444	245	8.98734	2.00794
lcl|NC_037640.1_mrna_XM_026439426.1_7402	3913	3714	271.369	3.99947
lcl|NC_037640.1_mrna_XM_026439425.1_7403	3185	2986	2568.51	47.0844
lcl|NC_037640.1_mrna_XM_026439427.1_7404	2861	2662	6466.67	132.971
lcl|NC_037640.1_mrna_XM_006568467.3_7405	2301	2102	195	5.07794
lcl|NC_037640.1_mrna_XM_016911158.2_7406	1285	1086	210.912	10.6306
lcl|NC_037640.1_mrna_XM_006568468.3_7407	1238	1039	588.401	30.9987
lcl|NC_037640.1_mrna_XM_016911160.2_7408	1223	1024	829.775	44.3553
lcl|NC_037640.1_mrna_XM_016911159.2_7409	1249	1050	179.912	9.37899
lcl|NC_037640.1_mrna_XM_026439421.1_7410	17749	17550	15935.7	49.7025
lcl|NC_037640.1_mrna_XM_026439420.1_7411	16046	15847	64.9566	0.224368
lcl|NC_037640.1_mrna_XM_026439424.1_7412	15848	15649	18.149	0.0634822
lcl|NC_037640.1_mrna_XM_026439423.1_7413	15930	15731	141.906	0.493777
lcl|NC_037640.1_mrna_XM_026439422.1_7414	15945	15746	186.878	0.649641
lcl|NC_037640.1_ncrna_XR_001702342.2_7415	2348	2149	6	0.152827
lcl|NC_037640.1_ncrna_XR_003304255.1_7416	1621	1422	12	0.46192
lcl|NC_037640.1_ncrna_XR_001702340.1_7417	327	128	10	4.27637
lcl|NC_037640.1_mrna_XM_016911361.2_7418	2674	2475	59.879	1.3243
lcl|NC_037640.1_mrna_XM_026439865.1_7419	2426	2227	77.121	1.89556
lcl|NC_037640.1_mrna_XM_393566.7_7420	937	738	55.5903	4.12314
lcl|NC_037640.1_mrna_XM_006568469.3_7421	1021	822	69.6913	4.64079
lcl|NC_037640.1_mrna_XM_006568470.2_7422	986	787	476.016	33.1079
lcl|NC_037640.1_mrna_XM_016911366.2_7423	1024	825	0.70231	0.0465973
lcl|NC_037640.1_mrna_XM_016911362.2_7424	4373	4174	13.8364	0.18145
lcl|NC_037640.1_mrna_XM_016911364.2_7425	2113	1914	13.0065	0.371965
lcl|NC_037640.1_mrna_XM_016911363.2_7426	4323	4124	354.174	4.70092
lcl|NC_037640.1_mrna_XM_016911365.2_7427	3958	3759	822.88	11.9826
lcl|NC_037640.1_ncrna_XR_003304451.1_7428	1218	1019	198.838	10.681
lcl|NC_037640.1_mrna_XM_623916.6_7429	2799	2600	454	9.55802
lcl|NC_037640.1_mrna_XM_016912184.2_7430	1012	813	59.4985	4.00591
lcl|NC_037640.1_mrna_NM_001172379.1_7431	1101	902	1681	102.011
lcl|NC_037640.1_mrna_XM_003251296.4_7432	1648	1449	192.13	7.25791
lcl|NC_037640.1_ncrna_XR_003304443.1_7433	1038	839	18.8701	1.23111
lcl|NC_037640.1_miscrna_XR_001702594.2_7434	2933	2734	0	0
lcl|NC_037640.1_miscrna_XR_003304437.1_7435	2690	2491	4.39473	0.0965704
lcl|NC_037640.1_miscrna_XR_003304442.1_7436	2519	2320	0	0
lcl|NC_037640.1_miscrna_XR_003304435.1_7437	2643	2444	0	0
lcl|NC_037640.1_miscrna_XR_003304439.1_7438	2350	2151	21.1553	0.53835
lcl|NC_037640.1_miscrna_XR_003304441.1_7439	2124	1925	58.2233	1.65558
lcl|NC_037640.1_miscrna_XR_003304440.1_7440	2703	2504	0	0
lcl|NC_037640.1_miscrna_XR_001702591.2_7441	2745	2546	0	0
lcl|NC_037640.1_miscrna_XR_003304436.1_7442	2283	2084	0	0
lcl|NC_037640.1_miscrna_XR_003304438.1_7443	2219	2020	22.6594	0.614019
lcl|NC_037640.1_miscrna_XR_411480.3_7444	2501	2302	0	0
lcl|NC_037640.1_mrna_XM_006569256.2_7445	1590	1391	37.2702	1.46663
lcl|NC_037640.1_mrna_XM_006569258.3_7446	1336	1137	0	0
lcl|NC_037640.1_ncrna_XR_001702633.2_7447	746	547	8	0.800549
lcl|NC_037640.1_mrna_XM_006569260.3_7448	1166	967	5.43927	0.307893
lcl|NC_037640.1_miscrna_XR_411483.3_7449	1414	1215	8.56073	0.385674
lcl|NC_037640.1_mrna_XM_003251295.4_7450	1611	1412	32.8372	1.27297
lcl|NC_037640.1_mrna_XM_006569255.3_7451	1568	1369	60.1628	2.40552
lcl|NC_037640.1_ncrna_XR_003304250.1_7452	595	396	0	0
lcl|NC_037640.1_ncrna_XR_003304251.1_7453	1420	1221	0	0
lcl|NC_037640.1_mrna_XM_006569201.3_7454	1232	1033	16.9994	0.900779
lcl|NC_037640.1_mrna_NM_001172389.1_7455	1026	827	73.0006	4.83177
lcl|NC_037640.1_mrna_XM_026439847.1_7456	1511	1312	276	11.5149
lcl|NC_037640.1_mrna_XM_026439848.1_7457	1355	1156	1.34796e-06	6.38271e-08
lcl|NC_037640.1_mrna_XM_026439846.1_7458	2305	2106	0	0
lcl|NC_037640.1_mrna_XM_026439845.1_7459	2388	2189	251	6.27644
lcl|NC_037640.1_mrna_XM_003251306.4_7460	1435	1236	207	9.16721
lcl|NC_037640.1_mrna_XM_625177.4_7461	861	662	750	62.0138
lcl|NC_037640.1_mrna_XM_006569253.3_7462	1165	966	2019	114.405
lcl|NC_037640.1_mrna_XM_006569252.3_7463	1968	1769	911	28.1888
lcl|NC_037640.1_mrna_XM_006569248.3_7464	1882	1683	133.571	4.34425
lcl|NC_037640.1_mrna_XM_393560.7_7465	2183	1984	283.429	7.81965
lcl|NC_037640.1_mrna_XM_003251305.4_7466	2001	1802	180	5.46768
lcl|NC_037640.1_ncrna_XR_411464.3_7467	1480	1281	8	0.341843
lcl|NC_037640.1_mrna_XM_001121893.5_7468	536	337	41	6.65946
lcl|NC_037640.1_mrna_XM_026439676.1_7469	1520	1321	13.9328	0.577324
lcl|NC_037640.1_mrna_XM_396054.7_7470	1642	1443	201.067	7.62711
lcl|NC_037640.1_mrna_XM_006569247.3_7471	2442	2243	1462	35.6782
lcl|NC_037640.1_mrna_XM_625186.5_7472	2125	1926	112	3.18308
lcl|NC_037640.1_mrna_XM_006569246.3_7473	3116	2917	340	6.3801
lcl|NC_037640.1_ncrna_XR_003304423.1_7474	252	53.2554	2.76536	2.84232
lcl|NC_037640.1_mrna_XM_006569245.3_7475	1085	886	212.244	13.1125
lcl|NC_037640.1_mrna_XM_003251304.4_7476	1126	927	361.756	21.361
lcl|NC_037640.1_mrna_XM_026439802.1_7477	1569	1370	320.837	12.8189
lcl|NC_037640.1_mrna_XM_006569243.3_7478	1877	1678	724.046	23.6189
lcl|NC_037640.1_mrna_XM_001119921.5_7479	1263	1064	381.504	19.6265
lcl|NC_037640.1_mrna_XM_006569244.3_7480	1224	1025	37.4964	2.0024
lcl|NC_037640.1_mrna_XM_006569242.3_7481	2386	2187	878	21.9751
lcl|NC_037640.1_ncrna_XR_001702505.2_7482	615	416	0	0
lcl|NC_037640.1_ncrna_XR_411463.2_7483	688	489	10	1.11938
lcl|NC_037640.1_mrna_XM_016911312.2_7484	5071	4872	5.78642	0.0650112
lcl|NC_037640.1_mrna_XM_016911310.2_7485	5101	4902	0	0
lcl|NC_037640.1_mrna_XM_396407.6_7486	4951	4752	34.4575	0.39691
lcl|NC_037640.1_mrna_XM_016911313.2_7487	5856	5657	10.2864	0.0995322
lcl|NC_037640.1_mrna_XM_006569236.3_7488	5737	5538	37.766	0.373279
lcl|NC_037640.1_mrna_XM_026439827.1_7489	4878	4679	0	0
lcl|NC_037640.1_mrna_XM_006569237.3_7490	4757	4558	0	0
lcl|NC_037640.1_mrna_XM_006569238.3_7491	5137	4938	30.0857	0.333499
lcl|NC_037640.1_mrna_XM_006569235.3_7492	4399	4200	0	0
lcl|NC_037640.1_mrna_XM_006569241.3_7493	4576	4377	3.61798	0.0452454
lcl|NC_037640.1_ncrna_XR_001702559.2_7494	1440	1241	73	3.21986
lcl|NC_037640.1_mrna_XM_006569233.3_7495	6655	6456	111.315	0.943794
lcl|NC_037640.1_mrna_XM_003251299.4_7496	6656	6457	479.685	4.0664
lcl|NC_037640.1_ncrna_XR_001702569.2_7497	2229	2030	39.3528	1.06112
lcl|NC_037640.1_ncrna_XR_003304244.1_7498	1769	1570	0	0
lcl|NC_037640.1_ncrna_XR_001702570.2_7499	1761	1562	34.972	1.22553
lcl|NC_037640.1_ncrna_XR_003304245.1_7500	1179	980	31.4506	1.75666
lcl|NC_037640.1_ncrna_XR_001702571.2_7501	2129	1930	8.09411	0.229561
lcl|NC_037640.1_ncrna_XR_001702572.2_7502	1793	1594	16.3992	0.563143
lcl|NC_037640.1_ncrna_XR_001702576.2_7503	2120	1921	0	0
lcl|NC_037640.1_ncrna_XR_001702568.2_7504	2111	1912	0	0
lcl|NC_037640.1_ncrna_XR_001702573.2_7505	1640	1441	0	0
lcl|NC_037640.1_ncrna_XR_001702575.2_7506	2051	1852	0.357605	0.0105693
lcl|NC_037640.1_ncrna_XR_001702574.2_7507	2046	1847	10.8418	0.321306
lcl|NC_037640.1_mrna_XM_016911451.2_7508	2239	2040	0	0
lcl|NC_037640.1_mrna_XM_016911450.2_7509	2206	2007	940	25.6369
lcl|NC_037640.1_ncrna_XR_001702578.2_7510	648	449	29	3.53539
lcl|NC_037640.1_mrna_XM_001120448.5_7511	1752	1553	108	3.8066
lcl|NC_037640.1_miscrna_XR_003304374.1_7512	1640	1441	0	0
lcl|NC_037640.1_mrna_XM_016911073.2_7513	470	271	182	36.761
lcl|NC_037640.1_mrna_XM_026439738.1_7514	4668	4469	590.082	7.22749
lcl|NC_037640.1_mrna_XM_026439739.1_7515	4784	4585	614.144	7.33189
lcl|NC_037640.1_mrna_XM_026439740.1_7516	3820	3621	296.774	4.48624
lcl|NC_037640.1_precursorrna_NR_127330.1_7517	78	3.65937	0	0
lcl|NC_037640.1_ncrna_7518	22	2.73612	0	0
lcl|NC_037640.1_mrna_XM_026439737.1_7519	10052	9853	1380.69	7.67032
lcl|NC_037640.1_mrna_XM_026439736.1_7520	10147	9948	0.00107952	5.93993e-06
lcl|NC_037640.1_ncrna_XR_411446.3_7521	900	701	20.0137	1.56277
lcl|NC_037640.1_ncrna_XR_001702602.2_7522	384	185	6.98628	2.06709
lcl|NC_037640.1_ncrna_XR_411445.3_7523	589	390	0	0
lcl|NC_037640.1_ncrna_XR_001702600.2_7524	1090	891	0	0
lcl|NC_037640.1_ncrna_XR_001702601.2_7525	1054	855	8.86137	0.567309
lcl|NC_037640.1_mrna_XM_001120679.5_7526	2352	2153	1662.14	42.258
lcl|NC_037640.1_mrna_XM_392265.7_7527	1659	1460	458	17.1711
lcl|NC_037640.1_mrna_XM_006569226.3_7528	1812	1613	196.307	6.66173
lcl|NC_037640.1_mrna_XM_392264.6_7529	2288	2089	13.1413	0.344338
lcl|NC_037640.1_miscrna_XR_411442.3_7530	2351	2152	30.497	0.775711
lcl|NC_037640.1_ncrna_XR_411444.3_7531	3011	2812	79.8711	1.55475
lcl|NC_037640.1_ncrna_XR_001702380.2_7532	2613	2414	17.5989	0.399055
lcl|NC_037640.1_mrna_XM_006569224.3_7533	2465	2266	39.6965	0.958909
lcl|NC_037640.1_mrna_XM_006569223.3_7534	2467	2268	1561.3	37.6816
lcl|NC_037640.1_mrna_XM_392263.7_7535	990	791	210	14.5321
lcl|NC_037640.1_mrna_XM_392262.6_7536	2669	2470	404	8.95302
lcl|NC_037640.1_mrna_XM_624528.6_7537	1925	1726	277.351	8.79579
lcl|NC_037640.1_mrna_XM_006569218.3_7538	2232	2033	1147.65	30.8999
lcl|NC_037640.1_ncrna_XR_411441.3_7539	1857	1658	94	3.10333
lcl|NC_037640.1_mrna_XM_394391.7_7540	1879	1680	709.549	23.1184
lcl|NC_037640.1_mrna_XM_006569221.3_7541	2153	1954	29.4092	0.823843
lcl|NC_037640.1_mrna_XM_006569219.3_7542	2142	1943	0	0
lcl|NC_037640.1_mrna_XM_006569220.3_7543	2228	2029	136.257	3.67588
lcl|NC_037640.1_mrna_XM_006569222.3_7544	1444	1245	94.7852	4.16731
lcl|NC_037640.1_mrna_XM_001120957.5_7545	4781	4582	1816	21.6943
lcl|NC_037640.1_mrna_XM_394389.7_7546	3707	3508	0	0
lcl|NC_037640.1_mrna_NM_001172378.1_7547	1203	1004	121	6.59686
lcl|NC_037640.1_ncrna_XR_003304266.1_7548	4543	4344	11.0068	0.138693
lcl|NC_037640.1_ncrna_XR_001702430.2_7549	4216	4017	0	0
lcl|NC_037640.1_ncrna_XR_001702431.2_7550	4168	3969	0	0
lcl|NC_037640.1_ncrna_XR_003304267.1_7551	3359	3160	35.6614	0.617727
lcl|NC_037640.1_ncrna_XR_003304265.1_7552	3700	3501	0	0
lcl|NC_037640.1_ncrna_XR_001702432.2_7553	3552	3353	17.3731	0.283614
lcl|NC_037640.1_mrna_XM_016911294.2_7554	1143	944	5.5624	0.322534
lcl|NC_037640.1_mrna_XM_006569212.3_7555	1119	920	0	0
lcl|NC_037640.1_mrna_XM_016911298.2_7556	1020	821	0	0
lcl|NC_037640.1_mrna_XM_006569211.3_7557	1279	1080	0	0
lcl|NC_037640.1_mrna_XM_016911297.2_7558	1169	970	0	0
lcl|NC_037640.1_mrna_XM_016911292.2_7559	3821	3622	0	0
lcl|NC_037640.1_mrna_XM_006569207.3_7560	3815	3616	0	0
lcl|NC_037640.1_mrna_XM_016911293.2_7561	3810	3611	0.956061	0.0144925
lcl|NC_037640.1_mrna_XM_016911295.2_7562	3713	3514	0	0
lcl|NC_037640.1_mrna_XM_006569208.3_7563	3803	3604	4.53427	0.0688665
lcl|NC_037640.1_mrna_XM_026439451.1_7564	1152	953	0	0
lcl|NC_037640.1_mrna_XM_016911296.2_7565	1144	945	0	0
lcl|NC_037640.1_ncrna_XR_003304400.1_7566	2441	2242	2	0.0488292
lcl|NC_037640.1_mrna_XM_006569213.3_7567	8245	8046	298.348	2.02968
lcl|NC_037640.1_mrna_XM_016911068.2_7568	4085	3886	69.0132	0.972109
lcl|NC_037640.1_mrna_XM_026439362.1_7569	5059	4860	47.0017	0.529375
lcl|NC_037640.1_ncrna_XR_001702450.2_7570	2753	2554	34	0.728691
lcl|NC_037640.1_mrna_NM_001242519.1_7571	1741	1542	1999.1	70.9634
lcl|NC_037640.1_mrna_XM_026439349.1_7572	1781	1582	376.905	13.041
lcl|NC_037640.1_mrna_XM_624331.6_7573	1754	1555	234	8.23703
lcl|NC_037640.1_mrna_XM_026439392.1_7574	1566	1367	17	0.680716
lcl|NC_037640.1_mrna_XM_006569202.3_7575	3655	3456	353.658	5.60138
lcl|NC_037640.1_mrna_XM_026439390.1_7576	2883	2684	78.342	1.59771
lcl|NC_037640.1_mrna_XM_026439391.1_7577	1250	1051	421	21.9263
lcl|NC_037640.1_miscrna_XR_003304284.1_7578	1371	1172	317.991	14.8516
lcl|NC_037640.1_mrna_XM_026439543.1_7579	1617	1418	2.34901e-07	9.06762e-09
lcl|NC_037640.1_mrna_XM_026439544.1_7580	1605	1406	1402.01	54.5822
lcl|NC_037640.1_mrna_XM_006569841.3_7581	1541	1342	444.94	18.1482
lcl|NC_037640.1_mrna_XM_026439502.1_7582	2265	2066	168.769	4.47143
lcl|NC_037640.1_mrna_XM_026439652.1_7583	11775	11576	3817.26	18.0501
lcl|NC_037640.1_mrna_XM_003251395.4_7584	899	700	170	13.2934
lcl|NC_037640.1_ncrna_XR_001702334.2_7585	2604	2405	2.68238	0.0610507
lcl|NC_037640.1_ncrna_XR_411631.2_7586	2257	2058	0	0
lcl|NC_037640.1_ncrna_XR_411636.2_7587	2146	1947	13.3176	0.374409
lcl|NC_037640.1_ncrna_XR_411635.3_7588	2272	2073	0	0
lcl|NC_037640.1_ncrna_XR_001702335.2_7589	2199	2000	0	0
lcl|NC_037640.1_ncrna_XR_003304277.1_7590	2242	2043	0	0
lcl|NC_037640.1_mrna_XM_006569845.3_7591	2649	2450	453.785	10.1384
lcl|NC_037640.1_mrna_XM_006569844.3_7592	2652	2453	350.489	7.82099
lcl|NC_037640.1_mrna_XM_006569846.3_7593	2665	2466	108.375	2.40559
lcl|NC_037640.1_mrna_XM_006569847.3_7594	2273	2074	256.352	6.7657
lcl|NC_037640.1_trna_7595	72	3.52559	0	0
lcl|NC_037640.1_mrna_XM_026439371.1_7596	9462	9263	67.2966	0.397674
lcl|NC_037640.1_mrna_XM_026439372.1_7597	9293	9094	154.091	0.927484
lcl|NC_037640.1_mrna_XM_026439374.1_7598	9121	8922	5624.61	34.5077
lcl|NC_037640.1_mrna_XM_026439375.1_7599	1096	897	606	36.9799
lcl|NC_037640.1_mrna_XM_003251397.4_7600	1618	1419	157	6.05623
lcl|NC_037640.1_mrna_XM_006569853.3_7601	890	691	758	60.0449
lcl|NC_037640.1_mrna_XM_396321.6_7602	1096	897	96	5.8582
lcl|NC_037640.1_miscrna_XR_411640.3_7603	1094	895	129.972	7.94899
lcl|NC_037640.1_mrna_XM_006569854.3_7604	1135	936	464.195	27.1463
lcl|NC_037640.1_mrna_XM_396320.4_7605	1012	813	158.833	10.6939
lcl|NC_037640.1_mrna_XM_396131.7_7606	1772	1573	4155	144.586
lcl|NC_037640.1_mrna_XM_006569855.3_7607	1624	1425	71.2785	2.73797
lcl|NC_037640.1_mrna_XM_396075.6_7608	1559	1360	181.721	7.31396
lcl|NC_037640.1_ncrna_XR_411641.3_7609	275	76.0064	0	0
lcl|NC_037640.1_mrna_XM_026439844.1_7610	5551	5352	196.859	2.01338
lcl|NC_037640.1_mrna_XM_026439843.1_7611	5649	5450	1567.14	15.7397
lcl|NC_037640.1_mrna_XM_392257.7_7612	7529	7330	847.134	6.32606
lcl|NC_037640.1_mrna_XM_006569857.3_7613	1919	1720	751	23.8999
lcl|NC_037640.1_ncrna_XR_003304283.1_7614	1898	1699	38	1.22427
lcl|NC_037640.1_mrna_XM_026439653.1_7615	1976	1777	1954	60.1897
lcl|NC_037640.1_mrna_XM_392259.7_7616	1748	1549	599	21.1671
lcl|NC_037640.1_mrna_XM_026439805.1_7617	3259	3060	0	0
lcl|NC_037640.1_mrna_XM_006569860.3_7618	3234	3035	308.877	5.57072
lcl|NC_037640.1_mrna_XM_392258.7_7619	3384	3185	4502.88	77.3867
lcl|NC_037640.1_mrna_XM_026439804.1_7620	3405	3206	0	0
lcl|NC_037640.1_mrna_XM_026439803.1_7621	2910	2711	126.268	2.54947
lcl|NC_037640.1_mrna_XM_006569859.3_7622	2235	2036	688.977	18.523
lcl|NC_037640.1_ncrna_XR_001702415.2_7623	3393	3194	19	0.325615
lcl|NC_037640.1_ncrna_XR_003304424.1_7624	302	103	0	0
lcl|NC_037640.1_mrna_XM_026439672.1_7625	1717	1518	575	20.7339
lcl|NC_037640.1_mrna_XM_394382.6_7626	2540	2341	513	11.995
lcl|NC_037640.1_mrna_XM_026439383.1_7627	5201	5002	438.509	4.79867
lcl|NC_037640.1_mrna_XM_016911134.2_7628	4863	4664	0	0
lcl|NC_037640.1_mrna_XM_026439387.1_7629	4850	4651	0	0
lcl|NC_037640.1_mrna_XM_026439388.1_7630	4821	4622	0	0
lcl|NC_037640.1_mrna_XM_026439389.1_7631	4453	4254	0	0
lcl|NC_037640.1_mrna_XM_026439384.1_7632	3258	3059	465.042	8.32143
lcl|NC_037640.1_mrna_XM_026439386.1_7633	3114	2915	0	0
lcl|NC_037640.1_mrna_XM_026439385.1_7634	3654	3455	238.449	3.77774
lcl|NC_037640.1_mrna_XM_003251399.4_7635	2493	2294	476	11.3579
lcl|NC_037640.1_mrna_XM_026439859.1_7636	7123	6924	76.0765	0.601421
lcl|NC_037640.1_mrna_XM_026439858.1_7637	7129	6930	372.82	2.94477
lcl|NC_037640.1_mrna_XM_026439857.1_7638	7138	6939	0.335623	0.00264752
lcl|NC_037640.1_mrna_XM_026439856.1_7639	7144	6945	4.05315	0.0319452
lcl|NC_037640.1_mrna_XM_001121944.5_7640	7194	6995	398.714	3.12003
lcl|NC_037640.1_mrna_XM_016911139.2_7641	2515	2316	11.1515	0.263559
lcl|NC_037640.1_trna_7642	73	3.5471	0	0
lcl|NC_037640.1_mrna_XM_006569876.3_7643	2774	2575	29.8363	0.634238
lcl|NC_037640.1_mrna_XM_026439855.1_7644	2579	2380	0	0
lcl|NC_037640.1_trna_7645	73	3.5471	0	0
lcl|NC_037640.1_mrna_XM_016911140.2_7646	2394	2195	1.01229	0.0252438
lcl|NC_037640.1_mrna_XM_623934.5_7647	1190	991	171	9.44513
lcl|NC_037640.1_mrna_XM_392256.7_7648	3025	2826	861.969	16.6957
lcl|NC_037640.1_mrna_XM_026439695.1_7649	926	727	16.2834	1.22601
lcl|NC_037640.1_mrna_XM_026439693.1_7650	1101	902	49.3775	2.99646
lcl|NC_037640.1_mrna_XM_026439694.1_7651	893	694	27.7071	2.18533
lcl|NC_037640.1_mrna_XM_026439698.1_7652	713	514	1.88859e-06	2.01122e-07
lcl|NC_037640.1_mrna_XM_026439697.1_7653	1120	921	44.6642	2.65451
lcl|NC_037640.1_mrna_XM_026439696.1_7654	1113	914	29.9534	1.79384
lcl|NC_037640.1_mrna_XM_026439692.1_7655	3154	2955	540.233	10.0071
lcl|NC_037640.1_mrna_XM_026439702.1_7656	1828	1629	1086.96	36.5241
lcl|NC_037640.1_mrna_XM_026439706.1_7657	1747	1548	432.574	15.2959
lcl|NC_037640.1_mrna_XM_026439708.1_7658	1802	1603	130.434	4.45392
lcl|NC_037640.1_mrna_XM_026439705.1_7659	1863	1664	13.2804	0.43686
lcl|NC_037640.1_mrna_XM_026439704.1_7660	1707	1508	0.00160985	5.84345e-05
lcl|NC_037640.1_mrna_XM_026439707.1_7661	1945	1746	125.745	3.94215
lcl|NC_037640.1_mrna_XM_026439703.1_7662	1708	1509	0.000697361	2.52961e-05
lcl|NC_037640.1_mrna_XM_026439710.1_7663	838	639	137.609	11.7877
lcl|NC_037640.1_mrna_XM_026439709.1_7664	907	708	133.391	10.3129
lcl|NC_037640.1_mrna_XM_016911435.2_7665	1553	1354	349	14.1089
lcl|NC_037640.1_mrna_XM_026439701.1_7666	4936	4737	453.577	5.24123
lcl|NC_037640.1_mrna_XM_026439699.1_7667	4715	4516	8.44825e-07	1.024e-08
lcl|NC_037640.1_mrna_XM_026439700.1_7668	4706	4507	866.423	10.5227
lcl|NC_037640.1_mrna_XM_016911390.2_7669	5400	5201	4.15288e-05	4.37067e-07
lcl|NC_037640.1_mrna_XM_006570155.3_7670	5534	5335	278.635	2.85882
lcl|NC_037640.1_mrna_XM_006570160.3_7671	5154	4955	196.367	2.16925
lcl|NC_037640.1_mrna_XM_006570156.3_7672	5230	5031	397.899	4.32916
lcl|NC_037640.1_mrna_XM_006570159.3_7673	4932	4733	8.44076e-05	9.76181e-07
lcl|NC_037640.1_mrna_XM_006570158.3_7674	5226	5027	238.336	2.59517
lcl|NC_037640.1_mrna_XM_006570151.3_7675	5193	4994	2.82176e-07	3.09284e-09
lcl|NC_037640.1_mrna_XM_016911388.2_7676	5333	5134	8.84773	0.0943325
lcl|NC_037640.1_mrna_XM_006570152.3_7677	5456	5257	1173.05	12.2142
lcl|NC_037640.1_mrna_XM_624062.6_7678	5519	5320	0	0
lcl|NC_037640.1_mrna_XM_006570149.3_7679	5289	5090	0.00935866	0.000100642
lcl|NC_037640.1_mrna_XM_006570148.3_7680	5314	5115	1.93135e-05	2.06681e-07
lcl|NC_037640.1_mrna_XM_026439378.1_7681	5454	5255	344.992	3.59353
lcl|NC_037640.1_mrna_XM_006570150.3_7682	5230	5031	0.0918155	0.000998957
lcl|NC_037640.1_mrna_XM_006570153.3_7683	5005	4806	31.8231	0.362446
lcl|NC_037640.1_mrna_XM_006570157.3_7684	4998	4799	1.94584	0.0221943
lcl|NC_037640.1_mrna_XM_006570147.3_7685	2441	2242	0	0
lcl|NC_037640.1_mrna_XM_624090.5_7686	2446	2247	283.679	6.91049
lcl|NC_037640.1_mrna_XM_016911391.2_7687	2211	2012	65.3213	1.7771
lcl|NC_037640.1_mrna_XM_624115.6_7688	1074	875	170.221	10.6485
lcl|NC_037640.1_mrna_XM_006570146.3_7689	1162	963	38.5779	2.19279
lcl|NC_037640.1_mrna_XM_026439519.1_7690	983	784	54.2014	3.78425
lcl|NC_037640.1_mrna_XM_001120217.5_7691	1010	811	5	0.337469
lcl|NC_037641.1_mrna_XM_016912008.2_7692	3028	2829	114.564	2.21667
lcl|NC_037641.1_mrna_XM_006557346.2_7693	3031	2832	388.854	7.51585
lcl|NC_037641.1_mrna_XM_006557347.2_7694	3031	2832	195.814	3.78473
lcl|NC_037641.1_mrna_XM_026440187.1_7695	2976	2777	0	0
lcl|NC_037641.1_mrna_XM_001122053.4_7696	3034	2835	660.649	12.7557
lcl|NC_037641.1_mrna_XM_623797.6_7697	1376	1177	467.959	21.7629
lcl|NC_037641.1_mrna_XM_006557345.3_7698	1354	1155	3561.04	168.764
lcl|NC_037641.1_mrna_XM_001122008.5_7699	715	516	125	13.2601
lcl|NC_037641.1_mrna_XM_003249049.4_7700	1261	1062	51.6635	2.66284
lcl|NC_037641.1_mrna_XM_006557342.3_7701	1322	1123	525.336	25.6061
lcl|NC_037641.1_mrna_XM_006557343.3_7702	1708	1509	590.306	21.4128
lcl|NC_037641.1_mrna_XM_006557344.3_7703	1297	1098	0	0
lcl|NC_037641.1_mrna_XM_623701.6_7704	1117	918	349.694	20.8512
lcl|NC_037641.1_mrna_XM_396051.7_7705	1821	1622	531	17.9196
lcl|NC_037641.1_mrna_XM_016911834.2_7706	4245	4046	0	0
lcl|NC_037641.1_mrna_XM_006557341.3_7707	4390	4191	712	9.29924
lcl|NC_037641.1_ncrna_XR_003304521.1_7708	717	518	2	0.211342
lcl|NC_037641.1_mrna_XM_393050.7_7709	2346	2147	3677	93.7447
lcl|NC_037641.1_mrna_XM_006557339.3_7710	2587	2388	201.833	4.6264
lcl|NC_037641.1_mrna_XM_026440060.1_7711	2394	2195	98.5686	2.45804
lcl|NC_037641.1_mrna_XM_006557338.3_7712	2423	2224	0.014378	0.000353875
lcl|NC_037641.1_mrna_XM_006557340.3_7713	2492	2293	1.51945	0.0362716
lcl|NC_037641.1_mrna_XM_006557337.3_7714	2516	2317	658.115	15.5475
lcl|NC_037641.1_mrna_XM_396145.7_7715	1596	1397	237	9.28618
lcl|NC_037641.1_mrna_XM_003249048.4_7716	883	684	1	0.0800256
lcl|NC_037641.1_mrna_XM_006557335.3_7717	7020	6821	0.109108	0.000875572
lcl|NC_037641.1_mrna_XM_624982.6_7718	6981	6782	151.554	1.22319
lcl|NC_037641.1_miscrna_XR_407451.3_7719	2266	2067	6.67483	0.176761
lcl|NC_037641.1_miscrna_XR_407452.3_7720	2227	2028	5.66557	0.152919
lcl|NC_037641.1_mrna_XM_006557336.3_7721	2071	1872	0	0
lcl|NC_037641.1_mrna_XM_006557334.3_7722	1124	925	499	29.5287
lcl|NC_037641.1_mrna_XM_624958.5_7723	830	631	193	16.7422
lcl|NC_037641.1_mrna_XM_396126.6_7724	1479	1280	5297	226.519
lcl|NC_037641.1_mrna_XM_026440045.1_7725	11662	11463	1590	7.59249
lcl|NC_037641.1_mrna_XM_624903.6_7726	2791	2592	1152	24.3278
lcl|NC_037641.1_mrna_XM_395502.6_7727	2464	2265	448	10.8267
lcl|NC_037641.1_mrna_XM_006557332.1_7728	1230	1031	460	24.4222
lcl|NC_037641.1_mrna_XM_006557331.3_7729	3873	3674	812.007	12.0978
lcl|NC_037641.1_mrna_XM_003249045.4_7730	4023	3824	4123.95	59.0311
lcl|NC_037641.1_mrna_XM_003249046.4_7731	3833	3634	1578.02	23.7692
lcl|NC_037641.1_mrna_XM_392824.6_7732	1503	1304	457	19.1833
lcl|NC_037641.1_mrna_XM_026440114.1_7733	5524	5325	0	0
lcl|NC_037641.1_mrna_XM_026440113.1_7734	6395	6196	42	0.371042
lcl|NC_037641.1_mrna_XM_006557328.3_7735	626	427	3.31728	0.425245
lcl|NC_037641.1_mrna_XM_026440118.1_7736	1362	1163	4.68272	0.220396
lcl|NC_037641.1_mrna_XM_026440117.1_7737	3442	3243	12	0.202544
lcl|NC_037641.1_mrna_XM_026440115.1_7738	3255	3056	0	0
lcl|NC_037641.1_mrna_XM_016911965.2_7739	2568	2369	6.92691	0.160052
lcl|NC_037641.1_miscrna_XR_003304520.1_7740	3001	2802	0	0
lcl|NC_037641.1_mrna_XM_026440116.1_7741	4484	4285	23.0731	0.294741
lcl|NC_037641.1_mrna_XM_006557914.3_7742	500	301	0	0
lcl|NC_037641.1_ncrna_XR_407625.3_7743	2303	2104	20	0.520319
lcl|NC_037641.1_mrna_XM_006557917.3_7744	1516	1317	59	2.45218
lcl|NC_037641.1_mrna_XM_016911930.2_7745	3944	3745	60.603	0.885784
lcl|NC_037641.1_mrna_XM_006557918.3_7746	3722	3523	839.397	13.0419
lcl|NC_037641.1_mrna_XM_395697.7_7747	2218	2019	2684	72.7665
lcl|NC_037641.1_mrna_XM_003251895.4_7748	1618	1419	131.704	5.08043
lcl|NC_037641.1_mrna_XM_006572376.3_7749	1593	1394	55.2963	2.17129
lcl|NC_037641.1_mrna_XM_026440112.1_7750	1258	1059	77.7964	4.02114
lcl|NC_037641.1_mrna_XM_395696.7_7751	1177	978	393.204	22.0072
lcl|NC_037641.1_mrna_XM_026440111.1_7752	1174	975	221	12.4072
lcl|NC_037641.1_mrna_XM_026440268.1_7753	338	139	0	0
lcl|NC_037641.1_mrna_XM_026440209.1_7754	1502	1303	5	0.210044
lcl|NC_037641.1_mrna_XM_026439990.1_7755	795	596	2	0.183683
lcl|NC_037641.1_mrna_XM_026440245.1_7756	369	170	0	0
lcl|NC_037641.1_ncrna_XR_003304518.1_7757	1237	1038	100.345	5.29155
lcl|NC_037641.1_ncrna_XR_412329.3_7758	1243	1044	0.0695866	0.00364847
lcl|NC_037641.1_ncrna_XR_003304540.1_7759	882	683	17.1528	1.37467
lcl|NC_037641.1_ncrna_XR_003304539.1_7760	876	677	0	0
lcl|NC_037641.1_ncrna_XR_003304538.1_7761	638	439	2.84721	0.35501
lcl|NC_037641.1_ncrna_XR_003304533.1_7762	2514	2315	84.1767	1.99034
lcl|NC_037641.1_ncrna_XR_003304537.1_7763	2357	2158	177.274	4.49654
lcl|NC_037641.1_ncrna_XR_003304534.1_7764	2310	2111	306.825	7.95587
lcl|NC_037641.1_ncrna_XR_003304536.1_7765	2462	2263	0.264562	0.00639924
lcl|NC_037641.1_ncrna_XR_003304535.1_7766	2584	2385	47.37	1.08718
lcl|NC_037641.1_ncrna_XR_001706199.2_7767	2612	2413	319.09	7.23838
lcl|NC_037641.1_ncrna_XR_003304543.1_7768	775	576	0	0
lcl|NC_037641.1_ncrna_XR_003304546.1_7769	731	532	141.845	14.5945
lcl|NC_037641.1_ncrna_XR_003304545.1_7770	732	533	13.2604	1.3618
lcl|NC_037641.1_ncrna_XR_003304548.1_7771	966	767	110.545	7.88915
lcl|NC_037641.1_ncrna_XR_003304547.1_7772	969	770	363.391	25.8327
lcl|NC_037641.1_ncrna_XR_003304544.1_7773	830	631	0	0
lcl|NC_037641.1_ncrna_XR_003304550.1_7774	871	672	15.0419	1.22523
lcl|NC_037641.1_ncrna_XR_003304551.1_7775	876	677	0	0
lcl|NC_037641.1_ncrna_XR_003304549.1_7776	879	680	0	0
lcl|NC_037641.1_ncrna_XR_003304542.1_7777	873	674	0	0
lcl|NC_037641.1_mrna_XM_026440175.1_7778	2131	1932	0	0
lcl|NC_037641.1_mrna_XM_026440174.1_7779	2459	2260	368	8.91302
lcl|NC_037641.1_mrna_XM_026440020.1_7780	1777	1578	31511	1093.05
lcl|NC_037641.1_mrna_XM_026439971.1_7781	714	515	11139.9	1184.02
lcl|NC_037641.1_mrna_NM_001160270.1_7782	698	499	4644.07	509.428
lcl|NC_037641.1_mrna_XM_026439975.1_7783	2271	2072	1.28337e-08	3.39038e-10
lcl|NC_037641.1_mrna_XM_026439979.1_7784	1797	1598	36.6082	1.25397
lcl|NC_037641.1_mrna_XM_026439976.1_7785	2540	2341	7.74774	0.181159
lcl|NC_037641.1_mrna_NM_001098218.1_7786	2148	1949	0	0
lcl|NC_037641.1_mrna_XM_026439977.1_7787	2009	1810	18.644	0.563828
lcl|NC_037641.1_mrna_XM_026439978.1_7788	2007	1808	0	0
lcl|NC_037641.1_mrna_XM_026440383.1_7789	1008	809	71.6863	4.85035
lcl|NC_037641.1_mrna_XM_026440380.1_7790	1212	1013	99.3137	5.36643
lcl|NC_037641.1_mrna_XM_026440382.1_7791	1029	830	0	0
lcl|NC_037641.1_mrna_XM_026440388.1_7792	1073	874	73.4276	4.59868
lcl|NC_037641.1_mrna_XM_026440389.1_7793	1108	909	376.572	22.6762
lcl|NC_037641.1_mrna_XM_026440021.1_7794	576	377	0	0
lcl|NC_037641.1_mrna_XM_026440386.1_7795	1073	874	73.4276	4.59868
lcl|NC_037641.1_mrna_XM_026440387.1_7796	1108	909	376.572	22.6762
lcl|NC_037641.1_mrna_XM_026440384.1_7797	1362	1163	10.3106	0.485275
lcl|NC_037641.1_miscrna_XR_003304590.1_7798	1203	1004	952.425	51.9257
lcl|NC_037641.1_mrna_XM_026440385.1_7799	1098	899	418.265	25.4669
lcl|NC_037641.1_mrna_XM_623922.6_7800	1888	1689	94.6422	3.06719
lcl|NC_037641.1_mrna_XM_026440379.1_7801	1656	1457	150.358	5.64874
lcl|NC_037641.1_mrna_XM_006571829.3_7802	1810	1611	0	0
lcl|NC_037641.1_mrna_XM_026440366.1_7803	3300	3101	11442.1	201.97
lcl|NC_037641.1_mrna_XM_026440365.1_7804	3569	3370	2067.1	33.5751
lcl|NC_037641.1_mrna_XM_026440368.1_7805	3108	2909	0.014975	0.00028178
lcl|NC_037641.1_mrna_XM_026440367.1_7806	3175	2976	2155.47	39.6455
lcl|NC_037641.1_mrna_XM_026440369.1_7807	3172	2973	778.351	14.3307
lcl|NC_037641.1_mrna_XM_026440373.1_7808	2161	1962	159	4.43592
lcl|NC_037641.1_mrna_XM_026440370.1_7809	2135	1936	5.77399e-06	1.63251e-07
lcl|NC_037641.1_mrna_XM_026440371.1_7810	2196	1997	0	0
lcl|NC_037641.1_mrna_XM_026440372.1_7811	2132	1933	4.08725e-05	1.1574e-06
lcl|NC_037641.1_mrna_XM_026440376.1_7812	1824	1625	35.5109	1.19617
lcl|NC_037641.1_mrna_XM_026440375.1_7813	1773	1574	928.022	32.2729
lcl|NC_037641.1_mrna_XM_026440378.1_7814	1721	1522	51.682	1.8587
lcl|NC_037641.1_mrna_XM_026440377.1_7815	1349	1150	1165.79	55.4889
lcl|NC_037641.1_mrna_XM_026440105.1_7816	1230	1031	132.737	7.04722
lcl|NC_037641.1_mrna_XM_026440106.1_7817	1249	1050	55.2632	2.88092
lcl|NC_037641.1_mrna_XM_026440108.1_7818	1720	1521	5815.26	209.279
lcl|NC_037641.1_mrna_XM_026440107.1_7819	1171	972	568.738	32.0281
lcl|NC_037641.1_mrna_XM_026440204.1_7820	2771	2572	0	0
lcl|NC_037641.1_mrna_XM_026440203.1_7821	2871	2672	0	0
lcl|NC_037641.1_mrna_XM_026440205.1_7822	2474	2275	10	0.240605
lcl|NC_037641.1_mrna_XM_006558184.3_7823	744	545	0	0
lcl|NC_037641.1_mrna_XM_026440084.1_7824	804	605	231	20.8998
lcl|NC_037641.1_mrna_XM_016911874.2_7825	19086	18887	87	0.25214
lcl|NC_037641.1_mrna_XM_624133.6_7826	6103	5904	37.4009	0.346754
lcl|NC_037641.1_mrna_XM_006558182.3_7827	4998	4799	872.599	9.95289
lcl|NC_037641.1_trna_7828	73	3.5471	0	0
lcl|NC_037641.1_mrna_XM_026440432.1_7829	5766	5567	394.077	3.87476
lcl|NC_037641.1_mrna_XM_026440429.1_7830	5769	5570	778.832	7.65374
lcl|NC_037641.1_mrna_XM_026440428.1_7831	5656	5457	81.8822	0.821335
lcl|NC_037641.1_mrna_XM_026440430.1_7832	5473	5274	8.12462e-07	8.43235e-09
lcl|NC_037641.1_mrna_XM_026440427.1_7833	5659	5460	165.231	1.65647
lcl|NC_037641.1_mrna_XM_026440431.1_7834	5390	5191	302.978	3.19482
lcl|NC_037641.1_ncrna_XR_003304530.1_7835	744	545	0	0
lcl|NC_037641.1_mrna_XM_026440212.1_7836	2024	1825	0	0
lcl|NC_037641.1_mrna_XM_026440213.1_7837	1659	1460	1	0.0374915
lcl|NC_037641.1_mrna_XM_006558181.3_7838	5799	5600	31729	310.137
lcl|NC_037641.1_mrna_XM_006558180.3_7839	951	752	28	2.0381
lcl|NC_037641.1_precursorrna_NR_127358.1_7840	73	3.5471	0	0
lcl|NC_037641.1_ncrna_7841	22	2.73612	0	0
lcl|NC_037641.1_mrna_XM_393396.6_7842	2063	1864	3633.95	106.713
lcl|NC_037641.1_mrna_XM_026440266.1_7843	1971	1772	35.5582	1.0984
lcl|NC_037641.1_mrna_XM_026440258.1_7844	2216	2017	0	0
lcl|NC_037641.1_mrna_XM_026440256.1_7845	2219	2020	0	0
lcl|NC_037641.1_mrna_XM_026440260.1_7846	2075	1876	4.89852e-08	1.42928e-09
lcl|NC_037641.1_mrna_XM_026440262.1_7847	2613	2414	19.6793	0.44623
lcl|NC_037641.1_mrna_XM_026440263.1_7848	2175	1976	3.21714e-08	8.91186e-10
lcl|NC_037641.1_mrna_XM_026440261.1_7849	2245	2046	4.12753	0.110426
lcl|NC_037641.1_mrna_XM_026440265.1_7850	1826	1627	50.6098	1.70268
lcl|NC_037641.1_mrna_XM_026440257.1_7851	1883	1684	0	0
lcl|NC_037641.1_mrna_XM_026440259.1_7852	1917	1718	0	0
lcl|NC_037641.1_mrna_XM_624243.4_7853	1583	1384	12.0712	0.477419
lcl|NC_037641.1_mrna_XM_026440252.1_7854	6473	6274	15.9239	0.138928
lcl|NC_037641.1_mrna_XM_026440253.1_7855	6436	6237	241.842	2.12247
lcl|NC_037641.1_mrna_XM_026440254.1_7856	6408	6209	284.803	2.51077
lcl|NC_037641.1_mrna_XM_026440255.1_7857	6365	6166	1100	9.76503
lcl|NC_037641.1_mrna_XM_016911957.2_7858	946	747	12445	911.926
lcl|NC_037641.1_mrna_XM_016911956.2_7859	4145	3946	18.0384	0.250222
lcl|NC_037641.1_mrna_XM_016911955.2_7860	4866	4667	0	0
lcl|NC_037641.1_mrna_XM_016911954.2_7861	4881	4682	1180.96	13.8067
lcl|NC_037641.1_mrna_XM_396117.7_7862	2769	2570	6931.48	147.631
lcl|NC_037641.1_mrna_XM_006558750.3_7863	2694	2495	376.523	8.26049
lcl|NC_037641.1_mrna_XM_026439981.1_7864	1992	1793	2051.63	62.633
lcl|NC_037641.1_mrna_XM_624020.5_7865	5364	5165	1633.37	17.3101
lcl|NC_037641.1_mrna_XM_623990.6_7866	2289	2090	525	13.7499
lcl|NC_037641.1_mrna_XM_395533.7_7867	1666	1467	1032	38.5066
lcl|NC_037641.1_mrna_XM_026440074.1_7868	720	521	208	21.853
lcl|NC_037641.1_mrna_XM_623905.6_7869	1151	952	893	51.3452
lcl|NC_037641.1_mrna_XM_006558743.3_7870	4551	4352	0.0814755	0.00102476
lcl|NC_037641.1_mrna_XM_026440416.1_7871	4691	4492	26.3896	0.321572
lcl|NC_037641.1_mrna_XM_006558745.3_7872	4716	4517	743.175	9.00589
lcl|NC_037641.1_mrna_XM_006558741.3_7873	4970	4771	2507.7	28.7708
lcl|NC_037641.1_mrna_XM_006558744.3_7874	4667	4468	7.85931e-08	9.62845e-10
lcl|NC_037641.1_mrna_XM_006558742.3_7875	4393	4194	193.742	2.52861
lcl|NC_037641.1_mrna_XM_026440417.1_7876	4426	4227	810.619	10.4971
lcl|NC_037641.1_mrna_XM_006558746.3_7877	4584	4385	208.18	2.59869
lcl|NC_037641.1_mrna_XM_006558738.3_7878	4525	4326	558.611	7.06819
lcl|NC_037641.1_miscrna_XR_001702749.2_7879	4429	4230	209.833	2.71531
lcl|NC_037641.1_ncrna_XR_003304595.1_7880	2399	2200	443.303	11.0297
lcl|NC_037641.1_mrna_XM_016911769.2_7881	10350	10151	799.286	4.31001
lcl|NC_037641.1_mrna_XM_016911763.2_7882	6209	6010	232.452	2.11711
lcl|NC_037641.1_mrna_XM_016911764.2_7883	6201	6002	128.429	1.17126
lcl|NC_037641.1_mrna_XM_016911765.2_7884	3875	3676	0	0
lcl|NC_037641.1_mrna_XM_016911767.2_7885	3865	3666	0	0
lcl|NC_037641.1_miscrna_XR_001702751.2_7886	5318	5119	0	0
lcl|NC_037641.1_miscrna_XR_001702752.2_7887	5295	5096	17.7292	0.190434
lcl|NC_037641.1_ncrna_XR_408017.3_7888	1729	1530	624.254	22.3334
lcl|NC_037641.1_mrna_XM_006558737.3_7889	2880	2681	190	3.8792
lcl|NC_037641.1_mrna_XM_001122445.5_7890	2758	2559	52	1.11229
lcl|NC_037641.1_mrna_XM_001122454.4_7891	1024	825	4991	331.146
lcl|NC_037641.1_ncrna_XR_003304529.1_7892	2612	2413	7.48236	0.169733
lcl|NC_037641.1_mrna_XM_026440168.1_7893	3374	3175	0	0
lcl|NC_037641.1_mrna_XM_026440173.1_7894	3071	2872	0	0
lcl|NC_037641.1_mrna_XM_026440170.1_7895	3299	3100	0	0
lcl|NC_037641.1_mrna_XM_026440169.1_7896	3302	3103	0	0
lcl|NC_037641.1_mrna_XM_026440167.1_7897	3398	3199	0	0
lcl|NC_037641.1_mrna_XM_026440166.1_7898	3398	3199	0	0
lcl|NC_037641.1_mrna_XM_026440165.1_7899	3401	3202	0	0
lcl|NC_037641.1_mrna_XM_026440171.1_7900	3197	2998	9.51764	0.173773
lcl|NC_037641.1_mrna_XM_026440172.1_7901	3055	2856	0	0
lcl|NC_037641.1_mrna_XM_016911979.2_7902	1073	874	1	0.0626288
lcl|NC_037641.1_ncrna_XR_408014.3_7903	2184	1985	5.46634	0.150738
lcl|NC_037641.1_ncrna_XR_003304528.1_7904	1859	1660	43.5337	1.4355
lcl|NC_037641.1_ncrna_XR_003304571.1_7905	3359	3160	7	0.121254
lcl|NC_037641.1_ncrna_XR_003304563.1_7906	1451	1252	11.0797	0.484403
lcl|NC_037641.1_ncrna_XR_003304562.1_7907	1617	1418	0	0
lcl|NC_037641.1_ncrna_XR_003304564.1_7908	1502	1303	0	0
lcl|NC_037641.1_ncrna_XR_003304566.1_7909	1349	1150	4.2757e-05	2.03514e-06
lcl|NC_037641.1_ncrna_XR_003304565.1_7910	1338	1139	7.9203	0.38063
lcl|NC_037641.1_mrna_XM_006558728.3_7911	2281	2082	163	4.28541
lcl|NC_037641.1_mrna_XM_026440087.1_7912	2472	2273	950.955	22.9005
lcl|NC_037641.1_mrna_XM_026440088.1_7913	2138	1939	160.644	4.53496
lcl|NC_037641.1_mrna_XM_026440089.1_7914	2160	1961	24.9496	0.69642
lcl|NC_037641.1_mrna_XM_026440090.1_7915	2258	2059	209.866	5.57919
lcl|NC_037641.1_mrna_XM_016911926.2_7916	1114	915	0	0
lcl|NC_037641.1_mrna_XM_016911929.2_7917	1003	804	245.368	16.705
lcl|NC_037641.1_mrna_XM_016911928.2_7918	996	797	133.632	9.17777
lcl|NC_037641.1_mrna_XM_016911927.2_7919	1112	913	0	0
lcl|NC_037641.1_mrna_XM_026440022.1_7920	801	602	234.585	21.3299
lcl|NC_037641.1_mrna_XM_026440091.1_7921	963	764	75	5.37345
lcl|NC_037641.1_mrna_XM_395004.7_7922	1269	1070	1959	100.216
lcl|NC_037641.1_mrna_XM_623483.5_7923	962	763	26	1.86524
lcl|NC_037641.1_mrna_XM_026439998.1_7924	7871	7672	7.19932e-06	5.13651e-08
lcl|NC_037641.1_mrna_XM_026440003.1_7925	7610	7411	94.2533	0.696154
lcl|NC_037641.1_mrna_XM_026440000.1_7926	7853	7654	9.22143e-06	6.5947e-08
lcl|NC_037641.1_mrna_XM_026440002.1_7927	7682	7483	40.5134	0.296352
lcl|NC_037641.1_mrna_XM_026439997.1_7928	7883	7684	0	0
lcl|NC_037641.1_mrna_XM_026440007.1_7929	6194	5995	3079.43	28.1168
lcl|NC_037641.1_mrna_XM_026440006.1_7930	6237	6038	230.827	2.09256
lcl|NC_037641.1_mrna_XM_026440004.1_7931	7443	7244	27.7391	0.209604
lcl|NC_037641.1_mrna_XM_026439999.1_7932	7615	7416	329.078	2.42893
lcl|NC_037641.1_mrna_XM_026440001.1_7933	7596	7397	280.388	2.07486
lcl|NC_037641.1_miscrna_XR_003304494.1_7934	7600	7401	1535.8	11.3587
lcl|NC_037641.1_mrna_XM_026440005.1_7935	6938	6739	18.9917	0.15426
lcl|NC_037641.1_mrna_XM_026440008.1_7936	6858	6659	460.576	3.78598
lcl|NC_037641.1_ncrna_XR_003304496.1_7937	283	84.0013	99.4057	64.7754
lcl|NC_037641.1_mrna_XM_006558713.3_7938	843	644	68	5.77974
lcl|NC_037641.1_ncrna_XR_001702840.2_7939	1657	1458	4.49658	0.168815
lcl|NC_037641.1_mrna_XM_395376.6_7940	3398	3199	16.5034	0.282387
lcl|NC_037641.1_mrna_XM_016912014.2_7941	3488	3289	0	0
lcl|NC_037641.1_mrna_XM_016911964.2_7942	1965	1766	112.657	3.49184
lcl|NC_037641.1_mrna_XM_006558712.3_7943	2067	1868	0.0157258	0.000460809
lcl|NC_037641.1_mrna_XM_623313.5_7944	2081	1882	97.3269	2.83073
lcl|NC_037641.1_mrna_XM_026440132.1_7945	4499	4300	476.636	6.06742
lcl|NC_037641.1_mrna_XM_026440133.1_7946	4496	4297	50.7359	0.646302
lcl|NC_037641.1_mrna_XM_026440135.1_7947	4478	4279	0.628043	0.00803401
lcl|NC_037641.1_mrna_XM_395613.7_7948	2027	1828	1930.1	57.7949
lcl|NC_037641.1_mrna_XM_006558711.3_7949	1934	1735	157.898	4.98153
lcl|NC_037641.1_mrna_XM_006558710.3_7950	2273	2074	0	0
lcl|NC_037641.1_mrna_XM_395928.7_7951	2258	2059	274	7.28416
lcl|NC_037641.1_mrna_XM_016912016.2_7952	1641	1442	0	0
lcl|NC_037641.1_mrna_XM_006558705.3_7953	5814	5615	13.8553	0.135067
lcl|NC_037641.1_mrna_XM_006558702.3_7954	5612	5413	0	0
lcl|NC_037641.1_mrna_XM_006558703.3_7955	5522	5323	2355.59	24.223
lcl|NC_037641.1_mrna_XM_006558701.3_7956	5618	5419	0	0
lcl|NC_037641.1_mrna_XM_006558707.3_7957	5653	5454	2249.75	22.579
lcl|NC_037641.1_mrna_XM_006558708.2_7958	5444	5245	543.083	5.66769
lcl|NC_037641.1_mrna_XM_006558706.2_7959	5450	5251	0.0822572	0.000857467
lcl|NC_037641.1_mrna_XM_016911848.1_7960	5324	5125	6.64164	0.0709361
lcl|NC_037641.1_mrna_XM_006558700.3_7961	2752	2553	2688	57.632
lcl|NC_037641.1_mrna_XM_016911895.2_7962	3744	3545	64.3087	0.992976
lcl|NC_037641.1_mrna_XM_003249317.4_7963	3226	3027	273.134	4.93911
lcl|NC_037641.1_mrna_XM_026440041.1_7964	816	617	14069	1248.14
lcl|NC_037641.1_mrna_XM_026440042.1_7965	5347	5148	1697	18.0438
lcl|NC_037641.1_mrna_XM_003249335.4_7966	897	698	123	9.64573
lcl|NC_037641.1_mrna_XM_393266.6_7967	2069	1870	2310	67.617
lcl|NC_037641.1_mrna_XM_393267.7_7968	3065	2866	1980	37.8159
lcl|NC_037641.1_ncrna_XR_003304576.1_7969	3322	3123	23.8295	0.417665
lcl|NC_037641.1_ncrna_XR_001702760.2_7970	3926	3727	6.17053	0.0906251
lcl|NC_037641.1_ncrna_XR_001702762.2_7971	3734	3535	0	0
lcl|NC_037641.1_mrna_XM_003249334.4_7972	1644	1445	2245	85.0421
lcl|NC_037641.1_ncrna_XR_001702759.2_7973	207	19.5103	0	0
lcl|NC_037641.1_mrna_XM_006558697.3_7974	1526	1327	3.67938	0.151771
lcl|NC_037641.1_mrna_XM_006558696.3_7975	1389	1190	5.32062	0.244737
lcl|NC_037641.1_mrna_XM_624304.5_7976	1889	1690	348	11.2714
lcl|NC_037641.1_mrna_XM_001122740.5_7977	2641	2442	5249	117.657
lcl|NC_037641.1_mrna_XM_026440066.1_7978	5434	5235	2358.65	24.6623
lcl|NC_037641.1_mrna_XM_006558688.3_7979	5470	5271	1590.15	16.5132
lcl|NC_037641.1_mrna_XM_026440064.1_7980	5452	5253	1015.54	10.5822
lcl|NC_037641.1_mrna_XM_026440065.1_7981	5434	5235	2358.65	24.6623
lcl|NC_037641.1_mrna_XM_006558687.3_7982	4953	4754	916.909	10.5573
lcl|NC_037641.1_mrna_XM_006558685.3_7983	4922	4723	0	0
lcl|NC_037641.1_mrna_XM_006558683.3_7984	4884	4685	0.0435001	0.000508236
lcl|NC_037641.1_mrna_XM_006558680.3_7985	4986	4787	0	0
lcl|NC_037641.1_mrna_XM_006558686.3_7986	4894	4695	0	0
lcl|NC_037641.1_mrna_XM_006558682.3_7987	4958	4759	0.00155373	1.78708e-05
lcl|NC_037641.1_mrna_XM_006558684.3_7988	4868	4669	1539.05	18.0432
lcl|NC_037641.1_mrna_XM_006558681.3_7989	4970	4771	3.64605e-08	4.1831e-10
lcl|NC_037641.1_mrna_XM_395593.7_7990	4646	4447	1851.17	22.7858
lcl|NC_037641.1_mrna_XM_006558679.3_7991	4643	4444	829.833	10.2212
lcl|NC_037641.1_mrna_XM_016912034.2_7992	694	495	299	33.0637
lcl|NC_037641.1_mrna_XM_003249333.3_7993	1124	925	699	41.3638
lcl|NC_037641.1_mrna_XM_624161.5_7994	1531	1332	2265	93.0785
lcl|NC_037641.1_mrna_XM_395929.6_7995	2466	2267	119.382	2.88252
lcl|NC_037641.1_mrna_XM_006558677.3_7996	2447	2248	232.618	5.66412
lcl|NC_037641.1_mrna_XM_003249332.3_7997	2066	1867	1800	52.7732
lcl|NC_037641.1_mrna_XM_016911897.2_7998	2396	2197	0	0
lcl|NC_037641.1_mrna_XM_016911898.2_7999	2384	2185	1784	44.6919
lcl|NC_037641.1_mrna_XM_006558676.3_8000	848	649	745	62.8343
lcl|NC_037641.1_ncrna_XR_003304506.1_8001	4498	4299	0.227598	0.00289792
lcl|NC_037641.1_ncrna_XR_003304507.1_8002	4487	4288	5.7724	0.0736864
lcl|NC_037641.1_ncrna_XR_408001.3_8003	5321	5122	5	0.0534338
lcl|NC_037641.1_mrna_XM_016911588.2_8004	1683	1484	334	12.3196
lcl|NC_037641.1_mrna_XM_006558675.3_8005	1153	954	57.6089	3.30542
lcl|NC_037641.1_miscrna_XR_003304505.1_8006	1072	873	3.17017	0.198771
lcl|NC_037641.1_ncrna_XR_001702794.2_8007	622	423	9	1.16463
lcl|NC_037641.1_mrna_XM_016911871.2_8008	5430	5231	0.163477	0.00171064
lcl|NC_037641.1_mrna_XM_006558673.3_8009	5486	5287	100.573	1.04126
lcl|NC_037641.1_mrna_XM_006558674.3_8010	5421	5222	3089.48	32.3843
lcl|NC_037641.1_mrna_XM_006558670.3_8011	2102	1903	347	9.98104
lcl|NC_037641.1_mrna_XM_394527.7_8012	3690	3491	852	13.359
lcl|NC_037641.1_mrna_XM_006558671.3_8013	3779	3580	0	0
lcl|NC_037641.1_ncrna_XR_003304599.1_8014	5441	5242	3.35982e-08	3.50836e-10
lcl|NC_037641.1_ncrna_XR_003304601.1_8015	5392	5193	0	0
lcl|NC_037641.1_ncrna_XR_003304600.1_8016	5354	5155	50	0.530917
lcl|NC_037641.1_ncrna_XR_003304597.1_8017	11330	11131	6.51642e-07	3.2045e-09
lcl|NC_037641.1_ncrna_XR_003304598.1_8018	11269	11070	110	0.543914
lcl|NC_037641.1_mrna_XM_006558668.3_8019	11457	11258	1059	5.14897
lcl|NC_037641.1_mrna_XM_006558669.3_8020	1761	1562	27766	973.011
lcl|NC_037641.1_mrna_XM_006558663.3_8021	4516	4317	374.904	4.75361
lcl|NC_037641.1_mrna_XM_006558665.3_8022	4851	4652	324.833	3.82213
lcl|NC_037641.1_mrna_XM_016911815.2_8023	4454	4255	139.163	1.79023
lcl|NC_037641.1_mrna_XM_016911814.2_8024	4604	4405	0	0
lcl|NC_037641.1_mrna_XM_006558667.3_8025	4669	4470	221.477	2.7121
lcl|NC_037641.1_mrna_XM_026440418.1_8026	2505	2306	10	0.23737
lcl|NC_037641.1_mrna_XM_016911941.2_8027	7980	7781	0	0
lcl|NC_037641.1_mrna_XM_016911940.2_8028	7448	7249	29.0504	0.219361
lcl|NC_037641.1_mrna_XM_026440130.1_8029	7872	7673	0	0
lcl|NC_037641.1_mrna_XM_016911942.2_8030	7914	7715	0	0
lcl|NC_037641.1_mrna_XM_016911945.2_8031	4646	4447	0	0
lcl|NC_037641.1_mrna_XM_016911944.2_8032	4649	4450	0	0
lcl|NC_037641.1_mrna_XM_016911948.2_8033	4432	4233	0	0
lcl|NC_037641.1_mrna_XM_016911947.2_8034	4434	4235	0	0
lcl|NC_037641.1_mrna_XM_026440131.1_8035	4362	4163	0	0
lcl|NC_037641.1_precursorrna_NR_127322.1_8036	85	3.83091	0	0
lcl|NC_037641.1_ncrna_8037	22	2.73612	0	0
lcl|NC_037641.1_ncrna_XR_003304524.1_8038	2009	1810	0	0
lcl|NC_037641.1_ncrna_XR_003304559.1_8039	5648	5449	13	0.130591
lcl|NC_037641.1_ncrna_XR_003304573.1_8040	3129	2930	0	0
lcl|NC_037641.1_precursorrna_NR_127337.1_8041	84	3.8053	0	0
lcl|NC_037641.1_ncrna_8042	22	2.73612	0	0
lcl|NC_037641.1_ncrna_XR_003304498.1_8043	3601	3402	16.0039	0.2575
lcl|NC_037641.1_mrna_NM_001174145.1_8044	871	672	4	0.325819
lcl|NC_037641.1_mrna_NM_001327965.1_8045	708	509	0	0
lcl|NC_037641.1_ncrna_XR_407984.2_8046	3000	2801	23	0.449469
lcl|NC_037641.1_mrna_NM_001174144.1_8047	534	335	2	0.326791
lcl|NC_037641.1_mrna_NM_001085344.1_8048	514	315	57	9.90489
lcl|NC_037641.1_mrna_NM_001085345.1_8049	1483	1284	110	4.68935
lcl|NC_037641.1_mrna_XM_006558657.3_8050	601	402	631.021	85.9218
lcl|NC_037641.1_mrna_NM_001085346.1_8051	508	309	821.979	145.609
lcl|NC_037641.1_mrna_XM_001122876.5_8052	1499	1300	129	5.43165
lcl|NC_037641.1_ncrna_XR_003304523.1_8053	1901	1702	0	0
lcl|NC_037641.1_miscrna_XR_003304578.1_8054	3526	3327	105.706	1.73913
lcl|NC_037641.1_mrna_XM_026440355.1_8055	3297	3098	0.0066203	0.000116972
lcl|NC_037641.1_mrna_XM_006558658.3_8056	3436	3237	0.781001	0.0132067
lcl|NC_037641.1_mrna_XM_026440354.1_8057	3347	3148	11.0619	0.192344
lcl|NC_037641.1_mrna_XM_026440351.1_8058	5215	5016	0	0
lcl|NC_037641.1_mrna_XM_026440352.1_8059	5011	4812	484.598	5.5124
lcl|NC_037641.1_mrna_XM_026440353.1_8060	5011	4812	0	0
lcl|NC_037641.1_mrna_XM_006558661.3_8061	4806	4607	287.847	3.42002
lcl|NC_037641.1_mrna_XM_006560550.3_8062	6643	6444	195.802	1.66321
lcl|NC_037641.1_mrna_XM_394521.7_8063	6503	6304	102.266	0.887971
lcl|NC_037641.1_mrna_XM_006560549.3_8064	6732	6533	1.17338e-06	9.83132e-09
lcl|NC_037641.1_mrna_XM_016911660.2_8065	4263	4064	2210.73	29.776
lcl|NC_037641.1_mrna_XM_016911659.2_8066	4891	4692	962.924	11.2336
lcl|NC_037641.1_trna_8067	73	3.5471	0	0
lcl|NC_037641.1_precursorrna_NR_127372.1_8068	81	3.73072	0	0
lcl|NC_037641.1_ncrna_8069	20	2.71266	0	0
lcl|NC_037641.1_trna_8070	73	3.5471	0	0
lcl|NC_037641.1_trna_8071	73	3.5471	0	0
lcl|NC_037641.1_ncrna_XR_003304581.1_8072	2200	2001	28.6052	0.782498
lcl|NC_037641.1_ncrna_XR_408757.3_8073	2585	2386	12.3948	0.284351
lcl|NC_037641.1_ncrna_XR_003304583.1_8074	6766	6567	19.4792	0.162364
lcl|NC_037641.1_trna_8075	73	3.5471	0	0
lcl|NC_037641.1_ncrna_XR_003304582.1_8076	1275	1076	3	0.152614
lcl|NC_037641.1_mrna_XM_026440357.1_8077	2694	2495	10982.8	240.949
lcl|NC_037641.1_mrna_XM_026440356.1_8078	2685	2486	625.25	13.7669
lcl|NC_037641.1_trna_8079	73	3.5471	0	0
lcl|NC_037641.1_mrna_XM_016911661.2_8080	2640	2441	3346	75.0315
lcl|NC_037641.1_miscrna_XR_408750.3_8081	3397	3198	93.1468	1.59432
lcl|NC_037641.1_miscrna_XR_408751.3_8082	3479	3280	58.4679	0.975729
lcl|NC_037641.1_miscrna_XR_003304579.1_8083	3968	3769	0	0
lcl|NC_037641.1_miscrna_XR_001702694.2_8084	4078	3879	213.697	3.01553
lcl|NC_037641.1_miscrna_XR_003304580.1_8085	4086	3887	0.00390887	5.50456e-05
lcl|NC_037641.1_miscrna_XR_408755.3_8086	3347	3148	116.909	2.03281
lcl|NC_037641.1_mrna_XM_006560544.2_8087	3273	3074	64.7759	1.15344
lcl|NC_037641.1_mrna_XM_003249651.4_8088	2601	2402	1080	24.6114
lcl|NC_037641.1_mrna_XM_006560552.3_8089	2006	1807	28	0.848174
lcl|NC_037641.1_mrna_XM_016911949.2_8090	2370	2171	660	16.6406
lcl|NC_037641.1_mrna_XM_016911950.1_8091	910	711	220	16.9371
lcl|NC_037641.1_miscrna_XR_001702823.2_8092	3050	2851	0	0
lcl|NC_037641.1_mrna_XM_395109.7_8093	3059	2860	343	6.56468
lcl|NC_037641.1_mrna_XM_006560554.3_8094	625	426	77	9.89388
lcl|NC_037641.1_mrna_XM_623203.5_8095	970	771	341	24.2095
lcl|NC_037641.1_mrna_XM_006560555.3_8096	493	294	4199	781.779
lcl|NC_037641.1_mrna_XM_006560556.3_8097	1997	1798	1826	55.59
lcl|NC_037641.1_mrna_XM_006560557.3_8098	1422	1223	1792	80.2042
lcl|NC_037641.1_mrna_XM_006560574.3_8099	2356	2157	336.521	8.5398
lcl|NC_037641.1_mrna_XM_006560576.3_8100	3089	2890	721.03	13.6566
lcl|NC_037641.1_mrna_XM_006560575.3_8101	2351	2152	354.448	9.01563
lcl|NC_037641.1_miscrna_XR_003304510.1_8102	1944	1745	66.4108	2.08319
lcl|NC_037641.1_miscrna_XR_001702706.2_8103	1893	1694	0	0
lcl|NC_037641.1_mrna_XM_006560572.3_8104	1018	819	80.4067	5.37395
lcl|NC_037641.1_miscrna_XR_003304509.1_8105	1806	1607	480.631	16.3712
lcl|NC_037641.1_mrna_XM_026440058.1_8106	1471	1272	0	0
lcl|NC_037641.1_miscrna_XR_408763.3_8107	1619	1420	0	0
lcl|NC_037641.1_mrna_XM_016911705.2_8108	1028	829	4.26179e-05	2.81399e-06
lcl|NC_037641.1_mrna_XM_393288.7_8109	1164	965	1231	69.8258
lcl|NC_037641.1_mrna_XM_016911706.2_8110	1026	827	6.01702e-07	3.98255e-08
lcl|NC_037641.1_miscrna_XR_003304511.1_8111	1719	1520	391.551	14.1004
lcl|NC_037641.1_mrna_XM_026440048.1_8112	2768	2569	0	0
lcl|NC_037641.1_mrna_XM_026440054.1_8113	2677	2478	0	0
lcl|NC_037641.1_mrna_XM_026440049.1_8114	2752	2553	0	0
lcl|NC_037641.1_mrna_XM_026440050.1_8115	2716	2517	74.4515	1.61911
lcl|NC_037641.1_mrna_XM_026440053.1_8116	2680	2481	0	0
lcl|NC_037641.1_mrna_XM_026440051.1_8117	2686	2487	23.6342	0.520175
lcl|NC_037641.1_mrna_XM_026440052.1_8118	2682	2483	784.913	17.3034
lcl|NC_037641.1_mrna_XM_026440056.1_8119	2655	2456	128.837	2.87142
lcl|NC_037641.1_mrna_XM_026440055.1_8120	1586	1387	96.1643	3.79509
lcl|NC_037641.1_mrna_XM_026440057.1_8121	1752	1553	0	0
lcl|NC_037641.1_mrna_XM_026440047.1_8122	8687	8488	1.42082	0.0091626
lcl|NC_037641.1_mrna_XM_026440046.1_8123	8665	8466	37.5792	0.242971
lcl|NC_037641.1_mrna_XM_026440059.1_8124	2025	1826	9	0.269791
lcl|NC_037641.1_ncrna_XR_003304514.1_8125	4148	3949	1.49252	0.020688
lcl|NC_037641.1_ncrna_XR_003304515.1_8126	4668	4469	0	0
lcl|NC_037641.1_ncrna_XR_003304513.1_8127	4070	3871	1.50748	0.0213164
lcl|NC_037641.1_ncrna_XR_003304512.1_8128	2964	2765	0	0
lcl|NC_037641.1_ncrna_XR_003304516.1_8129	2930	2731	0	0
lcl|NC_037641.1_ncrna_XR_001702707.2_8130	2914	2715	0	0
lcl|NC_037641.1_mrna_XM_006560503.3_8131	820	621	0	0
lcl|NC_037641.1_mrna_NM_001142656.2_8132	710	511	1	0.107118
lcl|NC_037641.1_mrna_XM_006560577.3_8133	3635	3436	0	0
lcl|NC_037641.1_miscrna_XR_408769.3_8134	2999	2800	0	0
lcl|NC_037641.1_mrna_XM_016911886.2_8135	1705	1506	45.208	1.64315
lcl|NC_037641.1_mrna_XM_026440072.1_8136	1631	1432	8.79197	0.336069
lcl|NC_037641.1_mrna_XM_026440073.1_8137	1765	1566	2	0.0699075
lcl|NC_037641.1_mrna_NM_001011578.1_8138	5393	5194	847	8.9262
lcl|NC_037641.1_mrna_XM_006560586.3_8139	1889	1690	14303	463.261
lcl|NC_037641.1_trna_8140	82	3.75521	0	0
lcl|NC_037641.1_ncrna_XR_001702764.2_8141	2240	2041	216	5.7929
lcl|NC_037641.1_ncrna_XR_001702769.2_8142	428	229	23.8848	5.70914
lcl|NC_037641.1_mrna_XM_006560585.3_8143	7004	6805	871.116	7.00701
lcl|NC_037641.1_mrna_XM_006560583.3_8144	7025	6826	938.417	7.52515
lcl|NC_037641.1_mrna_XM_006560584.3_8145	7198	6999	584.582	4.57188
lcl|NC_037641.1_ncrna_XR_001702766.2_8146	4538	4339	0	0
lcl|NC_037641.1_ncrna_XR_408775.3_8147	4313	4114	129	1.71637
lcl|NC_037641.1_trna_8148	71	3.50437	0	0
lcl|NC_037641.1_trna_8149	71	3.50437	0	0
lcl|NC_037641.1_trna_8150	71	3.50437	0	0
lcl|NC_037641.1_mrna_XM_016912030.2_8151	2108	1909	225	6.45152
lcl|NC_037641.1_mrna_XM_026439973.1_8152	613	414	2291.11	302.922
lcl|NC_037641.1_mrna_NM_001242469.1_8153	562	363	2635.89	397.472
lcl|NC_037641.1_mrna_XM_006560587.3_8154	1790	1591	781	26.8699
lcl|NC_037641.1_mrna_XM_026440128.1_8155	2220	2021	877	23.753
lcl|NC_037641.1_mrna_XM_392635.7_8156	1761	1562	464	16.2601
lcl|NC_037641.1_mrna_XM_003249657.4_8157	1811	1612	475.787	16.156
lcl|NC_037641.1_mrna_XM_624237.5_8158	1416	1217	3661.21	164.672
lcl|NC_037641.1_mrna_XM_394517.7_8159	1534	1335	230	9.43044
lcl|NC_037641.1_mrna_XM_006560590.3_8160	3046	2847	0	0
lcl|NC_037641.1_mrna_XM_006560589.3_8161	3122	2923	3520.09	65.9189
lcl|NC_037641.1_trna_8162	71	3.50437	0	0
lcl|NC_037641.1_mrna_XM_003249659.4_8163	3733	3534	1.19905e-07	1.85719e-09
lcl|NC_037641.1_mrna_XM_016911629.2_8164	3708	3509	105.038	1.6385
lcl|NC_037641.1_mrna_XM_016911630.2_8165	3621	3422	796.635	12.7428
lcl|NC_037641.1_ncrna_XR_408776.3_8166	4547	4348	8	0.100713
lcl|NC_037641.1_mrna_XM_392346.7_8167	4729	4530	374.055	4.51983
lcl|NC_037641.1_mrna_XM_394516.6_8168	2206	2007	710	19.3641
lcl|NC_037641.1_mrna_XM_006560591.3_8169	1826	1627	1359	45.7212
lcl|NC_037641.1_miscrna_XR_001702667.1_8170	4112	3913	1.84281e-08	2.57784e-10
lcl|NC_037641.1_mrna_XM_016911628.2_8171	3993	3794	217.945	3.14438
lcl|NC_037641.1_miscrna_XR_003304488.1_8172	4103	3904	499.56	7.00428
lcl|NC_037641.1_mrna_XM_026439985.1_8173	2967	2768	546.866	10.8143
lcl|NC_037641.1_mrna_XM_016911626.2_8174	2867	2668	0	0
lcl|NC_037641.1_mrna_XM_026439984.1_8175	2858	2659	55.6282	1.14515
lcl|NC_037641.1_mrna_XM_006560540.3_8176	11440	11241	0.0514601	0.000250583
lcl|NC_037641.1_mrna_XM_026439969.1_8177	11686	11487	0.000680195	3.24124e-06
lcl|NC_037641.1_mrna_XM_006560536.3_8178	11494	11295	15.424	0.0747475
lcl|NC_037641.1_mrna_XM_006560535.3_8179	11497	11298	1.2621	0.00611472
lcl|NC_037641.1_mrna_XM_006560530.3_8180	11560	11361	0.880572	0.00424262
lcl|NC_037641.1_mrna_XM_026439967.1_8181	11743	11544	8.49836e-06	4.02962e-08
lcl|NC_037641.1_mrna_XM_026439962.1_8182	11899	11700	8.2191e-06	3.84524e-08
lcl|NC_037641.1_mrna_XM_006560532.3_8183	11527	11328	518.278	2.50435
lcl|NC_037641.1_mrna_XM_016911568.2_8184	11530	11331	43.1012	0.208212
lcl|NC_037641.1_mrna_XM_006560527.3_8185	11593	11394	312.237	1.50001
lcl|NC_037641.1_mrna_XM_026439965.1_8186	11776	11577	357.51	1.69035
lcl|NC_037641.1_mrna_XM_026439959.1_8187	11932	11733	176.59	0.823839
lcl|NC_037641.1_mrna_XM_006560528.3_8188	11584	11385	98.6485	0.474289
lcl|NC_037641.1_mrna_XM_016911565.2_8189	11650	11451	5.71526	0.0273198
lcl|NC_037641.1_mrna_XM_026439956.1_8190	11989	11790	5.62115e-05	2.60974e-07
lcl|NC_037641.1_mrna_XM_006560537.3_8191	11458	11259	0.00683193	3.32146e-05
lcl|NC_037641.1_mrna_XM_026439968.1_8192	11704	11505	0.000608262	2.89394e-06
lcl|NC_037641.1_mrna_XM_006560534.3_8193	11512	11313	2.06757	0.0100038
lcl|NC_037641.1_mrna_XM_006560533.3_8194	11515	11316	0.169272	0.000818801
lcl|NC_037641.1_mrna_XM_006560529.3_8195	11578	11379	0.119424	0.000574478
lcl|NC_037641.1_mrna_XM_026439966.1_8196	11761	11562	1.18962e-06	5.63195e-09
lcl|NC_037641.1_mrna_XM_026439961.1_8197	11917	11718	1.18106e-06	5.51702e-09
lcl|NC_037641.1_mrna_XM_006560531.3_8198	11545	11346	8.06168	0.0388927
lcl|NC_037641.1_mrna_XM_016911567.2_8199	11548	11349	0.667663	0.00322022
lcl|NC_037641.1_mrna_XM_006560525.3_8200	11608	11409	58.8718	0.282452
lcl|NC_037641.1_mrna_XM_006560524.3_8201	11611	11412	4.95671	0.0237748
lcl|NC_037641.1_mrna_XM_026439964.1_8202	11794	11595	6.07834	0.0286946
lcl|NC_037641.1_mrna_XM_026439958.1_8203	11950	11751	3.15985	0.014719
lcl|NC_037641.1_mrna_XM_006560526.3_8204	11602	11403	1.55503	0.00746456
lcl|NC_037641.1_mrna_XM_016911566.2_8205	11605	11406	0.129771	0.000622772
lcl|NC_037641.1_mrna_XM_006560519.3_8206	11665	11466	1.08638	0.00518626
lcl|NC_037641.1_mrna_XM_016911564.2_8207	11668	11469	0.0919644	0.000438914
lcl|NC_037641.1_mrna_XM_016911563.2_8208	11764	11565	13.3293	0.063088
lcl|NC_037641.1_mrna_XM_006560512.3_8209	11827	11628	0.00170598	8.0307e-06
lcl|NC_037641.1_mrna_XM_026439963.1_8210	11851	11652	1.00337e-06	4.71351e-09
lcl|NC_037641.1_mrna_XM_006560514.3_8211	11761	11562	82.4799	0.390481
lcl|NC_037641.1_mrna_XM_016911562.2_8212	11824	11625	187.59	0.883289
lcl|NC_037641.1_mrna_XM_026439960.1_8213	11917	11718	118.703	0.554491
lcl|NC_037641.1_mrna_XM_006560509.3_8214	11920	11721	10.6782	0.0498674
lcl|NC_037641.1_mrna_XM_026439957.1_8215	11983	11784	0.00153898	7.14865e-06
lcl|NC_037641.1_mrna_XM_026439955.1_8216	12004	11805	1.12012e-05	5.19379e-08
lcl|NC_037641.1_mrna_XM_026439954.1_8217	12007	11808	9.98538e-07	4.62886e-09
lcl|NC_037641.1_mrna_NM_001134950.1_8218	2300	2101	0	0
lcl|NC_037641.1_ncrna_XR_003304490.1_8219	1249	1050	0	0
lcl|NC_037641.1_ncrna_XR_001702671.2_8220	5116	4917	0	0
lcl|NC_037641.1_ncrna_XR_001702672.2_8221	4906	4707	18.274	0.212507
lcl|NC_037641.1_ncrna_XR_001702669.2_8222	4969	4770	9.43662e-07	1.08289e-08
lcl|NC_037641.1_ncrna_XR_003304489.1_8223	4418	4219	8.00234	0.103823
lcl|NC_037641.1_mrna_NM_001134949.1_8224	3344	3145	4556.03	79.2959
lcl|NC_037641.1_mrna_XM_016911530.2_8225	2350	2151	0	0
lcl|NC_037641.1_mrna_XM_016911529.2_8226	2353	2154	22980.5	583.981
lcl|NC_037641.1_mrna_XM_016911528.2_8227	2374	2175	203.984	5.13361
lcl|NC_037641.1_mrna_XM_016911531.2_8228	2328	2129	0.00126247	3.24587e-05
lcl|NC_037641.1_mrna_XM_026440405.1_8229	2806	2607	55.5477	1.1663
lcl|NC_037641.1_mrna_XM_396180.7_8230	3131	2932	189.452	3.53689
lcl|NC_037641.1_mrna_XM_006560602.3_8231	1651	1452	150.216	5.66283
lcl|NC_037641.1_mrna_XM_026440406.1_8232	1503	1304	167.784	7.04302
lcl|NC_037641.1_mrna_XM_016911656.2_8233	3297	3098	64.0291	1.13131
lcl|NC_037641.1_mrna_XM_006560599.3_8234	3610	3411	367.295	5.89412
lcl|NC_037641.1_mrna_XM_006560601.3_8235	3199	3000	2309.4	42.137
lcl|NC_037641.1_mrna_XM_006560600.3_8236	3943	3744	404.869	5.91922
lcl|NC_037641.1_mrna_XM_026440407.1_8237	2991	2792	1551.4	30.4155
lcl|NC_037641.1_mrna_XM_006560597.3_8238	3548	3349	1795.05	29.3391
lcl|NC_037641.1_mrna_XM_026440408.1_8239	3577	3378	93.9498	1.52237
lcl|NC_037641.1_mrna_XM_006560596.3_8240	1649	1450	2383	89.9583
lcl|NC_037641.1_mrna_XM_026440409.1_8241	2933	2734	3540.94	70.8933
lcl|NC_037641.1_mrna_XM_003249662.4_8242	3210	3011	62.6763	1.1394
lcl|NC_037641.1_mrna_XM_393572.7_8243	2994	2795	808.384	15.8315
lcl|NC_037641.1_mrna_XM_006560603.3_8244	1085	886	1470	90.8174
lcl|NC_037641.1_mrna_XM_001121600.4_8245	2483	2284	878	21.0418
lcl|NC_037641.1_mrna_XM_026440410.1_8246	8973	8774	2542	15.8585
lcl|NC_037641.1_ncrna_XR_003304594.1_8247	901	702	156	12.1639
lcl|NC_037641.1_mrna_XM_006560605.3_8248	802	603	155.491	14.1147
lcl|NC_037641.1_ncrna_XR_001702690.2_8249	1539	1340	7.87753	0.321789
lcl|NC_037641.1_ncrna_XR_001702689.2_8250	1876	1677	55.9843	1.82734
lcl|NC_037641.1_mrna_XM_026440411.1_8251	2904	2705	525	10.6237
lcl|NC_037641.1_ncrna_XR_001702685.2_8252	2591	2392	2.55556	0.0584803
lcl|NC_037641.1_ncrna_XR_001702684.2_8253	1719	1520	0	0
lcl|NC_037641.1_ncrna_XR_001702687.2_8254	1655	1456	50.3683	1.89357
lcl|NC_037641.1_ncrna_XR_001702688.1_8255	813	614	135.076	12.0419
lcl|NC_037641.1_mrna_XM_026440415.1_8256	1529	1330	10.0214	0.412442
lcl|NC_037641.1_mrna_XM_006560606.3_8257	1592	1393	0	0
lcl|NC_037641.1_mrna_XM_026440413.1_8258	1632	1433	0	0
lcl|NC_037641.1_mrna_XM_016911655.2_8259	1686	1487	153.979	5.66806
lcl|NC_037641.1_mrna_XM_026440412.1_8260	2920	2721	469	9.43473
lcl|NC_037641.1_mrna_XM_006560609.3_8261	721	522	0	0
lcl|NC_037641.1_mrna_XM_006560607.3_8262	730	531	10	1.03084
lcl|NC_037641.1_mrna_XM_006560608.3_8263	717	518	0	0
lcl|NC_037641.1_mrna_XM_026440193.1_8264	1372	1173	115	5.36643
lcl|NC_037641.1_mrna_XM_016911654.2_8265	516	317	385	66.4793
lcl|NC_037641.1_mrna_XM_001123179.5_8266	941	742	249	18.3688
lcl|NC_037641.1_mrna_XM_396044.5_8267	1541	1342	238	9.70755
lcl|NC_037641.1_mrna_XM_624988.5_8268	1985	1786	1464	44.8688
lcl|NC_037641.1_mrna_XM_001123191.4_8269	491	292	1074.39	201.403
lcl|NC_037641.1_mrna_XM_003249664.4_8270	527	328	60.6081	10.1144
lcl|NC_037641.1_mrna_XM_026440063.1_8271	1796	1597	0.00218674	7.49511e-05
lcl|NC_037641.1_mrna_XM_026440062.1_8272	1934	1735	564.998	17.8251
lcl|NC_037641.1_mrna_XM_623284.5_8273	1560	1361	11364	457.044
lcl|NC_037641.1_mrna_XM_395873.7_8274	2363	2164	498.128	12.6
lcl|NC_037641.1_mrna_XM_006560610.3_8275	2098	1899	1242.87	35.825
lcl|NC_037641.1_mrna_XM_026440093.1_8276	5416	5217	358.223	3.75853
lcl|NC_037641.1_mrna_XM_026440094.1_8277	5428	5229	116.479	1.21931
lcl|NC_037641.1_mrna_XM_016911924.2_8278	5432	5233	44.3758	0.464174
lcl|NC_037641.1_mrna_XM_026440095.1_8279	4614	4415	1240.92	15.3851
lcl|NC_037641.1_mrna_XM_026440201.1_8280	1176	977	1776	99.5024
lcl|NC_037641.1_mrna_XM_006560612.3_8281	1005	806	8.02982e-05	5.45326e-06
lcl|NC_037641.1_mrna_XM_001120883.5_8282	999	800	0.99992	0.0684164
lcl|NC_037641.1_mrna_XM_623996.5_8283	835	636	0.000236098	2.03199e-05
lcl|NC_037641.1_mrna_XM_006560613.3_8284	829	630	36.9998	3.21472
lcl|NC_037641.1_mrna_XM_006560615.3_8285	2312	2113	111.66	2.89256
lcl|NC_037641.1_mrna_XM_623910.6_8286	2243	2044	676.34	18.1121
lcl|NC_037641.1_mrna_XM_006560616.3_8287	2288	2089	0	0
lcl|NC_037641.1_mrna_XM_026440189.1_8288	2345	2146	434	11.0699
lcl|NC_037641.1_mrna_XM_026440495.1_8289	2220	2021	0	0
lcl|NC_037641.1_mrna_XM_026440496.1_8290	2327	2128	0	0
lcl|NC_037641.1_mrna_XM_026440497.1_8291	2327	2128	38.5421	0.9914
lcl|NC_037641.1_mrna_XM_026440498.1_8292	2321	2122	558.728	14.4125
lcl|NC_037641.1_mrna_XM_026440501.1_8293	1504	1305	17.2788	0.724749
lcl|NC_037641.1_mrna_XM_026440500.1_8294	1681	1482	16.7458	0.618503
lcl|NC_037641.1_mrna_XM_026440502.1_8295	1341	1142	46.1976	2.21431
lcl|NC_037641.1_mrna_XM_026440499.1_8296	2054	1855	331.881	9.79318
lcl|NC_037641.1_mrna_XM_026440503.1_8297	2643	2444	854	19.1268
lcl|NC_037641.1_mrna_XM_026440515.1_8298	1066	867	959	60.5459
lcl|NC_037641.1_mrna_XM_026440511.1_8299	2499	2300	0	0
lcl|NC_037641.1_mrna_XM_026440504.1_8300	2582	2383	0	0
lcl|NC_037641.1_mrna_XM_026440508.1_8301	2533	2334	27.9685	0.655923
lcl|NC_037641.1_mrna_XM_026440507.1_8302	2563	2364	0	0
lcl|NC_037641.1_mrna_XM_026440509.1_8303	2530	2331	19.7449	0.463658
lcl|NC_037641.1_mrna_XM_026440512.1_8304	2481	2282	8.48535	0.203535
lcl|NC_037641.1_mrna_XM_026440510.1_8305	2511	2312	0	0
lcl|NC_037641.1_mrna_XM_006562006.3_8306	2097	1898	0.0438265	0.00126394
lcl|NC_037641.1_mrna_XM_026440513.1_8307	1554	1355	25.284	1.02139
lcl|NC_037641.1_mrna_XM_026440505.1_8308	2518	2319	10.5237	0.2484
lcl|NC_037641.1_mrna_XM_026440506.1_8309	2433	2234	0	0
lcl|NC_037641.1_mrna_XM_026440514.1_8310	1962	1763	0	0
lcl|NC_037641.1_mrna_XM_006562011.3_8311	1959	1760	0	0
lcl|NC_037641.1_mrna_XM_016912009.2_8312	1950	1751	6.94979	0.217256
lcl|NC_037641.1_mrna_XM_026440110.1_8313	3524	3325	747.545	12.3064
lcl|NC_037641.1_mrna_XM_026440109.1_8314	3192	2993	997.455	18.242
lcl|NC_037641.1_mrna_XM_016911953.2_8315	920	721	175	13.2858
lcl|NC_037641.1_mrna_XM_016911923.2_8316	1153	954	94	5.39343
lcl|NC_037641.1_mrna_XM_026440070.1_8317	573	374	164	24.0026
lcl|NC_037641.1_mrna_XM_026440069.1_8318	692	493	0	0
lcl|NC_037641.1_mrna_XM_016911922.2_8319	626	427	5514.89	706.96
lcl|NC_037641.1_mrna_XM_006562000.3_8320	968	769	822	58.5101
lcl|NC_037641.1_mrna_XM_006561999.3_8321	3168	2969	921.16	16.9828
lcl|NC_037641.1_mrna_XM_006561998.3_8322	3266	3067	493.674	8.81072
lcl|NC_037641.1_mrna_NM_001040263.1_8323	1550	1351	978	39.625
lcl|NC_037641.1_mrna_XM_001121698.5_8324	782	583	191	17.9329
lcl|NC_037641.1_trna_8325	73	3.5471	0	0
lcl|NC_037641.1_miscrna_XR_409268.3_8326	4140	3941	14.3519	0.199337
lcl|NC_037641.1_mrna_XM_624005.5_8327	5027	4828	603.573	6.84301
lcl|NC_037641.1_mrna_XM_006561997.3_8328	4601	4402	109.076	1.35632
lcl|NC_037641.1_mrna_XM_001121690.4_8329	2311	2112	26.8918	0.696966
lcl|NC_037641.1_mrna_XM_006561992.3_8330	2225	2026	0	0
lcl|NC_037641.1_mrna_XM_006561994.3_8331	2363	2164	109.009	2.75734
lcl|NC_037641.1_mrna_XM_006561993.3_8332	2216	2017	0	0
lcl|NC_037641.1_mrna_XM_026440186.1_8333	2210	2011	0	0
lcl|NC_037641.1_mrna_XM_006561995.3_8334	2338	2139	576.099	14.7425
lcl|NC_037641.1_mrna_XM_624061.6_8335	2245	2046	1524	40.7722
lcl|NC_037641.1_mrna_XM_396884.7_8336	5618	5419	221.606	2.23845
lcl|NC_037641.1_mrna_XM_006561991.3_8337	5477	5278	0.0358028	0.000371307
lcl|NC_037641.1_mrna_XM_016911883.2_8338	5705	5506	253.215	2.51732
lcl|NC_037641.1_mrna_XM_003249951.4_8339	4195	3996	718.72	9.84508
lcl|NC_037641.1_mrna_XM_001121774.5_8340	2945	2746	1073.38	21.3963
lcl|NC_037641.1_mrna_XM_006561990.3_8341	2822	2623	0.621263	0.0129647
lcl|NC_037641.1_mrna_XM_393324.7_8342	1379	1180	988	45.8311
lcl|NC_037641.1_mrna_XM_026440338.1_8343	8841	8642	124.531	0.788765
lcl|NC_037641.1_mrna_XM_026440339.1_8344	7926	7727	552.156	3.91143
lcl|NC_037641.1_mrna_XM_026440344.1_8345	5977	5778	65.9831	0.625087
lcl|NC_037641.1_mrna_XM_026440341.1_8346	6638	6439	182.725	1.55333
lcl|NC_037641.1_mrna_XM_026440340.1_8347	6695	6496	0.00270009	2.27519e-05
lcl|NC_037641.1_mrna_XM_026440345.1_8348	5767	5568	1601	15.739
lcl|NC_037641.1_mrna_XM_026440342.1_8349	7435	7236	36.3162	0.274718
lcl|NC_037641.1_mrna_XM_026440346.1_8350	6086	5887	298.827	2.7785
lcl|NC_037641.1_mrna_XM_026440347.1_8351	6081	5882	521.685	4.85477
lcl|NC_037641.1_mrna_XM_026440348.1_8352	6054	5855	1076.44	10.0635
lcl|NC_037641.1_mrna_XM_026440349.1_8353	3969	3770	812.399	11.7954
lcl|NC_037641.1_mrna_XM_001121844.5_8354	2564	2365	753	17.4281
lcl|NC_037641.1_mrna_XM_026440176.1_8355	1301	1102	42.128	2.09255
lcl|NC_037641.1_mrna_XM_016911992.2_8356	1110	911	49.872	2.99656
lcl|NC_037641.1_mrna_XM_026440442.1_8357	594	395	744	103.101
lcl|NC_037641.1_mrna_XM_623752.6_8358	4014	3815	466	6.68616
lcl|NC_037641.1_mrna_XM_026440438.1_8359	4669	4470	693.126	8.4877
lcl|NC_037641.1_mrna_XM_026440441.1_8360	4884	4685	100.879	1.17863
lcl|NC_037641.1_mrna_XM_026440439.1_8361	4866	4667	752.995	8.8316
lcl|NC_037641.1_mrna_XM_026440440.1_8362	4285	4086	5.63511e-07	7.54899e-09
lcl|NC_037641.1_mrna_XM_006561981.3_8363	1693	1494	789	28.9076
lcl|NC_037641.1_ncrna_XR_003304519.1_8364	314	115	320	152.313
lcl|NC_037641.1_mrna_XM_026440103.1_8365	2235	2036	417	11.211
lcl|NC_037641.1_mrna_XM_026440104.1_8366	2044	1845	0	0
lcl|NC_037641.1_mrna_XM_026440025.1_8367	6380	6181	712	6.30531
lcl|NC_037641.1_mrna_XM_006561979.3_8368	728	529	168	17.3836
lcl|NC_037641.1_mrna_XM_624517.6_8369	1020	821	277	18.4681
lcl|NC_037641.1_mrna_XM_003249947.4_8370	1227	1028	193	10.2766
lcl|NC_037641.1_mrna_XM_006561977.3_8371	608	409	11.6857	1.56393
lcl|NC_037641.1_mrna_XM_006561978.2_8372	621	422	0	0
lcl|NC_037641.1_mrna_XM_395088.6_8373	573	374	631.314	92.3973
lcl|NC_037641.1_mrna_XM_392660.7_8374	1968	1769	3832	118.572
lcl|NC_037641.1_mrna_XM_006561972.3_8375	3684	3485	232.889	3.6579
lcl|NC_037641.1_mrna_XM_003249946.4_8376	4015	3816	2978.11	42.7187
lcl|NC_037641.1_mrna_XM_026440476.1_8377	612	413	187.751	24.8838
lcl|NC_037641.1_mrna_XM_026440478.1_8378	555	356	1.24922	0.192076
lcl|NC_037641.1_mrna_XM_026440477.1_8379	569	370	0	0
lcl|NC_037641.1_mrna_XM_026440479.1_8380	3185	2986	477.175	8.74728
lcl|NC_037641.1_mrna_XM_026440480.1_8381	3227	3028	78.4427	1.41802
lcl|NC_037641.1_mrna_XM_006561971.3_8382	2899	2700	1138.08	23.0726
lcl|NC_037641.1_mrna_XM_026440481.1_8383	2570	2371	0.000612913	1.41499e-05
lcl|NC_037641.1_mrna_XM_026440482.1_8384	2858	2659	840.297	17.2982
lcl|NC_037641.1_ncrna_XR_003304635.1_8385	215	23.5677	23	53.419
lcl|NC_037641.1_trna_8386	73	3.5471	0	0
lcl|NC_037641.1_mrna_XM_392698.7_8387	1815	1616	21	0.711317
lcl|NC_037641.1_ncrna_XR_003304632.1_8388	979	780	1	0.0701763
lcl|NC_037641.1_trna_8389	73	3.5471	0	0
lcl|NC_037641.1_ncrna_XR_003304630.1_8390	2018	1819	13.2609	0.399049
lcl|NC_037641.1_ncrna_XR_003304631.1_8391	2396	2197	34.062	0.848644
lcl|NC_037641.1_ncrna_XR_003304629.1_8392	2267	2068	588.469	15.5761
lcl|NC_037641.1_mrna_XM_026440483.1_8393	7069	6870	3292.52	26.2336
lcl|NC_037641.1_mrna_XM_016911775.2_8394	8230	8031	0.0176274	0.000120145
lcl|NC_037641.1_mrna_XM_026440488.1_8395	8371	8172	375.723	2.51666
lcl|NC_037641.1_precursorrna_NR_039509.1_8396	109	4.58598	0	0
lcl|NC_037641.1_ncrna_8397	22	2.73612	0	0
lcl|NC_037641.1_miscrna_XR_003304628.1_8398	6796	6597	14	0.116163
lcl|NC_037641.1_mrna_XM_016911570.2_8399	1612	1413	0	0
lcl|NC_037641.1_mrna_NM_001242991.1_8400	1092	893	1	0.0612962
lcl|NC_037641.1_mrna_XM_026440491.1_8401	1704	1505	6.36935	0.231656
lcl|NC_037641.1_mrna_XM_006561964.3_8402	1688	1489	0	0
lcl|NC_037641.1_mrna_XM_026440490.1_8403	1732	1533	4.33688	0.154853
lcl|NC_037641.1_mrna_XM_026440494.1_8404	510	311	0	0
lcl|NC_037641.1_mrna_XM_026440492.1_8405	969	770	7.09218	0.504167
lcl|NC_037641.1_mrna_XM_006561970.3_8406	1674	1475	0	0
lcl|NC_037641.1_mrna_XM_026440484.1_8407	2000	1801	0	0
lcl|NC_037641.1_mrna_XM_026440486.1_8408	1968	1769	56.0274	1.73364
lcl|NC_037641.1_mrna_XM_026440493.1_8409	561	362	9.85986	1.4909
lcl|NC_037641.1_mrna_XM_026440489.1_8410	1904	1705	18.1595	0.582994
lcl|NC_037641.1_mrna_XM_026440485.1_8411	1988	1789	4.89237	0.149691
lcl|NC_037641.1_mrna_XM_026440487.1_8412	1975	1776	0	0
lcl|NC_037641.1_rrna_XR_003304633.1_8413	119	5.00576	0	0
lcl|NC_037641.1_mrna_XM_006562333.3_8414	1711	1512	9	0.325819
lcl|NC_037641.1_trna_8415	72	3.52559	0	0
lcl|NC_037641.1_trna_8416	74	3.56892	0	0
lcl|NC_037641.1_trna_8417	72	3.52559	0	0
lcl|NC_037641.1_trna_8418	73	3.5471	0	0
lcl|NC_037641.1_trna_8419	74	3.56892	0	0
lcl|NC_037641.1_trna_8420	82	3.75521	0	0
lcl|NC_037641.1_ncrna_XR_003304634.1_8421	215	23.5677	2	4.64513
lcl|NC_037641.1_trna_8422	71	3.50437	0	0
lcl|NC_037641.1_ncrna_XR_003304570.1_8423	392	193	0	0
lcl|NC_037641.1_mrna_XM_006562335.3_8424	2519	2320	219.409	5.17668
lcl|NC_037641.1_mrna_XM_006562337.3_8425	2471	2272	141.773	3.41562
lcl|NC_037641.1_mrna_XM_006562336.3_8426	2531	2332	0	0
lcl|NC_037641.1_mrna_XM_006562334.3_8427	2689	2490	589.819	12.966
lcl|NC_037641.1_mrna_XM_016911877.2_8428	7782	7583	142.38	1.02776
lcl|NC_037641.1_mrna_XM_016911876.2_8429	7790	7591	37.63	0.271344
lcl|NC_037641.1_mrna_XM_006562338.3_8430	7236	7037	50.0132	0.389029
lcl|NC_037641.1_precursorrna_NR_130409.1_8431	76	3.6135	0	0
lcl|NC_037641.1_ncrna_8432	23	2.74792	0	0
lcl|NC_037641.1_trna_8433	72	3.52559	0	0
lcl|NC_037641.1_mrna_XM_016911878.2_8434	3847	3648	2	0.0300096
lcl|NC_037641.1_mrna_XM_016912031.2_8435	1227	1028	519	27.635
lcl|NC_037641.1_mrna_XM_026440207.1_8436	2432	2233	8.75025	0.214495
lcl|NC_037641.1_miscrna_XR_003304560.1_8437	2484	2285	0.000834038	1.99795e-05
lcl|NC_037641.1_mrna_XM_026440206.1_8438	2548	2349	20.2489	0.47185
lcl|NC_037641.1_mrna_XM_026440208.1_8439	1712	1513	0	0
lcl|NC_037641.1_miscrna_XR_003304561.1_8440	1836	1637	0	0
lcl|NC_037641.1_mrna_XM_026440127.1_8441	3027	2828	63.4487	1.22809
lcl|NC_037641.1_mrna_XM_016911933.2_8442	2403	2204	20.5513	0.510402
lcl|NC_037641.1_mrna_XM_006562719.3_8443	2747	2548	0	0
lcl|NC_037641.1_mrna_XM_026440044.1_8444	9287	9088	3614	21.7673
lcl|NC_037641.1_mrna_XM_006562714.3_8445	2576	2377	368	8.4743
lcl|NC_037641.1_mrna_XM_026440043.1_8446	1385	1186	284	13.1075
lcl|NC_037641.1_mrna_XM_006562716.3_8447	2588	2389	647	14.8243
lcl|NC_037641.1_mrna_XM_006562715.3_8448	1902	1703	568.391	18.2691
lcl|NC_037641.1_mrna_XM_006562717.3_8449	1918	1719	180	5.73168
lcl|NC_037641.1_mrna_XM_006562718.3_8450	2450	2251	173	4.20684
lcl|NC_037641.1_ncrna_XR_003304508.1_8451	363	164	6	2.00259
lcl|NC_037641.1_mrna_XM_001120384.5_8452	2756	2557	725	15.52
lcl|NC_037641.1_mrna_XM_003250103.4_8453	1680	1481	24	0.887036
lcl|NC_037641.1_mrna_XM_016911906.2_8454	888	689	327	25.9785
lcl|NC_037641.1_mrna_XM_016911901.2_8455	4345	4146	29.4529	0.388851
lcl|NC_037641.1_mrna_XM_016911902.2_8456	4264	4065	9.50571e-08	1.28e-09
lcl|NC_037641.1_mrna_XM_006562706.3_8457	3944	3745	815.607	11.921
lcl|NC_037641.1_mrna_XM_016911903.2_8458	4358	4159	0	0
lcl|NC_037641.1_mrna_XM_016911900.2_8459	4342	4143	0	0
lcl|NC_037641.1_miscrna_XR_003304517.1_8460	4243	4044	0	0
lcl|NC_037641.1_mrna_XM_006562708.3_8461	4312	4113	120.08	1.59807
lcl|NC_037641.1_mrna_XM_006562709.3_8462	4303	4104	0	0
lcl|NC_037641.1_mrna_XM_026440061.1_8463	3943	3744	0	0
lcl|NC_037641.1_mrna_XM_006562711.3_8464	3581	3382	414.596	6.71022
lcl|NC_037641.1_miscrna_XR_001702808.2_8465	3321	3122	164.449	2.88326
lcl|NC_037641.1_mrna_XM_016911904.2_8466	3415	3216	532.041	9.05553
lcl|NC_037641.1_mrna_XM_006562710.3_8467	3376	3177	120.775	2.08086
lcl|NC_037641.1_mrna_XM_016911581.2_8468	2862	2663	1001	20.5753
lcl|NC_037641.1_mrna_XM_026440161.1_8469	2535	2336	0	0
lcl|NC_037641.1_mrna_XM_026440162.1_8470	2412	2213	0.00351109	8.68451e-05
lcl|NC_037641.1_mrna_XM_394503.7_8471	1703	1504	474	17.2511
lcl|NC_037641.1_mrna_XM_016911575.2_8472	6081	5882	67.0951	0.624383
lcl|NC_037641.1_mrna_XM_016911576.2_8473	5818	5619	131.226	1.27834
lcl|NC_037641.1_mrna_XM_016911579.2_8474	7260	7061	22.2711	0.172648
lcl|NC_037641.1_mrna_XM_026440394.1_8475	6160	5961	0	0
lcl|NC_037641.1_mrna_XM_026440396.1_8476	5908	5709	0	0
lcl|NC_037641.1_mrna_XM_026440395.1_8477	5977	5778	28.7384	0.272252
lcl|NC_037641.1_mrna_XM_016911573.2_8478	6094	5895	0	0
lcl|NC_037641.1_mrna_XM_016911572.2_8479	6102	5903	0	0
lcl|NC_037641.1_mrna_XM_006562696.3_8480	5919	5720	0	0
lcl|NC_037641.1_mrna_XM_026440397.1_8481	5724	5525	173.697	1.72086
lcl|NC_037641.1_mrna_XM_006562692.3_8482	6087	5888	0	0
lcl|NC_037641.1_mrna_XM_026440398.1_8483	4862	4663	0	0
lcl|NC_037641.1_mrna_XM_006562702.3_8484	5549	5350	16.7323	0.171194
lcl|NC_037641.1_mrna_XM_016911577.2_8485	6523	6324	168.077	1.45479
lcl|NC_037641.1_mrna_XM_016911580.2_8486	5309	5110	179.488	1.92265
lcl|NC_037641.1_ncrna_XR_003304593.1_8487	6883	6684	454.339	3.72074
lcl|NC_037641.1_mrna_XM_026440404.1_8488	1601	1402	8	0.31234
lcl|NC_037641.1_precursorrna_NR_034309.1_8489	91	3.99311	0	0
lcl|NC_037641.1_ncrna_8490	21	2.72438	0	0
lcl|NC_037641.1_precursorrna_NR_039510.1_8491	140	6.21	0	0
lcl|NC_037641.1_ncrna_8492	22	2.73612	0	0
lcl|NC_037641.1_mrna_XM_026440403.1_8493	707	508	2.43246	0.2621
lcl|NC_037641.1_mrna_XM_026440402.1_8494	2177	1978	3.26275	0.0902907
lcl|NC_037641.1_miscrna_XR_003304591.1_8495	2662	2463	35.5485	0.790026
lcl|NC_037641.1_mrna_XM_026440401.1_8496	6067	5868	27.3967	0.25556
lcl|NC_037641.1_miscrna_XR_003304592.1_8497	2022	1823	0	0
lcl|NC_037641.1_mrna_XM_396254.7_8498	12895	12696	395.041	1.70318
lcl|NC_037641.1_mrna_XM_026440399.1_8499	839	640	0	0
lcl|NC_037641.1_mrna_XM_026440400.1_8500	880	681	10.3596	0.832687
lcl|NC_037641.1_mrna_XM_026440393.1_8501	6588	6389	395.075	3.38479
lcl|NC_037641.1_mrna_XM_001120871.5_8502	7797	7598	489.925	3.52952
lcl|NC_037641.1_mrna_XM_026440391.1_8503	7839	7640	0	0
lcl|NC_037641.1_mrna_XM_026440392.1_8504	6683	6484	0	0
lcl|NC_037641.1_mrna_XM_003250093.4_8505	395	196	220	61.4401
lcl|NC_037641.1_mrna_XM_006562690.3_8506	932	733	58.6092	4.3767
lcl|NC_037641.1_mrna_XM_001120913.5_8507	1292	1093	94.1217	4.71363
lcl|NC_037641.1_mrna_XM_006562689.3_8508	872	673	2.26909	0.184553
lcl|NC_037641.1_mrna_XM_006562687.3_8509	5643	5444	29	0.291585
lcl|NC_037641.1_mrna_XM_006562683.3_8510	2088	1889	2.10092	0.0608784
lcl|NC_037641.1_mrna_XM_001119946.4_8511	685	486	1	0.112629
lcl|NC_037641.1_mrna_XM_003250091.4_8512	515	316	36515	6325.13
lcl|NC_037641.1_mrna_XM_006562684.3_8513	5562	5363	0	0
lcl|NC_037641.1_mrna_XM_006562686.3_8514	5576	5377	0	0
lcl|NC_037641.1_trna_8515	72	3.52559	0	0
lcl|NC_037641.1_trna_8516	72	3.52559	0	0
lcl|NC_037641.1_trna_8517	72	3.52559	0	0
lcl|NC_037641.1_trna_8518	72	3.52559	0	0
lcl|NC_037641.1_trna_8519	72	3.52559	0	0
lcl|NC_037641.1_trna_8520	72	3.52559	0	0
lcl|NC_037641.1_trna_8521	72	3.52559	0	0
lcl|NC_037641.1_mrna_XM_006562724.2_8522	9619	9420	139.016	0.807793
lcl|NC_037641.1_ncrna_XR_001702734.2_8523	3447	3248	82	1.38192
lcl|NC_037641.1_mrna_XM_026440188.1_8524	7281	7082	3194.74	24.6925
lcl|NC_037641.1_mrna_XM_006562682.3_8525	7235	7036	1565.4	12.1783
lcl|NC_037641.1_mrna_XM_006562680.3_8526	2213	2014	259	7.03924
lcl|NC_037641.1_mrna_XM_003250111.4_8527	594	395	998	138.299
lcl|NC_037641.1_mrna_XM_393373.6_8528	2562	2363	2303	53.3477
lcl|NC_037641.1_mrna_XM_393374.7_8529	2333	2134	1073.04	27.5237
lcl|NC_037641.1_ncrna_XR_409515.3_8530	1138	939	24.958	1.45489
lcl|NC_037641.1_ncrna_XR_003304585.1_8531	4270	4071	64.8765	0.872311
lcl|NC_037641.1_ncrna_XR_003304584.1_8532	4019	3820	22.243	0.318724
lcl|NC_037641.1_mrna_XM_396816.6_8533	7134	6935	2334	18.4221
lcl|NC_037641.1_ncrna_XR_003304587.1_8534	2116	1917	37	1.05649
lcl|NC_037641.1_ncrna_XR_003304586.1_8535	3532	3333	107.635	1.76768
lcl|NC_037641.1_mrna_XM_016911866.2_8536	2086	1887	17	0.493131
lcl|NC_037641.1_mrna_XM_016912033.2_8537	971	772	99	7.01945
lcl|NC_037641.1_miscrna_XR_003304556.1_8538	976	777	16.5319	1.16463
lcl|NC_037641.1_mrna_XM_026440198.1_8539	882	683	4.15176	0.332734
lcl|NC_037641.1_mrna_XM_026440200.1_8540	836	637	132.806	11.4121
lcl|NC_037641.1_mrna_XM_026440199.1_8541	995	796	202.51	13.9257
lcl|NC_037641.1_mrna_XM_006562669.3_8542	4269	4070	10.9517	0.14729
lcl|NC_037641.1_mrna_XM_006562670.3_8543	4389	4190	0	0
lcl|NC_037641.1_mrna_XM_006562668.3_8544	8381	8182	2162.42	14.4666
lcl|NC_037641.1_mrna_XM_006562671.3_8545	4381	4182	4.2691	0.0558775
lcl|NC_037641.1_mrna_XM_026439988.1_8546	4226	4027	32.3503	0.439726
lcl|NC_037641.1_mrna_XM_006562672.3_8547	4120	3921	146.226	2.04133
lcl|NC_037641.1_mrna_XM_026439987.1_8548	4240	4041	0	0
lcl|NC_037641.1_mrna_XM_623065.6_8549	4248	4049	0	0
lcl|NC_037641.1_mrna_XM_006562674.3_8550	4233	4034	0	0
lcl|NC_037641.1_mrna_XM_026439989.1_8551	3018	2819	0	0
lcl|NC_037641.1_mrna_XM_006562666.3_8552	2728	2529	511.017	11.0604
lcl|NC_037641.1_mrna_XM_006562667.3_8553	2504	2305	1071.98	25.4567
lcl|NC_037641.1_mrna_XM_016911912.2_8554	3872	3673	37.0216	0.551722
lcl|NC_037641.1_mrna_XM_016911910.2_8555	3669	3470	948.287	14.9588
lcl|NC_037641.1_mrna_XM_006562720.3_8556	4038	3839	0.012138	0.000173067
lcl|NC_037641.1_mrna_XM_026440067.1_8557	3975	3776	1.6162e-07	2.34287e-09
lcl|NC_037641.1_mrna_XM_016911913.2_8558	3921	3722	12.6789	0.186463
lcl|NC_037641.1_mrna_XM_016911911.2_8559	3863	3664	0	0
lcl|NC_037641.1_mrna_XM_026440068.1_8560	3746	3547	0	0
lcl|NC_037641.1_mrna_XM_016911914.2_8561	3661	3462	0	0
lcl|NC_037641.1_mrna_XM_006562665.3_8562	3254	3055	291	5.21395
lcl|NC_037641.1_mrna_XM_006562663.3_8563	3023	2824	946.76	18.351
lcl|NC_037641.1_mrna_XM_624455.5_8564	2866	2667	1625.81	33.3681
lcl|NC_037641.1_mrna_XM_006562664.3_8565	2899	2700	1059.43	21.4781
lcl|NC_037641.1_mrna_XM_026440125.1_8566	2005	1806	2035	61.6782
lcl|NC_037641.1_mrna_XM_016911966.2_8567	3822	3623	249.738	3.77313
lcl|NC_037641.1_mrna_XM_026440121.1_8568	3840	3641	0	0
lcl|NC_037641.1_mrna_XM_006562658.3_8569	3836	3637	1378.58	20.7479
lcl|NC_037641.1_mrna_XM_026440123.1_8570	3636	3437	262.594	4.18207
lcl|NC_037641.1_mrna_XM_016911968.2_8571	3621	3422	265.129	4.24094
lcl|NC_037641.1_mrna_XM_006562660.3_8572	3639	3440	142.402	2.26591
lcl|NC_037641.1_mrna_XM_026440124.1_8573	3617	3418	1379.56	22.0929
lcl|NC_037641.1_ncrna_XR_003304522.1_8574	4313	4114	59	0.785006
lcl|NC_037641.1_mrna_XM_016912040.2_8575	981	782	8.88636	0.622018
lcl|NC_037641.1_miscrna_XR_003304569.1_8576	893	694	13.1136	1.03431
lcl|NC_037641.1_trna_8577	73	3.5471	0	0
lcl|NC_037641.1_mrna_XM_006562656.3_8578	3269	3070	0.00107573	1.918e-05
lcl|NC_037641.1_mrna_XM_392338.7_8579	3334	3135	18320.9	319.885
lcl|NC_037641.1_mrna_XM_006562657.3_8580	3322	3123	1560.14	27.3449
lcl|NC_037641.1_ncrna_XR_003304541.1_8581	3045	2846	1	0.0192331
lcl|NC_037641.1_mrna_XM_397526.7_8582	976	777	50	3.52236
lcl|NC_037641.1_ncrna_XR_003304575.1_8583	2567	2368	5	0.115578
lcl|NC_037641.1_ncrna_XR_001702727.2_8584	1122	923	32.1969	1.9094
lcl|NC_037641.1_ncrna_XR_001702723.2_8585	1249	1050	24.8031	1.29301
lcl|NC_037641.1_ncrna_XR_003304526.1_8586	3072	2873	25	0.47631
lcl|NC_037641.1_mrna_XM_026440146.1_8587	18589	18390	0	0
lcl|NC_037641.1_mrna_XM_026440152.1_8588	5968	5769	719.623	6.82794
lcl|NC_037641.1_mrna_XM_026440151.1_8589	18534	18335	0	0
lcl|NC_037641.1_mrna_XM_026440149.1_8590	20796	20597	149.27	0.396692
lcl|NC_037641.1_mrna_XM_006562654.3_8591	20778	20579	449.941	1.19679
lcl|NC_037641.1_mrna_XM_026440148.1_8592	19252	19053	161.479	0.463915
lcl|NC_037641.1_mrna_XM_026440150.1_8593	19249	19050	196.98	0.565993
lcl|NC_037641.1_mrna_XM_001120788.4_8594	2735	2536	222	4.79169
lcl|NC_037641.1_mrna_XM_006562647.3_8595	2287	2088	211	5.53143
lcl|NC_037641.1_mrna_XM_016911844.2_8596	1840	1641	0	0
lcl|NC_037641.1_mrna_XM_394499.5_8597	2809	2610	657	13.7788
lcl|NC_037641.1_mrna_XM_006562643.3_8598	1892	1693	0	0
lcl|NC_037641.1_mrna_XM_006562646.3_8599	1810	1611	5.66257	0.192399
lcl|NC_037641.1_ncrna_XR_003304567.1_8600	672	473	0.337434	0.0390493
lcl|NC_037641.1_mrna_XM_006562640.3_8601	1621	1422	486.693	18.7344
lcl|NC_037641.1_mrna_XM_006562641.3_8602	1678	1479	43.3073	1.6028
lcl|NC_037641.1_mrna_XM_006562639.3_8603	1314	1115	6734	330.585
lcl|NC_037641.1_mrna_XM_016911757.2_8604	1020	821	32	2.1335
lcl|NC_037641.1_mrna_XM_026440328.1_8605	4949	4750	98.8374	1.13897
lcl|NC_037641.1_mrna_XM_026440330.1_8606	4793	4594	124.425	1.48252
lcl|NC_037641.1_mrna_XM_026440331.1_8607	4961	4762	6.24793e-07	7.18177e-09
lcl|NC_037641.1_mrna_XM_026440329.1_8608	4894	4695	821.738	9.58039
lcl|NC_037641.1_mrna_XM_026440337.1_8609	2165	1966	8	0.222737
lcl|NC_037641.1_ncrna_XR_001702748.2_8610	2939	2740	24	0.479453
lcl|NC_037641.1_mrna_XM_026440334.1_8611	1776	1577	9.03754	0.313692
lcl|NC_037641.1_mrna_XM_026440333.1_8612	1399	1200	0	0
lcl|NC_037641.1_mrna_XM_026440336.1_8613	1311	1112	13.2672	0.653069
lcl|NC_037641.1_mrna_XM_026440332.1_8614	1463	1264	0	0
lcl|NC_037641.1_miscrna_XR_001702744.2_8615	1232	1033	0	0
lcl|NC_037641.1_miscrna_XR_001702738.2_8616	1429	1230	24.9309	1.10948
lcl|NC_037641.1_miscrna_XR_001702743.2_8617	1393	1194	4.76436	0.218417
lcl|NC_037641.1_mrna_XM_026440335.1_8618	1250	1051	0	0
lcl|NC_037641.1_ncrna_XR_003304577.1_8619	1211	1012	22	1.18995
lcl|NC_037641.1_mrna_XM_006562632.3_8620	4146	3947	6572.88	91.1536
lcl|NC_037641.1_mrna_XM_026440026.1_8621	2743	2544	1561.12	33.5896
lcl|NC_037641.1_mrna_XM_001121126.5_8622	2393	2194	36	0.898155
lcl|NC_037641.1_mrna_NM_001167893.1_8623	1135	936	48	2.80705
lcl|NC_037641.1_mrna_XM_001121187.5_8624	2198	1999	0	0
lcl|NC_037641.1_mrna_XM_625258.6_8625	949	750	1	0.0729834
lcl|NC_037641.1_mrna_XM_393269.7_8626	2107	1908	0	0
lcl|NC_037641.1_mrna_XM_003250102.4_8627	1679	1480	0	0
lcl|NC_037641.1_ncrna_XR_003304553.1_8628	1706	1507	0	0
lcl|NC_037641.1_mrna_XM_016911973.2_8629	4913	4714	0	0
lcl|NC_037641.1_mrna_XM_003250097.4_8630	4943	4744	27	0.311533
lcl|NC_037641.1_mrna_NM_001270829.1_8631	1181	982	205	11.4269
lcl|NC_037641.1_mrna_XM_026440360.1_8632	2037	1838	47	1.39971
lcl|NC_037641.1_mrna_XM_026440358.1_8633	4312	4113	0	0
lcl|NC_037641.1_mrna_XM_006562623.3_8634	4228	4029	28	0.380405
lcl|NC_037641.1_mrna_XM_006562614.3_8635	4200	4001	23.5716	0.322483
lcl|NC_037641.1_mrna_XM_006562613.3_8636	3740	3541	31.5977	0.488444
lcl|NC_037641.1_mrna_XM_006562616.3_8637	3605	3406	31.8307	0.511548
lcl|NC_037641.1_mrna_XM_026440359.1_8638	2740	2541	170.627	3.67561
lcl|NC_037641.1_mrna_XM_016911983.2_8639	2537	2338	2555.37	59.8267
lcl|NC_037641.1_mrna_XM_026440027.1_8640	1669	1470	5	0.186182
lcl|NC_037641.1_mrna_XM_003250107.4_8641	544	345	662	105.033
lcl|NC_037641.1_mrna_XM_026440191.1_8642	2359	2160	0	0
lcl|NC_037641.1_mrna_XM_016912027.2_8643	2506	2307	34.5887	0.820675
lcl|NC_037641.1_mrna_XM_026440190.1_8644	2524	2325	0.00190207	4.47804e-05
lcl|NC_037641.1_mrna_XM_016912026.2_8645	2561	2362	19.4094	0.449799
lcl|NC_037641.1_mrna_XM_026440192.1_8646	2200	2001	0	0
lcl|NC_037641.1_mrna_XM_625009.6_8647	907	708	164	12.6793
lcl|NC_037641.1_mrna_XM_001121634.5_8648	1475	1276	32	1.37273
lcl|NC_037641.1_mrna_XM_392654.6_8649	824	625	439	38.4476
lcl|NC_037641.1_mrna_XM_003250542.4_8650	4895	4696	1604	18.6966
lcl|NC_037641.1_mrna_XM_016912006.2_8651	2400	2201	0	0
lcl|NC_037641.1_mrna_XM_016912001.2_8652	2400	2201	0	0
lcl|NC_037641.1_mrna_XM_016911997.2_8653	2402	2203	0	0
lcl|NC_037641.1_mrna_XM_003250541.4_8654	2314	2115	122.003	3.15751
lcl|NC_037641.1_mrna_XM_006565143.3_8655	2311	2112	191.948	4.9748
lcl|NC_037641.1_mrna_XM_016912004.2_8656	2372	2173	0	0
lcl|NC_037641.1_mrna_XM_016911999.2_8657	2615	2416	14.808	0.335494
lcl|NC_037641.1_mrna_XM_016912002.2_8658	2610	2411	0	0
lcl|NC_037641.1_mrna_XM_016911998.2_8659	2572	2373	0	0
lcl|NC_037641.1_mrna_XM_026440092.1_8660	2569	2370	0	0
lcl|NC_037641.1_mrna_XM_016912005.2_8661	2159	1960	0	0
lcl|NC_037641.1_mrna_XM_016912003.2_8662	2161	1962	0	0
lcl|NC_037641.1_mrna_XM_016911809.2_8663	13118	12919	87.1578	0.369286
lcl|NC_037641.1_mrna_XM_016911810.2_8664	12672	12473	65.6215	0.287979
lcl|NC_037641.1_mrna_XM_016911813.2_8665	12654	12455	17.536	0.0770678
lcl|NC_037641.1_mrna_XM_016911811.2_8666	12598	12399	88.3099	0.389859
lcl|NC_037641.1_mrna_XM_016911812.2_8667	12486	12287	0.0436367	0.000194398
lcl|NC_037641.1_mrna_XM_026440475.1_8668	11007	10808	156.023	0.790187
lcl|NC_037641.1_precursorrna_NR_039511.1_8669	128	5.45872	0	0
lcl|NC_037641.1_ncrna_8670	23	2.74792	0	0
lcl|NC_037641.1_mrna_XM_001120250.5_8671	1130	931	1211	71.2
lcl|NC_037641.1_mrna_XM_001121747.5_8672	753	554	530	52.3662
lcl|NC_037641.1_mrna_XM_006565139.3_8673	891	692	653	51.6526
lcl|NC_037641.1_mrna_XM_016911837.1_8674	1479	1280	676	28.9083
lcl|NC_037641.1_mrna_XM_026440250.1_8675	2381	2182	0	0
lcl|NC_037641.1_mrna_XM_026440248.1_8676	2947	2748	0	0
lcl|NC_037641.1_mrna_XM_026440249.1_8677	2950	2751	7.88362	0.156863
lcl|NC_037641.1_mrna_XM_026440247.1_8678	3347	3148	0	0
lcl|NC_037641.1_mrna_XM_026440251.1_8679	2461	2262	0	0
lcl|NC_037641.1_mrna_XM_006565136.3_8680	2260	2061	260.789	6.92624
lcl|NC_037641.1_mrna_XM_006565138.3_8681	4289	4090	98.3928	1.31682
lcl|NC_037641.1_mrna_XM_392334.7_8682	4386	4187	151.081	1.97511
lcl|NC_037641.1_ncrna_XR_001702777.2_8683	947	748	166.853	12.2101
lcl|NC_037641.1_ncrna_XR_410289.3_8684	2351	2152	23	0.58502
lcl|NC_037641.1_mrna_XM_026440246.1_8685	18099	17900	8.73972	0.0267257
lcl|NC_037641.1_mrna_XM_016911799.2_8686	6877	6678	6.26028	0.0513136
lcl|NC_037641.1_mrna_XM_006565432.3_8687	4253	4054	224.933	3.03707
lcl|NC_037641.1_mrna_XM_006565433.3_8688	4212	4013	129.067	1.76048
lcl|NC_037641.1_precursorrna_NR_127329.1_8689	89	3.93736	0	0
lcl|NC_037641.1_ncrna_8690	22	2.73612	0	0
lcl|NC_037641.1_trna_8691	82	3.75521	0	0
lcl|NC_037641.1_mrna_XM_394494.7_8692	2720	2521	4004	86.9374
lcl|NC_037641.1_mrna_XM_026440163.1_8693	2644	2445	0	0
lcl|NC_037641.1_mrna_XM_026440164.1_8694	3758	3559	37	0.569061
lcl|NC_037641.1_mrna_XM_016911646.2_8695	16920	16721	859.901	2.81496
lcl|NC_037641.1_mrna_XM_016911645.2_8696	17161	16962	179.46	0.579129
lcl|NC_037641.1_mrna_XM_006565427.3_8697	17162	16963	17.6916	0.0570887
lcl|NC_037641.1_mrna_XM_016911649.2_8698	13764	13565	0.815007	0.00328872
lcl|NC_037641.1_mrna_XM_026440434.1_8699	13658	13459	4823.24	19.6161
lcl|NC_037641.1_mrna_XM_006565424.3_8700	13776	13577	0.0098911	3.98773e-05
lcl|NC_037641.1_mrna_XM_006565940.3_8701	2805	2606	10875.3	228.43
lcl|NC_037641.1_mrna_XM_016911650.2_8702	2776	2577	1811.68	38.4816
lcl|NC_037641.1_miscrna_XR_410409.3_8703	680	481	858.135	97.6554
lcl|NC_037641.1_mrna_XM_392330.7_8704	602	403	8324.86	1130.73
lcl|NC_037641.1_mrna_XM_026440435.1_8705	1224	1025	7.11806	0.380122
lcl|NC_037641.1_mrna_XM_026440436.1_8706	1080	881	48.8819	3.03709
lcl|NC_037641.1_mrna_XM_006565939.3_8707	2970	2771	121	2.3902
lcl|NC_037641.1_mrna_XM_026440451.1_8708	4382	4183	3.61579	0.0473152
lcl|NC_037641.1_mrna_XM_026440450.1_8709	4360	4161	3.39081	0.0446058
lcl|NC_037641.1_miscrna_XR_003304607.1_8710	20693	20494	0	0
lcl|NC_037641.1_miscrna_XR_003304622.1_8711	9044	8845	0	0
lcl|NC_037641.1_miscrna_XR_003304623.1_8712	7904	7705	1.05172	0.00747159
lcl|NC_037641.1_miscrna_XR_003304624.1_8713	7730	7531	0.272762	0.00198252
lcl|NC_037641.1_mrna_XM_026440449.1_8714	7675	7476	648.336	4.74696
lcl|NC_037641.1_miscrna_XR_003304609.1_8715	20678	20479	0	0
lcl|NC_037641.1_miscrna_XR_003304610.1_8716	20675	20476	41.9507	0.112145
lcl|NC_037641.1_miscrna_XR_003304613.1_8717	20615	20416	636.988	1.70783
lcl|NC_037641.1_miscrna_XR_003304614.1_8718	20597	20398	0	0
lcl|NC_037641.1_miscrna_XR_003304616.1_8719	20582	20383	4019.1	10.7931
lcl|NC_037641.1_miscrna_XR_003304615.1_8720	20588	20389	0	0
lcl|NC_037641.1_miscrna_XR_003304625.1_8721	20573	20374	514.301	1.38174
lcl|NC_037641.1_miscrna_XR_003304618.1_8722	20492	20293	0	0
lcl|NC_037641.1_miscrna_XR_003304608.1_8723	20503	20304	0	0
lcl|NC_037641.1_mrna_XM_026440443.1_8724	20138	19939	145.316	0.39893
lcl|NC_037641.1_miscrna_XR_003304611.1_8725	20340	20141	175.144	0.475991
lcl|NC_037641.1_miscrna_XR_003304617.1_8726	20166	19967	0	0
lcl|NC_037641.1_mrna_XM_026440444.1_8727	20111	19912	118.171	0.324849
lcl|NC_037641.1_miscrna_XR_003304619.1_8728	19227	19028	486.176	1.39857
lcl|NC_037641.1_miscrna_XR_003304620.1_8729	19053	18854	301.323	0.874812
lcl|NC_037641.1_mrna_XM_026440448.1_8730	18998	18799	5691.03	16.5707
lcl|NC_037641.1_miscrna_XR_003304612.1_8731	20334	20135	2130.76	5.79254
lcl|NC_037641.1_mrna_XM_026440445.1_8732	18355	18156	0	0
lcl|NC_037641.1_mrna_XM_026440447.1_8733	18328	18129	118.629	0.358181
lcl|NC_037641.1_miscrna_XR_003304621.1_8734	18485	18286	37470.1	112.164
lcl|NC_037641.1_ncrna_XR_001702700.2_8735	836	637	34	2.92163
lcl|NC_037641.1_mrna_XM_001120011.5_8736	901	702	2052	160.002
lcl|NC_037641.1_mrna_XM_006565936.3_8737	1932	1733	4957.49	156.584
lcl|NC_037641.1_mrna_XM_006565937.3_8738	1886	1687	3603.23	116.913
lcl|NC_037641.1_mrna_XM_016911962.2_8739	1902	1703	8183.28	263.026
lcl|NC_037641.1_mrna_XM_026440202.1_8740	2927	2728	84	1.68547
lcl|NC_037641.1_mrna_XM_003250957.4_8741	2537	2338	26	0.608715
lcl|NC_037641.1_mrna_XM_006567300.3_8742	3103	2904	314.23	5.92292
lcl|NC_037641.1_mrna_XM_016911932.2_8743	3092	2893	8.32388	0.157493
lcl|NC_037641.1_mrna_XM_006567298.3_8744	3106	2907	1033.12	19.4532
lcl|NC_037641.1_mrna_XM_001120680.5_8745	3111	2912	314.243	5.90689
lcl|NC_037641.1_mrna_XM_016911931.2_8746	3083	2884	0.573476	0.0108844
lcl|NC_037641.1_mrna_XM_026440098.1_8747	3171	2972	916.509	16.88
lcl|NC_037641.1_mrna_XM_006567299.3_8748	2994	2795	0	0
lcl|NC_037641.1_mrna_XM_624803.6_8749	1062	863	1732	109.856
lcl|NC_037641.1_mrna_XM_016911974.2_8750	4132	3933	1645	22.8943
lcl|NC_037641.1_mrna_XM_026440028.1_8751	627	428	7	0.89524
lcl|NC_037641.1_mrna_XM_026440029.1_8752	789	590	4	0.371102
lcl|NC_037641.1_mrna_XM_026440276.1_8753	625	426	8	1.02794
lcl|NC_037641.1_mrna_XM_393523.7_8754	4672	4473	102	1.24821
lcl|NC_037641.1_mrna_XM_026440275.1_8755	2261	2062	2185	58.0027
lcl|NC_037641.1_mrna_XM_026440285.1_8756	2789	2590	72	1.52166
lcl|NC_037641.1_mrna_XM_026440279.1_8757	3192	2993	938	17.1546
lcl|NC_037641.1_mrna_XM_026440277.1_8758	3191	2992	718	13.1355
lcl|NC_037641.1_mrna_XM_026440280.1_8759	3543	3344	0	0
lcl|NC_037641.1_mrna_XM_006567294.3_8760	3583	3384	622.096	10.0626
lcl|NC_037641.1_mrna_XM_026440284.1_8761	3015	2816	68.5525	1.33253
lcl|NC_037641.1_mrna_XM_026440283.1_8762	3020	2821	66.9107	1.29831
lcl|NC_037641.1_mrna_XM_026440281.1_8763	3024	2825	287.869	5.57779
lcl|NC_037641.1_mrna_XM_026440282.1_8764	3028	2829	122.572	2.37161
lcl|NC_037641.1_mrna_XM_026440288.1_8765	2237	2038	8.16266e-05	2.19236e-06
lcl|NC_037641.1_mrna_XM_026440287.1_8766	2255	2056	352	9.37141
lcl|NC_037641.1_mrna_XM_026440030.1_8767	1500	1301	258	10.8549
lcl|NC_037641.1_mrna_XM_026440031.1_8768	8518	8319	135.171	0.889404
lcl|NC_037641.1_mrna_XM_016911859.2_8769	1815	1616	19.9015	0.674108
lcl|NC_037641.1_mrna_XM_016911860.2_8770	1409	1210	1.03261	0.0467129
lcl|NC_037641.1_mrna_XM_026440426.1_8771	1606	1407	8.06591	0.313794
lcl|NC_037641.1_mrna_XM_026440032.1_8772	2601	2402	34	0.774803
lcl|NC_037641.1_mrna_XM_026440421.1_8773	1756	1557	13.0263	0.45795
lcl|NC_037641.1_mrna_XM_026440419.1_8774	1946	1747	45.9737	1.44046
lcl|NC_037641.1_mrna_XM_026440420.1_8775	1975	1776	0	0
lcl|NC_037641.1_mrna_XM_026440423.1_8776	1556	1357	4.54416e-06	1.83299e-07
lcl|NC_037641.1_mrna_XM_026440424.1_8777	1537	1338	243	9.94112
lcl|NC_037641.1_mrna_XM_026440422.1_8778	1915	1716	45.76	1.45967
lcl|NC_037641.1_mrna_XM_026440033.1_8779	3681	3482	35	0.550205
lcl|NC_037641.1_mrna_XM_624864.5_8780	1840	1641	737.24	24.5915
lcl|NC_037641.1_mrna_XM_016911863.2_8781	2951	2752	224.944	4.47416
lcl|NC_037641.1_mrna_XM_395226.7_8782	3451	3252	91.056	1.53265
lcl|NC_037641.1_mrna_XM_006567284.3_8783	3419	3220	0	0
lcl|NC_037641.1_mrna_XM_395227.7_8784	3431	3232	0	0
lcl|NC_037641.1_mrna_XM_026440194.1_8785	3007	2808	10	0.194934
lcl|NC_037641.1_mrna_XM_001120914.5_8786	2392	2193	750	18.7201
lcl|NC_037641.1_mrna_XM_006567281.3_8787	3254	3055	26.9045	0.482059
lcl|NC_037641.1_mrna_XM_001120981.5_8788	3129	2930	331.2	6.18739
lcl|NC_037641.1_mrna_XM_006567279.3_8789	3560	3361	0	0
lcl|NC_037641.1_mrna_XM_006567282.3_8790	3422	3223	224.543	3.81351
lcl|NC_037641.1_mrna_XM_006567280.3_8791	3083	2884	89.3524	1.69588
lcl|NC_037641.1_mrna_NM_001242387.1_8792	7401	7202	8603.73	65.3911
lcl|NC_037641.1_mrna_XM_026439947.1_8793	7841	7642	280.691	2.01052
lcl|NC_037641.1_mrna_XM_026439948.1_8794	7286	7087	111.667	0.862476
lcl|NC_037641.1_mrna_XM_026439946.1_8795	7856	7657	639.998	4.57515
lcl|NC_037641.1_mrna_XM_026439952.1_8796	3355	3156	127.792	2.21643
lcl|NC_037641.1_mrna_XM_026439953.1_8797	3330	3131	0.16092	0.00281328
lcl|NC_037641.1_mrna_XM_026439951.1_8798	3306	3107	3328.79	58.645
lcl|NC_037641.1_mrna_XM_026439950.1_8799	3412	3213	96.8237	1.64951
lcl|NC_037641.1_mrna_XM_026439949.1_8800	7246	7047	3411.35	26.4976
lcl|NC_037641.1_mrna_XM_026440350.1_8801	5363	5164	2658	28.1744
lcl|NC_037641.1_mrna_XM_394676.6_8802	1236	1037	736	38.8494
lcl|NC_037641.1_mrna_XM_003250953.4_8803	887	688	89	7.08087
lcl|NC_037641.1_mrna_XM_006567276.3_8804	1727	1528	4.74785	0.170082
lcl|NC_037641.1_mrna_XM_006567275.3_8805	1721	1522	102.211	3.67592
lcl|NC_037641.1_mrna_XM_006567274.3_8806	1742	1543	255.458	9.06231
lcl|NC_037641.1_mrna_XM_394678.7_8807	1651	1452	255.584	9.635
lcl|NC_037641.1_mrna_XM_006567110.3_8808	3014	2815	819	15.9254
lcl|NC_037641.1_mrna_XM_006567109.3_8809	1630	1431	0	0
lcl|NC_037641.1_mrna_NM_001242994.1_8810	1611	1412	0	0
lcl|NC_037641.1_mrna_XM_392445.7_8811	3635	3436	108.155	1.72297
lcl|NC_037641.1_mrna_XM_016911994.2_8812	3222	3023	390.484	7.07051
lcl|NC_037641.1_mrna_XM_392446.7_8813	1180	981	15202	848.237
lcl|NC_037641.1_mrna_XM_394680.6_8814	944	745	3520	258.626
lcl|NC_037641.1_mrna_XM_003250952.4_8815	4959	4760	14950.5	171.923
lcl|NC_037641.1_mrna_XM_001120198.5_8816	2283	2084	2611.2	68.5848
lcl|NC_037641.1_mrna_XM_016911644.2_8817	1947	1748	419.798	13.1457
lcl|NC_037641.1_mrna_XM_001121347.5_8818	2569	2370	2348	54.2294
lcl|NC_037641.1_mrna_XM_026440223.1_8819	5317	5118	205.205	2.19469
lcl|NC_037641.1_ncrna_XR_003304572.1_8820	4501	4302	89.6842	1.14112
lcl|NC_037641.1_ncrna_XR_410888.3_8821	1126	927	1480	87.3911
lcl|NC_037641.1_mrna_XM_026440224.1_8822	779	580	376.356	35.5186
lcl|NC_037641.1_mrna_XM_016911609.2_8823	703	504	752.644	81.7419
lcl|NC_037641.1_mrna_XM_006567266.3_8824	2803	2604	1416	29.7651
lcl|NC_037641.1_precursorrna_NR_039513.1_8825	129	5.5143	0	0
lcl|NC_037641.1_ncrna_8826	22	2.73612	0	0
lcl|NC_037641.1_mrna_XM_006567267.3_8827	4704	4505	5659.82	68.7691
lcl|NC_037641.1_mrna_XM_016911641.2_8828	3955	3756	6135.18	89.4102
lcl|NC_037641.1_mrna_XM_006567314.3_8829	567	368	0	0
lcl|NC_037641.1_mrna_XM_394492.7_8830	5918	5719	0	0
lcl|NC_037641.1_mrna_XM_006567255.3_8831	5980	5781	0.00019995	1.89323e-06
lcl|NC_037641.1_mrna_XM_006567257.3_8832	6032	5833	133.079	1.24883
lcl|NC_037641.1_mrna_XM_006567256.3_8833	6096	5897	0.000139092	1.29109e-06
lcl|NC_037641.1_mrna_XM_026440225.1_8834	6336	6137	28.11	0.250721
lcl|NC_037641.1_mrna_XM_016911637.2_8835	5309	5110	45.5375	0.487791
lcl|NC_037641.1_mrna_XM_026440226.1_8836	5694	5495	14.2727	0.142175
lcl|NC_037641.1_mrna_XM_026440227.1_8837	4707	4508	5250	63.7471
lcl|NC_037641.1_mrna_XM_394491.7_8838	10332	10133	117.298	0.633633
lcl|NC_037641.1_mrna_XM_016911633.2_8839	10335	10136	80.7326	0.435981
lcl|NC_037641.1_miscrna_XR_410886.3_8840	7488	7289	0	0
lcl|NC_037641.1_miscrna_XR_410885.3_8841	7491	7292	25.9693	0.194939
lcl|NC_037641.1_mrna_XM_006567261.3_8842	6445	6246	0	0
lcl|NC_037641.1_mrna_XM_026440229.1_8843	387	188	0.129771	0.0377838
lcl|NC_037641.1_mrna_XM_026440228.1_8844	518	319	4.87023	0.835688
lcl|NC_037641.1_mrna_XM_003250948.4_8845	662	463	0	0
lcl|NC_037641.1_mrna_XM_016911722.2_8846	857	658	0	0
lcl|NC_037641.1_mrna_XM_001121775.5_8847	5445	5246	468.415	4.88751
lcl|NC_037641.1_mrna_XM_016911721.2_8848	5389	5190	1906.59	20.1082
lcl|NC_037641.1_mrna_XM_392327.6_8849	3927	3728	640.029	9.39743
lcl|NC_037641.1_mrna_XM_006567253.2_8850	2797	2598	483.93	10.196
lcl|NC_037641.1_mrna_XM_006567254.3_8851	2764	2565	0.041193	0.000879066
lcl|NC_037641.1_mrna_XM_026440011.1_8852	3730	3531	1236.57	19.1693
lcl|NC_037641.1_mrna_XM_026440013.1_8853	3992	3793	217.38	3.13706
lcl|NC_037641.1_mrna_XM_026440012.1_8854	4372	4173	260.83	3.42132
lcl|NC_037641.1_mrna_XM_026440015.1_8855	3570	3371	0	0
lcl|NC_037641.1_mrna_XM_026440014.1_8856	4335	4136	175.221	2.31895
lcl|NC_037641.1_mrna_XM_003250945.4_8857	1120	921	76	4.51689
lcl|NC_037641.1_mrna_XM_026440034.1_8858	2110	1911	84.8624	2.43075
lcl|NC_037641.1_mrna_XM_006566999.3_8859	2863	2664	194.497	3.99636
lcl|NC_037641.1_mrna_XM_006567000.3_8860	2967	2768	19.5943	0.38748
lcl|NC_037641.1_mrna_XM_006566998.3_8861	3224	3025	107.939	1.95315
lcl|NC_037641.1_mrna_XM_006567002.3_8862	4943	4744	955.759	11.0278
lcl|NC_037641.1_mrna_NM_001011577.1_8863	2386	2187	585.368	14.6509
lcl|NC_037641.1_mrna_NM_001171006.1_8864	3549	3350	36.0449	0.588958
lcl|NC_037641.1_mrna_XM_006566997.3_8865	3280	3081	209.914	3.72937
lcl|NC_037641.1_mrna_XM_625262.6_8866	3346	3147	15290	265.948
lcl|NC_037641.1_ncrna_XR_001702716.2_8867	1687	1488	68.0297	2.50254
lcl|NC_037641.1_mrna_XM_394987.7_8868	477	278	6776	1334.18
lcl|NC_037641.1_mrna_XM_016911935.2_8869	822	623	291.683	25.6276
lcl|NC_037641.1_mrna_XM_006567248.3_8870	827	628	99.1951	8.64601
lcl|NC_037641.1_mrna_XM_006567247.3_8871	834	635	56.4623	4.8671
lcl|NC_037641.1_mrna_XM_026440016.1_8872	4258	4059	686.556	9.25853
lcl|NC_037641.1_miscrna_XR_003304503.1_8873	3430	3231	880.104	14.9102
lcl|NC_037641.1_ncrna_XR_003304504.1_8874	250	51.331	0	0
lcl|NC_037641.1_ncrna_XR_001702774.2_8875	2386	2187	16.3788	0.409939
lcl|NC_037641.1_precursorrna_NR_034288.1_8876	100	4.26726	0	0
lcl|NC_037641.1_ncrna_8877	23	2.74792	0	0
lcl|NC_037641.1_precursorrna_NR_031524.1_8878	90	3.96502	0	0
lcl|NC_037641.1_ncrna_8879	23	2.74792	0	0
lcl|NC_037641.1_mrna_XM_026440196.1_8880	4397	4198	822.724	10.7275
lcl|NC_037641.1_mrna_XM_026440195.1_8881	4466	4267	1134.67	14.5556
lcl|NC_037641.1_miscrna_XR_003304552.1_8882	2742	2543	41.6085	0.895614
lcl|NC_037641.1_mrna_XM_392325.7_8883	2552	2353	975	22.6813
lcl|NC_037641.1_mrna_XM_394484.6_8884	4016	3817	862	12.3615
lcl|NC_037641.1_mrna_XM_394485.7_8885	1766	1567	857	29.9362
lcl|NC_037641.1_mrna_XM_016911788.1_8886	2536	2337	1700	39.8176
lcl|NC_037641.1_mrna_XM_394487.7_8887	1484	1285	4224	179.931
lcl|NC_037641.1_mrna_XM_026440220.1_8888	9093	8894	3001.14	18.4703
lcl|NC_037641.1_mrna_XM_026440219.1_8889	9105	8906	465.688	2.86218
lcl|NC_037641.1_mrna_XM_026440218.1_8890	9129	8930	17.0912	0.104762
lcl|NC_037641.1_mrna_XM_026440217.1_8891	9141	8942	2.66869	0.0163361
lcl|NC_037641.1_mrna_XM_026440222.1_8892	9216	9017	1.40883e-05	8.55229e-08
lcl|NC_037641.1_mrna_XM_026440216.1_8893	9228	9029	2.23638e-06	1.35579e-08
lcl|NC_037641.1_mrna_XM_026440221.1_8894	9063	8864	0	0
lcl|NC_037641.1_mrna_XM_026440215.1_8895	9252	9053	8.5982e-08	5.19877e-10
lcl|NC_037641.1_mrna_XM_016911787.2_8896	9264	9065	1.37319e-08	8.2918e-11
lcl|NC_037641.1_mrna_XM_026440214.1_8897	9050	8851	874.409	5.40764
lcl|NC_037641.1_mrna_XM_006567244.3_8898	2018	1819	89.8272	2.70309
lcl|NC_037641.1_mrna_XM_003250944.4_8899	2021	1822	73.1728	2.1983
lcl|NC_037641.1_mrna_XM_006567243.3_8900	6248	6049	633.906	5.73623
lcl|NC_037641.1_mrna_XM_001122055.5_8901	6788	6589	1659.27	13.7842
lcl|NC_037641.1_mrna_XM_016911846.2_8902	6004	5805	598.191	5.64056
lcl|NC_037641.1_mrna_XM_016911916.2_8903	2276	2077	77.7617	2.04934
lcl|NC_037641.1_mrna_XM_006567242.3_8904	2330	2131	523.436	13.4451
lcl|NC_037641.1_mrna_XM_016911915.2_8905	1952	1753	546.802	17.0739
lcl|NC_037641.1_mrna_NM_001242386.1_8906	3284	3085	489	8.67639
lcl|NC_037641.1_mrna_XM_016911917.2_8907	1164	965	7	0.39706
lcl|NC_037641.1_mrna_XM_026440024.1_8908	3218	3019	2280.14	41.3413
lcl|NC_037641.1_mrna_XM_026440023.1_8909	2300	2101	2853.86	74.3519
lcl|NC_037641.1_mrna_XM_006567227.3_8910	3171	2972	1.39058e-07	2.56114e-09
lcl|NC_037641.1_mrna_XM_006567229.3_8911	3084	2885	113.221	2.14817
lcl|NC_037641.1_mrna_XM_006567228.3_8912	3108	2909	74.4389	1.40069
lcl|NC_037641.1_mrna_XM_394482.7_8913	3165	2966	756.34	13.9583
lcl|NC_037641.1_mrna_NM_001327967.1_8914	1221	1022	24	1.28542
lcl|NC_037641.1_mrna_XM_016911760.2_8915	5226	5027	44.0876	0.480058
lcl|NC_037641.1_mrna_XM_026440433.1_8916	5439	5240	0.0960517	0.00100337
lcl|NC_037641.1_mrna_XM_003250943.4_8917	5555	5356	227.896	2.32906
lcl|NC_037641.1_mrna_XM_003250942.4_8918	5384	5185	109.918	1.16039
lcl|NC_037641.1_mrna_XM_006567226.3_8919	5411	5212	0.00287583	3.02026e-05
lcl|NC_037641.1_mrna_XM_006567225.3_8920	5429	5230	3.70846e-05	3.8813e-07
lcl|NC_037641.1_mrna_XM_006567224.3_8921	1125	926	587	34.6986
lcl|NC_037641.1_mrna_XM_006567215.3_8922	2032	1833	0	0
lcl|NC_037641.1_mrna_XM_625217.5_8923	2129	1930	213	6.04098
lcl|NC_037641.1_mrna_XM_006567220.3_8924	2274	2075	1833.43	48.3651
lcl|NC_037641.1_mrna_XM_006567218.3_8925	2291	2092	0.0618398	0.00161805
lcl|NC_037641.1_mrna_XM_006567217.3_8926	2497	2298	20.5059	0.488442
lcl|NC_037641.1_mrna_XM_026439992.1_8927	5284	5085	0	0
lcl|NC_037641.1_mrna_XM_026439991.1_8928	5322	5123	277	2.95965
lcl|NC_037641.1_ncrna_XR_003304636.1_8929	138	6.07083	0	0
lcl|NC_037641.1_mrna_XM_003250940.4_8930	3552	3353	59.3941	0.969605
lcl|NC_037641.1_mrna_XM_006567223.3_8931	3517	3318	1546.61	25.5146
lcl|NC_037641.1_mrna_XM_006567212.3_8932	2240	2041	234.188	6.28069
lcl|NC_037641.1_mrna_XM_006567214.3_8933	2185	1986	275.672	7.598
lcl|NC_037641.1_mrna_XM_006567213.3_8934	2189	1990	685.317	18.8505
lcl|NC_037641.1_mrna_XM_394479.7_8935	2239	2040	2499.82	67.0755
lcl|NC_037641.1_mrna_XM_006567308.3_8936	1331	1132	64	3.0947
lcl|NC_037641.1_mrna_XM_001120545.4_8937	775	576	14	1.33043
lcl|NC_037641.1_mrna_XM_006567209.3_8938	771	572	0	0
lcl|NC_037641.1_mrna_XM_006567210.3_8939	757	558	0	0
lcl|NC_037641.1_mrna_XM_006567211.3_8940	740	541	0	0
lcl|NC_037641.1_mrna_XM_016911856.2_8941	1827	1628	0	0
lcl|NC_037641.1_mrna_XM_001120589.5_8942	1858	1659	4	0.131977
lcl|NC_037641.1_mrna_XM_016911849.2_8943	2741	2542	7	0.150733
lcl|NC_037641.1_mrna_XM_016911851.2_8944	1313	1114	0	0
lcl|NC_037641.1_mrna_XM_016911852.2_8945	1525	1326	5.54812	0.229027
lcl|NC_037641.1_mrna_XM_016911853.2_8946	1047	848	6.45188	0.416463
lcl|NC_037641.1_mrna_XM_625211.5_8947	2545	2346	298.201	6.95772
lcl|NC_037641.1_mrna_XM_026439983.1_8948	2539	2340	128.799	3.01287
lcl|NC_037641.1_mrna_XM_016911608.2_8949	654	455	15	1.80453
lcl|NC_037641.1_mrna_XM_016911855.2_8950	503	304	96	17.2855
lcl|NC_037641.1_mrna_XM_016911854.2_8951	1474	1275	229	9.83129
lcl|NC_037641.1_mrna_XM_003250939.4_8952	975	776	1	0.0705381
lcl|NC_037641.1_mrna_XM_016911773.2_8953	1155	956	0	0
lcl|NC_037641.1_mrna_XM_006567206.3_8954	1194	995	8.52745	0.469117
lcl|NC_037641.1_mrna_XM_006567205.3_8955	1178	979	12.0218	0.672159
lcl|NC_037641.1_mrna_XM_003250964.4_8956	1267	1068	54.4468	2.79053
lcl|NC_037641.1_mrna_XM_016911774.2_8957	1246	1047	0.00392887	0.000205403
lcl|NC_037641.1_mrna_XM_001120958.4_8958	1223	1024	561	29.988
lcl|NC_037641.1_mrna_XM_395538.7_8959	621	422	41	5.3181
lcl|NC_037641.1_mrna_XM_006567108.3_8960	1264	1065	197.222	10.1366
lcl|NC_037641.1_mrna_XM_006567107.2_8961	1210	1011	297.209	16.0915
lcl|NC_037641.1_mrna_XM_026439972.1_8962	1144	945	0	0
lcl|NC_037641.1_mrna_NM_001163712.1_8963	1155	956	16.5693	0.948703
lcl|NC_037641.1_mrna_XM_006567204.3_8964	2721	2522	3070	66.6313
lcl|NC_037641.1_mrna_XM_392319.7_8965	4421	4222	18380	238.294
lcl|NC_037641.1_mrna_XM_006567201.3_8966	3615	3416	62.377	0.999521
lcl|NC_037641.1_mrna_XM_392318.7_8967	3755	3556	120.96	1.86193
lcl|NC_037641.1_mrna_XM_006567200.3_8968	2767	2568	98.312	2.09554
lcl|NC_037641.1_mrna_XM_006567203.3_8969	3205	3006	0	0
lcl|NC_037641.1_mrna_XM_001120012.5_8970	606	407	348	46.8026
lcl|NC_037641.1_mrna_XM_026439945.1_8971	7475	7276	29.3932	0.221126
lcl|NC_037641.1_mrna_XM_026439917.1_8972	7637	7438	0	0
lcl|NC_037641.1_mrna_XM_026439914.1_8973	7640	7441	7.55023e-05	5.55411e-07
lcl|NC_037641.1_mrna_XM_026439895.1_8974	7802	7603	0.0853451	0.000614439
lcl|NC_037641.1_mrna_XM_026439901.1_8975	7793	7594	115.798	0.834674
lcl|NC_037641.1_mrna_XM_026439911.1_8976	7646	7447	22.7681	0.167352
lcl|NC_037641.1_mrna_XM_026439915.1_8977	7637	7438	0	0
lcl|NC_037641.1_mrna_XM_026439904.1_8978	7742	7543	0	0
lcl|NC_037641.1_mrna_XM_026439899.1_8979	7799	7600	0	0
lcl|NC_037641.1_mrna_XM_026439896.1_8980	7799	7600	0.00419352	3.0203e-05
lcl|NC_037641.1_mrna_XM_026439902.1_8981	7787	7588	0.000187527	1.35277e-06
lcl|NC_037641.1_mrna_XM_026439909.1_8982	7730	7531	103.204	0.750115
lcl|NC_037641.1_mrna_XM_026439905.1_8983	7739	7540	0.00736809	5.34895e-05
lcl|NC_037641.1_mrna_XM_026439906.1_8984	7739	7540	153.152	1.11183
lcl|NC_037641.1_mrna_XM_026439903.1_8985	7751	7552	0	0
lcl|NC_037641.1_mrna_XM_026439900.1_8986	7799	7600	0.000904779	6.51649e-06
lcl|NC_037641.1_mrna_XM_026439908.1_8987	7730	7531	103.204	0.750117
lcl|NC_037641.1_mrna_XM_026439897.1_8988	7799	7600	0	0
lcl|NC_037641.1_mrna_XM_026439907.1_8989	7733	7534	66.47	0.482931
lcl|NC_037641.1_mrna_XM_026439898.1_8990	7799	7600	0	0
lcl|NC_037641.1_mrna_XM_026439912.1_8991	7643	7444	199.856	1.46959
lcl|NC_037641.1_mrna_XM_026439910.1_8992	7649	7450	8.65115e-05	6.35628e-07
lcl|NC_037641.1_mrna_XM_026439941.1_8993	7562	7363	242.963	1.80622
lcl|NC_037641.1_mrna_XM_026439934.1_8994	7616	7417	2.57981e-06	1.9039e-08
lcl|NC_037641.1_mrna_XM_026439931.1_8995	7619	7420	4.26893e-07	3.1492e-09
lcl|NC_037641.1_mrna_XM_026439943.1_8996	7559	7360	241.732	1.7978
lcl|NC_037641.1_mrna_XM_026439923.1_8997	7628	7429	0	0
lcl|NC_037641.1_mrna_XM_026439939.1_8998	7571	7372	0	0
lcl|NC_037641.1_mrna_XM_026439932.1_8999	7619	7420	3.44244e-07	2.5395e-09
lcl|NC_037641.1_mrna_XM_026439938.1_9000	7571	7372	47.1873	0.350368
lcl|NC_037641.1_mrna_XM_026439916.1_9001	7637	7438	0	0
lcl|NC_037641.1_mrna_XM_026439921.1_9002	7628	7429	0	0
lcl|NC_037641.1_mrna_XM_026439937.1_9003	7613	7414	118.608	0.875685
lcl|NC_037641.1_mrna_XM_026439920.1_9004	7628	7429	0	0
lcl|NC_037641.1_mrna_XM_026439922.1_9005	7628	7429	0	0
lcl|NC_037641.1_mrna_XM_026439918.1_9006	7637	7438	148.031	1.08938
lcl|NC_037641.1_mrna_XM_026439936.1_9007	7616	7417	0.000263909	1.94765e-06
lcl|NC_037641.1_mrna_XM_026439942.1_9008	7562	7363	64.6253	0.480433
lcl|NC_037641.1_mrna_XM_026439930.1_9009	7619	7420	22.0457	0.162632
lcl|NC_037641.1_mrna_XM_026439940.1_9010	7568	7369	26.6598	0.198031
lcl|NC_037641.1_mrna_XM_026439924.1_9011	7628	7429	21.2037	0.156231
lcl|NC_037641.1_mrna_XM_026439919.1_9012	7637	7438	0	0
lcl|NC_037641.1_mrna_XM_026439944.1_9013	7559	7360	48.5961	0.361417
lcl|NC_037641.1_mrna_XM_026439926.1_9014	7628	7429	0	0
lcl|NC_037641.1_mrna_XM_026439929.1_9015	7619	7420	5.35636	0.039514
lcl|NC_037641.1_mrna_XM_026439935.1_9016	7616	7417	1.69644e-07	1.25197e-09
lcl|NC_037641.1_mrna_XM_026439928.1_9017	7619	7420	0.0151563	0.000111808
lcl|NC_037641.1_mrna_XM_026439933.1_9018	7619	7420	0.000839751	6.19486e-06
lcl|NC_037641.1_mrna_XM_026439925.1_9019	7628	7429	0	0
lcl|NC_037641.1_mrna_XM_026439927.1_9020	7619	7420	164.886	1.21637
lcl|NC_037641.1_mrna_NM_001014991.1_9021	7245	7046	324.864	2.52374
lcl|NC_037641.1_mrna_XM_392640.7_9022	1069	870	617	38.8196
lcl|NC_037641.1_mrna_XM_016911670.2_9023	3556	3357	7.14409	0.116488
lcl|NC_037641.1_mrna_XM_016911669.2_9024	3569	3370	33.2623	0.540265
lcl|NC_037641.1_mrna_XM_003250934.4_9025	3532	3333	13.237	0.21739
lcl|NC_037641.1_mrna_XM_006567199.3_9026	3546	3347	42.3566	0.69271
lcl|NC_037641.1_mrna_XM_016911672.1_9027	2383	2184	592	14.8373
lcl|NC_037641.1_mrna_XM_006567196.3_9028	4574	4375	0	0
lcl|NC_037641.1_mrna_XM_006567197.3_9029	4664	4465	1.42775e-07	1.75031e-09
lcl|NC_037641.1_mrna_XM_006567198.3_9030	4694	4495	0	0
lcl|NC_037641.1_mrna_XM_001121284.5_9031	4866	4667	52.4382	0.615029
lcl|NC_037641.1_mrna_XM_016911668.2_9032	4599	4400	15.5618	0.193594
lcl|NC_037641.1_mrna_XM_392642.6_9033	2976	2777	20.3872	0.401853
lcl|NC_037641.1_mrna_XM_016911671.2_9034	2969	2770	492.776	9.73766
lcl|NC_037641.1_mrna_XM_026440075.1_9035	2530	2331	124.439	2.92213
lcl|NC_037641.1_mrna_XM_006567195.1_9036	2655	2456	424.398	9.45868
lcl|NC_037641.1_mrna_XM_395052.5_9037	1645	1446	2377	89.98
lcl|NC_037641.1_mrna_XM_006567193.3_9038	415	216	4209	1066.62
lcl|NC_037641.1_mrna_XM_026440077.1_9039	2904	2705	85.9972	1.74021
lcl|NC_037641.1_mrna_XM_026440076.1_9040	2930	2731	0	0
lcl|NC_037641.1_mrna_XM_006567189.3_9041	2909	2710	91.0788	1.83964
lcl|NC_037641.1_mrna_XM_006567191.3_9042	2737	2538	1649.36	35.5721
lcl|NC_037641.1_mrna_XM_026440078.1_9043	2632	2433	44.5632	1.00258
lcl|NC_037641.1_mrna_XM_026440079.1_9044	2090	1891	0	0
lcl|NC_037641.1_mrna_XM_016911742.2_9045	1175	976	259.645	14.5618
lcl|NC_037641.1_mrna_XM_026440080.1_9046	1096	897	131.052	7.99715
lcl|NC_037641.1_mrna_XM_006567186.3_9047	1077	878	21.303	1.3281
lcl|NC_037641.1_mrna_XM_026440081.1_9048	1288	1089	14	0.703697
lcl|NC_037641.1_mrna_XM_026440035.1_9049	2094	1895	114	3.29292
lcl|NC_037641.1_mrna_XM_006567180.3_9050	2882	2683	3212	65.53
lcl|NC_037641.1_mrna_XM_001120355.5_9051	1071	872	1279.68	80.3288
lcl|NC_037641.1_mrna_XM_396588.6_9052	823	624	8459.32	742.055
lcl|NC_037641.1_mrna_XM_001121520.5_9053	1268	1069	194	9.93366
lcl|NC_037641.1_mrna_XM_016911740.2_9054	1830	1631	89.2029	2.99371
lcl|NC_037641.1_mrna_XM_393283.6_9055	2244	2045	1570.8	42.0448
lcl|NC_037641.1_trna_9056	72	3.52559	0	0
lcl|NC_037641.1_mrna_XM_026440082.1_9057	3175	2976	0	0
lcl|NC_037641.1_mrna_XM_625167.6_9058	3068	2869	12	0.228948
lcl|NC_037641.1_trna_9059	74	3.56892	0	0
lcl|NC_037641.1_mrna_XM_026440083.1_9060	3238	3039	0	0
lcl|NC_037641.1_mrna_XM_006567178.3_9061	1037	838	4	0.261277
lcl|NC_037641.1_mrna_XM_006567179.3_9062	4108	3909	4685	65.6038
lcl|NC_037641.1_mrna_XM_006567177.3_9063	2142	1943	752	21.1851
lcl|NC_037641.1_mrna_XM_006567174.3_9064	484	285	222	42.6377
lcl|NC_037641.1_mrna_XM_026440197.1_9065	1186	987	219	12.1454
lcl|NC_037641.1_mrna_XM_006567172.3_9066	2404	2205	2704.96	67.1487
lcl|NC_037641.1_mrna_XM_006567171.3_9067	2281	2082	22582.6	593.715
lcl|NC_037641.1_mrna_XM_006567173.3_9068	2127	1928	3.48151	0.0988431
lcl|NC_037641.1_ncrna_XR_003304589.1_9069	1548	1349	409	16.5957
lcl|NC_037641.1_mrna_XM_026440361.1_9070	949	750	346.088	25.2587
lcl|NC_037641.1_mrna_XM_006567170.2_9071	888	689	3.14704e-06	2.50016e-07
lcl|NC_037641.1_miscrna_XR_003304588.1_9072	787	588	122.912	11.442
lcl|NC_037641.1_mrna_XM_016911802.2_9073	2047	1848	6728	199.283
lcl|NC_037641.1_mrna_XM_026440363.1_9074	1341	1142	646.846	31.0041
lcl|NC_037641.1_mrna_XM_006567166.3_9075	1509	1310	111.154	4.64452
lcl|NC_037641.1_mrna_XM_016911806.2_9076	6016	5817	188.263	1.77154
lcl|NC_037641.1_mrna_XM_016911807.2_9077	1232	1033	918	48.6438
lcl|NC_037641.1_mrna_XM_006567165.3_9078	1833	1634	185.78	6.22345
lcl|NC_037641.1_mrna_XM_006567163.3_9079	1844	1645	17.7436	0.59042
lcl|NC_037641.1_mrna_XM_394474.7_9080	1922	1723	573.792	18.2286
lcl|NC_037641.1_mrna_XM_006567164.3_9081	1911	1712	3.59518	0.114948
lcl|NC_037641.1_mrna_XM_016911803.2_9082	1768	1569	157.89	5.50829
lcl|NC_037641.1_mrna_XM_026440362.1_9083	1835	1636	27.2001	0.910066
lcl|NC_037641.1_mrna_XM_394473.5_9084	4252	4053	0	0
lcl|NC_037641.1_mrna_XM_006567162.3_9085	4218	4019	335	4.5626
lcl|NC_037641.1_mrna_XM_026439986.1_9086	2891	2692	328.271	6.67486
lcl|NC_037641.1_mrna_XM_016911709.2_9087	1180	981	668.374	37.2937
lcl|NC_037641.1_mrna_XM_016911712.2_9088	4124	3925	352.201	4.91175
lcl|NC_037641.1_mrna_XM_394472.7_9089	4079	3880	2979.81	42.038
lcl|NC_037641.1_mrna_XM_016911713.2_9090	4681	4482	110.344	1.3476
lcl|NC_037641.1_mrna_XM_394471.5_9091	1437	1238	1833.15	81.0516
lcl|NC_037641.1_mrna_XM_003250932.4_9092	1757	1558	0	0
lcl|NC_037641.1_mrna_XM_006567158.3_9093	1830	1631	202	6.77927
lcl|NC_037641.1_mrna_XM_394469.6_9094	2119	1920	145.02	4.13439
lcl|NC_037641.1_ncrna_XR_001702714.2_9095	1206	1007	17	0.92407
lcl|NC_037641.1_mrna_XM_392313.7_9096	1834	1635	30794.7	1030.97
lcl|NC_037641.1_mrna_XM_016911715.1_9097	390	191	7.11982	2.04043
lcl|NC_037641.1_mrna_XM_016911714.2_9098	607	408	1.88018	0.252247
lcl|NC_037641.1_ncrna_XR_001702715.2_9099	2560	2361	293.119	6.79569
lcl|NC_037641.1_ncrna_XR_003304491.1_9100	2567	2368	298.881	6.90878
lcl|NC_037641.1_mrna_XM_006567161.3_9101	969	770	1454	103.362
lcl|NC_037641.1_mrna_XM_394467.5_9102	961	762	780	56.0306
lcl|NC_037641.1_mrna_XM_001122056.5_9103	1082	883	624	38.682
lcl|NC_037641.1_mrna_XM_016911711.2_9104	3723	3524	428.538	6.65639
lcl|NC_037641.1_mrna_XM_006567153.3_9105	3441	3242	557.462	9.41212
lcl|NC_037641.1_mrna_XM_006567154.3_9106	2166	1967	881	24.5164
lcl|NC_037641.1_mrna_XM_026440085.1_9107	4933	4734	5893	68.1386
lcl|NC_037641.1_mrna_XM_026440086.1_9108	497	298	150	27.5525
lcl|NC_037641.1_mrna_XM_394464.7_9109	4985	4786	410.276	4.69233
lcl|NC_037641.1_mrna_XM_016911833.2_9110	6045	5846	264.799	2.47938
lcl|NC_037641.1_mrna_XM_016911832.2_9111	6248	6049	2380.2	21.5385
lcl|NC_037641.1_mrna_XM_016912029.2_9112	1982	1783	360	11.0519
lcl|NC_037641.1_mrna_XM_392995.7_9113	1123	924	813.564	48.1953
lcl|NC_037641.1_mrna_XM_006567147.3_9114	1073	874	99.7123	6.24486
lcl|NC_037641.1_mrna_XM_016911938.2_9115	1062	863	72.7241	4.61268
lcl|NC_037641.1_mrna_XM_006567149.3_9116	1886	1687	187.898	6.09666
lcl|NC_037641.1_mrna_XM_625028.6_9117	1898	1699	242.965	7.82771
lcl|NC_037641.1_mrna_XM_016911937.2_9118	1860	1661	38.8963	1.28181
lcl|NC_037641.1_mrna_XM_395914.5_9119	1822	1623	447.797	15.1025
lcl|NC_037641.1_mrna_XM_006567150.3_9120	1567	1368	348.444	13.9422
lcl|NC_037641.1_mrna_XM_395913.7_9121	2384	2185	676	16.9348
lcl|NC_037641.1_mrna_XM_006567146.2_9122	2182	1983	227	6.26597
lcl|NC_037641.1_mrna_XM_006567145.3_9123	1860	1661	81.2999	2.6792
lcl|NC_037641.1_mrna_XM_624995.5_9124	1862	1663	370.7	12.2016
lcl|NC_037641.1_mrna_XM_001122278.4_9125	550	351	217	33.8406
lcl|NC_037641.1_mrna_XM_016911625.2_9126	785	586	114	10.6486
lcl|NC_037641.1_mrna_XM_026440274.1_9127	1828	1629	2508.57	84.2928
lcl|NC_037641.1_mrna_XM_026440272.1_9128	1602	1403	1121.43	43.7522
lcl|NC_037641.1_mrna_XM_392668.7_9129	4792	4593	1280.63	15.262
lcl|NC_037641.1_mrna_XM_026440270.1_9130	4813	4614	325.627	3.86303
lcl|NC_037641.1_miscrna_XR_410875.3_9131	2745	2546	45.3873	0.9758
lcl|NC_037641.1_mrna_XM_016911621.2_9132	2728	2529	81.8995	1.77263
lcl|NC_037641.1_mrna_XM_026440271.1_9133	1652	1453	7.85118e-05	2.9577e-06
lcl|NC_037641.1_mrna_XM_392669.6_9134	1657	1458	142	5.33109
lcl|NC_037641.1_miscrna_XR_001702659.2_9135	2756	2557	170.519	3.6503
lcl|NC_037641.1_mrna_XM_016911622.2_9136	2726	2527	85.3949	1.84975
lcl|NC_037641.1_miscrna_XR_001702660.2_9137	2648	2449	58.0857	1.29827
lcl|NC_037641.1_mrna_XM_016911620.2_9138	27169	26970	0	0
lcl|NC_037641.1_mrna_XM_026440300.1_9139	27151	26952	53.923	0.109514
lcl|NC_037641.1_mrna_XM_026440308.1_9140	27091	26892	3.44534e-06	7.01285e-09
lcl|NC_037641.1_mrna_XM_026440313.1_9141	27052	26853	3953.68	8.05923
lcl|NC_037641.1_mrna_XM_026440289.1_9142	27417	27218	0	0
lcl|NC_037641.1_mrna_XM_026440301.1_9143	27357	27158	0	0
lcl|NC_037641.1_mrna_XM_026440311.1_9144	27297	27098	2873.48	5.80439
lcl|NC_037641.1_mrna_XM_026440318.1_9145	27237	27038	4667.4	9.449
lcl|NC_037641.1_mrna_XM_026440303.1_9146	27354	27155	31.8945	0.0642911
lcl|NC_037641.1_mrna_XM_026440312.1_9147	27294	27095	70.6502	0.142728
lcl|NC_037641.1_mrna_XM_026440319.1_9148	27234	27035	67.2863	0.136234
lcl|NC_037641.1_mrna_XM_026440320.1_9149	27174	26975	476.626	0.967167
lcl|NC_037641.1_mrna_XM_026440309.1_9150	27309	27110	1041.74	2.10336
lcl|NC_037641.1_mrna_XM_026440315.1_9151	27264	27065	223.582	0.452182
lcl|NC_037641.1_mrna_XM_026440304.1_9152	27342	27143	465.687	0.93912
lcl|NC_037641.1_mrna_XM_026440294.1_9153	27405	27206	0	0
lcl|NC_037641.1_mrna_XM_026440321.1_9154	26763	26564	0	0
lcl|NC_037641.1_mrna_XM_026440307.1_9155	27330	27131	58.8918	0.118816
lcl|NC_037641.1_mrna_XM_026440317.1_9156	27249	27050	431.819	0.873815
lcl|NC_037641.1_mrna_XM_026440293.1_9157	27411	27212	63.0895	0.126906
lcl|NC_037641.1_mrna_XM_026440298.1_9158	27393	27194	0	0
lcl|NC_037641.1_mrna_XM_026440295.1_9159	27402	27203	0	0
lcl|NC_037641.1_mrna_XM_026440296.1_9160	27399	27200	6.02274e-05	1.21202e-07
lcl|NC_037641.1_mrna_XM_026440305.1_9161	27339	27140	0	0
lcl|NC_037641.1_mrna_XM_026440310.1_9162	27300	27101	0.00434431	8.77448e-06
lcl|NC_037641.1_mrna_XM_026440291.1_9163	27139	26940	288.499	0.586181
lcl|NC_037641.1_mrna_XM_026440302.1_9164	26036	25837	0	0
lcl|NC_037641.1_mrna_XM_026440324.1_9165	27341	27142	4974.99	10.0331
lcl|NC_037641.1_mrna_XM_026440325.1_9166	27281	27082	11081.3	22.3974
lcl|NC_037641.1_mrna_XM_026440290.1_9167	27254	27055	298.49	0.603904
lcl|NC_037641.1_mrna_XM_026440292.1_9168	26082	25883	0	0
lcl|NC_037641.1_mrna_XM_026440299.1_9169	26064	25865	2.9577	0.00625931
lcl|NC_037641.1_mrna_XM_026440306.1_9170	26004	25805	146.111	0.309931
lcl|NC_037641.1_mrna_XM_026440314.1_9171	26449	26250	1166.87	2.4332
lcl|NC_037641.1_mrna_XM_026440316.1_9172	25900	25701	263.307	0.560787
lcl|NC_037641.1_mrna_XM_026440322.1_9173	22078	21879	46088.2	115.305
lcl|NC_037641.1_mrna_XM_026440323.1_9174	22374	22175	760.997	1.87847
lcl|NC_037641.1_mrna_XM_026440326.1_9175	4554	4355	2718	34.1623
lcl|NC_037641.1_mrna_XM_006567137.3_9176	5517	5318	350.967	3.61246
lcl|NC_037641.1_mrna_XM_006567136.3_9177	6282	6083	803.033	7.22605
lcl|NC_037641.1_mrna_XM_026440038.1_9178	4784	4585	0	0
lcl|NC_037641.1_ncrna_XR_003304527.1_9179	5163	4964	37.5504	0.414064
lcl|NC_037641.1_mrna_XM_006567106.3_9180	2671	2472	76.7337	1.69912
lcl|NC_037641.1_mrna_NM_001206973.1_9181	2270	2071	75.2816	1.98973
lcl|NC_037641.1_mrna_XM_016911889.2_9182	5835	5636	0	0
lcl|NC_037641.1_mrna_XM_026440009.1_9183	5676	5477	0	0
lcl|NC_037641.1_mrna_XM_006567135.3_9184	5419	5220	6.88761	0.0722243
lcl|NC_037641.1_miscrna_XR_003304499.1_9185	6381	6182	52.5184	0.465016
lcl|NC_037641.1_mrna_XM_016911887.2_9186	6176	5977	0	0
lcl|NC_037641.1_miscrna_XR_003304500.1_9187	6261	6062	1.43493	0.0129568
lcl|NC_037641.1_miscrna_XR_003304501.1_9188	6268	6069	9.52654	0.0859218
lcl|NC_037641.1_mrna_XM_026440010.1_9189	1196	997	63.638	3.49387
lcl|NC_037641.1_mrna_XM_016911894.2_9190	871	672	16	1.30327
lcl|NC_037641.1_mrna_XM_026439994.1_9191	1466	1267	56.391	2.43623
lcl|NC_037641.1_mrna_XM_026439993.1_9192	1622	1423	45.609	1.75441
lcl|NC_037641.1_mrna_XM_026439995.1_9193	1401	1202	5.60689e-06	2.55331e-07
lcl|NC_037641.1_mrna_XM_026439996.1_9194	1399	1200	4.58594e-05	2.09186e-06
lcl|NC_037641.1_mrna_NM_001206970.1_9195	1154	955	133	7.62313
lcl|NC_037641.1_mrna_XM_026439980.1_9196	943	744	0	0
lcl|NC_037641.1_mrna_XM_001122506.5_9197	2038	1839	478	14.2276
lcl|NC_037641.1_mrna_XM_026439893.1_9198	2532	2333	16.6319	0.390224
lcl|NC_037641.1_mrna_NM_001206969.1_9199	2536	2337	356.368	8.3469
lcl|NC_037641.1_miscrna_XR_001702795.2_9200	2688	2489	728.511	16.0213
lcl|NC_037641.1_miscrna_XR_001702796.2_9201	2745	2546	132.12	2.8405
lcl|NC_037641.1_mrna_XM_006567126.3_9202	1823	1624	0	0
lcl|NC_037641.1_mrna_XM_016911881.2_9203	1565	1366	252.918	10.1348
lcl|NC_037641.1_mrna_XM_393160.7_9204	1129	930	823.258	48.455
lcl|NC_037641.1_mrna_XM_006567128.3_9205	1193	994	0	0
lcl|NC_037641.1_mrna_XM_006567127.3_9206	1248	1049	229.193	11.9595
lcl|NC_037641.1_mrna_XM_016911907.2_9207	4291	4092	36.6721	0.490553
lcl|NC_037641.1_mrna_XM_001122546.5_9208	4229	4030	975.328	13.2474
lcl|NC_037641.1_mrna_XM_001122571.5_9209	1388	1189	439456	20231.1
lcl|NC_037641.1_mrna_XM_026440243.1_9210	2817	2618	944.882	19.7557
lcl|NC_037641.1_mrna_XM_026440242.1_9211	2813	2614	1.08166	0.0226502
lcl|NC_037641.1_mrna_XM_026440241.1_9212	2932	2733	4922.44	98.5885
lcl|NC_037641.1_mrna_NM_001011607.2_9213	381	182	2	0.601511
lcl|NC_037641.1_mrna_XM_026440240.1_9214	3065	2866	163.035	3.11379
lcl|NC_037641.1_mrna_XM_026440238.1_9215	5475	5276	91.1909	0.946089
lcl|NC_037641.1_mrna_XM_026440237.1_9216	5578	5379	5.55381e-08	5.65164e-10
lcl|NC_037641.1_mrna_XM_026440236.1_9217	5945	5746	0	0
lcl|NC_037641.1_mrna_XM_026440235.1_9218	6635	6436	90.8091	0.772322
lcl|NC_037641.1_ncrna_XR_003304574.1_9219	1195	996	4	0.219829
lcl|NC_037641.1_mrna_XM_396350.5_9220	1547	1348	1314	53.3569
lcl|NC_037641.1_mrna_XM_016911605.2_9221	712	513	17.1314	1.82794
lcl|NC_037641.1_mrna_XM_026440244.1_9222	617	418	16.8686	2.20896
lcl|NC_037641.1_mrna_XM_026440239.1_9223	1677	1478	115	4.25901
lcl|NC_037641.1_mrna_XM_006567111.3_9224	1588	1389	536	21.1226
lcl|NC_037641.1_mrna_XM_624343.6_9225	1115	916	15816	945.119
lcl|NC_037641.1_mrna_XM_026440437.1_9226	4777	4578	2388	28.5525
lcl|NC_037641.1_ncrna_XR_003304606.1_9227	1488	1289	8.26089	0.3508
lcl|NC_037641.1_mrna_XM_016911884.2_9228	4303	4104	0	0
lcl|NC_037641.1_ncrna_XR_003304605.1_9229	3630	3431	8	0.127631
lcl|NC_037641.1_ncrna_XR_003304602.1_9230	4123	3924	7	0.097646
lcl|NC_037641.1_ncrna_XR_003304604.1_9231	4665	4466	53.791	0.659289
lcl|NC_037641.1_ncrna_XR_003304603.1_9232	4818	4619	0	0
lcl|NC_037641.1_mrna_XM_016911798.2_9233	6880	6681	41.3858	0.339074
lcl|NC_037641.1_mrna_XM_393156.7_9234	9115	8916	4143.39	25.4373
lcl|NC_037641.1_ncrna_XR_001702771.2_9235	2032	1833	61.3775	1.83287
lcl|NC_037641.1_ncrna_XR_003304568.1_9236	1401	1202	2	0.0910774
lcl|NC_037641.1_mrna_XM_624697.6_9237	634	435	5556	699.131
lcl|NC_037641.1_mrna_XM_624712.6_9238	1270	1071	721	36.8495
lcl|NC_037641.1_mrna_XM_026440211.1_9239	2045	1846	0	0
lcl|NC_037641.1_mrna_XM_026440210.1_9240	1902	1703	87.7954	2.8219
lcl|NC_037641.1_mrna_XM_006569380.3_9241	2100	1901	0	0
lcl|NC_037641.1_mrna_XM_006569381.3_9242	2103	1904	0	0
lcl|NC_037641.1_mrna_XM_006569379.3_9243	2205	2006	66.2046	1.80652
lcl|NC_037641.1_mrna_XM_006569375.3_9244	2653	2454	313.111	6.98408
lcl|NC_037641.1_mrna_XM_397486.7_9245	2847	2648	880.557	18.2022
lcl|NC_037641.1_mrna_XM_006569374.3_9246	3184	2985	974.332	17.8669
lcl|NC_037641.1_mrna_XM_006569373.3_9247	511	312	287	50.3515
lcl|NC_037641.1_mrna_XM_623406.6_9248	4535	4336	1742.66	21.9993
lcl|NC_037641.1_mrna_XM_006569372.3_9249	2749	2550	643.34	13.8097
lcl|NC_037641.1_mrna_XM_016911695.2_9250	2326	2127	1789	46.0392
lcl|NC_037641.1_mrna_XM_394462.6_9251	4006	3807	607.821	8.73932
lcl|NC_037641.1_mrna_XM_026440177.1_9252	3428	3229	569.179	9.64865
lcl|NC_037641.1_mrna_XM_026440179.1_9253	3745	3546	6.23771e-05	9.62879e-07
lcl|NC_037641.1_mrna_XM_006569346.3_9254	3905	3706	652.318	9.63472
lcl|NC_037641.1_mrna_XM_026440178.1_9255	3893	3694	208.365	3.08754
lcl|NC_037641.1_mrna_XM_026440180.1_9256	3459	3260	788.392	13.2376
lcl|NC_037641.1_mrna_XM_006569351.3_9257	3423	3224	9.27098e-08	1.57404e-09
lcl|NC_037641.1_mrna_XM_006569347.3_9258	4161	3962	0	0
lcl|NC_037641.1_mrna_XM_006569345.3_9259	4188	3989	0	0
lcl|NC_037641.1_mrna_XM_016911691.2_9260	4253	4054	70.412	0.95071
lcl|NC_037641.1_mrna_XM_016911690.2_9261	4256	4057	20.5852	0.277738
lcl|NC_037641.1_miscrna_XR_001702704.2_9262	3456	3257	695.856	11.6946
lcl|NC_037641.1_mrna_XM_016911692.2_9263	3294	3095	87.7555	1.55203
lcl|NC_037641.1_miscrna_XR_001702705.2_9264	3334	3135	338.023	5.90193
lcl|NC_037641.1_mrna_XM_016911693.2_9265	3207	3008	624.234	11.3594
lcl|NC_037641.1_mrna_XM_026440181.1_9266	3086	2887	781.06	14.8089
lcl|NC_037641.1_ncrna_XR_003304531.1_9267	1412	1213	1159	52.3008
lcl|NC_037641.1_mrna_XM_026440182.1_9268	3807	3608	1224.33	18.5744
lcl|NC_037641.1_mrna_XM_026440185.1_9269	3493	3294	2537.19	42.1614
lcl|NC_037641.1_mrna_XM_026440184.1_9270	3508	3309	1.95273e-07	3.2302e-09
lcl|NC_037641.1_mrna_XM_006569353.3_9271	3508	3309	0	0
lcl|NC_037641.1_mrna_XM_026440183.1_9272	3404	3205	0	0
lcl|NC_037641.1_mrna_XM_016911675.2_9273	3371	3172	0	0
lcl|NC_037641.1_mrna_XM_016911686.2_9274	3022	2823	25.7534	0.499354
lcl|NC_037641.1_mrna_XM_016911687.2_9275	3179	2980	1913.18	35.1419
lcl|NC_037641.1_mrna_XM_016911688.2_9276	3188	2989	0.0315111	0.000577063
lcl|NC_037641.1_mrna_XM_016911679.2_9277	3337	3138	0	0
lcl|NC_037641.1_mrna_XM_016911685.2_9278	3186	2987	0	0
lcl|NC_037641.1_mrna_XM_016911678.2_9279	3340	3141	0	0
lcl|NC_037641.1_mrna_XM_016911677.2_9280	3343	3144	0	0
lcl|NC_037641.1_mrna_XM_016911676.2_9281	3349	3150	62.2572	1.08184
lcl|NC_037641.1_mrna_XM_016911681.2_9282	3461	3262	0	0
lcl|NC_037641.1_mrna_XM_016911683.2_9283	3467	3268	0.0776768	0.00130105
lcl|NC_037641.1_mrna_XM_016911682.2_9284	3470	3271	0	0
lcl|NC_037641.1_mrna_XM_016911680.2_9285	1980	1781	104.391	3.20836
lcl|NC_037641.1_mrna_XM_016911684.2_9286	1998	1799	22.2673	0.67752
lcl|NC_037641.1_miscrna_XR_003304532.1_9287	1679	1480	4.84605	0.17923
lcl|NC_037641.1_mrna_XM_624802.6_9288	2802	2603	2209	46.4523
lcl|NC_037641.1_mrna_XM_395145.5_9289	514	315	181	31.4524
lcl|NC_037641.1_mrna_XM_026440102.1_9290	4803	4604	2.00317	0.0238159
lcl|NC_037641.1_mrna_XM_395146.7_9291	4833	4634	968.015	11.4344
lcl|NC_037641.1_mrna_XM_625074.5_9292	1609	1410	222	8.61825
lcl|NC_037641.1_mrna_XM_625080.6_9293	1367	1168	499	23.3853
lcl|NC_037641.1_mrna_XM_006569341.3_9294	486	287	4	0.762893
lcl|NC_037641.1_mrna_XM_016911794.1_9295	1826	1627	818.375	27.5328
lcl|NC_037641.1_mrna_XM_016911795.2_9296	1785	1586	64.6252	2.23041
lcl|NC_037641.1_mrna_XM_016911789.2_9297	10208	10009	93.9684	0.513897
lcl|NC_037641.1_mrna_XM_016911793.2_9298	10094	9895	2786.43	15.4141
lcl|NC_037641.1_mrna_XM_016911790.2_9299	10205	10006	275.703	1.50823
lcl|NC_037641.1_mrna_XM_016911791.2_9300	10178	9979	558.156	3.06164
lcl|NC_037641.1_mrna_XM_016911792.2_9301	10175	9976	1641.25	9.00539
lcl|NC_037641.1_mrna_XM_006569340.3_9302	10110	9911	4352.12	24.0363
lcl|NC_037641.1_ncrna_XR_001702758.2_9303	1199	1000	373	20.4171
lcl|NC_037641.1_mrna_XM_395386.6_9304	3213	3014	883.128	16.0386
lcl|NC_037641.1_mrna_XM_026440017.1_9305	3849	3650	943.872	14.1549
lcl|NC_037641.1_mrna_XM_026440018.1_9306	3392	3193	0	0
lcl|NC_037641.1_mrna_XM_625102.6_9307	890	691	118.094	9.35485
lcl|NC_037641.1_mrna_XM_006569337.3_9308	797	598	656.193	60.0642
lcl|NC_037641.1_mrna_XM_006569339.3_9309	897	698	478.713	37.5409
lcl|NC_037641.1_mrna_XM_026440019.1_9310	1239	1040	1269.99	66.8423
lcl|NC_037641.1_mrna_XM_026440234.1_9311	6485	6286	518.685	4.51663
lcl|NC_037641.1_mrna_XM_026440232.1_9312	6494	6295	2527.99	21.9818
lcl|NC_037641.1_mrna_XM_026440233.1_9313	6494	6295	0.0162667	0.000141446
lcl|NC_037641.1_mrna_XM_026440231.1_9314	6500	6301	424.232	3.68535
lcl|NC_037641.1_mrna_XM_026440230.1_9315	6503	6304	0.0816952	0.000709358
lcl|NC_037641.1_mrna_XM_026440039.1_9316	2472	2273	227	5.46653
lcl|NC_037641.1_mrna_XM_001120633.5_9317	2190	1991	2402	66.037
lcl|NC_037641.1_mrna_XM_026440040.1_9318	7255	7056	750	5.81819
lcl|NC_037641.1_mrna_XM_006569334.3_9319	808	609	64.1053	5.76185
lcl|NC_037641.1_mrna_XM_624590.6_9320	732	533	883.895	90.7734
lcl|NC_037641.1_mrna_XM_026440120.1_9321	1904	1705	0.105693	0.00339319
lcl|NC_037641.1_mrna_XM_026440119.1_9322	2127	1928	42.0065	1.1926
lcl|NC_037641.1_mrna_XM_624571.5_9323	1938	1739	85.8878	2.70344
lcl|NC_037641.1_mrna_XM_396966.7_9324	1957	1758	1015	31.6033
lcl|NC_037641.1_mrna_XM_006569333.3_9325	1296	1097	400	19.959
lcl|NC_037641.1_mrna_XM_026440144.1_9326	2779	2580	870	18.458
lcl|NC_037641.1_mrna_XM_026440145.1_9327	1230	1031	228	12.1049
lcl|NC_037641.1_mrna_XM_396963.7_9328	1257	1058	140	7.24315
lcl|NC_037641.1_mrna_XM_006569316.3_9329	2665	2466	137	3.04097
lcl|NC_037641.1_mrna_XM_006569325.3_9330	7743	7544	838.794	6.0861
lcl|NC_037641.1_mrna_XM_006569324.3_9331	7898	7699	77.9786	0.554404
lcl|NC_037641.1_ncrna_XR_411503.3_9332	847	648	6.72784	0.568311
lcl|NC_037641.1_mrna_XM_006569318.3_9333	8803	8604	184.022	1.17072
lcl|NC_037641.1_mrna_XM_006569319.3_9334	8418	8219	3.33389	0.0222033
lcl|NC_037641.1_mrna_XM_006569320.3_9335	8493	8294	1.77649e-05	1.17243e-07
lcl|NC_037641.1_mrna_XM_016911785.2_9336	9776	9577	14.1657	0.0809645
lcl|NC_037641.1_mrna_XM_006569321.3_9337	8939	8740	0	0
lcl|NC_037641.1_mrna_XM_006569323.3_9338	8554	8355	0	0
lcl|NC_037641.1_mrna_XM_016911782.2_9339	8340	8141	0	0
lcl|NC_037641.1_mrna_XM_016911783.2_9340	8300	8101	133.476	0.901883
lcl|NC_037641.1_mrna_XM_016911786.2_9341	6669	6470	564.857	4.7788
lcl|NC_037641.1_mrna_XM_006569317.3_9342	7563	7364	0	0
lcl|NC_037641.1_mrna_XM_001120915.5_9343	2754	2555	240.374	5.14969
lcl|NC_037641.1_mrna_XM_392666.7_9344	1448	1249	1753.59	76.8511
lcl|NC_037641.1_mrna_XM_006569326.3_9345	1445	1246	164.606	7.23122
lcl|NC_037641.1_mrna_XM_006569327.3_9346	1376	1177	55.6129	2.58633
lcl|NC_037641.1_mrna_XM_623137.6_9347	1378	1179	176.196	8.18025
lcl|NC_037641.1_mrna_XM_006569329.3_9348	1046	847	313	20.2277
lcl|NC_037641.1_mrna_XM_006569315.3_9349	1462	1263	611.851	26.5172
lcl|NC_037641.1_mrna_XM_006569313.3_9350	1398	1199	474.959	21.6832
lcl|NC_037641.1_mrna_XM_016911780.2_9351	1338	1139	3.02487e-05	1.45368e-06
lcl|NC_037641.1_mrna_XM_395102.6_9352	1384	1185	0.0137251	0.000633989
lcl|NC_037641.1_mrna_XM_006569310.2_9353	1310	1111	1.17554	0.0579171
lcl|NC_037641.1_mrna_XM_001121010.5_9354	2317	2118	2734.34	70.6662
lcl|NC_037641.1_mrna_XM_396029.7_9355	4473	4274	552.174	7.07175
lcl|NC_037641.1_mrna_XM_006569307.3_9356	4491	4292	72.3631	0.922874
lcl|NC_037641.1_mrna_XM_006569308.3_9357	4157	3958	254.463	3.51912
lcl|NC_037641.1_mrna_XM_006569306.3_9358	2034	1835	58	1.73012
lcl|NC_037641.1_mrna_XM_394460.7_9359	1693	1494	80	2.93106
lcl|NC_037641.1_mrna_XM_026440158.1_9360	10469	10270	121.509	0.647622
lcl|NC_037641.1_mrna_XM_026440155.1_9361	11199	11000	0	0
lcl|NC_037641.1_mrna_XM_026440157.1_9362	11241	11042	76.6563	0.380001
lcl|NC_037641.1_mrna_XM_026440156.1_9363	10436	10237	651.835	3.48538
lcl|NC_037641.1_mrna_XM_016911724.2_9364	825	626	305	26.6692
lcl|NC_037641.1_mrna_XM_001121220.5_9365	982	783	6	0.419445
lcl|NC_037641.1_mrna_XM_026440160.1_9366	5970	5771	9188.83	87.1554
lcl|NC_037641.1_precursorrna_NR_039514.1_9367	66	3.40257	0	0
lcl|NC_037641.1_ncrna_9368	22	2.73612	0	0
lcl|NC_037641.1_mrna_XM_016911725.2_9369	1162	963	177	10.0608
lcl|NC_037641.1_mrna_XM_006569299.3_9370	4999	4800	793.504	9.04884
lcl|NC_037641.1_mrna_XM_026440453.1_9371	2416	2217	1891.14	46.6921
lcl|NC_037641.1_mrna_XM_026440452.1_9372	2641	2442	16291.8	365.181
lcl|NC_037641.1_mrna_XM_026440454.1_9373	2350	2151	0.065319	0.0016622
lcl|NC_037641.1_mrna_XM_006569296.3_9374	3354	3155	338.862	5.87908
lcl|NC_037641.1_mrna_XM_016911771.2_9375	3134	2935	2047.65	38.1885
lcl|NC_037641.1_mrna_XM_006569295.3_9376	3316	3117	2301.49	40.4164
lcl|NC_037641.1_mrna_XM_006569290.3_9377	3230	3031	27.0774	0.488996
lcl|NC_037641.1_mrna_XM_006569293.3_9378	3127	2928	137.788	2.57588
lcl|NC_037641.1_mrna_XM_006569292.3_9379	3157	2958	28.9424	0.535577
lcl|NC_037641.1_mrna_XM_016911770.2_9380	2564	2365	48.192	1.1154
lcl|NC_037641.1_mrna_XM_026440469.1_9381	6845	6646	1.09059e-07	8.98225e-10
lcl|NC_037641.1_mrna_XM_026440465.1_9382	6978	6779	345.941	2.79333
lcl|NC_037641.1_mrna_XM_026440468.1_9383	6529	6330	0	0
lcl|NC_037641.1_mrna_XM_026440458.1_9384	6484	6285	0	0
lcl|NC_037641.1_mrna_XM_026440459.1_9385	6477	6278	1.21494e-08	1.0593e-10
lcl|NC_037641.1_mrna_XM_026440457.1_9386	6483	6284	3.61367e-08	3.14773e-10
lcl|NC_037641.1_mrna_XM_026440456.1_9387	6489	6290	25.0695	0.218163
lcl|NC_037641.1_mrna_XM_026440474.1_9388	6435	6236	0	0
lcl|NC_037641.1_mrna_XM_026440471.1_9389	6345	6146	0	0
lcl|NC_037641.1_mrna_XM_026440463.1_9390	6426	6227	202.343	1.77866
lcl|NC_037641.1_mrna_XM_026440455.1_9391	6495	6296	0	0
lcl|NC_037641.1_mrna_XM_026440462.1_9392	6428	6229	47.1019	0.41391
lcl|NC_037641.1_mrna_XM_026440461.1_9393	6434	6235	135.303	1.18783
lcl|NC_037641.1_mrna_XM_026440460.1_9394	6446	6247	0	0
lcl|NC_037641.1_mrna_XM_026440464.1_9395	6413	6214	2.37416e-08	2.09134e-10
lcl|NC_037641.1_mrna_XM_026440470.1_9396	6363	6164	140.373	1.24654
lcl|NC_037641.1_mrna_XM_026440467.1_9397	6529	6330	0	0
lcl|NC_037641.1_mrna_XM_026440466.1_9398	7582	7383	221.538	1.64248
lcl|NC_037641.1_mrna_XM_026440472.1_9399	5789	5590	36.8867	0.361197
lcl|NC_037641.1_mrna_XM_026440473.1_9400	5755	5556	9.37744	0.0923863
lcl|NC_037641.1_precursorrna_NR_039515.1_9401	119	5.00576	0	0
lcl|NC_037641.1_ncrna_9402	23	2.74792	0	0
lcl|NC_037641.1_mrna_XM_001120521.4_9403	606	407	5020.76	675.243
lcl|NC_037641.1_mrna_XM_003251319.2_9404	835	636	508.245	43.7422
lcl|NC_037641.1_mrna_XM_394455.7_9405	3519	3320	0	0
lcl|NC_037641.1_mrna_XM_006569281.3_9406	3352	3153	267.034	4.63583
lcl|NC_037641.1_mrna_XM_006569280.3_9407	3514	3315	397.537	6.56416
lcl|NC_037641.1_mrna_XM_006569282.2_9408	3308	3109	470.429	8.28245
lcl|NC_037641.1_mrna_XM_625251.6_9409	614	415	3855	508.466
lcl|NC_037641.1_mrna_XM_006569278.3_9410	5564	5365	1087	11.0903
lcl|NC_037641.1_mrna_XM_016911732.2_9411	6808	6609	30.5206	0.25278
lcl|NC_037641.1_mrna_XM_016911731.2_9412	6817	6618	5.47945	0.0453205
lcl|NC_037641.1_mrna_XM_026440142.1_9413	4501	4302	0	0
lcl|NC_037641.1_ncrna_XR_003304525.1_9414	516	317	17	2.93545
lcl|NC_037641.1_mrna_XM_016911734.2_9415	4058	3859	106.163	1.50586
lcl|NC_037641.1_mrna_XM_006569264.3_9416	3842	3643	44.8327	0.67363
lcl|NC_037641.1_miscrna_XR_411484.3_9417	3792	3593	30.598	0.466145
lcl|NC_037641.1_miscrna_XR_411485.3_9418	3776	3577	0	0
lcl|NC_037641.1_mrna_XM_006569265.3_9419	4565	4366	78.5009	0.984184
lcl|NC_037641.1_mrna_XM_016911735.2_9420	1642	1443	0	0
lcl|NC_037641.1_precursorrna_NR_127355.1_9421	94	4.0801	0	0
lcl|NC_037641.1_ncrna_9422	23	2.74792	0	0
lcl|NC_037641.1_mrna_XM_026440137.1_9423	13385	13186	431.935	1.79304
lcl|NC_037641.1_mrna_XM_026440140.1_9424	10368	10169	45.0717	0.242611
lcl|NC_037641.1_mrna_XM_026440139.1_9425	14440	14241	17.993	0.0691588
lcl|NC_037641.1_mrna_XM_026440138.1_9426	10513	10314	0	0
lcl|NC_037641.1_mrna_XM_026440141.1_9427	10094	9895	0	0
lcl|NC_037641.1_mrna_XM_001120652.5_9428	1413	1214	739	33.3205
lcl|NC_037641.1_ncrna_XR_003304557.1_9429	779	580	273	25.7644
lcl|NC_037642.1_mrna_XM_026440835.1_9430	2088	1889	710.419	20.5858
lcl|NC_037642.1_mrna_XM_026440836.1_9431	1226	1027	565.644	30.148
lcl|NC_037642.1_mrna_XM_026440837.1_9432	991	792	70.9368	4.90266
lcl|NC_037642.1_mrna_XM_026440676.1_9433	3607	3408	0.000573563	9.21228e-06
lcl|NC_037642.1_mrna_XM_026440675.1_9434	3691	3492	290.475	4.55324
lcl|NC_037642.1_mrna_XM_026440678.1_9435	3567	3368	195.128	3.17126
lcl|NC_037642.1_mrna_XM_026440681.1_9436	3446	3247	47.2786	0.797018
lcl|NC_037642.1_mrna_XM_026440680.1_9437	3446	3247	927.647	15.6382
lcl|NC_037642.1_mrna_XM_026440677.1_9438	3569	3370	1018.98	16.5509
lcl|NC_037642.1_mrna_XM_026440683.1_9439	3322	3123	197.166	3.45578
lcl|NC_037642.1_mrna_XM_026440682.1_9440	3419	3220	88.8221	1.50991
lcl|NC_037642.1_mrna_XM_026440679.1_9441	3539	3340	0.499665	0.00818875
lcl|NC_037642.1_mrna_XM_623736.5_9442	1239	1040	487	25.6319
lcl|NC_037642.1_mrna_XM_016917275.2_9443	1215	1016	0	0
lcl|NC_037642.1_mrna_XM_016917274.2_9444	1121	922	44.7431	2.65632
lcl|NC_037642.1_mrna_XM_396099.6_9445	1101	902	237.257	14.3979
lcl|NC_037642.1_mrna_XM_026440846.1_9446	1839	1640	98.7344	3.29541
lcl|NC_037642.1_mrna_XM_026440847.1_9447	1742	1543	579.794	20.5681
lcl|NC_037642.1_mrna_XM_026440848.1_9448	1643	1444	339.471	12.8683
lcl|NC_037642.1_mrna_XM_006571904.3_9449	593	394	6.33144	0.879613
lcl|NC_037642.1_mrna_XM_001120403.5_9450	484	285	3.66856	0.704588
lcl|NC_037642.1_mrna_XM_026440699.1_9451	4423	4224	1.51844e-08	1.96769e-10
lcl|NC_037642.1_mrna_XM_026440698.1_9452	4495	4296	430.713	5.48793
lcl|NC_037642.1_mrna_XM_006571901.3_9453	4507	4308	3007.23	38.2099
lcl|NC_037642.1_mrna_XM_623578.5_9454	2239	2040	1006	26.9931
lcl|NC_037642.1_mrna_XM_624540.6_9455	627	428	880	112.544
lcl|NC_037642.1_mrna_XM_006571895.3_9456	798	599	2451.72	224.042
lcl|NC_037642.1_mrna_XM_006571897.3_9457	712	513	4574.28	488.08
lcl|NC_037642.1_mrna_XM_006571893.3_9458	1753	1554	325.589	11.4684
lcl|NC_037642.1_mrna_XM_624560.6_9459	1784	1585	562.411	19.4227
lcl|NC_037642.1_mrna_XM_003251785.4_9460	814	615	300	26.7012
lcl|NC_037642.1_mrna_XM_624604.6_9461	974	775	2106	148.745
lcl|NC_037642.1_mrna_XM_006571892.3_9462	998	799	0	0
lcl|NC_037642.1_mrna_XM_001122617.4_9463	962	763	438	31.4221
lcl|NC_037642.1_mrna_XM_026440663.1_9464	4713	4514	1374.9	16.6722
lcl|NC_037642.1_mrna_XM_006571889.3_9465	1415	1216	9.91276	0.446217
lcl|NC_037642.1_mrna_XM_623861.6_9466	1452	1253	443.192	19.3609
lcl|NC_037642.1_mrna_XM_026440842.1_9467	1301	1102	895	44.4556
lcl|NC_037642.1_mrna_XM_625095.6_9468	836	637	6555	563.273
lcl|NC_037642.1_mrna_XM_396132.7_9469	5844	5645	1298	12.5862
lcl|NC_037642.1_mrna_XM_003251780.4_9470	2268	2069	1658	43.8641
lcl|NC_037642.1_mrna_XM_006571885.3_9471	1849	1650	583	19.3406
lcl|NC_037642.1_mrna_NM_001256037.1_9472	10770	10571	4884.99	25.2949
lcl|NC_037642.1_mrna_XM_624253.5_9473	591	392	3847	537.182
lcl|NC_037642.1_mrna_XM_623914.6_9474	1638	1439	2476.45	94.2006
lcl|NC_037642.1_mrna_XM_006571883.3_9475	1634	1435	98.5535	3.75929
lcl|NC_037642.1_mrna_XM_026440892.1_9476	1358	1159	723	34.146
lcl|NC_037642.1_mrna_XM_026440894.1_9477	1619	1420	260.437	10.0392
lcl|NC_037642.1_mrna_XM_026440893.1_9478	1390	1191	2447.56	112.488
lcl|NC_037642.1_mrna_XM_026440738.1_9479	1517	1318	143.209	5.94758
lcl|NC_037642.1_mrna_XM_026440737.1_9480	1844	1645	21.9869	0.731616
lcl|NC_037642.1_mrna_XM_006572025.3_9481	1736	1537	45.6662	1.62632
lcl|NC_037642.1_mrna_XM_026440734.1_9482	2063	1864	32.5528	0.955932
lcl|NC_037642.1_mrna_XM_026440735.1_9483	2067	1868	0	0
lcl|NC_037642.1_mrna_XM_026440736.1_9484	2055	1856	181.585	5.35535
lcl|NC_037642.1_mrna_XM_026440733.1_9485	2070	1871	0	0
lcl|NC_037642.1_mrna_XM_006572023.3_9486	1432	1233	454.428	20.1738
lcl|NC_037642.1_mrna_XM_006572022.3_9487	1436	1237	604.572	26.7524
lcl|NC_037642.1_mrna_XM_006572019.3_9488	1520	1321	2425	100.483
lcl|NC_037642.1_mrna_XM_397589.7_9489	915	716	1780	136.079
lcl|NC_037642.1_mrna_XM_026440724.1_9490	1633	1434	80.0945	3.05731
lcl|NC_037642.1_mrna_XM_026440722.1_9491	1809	1610	0	0
lcl|NC_037642.1_mrna_XM_026440723.1_9492	1543	1344	65.9055	2.68415
lcl|NC_037642.1_mrna_XM_026440725.1_9493	1151	952	3325	191.179
lcl|NC_037642.1_precursorrna_NR_039454.1_9494	92	4.02165	0	0
lcl|NC_037642.1_ncrna_9495	24	2.75981	0	0
lcl|NC_037642.1_mrna_XM_026440700.1_9496	1629	1430	1	0.038278
lcl|NC_037642.1_mrna_XM_026440684.1_9497	1041	842	334	21.713
lcl|NC_037642.1_mrna_XM_006572325.3_9498	493	294	101.63	18.9216
lcl|NC_037642.1_mrna_XM_003251885.4_9499	574	375	45.3704	6.62257
lcl|NC_037642.1_mrna_XM_006572324.3_9500	1500	1301	392.767	16.525
lcl|NC_037642.1_mrna_XM_016917527.2_9501	1478	1279	207.637	8.88625
lcl|NC_037642.1_mrna_XM_006572323.2_9502	1450	1251	24.8918	1.08914
lcl|NC_037642.1_mrna_XM_006572322.3_9503	1562	1363	211.903	8.50992
lcl|NC_037642.1_mrna_XM_006572321.3_9504	1988	1789	69.1975	2.11722
lcl|NC_037642.1_mrna_XM_001121172.5_9505	2081	1882	324.986	9.45215
lcl|NC_037642.1_mrna_XM_026441091.1_9506	591	392	40.6187	5.67185
lcl|NC_037642.1_mrna_XM_026441097.1_9507	1104	905	8.87746	0.536939
lcl|NC_037642.1_mrna_XM_026441096.1_9508	1281	1082	656.171	33.1952
lcl|NC_037642.1_mrna_XM_026441093.1_9509	3665	3466	0	0
lcl|NC_037642.1_mrna_XM_006572332.3_9510	3788	3589	2.15533	0.032872
lcl|NC_037642.1_mrna_XM_026441092.1_9511	3890	3691	696.628	10.331
lcl|NC_037642.1_mrna_XM_026441094.1_9512	3330	3131	0	0
lcl|NC_037642.1_mrna_XM_026441095.1_9513	3154	2955	6.16795	0.114253
lcl|NC_037642.1_ncrna_XR_003304759.1_9514	617	418	3.58449	0.469392
lcl|NC_037642.1_ncrna_XR_003304760.1_9515	539	340	26.4155	4.25271
lcl|NC_037642.1_mrna_XM_026440803.1_9516	1366	1167	9.9187e-05	4.65231e-06
lcl|NC_037642.1_mrna_XM_026440802.1_9517	1486	1287	468.557	19.9283
lcl|NC_037642.1_mrna_XM_006572113.3_9518	6423	6224	812	7.14121
lcl|NC_037642.1_mrna_XM_003251834.4_9519	1501	1302	5	0.210206
lcl|NC_037642.1_mrna_XM_006572110.3_9520	1666	1467	0	0
lcl|NC_037642.1_mrna_XM_006572111.3_9521	1606	1407	0	0
lcl|NC_037642.1_mrna_XM_026440917.1_9522	1625	1426	0	0
lcl|NC_037642.1_mrna_XM_006572109.3_9523	1840	1641	3113	103.838
lcl|NC_037642.1_mrna_XM_623915.6_9524	3213	3014	2009	36.4856
lcl|NC_037642.1_mrna_XM_026440764.1_9525	1349	1150	104	4.95018
lcl|NC_037642.1_mrna_XM_001120264.5_9526	2296	2097	2229	58.1831
lcl|NC_037642.1_mrna_XM_026440727.1_9527	1200	1001	679	37.1297
lcl|NC_037642.1_mrna_XM_026440587.1_9528	1076	877	0	0
lcl|NC_037642.1_mrna_XM_026440586.1_9529	1265	1066	4716	242.16
lcl|NC_037642.1_mrna_XM_393085.7_9530	1156	957	1846	105.586
lcl|NC_037642.1_mrna_XM_026440588.1_9531	1610	1411	2331	90.4275
lcl|NC_037642.1_mrna_XM_006572291.3_9532	631	432	4	0.506829
lcl|NC_037642.1_mrna_XM_026440589.1_9533	658	459	0	0
lcl|NC_037642.1_mrna_XM_026440645.1_9534	258	59.1108	0	0
lcl|NC_037642.1_mrna_XM_006572278.3_9535	1311	1112	43.3927	2.13598
lcl|NC_037642.1_mrna_XM_001122854.5_9536	1458	1259	497.49	21.6294
lcl|NC_037642.1_mrna_XM_006572277.3_9537	1416	1217	15.4555	0.695148
lcl|NC_037642.1_mrna_XM_006572276.3_9538	1473	1274	610.661	26.2371
lcl|NC_037642.1_mrna_XM_026440793.1_9539	1837	1638	0.246791	0.0082471
lcl|NC_037642.1_mrna_XM_026440792.1_9540	1829	1630	119.045	3.99769
lcl|NC_037642.1_mrna_XM_026440794.1_9541	1653	1454	899.708	33.8706
lcl|NC_037642.1_mrna_NM_001242467.1_9542	1153	954	1302	74.7047
lcl|NC_037642.1_mrna_XM_026440896.1_9543	1015	816	225.582	15.1321
lcl|NC_037642.1_mrna_XM_026440897.1_9544	926	727	507.418	38.2047
lcl|NC_037642.1_mrna_XM_397248.7_9545	1927	1728	575.253	18.2222
lcl|NC_037642.1_mrna_XM_006572294.3_9546	1873	1674	231.747	7.57783
lcl|NC_037642.1_mrna_XM_026440741.1_9547	4258	4059	649	8.75207
lcl|NC_037642.1_mrna_XM_006572293.3_9548	2211	2012	60	1.63233
lcl|NC_037642.1_ncrna_XR_003304704.1_9549	329	130	1	0.421058
lcl|NC_037642.1_mrna_XM_026440904.1_9550	1766	1567	255	8.90751
lcl|NC_037642.1_mrna_XM_026440911.1_9551	1927	1728	61	1.93229
lcl|NC_037642.1_mrna_XM_006572351.3_9552	1856	1657	1	0.0330341
lcl|NC_037642.1_mrna_XM_624314.5_9553	2227	2028	9	0.242918
lcl|NC_037642.1_mrna_XM_016912411.2_9554	1175	976	1201	67.3563
lcl|NC_037642.1_mrna_XM_006557221.3_9555	3610	3411	193.687	3.10817
lcl|NC_037642.1_mrna_XM_006557222.3_9556	2420	2221	12.3126	0.303449
lcl|NC_037642.1_mrna_XM_016912433.2_9557	2062	1863	68.0712	2.00003
lcl|NC_037642.1_mrna_XM_006557224.3_9558	2754	2555	8.43234	0.180652
lcl|NC_037642.1_ncrna_XR_003304694.1_9559	885	686	3	0.239377
lcl|NC_037642.1_mrna_XM_016912435.2_9560	1542	1343	4.4965	0.183267
lcl|NC_037642.1_mrna_XM_395900.5_9561	1278	1079	80.1816	4.0676
lcl|NC_037642.1_mrna_XM_006557225.3_9562	1124	925	370.818	21.9434
lcl|NC_037642.1_mrna_XM_395899.6_9563	1090	891	363	22.3005
lcl|NC_037642.1_ncrna_XR_407433.3_9564	395	196	0	0
lcl|NC_037642.1_mrna_XM_026440817.1_9565	990	791	106	7.33525
lcl|NC_037642.1_mrna_XM_006557226.2_9566	2997	2798	6676	130.603
lcl|NC_037642.1_mrna_XM_026440819.1_9567	15381	15182	151.567	0.546465
lcl|NC_037642.1_mrna_XM_026440818.1_9568	14179	13980	587.198	2.29913
lcl|NC_037642.1_mrna_XM_026440820.1_9569	14176	13977	97.3599	0.381286
lcl|NC_037642.1_mrna_XM_026440824.1_9570	4870	4671	4.90858	0.0575216
lcl|NC_037642.1_mrna_XM_026440822.1_9571	15999	15800	77.0792	0.267033
lcl|NC_037642.1_mrna_XM_026440821.1_9572	12667	12468	213.67	0.938065
lcl|NC_037642.1_mrna_XM_026440823.1_9573	12604	12405	0.000883611	3.89897e-06
lcl|NC_037642.1_mrna_XM_026440871.1_9574	4645	4446	1048	12.9026
lcl|NC_037642.1_mrna_XM_016912255.2_9575	2122	1923	122.915	3.49875
lcl|NC_037642.1_mrna_XM_026440840.1_9576	2193	1994	28.0845	0.770951
lcl|NC_037642.1_mrna_XM_016912253.2_9577	7239	7040	0.00105026	8.16598e-06
lcl|NC_037642.1_mrna_XM_394533.7_9578	7164	6965	778.999	6.12211
lcl|NC_037642.1_mrna_XM_001120386.5_9579	2875	2676	270	5.52285
lcl|NC_037642.1_mrna_XM_001120449.5_9580	1750	1551	346	12.211
lcl|NC_037642.1_ncrna_XR_001702978.2_9581	1146	947	873	50.4603
lcl|NC_037642.1_miscrna_XR_003304699.1_9582	5610	5411	313.91	3.17551
lcl|NC_037642.1_miscrna_XR_003304698.1_9583	5611	5412	521.74	5.27694
lcl|NC_037642.1_miscrna_XR_407612.3_9584	5427	5228	2207.26	23.1102
lcl|NC_037642.1_miscrna_XR_407611.3_9585	5527	5328	1193.73	12.2639
lcl|NC_037642.1_mrna_XM_001119836.5_9586	5813	5614	2031.2	19.8046
lcl|NC_037642.1_mrna_XM_026440841.1_9587	789	590	1	0.0927755
lcl|NC_037642.1_ncrna_XR_407617.3_9588	2555	2356	357	8.29427
lcl|NC_037642.1_ncrna_XR_407615.3_9589	9137	8938	32.3042	0.197836
lcl|NC_037642.1_precursorrna_NR_039516.1_9590	87	3.88332	0	0
lcl|NC_037642.1_ncrna_9591	21	2.72438	0	0
lcl|NC_037642.1_mrna_XM_006557889.3_9592	1399	1200	5	0.228073
lcl|NC_037642.1_mrna_XM_026441043.1_9593	3972	3773	309	4.48288
lcl|NC_037642.1_mrna_XM_026440898.1_9594	2879	2680	101	2.06287
lcl|NC_037642.1_mrna_XM_006557886.3_9595	2084	1885	668	19.3977
lcl|NC_037642.1_mrna_XM_026441073.1_9596	927	728	122.243	9.19129
lcl|NC_037642.1_mrna_XM_026441075.1_9597	943	744	10.6899	0.786478
lcl|NC_037642.1_mrna_XM_026441074.1_9598	835	636	80.0675	6.89104
lcl|NC_037642.1_mrna_XM_026441072.1_9599	1850	1651	1860.36	61.6788
lcl|NC_037642.1_mrna_XM_026441071.1_9600	1918	1719	1108.64	35.3019
lcl|NC_037642.1_mrna_XM_026441077.1_9601	4510	4311	457.219	5.80539
lcl|NC_037642.1_mrna_XM_026441076.1_9602	4493	4294	0	0
lcl|NC_037642.1_mrna_XM_026441078.1_9603	4453	4254	0	0
lcl|NC_037642.1_mrna_XM_026441081.1_9604	4250	4051	558.924	7.55224
lcl|NC_037642.1_mrna_XM_026441082.1_9605	4210	4011	5595.69	76.3636
lcl|NC_037642.1_mrna_XM_026441079.1_9606	4403	4204	1013.34	13.1941
lcl|NC_037642.1_mrna_XM_026441080.1_9607	4310	4111	2390.82	31.8336
lcl|NC_037642.1_mrna_XM_016912442.2_9608	2149	1950	434	12.1826
lcl|NC_037642.1_ncrna_XR_003304763.1_9609	108	4.54805	0	0
lcl|NC_037642.1_mrna_NM_001145740.1_9610	3617	3418	56	0.896812
lcl|NC_037642.1_mrna_XM_016912278.2_9611	466	267	0	0
lcl|NC_037642.1_mrna_NM_001011618.1_9612	519	320	0	0
lcl|NC_037642.1_mrna_XM_006557892.3_9613	1728	1529	1437	51.444
lcl|NC_037642.1_trna_9614	82	3.75521	0	0
lcl|NC_037642.1_ncrna_XR_001703022.2_9615	2062	1863	0	0
lcl|NC_037642.1_mrna_XM_026440994.1_9616	5218	5019	89.8551	0.979965
lcl|NC_037642.1_mrna_XM_026440995.1_9617	5018	4819	0	0
lcl|NC_037642.1_mrna_XM_026440993.1_9618	5818	5619	112.302	1.09399
lcl|NC_037642.1_mrna_XM_026440996.1_9619	2506	2307	136.511	3.23895
lcl|NC_037642.1_mrna_XM_026440844.1_9620	3429	3230	586	9.93071
lcl|NC_037642.1_miscrna_XR_001703081.2_9621	3272	3073	198.338	3.53289
lcl|NC_037642.1_mrna_XM_006557901.3_9622	3230	3031	1623.66	29.3221
lcl|NC_037642.1_mrna_NM_001011583.2_9623	604	405	136080	18391.8
lcl|NC_037642.1_mrna_XM_001120450.4_9624	3650	3451	508.486	8.06527
lcl|NC_037642.1_mrna_XM_026440577.1_9625	2325	2126	9.54935	0.245865
lcl|NC_037642.1_mrna_XM_006557878.3_9626	2136	1937	272.443	7.69893
lcl|NC_037642.1_mrna_NM_001077814.1_9627	387	188	85.5575	24.9107
lcl|NC_037642.1_ncrna_XR_001703192.2_9628	2426	2227	8	0.196632
lcl|NC_037642.1_mrna_XM_026440701.1_9629	8923	8724	0	0
lcl|NC_037642.1_mrna_XM_026440702.1_9630	8773	8574	8.15794	0.0520814
lcl|NC_037642.1_mrna_XM_006557903.3_9631	7722	7523	75.2079	0.547215
lcl|NC_037642.1_mrna_XM_006557904.3_9632	5610	5411	202.728	2.05079
lcl|NC_037642.1_ncrna_XR_003304743.1_9633	458	259	10	2.11342
lcl|NC_037642.1_mrna_XM_006559794.3_9634	2166	1967	1064.22	29.6151
lcl|NC_037642.1_mrna_XM_016912414.2_9635	2144	1945	680.508	19.1513
lcl|NC_037642.1_mrna_XM_026441002.1_9636	2105	1906	0	0
lcl|NC_037642.1_mrna_XM_016912412.2_9637	2161	1962	0.755797	0.0210859
lcl|NC_037642.1_mrna_XM_016912413.2_9638	1782	1583	785.655	27.1667
lcl|NC_037642.1_mrna_XM_026441003.1_9639	1659	1460	0	0
lcl|NC_037642.1_mrna_XM_026441004.1_9640	1889	1690	49.8577	1.61485
lcl|NC_037642.1_mrna_XM_026441005.1_9641	4426	4227	248.959	3.2239
lcl|NC_037642.1_mrna_XM_026441006.1_9642	4322	4123	316.464	4.20143
lcl|NC_037642.1_mrna_XM_001120982.5_9643	4424	4225	1713.62	22.201
lcl|NC_037642.1_mrna_XM_006559788.3_9644	4399	4200	531.58	6.92795
lcl|NC_037642.1_mrna_XM_016912335.2_9645	4283	4084	3.37626	0.0452517
lcl|NC_037642.1_ncrna_XR_001703076.2_9646	1293	1094	35	1.7512
lcl|NC_037642.1_mrna_XM_006559786.3_9647	1262	1063	854	43.9754
lcl|NC_037642.1_trna_9648	72	3.52559	0	0
lcl|NC_037642.1_mrna_XM_026440861.1_9649	5514	5315	0	0
lcl|NC_037642.1_mrna_XM_016912457.2_9650	5501	5302	0	0
lcl|NC_037642.1_mrna_XM_026440860.1_9651	5498	5299	0	0
lcl|NC_037642.1_mrna_XM_026440862.1_9652	5345	5146	30	0.319107
lcl|NC_037642.1_mrna_XM_394980.7_9653	1441	1242	136.067	5.99676
lcl|NC_037642.1_mrna_XM_016912464.2_9654	1448	1249	17.6176	0.772093
lcl|NC_037642.1_mrna_XM_006559785.3_9655	1440	1241	34.9668	1.5423
lcl|NC_037642.1_mrna_XM_006559784.3_9656	1423	1224	45.3487	2.028
lcl|NC_037642.1_ncrna_XR_408518.3_9657	410	211	42	10.8956
lcl|NC_037642.1_mrna_XM_006559781.3_9658	1683	1484	266	9.81145
lcl|NC_037642.1_mrna_XM_006559782.3_9659	1674	1475	7.59172e-08	2.8173e-09
lcl|NC_037642.1_mrna_XM_397368.6_9660	2665	2466	1244.75	27.6296
lcl|NC_037642.1_mrna_XM_026440661.1_9661	1546	1347	35.2507	1.43247
lcl|NC_037642.1_mrna_XM_026440660.1_9662	2142	1943	98.3227	2.76991
lcl|NC_037642.1_mrna_XM_016912372.2_9663	2068	1869	37.2442	1.09077
lcl|NC_037642.1_mrna_XM_397369.6_9664	2195	1996	31.4331	0.862009
lcl|NC_037642.1_mrna_XM_006559780.3_9665	1010	811	218	14.7137
lcl|NC_037642.1_mrna_XM_003249513.4_9666	729	530	599	61.8638
lcl|NC_037642.1_mrna_XM_026440901.1_9667	701	502	29	3.16213
lcl|NC_037642.1_mrna_XM_006559776.3_9668	1553	1354	391.054	15.809
lcl|NC_037642.1_mrna_XM_026440689.1_9669	1663	1464	185.22	6.92521
lcl|NC_037642.1_mrna_XM_006559777.3_9670	1479	1280	696.154	29.7701
lcl|NC_037642.1_mrna_XM_026440687.1_9671	3430	3231	1458	24.7005
lcl|NC_037642.1_mrna_XM_026440688.1_9672	3071	2872	147.571	2.81257
lcl|NC_037642.1_ncrna_XR_003304669.1_9673	5231	5032	0	0
lcl|NC_037642.1_miscrna_XR_003304667.1_9674	2687	2488	0	0
lcl|NC_037642.1_miscrna_XR_003304665.1_9675	2743	2544	0	0
lcl|NC_037642.1_miscrna_XR_003304668.1_9676	2565	2366	0	0
lcl|NC_037642.1_mrna_XM_006559775.3_9677	1548	1349	0	0
lcl|NC_037642.1_miscrna_XR_003304666.1_9678	1685	1486	3	0.110506
lcl|NC_037642.1_ncrna_XR_001703184.2_9679	2363	2164	0	0
lcl|NC_037642.1_ncrna_XR_003304685.1_9680	250	51.331	1117	1191.13
lcl|NC_037642.1_mrna_XM_006560014.2_9681	688	489	1272	142.385
lcl|NC_037642.1_mrna_XM_026440825.1_9682	736	537	17	1.73285
lcl|NC_037642.1_mrna_XM_006560015.3_9683	6320	6121	61.0066	0.545557
lcl|NC_037642.1_mrna_XM_026441089.1_9684	6019	5820	233.188	2.19315
lcl|NC_037642.1_ncrna_XR_001703083.2_9685	4214	4015	0	0
lcl|NC_037642.1_ncrna_XR_408582.3_9686	4147	3948	6	0.0831878
lcl|NC_037642.1_miscrna_NR_024131.1_9687	3359	3160	135.55	2.348
lcl|NC_037642.1_mrna_NM_001111255.1_9688	2504	2305	0	0
lcl|NC_037642.1_mrna_NM_001134935.1_9689	2337	2138	0	0
lcl|NC_037642.1_mrna_NM_001134936.1_9690	1992	1793	0	0
lcl|NC_037642.1_mrna_XM_006560013.3_9691	6217	6018	2255.14	20.512
lcl|NC_037642.1_ncrna_XR_003304714.1_9692	1304	1105	28	1.38701
lcl|NC_037642.1_mrna_XM_001121086.5_9693	882	683	101	8.09442
lcl|NC_037642.1_mrna_XM_392588.7_9694	1771	1572	48	1.67138
lcl|NC_037642.1_mrna_XM_006560017.3_9695	2342	2143	6	0.153255
lcl|NC_037642.1_mrna_XM_026441018.1_9696	4222	4023	7.04785	0.0958941
lcl|NC_037642.1_mrna_XM_006560711.3_9697	4627	4428	0	0
lcl|NC_037642.1_mrna_XM_396311.7_9698	6422	6223	300.952	2.64718
lcl|NC_037642.1_ncrna_XR_003304746.1_9699	406	207	0	0
lcl|NC_037642.1_ncrna_XR_408820.2_9700	1326	1127	0	0
lcl|NC_037642.1_mrna_XM_026440872.1_9701	713	514	0	0
lcl|NC_037642.1_mrna_XM_396310.6_9702	6978	6779	98	0.791308
lcl|NC_037642.1_mrna_XM_623359.6_9703	2234	2035	10	0.268981
lcl|NC_037642.1_ncrna_XR_003304715.1_9704	581	382	0	0
lcl|NC_037642.1_mrna_XM_016912378.2_9705	666	467	12	1.40653
lcl|NC_037642.1_mrna_XM_026440913.1_9706	5919	5720	656	6.27759
lcl|NC_037642.1_mrna_XM_026440914.1_9707	294	95.0001	0	0
lcl|NC_037642.1_mrna_XM_026440873.1_9708	3921	3722	12	0.176478
lcl|NC_037642.1_mrna_XM_026440920.1_9709	5659	5460	21.8926	0.219478
lcl|NC_037642.1_mrna_XM_026440919.1_9710	5971	5772	0	0
lcl|NC_037642.1_mrna_XM_026440918.1_9711	6001	5802	2.37134e-08	2.23718e-10
lcl|NC_037642.1_mrna_XM_016912263.2_9712	5013	4814	114.572	1.30275
lcl|NC_037642.1_ncrna_XR_003304710.1_9713	4567	4368	173.5	2.17422
lcl|NC_037642.1_ncrna_XR_003304711.1_9714	2050	1851	79.4995	2.35095
lcl|NC_037642.1_ncrna_XR_003304713.1_9715	2782	2583	10	0.211915
lcl|NC_037642.1_ncrna_XR_003304712.1_9716	4285	4086	46	0.616233
lcl|NC_037642.1_ncrna_XR_001702983.1_9717	315	116	0.534881	0.252397
lcl|NC_037642.1_mrna_XM_026440519.1_9718	1925	1726	84.6925	2.6859
lcl|NC_037642.1_mrna_NM_001011575.1_9719	2154	1955	180.307	5.04838
lcl|NC_037642.1_mrna_XM_623568.6_9720	2630	2431	298.118	6.71257
lcl|NC_037642.1_mrna_XM_006561055.3_9721	2951	2752	805.882	16.0291
lcl|NC_037642.1_mrna_XM_016912393.2_9722	2038	1839	382	11.3702
lcl|NC_037642.1_mrna_XM_016912392.2_9723	2853	2654	160.625	3.31281
lcl|NC_037642.1_mrna_XM_016912390.2_9724	3377	3178	89.2232	1.53677
lcl|NC_037642.1_mrna_XM_006561058.3_9725	3115	2916	47.5616	0.892799
lcl|NC_037642.1_mrna_XM_016912391.2_9726	3064	2865	197.681	3.77681
lcl|NC_037642.1_mrna_XM_006561057.3_9727	2615	2416	354.91	8.04093
lcl|NC_037642.1_mrna_XM_003249751.4_9728	3672	3473	164.26	2.58888
lcl|NC_037642.1_mrna_XM_001120824.5_9729	3591	3392	538.74	8.69378
lcl|NC_037642.1_mrna_XM_016912438.2_9730	2640	2441	3.81816	0.0856194
lcl|NC_037642.1_mrna_XM_396580.7_9731	2620	2421	1348.04	30.4784
lcl|NC_037642.1_miscrna_XR_001703167.2_9732	2305	2106	137.873	3.58349
lcl|NC_037642.1_mrna_XM_016912440.2_9733	2133	1934	91.2721	2.58325
lcl|NC_037642.1_mrna_XM_006561063.3_9734	7661	7462	254.002	1.86323
lcl|NC_037642.1_mrna_XM_006561065.3_9735	7807	7608	0	0
lcl|NC_037642.1_mrna_XM_016912367.2_9736	7999	7800	0	0
lcl|NC_037642.1_mrna_XM_016912369.2_9737	8148	7949	0	0
lcl|NC_037642.1_mrna_XM_396579.5_9738	2595	2396	775.08	17.707
lcl|NC_037642.1_mrna_XM_006561067.3_9739	2687	2488	6.85643	0.150846
lcl|NC_037642.1_mrna_XM_006561068.3_9740	2177	1978	1696.06	46.9355
lcl|NC_037642.1_mrna_XM_006561070.3_9741	2654	2455	223.025	4.97264
lcl|NC_037642.1_mrna_XM_003249754.4_9742	2042	1843	117.975	3.50389
lcl|NC_037642.1_mrna_XM_006561069.3_9743	3063	2864	12.3846	0.236699
lcl|NC_037642.1_mrna_XM_001121011.5_9744	2450	2251	83.6154	2.03327
lcl|NC_037642.1_mrna_XM_006561072.3_9745	4067	3868	5301.13	75.0183
lcl|NC_037642.1_mrna_XM_026440984.1_9746	8044	7845	29	0.202344
lcl|NC_037642.1_mrna_XM_006561074.3_9747	1646	1447	1261.87	47.7345
lcl|NC_037642.1_mrna_XM_026440986.1_9748	1546	1347	113.731	4.62163
lcl|NC_037642.1_mrna_XM_026440985.1_9749	1420	1221	475.398	21.3121
lcl|NC_037642.1_mrna_XM_006561075.3_9750	1425	1226	154	6.87568
lcl|NC_037642.1_mrna_XM_006561077.3_9751	2316	2117	838	21.6675
lcl|NC_037642.1_mrna_XM_396142.7_9752	2188	1989	305	8.39364
lcl|NC_037642.1_mrna_XM_026440719.1_9753	1850	1651	180.754	5.99276
lcl|NC_037642.1_mrna_XM_026440721.1_9754	1756	1557	503.452	17.6992
lcl|NC_037642.1_mrna_XM_026440720.1_9755	1753	1554	2641.79	93.0536
lcl|NC_037642.1_mrna_XM_006562192.3_9756	1633	1434	678	25.8801
lcl|NC_037642.1_mrna_XM_026440797.1_9757	3984	3785	22.1498	0.320324
lcl|NC_037642.1_mrna_XM_026440795.1_9758	3990	3791	64.2973	0.928376
lcl|NC_037642.1_mrna_XM_026440796.1_9759	4500	4301	5.55288	0.0706699
lcl|NC_037642.1_mrna_XM_026440874.1_9760	909	710	0	0
lcl|NC_037642.1_mrna_XM_026440875.1_9761	936	737	0	0
lcl|NC_037642.1_mrna_XM_026440877.1_9762	1136	937	1	0.0584179
lcl|NC_037642.1_mrna_XM_026440900.1_9763	2555	2356	0.0162305	0.000377087
lcl|NC_037642.1_mrna_XM_006562189.3_9764	2541	2342	29.9838	0.700785
lcl|NC_037642.1_mrna_XM_006562188.3_9765	1790	1591	6	0.206427
lcl|NC_037642.1_mrna_XM_006562179.2_9766	11362	11163	0	0
lcl|NC_037642.1_mrna_XM_006562183.3_9767	11181	10982	80.9943	0.4037
lcl|NC_037642.1_mrna_XM_006562182.3_9768	11190	10991	96.506	0.480621
lcl|NC_037642.1_mrna_XM_006562181.3_9769	11193	10994	348.191	1.73359
lcl|NC_037642.1_mrna_XM_006562184.3_9770	11009	10810	0.616592	0.00312218
lcl|NC_037642.1_mrna_XM_006562186.3_9771	10844	10645	1445.26	7.43167
lcl|NC_037642.1_mrna_XM_006562180.3_9772	11358	11159	1.43479e-08	7.03799e-11
lcl|NC_037642.1_ncrna_XR_409319.3_9773	1012	813	24.4293	1.64477
lcl|NC_037642.1_ncrna_XR_003304739.1_9774	1132	933	0	0
lcl|NC_037642.1_ncrna_XR_003304737.1_9775	3425	3226	27.2519	0.462399
lcl|NC_037642.1_ncrna_XR_001703018.2_9776	6807	6608	13	0.107686
lcl|NC_037642.1_ncrna_XR_003304738.1_9777	1829	1630	0	0
lcl|NC_037642.1_mrna_XM_016912466.2_9778	2209	2010	0	0
lcl|NC_037642.1_mrna_XM_006562187.3_9779	2357	2158	7	0.177555
lcl|NC_037642.1_mrna_XM_016912467.2_9780	2168	1969	0	0
lcl|NC_037642.1_mrna_XM_003249975.4_9781	852	653	470	39.3976
lcl|NC_037642.1_mrna_XM_623068.6_9782	1948	1749	697	21.8136
lcl|NC_037642.1_mrna_XM_026440867.1_9783	3070	2871	4	0.0762627
lcl|NC_037642.1_miscrna_XR_003304705.1_9784	185	12.1958	0	0
lcl|NC_037642.1_mrna_XM_396204.7_9785	2222	2023	208.864	5.65137
lcl|NC_037642.1_mrna_XM_006562178.3_9786	1544	1345	166.136	6.76123
lcl|NC_037642.1_mrna_XM_016912428.2_9787	2478	2279	0	0
lcl|NC_037642.1_mrna_XM_016912424.2_9788	3231	3032	5.26425	0.095037
lcl|NC_037642.1_mrna_XM_016912423.2_9789	2903	2704	11.9645	0.2422
lcl|NC_037642.1_mrna_XM_016912426.2_9790	2480	2281	7.96241e-07	1.91075e-08
lcl|NC_037642.1_mrna_XM_016912427.2_9791	2451	2252	8.20071	0.199328
lcl|NC_037642.1_mrna_XM_016912422.2_9792	2742	2543	0.783652	0.0168679
lcl|NC_037642.1_mrna_XM_016912421.2_9793	2734	2535	41.7869	0.902292
lcl|NC_037642.1_mrna_XM_016912054.2_9794	4512	4313	10.689	0.135657
lcl|NC_037642.1_mrna_XM_016912051.2_9795	4660	4461	0	0
lcl|NC_037642.1_mrna_NM_001289441.1_9796	1284	1085	5.31103	0.267938
lcl|NC_037642.1_mrna_XM_026440732.1_9797	2927	2728	0	0
lcl|NC_037642.1_precursorrna_NR_127357.1_9798	94	4.0801	0	0
lcl|NC_037642.1_ncrna_9799	23	2.74792	0	0
lcl|NC_037642.1_mrna_XM_026440731.1_9800	2490	2291	4	0.0955697
lcl|NC_037642.1_mrna_XM_006562200.3_9801	2262	2063	8	0.212264
lcl|NC_037642.1_mrna_XM_625269.6_9802	2139	1940	1042	29.4003
lcl|NC_037642.1_mrna_XM_026440761.1_9803	1132	933	512.129	30.0458
lcl|NC_037642.1_mrna_XM_026440762.1_9804	1174	975	0.00016918	9.49795e-06
lcl|NC_037642.1_mrna_XM_006562172.3_9805	1163	964	279.871	15.8915
lcl|NC_037642.1_ncrna_XR_003304697.1_9806	221	27.2129	6	12.0687
lcl|NC_037642.1_mrna_XM_026440838.1_9807	2623	2424	568.746	12.8431
lcl|NC_037642.1_mrna_XM_026440839.1_9808	2271	2072	36.2538	0.957743
lcl|NC_037642.1_mrna_XM_394536.5_9809	1623	1424	616	23.6786
lcl|NC_037642.1_mrna_XM_624481.6_9810	825	626	316	27.6311
lcl|NC_037642.1_mrna_XM_026440773.1_9811	2812	2613	98.3756	2.06079
lcl|NC_037642.1_mrna_XM_006562157.3_9812	2349	2150	0.0035264	8.97798e-05
lcl|NC_037642.1_mrna_XM_026440772.1_9813	2584	2385	0	0
lcl|NC_037642.1_mrna_XM_016912243.2_9814	2618	2419	28.1776	0.637606
lcl|NC_037642.1_mrna_XM_026440771.1_9815	2289	2090	0	0
lcl|NC_037642.1_mrna_XM_026440770.1_9816	2367	2168	0.673229	0.0169976
lcl|NC_037642.1_mrna_XM_006562158.3_9817	2356	2157	0	0
lcl|NC_037642.1_mrna_XM_006562156.3_9818	2376	2177	139.77	3.51432
lcl|NC_037642.1_mrna_XM_026440776.1_9819	3099	2900	26.9775	0.5092
lcl|NC_037642.1_mrna_XM_026440765.1_9820	3666	3467	227.715	3.5952
lcl|NC_037642.1_mrna_XM_026440768.1_9821	2848	2649	2917.16	60.2786
lcl|NC_037642.1_mrna_XM_026440767.1_9822	3112	2913	60.5691	1.13814
lcl|NC_037642.1_mrna_XM_026440766.1_9823	3889	3690	647.118	9.59936
lcl|NC_037642.1_mrna_XM_026440769.1_9824	3327	3128	84.4627	1.47803
lcl|NC_037642.1_mrna_XM_006562160.3_9825	4969	4770	45.9309	0.527074
lcl|NC_037642.1_mrna_XM_016912237.2_9826	5298	5099	0	0
lcl|NC_037642.1_mrna_XM_016912235.2_9827	5295	5096	0	0
lcl|NC_037642.1_mrna_XM_006562161.3_9828	5210	5011	22.902	0.250169
lcl|NC_037642.1_mrna_XM_016912238.2_9829	4069	3870	0.000542359	7.67117e-06
lcl|NC_037642.1_mrna_XM_006562162.3_9830	5155	4956	0	0
lcl|NC_037642.1_mrna_XM_006562165.3_9831	4577	4378	187.04	2.33853
lcl|NC_037642.1_mrna_XM_016912234.2_9832	5144	4945	25.1267	0.278135
lcl|NC_037642.1_mrna_XM_016912236.2_9833	5059	4860	0	0
lcl|NC_037642.1_mrna_XM_006562168.3_9834	3189	2990	45.423	0.831553
lcl|NC_037642.1_mrna_XM_016912245.2_9835	3366	3167	0	0
lcl|NC_037642.1_mrna_XM_026440775.1_9836	3345	3146	58.6732	1.02086
lcl|NC_037642.1_mrna_XM_006562166.2_9837	6999	6800	0	0
lcl|NC_037642.1_mrna_XM_006562167.2_9838	6967	6768	221.518	1.79157
lcl|NC_037642.1_mrna_XM_026440774.1_9839	3547	3348	74.7177	1.22158
lcl|NC_037642.1_ncrna_XR_409317.3_9840	1229	1030	24	1.27544
lcl|NC_037642.1_mrna_XM_003249970.4_9841	515	316	289	50.0606
lcl|NC_037642.1_mrna_XM_001121088.5_9842	1054	855	225	14.4046
lcl|NC_037642.1_mrna_XM_006562152.3_9843	642	443	6643	820.816
lcl|NC_037642.1_mrna_XM_006562154.3_9844	4936	4737	1048.37	12.1142
lcl|NC_037642.1_mrna_XM_006562155.3_9845	4929	4730	701.1	8.11343
lcl|NC_037642.1_mrna_XM_003249968.4_9846	4581	4382	0.476525	0.00595249
lcl|NC_037642.1_mrna_XM_394542.7_9847	5248	5049	291.055	3.1554
lcl|NC_037642.1_mrna_XM_394543.7_9848	1671	1472	1404	52.2089
lcl|NC_037642.1_mrna_XM_006562148.3_9849	6504	6305	1207.56	10.4836
lcl|NC_037642.1_miscrna_XR_001702917.2_9850	4637	4438	210.776	2.59968
lcl|NC_037642.1_mrna_XM_006562150.3_9851	3117	2918	145	2.71999
lcl|NC_037642.1_mrna_XM_006562151.3_9852	2196	1997	3174	86.999
lcl|NC_037642.1_mrna_XM_394546.6_9853	2061	1862	226	6.64376
lcl|NC_037642.1_mrna_XM_394547.7_9854	3682	3483	105	1.65014
lcl|NC_037642.1_mrna_XM_026440554.1_9855	1746	1547	320.202	11.3297
lcl|NC_037642.1_mrna_XM_001120311.4_9856	1282	1083	1305.8	65.9983
lcl|NC_037642.1_mrna_XM_016912180.2_9857	3192	2993	0	0
lcl|NC_037642.1_mrna_XM_003249965.4_9858	3046	2847	45	0.865188
lcl|NC_037642.1_mrna_XM_026440550.1_9859	4432	4233	147.947	1.91313
lcl|NC_037642.1_mrna_XM_026440551.1_9860	4428	4229	238.383	3.08547
lcl|NC_037642.1_ncrna_XR_409313.3_9861	5203	5004	24.0237	0.262789
lcl|NC_037642.1_mrna_XM_026440548.1_9862	4722	4523	828.927	10.0317
lcl|NC_037642.1_mrna_XM_026440547.1_9863	4644	4445	12.0592	0.148502
lcl|NC_037642.1_mrna_XM_026440553.1_9864	4165	3966	5084.91	70.1805
lcl|NC_037642.1_ncrna_XR_003304638.1_9865	2634	2435	9	0.202315
lcl|NC_037642.1_mrna_XM_026440549.1_9866	4367	4168	1391.37	18.2726
lcl|NC_037642.1_ncrna_XR_003304684.1_9867	699	500	0	0
lcl|NC_037642.1_mrna_XM_392359.7_9868	3510	3311	8451	139.712
lcl|NC_037642.1_ncrna_XR_001702910.2_9869	2111	1912	6	0.171771
lcl|NC_037642.1_ncrna_XR_003304726.1_9870	2290	2091	288.224	7.54503
lcl|NC_037642.1_ncrna_XR_003304728.1_9871	2121	1922	287.661	8.19244
lcl|NC_037642.1_ncrna_XR_003304727.1_9872	1975	1776	16.0193	0.493727
lcl|NC_037642.1_ncrna_XR_003304725.1_9873	2290	2091	21.2057	0.555117
lcl|NC_037642.1_ncrna_XR_003304730.1_9874	1760	1561	0	0
lcl|NC_037642.1_ncrna_XR_003304729.1_9875	1614	1415	0	0
lcl|NC_037642.1_mrna_XM_006562140.3_9876	1581	1382	305.095	12.084
lcl|NC_037642.1_mrna_XM_006562137.3_9877	1813	1614	0.000303561	1.0295e-05
lcl|NC_037642.1_mrna_XM_006562138.3_9878	1750	1551	0	0
lcl|NC_037642.1_mrna_XM_392360.7_9879	1869	1670	481.171	15.7713
lcl|NC_037642.1_mrna_XM_026440968.1_9880	2249	2050	124.624	3.32762
lcl|NC_037642.1_mrna_XM_026440948.1_9881	4686	4487	0	0
lcl|NC_037642.1_mrna_XM_026440955.1_9882	4572	4373	9659.88	120.914
lcl|NC_037642.1_mrna_XM_026440957.1_9883	4395	4196	0	0
lcl|NC_037642.1_mrna_XM_026440958.1_9884	4281	4082	38.0519	0.510256
lcl|NC_037642.1_mrna_XM_026440949.1_9885	4650	4451	7.18467	0.0883557
lcl|NC_037642.1_mrna_XM_026440956.1_9886	4566	4367	622.894	7.80757
lcl|NC_037642.1_mrna_XM_026440952.1_9887	5033	4834	2194.07	24.8444
lcl|NC_037642.1_mrna_XM_026440951.1_9888	5319	5120	0	0
lcl|NC_037642.1_mrna_XM_026440954.1_9889	5283	5084	4110.16	44.2526
lcl|NC_037642.1_mrna_XM_026440950.1_9890	4650	4451	0	0
lcl|NC_037642.1_mrna_XM_026440953.1_9891	4865	4666	142.629	1.6732
lcl|NC_037642.1_mrna_XM_026440959.1_9892	5940	5741	596.671	5.68896
lcl|NC_037642.1_mrna_XM_026440960.1_9893	4254	4055	763.685	10.3088
lcl|NC_037642.1_mrna_XM_026440961.1_9894	4535	4336	12292.8	155.184
lcl|NC_037642.1_mrna_XM_394550.6_9895	1517	1318	823.615	34.2054
lcl|NC_037642.1_mrna_XM_026440969.1_9896	1705	1506	98	3.56194
lcl|NC_037642.1_miscrna_XR_003304724.1_9897	5066	4867	1087.5	12.2308
lcl|NC_037642.1_mrna_XM_026440962.1_9898	4534	4335	0	0
lcl|NC_037642.1_mrna_XM_026440964.1_9899	4388	4189	423.962	5.5399
lcl|NC_037642.1_mrna_XM_006562144.3_9900	1327	1128	3303	160.282
lcl|NC_037642.1_mrna_XM_026440963.1_9901	4608	4409	96.5372	1.19851
lcl|NC_037642.1_mrna_XM_026440965.1_9902	4408	4209	1329.31	17.2875
lcl|NC_037642.1_mrna_XM_026440967.1_9903	3998	3799	5.0898	0.073336
lcl|NC_037642.1_mrna_XM_026440966.1_9904	4017	3818	49.7826	0.713719
lcl|NC_037642.1_mrna_XM_006562131.3_9905	18936	18737	2419.26	7.06753
lcl|NC_037642.1_mrna_XM_006562133.3_9906	18747	18548	16.654	0.049148
lcl|NC_037642.1_mrna_XM_016912150.2_9907	17855	17656	0	0
lcl|NC_037642.1_mrna_XM_006562135.3_9908	17750	17551	23.6323	0.0737036
lcl|NC_037642.1_mrna_XM_016912151.2_9909	17594	17395	0	0
lcl|NC_037642.1_mrna_XM_006562132.3_9910	16370	16171	2.47551	0.0083794
lcl|NC_037642.1_mrna_XM_006562134.3_9911	16223	16024	8224.98	28.0963
lcl|NC_037642.1_mrna_XM_394551.7_9912	1123	924	271	16.054
lcl|NC_037642.1_mrna_XM_016912470.2_9913	1305	1106	44	2.17762
lcl|NC_037642.1_mrna_XM_395839.7_9914	798	599	553	50.534
lcl|NC_037642.1_mrna_XM_395840.7_9915	2209	2010	913.333	24.8724
lcl|NC_037642.1_mrna_XM_026440988.1_9916	1868	1669	35.6671	1.16976
lcl|NC_037642.1_mrna_XM_026440878.1_9917	4377	4178	1009	13.2193
lcl|NC_037642.1_mrna_XM_006562126.3_9918	1646	1447	125.943	4.76422
lcl|NC_037642.1_mrna_XM_392691.7_9919	3152	2953	50356.4	933.419
lcl|NC_037642.1_mrna_XM_016912284.2_9920	2563	2364	21126.6	489.178
lcl|NC_037642.1_mrna_XM_026440517.1_9921	2088	1889	146.676	4.25024
lcl|NC_037642.1_mrna_XM_016912285.2_9922	2100	1901	1228.24	35.3661
lcl|NC_037642.1_mrna_XM_006562069.3_9923	321	122	47.0824	21.1244
lcl|NC_037642.1_mrna_NM_001134722.1_9924	105	4.43819	0	0
lcl|NC_037642.1_mrna_XM_396810.7_9925	1731	1532	75.0386	2.68109
lcl|NC_037642.1_mrna_XM_026440895.1_9926	1852	1653	331.961	10.9926
lcl|NC_037642.1_mrna_XM_026440730.1_9927	1125	926	0	0
lcl|NC_037642.1_mrna_XM_026440729.1_9928	4871	4672	15.416	0.180616
lcl|NC_037642.1_mrna_XM_394552.7_9929	4986	4787	0	0
lcl|NC_037642.1_ncrna_XR_003304683.1_9930	541	342	1.58396	0.253515
lcl|NC_037642.1_mrna_XM_026440672.1_9931	4297	4098	160.093	2.13839
lcl|NC_037642.1_mrna_XM_026440671.1_9932	4874	4675	101.405	1.18731
lcl|NC_037642.1_mrna_XM_026440673.1_9933	4882	4683	11.7212	0.137004
lcl|NC_037642.1_mrna_XM_006562120.3_9934	4481	4282	25.81	0.329934
lcl|NC_037642.1_ncrna_XR_409297.3_9935	1513	1314	7	0.2916
lcl|NC_037642.1_mrna_XM_006562117.3_9936	8712	8513	8.03929e-06	5.16917e-08
lcl|NC_037642.1_mrna_XM_006562118.3_9937	8702	8503	155.012	0.997879
lcl|NC_037642.1_mrna_XM_006562119.3_9938	8698	8499	1608.02	10.3564
lcl|NC_037642.1_mrna_XM_001122035.5_9939	8705	8506	2.27025e-05	1.46094e-07
lcl|NC_037642.1_mrna_XM_026440938.1_9940	12385	12186	37.3534	0.167785
lcl|NC_037642.1_mrna_XM_026440937.1_9941	12530	12331	75.933	0.337068
lcl|NC_037642.1_mrna_XM_026440943.1_9942	13440	13241	102.448	0.423516
lcl|NC_037642.1_mrna_XM_026440939.1_9943	12207	12008	6.58382	0.0300119
lcl|NC_037642.1_mrna_XM_006562116.3_9944	5325	5126	0	0
lcl|NC_037642.1_mrna_XM_394553.7_9945	6492	6293	0	0
lcl|NC_037642.1_mrna_XM_006562112.3_9946	6346	6147	21.7979	0.194105
lcl|NC_037642.1_mrna_XM_006562113.3_9947	6064	5865	14.103	0.131622
lcl|NC_037642.1_mrna_XM_006562114.3_9948	5727	5528	80.1046	0.793185
lcl|NC_037642.1_mrna_XM_026440942.1_9949	12267	12068	13.363	0.0606115
lcl|NC_037642.1_mrna_XM_026440940.1_9950	12567	12368	0	0
lcl|NC_037642.1_mrna_XM_026440941.1_9951	12606	12407	0	0
lcl|NC_037642.1_precursorrna_NR_127347.1_9952	85	3.83091	0	0
lcl|NC_037642.1_ncrna_9953	22	2.73612	0	0
lcl|NC_037642.1_ncrna_XR_003304722.1_9954	8180	7981	0	0
lcl|NC_037642.1_ncrna_XR_003304721.1_9955	8601	8402	18	0.117267
lcl|NC_037642.1_ncrna_XR_003304723.1_9956	1195	996	22.0004	1.20909
lcl|NC_037642.1_ncrna_XR_003304720.1_9957	1899	1700	351.118	11.3055
lcl|NC_037642.1_ncrna_XR_003304719.1_9958	1983	1784	0	0
lcl|NC_037642.1_mrna_XM_625048.5_9959	2022	1823	26	0.780678
lcl|NC_037642.1_mrna_XM_006562102.3_9960	2399	2200	0.000536433	1.33468e-05
lcl|NC_037642.1_miscrna_XR_409291.3_9961	2269	2070	8.06918	0.213375
lcl|NC_037642.1_mrna_XM_394554.5_9962	2480	2281	172.93	4.14984
lcl|NC_037642.1_mrna_XM_026441087.1_9963	1814	1615	55.25	1.8726
lcl|NC_037642.1_mrna_XM_026441088.1_9964	1697	1498	194.439	7.10488
lcl|NC_037642.1_mrna_XM_395865.7_9965	3086	2887	864.261	16.3864
lcl|NC_037642.1_mrna_XM_006562099.3_9966	2929	2730	328.05	6.57752
lcl|NC_037642.1_mrna_XM_001122174.5_9967	585	386	9073	1286.62
lcl|NC_037642.1_mrna_XM_006562100.3_9968	1926	1727	23487	744.424
lcl|NC_037642.1_mrna_XM_016912331.2_9969	1827	1628	0	0
lcl|NC_037642.1_mrna_XM_001122212.5_9970	567	368	830	123.457
lcl|NC_037642.1_mrna_XM_397479.7_9971	3086	2887	319	6.04824
lcl|NC_037642.1_mrna_XM_016912312.2_9972	2269	2070	21	0.555308
lcl|NC_037642.1_miscrna_XR_003304751.1_9973	2869	2670	0	0
lcl|NC_037642.1_mrna_XM_026441037.1_9974	2628	2429	53.7568	1.21141
lcl|NC_037642.1_mrna_XM_026441038.1_9975	3179	2980	13	0.238788
lcl|NC_037642.1_mrna_XM_026441036.1_9976	2849	2650	169.243	3.49583
lcl|NC_037642.1_mrna_XM_006562097.3_9977	2783	2584	493	10.4433
lcl|NC_037642.1_mrna_XM_006562093.3_9978	3538	3339	801	13.1311
lcl|NC_037642.1_mrna_XM_006562094.2_9979	1231	1032	1274	67.5733
lcl|NC_037642.1_mrna_XM_006562096.3_9980	3091	2892	6847.77	129.609
lcl|NC_037642.1_mrna_XM_006562095.3_9981	3246	3047	0	0
lcl|NC_037642.1_miscrna_XR_409290.3_9982	3138	2939	855.606	15.9353
lcl|NC_037642.1_mrna_XM_016912310.2_9983	3326	3127	0	0
lcl|NC_037642.1_mrna_XM_016912311.2_9984	3170	2971	57.6245	1.06167
lcl|NC_037642.1_mrna_XM_625115.6_9985	1180	981	2127	118.682
lcl|NC_037642.1_mrna_XM_625123.6_9986	1478	1279	218	9.32978
lcl|NC_037642.1_miscrna_XR_003304706.1_9987	606	407	26.6422	3.58312
lcl|NC_037642.1_mrna_XM_001122374.5_9988	656	457	224.703	26.914
lcl|NC_037642.1_mrna_XM_006562091.3_9989	469	270	322.655	65.4123
lcl|NC_037642.1_mrna_XM_016912448.2_9990	1138	939	15.4262	0.899248
lcl|NC_037642.1_mrna_XM_392575.7_9991	1321	1122	73.5738	3.58935
lcl|NC_037642.1_mrna_XM_625140.6_9992	3359	3160	2280	39.4942
lcl|NC_037642.1_mrna_XM_006562082.3_9993	10653	10454	4561.24	23.8828
lcl|NC_037642.1_mrna_XM_006562086.3_9994	10644	10445	206.816	1.08383
lcl|NC_037642.1_mrna_XM_016912175.2_9995	879	680	75.2482	6.05721
lcl|NC_037642.1_mrna_XM_625146.6_9996	1589	1390	0.00142631	5.61674e-05
lcl|NC_037642.1_mrna_XM_006562088.3_9997	1781	1582	273.748	9.47176
lcl|NC_037642.1_mrna_XM_006562087.3_9998	1629	1430	3680.25	140.873
lcl|NC_037642.1_mrna_XM_003249961.3_9999	2168	1969	1033.7	28.7365
lcl|NC_037642.1_mrna_XM_016912172.2_10000	5420	5221	6920.04	72.5504
lcl|NC_037642.1_mrna_XM_016912173.2_10001	4769	4570	5928.8	71.0127
lcl|NC_037642.1_mrna_XM_016912174.2_10002	4445	4246	1007.68	12.9906
lcl|NC_037642.1_precursorrna_NR_127370.1_10003	79	3.6828	0	0
lcl|NC_037642.1_ncrna_10004	24	2.75981	0	0
lcl|NC_037642.1_ncrna_XR_003304741.1_10005	4093	3894	20	0.281138
lcl|NC_037642.1_ncrna_XR_120169.4_10006	3386	3187	244	4.19076
lcl|NC_037642.1_mrna_XM_026441053.1_10007	3113	2914	2680.6	50.3532
lcl|NC_037642.1_mrna_XM_026441052.1_10008	3148	2949	3306.08	61.3654
lcl|NC_037642.1_mrna_XM_026441054.1_10009	3192	2993	4492.97	82.1698
lcl|NC_037642.1_mrna_XM_006564157.3_10010	5417	5218	3835.77	40.2377
lcl|NC_037642.1_mrna_XM_006564156.3_10011	1681	1482	10	0.369349
lcl|NC_037642.1_mrna_XM_623791.6_10012	549	350	490	76.6326
lcl|NC_037642.1_mrna_XM_394555.7_10013	1462	1263	806	34.9315
lcl|NC_037642.1_mrna_XM_016912293.2_10014	1443	1244	126.064	5.54698
lcl|NC_037642.1_ncrna_XR_001703031.2_10015	1347	1148	35.9359	1.71345
lcl|NC_037642.1_mrna_XM_001120220.5_10016	662	463	4141.91	489.672
lcl|NC_037642.1_ncrna_XR_001702894.2_10017	3721	3522	0	0
lcl|NC_037642.1_ncrna_XR_001702893.2_10018	3732	3533	0	0
lcl|NC_037642.1_ncrna_XR_003304748.1_10019	3050	2851	0	0
lcl|NC_037642.1_ncrna_XR_001702892.2_10020	3184	2985	33.0015	0.605166
lcl|NC_037642.1_ncrna_XR_001702891.2_10021	2802	2603	37.052	0.779154
lcl|NC_037642.1_ncrna_XR_003304749.1_10022	1218	1019	20.0364	1.07629
lcl|NC_037642.1_ncrna_XR_001702897.1_10023	1229	1030	2.61253e-05	1.38839e-06
lcl|NC_037642.1_ncrna_XR_001702899.2_10024	1049	850	0	0
lcl|NC_037642.1_ncrna_XR_001702898.2_10025	1060	861	0	0
lcl|NC_037642.1_mrna_XM_026441031.1_10026	7687	7488	1313.85	9.60429
lcl|NC_037642.1_mrna_XM_016912169.2_10027	7760	7561	90.6881	0.656532
lcl|NC_037642.1_mrna_XM_016912171.2_10028	7868	7669	285.462	2.03749
lcl|NC_037642.1_mrna_XM_006564159.3_10029	7760	7561	789.133	5.7129
lcl|NC_037642.1_mrna_XM_006564160.3_10030	7760	7561	2339.37	16.9358
lcl|NC_037642.1_precursorrna_NR_127318.1_10031	78	3.65937	0	0
lcl|NC_037642.1_ncrna_10032	23	2.74792	0	0
lcl|NC_037642.1_ncrna_XR_003304750.1_10033	1756	1557	88	3.09371
lcl|NC_037642.1_mrna_XM_026441032.1_10034	7344	7145	494.504	3.78837
lcl|NC_037642.1_mrna_XM_026441029.1_10035	7400	7201	5767.32	43.8396
lcl|NC_037642.1_mrna_XM_026441033.1_10036	7384	7185	376.339	2.86706
lcl|NC_037642.1_mrna_XM_026441030.1_10037	7300	7101	88.3442	0.680995
lcl|NC_037642.1_mrna_XM_006564167.3_10038	2073	1874	1925	56.2272
lcl|NC_037642.1_mrna_XM_006564170.2_10039	867	668	424.511	34.7854
lcl|NC_037642.1_mrna_XM_006564171.3_10040	1213	1014	216.093	11.6651
lcl|NC_037642.1_mrna_XM_006564172.3_10041	1252	1053	46.6307	2.42398
lcl|NC_037642.1_mrna_XM_006564173.3_10042	841	642	749.766	63.9258
lcl|NC_037642.1_precursorrna_NR_031526.1_10043	90	3.96502	0	0
lcl|NC_037642.1_ncrna_10044	25	2.7718	0	0
lcl|NC_037642.1_ncrna_XR_001702900.2_10045	739	540	6	0.608195
lcl|NC_037642.1_precursorrna_NR_031518.1_10046	84	3.8053	0	0
lcl|NC_037642.1_ncrna_10047	23	2.74792	0	0
lcl|NC_037642.1_precursorrna_NR_039518.1_10048	94	4.0801	0	0
lcl|NC_037642.1_ncrna_10049	23	2.74792	0	0
lcl|NC_037642.1_precursorrna_NR_034294.1_10050	100	4.26726	0	0
lcl|NC_037642.1_ncrna_10051	22	2.73612	0	0
lcl|NC_037642.1_mrna_XM_623875.6_10052	1196	997	283	15.5373
lcl|NC_037642.1_mrna_XM_006564177.3_10053	2898	2699	58	1.17628
lcl|NC_037642.1_mrna_XM_397131.7_10054	3896	3697	711	10.527
lcl|NC_037642.1_mrna_XM_006564178.3_10055	1392	1193	116.53	5.34664
lcl|NC_037642.1_mrna_XM_393516.7_10056	1174	975	1348.47	75.7046
lcl|NC_037642.1_mrna_XM_001120452.5_10057	5151	4952	1934	21.3777
lcl|NC_037642.1_mrna_XM_026441024.1_10058	3445	3246	0	0
lcl|NC_037642.1_mrna_XM_026441025.1_10059	3433	3234	27.9068	0.47234
lcl|NC_037642.1_mrna_XM_026441023.1_10060	3456	3257	153.408	2.57819
lcl|NC_037642.1_mrna_XM_026441027.1_10061	2268	2069	138.65	3.66814
lcl|NC_037642.1_mrna_XM_026441028.1_10062	2256	2057	4.86282	0.129401
lcl|NC_037642.1_mrna_XM_026441026.1_10063	2279	2080	0.172081	0.00452849
lcl|NC_037642.1_miscrna_XR_409911.3_10064	9253	9054	8.53785e-07	5.16171e-09
lcl|NC_037642.1_mrna_XM_006564187.3_10065	9446	9247	3.54538	0.0209869
lcl|NC_037642.1_mrna_XM_396622.7_10066	9409	9210	558.589	3.31985
lcl|NC_037642.1_precursorrna_NR_039519.1_10067	103	4.36807	0	0
lcl|NC_037642.1_ncrna_10068	23	2.74792	0	0
lcl|NC_037642.1_ncrna_XR_001702936.2_10069	2137	1938	11.0163	0.311148
lcl|NC_037642.1_ncrna_XR_409907.3_10070	1847	1648	3.98371	0.132317
lcl|NC_037642.1_mrna_XM_006564185.3_10071	4968	4769	2815.7	32.318
lcl|NC_037642.1_mrna_XM_006564186.3_10072	4845	4646	383.618	4.51965
lcl|NC_037642.1_mrna_XM_396620.7_10073	2153	1954	242.032	6.78007
lcl|NC_037642.1_miscrna_XR_003304733.1_10074	2496	2297	784.125	18.6857
lcl|NC_037642.1_mrna_XM_016912210.2_10075	1953	1754	110.754	3.45633
lcl|NC_037642.1_mrna_XM_006564184.3_10076	3330	3131	322.357	5.63559
lcl|NC_037642.1_mrna_XM_006564182.3_10077	3333	3134	2.61214	0.0456229
lcl|NC_037642.1_miscrna_XR_003304735.1_10078	3544	3345	0	0
lcl|NC_037642.1_miscrna_XR_003304734.1_10079	3547	3348	240.505	3.93209
lcl|NC_037642.1_mrna_XM_006564180.3_10080	2169	1970	203.734	5.66086
lcl|NC_037642.1_mrna_XM_016912211.2_10081	1556	1357	283.329	11.4287
lcl|NC_037642.1_ncrna_XR_003304736.1_10082	346	147	21.9351	8.16783
lcl|NC_037642.1_mrna_XM_026440970.1_10083	6737	6538	0	0
lcl|NC_037642.1_mrna_XM_026440971.1_10084	6718	6519	0	0
lcl|NC_037642.1_mrna_XM_026440973.1_10085	6679	6480	0	0
lcl|NC_037642.1_mrna_XM_026440972.1_10086	6715	6516	27.1874	0.228387
lcl|NC_037642.1_mrna_XM_026440975.1_10087	6768	6569	38.014	0.316759
lcl|NC_037642.1_mrna_XM_026440977.1_10088	6692	6493	571.012	4.81376
lcl|NC_037642.1_mrna_XM_026440976.1_10089	6710	6511	1.28964	0.010842
lcl|NC_037642.1_mrna_XM_026440974.1_10090	6638	6439	504.793	4.29121
lcl|NC_037642.1_miscrna_XR_003304731.1_10091	6029	5830	0	0
lcl|NC_037642.1_miscrna_XR_003304708.1_10092	3785	3586	6.06415	0.0925645
lcl|NC_037642.1_miscrna_XR_003304709.1_10093	3358	3159	0	0
lcl|NC_037642.1_miscrna_XR_003304707.1_10094	3793	3594	0	0
lcl|NC_037642.1_mrna_XM_026440908.1_10095	2513	2314	0	0
lcl|NC_037642.1_mrna_XM_026440907.1_10096	1398	1199	0	0
lcl|NC_037642.1_mrna_XM_006564190.3_10097	9215	9016	0.000205058	1.24494e-06
lcl|NC_037642.1_mrna_XM_006564191.3_10098	9119	8920	151	0.92661
lcl|NC_037642.1_mrna_XM_006564189.3_10099	9236	9037	1.08837e-05	6.59234e-08
lcl|NC_037642.1_mrna_XM_006564192.3_10100	3050	2851	0	0
lcl|NC_037642.1_ncrna_XR_001703164.2_10101	1776	1577	0	0
lcl|NC_037642.1_mrna_XM_016912458.2_10102	5658	5459	0	0
lcl|NC_037642.1_mrna_XM_006564194.3_10103	4406	4207	3	0.0390332
lcl|NC_037642.1_miscrna_XR_001703175.2_10104	5310	5111	0	0
lcl|NC_037642.1_miscrna_XR_001703174.2_10105	5067	4868	0	0
lcl|NC_037642.1_mrna_XM_016912460.2_10106	5035	4836	0	0
lcl|NC_037642.1_mrna_XM_026440905.1_10107	463	264	0	0
lcl|NC_037642.1_mrna_XM_624134.5_10108	3460	3261	924.982	15.5263
lcl|NC_037642.1_mrna_XM_026440707.1_10109	3751	3552	23.018	0.354716
lcl|NC_037642.1_ncrna_XR_409927.3_10110	1201	1002	126.261	6.89741
lcl|NC_037642.1_mrna_XM_006564203.3_10111	1452	1253	22.7609	0.994313
lcl|NC_037642.1_mrna_XM_006564197.3_10112	1544	1345	15.0812	0.613762
lcl|NC_037642.1_mrna_XM_026440598.1_10113	1705	1506	0	0
lcl|NC_037642.1_mrna_XM_006564200.3_10114	1641	1442	0	0
lcl|NC_037642.1_mrna_XM_026440596.1_10115	1734	1535	16.1579	0.576185
lcl|NC_037642.1_mrna_XM_006564198.3_10116	1663	1464	0	0
lcl|NC_037642.1_mrna_XM_026440599.1_10117	2389	2190	9	0.224949
lcl|NC_037642.1_mrna_XM_006564195.3_10118	1884	1685	0.00368699	0.000119773
lcl|NC_037642.1_mrna_XM_016912320.2_10119	2146	1947	4329	121.704
lcl|NC_037642.1_mrna_XM_026440520.1_10120	2256	2057	766.254	20.3903
lcl|NC_037642.1_mrna_NM_001011586.1_10121	2205	2006	228.746	6.24177
lcl|NC_037642.1_mrna_XM_026440653.1_10122	5228	5029	6775	73.7417
lcl|NC_037642.1_mrna_XM_016912379.2_10123	2841	2642	1481.53	30.6948
lcl|NC_037642.1_mrna_XM_001121319.5_10124	2859	2660	135.219	2.78253
lcl|NC_037642.1_miscrna_XR_003304646.1_10125	2867	2668	159.247	3.26715
lcl|NC_037642.1_mrna_XM_006564205.3_10126	11180	10981	1181	5.88699
lcl|NC_037642.1_mrna_XM_001120653.4_10127	573	374	546	79.911
lcl|NC_037642.1_mrna_XM_016912161.2_10128	7508	7309	3302.96	24.7361
lcl|NC_037642.1_mrna_XM_006564206.3_10129	6004	5805	2524.04	23.8001
lcl|NC_037642.1_mrna_XM_026440664.1_10130	1884	1685	866	28.1322
lcl|NC_037642.1_mrna_XM_026440665.1_10131	1870	1671	4.51124e-07	1.47776e-08
lcl|NC_037642.1_miscrna_XR_003304649.1_10132	3058	2859	37.7818	0.723358
lcl|NC_037642.1_mrna_XM_026440666.1_10133	3144	2945	357.524	6.64515
lcl|NC_037642.1_mrna_XM_624950.5_10134	3406	3207	0	0
lcl|NC_037642.1_mrna_XM_026440667.1_10135	2724	2525	99.0102	2.14637
lcl|NC_037642.1_mrna_XM_006564210.3_10136	1237	1038	6364	335.597
lcl|NC_037642.1_mrna_XM_016912074.2_10137	3653	3454	453	7.17895
lcl|NC_037642.1_mrna_XM_003250386.4_10138	520	321	154.015	26.2629
lcl|NC_037642.1_mrna_XM_006564208.3_10139	497	298	6.94466e-07	1.27562e-07
lcl|NC_037642.1_mrna_XM_003250384.4_10140	2293	2094	4928	128.819
lcl|NC_037642.1_mrna_XM_006564211.3_10141	964	765	351	25.1149
lcl|NC_037642.1_mrna_XM_006564226.3_10142	1240	1041	257	13.5135
lcl|NC_037642.1_mrna_XM_396990.7_10143	4588	4389	1051.8	13.1176
lcl|NC_037642.1_mrna_XM_016912162.2_10144	3703	3504	850.196	13.2813
lcl|NC_037642.1_mrna_XM_003250385.4_10145	2031	1832	2215.9	66.2078
lcl|NC_037642.1_mrna_XM_026440669.1_10146	1960	1761	663.104	20.6114
lcl|NC_037642.1_mrna_XM_026440668.1_10147	2111	1912	975	27.9127
lcl|NC_037642.1_mrna_XM_006564215.2_10148	1193	994	315	17.3464
lcl|NC_037642.1_mrna_XM_006564214.3_10149	875	676	58	4.69642
lcl|NC_037642.1_mrna_XM_001120874.4_10150	1663	1464	118	4.41191
lcl|NC_037642.1_mrna_XM_006564216.3_10151	435	236	1866.01	432.799
lcl|NC_037642.1_mrna_XM_006564217.3_10152	266	67.0317	557.993	455.653
lcl|NC_037642.1_mrna_XM_026440989.1_10153	866	667	153	12.556
lcl|NC_037642.1_miscrna_XR_409931.3_10154	7339	7140	382.259	2.93052
lcl|NC_037642.1_miscrna_XR_409930.3_10155	7455	7256	1283.65	9.68353
lcl|NC_037642.1_mrna_XM_006564219.3_10156	6803	6604	168.991	1.40069
lcl|NC_037642.1_mrna_XM_006564218.3_10157	7078	6879	0	0
lcl|NC_037642.1_mrna_XM_006564221.3_10158	6990	6791	610.238	4.9187
lcl|NC_037642.1_mrna_XM_006564220.3_10159	6680	6481	2019.87	17.0595
lcl|NC_037642.1_mrna_XM_006564222.3_10160	2447	2248	108	2.62974
lcl|NC_037642.1_mrna_XM_001120760.5_10161	1748	1549	208	7.35017
lcl|NC_037642.1_mrna_NM_001242437.1_10162	2866	2667	4014.63	82.3962
lcl|NC_037642.1_mrna_NM_001242436.1_10163	2828	2629	0.00119586	2.48986e-05
lcl|NC_037642.1_mrna_XM_026440539.1_10164	3188	2989	102.458	1.87632
lcl|NC_037642.1_mrna_XM_026440541.1_10165	2508	2309	0	0
lcl|NC_037642.1_mrna_XM_026440540.1_10166	2455	2256	605.915	14.7014
lcl|NC_037642.1_mrna_XM_001121602.5_10167	3252	3053	569.934	10.2184
lcl|NC_037642.1_mrna_XM_026440760.1_10168	2261	2062	322.066	8.5495
lcl|NC_037642.1_mrna_XM_003250482.4_10169	1525	1326	151	6.23331
lcl|NC_037642.1_mrna_XM_001121664.5_10170	956	757	556	40.2035
lcl|NC_037642.1_mrna_XM_016912415.2_10171	1325	1126	378	18.3755
lcl|NC_037642.1_mrna_XM_394559.5_10172	847	648	396	33.4507
lcl|NC_037642.1_mrna_XM_026440747.1_10173	1694	1495	4	0.146455
lcl|NC_037642.1_mrna_XM_006564730.3_10174	7010	6811	31.0009	0.249143
lcl|NC_037642.1_mrna_XM_006564729.3_10175	7360	7161	8.00172	0.0611638
lcl|NC_037642.1_mrna_XM_006564731.3_10176	7401	7202	33.1162	0.251694
lcl|NC_037642.1_precursorrna_NR_127306.1_10177	88	3.91013	0	0
lcl|NC_037642.1_ncrna_10178	20	2.71266	0	0
lcl|NC_037642.1_ncrna_10179	19	2.70091	0	0
lcl|NC_037642.1_mrna_XM_026440641.1_10180	9443	9244	0	0
lcl|NC_037642.1_mrna_XM_026440635.1_10181	9801	9602	44	0.250828
lcl|NC_037642.1_mrna_XM_026440636.1_10182	9263	9064	0	0
lcl|NC_037642.1_mrna_XM_026440639.1_10183	8559	8360	0	0
lcl|NC_037642.1_mrna_XM_026440640.1_10184	8295	8096	0	0
lcl|NC_037642.1_mrna_XM_026440642.1_10185	8174	7975	0	0
lcl|NC_037642.1_mrna_XM_026440643.1_10186	8088	7889	0	0
lcl|NC_037642.1_mrna_XM_026440637.1_10187	9720	9521	1.6963e-07	9.75224e-10
lcl|NC_037642.1_mrna_XM_026440638.1_10188	9633	9434	0	0
lcl|NC_037642.1_mrna_XM_016912356.2_10189	3469	3270	2	0.0334786
lcl|NC_037642.1_mrna_XM_392364.6_10190	939	740	1376	101.782
lcl|NC_037642.1_mrna_XM_392365.5_10191	1496	1297	192.013	8.10354
lcl|NC_037642.1_mrna_XM_006564732.3_10192	1467	1268	109.987	4.74798
lcl|NC_037642.1_mrna_XM_016912223.2_10193	3015	2816	211.727	4.11557
lcl|NC_037642.1_mrna_XM_026440631.1_10194	5249	5050	167.485	1.81539
lcl|NC_037642.1_mrna_XM_026440632.1_10195	5225	5026	236.965	2.58076
lcl|NC_037642.1_mrna_XM_026440633.1_10196	5138	4939	774.768	8.58654
lcl|NC_037642.1_mrna_XM_006564734.3_10197	5245	5046	185.96	2.01724
lcl|NC_037642.1_ncrna_XR_120206.4_10198	6974	6775	79.1344	0.639354
lcl|NC_037642.1_ncrna_XR_003304645.1_10199	7413	7214	32.8656	0.249374
lcl|NC_037642.1_mrna_XM_006564737.3_10200	819	620	145	12.8015
lcl|NC_037642.1_mrna_XM_006564738.3_10201	1317	1118	1169	57.2345
lcl|NC_037642.1_ncrna_XR_001703097.2_10202	2269	2070	305	8.06519
lcl|NC_037642.1_mrna_XM_006564740.3_10203	4983	4784	1122.92	12.8482
lcl|NC_037642.1_mrna_XM_006564742.3_10204	4847	4648	334.882	3.94376
lcl|NC_037642.1_mrna_XM_016912362.2_10205	4807	4608	0	0
lcl|NC_037642.1_mrna_XM_006564743.3_10206	4896	4697	13.3668	0.155774
lcl|NC_037642.1_mrna_XM_003250478.4_10207	1673	1474	2957.43	109.825
lcl|NC_037642.1_mrna_XM_026440620.1_10208	1555	1356	42.5725	1.71852
lcl|NC_037642.1_mrna_XM_016912081.2_10209	1648	1449	276	10.4262
lcl|NC_037642.1_mrna_XM_396416.7_10210	3526	3327	108.498	1.78507
lcl|NC_037642.1_miscrna_XR_410060.3_10211	3085	2886	9.79126	0.185707
lcl|NC_037642.1_mrna_XM_006564744.3_10212	3342	3143	190.711	3.32136
lcl|NC_037642.1_mrna_XM_393196.7_10213	1336	1137	394	18.968
lcl|NC_037642.1_mrna_XM_006564745.3_10214	947	748	326	23.8562
lcl|NC_037642.1_mrna_XM_006564746.2_10215	2520	2321	1756	41.4128
lcl|NC_037642.1_mrna_XM_026440879.1_10216	3339	3140	4304.57	75.0387
lcl|NC_037642.1_mrna_XM_026440869.1_10217	2049	1850	38.4329	1.13715
lcl|NC_037642.1_mrna_XM_026440945.1_10218	4022	3823	0	0
lcl|NC_037642.1_mrna_XM_026440944.1_10219	15079	14880	0.517011	0.00190188
lcl|NC_037642.1_mrna_XM_026440946.1_10220	15052	14853	828.663	3.05386
lcl|NC_037642.1_mrna_XM_026440947.1_10221	2766	2567	0	0
lcl|NC_037642.1_mrna_XM_006564751.3_10222	2688	2489	3.10461e-08	6.8276e-10
lcl|NC_037642.1_mrna_XM_006564750.3_10223	2652	2453	3	0.0669436
lcl|NC_037642.1_mrna_XM_006564749.3_10224	903	704	0	0
lcl|NC_037642.1_mrna_XM_624755.6_10225	2232	2033	141.174	3.80104
lcl|NC_037642.1_mrna_XM_003250481.4_10226	2226	2027	1058.83	28.5928
lcl|NC_037642.1_mrna_XM_393310.6_10227	1263	1064	389	20.0121
lcl|NC_037642.1_mrna_XM_623649.5_10228	3936	3737	6894	100.98
lcl|NC_037642.1_mrna_XM_016912444.2_10229	1322	1123	539.655	26.304
lcl|NC_037642.1_ncrna_XR_003304703.1_10230	393	194	38.2371	10.7887
lcl|NC_037642.1_ncrna_XR_410062.3_10231	235	37.7159	3.10843	4.51131
lcl|NC_037642.1_mrna_XM_016912216.2_10232	1708	1509	1433	51.9807
lcl|NC_037642.1_mrna_XM_006564768.2_10233	4309	4110	1966.09	26.1846
lcl|NC_037642.1_miscrna_XR_003304681.1_10234	8314	8115	1630.55	10.9984
lcl|NC_037642.1_mrna_XM_003250483.4_10235	6180	5981	1374.66	12.5807
lcl|NC_037642.1_mrna_XM_006564769.3_10236	6102	5903	991.47	9.19373
lcl|NC_037642.1_mrna_XM_006564770.3_10237	2224	2025	419.347	11.3353
lcl|NC_037642.1_mrna_XM_006564767.3_10238	6323	6124	648.203	5.79377
lcl|NC_037642.1_mrna_XM_026440718.1_10239	542	343	531	84.7395
lcl|NC_037642.1_mrna_XM_026440880.1_10240	1098	899	865	52.6674
lcl|NC_037642.1_mrna_XM_006564760.3_10241	3104	2905	71.0907	1.33953
lcl|NC_037642.1_mrna_XM_397468.7_10242	2690	2491	0	0
lcl|NC_037642.1_mrna_XM_006564757.3_10243	2681	2482	0	0
lcl|NC_037642.1_mrna_XM_006564758.3_10244	2779	2580	34.1909	0.725397
lcl|NC_037642.1_mrna_XM_006564759.3_10245	3044	2845	5.78986	0.111396
lcl|NC_037642.1_mrna_XM_026440717.1_10246	1777	1578	8	0.277503
lcl|NC_037642.1_mrna_XM_003250484.4_10247	2672	2473	287.061	6.35383
lcl|NC_037642.1_mrna_XM_006564762.3_10248	2637	2438	301.939	6.77908
lcl|NC_037642.1_mrna_XM_026440716.1_10249	2292	2093	42.9285	1.1227
lcl|NC_037642.1_mrna_XM_016912351.2_10250	1388	1189	0	0
lcl|NC_037642.1_mrna_XM_006564777.3_10251	1480	1281	0	0
lcl|NC_037642.1_mrna_XM_006564779.3_10252	1410	1211	1.83827e-05	8.30903e-07
lcl|NC_037642.1_mrna_XM_006564778.3_10253	1458	1259	117.275	5.09878
lcl|NC_037642.1_mrna_XM_623921.6_10254	1461	1262	494.453	21.4462
lcl|NC_037642.1_mrna_XM_026440921.1_10255	4653	4454	62.311	0.765772
lcl|NC_037642.1_mrna_XM_001122827.5_10256	4675	4476	0.0628611	0.000768736
lcl|NC_037642.1_mrna_XM_006564774.3_10257	4683	4484	0.00660189	8.05913e-05
lcl|NC_037642.1_mrna_XM_006564773.3_10258	4690	4491	432.891	5.27619
lcl|NC_037642.1_mrna_XM_623970.3_10259	2535	2336	21.2364	0.497614
lcl|NC_037642.1_mrna_XM_006564771.3_10260	2425	2226	286.764	7.05154
lcl|NC_037642.1_mrna_XM_026440922.1_10261	3340	3141	3718	64.7928
lcl|NC_037642.1_mrna_XM_026440930.1_10262	1636	1437	4	0.152366
lcl|NC_037642.1_mrna_XM_026440931.1_10263	1024	825	7.18052	0.476417
lcl|NC_037642.1_mrna_XM_006564790.3_10264	1105	906	0	0
lcl|NC_037642.1_mrna_XM_026440923.1_10265	2888	2689	641.099	13.0503
lcl|NC_037642.1_mrna_XM_016912386.2_10266	3007	2808	97.8341	1.90712
lcl|NC_037642.1_mrna_XM_026440924.1_10267	2667	2468	256.056	5.67904
lcl|NC_037642.1_mrna_XM_026440881.1_10268	963	764	36.4684	2.61281
lcl|NC_037642.1_mrna_XM_003250469.4_10269	894	695	238.936	18.8183
lcl|NC_037642.1_mrna_XM_026440928.1_10270	1612	1413	21.275	0.824162
lcl|NC_037642.1_mrna_XM_026440927.1_10271	1627	1428	0.17252	0.00661295
lcl|NC_037642.1_mrna_XM_026440926.1_10272	1760	1561	65.1957	2.28613
lcl|NC_037642.1_mrna_XM_026440925.1_10273	1773	1574	0.031034	0.00107924
lcl|NC_037642.1_mrna_XM_001121873.5_10274	1345	1146	118.492	5.65967
lcl|NC_037642.1_mrna_XM_026440929.1_10275	1296	1097	112.241	5.60054
lcl|NC_037642.1_mrna_XM_006564781.2_10276	900	701	781.055	60.9886
lcl|NC_037642.1_mrna_XM_006564782.2_10277	897	698	637.964	50.0295
lcl|NC_037642.1_mrna_XM_016912408.2_10278	2248	2049	225.463	6.02309
lcl|NC_037642.1_mrna_XM_016912409.2_10279	2328	2129	80.5365	2.07063
lcl|NC_037642.1_mrna_XM_006564792.3_10280	1151	952	344	19.7791
lcl|NC_037642.1_mrna_XM_026440912.1_10281	888	689	45	3.57502
lcl|NC_037642.1_mrna_XM_026441065.1_10282	781	582	203.539	19.143
lcl|NC_037642.1_mrna_XM_006564798.3_10283	924	725	0	0
lcl|NC_037642.1_mrna_XM_001120110.5_10284	896	697	145.461	11.4235
lcl|NC_037642.1_mrna_XM_026441062.1_10285	1933	1734	129.242	4.07982
lcl|NC_037642.1_mrna_XM_026441063.1_10286	1772	1573	96.7578	3.36699
lcl|NC_037642.1_mrna_XM_392366.7_10287	5296	5097	291	3.1251
lcl|NC_037642.1_mrna_XM_026441061.1_10288	2953	2754	0	0
lcl|NC_037642.1_mrna_XM_001120289.5_10289	4276	4077	369.572	4.96185
lcl|NC_037642.1_mrna_XM_006564795.3_10290	4180	3981	109.428	1.5046
lcl|NC_037642.1_mrna_XM_006565581.3_10291	11460	11261	369.332	1.79525
lcl|NC_037642.1_mrna_XM_006565579.3_10292	10553	10354	1959.67	10.36
lcl|NC_037642.1_mrna_XM_003250636.3_10293	2893	2694	878	17.8395
lcl|NC_037642.1_mrna_XM_006565582.3_10294	435	236	6099	1414.59
lcl|NC_037642.1_ncrna_XR_003304761.1_10295	69	3.46281	0	0
lcl|NC_037642.1_mrna_XM_006565572.3_10296	1735	1536	52.8073	1.88186
lcl|NC_037642.1_mrna_XM_026441064.1_10297	1155	956	75.1927	4.30529
lcl|NC_037642.1_mrna_XM_392367.7_10298	3463	3264	3238.48	54.3096
lcl|NC_037642.1_mrna_XM_006565570.3_10299	1428	1229	302	13.4506
lcl|NC_037642.1_mrna_XM_003250634.4_10300	2285	2086	958	25.1383
lcl|NC_037642.1_mrna_XM_394564.5_10301	2477	2278	425	10.2122
lcl|NC_037642.1_mrna_XM_006565569.3_10302	8300	8101	48.9816	0.330963
lcl|NC_037642.1_mrna_XM_003250637.4_10303	7934	7735	410.962	2.90822
lcl|NC_037642.1_mrna_XM_006565568.3_10304	6607	6408	0	0
lcl|NC_037642.1_precursorrna_NR_127350.1_10305	83	3.78007	0	0
lcl|NC_037642.1_ncrna_10306	24	2.75981	0	0
lcl|NC_037642.1_precursorrna_NR_127339.1_10307	85	3.83091	0	0
lcl|NC_037642.1_ncrna_10308	22	2.73612	0	0
lcl|NC_037642.1_mrna_XM_026440583.1_10309	8478	8279	14.4132	0.0952944
lcl|NC_037642.1_mrna_XM_392584.5_10310	8484	8285	5.77692	0.0381671
lcl|NC_037642.1_mrna_XM_624899.5_10311	3341	3142	193.833	3.37681
lcl|NC_037642.1_mrna_XM_026440584.1_10312	3451	3252	0	0
lcl|NC_037642.1_mrna_XM_624888.6_10313	6349	6150	719.09	6.4002
lcl|NC_037642.1_mrna_XM_006567915.3_10314	6187	5988	68.1839	0.623283
lcl|NC_037642.1_mrna_XM_006567913.3_10315	6463	6264	50.8398	0.44426
lcl|NC_037642.1_mrna_XM_006567916.3_10316	5899	5700	0.00291682	2.80105e-05
lcl|NC_037642.1_mrna_XM_006567914.3_10317	6773	6574	204.098	1.6994
lcl|NC_037642.1_mrna_XM_006567917.3_10318	5895	5696	0	0
lcl|NC_037642.1_mrna_XM_016912359.2_10319	1958	1759	0	0
lcl|NC_037642.1_mrna_XM_016912361.2_10320	1394	1195	14.2888	0.654504
lcl|NC_037642.1_mrna_XM_006567922.3_10321	1669	1470	10.6909	0.398092
lcl|NC_037642.1_mrna_XM_016912360.2_10322	1342	1143	4.0203	0.19253
lcl|NC_037642.1_mrna_XM_016912338.2_10323	2218	2019	0	0
lcl|NC_037642.1_mrna_XM_006567911.3_10324	2424	2225	0	0
lcl|NC_037642.1_mrna_XM_394892.7_10325	2417	2218	406	10.0196
lcl|NC_037642.1_mrna_XM_392849.7_10326	1444	1245	553.047	24.3152
lcl|NC_037642.1_mrna_XM_006567910.3_10327	1560	1361	74.9526	3.01449
lcl|NC_037642.1_mrna_XM_016912339.2_10328	1278	1079	0	0
lcl|NC_037642.1_mrna_XM_395525.7_10329	4851	4652	1778	20.9208
lcl|NC_037642.1_ncrna_XR_001703102.2_10330	4181	3982	615	8.45394
lcl|NC_037642.1_mrna_XM_396815.6_10331	4234	4035	133	1.80424
lcl|NC_037642.1_mrna_XM_624823.6_10332	793	594	270	24.8807
lcl|NC_037642.1_mrna_XM_003251085.4_10333	1022	823	50.7495	3.37534
lcl|NC_037642.1_mrna_XM_003251086.4_10334	1079	880	15.4386	0.960308
lcl|NC_037642.1_mrna_XM_001121320.5_10335	921	722	137.812	10.448
lcl|NC_037642.1_mrna_XM_395902.7_10336	992	793	1606.63	110.899
lcl|NC_037642.1_mrna_XM_016912445.2_10337	824	625	28.3724	2.48485
lcl|NC_037642.1_mrna_XM_001121383.5_10338	5847	5648	5069	49.1262
lcl|NC_037642.1_mrna_XM_624756.6_10339	3769	3570	344.941	5.28885
lcl|NC_037642.1_mrna_XM_006567908.2_10340	3894	3695	451.13	6.68301
lcl|NC_037642.1_miscrna_XR_411035.3_10341	1107	908	290.929	17.5383
lcl|NC_037642.1_mrna_XM_006567909.3_10342	1024	825	1.60717e-06	1.06634e-07
lcl|NC_037642.1_mrna_XM_016912309.2_10343	1312	1113	243.971	11.9985
lcl|NC_037642.1_mrna_XM_006567907.3_10344	1414	1215	452.235	20.3739
lcl|NC_037642.1_mrna_XM_006567905.3_10345	1747	1548	15.2763	0.540172
lcl|NC_037642.1_mrna_XM_006567906.3_10346	1443	1244	44.5881	1.96193
lcl|NC_037642.1_mrna_XM_006567904.3_10347	1486	1287	29.9299	1.27295
lcl|NC_037642.1_mrna_XM_016912116.2_10348	2111	1912	32	0.916109
lcl|NC_037642.1_mrna_XM_016912380.2_10349	8032	7833	1022	7.14181
lcl|NC_037642.1_mrna_XM_026440706.1_10350	810	611	6	0.537521
lcl|NC_037642.1_mrna_XM_006567900.3_10351	849	650	231.848	19.5243
lcl|NC_037642.1_mrna_XM_006567901.3_10352	837	638	0	0
lcl|NC_037642.1_mrna_XM_003251083.4_10353	1004	805	209.152	14.2217
lcl|NC_037642.1_mrna_XM_624698.6_10354	521	322	453	77.0065
lcl|NC_037642.1_mrna_XM_397205.7_10355	2059	1860	440.474	12.9626
lcl|NC_037642.1_mrna_XM_016912382.2_10356	1981	1782	0.0250905	0.000770704
lcl|NC_037642.1_mrna_XM_006567898.3_10357	2307	2108	280.501	7.28365
lcl|NC_037642.1_mrna_XM_006567899.3_10358	1956	1757	0	0
lcl|NC_037642.1_mrna_XM_003251081.4_10359	3488	3289	33.2815	0.553892
lcl|NC_037642.1_mrna_XM_026440849.1_10360	1808	1609	17.7185	0.602775
lcl|NC_037642.1_mrna_XM_006567896.3_10361	939	740	355	26.2592
lcl|NC_037642.1_mrna_XM_006567894.3_10362	2345	2146	239.708	6.11419
lcl|NC_037642.1_mrna_XM_006567893.3_10363	2367	2168	22.3831	0.565127
lcl|NC_037642.1_mrna_XM_026440851.1_10364	2523	2324	0	0
lcl|NC_037642.1_mrna_XM_006567892.3_10365	2224	2025	768.415	20.7709
lcl|NC_037642.1_mrna_XM_001121636.5_10366	2849	2650	0	0
lcl|NC_037642.1_mrna_XM_006567887.3_10367	2806	2607	0	0
lcl|NC_037642.1_mrna_XM_006567888.3_10368	2807	2608	789.286	16.5658
lcl|NC_037642.1_mrna_XM_006567889.3_10369	2693	2494	544.207	11.9441
lcl|NC_037642.1_mrna_XM_026440852.1_10370	2335	2136	0	0
lcl|NC_037642.1_mrna_XM_026440853.1_10371	1315	1116	213.304	10.4621
lcl|NC_037642.1_mrna_XM_397202.7_10372	1858	1659	259.696	8.56849
lcl|NC_037642.1_mrna_XM_624573.5_10373	1115	916	177	10.577
lcl|NC_037642.1_mrna_XM_397201.7_10374	1092	893	2580	158.144
lcl|NC_037642.1_mrna_XM_026440854.1_10375	2181	1982	1435	39.6309
lcl|NC_037642.1_mrna_XM_623143.6_10376	1874	1675	882.994	28.8555
lcl|NC_037642.1_mrna_XM_026440857.1_10377	1447	1248	62.0754	2.72264
lcl|NC_037642.1_mrna_XM_026440858.1_10378	1420	1221	290.915	13.0417
lcl|NC_037642.1_mrna_XM_026440855.1_10379	1474	1275	425.189	18.254
lcl|NC_037642.1_mrna_XM_026440856.1_10380	1447	1248	1965.83	86.2216
lcl|NC_037642.1_mrna_XM_396160.7_10381	2262	2063	681.689	18.0872
lcl|NC_037642.1_mrna_XM_003251077.4_10382	1672	1473	237.311	8.81862
lcl|NC_037642.1_mrna_XM_006567879.3_10383	1793	1594	170.611	5.85874
lcl|NC_037642.1_mrna_XM_006567878.3_10384	1555	1356	185.389	7.48358
lcl|NC_037642.1_mrna_XM_006567877.3_10385	1933	1734	130	4.10374
lcl|NC_037642.1_mrna_XM_006567876.3_10386	4337	4138	0.000329954	4.36464e-06
lcl|NC_037642.1_mrna_XM_006567875.3_10387	4439	4240	2086	26.9298
lcl|NC_037642.1_mrna_XM_006567873.3_10388	2685	2486	339.264	7.47003
lcl|NC_037642.1_mrna_XM_006567872.3_10389	2714	2515	0.00864756	0.000188209
lcl|NC_037642.1_mrna_XM_006567874.3_10390	2696	2497	2807.73	61.5491
lcl|NC_037642.1_mrna_XM_006567871.3_10391	3138	2939	116.517	2.17007
lcl|NC_037642.1_mrna_XM_396895.7_10392	3174	2975	206.483	3.79912
lcl|NC_037642.1_mrna_XM_026440934.1_10393	1216	1017	82.1818	4.42324
lcl|NC_037642.1_mrna_XM_006567868.3_10394	1117	918	140.818	8.39656
lcl|NC_037642.1_mrna_XM_624289.6_10395	2570	2371	282.502	6.52192
lcl|NC_037642.1_mrna_XM_006567869.3_10396	2431	2232	1.17795e-07	2.8888e-09
lcl|NC_037642.1_mrna_XM_006567870.3_10397	2335	2136	512.498	13.1334
lcl|NC_037642.1_mrna_XM_016912149.2_10398	2435	2236	312	7.6378
lcl|NC_037642.1_mrna_XM_006567864.3_10399	4634	4435	3426.96	42.2962
lcl|NC_037642.1_mrna_XM_006567863.2_10400	1272	1073	489.036	24.9475
lcl|NC_037642.1_mrna_XM_026440935.1_10401	840	641	47	4.01352
lcl|NC_037642.1_mrna_XM_026441056.1_10402	13810	13611	2603	10.4681
lcl|NC_037642.1_mrna_XM_026441057.1_10403	13376	13177	791.002	3.28584
lcl|NC_037642.1_mrna_XM_392679.7_10404	2379	2180	4758.86	119.49
lcl|NC_037642.1_mrna_XM_006567862.3_10405	2418	2219	1352.77	33.3697
lcl|NC_037642.1_mrna_XM_623524.6_10406	1841	1642	3607.59	120.262
lcl|NC_037642.1_mrna_XM_001121920.5_10407	594	395	47.4144	6.57051
lcl|NC_037642.1_mrna_XM_624981.5_10408	1084	885	162	10.0198
lcl|NC_037642.1_mrna_XM_006567852.3_10409	5126	4927	0	0
lcl|NC_037642.1_mrna_XM_006567851.3_10410	5187	4988	0	0
lcl|NC_037642.1_mrna_XM_006567855.3_10411	5175	4976	0	0
lcl|NC_037642.1_mrna_XM_006567856.3_10412	5169	4970	0	0
lcl|NC_037642.1_mrna_XM_006567861.3_10413	5043	4844	608.148	6.87212
lcl|NC_037642.1_mrna_XM_006567853.3_10414	5184	4985	0	0
lcl|NC_037642.1_mrna_XM_006567857.3_10415	5166	4967	0	0
lcl|NC_037642.1_mrna_XM_006567854.3_10416	5175	4976	0.00253666	2.7904e-05
lcl|NC_037642.1_mrna_XM_016912148.2_10417	5154	4955	85.6429	0.946091
lcl|NC_037642.1_mrna_XM_006567858.3_10418	5142	4943	275.104	3.04643
lcl|NC_037642.1_mrna_XM_006567859.3_10419	5054	4855	240.153	2.70759
lcl|NC_037642.1_mrna_XM_395223.7_10420	5156	4957	671.95	7.41999
lcl|NC_037642.1_mrna_XM_001120695.5_10421	463	264	1966	407.629
lcl|NC_037642.1_mrna_XM_395224.6_10422	990	791	385	26.6422
lcl|NC_037642.1_mrna_XM_395225.6_10423	2960	2761	4112.66	81.5345
lcl|NC_037642.1_mrna_XM_016912147.1_10424	1360	1161	747.397	35.2374
lcl|NC_037642.1_mrna_XM_003251073.4_10425	1021	822	1.26658e-06	8.43421e-08
lcl|NC_037642.1_mrna_XM_026440843.1_10426	1028	829	45.9445	3.03364
lcl|NC_037642.1_mrna_XM_625035.5_10427	1215	1016	289	15.57
lcl|NC_037642.1_mrna_XM_003251072.3_10428	2742	2543	1191	25.636
lcl|NC_037642.1_mrna_XM_001122081.5_10429	2300	2101	1682	43.8213
lcl|NC_037642.1_mrna_XM_026440594.1_10430	3910	3711	3710.71	54.7333
lcl|NC_037642.1_mrna_XM_026440592.1_10431	4063	3864	519.809	7.36363
lcl|NC_037642.1_mrna_XM_026440591.1_10432	4093	3894	0	0
lcl|NC_037642.1_mrna_XM_026440593.1_10433	3416	3217	0	0
lcl|NC_037642.1_mrna_XM_026440595.1_10434	3078	2879	10.4796	0.199246
lcl|NC_037642.1_mrna_NM_001131038.1_10435	2706	2507	890	19.4322
lcl|NC_037642.1_mrna_XM_026440630.1_10436	1080	881	9	0.55918
lcl|NC_037642.1_mrna_XM_001122139.5_10437	881	682	50	4.01302
lcl|NC_037642.1_mrna_XM_393356.6_10438	1567	1368	2733	109.355
lcl|NC_037642.1_mrna_XM_393357.7_10439	2275	2076	192.821	5.08408
lcl|NC_037642.1_mrna_XM_016912348.2_10440	3899	3700	15.2263	0.225258
lcl|NC_037642.1_mrna_XM_016912346.1_10441	2684	2485	383.74	8.45271
lcl|NC_037642.1_mrna_XM_016912343.1_10442	2704	2505	0.0155092	0.000338896
lcl|NC_037642.1_mrna_XM_016912344.2_10443	2779	2580	0	0
lcl|NC_037642.1_mrna_XM_016912347.1_10444	1973	1774	6.19717	0.191217
lcl|NC_037642.1_ncrna_XR_003304644.1_10445	23523	23324	34.1257	0.0800872
lcl|NC_037642.1_mrna_XM_016912295.2_10446	2611	2412	116	2.63249
lcl|NC_037642.1_mrna_XM_016912299.2_10447	1587	1388	26	1.02534
lcl|NC_037642.1_mrna_XM_026441020.1_10448	7023	6824	0.337639	0.00270832
lcl|NC_037642.1_mrna_XM_026441019.1_10449	7038	6839	3202.66	25.6333
lcl|NC_037642.1_mrna_XM_394996.7_10450	839	640	222.609	19.0391
lcl|NC_037642.1_mrna_XM_006567839.3_10451	701	502	42.3913	4.6223
lcl|NC_037642.1_mrna_XM_001120848.5_10452	841	642	131	11.1692
lcl|NC_037642.1_mrna_XM_026441022.1_10453	1266	1067	99	5.07874
lcl|NC_037642.1_mrna_XM_026441021.1_10454	1106	907	7.66932	0.462844
lcl|NC_037642.1_mrna_XM_016912297.2_10455	1105	906	30.858	1.86434
lcl|NC_037642.1_mrna_XM_006567836.3_10456	1196	997	27.7127	1.52149
lcl|NC_037642.1_mrna_XM_016912296.2_10457	1150	951	0	0
lcl|NC_037642.1_mrna_XM_006567837.3_10458	1126	927	515.76	30.4546
lcl|NC_037642.1_mrna_XM_394579.6_10459	1684	1485	537	19.794
lcl|NC_037642.1_mrna_XM_392371.7_10460	4024	3825	382.5	5.47375
lcl|NC_037642.1_miscrna_XR_001703112.2_10461	3794	3595	1462.88	22.2738
lcl|NC_037642.1_ncrna_XR_003304664.1_10462	10366	10167	30	0.161515
lcl|NC_037642.1_ncrna_XR_003304662.1_10463	11218	11019	0	0
lcl|NC_037642.1_ncrna_XR_003304663.1_10464	11116	10917	0	0
lcl|NC_037642.1_ncrna_XR_003304661.1_10465	11615	11416	0	0
lcl|NC_037642.1_ncrna_XR_003304657.1_10466	5609	5410	0	0
lcl|NC_037642.1_ncrna_XR_003304660.1_10467	5547	5348	0	0
lcl|NC_037642.1_ncrna_XR_003304659.1_10468	5436	5237	0.000134656	1.40744e-06
lcl|NC_037642.1_ncrna_XR_003304652.1_10469	5597	5398	0	0
lcl|NC_037642.1_ncrna_XR_003304656.1_10470	5495	5296	0	0
lcl|NC_037642.1_ncrna_XR_003304654.1_10471	5505	5306	0	0
lcl|NC_037642.1_ncrna_XR_003304658.1_10472	5392	5193	5.66908	0.0597557
lcl|NC_037642.1_ncrna_XR_003304653.1_10473	5508	5309	0	0
lcl|NC_037642.1_ncrna_XR_003304655.1_10474	3560	3361	4.33079	0.0705316
lcl|NC_037642.1_ncrna_XR_411029.3_10475	3195	2996	22.7707	0.416026
lcl|NC_037642.1_mrna_XM_394578.6_10476	6524	6325	161.938	1.40144
lcl|NC_037642.1_ncrna_XR_411007.3_10477	3621	3422	4.04412	0.0646889
lcl|NC_037642.1_ncrna_XR_001703091.2_10478	4689	4490	0	0
lcl|NC_037642.1_mrna_XM_394577.7_10479	1441	1242	1349.72	59.485
lcl|NC_037642.1_mrna_XM_006567834.2_10480	1507	1308	19.2806	0.806858
lcl|NC_037642.1_mrna_XM_026440903.1_10481	1298	1099	47.2985	2.35578
lcl|NC_037642.1_mrna_XM_026440902.1_10482	1434	1235	446.702	19.7987
lcl|NC_037642.1_mrna_XM_001122405.5_10483	1954	1755	1065.56	33.2343
lcl|NC_037642.1_mrna_XM_006567833.3_10484	2122	1923	1365.44	38.8668
lcl|NC_037642.1_mrna_XM_003251063.4_10485	1099	900	216	13.137
lcl|NC_037642.1_mrna_XM_003251062.4_10486	1109	910	271	16.301
lcl|NC_037642.1_ncrna_XR_003304686.1_10487	228	32.1317	0	0
lcl|NC_037642.1_mrna_XM_003251065.4_10488	1049	850	108	6.95489
lcl|NC_037642.1_mrna_XM_392370.6_10489	5190	4991	382.367	4.19351
lcl|NC_037642.1_mrna_XM_026440777.1_10490	4903	4704	1.27438e-07	1.48292e-09
lcl|NC_037642.1_mrna_XM_006567829.3_10491	4929	4730	127.333	1.47355
lcl|NC_037642.1_mrna_XM_006567827.3_10492	4974	4775	5.32508e-08	6.10433e-10
lcl|NC_037642.1_mrna_XM_026440778.1_10493	5001	4802	509.167	5.80395
lcl|NC_037642.1_mrna_XM_006567830.3_10494	5395	5196	48.8968	0.515106
lcl|NC_037642.1_mrna_XM_006567832.3_10495	5090	4891	416.523	4.66151
lcl|NC_037642.1_mrna_XM_026440779.1_10496	3582	3383	824.713	13.344
lcl|NC_037642.1_mrna_XM_003251064.4_10497	2140	1941	1710.27	48.2308
lcl|NC_037642.1_mrna_XM_026440780.1_10498	1889	1690	1574.73	51.0041
lcl|NC_037642.1_mrna_XM_625155.5_10499	807	608	232	20.8867
lcl|NC_037642.1_mrna_XM_394574.7_10500	2657	2458	1538	34.2499
lcl|NC_037642.1_mrna_XM_006567818.3_10501	1257	1058	51.9426	2.68734
lcl|NC_037642.1_mrna_XM_006567817.3_10502	1496	1297	475.057	20.0489
lcl|NC_037642.1_mrna_XM_006567820.3_10503	3022	2823	6940.69	134.579
lcl|NC_037642.1_mrna_XM_006567821.3_10504	3337	3138	1872.49	32.6627
lcl|NC_037642.1_ncrna_XR_003304692.1_10505	3362	3163	25	0.432639
lcl|NC_037642.1_mrna_XM_006567816.3_10506	3188	2989	1711.15	31.3364
lcl|NC_037642.1_ncrna_XR_003304689.1_10507	2973	2774	0	0
lcl|NC_037642.1_ncrna_XR_003304691.1_10508	2647	2448	0	0
lcl|NC_037642.1_ncrna_XR_003304690.1_10509	2869	2670	2	0.0410019
lcl|NC_037642.1_mrna_XM_003251058.4_10510	1922	1723	652.628	20.7332
lcl|NC_037642.1_mrna_XM_026440789.1_10511	1969	1770	727.372	22.4941
lcl|NC_037642.1_mrna_XM_016912138.2_10512	1411	1212	122	5.50988
lcl|NC_037642.1_mrna_XM_016912141.2_10513	1106	907	311	18.7689
lcl|NC_037642.1_mrna_XM_392368.7_10514	1670	1471	2649	98.5722
lcl|NC_037642.1_mrna_XM_026440787.1_10515	2277	2078	602.576	15.8727
lcl|NC_037642.1_mrna_XM_026440788.1_10516	2180	1981	800.485	22.1184
lcl|NC_037642.1_mrna_XM_026440786.1_10517	2282	2083	0	0
lcl|NC_037642.1_ncrna_XR_001702879.2_10518	918	719	118.939	9.05484
lcl|NC_037642.1_mrna_XM_006567813.2_10519	1763	1564	61.3889	2.14851
lcl|NC_037642.1_mrna_XM_625180.4_10520	1907	1708	118.611	3.80122
lcl|NC_037642.1_mrna_NM_001178067.1_10521	607	408	419	56.2133
lcl|NC_037642.1_ncrna_XR_003304687.1_10522	1649	1450	5.65302	0.213402
lcl|NC_037642.1_ncrna_XR_003304688.1_10523	1136	937	3.34698	0.195523
lcl|NC_037642.1_ncrna_XR_001702880.2_10524	1954	1755	181	5.6453
lcl|NC_037642.1_mrna_XM_395296.7_10525	5029	4830	0.043869	0.000497159
lcl|NC_037642.1_mrna_XM_006567806.3_10526	5122	4923	2789.37	31.0142
lcl|NC_037642.1_mrna_XM_026440781.1_10527	5214	5015	0.00576268	6.28983e-05
lcl|NC_037642.1_mrna_XM_016912136.2_10528	5222	5023	114.585	1.24867
lcl|NC_037642.1_mrna_XM_026440783.1_10529	3284	3085	4.13611e-08	7.33875e-10
lcl|NC_037642.1_mrna_XM_026440782.1_10530	3283	3084	151.33	2.68594
lcl|NC_037642.1_mrna_XM_026440785.1_10531	2695	2496	0	0
lcl|NC_037642.1_mrna_XM_026440784.1_10532	2692	2493	24.6701	0.541668
lcl|NC_037642.1_mrna_XM_006567801.3_10533	2297	2098	153.188	3.99673
lcl|NC_037642.1_mrna_XM_003251054.4_10534	5351	5152	1.39245e-08	1.47941e-10
lcl|NC_037642.1_mrna_XM_006567799.3_10535	5292	5093	151.29	1.626
lcl|NC_037642.1_mrna_XM_006567798.3_10536	5315	5116	82.5218	0.882924
lcl|NC_037642.1_mrna_NM_001327954.1_10537	3759	3560	1.8526e-06	2.8485e-08
lcl|NC_037642.1_mrna_NM_001319268.1_10538	3782	3583	295.173	4.50936
lcl|NC_037642.1_mrna_XM_006567797.3_10539	4067	3868	271.827	3.84673
lcl|NC_037642.1_mrna_XM_003251051.4_10540	1188	989	38.2402	2.11645
lcl|NC_037642.1_mrna_XM_006567796.3_10541	1399	1200	5.6872	0.25942
lcl|NC_037642.1_mrna_XM_003251052.4_10542	1245	1046	55.0526	2.88092
lcl|NC_037642.1_mrna_XM_016912139.2_10543	1288	1089	196.02	9.85276
lcl|NC_037642.1_mrna_XM_016912140.2_10544	1284	1085	0	0
lcl|NC_037642.1_mrna_XM_003251050.4_10545	3379	3180	835	14.3729
lcl|NC_037642.1_mrna_XM_016912135.2_10546	1146	947	3	0.173403
lcl|NC_037642.1_mrna_XM_001120111.5_10547	3287	3088	26.3606	0.467265
lcl|NC_037642.1_miscrna_XR_001703068.2_10548	4828	4629	7.00608e-06	8.28464e-08
lcl|NC_037642.1_mrna_XM_392373.7_10549	4904	4705	2682.66	31.2099
lcl|NC_037642.1_mrna_XM_392374.7_10550	1517	1318	733	30.442
lcl|NC_037642.1_mrna_XM_026440692.1_10551	2299	2100	954	24.8665
lcl|NC_037642.1_mrna_XM_026440693.1_10552	2293	2094	257.162	6.72227
lcl|NC_037642.1_mrna_XM_394584.7_10553	2341	2142	1999.84	51.1047
lcl|NC_037642.1_ncrna_XR_003304758.1_10554	2652	2453	155	3.45875
lcl|NC_037642.1_mrna_XM_006567793.3_10555	3822	3623	13.1745	0.199046
lcl|NC_037642.1_miscrna_XR_410990.3_10556	3671	3472	0	0
lcl|NC_037642.1_mrna_XM_006567792.3_10557	3764	3565	0	0
lcl|NC_037642.1_mrna_XM_016912129.2_10558	3547	3348	228.825	3.74114
lcl|NC_037642.1_mrna_XM_026440882.1_10559	443	244	0	0
lcl|NC_037642.1_mrna_XM_026441060.1_10560	2010	1811	0	0
lcl|NC_037642.1_mrna_XM_006567789.3_10561	3813	3614	27	0.408941
lcl|NC_037642.1_ncrna_XR_410991.3_10562	1865	1666	22	0.722825
lcl|NC_037642.1_mrna_NM_001242516.1_10563	3350	3151	493.94	8.58046
lcl|NC_037642.1_mrna_NM_001242515.1_10564	3237	3038	1206.87	21.7449
lcl|NC_037642.1_mrna_XM_026440531.1_10565	3658	3459	175.19	2.77233
lcl|NC_037642.1_mrna_XM_026440530.1_10566	3768	3569	0	0
lcl|NC_037642.1_mrna_XM_006567784.3_10567	4192	3993	0	0
lcl|NC_037642.1_mrna_XM_006567782.3_10568	8974	8775	0.377405	0.00235421
lcl|NC_037642.1_mrna_XM_394587.7_10569	8946	8747	0.444565	0.00278203
lcl|NC_037642.1_mrna_XM_006567783.3_10570	8919	8720	1137.1	7.13787
lcl|NC_037642.1_mrna_XM_006567786.3_10571	4127	3928	101.852	1.41933
lcl|NC_037642.1_mrna_XM_006567785.3_10572	4407	4208	29.0913	0.378419
lcl|NC_037642.1_ncrna_XR_410987.3_10573	530	331	7.03644	1.16362
lcl|NC_037642.1_mrna_XM_006567775.3_10574	2329	2130	0	0
lcl|NC_037642.1_mrna_XM_006567778.3_10575	2299	2100	0	0
lcl|NC_037642.1_mrna_XM_006567777.3_10576	2221	2022	592.279	16.0336
lcl|NC_037642.1_mrna_XM_006567776.3_10577	2319	2120	189.681	4.89748
lcl|NC_037642.1_mrna_XM_001120635.5_10578	2289	2090	844.198	22.1097
lcl|NC_037642.1_mrna_XM_006567780.3_10579	2190	1991	15.9589	0.43875
lcl|NC_037642.1_mrna_XM_006567779.3_10580	2281	2082	192.339	5.05675
lcl|NC_037642.1_mrna_XM_006567781.3_10581	2250	2051	1612.51	43.035
lcl|NC_037642.1_mrna_XM_026440728.1_10582	2108	1909	79.0366	2.26625
lcl|NC_037642.1_mrna_XM_016912122.2_10583	6336	6137	506.749	4.51983
lcl|NC_037642.1_mrna_XM_006567774.3_10584	6128	5929	35386.1	326.69
lcl|NC_037642.1_ncrna_XR_001702869.2_10585	5809	5610	49	0.4781
lcl|NC_037642.1_mrna_XM_026440805.1_10586	8728	8529	0.0639894	0.000410672
lcl|NC_037642.1_mrna_XM_026440804.1_10587	8739	8540	0.0125804	8.06349e-05
lcl|NC_037642.1_mrna_XM_026440809.1_10588	8670	8471	2.91296e-07	1.88228e-09
lcl|NC_037642.1_mrna_XM_026440811.1_10589	8655	8456	0	0
lcl|NC_037642.1_mrna_XM_026440812.1_10590	8652	8453	1.03027e-08	6.67155e-11
lcl|NC_037642.1_mrna_XM_026440807.1_10591	8697	8498	0.0121051	7.7972e-05
lcl|NC_037642.1_mrna_XM_026440813.1_10592	8625	8426	24.4798	0.159027
lcl|NC_037642.1_mrna_XM_026440806.1_10593	8700	8501	4.05852	0.0261326
lcl|NC_037642.1_mrna_XM_026440808.1_10594	8685	8486	37.6971	0.243159
lcl|NC_037642.1_mrna_XM_026440814.1_10595	7028	6829	291.663	2.33782
lcl|NC_037642.1_mrna_XM_006567771.3_10596	7376	7177	9.09022e-07	6.93293e-09
lcl|NC_037642.1_mrna_XM_016912120.2_10597	7322	7123	0.0125296	9.62851e-05
lcl|NC_037642.1_mrna_XM_006567763.3_10598	2513	2314	315.149	7.45483
lcl|NC_037642.1_mrna_XM_392377.7_10599	2589	2390	90.569	2.07428
lcl|NC_037642.1_mrna_XM_026440815.1_10600	2061	1862	375.282	11.0322
lcl|NC_037642.1_mrna_XM_392378.7_10601	1213	1014	255	13.7654
lcl|NC_037642.1_mrna_XM_006567761.3_10602	3976	3777	103.845	1.50496
lcl|NC_037642.1_mrna_XM_006567757.3_10603	4009	3810	1039.34	14.9319
lcl|NC_037642.1_mrna_XM_016912303.2_10604	4163	3964	931.911	12.8684
lcl|NC_037642.1_mrna_XM_006567760.3_10605	3511	3312	20.7838	0.343494
lcl|NC_037642.1_mrna_XM_016912306.2_10606	3665	3466	20.8146	0.328719
lcl|NC_037642.1_mrna_XM_026441050.1_10607	3401	3202	1.71274e-08	2.92789e-10
lcl|NC_037642.1_mrna_XM_006567762.3_10608	3070	2871	1488.38	28.377
lcl|NC_037642.1_miscrna_XR_001703036.2_10609	6188	5989	8.69565e-06	7.94754e-08
lcl|NC_037642.1_miscrna_XR_003304755.1_10610	6183	5984	50.6544	0.463352
lcl|NC_037642.1_miscrna_XR_001703038.2_10611	6054	5855	95.8772	0.896342
lcl|NC_037642.1_miscrna_XR_003304754.1_10612	5793	5594	8.66843e-07	8.48209e-09
lcl|NC_037642.1_miscrna_XR_003304756.1_10613	4672	4473	157.108	1.92259
lcl|NC_037642.1_miscrna_XR_003304757.1_10614	4815	4616	127.671	1.51395
lcl|NC_037642.1_mrna_XM_026441051.1_10615	1559	1360	5.6889	0.228968
lcl|NC_037642.1_mrna_XM_006567756.3_10616	1206	1007	22	1.19585
lcl|NC_037642.1_mrna_XM_006567755.3_10617	1235	1036	245	12.9447
lcl|NC_037642.1_ncrna_XR_410965.3_10618	1000	801	10	0.683365
lcl|NC_037642.1_mrna_XM_392379.6_10619	2169	1970	2284.74	63.4827
lcl|NC_037642.1_mrna_XM_026440883.1_10620	3654	3455	34.2628	0.542826
lcl|NC_037642.1_mrna_XM_006567749.2_10621	3227	3028	74.072	1.33901
lcl|NC_037642.1_mrna_XM_016912383.2_10622	3317	3118	747.909	13.1298
lcl|NC_037642.1_mrna_XM_006567750.3_10623	3126	2927	136.304	2.54902
lcl|NC_037642.1_mrna_XM_001121167.5_10624	1467	1268	294.782	12.7253
lcl|NC_037642.1_mrna_XM_006567752.3_10625	1441	1242	0	0
lcl|NC_037642.1_mrna_XM_026440662.1_10626	1388	1189	10.9046	0.502009
lcl|NC_037642.1_mrna_XM_016912384.2_10627	1344	1145	0	0
lcl|NC_037642.1_mrna_XM_006567754.2_10628	2371	2172	1003.03	25.2778
lcl|NC_037642.1_mrna_XM_003251043.4_10629	1506	1307	0.00165203	6.91873e-05
lcl|NC_037642.1_mrna_XM_001121223.5_10630	1496	1297	472.228	19.9296
lcl|NC_037642.1_mrna_XM_016912418.2_10631	2136	1937	0	0
lcl|NC_037642.1_mrna_XM_006567746.3_10632	2077	1878	690	20.1112
lcl|NC_037642.1_mrna_XM_026440711.1_10633	3981	3782	173.678	2.51368
lcl|NC_037642.1_mrna_XM_016912404.2_10634	3457	3258	13.6275	0.228956
lcl|NC_037642.1_mrna_XM_026440710.1_10635	1682	1483	308.694	11.3939
lcl|NC_037642.1_ncrna_XR_001703143.2_10636	5257	5058	0	0
lcl|NC_037642.1_ncrna_XR_410961.3_10637	5191	4992	0	0
lcl|NC_037642.1_ncrna_XR_410955.3_10638	5283	5084	0	0
lcl|NC_037642.1_ncrna_XR_001703142.2_10639	4375	4176	9.38961	0.123076
lcl|NC_037642.1_ncrna_XR_410957.3_10640	4800	4601	47.6104	0.566415
lcl|NC_037642.1_miscrna_XR_001703139.2_10641	1703	1504	26.5197	0.965176
lcl|NC_037642.1_miscrna_XR_410964.2_10642	1668	1469	0	0
lcl|NC_037642.1_mrna_XM_006567740.2_10643	1626	1427	14.3637	0.550968
lcl|NC_037642.1_miscrna_XR_001703141.2_10644	1330	1131	127.374	6.16459
lcl|NC_037642.1_miscrna_XR_001703140.2_10645	1433	1234	13.7425	0.609586
lcl|NC_037642.1_mrna_XM_396096.7_10646	2643	2444	0	0
lcl|NC_037642.1_mrna_XM_006567744.3_10647	2231	2032	63	1.69708
lcl|NC_037642.1_mrna_XM_026440816.1_10648	2815	2616	60.8539	1.27331
lcl|NC_037642.1_mrna_XM_006567739.3_10649	2808	2609	1112.52	23.3409
lcl|NC_037642.1_mrna_XM_006567738.3_10650	2876	2677	226.63	4.63398
lcl|NC_037642.1_miscrna_XR_410951.2_10651	1944	1745	69.9905	2.19548
lcl|NC_037642.1_miscrna_XR_410952.2_10652	1929	1730	149.043	4.71576
lcl|NC_037642.1_miscrna_XR_001703103.1_10653	1905	1706	65.4681	2.10056
lcl|NC_037642.1_miscrna_XR_410953.2_10654	1890	1691	1165.65	37.732
lcl|NC_037642.1_mrna_XM_624276.5_10655	1745	1546	618.995	21.9161
lcl|NC_037642.1_mrna_XM_006567735.2_10656	1730	1531	1441.66	51.5435
lcl|NC_037642.1_mrna_XM_006567736.2_10657	1706	1507	607.872	22.0792
lcl|NC_037642.1_mrna_XM_026440790.1_10658	2264	2065	498.319	13.2091
lcl|NC_037642.1_mrna_XM_026440791.1_10659	2186	1987	0	0
lcl|NC_037642.1_ncrna_XR_001703104.2_10660	577	378	2	0.289617
lcl|NC_037642.1_miscrna_XR_001703169.2_10661	2116	1917	12.3397	0.352343
lcl|NC_037642.1_miscrna_XR_001703168.2_10662	2010	1811	9.56395	0.289071
lcl|NC_037642.1_mrna_XM_624318.6_10663	2030	1831	145.522	4.35036
lcl|NC_037642.1_mrna_XM_003251041.4_10664	1925	1726	65.5744	2.07959
lcl|NC_037642.1_mrna_XM_016912475.2_10665	1850	1651	20.0294	0.664057
lcl|NC_037642.1_mrna_XM_006567730.3_10666	2531	2332	23.9706	0.562647
lcl|NC_037642.1_mrna_XM_016912472.2_10667	2548	2349	0	0
lcl|NC_037642.1_mrna_XM_026441070.1_10668	1885	1686	94.9797	3.0836
lcl|NC_037642.1_mrna_XM_026441068.1_10669	1647	1448	1391.54	52.6033
lcl|NC_037642.1_mrna_XM_026441069.1_10670	2048	1849	6874.48	203.511
lcl|NC_037642.1_mrna_XM_026441066.1_10671	2564	2365	1152	26.6629
lcl|NC_037642.1_mrna_XM_001123131.5_10672	1464	1265	1318	57.0309
lcl|NC_037642.1_mrna_XM_006567723.3_10673	1028	829	184.234	12.1647
lcl|NC_037642.1_mrna_XM_001123128.5_10674	1019	820	230.766	15.4043
lcl|NC_037642.1_mrna_XM_026440644.1_10675	3181	2982	9.38113	0.1722
lcl|NC_037642.1_mrna_XM_006567719.3_10676	2218	2019	293.619	7.96036
lcl|NC_037642.1_mrna_XM_006567722.3_10677	2636	2437	362	8.13089
lcl|NC_037642.1_mrna_XM_016912417.2_10678	3195	2996	75.2906	1.37558
lcl|NC_037642.1_mrna_XM_016912416.2_10679	3213	3014	0.0392396	0.000712635
lcl|NC_037642.1_miscrna_XR_410949.3_10680	2508	2309	13.0842	0.310176
lcl|NC_037642.1_mrna_XM_395074.7_10681	2352	2153	841.311	21.3894
lcl|NC_037642.1_mrna_XM_026440739.1_10682	3269	3070	0.274982	0.00490288
lcl|NC_037642.1_ncrna_XR_001703159.1_10683	386	187	0	0
lcl|NC_037642.1_mrna_XM_006567705.3_10684	1440	1241	61	2.69056
lcl|NC_037642.1_mrna_XM_003251040.4_10685	1444	1245	0	0
lcl|NC_037642.1_mrna_XM_026440845.1_10686	1183	984	311	17.3002
lcl|NC_037642.1_mrna_XM_026440884.1_10687	2756	2557	11	0.235476
lcl|NC_037642.1_mrna_XM_003251037.3_10688	644	445	606	74.5415
lcl|NC_037642.1_mrna_XM_006567707.3_10689	1922	1723	571	18.14
lcl|NC_037642.1_mrna_XM_006567708.3_10690	1923	1724	1111	35.2746
lcl|NC_037642.1_ncrna_XR_001702929.2_10691	1354	1155	14	0.663485
lcl|NC_037642.1_mrna_XM_016912202.2_10692	2933	2734	5786	115.842
lcl|NC_037642.1_mrna_XM_003251035.4_10693	908	709	18.3253	1.41479
lcl|NC_037642.1_miscrna_XR_003304693.1_10694	959	760	17.56	1.26472
lcl|NC_037642.1_miscrna_XR_001702928.1_10695	677	478	11.1147	1.27278
lcl|NC_037642.1_mrna_XM_026440572.1_10696	1344	1145	1114	53.2556
lcl|NC_037642.1_mrna_XM_006567712.3_10697	3618	3419	581.728	9.31336
lcl|NC_037642.1_mrna_XM_026440573.1_10698	3760	3561	752.35	11.5647
lcl|NC_037642.1_mrna_XM_016912200.2_10699	3902	3703	169.683	2.50825
lcl|NC_037642.1_mrna_XM_026440574.1_10700	3932	3733	0.00641564	9.40735e-05
lcl|NC_037642.1_mrna_XM_006567716.3_10701	3564	3365	379.76	6.17745
lcl|NC_037642.1_mrna_XM_006567715.3_10702	3680	3481	914.939	14.3871
lcl|NC_037642.1_mrna_XM_006567713.3_10703	3644	3445	802.569	12.752
lcl|NC_037642.1_mrna_XM_006567714.3_10704	3654	3455	224.685	3.55969
lcl|NC_037642.1_mrna_XM_006567718.3_10705	3472	3273	80.8245	1.35171
lcl|NC_037642.1_mrna_XM_006567717.3_10706	3661	3462	12.4539	0.196908
lcl|NC_037642.1_mrna_XM_016912201.2_10707	3553	3354	0	0
lcl|NC_037642.1_mrna_XM_016912198.2_10708	3619	3420	8	0.128041
lcl|NC_037642.1_mrna_XM_016912203.2_10709	737	538	225	22.8921
lcl|NC_037642.1_mrna_XM_006567701.3_10710	2082	1883	473	13.7498
lcl|NC_037642.1_mrna_XM_006567702.3_10711	2109	1910	7.44484e-06	2.13357e-07
lcl|NC_037642.1_mrna_XM_026440576.1_10712	476	277	172	33.9887
lcl|NC_037642.1_miscrna_XR_001702926.2_10713	2086	1887	107.416	3.11589
lcl|NC_037642.1_mrna_XM_006567700.3_10714	2288	2089	592.584	15.5273
lcl|NC_037642.1_mrna_XM_006567695.3_10715	1315	1116	130.952	6.42294
lcl|NC_037642.1_mrna_XM_624612.5_10716	1283	1084	147.048	7.42531
lcl|NC_037642.1_mrna_XM_003251031.4_10717	2293	2094	66.4705	1.73755
lcl|NC_037642.1_mrna_XM_006567697.3_10718	2203	2004	444.53	12.1419
lcl|NC_037642.1_mrna_XM_006567699.3_10719	1212	1013	3.28256e-05	1.77373e-06
lcl|NC_037642.1_mrna_XM_006567698.3_10720	1214	1015	547.818	29.5431
lcl|NC_037642.1_mrna_XM_624575.5_10721	1528	1329	760.182	31.3096
lcl|NC_037642.1_mrna_XM_393017.7_10722	1731	1532	23.9987	0.857462
lcl|NC_037642.1_mrna_XM_006567694.3_10723	1743	1544	0.00127017	4.50299e-05
lcl|NC_037642.1_mrna_XM_395986.5_10724	2130	1931	137	3.8835
lcl|NC_037642.1_mrna_NM_001123013.2_10725	6157	5958	223.985	2.0578
lcl|NC_037642.1_mrna_XM_016912057.2_10726	6024	5825	461.015	4.33216
lcl|NC_037642.1_mrna_XM_006567692.3_10727	612	413	6285	832.991
lcl|NC_037642.1_mrna_XM_006567689.3_10728	3484	3285	1.37714e-07	2.29471e-09
lcl|NC_037642.1_mrna_XM_006567688.3_10729	3573	3374	1383.71	22.4484
lcl|NC_037642.1_mrna_XM_006567690.3_10730	3474	3275	503.153	8.40957
lcl|NC_037642.1_mrna_XM_001121783.5_10731	3576	3377	2.13807	0.0346559
lcl|NC_037642.1_mrna_XM_006567684.3_10732	2634	2435	318.796	7.16638
lcl|NC_037642.1_mrna_XM_016912399.2_10733	2605	2406	0	0
lcl|NC_037642.1_mrna_XM_026440560.1_10734	2242	2043	2023.31	54.2099
lcl|NC_037642.1_mrna_XM_006567685.3_10735	2363	2164	0	0
lcl|NC_037642.1_mrna_XM_026440559.1_10736	2195	1996	38.5062	1.05598
lcl|NC_037642.1_mrna_XM_016912402.2_10737	1593	1394	718.392	28.2088
lcl|NC_037642.1_mrna_XM_026440557.1_10738	5013	4814	682.281	7.75788
lcl|NC_037642.1_mrna_XM_026440555.1_10739	5164	4965	296.113	3.26456
lcl|NC_037642.1_mrna_XM_026440556.1_10740	5030	4831	576.605	6.53321
lcl|NC_037642.1_mrna_XM_026440829.1_10741	4813	4614	1071	12.7057
lcl|NC_037642.1_mrna_XM_026440827.1_10742	16380	16181	1347.95	4.55988
lcl|NC_037642.1_mrna_XM_026440826.1_10743	16383	16184	1.10816e-06	3.74803e-09
lcl|NC_037642.1_mrna_XM_026440828.1_10744	16073	15874	7799.42	26.8944
lcl|NC_037642.1_mrna_XM_003251028.4_10745	738	539	403	40.9262
lcl|NC_037642.1_mrna_XM_623360.6_10746	1735	1536	729	25.979
lcl|NC_037642.1_mrna_XM_006567676.3_10747	2252	2053	1508.45	40.2187
lcl|NC_037642.1_mrna_XM_016912192.2_10748	2342	2143	214.037	5.46705
lcl|NC_037642.1_mrna_XM_016912195.2_10749	2065	1866	937.419	27.4984
lcl|NC_037642.1_mrna_XM_016912190.2_10750	2428	2229	79.9374	1.96302
lcl|NC_037642.1_mrna_XM_016912193.2_10751	2306	2107	0	0
lcl|NC_037642.1_mrna_XM_016912194.2_10752	2214	2015	239.873	6.51616
lcl|NC_037642.1_mrna_XM_016912191.2_10753	2373	2174	131.573	3.31278
lcl|NC_037642.1_mrna_XM_026440579.1_10754	2289	2090	0	0
lcl|NC_037642.1_mrna_XM_016912196.2_10755	2787	2588	481.233	10.1783
lcl|NC_037642.1_mrna_XM_006567675.3_10756	2679	2480	1345.47	29.6967
lcl|NC_037642.1_mrna_XM_026440581.1_10757	1548	1349	204.16	8.28408
lcl|NC_037642.1_mrna_XM_392383.7_10758	1504	1305	3030.84	127.127
lcl|NC_037642.1_mrna_XM_006567670.3_10759	3863	3664	152.064	2.27172
lcl|NC_037642.1_mrna_XM_016912188.2_10760	1193	994	279.437	15.3881
lcl|NC_037642.1_mrna_XM_006567666.3_10761	1225	1026	288.563	15.3949
lcl|NC_037642.1_mrna_XM_016912189.2_10762	1085	886	3.83278e-08	2.36791e-09
lcl|NC_037642.1_mrna_XM_026440936.1_10763	4353	4154	11205.1	147.651
lcl|NC_037642.1_mrna_XM_016912187.2_10764	4917	4718	2820.41	32.722
lcl|NC_037642.1_mrna_XM_016912186.2_10765	4864	4665	3442.45	40.3925
lcl|NC_037642.1_mrna_XM_026440885.1_10766	3297	3098	218	3.85177
lcl|NC_037642.1_mrna_XM_006567659.3_10767	6360	6161	142.65	1.26737
lcl|NC_037642.1_mrna_XM_006567660.3_10768	6360	6161	1882.36	16.7239
lcl|NC_037642.1_mrna_XM_006567655.3_10769	6360	6161	156.212	1.38787
lcl|NC_037642.1_mrna_XM_006567662.3_10770	7456	7257	488.706	3.68618
lcl|NC_037642.1_mrna_XM_006567663.3_10771	7455	7256	80.0959	0.604224
lcl|NC_037642.1_mrna_XM_006567657.3_10772	7455	7256	9.3173	0.0702875
lcl|NC_037642.1_mrna_XM_006567664.3_10773	6461	6262	60.8049	0.531509
lcl|NC_037642.1_mrna_XM_006567658.3_10774	6411	6212	331.152	2.91797
lcl|NC_037642.1_mrna_XM_394588.7_10775	6411	6212	4252.91	37.4748
lcl|NC_037642.1_mrna_XM_006567654.3_10776	6411	6212	362.659	3.1956
lcl|NC_037642.1_mrna_XM_006567665.3_10777	6489	6290	0.0857941	0.000746607
lcl|NC_037642.1_mrna_XM_016912269.2_10778	6438	6239	417.934	3.66672
lcl|NC_037642.1_mrna_XM_006567656.3_10779	6438	6239	35.0904	0.307864
lcl|NC_037642.1_mrna_XM_392381.5_10780	3203	3004	8738.59	159.231
lcl|NC_037642.1_mrna_XM_006567652.1_10781	3211	3012	234.408	4.25994
lcl|NC_037642.1_mrna_XM_026441058.1_10782	4247	4048	5087	68.787
lcl|NC_037642.1_mrna_XM_393080.7_10783	2700	2501	160.592	3.51475
lcl|NC_037642.1_mrna_XM_006567650.3_10784	2433	2234	74.4084	1.82316
lcl|NC_037642.1_mrna_XM_395357.6_10785	3749	3550	6042	93.1618
lcl|NC_037642.1_mrna_XM_006567649.3_10786	2559	2360	529.092	12.2717
lcl|NC_037642.1_mrna_XM_006567648.3_10787	2568	2369	117.908	2.72436
lcl|NC_037642.1_mrna_XM_026440726.1_10788	1742	1543	11	0.390222
lcl|NC_037642.1_mrna_XM_003251098.4_10789	4995	4796	227.547	2.59704
lcl|NC_037642.1_mrna_XM_016912282.2_10790	4721	4522	76.4526	0.925437
lcl|NC_037642.1_mrna_XM_001120222.3_10791	1658	1459	131	4.91475
lcl|NC_037642.1_mrna_XM_394859.7_10792	1112	913	9449	566.501
lcl|NC_037642.1_mrna_XM_026440980.1_10793	3320	3121	37.593	0.659324
lcl|NC_037642.1_mrna_XM_026440978.1_10794	3250	3051	0	0
lcl|NC_037642.1_mrna_XM_026440981.1_10795	3247	3048	11.5118	0.206734
lcl|NC_037642.1_mrna_XM_026440979.1_10796	3127	2928	0	0
lcl|NC_037642.1_mrna_XM_026440982.1_10797	2726	2527	9.44887	0.204673
lcl|NC_037642.1_mrna_XM_026440983.1_10798	6072	5873	961.446	8.96087
lcl|NC_037642.1_mrna_XM_006567646.3_10799	3141	2942	1478	27.499
lcl|NC_037642.1_mrna_XM_006567644.3_10800	883	684	166	13.2843
lcl|NC_037642.1_mrna_XM_624675.6_10801	3411	3212	14369.4	244.877
lcl|NC_037642.1_mrna_XM_016912276.2_10802	3422	3223	831.585	14.1232
lcl|NC_037642.1_mrna_XM_624699.5_10803	2428	2229	1677	41.1821
lcl|NC_037642.1_mrna_XM_006567640.3_10804	2974	2775	422.171	8.32742
lcl|NC_037642.1_mrna_XM_006567641.3_10805	2435	2236	324.829	7.95186
lcl|NC_037642.1_mrna_XM_016912275.2_10806	1045	846	754	48.785
lcl|NC_037642.1_mrna_XM_624757.5_10807	744	545	328	32.943
lcl|NC_037642.1_mrna_XM_016912455.2_10808	2094	1895	57.4528	1.65954
lcl|NC_037642.1_mrna_XM_016912454.2_10809	2241	2042	203.598	5.45763
lcl|NC_037642.1_mrna_XM_016912453.2_10810	2190	1991	216.949	5.96446
lcl|NC_037642.1_mrna_XM_016912262.2_10811	1222	1023	492	26.3254
lcl|NC_037642.1_mrna_XM_006567636.3_10812	2789	2590	1340	28.3198
lcl|NC_037642.1_mrna_XM_624824.6_10813	1169	970	153	8.63386
lcl|NC_037642.1_mrna_XM_395694.6_10814	2778	2579	3037	64.4583
lcl|NC_037642.1_mrna_XM_006567634.3_10815	1998	1799	142.15	4.32514
lcl|NC_037642.1_mrna_XM_006567635.3_10816	1807	1608	305.85	10.4114
lcl|NC_037642.1_precursorrna_NR_034289.1_10817	100	4.26726	0	0
lcl|NC_037642.1_ncrna_10818	22	2.73612	0	0
lcl|NC_037642.1_precursorrna_NR_034308.1_10819	91	3.99311	0	0
lcl|NC_037642.1_ncrna_10820	21	2.72438	0	0
lcl|NC_037642.1_mrna_XM_006567595.3_10821	3491	3292	441.519	7.34133
lcl|NC_037642.1_mrna_XM_006567598.3_10822	3434	3235	8226.2	139.191
lcl|NC_037642.1_mrna_XM_006567594.3_10823	3574	3375	29.4662	0.477899
lcl|NC_037642.1_mrna_XM_016912042.2_10824	3521	3322	0.0890062	0.00146658
lcl|NC_037642.1_mrna_XM_006567597.3_10825	3536	3337	0.504728	0.00827916
lcl|NC_037642.1_mrna_XM_006567601.3_10826	3500	3301	3544.14	58.7693
lcl|NC_037642.1_mrna_XM_006567596.3_10827	3542	3343	0	0
lcl|NC_037642.1_mrna_XM_006567600.3_10828	3506	3307	69.7421	1.15437
lcl|NC_037642.1_mrna_XM_006567599.3_10829	3521	3322	383.258	6.31505
lcl|NC_037642.1_mrna_NM_001162516.1_10830	1759	1560	0	0
lcl|NC_037642.1_ncrna_XR_001702979.2_10831	2403	2204	39.3504	0.977288
lcl|NC_037642.1_ncrna_XR_003304702.1_10832	3552	3353	24.9757	0.407727
lcl|NC_037642.1_ncrna_XR_003304701.1_10833	3742	3543	13.6062	0.21021
lcl|NC_037642.1_ncrna_XR_410930.3_10834	3849	3650	73.0677	1.09577
lcl|NC_037642.1_ncrna_XR_410929.3_10835	3957	3758	0	0
lcl|NC_037642.1_mrna_XM_003251068.4_10836	12565	12366	12	0.0531175
lcl|NC_037642.1_mrna_XM_026441039.1_10837	5151	4952	40.8918	0.452003
lcl|NC_037642.1_mrna_XM_026441040.1_10838	3940	3741	88.8225	1.29963
lcl|NC_037642.1_mrna_XM_026441041.1_10839	4843	4644	82.2857	0.969879
lcl|NC_037642.1_mrna_XM_006567631.3_10840	2193	1994	34.3793	0.943751
lcl|NC_037642.1_mrna_XM_623440.5_10841	2325	2126	0	0
lcl|NC_037642.1_mrna_XM_016912233.2_10842	2077	1878	7.62069	0.222118
lcl|NC_037642.1_mrna_NM_001011574.1_10843	1940	1741	12	0.377283
lcl|NC_037642.1_mrna_XM_001120140.5_10844	897	698	11662	914.54
lcl|NC_037642.1_mrna_XM_026440798.1_10845	4713	4514	0.000111431	1.35123e-06
lcl|NC_037642.1_mrna_XM_026440799.1_10846	4705	4506	0.000451172	5.48071e-06
lcl|NC_037642.1_mrna_XM_026440800.1_10847	4687	4488	153.121	1.86753
lcl|NC_037642.1_mrna_XM_624889.6_10848	4679	4480	629.995	7.69741
lcl|NC_037642.1_mrna_XM_006567624.3_10849	3451	3252	0	0
lcl|NC_037642.1_miscrna_XR_001702959.2_10850	3777	3578	0.221571	0.00338968
lcl|NC_037642.1_mrna_XM_006567621.3_10851	3769	3570	3.73533	0.0572725
lcl|NC_037642.1_mrna_XM_392388.7_10852	3912	3713	0	0
lcl|NC_037642.1_mrna_XM_026440714.1_10853	3706	3507	0	0
lcl|NC_037642.1_mrna_XM_006567619.3_10854	3849	3650	0	0
lcl|NC_037642.1_mrna_XM_006567618.3_10855	3772	3573	1.29405	0.0198246
lcl|NC_037642.1_mrna_XM_006567620.3_10856	3090	2891	26.749	0.50646
lcl|NC_037642.1_ncrna_XR_410928.3_10857	2372	2173	1	0.0251898
lcl|NC_037642.1_ncrna_XR_003304682.1_10858	686	487	0	0
lcl|NC_037642.1_ncrna_XR_003304643.1_10859	661	462	0	0
lcl|NC_037642.1_mrna_XM_016912430.2_10860	823	624	0	0
lcl|NC_037642.1_mrna_XM_026440628.1_10861	1576	1377	12	0.477016
lcl|NC_037642.1_mrna_XM_006567610.3_10862	1461	1262	195	8.45786
lcl|NC_037642.1_mrna_XM_006567609.3_10863	1461	1262	195	8.45786
lcl|NC_037642.1_mrna_XM_026440624.1_10864	3354	3155	19.3928	0.336454
lcl|NC_037642.1_mrna_XM_624935.5_10865	732	533	396	40.668
lcl|NC_037642.1_mrna_XM_006567608.3_10866	1463	1264	1177	50.97
lcl|NC_037642.1_mrna_XM_026440622.1_10867	3365	3166	173.935	3.0072
lcl|NC_037642.1_mrna_XM_026440626.1_10868	3362	3163	161.243	2.79041
lcl|NC_037642.1_mrna_XM_026440627.1_10869	3346	3147	10.8385	0.18852
lcl|NC_037642.1_mrna_XM_026440623.1_10870	3235	3036	626.606	11.2974
lcl|NC_037642.1_mrna_XM_397264.6_10871	2220	2021	1588.02	43.0104
lcl|NC_037642.1_mrna_XM_006567603.3_10872	2286	2087	68.9835	1.80929
lcl|NC_037642.1_mrna_XM_006567604.3_10873	1791	1592	285.565	9.81855
lcl|NC_037642.1_mrna_XM_006567605.3_10874	1778	1579	668.76	23.1832
lcl|NC_037642.1_mrna_XM_395429.6_10875	1868	1669	86.6747	2.84264
lcl|NC_037642.1_mrna_XM_006567602.3_10876	2480	2281	118.653	2.84733
lcl|NC_037642.1_mrna_XM_397095.6_10877	2462	2263	576.347	13.9407
lcl|NC_037642.1_mrna_XM_395689.7_10878	2041	1842	1657	49.24
lcl|NC_037642.1_mrna_XM_026440713.1_10879	2079	1880	70	2.0381
lcl|NC_037642.1_mrna_XM_026440712.1_10880	1703	1504	725	26.3861
lcl|NC_037642.1_mrna_XM_016912115.2_10881	804	605	31	2.80473
lcl|NC_037642.1_mrna_XM_623834.5_10882	1255	1056	373	19.3344
lcl|NC_037642.1_mrna_XM_392874.7_10883	6584	6385	118.997	1.02015
lcl|NC_037642.1_mrna_XM_016912313.2_10884	6457	6258	2571	22.4881
lcl|NC_037642.1_mrna_XM_026440646.1_10885	4333	4134	5529	73.2085
lcl|NC_037642.1_mrna_XM_006569483.3_10886	876	677	320.363	25.9024
lcl|NC_037642.1_mrna_XM_026440834.1_10887	676	477	0	0
lcl|NC_037642.1_mrna_XM_006569482.3_10888	887	688	187.637	14.9284
lcl|NC_037642.1_mrna_XM_026440832.1_10889	1580	1381	23.1997	0.919547
lcl|NC_037642.1_mrna_XM_624240.6_10890	1577	1378	93.0676	3.69687
lcl|NC_037642.1_mrna_XM_026440833.1_10891	1411	1212	432.733	19.5435
lcl|NC_037642.1_mrna_XM_624263.5_10892	1758	1559	4178.63	146.715
lcl|NC_037642.1_mrna_XM_006569488.3_10893	1669	1470	949.366	35.351
lcl|NC_037642.1_mrna_XM_006569487.1_10894	1433	1234	0	0
lcl|NC_037642.1_mrna_XM_395117.7_10895	1774	1575	158	5.49113
lcl|NC_037642.1_mrna_XM_006569489.3_10896	3591	3392	121	1.95261
lcl|NC_037642.1_ncrna_XR_003304745.1_10897	6825	6626	49	0.40479
lcl|NC_037642.1_mrna_XM_001121569.5_10898	1769	1570	24144.1	841.777
lcl|NC_037642.1_mrna_XM_624354.6_10899	1517	1318	1507	62.5869
lcl|NC_037642.1_mrna_XM_003251355.4_10900	534	335	2427	396.561
lcl|NC_037642.1_mrna_XM_393097.7_10901	2883	2684	555	11.3187
lcl|NC_037642.1_mrna_XM_016912371.2_10902	547	348	65.011	10.2257
lcl|NC_037642.1_mrna_XM_001121637.5_10903	456	257	68.989	14.6937
lcl|NC_037642.1_mrna_XM_006569491.3_10904	941	742	440	32.4589
lcl|NC_037642.1_mrna_XM_016912370.2_10905	539	340	100	16.0993
lcl|NC_037642.1_mrna_XM_003251352.4_10906	942	743	265	19.5228
lcl|NC_037642.1_mrna_XM_006569493.3_10907	2671	2472	101.602	2.24977
lcl|NC_037642.1_mrna_XM_003251353.4_10908	2690	2491	517.398	11.3694
lcl|NC_037642.1_mrna_XM_395563.7_10909	4174	3975	1353	18.6314
lcl|NC_037642.1_mrna_XM_006569496.3_10910	2233	2034	0	0
lcl|NC_037642.1_mrna_XM_016912266.2_10911	2362	2163	7	0.177144
lcl|NC_037642.1_mrna_XM_026440545.1_10912	5391	5192	3.63978e-05	3.8373e-07
lcl|NC_037642.1_mrna_XM_016912064.2_10913	5644	5445	0.000937152	9.42101e-06
lcl|NC_037642.1_mrna_XM_016912061.2_10914	5682	5483	53.5192	0.53429
lcl|NC_037642.1_mrna_XM_016912062.2_10915	5615	5416	78.5552	0.793929
lcl|NC_037642.1_trna_10916	74	3.56892	0	0
lcl|NC_037642.1_mrna_XM_016912063.2_10917	5477	5278	94.156	0.976482
lcl|NC_037642.1_mrna_NM_001079561.1_10918	1699	1500	2.13401e-05	7.78737e-07
lcl|NC_037642.1_mrna_XM_026440544.1_10919	5037	4838	197.354	2.23288
lcl|NC_037642.1_mrna_XM_026440543.1_10920	5948	5749	65.6055	0.624645
lcl|NC_037642.1_mrna_XM_016912067.2_10921	5176	4977	3.04184	0.0334544
lcl|NC_037642.1_mrna_XM_016912066.2_10922	5565	5366	0	0
lcl|NC_037642.1_mrna_XM_001121801.5_10923	1533	1334	355	14.5666
lcl|NC_037642.1_mrna_XM_394596.6_10924	3165	2966	2048	37.7958
lcl|NC_037642.1_mrna_XM_006569499.3_10925	2840	2641	0	0
lcl|NC_037642.1_mrna_XM_006569500.3_10926	3654	3455	1218	19.2968
lcl|NC_037642.1_mrna_XM_392391.6_10927	1123	924	626.347	37.1047
lcl|NC_037642.1_mrna_XM_026440634.1_10928	2493	2294	398.653	9.51232
lcl|NC_037642.1_mrna_XM_006569507.3_10929	2514	2315	270	6.38408
lcl|NC_037642.1_mrna_XM_392390.5_10930	1301	1102	9055.17	449.78
lcl|NC_037642.1_mrna_XM_006569509.3_10931	1674	1475	1516.83	56.2897
lcl|NC_037642.1_mrna_XM_016912182.2_10932	3346	3147	545.755	9.49263
lcl|NC_037642.1_mrna_XM_026440566.1_10933	3124	2925	99.8762	1.86905
lcl|NC_037642.1_mrna_XM_026440563.1_10934	3030	2831	0	0
lcl|NC_037642.1_trna_10935	73	3.5471	0	0
lcl|NC_037642.1_ncrna_XR_003304639.1_10936	4900	4701	98	1.14109
lcl|NC_037642.1_ncrna_XR_001702923.2_10937	6573	6374	10	0.0858763
lcl|NC_037642.1_mrna_XM_026440565.1_10938	3365	3166	20.0579	0.346785
lcl|NC_037642.1_mrna_XM_026440567.1_10939	3263	3064	0	0
lcl|NC_037642.1_mrna_XM_026440564.1_10940	3355	3156	84.3587	1.46311
lcl|NC_037642.1_mrna_XM_026440568.1_10941	3296	3097	0	0
lcl|NC_037642.1_mrna_XM_026440570.1_10942	2823	2624	0	0
lcl|NC_037642.1_mrna_XM_026440562.1_10943	3020	2821	3.95184	0.0766799
lcl|NC_037642.1_ncrna_XR_001702921.2_10944	1548	1349	6	0.243458
lcl|NC_037642.1_ncrna_XR_003304640.1_10945	6018	5819	212.711	2.0009
lcl|NC_037642.1_mrna_XM_006569951.2_10946	3704	3505	3115.98	48.6622
lcl|NC_037642.1_mrna_XM_026440569.1_10947	2584	2385	0	0
lcl|NC_037642.1_ncrna_XR_001702919.2_10948	2091	1892	0.0001648	4.76783e-06
lcl|NC_037642.1_ncrna_XR_001702918.2_10949	2096	1897	80.1789	2.31354
lcl|NC_037642.1_ncrna_XR_411703.3_10950	2381	2182	157.83	3.95931
lcl|NC_037642.1_ncrna_XR_411701.2_10951	2494	2295	214.991	5.12771
lcl|NC_037642.1_mrna_XM_026441035.1_10952	4002	3803	556.934	8.0161
lcl|NC_037642.1_mrna_XM_026441034.1_10953	4043	3844	5043.07	71.8119
lcl|NC_037642.1_mrna_XM_016912300.2_10954	5810	5611	225.324	2.19813
lcl|NC_037642.1_mrna_XM_006569945.3_10955	4401	4202	0	0
lcl|NC_037642.1_mrna_XM_006569946.3_10956	4377	4178	22.2072	0.290944
lcl|NC_037642.1_mrna_XM_394598.7_10957	4389	4190	458.469	5.98937
lcl|NC_037642.1_ncrna_XR_001703032.1_10958	545	346	0	0
lcl|NC_037642.1_mrna_XM_006569947.3_10959	959	760	442.281	31.8545
lcl|NC_037642.1_mrna_XM_016912302.2_10960	1027	828	280.719	18.5578
lcl|NC_037642.1_mrna_XM_006569950.3_10961	624	425	1732	223.072
lcl|NC_037642.1_mrna_XM_001122059.5_10962	1617	1418	458	17.6797
lcl|NC_037642.1_mrna_XM_006569940.3_10963	8486	8287	1869.73	12.35
lcl|NC_037642.1_mrna_XM_016912342.2_10964	8474	8275	1988.27	13.152
lcl|NC_037642.1_mrna_XM_026440561.1_10965	844	645	20	1.69729
lcl|NC_037642.1_mrna_XM_016912431.2_10966	3886	3687	766	11.3721
lcl|NC_037642.1_mrna_XM_006569938.3_10967	1922	1723	5.16518	0.164091
lcl|NC_037642.1_mrna_XM_395132.7_10968	2081	1882	118.327	3.44151
lcl|NC_037642.1_ncrna_XR_411694.3_10969	1213	1014	40	2.15927
lcl|NC_037642.1_mrna_XM_006569937.3_10970	1570	1371	131.888	5.26565
lcl|NC_037642.1_mrna_XM_624700.6_10971	1789	1590	1086.11	37.3906
lcl|NC_037642.1_mrna_XM_006569936.3_10972	6164	5965	1056	9.69033
lcl|NC_037642.1_mrna_XM_026440694.1_10973	5689	5490	0	0
lcl|NC_037642.1_mrna_XM_026440697.1_10974	5821	5622	80.9406	0.788063
lcl|NC_037642.1_mrna_XM_026440696.1_10975	5673	5474	17.7715	0.177707
lcl|NC_037642.1_mrna_XM_026440695.1_10976	5580	5381	10.2879	0.104652
lcl|NC_037642.1_ncrna_XR_411691.3_10977	1099	900	1	0.0608195
lcl|NC_037642.1_mrna_XM_394855.6_10978	2324	2125	33527	863.617
lcl|NC_037642.1_ncrna_XR_001703171.2_10979	563	364	33	4.96247
lcl|NC_037642.1_mrna_XM_006569932.3_10980	2043	1844	523.372	15.5359
lcl|NC_037642.1_mrna_XM_623712.6_10981	2062	1863	1766.63	51.906
lcl|NC_037642.1_mrna_XM_006569933.3_10982	1303	1104	745	36.9379
lcl|NC_037642.1_mrna_XM_006569931.3_10983	1365	1166	183.229	8.60161
lcl|NC_037642.1_mrna_XM_016912456.2_10984	1155	956	227.771	13.0415
lcl|NC_037642.1_mrna_XM_006569930.3_10985	1444	1245	51.9337	2.28331
lcl|NC_037642.1_mrna_XM_625072.6_10986	1799	1600	667.066	22.821
lcl|NC_037642.1_mrna_XM_625066.5_10987	1367	1168	984	46.1145
lcl|NC_037642.1_mrna_XM_026441007.1_10988	10002	9803	11.312	0.0631634
lcl|NC_037642.1_mrna_XM_625059.6_10989	10041	9842	2146.43	11.9376
lcl|NC_037642.1_mrna_XM_006569929.3_10990	10044	9845	3457.26	19.2221
lcl|NC_037642.1_mrna_XM_006569959.2_10991	1381	1182	377	17.4586
lcl|NC_037642.1_mrna_XM_003251401.4_10992	1481	1282	2154	91.9693
lcl|NC_037642.1_mrna_XM_001120336.5_10993	2182	1983	596	16.4516
lcl|NC_037642.1_mrna_XM_397127.6_10994	973	774	763	53.9596
lcl|NC_037642.1_mrna_XM_006569928.3_10995	2045	1846	465	13.7882
lcl|NC_037642.1_mrna_XM_026440518.1_10996	1147	948	0	0
lcl|NC_037642.1_mrna_NM_001246251.2_10997	2471	2272	0	0
lcl|NC_037642.1_mrna_XM_001120503.5_10998	3566	3367	5	0.0812853
lcl|NC_037642.1_mrna_XM_026440899.1_10999	3708	3509	0	0
lcl|NC_037642.1_mrna_XM_006569927.3_11000	633	434	1	0.126123
lcl|NC_037642.1_mrna_XM_397125.7_11001	1951	1752	116	3.62418
lcl|NC_037642.1_mrna_XM_001120636.5_11002	636	437	1204	150.81
lcl|NC_037642.1_mrna_XM_006569890.3_11003	2567	2368	69974.6	1617.5
lcl|NC_037642.1_mrna_XM_006569891.2_11004	2453	2254	99.8298	2.42433
lcl|NC_037642.1_mrna_XM_006569892.2_11005	2586	2387	37.639	0.863119
lcl|NC_037642.1_mrna_XM_006569894.2_11006	2579	2380	6007.15	138.158
lcl|NC_037642.1_mrna_NM_001014993.1_11007	1386	1187	18957.7	874.221
lcl|NC_037642.1_mrna_XM_026440916.1_11008	9219	9020	99	0.600778
lcl|NC_037642.1_ncrna_XR_411686.3_11009	1849	1650	53	1.75824
lcl|NC_037642.1_mrna_XM_026440915.1_11010	2693	2494	11	0.241425
lcl|NC_037642.1_ncrna_XR_411684.3_11011	3672	3473	371.67	5.85784
lcl|NC_037642.1_ncrna_XR_411683.3_11012	3882	3683	35.0545	0.520987
lcl|NC_037642.1_ncrna_XR_001703163.2_11013	3646	3447	109.346	1.73639
lcl|NC_037642.1_ncrna_XR_001703162.2_11014	3557	3358	96.5536	1.57389
lcl|NC_037642.1_ncrna_XR_001703161.2_11015	3590	3391	203.967	3.29243
lcl|NC_037642.1_ncrna_XR_001703160.2_11016	3638	3439	260.409	4.14486
lcl|NC_037642.1_mrna_XM_026441011.1_11017	3923	3724	0	0
lcl|NC_037642.1_mrna_XM_026441012.1_11018	4098	3899	130.085	1.82625
lcl|NC_037642.1_mrna_XM_026441013.1_11019	4053	3854	38.7758	0.550725
lcl|NC_037642.1_mrna_XM_026441008.1_11020	4107	3908	0	0
lcl|NC_037642.1_mrna_XM_026441010.1_11021	3981	3782	0	0
lcl|NC_037642.1_mrna_XM_016912403.2_11022	4013	3814	0	0
lcl|NC_037642.1_mrna_XM_026441014.1_11023	3230	3031	1511.27	27.2924
lcl|NC_037642.1_mrna_XM_026441009.1_11024	4024	3825	7.22356	0.103372
lcl|NC_037642.1_mrna_XM_026441015.1_11025	3471	3272	136.644	2.28593
lcl|NC_037642.1_mrna_XM_026441017.1_11026	1870	1671	658.17	21.5599
lcl|NC_037642.1_miscrna_XR_003304744.1_11027	2084	1885	359.175	10.4299
lcl|NC_037642.1_mrna_XM_006569923.3_11028	1865	1666	124.851	4.10207
lcl|NC_037642.1_mrna_XM_395764.6_11029	1973	1774	0	0
lcl|NC_037642.1_mrna_XM_006569921.3_11030	2198	1999	226.804	6.21044
lcl|NC_037642.1_mrna_XM_026441016.1_11031	5034	4835	5393	61.0547
lcl|NC_037642.1_ncrna_XR_003304762.1_11032	128	5.45872	0	0
lcl|NC_037642.1_mrna_XM_026440932.1_11033	5841	5642	3564.12	34.5784
lcl|NC_037642.1_mrna_XM_026440933.1_11034	2296	2097	0	0
lcl|NC_037642.1_ncrna_XR_003304716.1_11035	3478	3279	16	0.267094
lcl|NC_037642.1_mrna_XM_393469.6_11036	2441	2242	251	6.12807
lcl|NC_037642.1_mrna_XM_397030.5_11037	1458	1259	648	28.1731
lcl|NC_037642.1_mrna_XM_395945.5_11038	1347	1148	914	43.5802
lcl|NC_037642.1_mrna_XM_026440763.1_11039	1197	998	1617	88.688
lcl|NC_037642.1_mrna_XM_026440657.1_11040	3268	3069	302	5.38636
lcl|NC_037642.1_mrna_XM_006569918.3_11041	3220	3021	0	0
lcl|NC_037642.1_mrna_XM_026440659.1_11042	1129	930	8.62143	0.507436
lcl|NC_037642.1_mrna_XM_026440658.1_11043	1129	930	8.62143	0.507436
lcl|NC_037642.1_mrna_XM_006569911.3_11044	1129	930	8.62143	0.507436
lcl|NC_037642.1_mrna_XM_001122458.5_11045	1403	1204	43.9416	1.99772
lcl|NC_037642.1_mrna_XM_006569916.3_11046	1868	1669	11.6594	0.38239
lcl|NC_037642.1_mrna_XM_016912046.2_11047	1965	1766	1551.95	48.1032
lcl|NC_037642.1_mrna_XM_006569889.2_11048	2031	1832	240.566	7.18777
lcl|NC_037642.1_mrna_XM_016912047.2_11049	1932	1733	1273.37	40.2199
lcl|NC_037642.1_mrna_XM_016912049.2_11050	2088	1889	48.436	1.40353
lcl|NC_037642.1_mrna_XM_016912048.2_11051	1804	1605	0	0
lcl|NC_037642.1_mrna_NM_001013359.2_11052	1964	1765	31.6754	0.982341
lcl|NC_037642.1_mrna_XM_016912206.2_11053	1298	1099	76.3267	3.80158
lcl|NC_037642.1_mrna_XM_006569915.3_11054	1482	1283	438.315	18.7001
lcl|NC_037642.1_mrna_XM_016912207.2_11055	1400	1201	35.7318	1.62853
lcl|NC_037642.1_mrna_XM_016912205.2_11056	1303	1104	172.967	8.5759
lcl|NC_037642.1_mrna_XM_026440886.1_11057	2178	1979	190	5.25525
lcl|NC_037642.1_mrna_XM_001121522.4_11058	435	236	206	47.7794
lcl|NC_037642.1_mrna_XM_006569907.3_11059	1901	1702	427	13.7326
lcl|NC_037642.1_mrna_XM_003251423.4_11060	840	641	176	15.0293
lcl|NC_037642.1_mrna_XM_026440743.1_11061	2654	2455	0	0
lcl|NC_037642.1_mrna_XM_623877.6_11062	2567	2368	1890	43.6883
lcl|NC_037642.1_mrna_XM_625143.6_11063	1057	858	259	16.5233
lcl|NC_037642.1_mrna_XM_006569901.3_11064	6704	6505	1587.24	13.3561
lcl|NC_037642.1_mrna_XM_006569902.3_11065	3944	3745	624.168	9.12294
lcl|NC_037642.1_mrna_XM_026440742.1_11066	3890	3691	2018.83	29.9393
lcl|NC_037642.1_mrna_XM_026440744.1_11067	2988	2789	36112.8	708.757
lcl|NC_037642.1_mrna_XM_016912208.2_11068	1982	1783	15109.9	463.87
lcl|NC_037642.1_mrna_XM_003251416.4_11069	1470	1271	8059.34	347.088
lcl|NC_037642.1_mrna_XM_026440745.1_11070	1915	1716	2648.72	84.4899
lcl|NC_037642.1_mrna_XM_026440746.1_11071	3096	2897	195.081	3.68597
lcl|NC_037642.1_mrna_XM_006569900.3_11072	3008	2809	4547.92	88.623
lcl|NC_037642.1_mrna_XM_625116.6_11073	418	219	527	131.72
lcl|NC_037642.1_mrna_XM_392667.7_11074	1018	819	5228	349.411
lcl|NC_037642.1_mrna_XM_026440536.1_11075	3336	3137	0	0
lcl|NC_037642.1_mrna_XM_026440535.1_11076	3409	3210	22.3163	0.380542
lcl|NC_037642.1_mrna_XM_026440537.1_11077	3699	3500	77.4522	1.2113
lcl|NC_037642.1_mrna_NM_001012627.1_11078	3162	2963	83.2261	1.53749
lcl|NC_037642.1_mrna_XM_026440709.1_11079	1664	1465	307.429	11.4866
lcl|NC_037642.1_mrna_XM_026440708.1_11080	1589	1390	32.1765	1.2671
lcl|NC_037642.1_ncrna_XR_411676.3_11081	537	338	32.4469	5.25462
lcl|NC_037642.1_ncrna_XR_003304700.1_11082	918	719	35.1977	2.67961
lcl|NC_037642.1_mrna_XM_006569898.3_11083	2006	1807	11.5834	0.350883
lcl|NC_037642.1_mrna_XM_003251413.4_11084	1269	1070	49.772	2.54617
lcl|NC_037642.1_ncrna_XR_120526.4_11085	1046	847	1	0.0646252
lcl|NC_037642.1_mrna_XM_006569896.3_11086	1816	1617	7.05085	0.238681
lcl|NC_037642.1_mrna_XM_026440909.1_11087	1821	1622	0.143256	0.00483447
lcl|NC_037642.1_mrna_XM_006569897.3_11088	3745	3546	20.5973	0.317949
lcl|NC_037642.1_ncrna_XR_001703133.2_11089	4606	4407	0	0
lcl|NC_037642.1_ncrna_XR_001703124.2_11090	5170	4971	0	0
lcl|NC_037642.1_ncrna_XR_001703122.2_11091	5004	4805	240.051	2.73461
lcl|NC_037642.1_ncrna_XR_001703123.2_11092	4962	4763	29.9087	0.343717
lcl|NC_037642.1_ncrna_XR_001703127.1_11093	4905	4706	82.8013	0.963098
lcl|NC_037642.1_ncrna_XR_003304674.1_11094	5562	5363	0	0
lcl|NC_037642.1_ncrna_XR_003304678.1_11095	5173	4974	66.8986	0.736201
lcl|NC_037642.1_ncrna_XR_003304676.1_11096	5416	5217	0	0
lcl|NC_037642.1_ncrna_XR_003304672.1_11097	5617	5418	0	0
lcl|NC_037642.1_ncrna_XR_003304673.1_11098	5573	5374	87.0464	0.886622
lcl|NC_037642.1_ncrna_XR_003304675.1_11099	5139	4940	0.00017031	1.88711e-06
lcl|NC_037642.1_ncrna_XR_003304677.1_11100	5282	5083	0	0
lcl|NC_037642.1_ncrna_XR_003304670.1_11101	5583	5384	0	0
lcl|NC_037642.1_ncrna_XR_003304680.1_11102	5501	5302	20.0361	0.206852
lcl|NC_037642.1_ncrna_XR_003304679.1_11103	5154	4955	0	0
lcl|NC_037642.1_ncrna_XR_003304671.1_11104	5522	5323	129.258	1.32918
lcl|NC_037642.1_ncrna_XR_411652.3_11105	3970	3771	0.000215326	3.12553e-06
lcl|NC_037642.1_ncrna_XR_411653.3_11106	3941	3742	3.66661	0.0536348
lcl|NC_037642.1_ncrna_XR_411654.3_11107	1633	1434	14.8412	0.566508
lcl|NC_037642.1_ncrna_XR_001703137.2_11108	1900	1701	4.70396	0.151372
lcl|NC_037642.1_miscrna_XR_001703170.2_11109	1727	1528	6.3494	0.227454
lcl|NC_037642.1_miscrna_XR_411650.3_11110	2279	2080	7.53623	0.198324
lcl|NC_037642.1_mrna_XM_003251422.4_11111	601	402	0	0
lcl|NC_037642.1_ncrna_XR_003304696.1_11112	1433	1234	0	0
lcl|NC_037642.1_ncrna_XR_001703177.2_11113	3561	3362	0	0
lcl|NC_037642.1_ncrna_XR_003304695.1_11114	1048	849	0	0
lcl|NC_037642.1_mrna_XM_003251483.3_11115	1855	1656	426.373	14.0934
lcl|NC_037642.1_mrna_XM_026440830.1_11116	1770	1571	39.9284	1.3912
lcl|NC_037642.1_mrna_XM_006570172.3_11117	1659	1460	1.69848	0.0636785
lcl|NC_037642.1_mrna_XM_624812.5_11118	3077	2878	1284	24.4208
lcl|NC_037642.1_mrna_XM_006570174.3_11119	1430	1231	1.3045e-05	5.80057e-07
lcl|NC_037642.1_mrna_XM_026441084.1_11120	1436	1237	250.239	11.0731
lcl|NC_037642.1_mrna_XM_006570173.3_11121	1402	1203	198.761	9.04379
lcl|NC_037642.1_mrna_XM_016912330.2_11122	5201	5002	572.664	6.26674
lcl|NC_037642.1_mrna_XM_006570178.3_11123	4985	4786	6.30504e-06	7.21108e-08
lcl|NC_037642.1_mrna_XM_006570180.3_11124	4955	4756	3030.79	34.8818
lcl|NC_037642.1_mrna_XM_026441083.1_11125	4669	4470	131.746	1.6133
lcl|NC_037642.1_mrna_XM_006570181.3_11126	4663	4464	717.645	8.79976
lcl|NC_037642.1_mrna_XM_003251463.4_11127	3875	3676	619.374	9.22279
lcl|NC_037642.1_mrna_XM_006570183.3_11128	3491	3292	8.62641	0.143435
lcl|NC_037642.1_mrna_XM_395096.7_11129	4788	4589	57.0776	0.680821
lcl|NC_037642.1_mrna_XM_006570184.3_11130	4785	4586	8.6627	0.103396
lcl|NC_037642.1_mrna_XM_006570185.3_11131	4685	4486	426.542	5.20461
lcl|NC_037642.1_mrna_XM_016912366.2_11132	4682	4483	63.7176	0.777994
lcl|NC_037642.1_mrna_XM_026441001.1_11133	1234	1035	124.23	6.57009
lcl|NC_037642.1_mrna_XM_026441000.1_11134	1533	1334	0	0
lcl|NC_037642.1_mrna_XM_016912326.2_11135	1431	1232	0.000874803	3.88674e-05
lcl|NC_037642.1_mrna_XM_006570186.3_11136	1536	1337	150.503	6.16167
lcl|NC_037642.1_mrna_XM_624985.6_11137	1335	1136	2699.27	130.063
lcl|NC_037642.1_mrna_XM_006570187.2_11138	2994	2795	604.172	11.8322
lcl|NC_037642.1_ncrna_XR_003304742.1_11139	1097	898	14	0.853369
lcl|NC_037642.1_mrna_XM_026440999.1_11140	2499	2300	362.828	8.63493
lcl|NC_037642.1_mrna_XM_006570188.3_11141	1634	1435	27	1.0299
lcl|NC_037642.1_mrna_XM_006570190.3_11142	3935	3736	388.175	5.6873
lcl|NC_037642.1_mrna_XM_395016.7_11143	2980	2781	256.373	5.04612
lcl|NC_037642.1_mrna_XM_006570191.3_11144	2833	2634	453.451	9.42324
lcl|NC_037642.1_mrna_XM_026440703.1_11145	4200	4001	384	5.25349
lcl|NC_037642.1_mrna_XM_026440704.1_11146	1635	1436	620.297	23.6445
lcl|NC_037642.1_mrna_XM_006570258.2_11147	1706	1507	4032.7	146.477
lcl|NC_037642.1_mrna_XM_625157.5_11148	4704	4505	29.6837	0.360669
lcl|NC_037642.1_mrna_XM_006570192.3_11149	4781	4582	43.3697	0.518104
lcl|NC_037642.1_mrna_XM_016912291.2_11150	4602	4403	0	0
lcl|NC_037642.1_mrna_XM_016912292.2_11151	4513	4314	99.9373	1.26804
lcl|NC_037642.1_mrna_XM_006570194.3_11152	4075	3876	173.009	2.44327
lcl|NC_037642.1_mrna_XM_006570195.3_11153	1295	1096	449.544	22.4516
lcl|NC_037642.1_mrna_XM_625161.6_11154	1310	1111	518.456	25.5437
lcl|NC_037642.1_mrna_XM_625162.6_11155	2713	2514	344.021	7.4904
lcl|NC_037642.1_mrna_XM_016912290.2_11156	2618	2419	173.979	3.93683
lcl|NC_037642.1_mrna_XM_006570196.3_11157	5605	5406	1385.29	14.0265
lcl|NC_037642.1_mrna_XM_006570197.3_11158	5545	5346	1.79646e-05	1.83939e-07
lcl|NC_037642.1_mrna_XM_395206.7_11159	5202	5003	4.5453e-07	4.97298e-09
lcl|NC_037642.1_mrna_XM_006570198.3_11160	4965	4766	491.713	5.64732
lcl|NC_037642.1_ncrna_XR_003304740.1_11161	2403	2204	308	7.64935
lcl|NC_037642.1_mrna_XM_395207.7_11162	3004	2805	557.893	10.8869
lcl|NC_037642.1_mrna_XM_016912289.2_11163	2566	2367	3.12576e-06	7.22842e-08
lcl|NC_037642.1_ncrna_XR_001703025.2_11164	1468	1269	48	2.07045
lcl|NC_037642.1_mrna_XM_006570201.3_11165	2428	2229	290.642	7.13728
lcl|NC_037642.1_mrna_XM_001121869.5_11166	2550	2351	620.466	14.4461
lcl|NC_037642.1_mrna_XM_026440987.1_11167	2533	2334	0	0
lcl|NC_037642.1_mrna_XM_026440691.1_11168	1236	1037	880.185	46.4601
lcl|NC_037642.1_miscrna_XR_003304650.1_11169	2528	2329	398.645	9.36918
lcl|NC_037642.1_miscrna_XR_003304651.1_11170	2354	2155	360.17	9.14842
lcl|NC_037642.1_mrna_XM_396035.6_11171	1977	1778	497	15.3007
lcl|NC_037642.1_mrna_XM_026440690.1_11172	1480	1281	156	6.66593
lcl|NC_037642.1_mrna_XM_625181.6_11173	2250	2051	294	7.84634
lcl|NC_037642.1_mrna_XM_393291.7_11174	1396	1197	284	12.987
lcl|NC_037642.1_mrna_XM_026441044.1_11175	1187	988	1012	56.0672
lcl|NC_037642.1_mrna_XM_026440888.1_11176	2980	2781	883	17.3798
lcl|NC_037642.1_mrna_XM_026440889.1_11177	5249	5050	978	10.6007
lcl|NC_037642.1_mrna_XM_026441045.1_11178	684	485	317	35.7769
lcl|NC_037642.1_mrna_XM_392396.7_11179	2370	2171	837	21.1033
lcl|NC_037642.1_ncrna_NR_003566.1_11180	6867	6668	55083	452.176
lcl|NC_037642.1_mrna_XM_006570208.3_11181	669	470	499	58.115
lcl|NC_037642.1_mrna_XM_026440991.1_11182	2280	2081	7.52859e-05	1.98028e-06
lcl|NC_037642.1_mrna_XM_026440990.1_11183	2316	2117	62.0946	1.60553
lcl|NC_037642.1_mrna_XM_006570219.3_11184	2375	2176	689.599	17.3469
lcl|NC_037642.1_mrna_XM_006570218.3_11185	2374	2175	12.7984	0.322093
lcl|NC_037642.1_mrna_XM_394599.7_11186	2409	2210	310.508	7.6907
lcl|NC_037642.1_mrna_XM_006570213.3_11187	1866	1667	258.739	8.49593
lcl|NC_037642.1_mrna_XM_006570216.3_11188	1668	1469	8.0902	0.301455
lcl|NC_037642.1_mrna_XM_006570215.3_11189	1794	1595	104.911	3.60037
lcl|NC_037642.1_mrna_XM_006570212.3_11190	4716	4517	721.645	8.74497
lcl|NC_037642.1_mrna_XM_394600.7_11191	2218	2019	204.033	5.53159
lcl|NC_037642.1_mrna_XM_006570214.3_11192	1848	1649	91.1233	3.02478
lcl|NC_037642.1_mrna_XM_006570217.3_11193	3695	3496	116.53	1.82453
lcl|NC_037642.1_mrna_XM_006570211.3_11194	601	402	663	90.2761
lcl|NC_037642.1_mrna_XM_006570210.2_11195	698	499	290.107	31.8232
lcl|NC_037642.1_mrna_XM_016912288.2_11196	1074	875	362.208	22.6587
lcl|NC_037642.1_mrna_XM_006570209.3_11197	881	682	326.685	26.2198
lcl|NC_037642.1_mrna_XM_026440992.1_11198	826	627	0	0
lcl|NC_037642.1_mrna_XM_026440533.1_11199	2377	2178	1677.03	42.147
lcl|NC_037642.1_mrna_XM_026440532.1_11200	2685	2486	266.357	5.86474
lcl|NC_037642.1_mrna_NM_001242432.1_11201	2433	2234	1584.62	38.8264
lcl|NC_037642.1_mrna_XM_026440865.1_11202	2293	2094	5.98312	0.1564
lcl|NC_037642.1_mrna_XM_026440864.1_11203	3238	3039	69.8352	1.25785
lcl|NC_037642.1_mrna_XM_026440866.1_11204	4608	4409	15.0167	0.186432
lcl|NC_037642.1_mrna_XM_026440748.1_11205	3610	3411	38.6637	0.620451
lcl|NC_037642.1_mrna_XM_026440749.1_11206	2022	1823	18.8823	0.56696
lcl|NC_037642.1_mrna_XM_394608.7_11207	2239	2040	1744	46.7952
lcl|NC_037642.1_mrna_XM_006570222.3_11208	2254	2055	0	0
lcl|NC_037642.1_mrna_XM_625206.6_11209	1214	1015	580	31.2786
lcl|NC_037642.1_mrna_XM_393586.7_11210	1969	1770	1098	33.9558
lcl|NC_037642.1_mrna_XM_026440752.1_11211	9911	9712	496.362	2.79753
lcl|NC_037642.1_mrna_XM_026440753.1_11212	8790	8591	907.072	5.77941
lcl|NC_037642.1_mrna_XM_026440754.1_11213	8738	8539	110.76	0.710004
lcl|NC_037642.1_mrna_XM_026440750.1_11214	8872	8673	0	0
lcl|NC_037642.1_mrna_XM_026440751.1_11215	8859	8660	198.053	1.25184
lcl|NC_037642.1_mrna_XM_026440755.1_11216	7898	7699	0.087018	0.000618672
lcl|NC_037642.1_mrna_XM_026440756.1_11217	7784	7585	1663.29	12.0032
lcl|NC_037642.1_mrna_XM_006570223.3_11218	4516	4317	0.978905	0.0124121
lcl|NC_037642.1_mrna_XM_016912260.2_11219	4526	4327	175.922	2.22546
lcl|NC_037642.1_mrna_XM_003251462.4_11220	4484	4285	353.472	4.51533
lcl|NC_037642.1_mrna_XM_026440757.1_11221	3704	3505	1048	16.3666
lcl|NC_037642.1_mrna_XM_006570227.3_11222	2101	1902	4437.49	127.706
lcl|NC_037642.1_mrna_XM_026440758.1_11223	2215	2016	1690.86	45.9096
lcl|NC_037642.1_mrna_XM_026440759.1_11224	2280	2081	4.6974	0.123558
lcl|NC_037642.1_mrna_XM_006570228.3_11225	2165	1966	794.948	22.133
lcl|NC_037642.1_mrna_XM_006570229.3_11226	1013	814	2549	171.408
lcl|NC_037642.1_mrna_XM_001121144.4_11227	813	614	337	30.0432
lcl|NC_037642.1_mrna_XM_026440609.1_11228	1850	1651	617	20.4561
lcl|NC_037642.1_mrna_XM_016912113.2_11229	6377	6178	1361.85	12.0661
lcl|NC_037642.1_mrna_XM_026440604.1_11230	6755	6556	16.3618	0.136609
lcl|NC_037642.1_mrna_XM_026440602.1_11231	6526	6327	184.258	1.59409
lcl|NC_037642.1_mrna_XM_026440610.1_11232	443	244	5	1.12167
lcl|NC_037642.1_mrna_XM_026440600.1_11233	6347	6148	1962.43	17.4721
lcl|NC_037642.1_mrna_XM_026440601.1_11234	6400	6201	0.107137	0.000945718
lcl|NC_037642.1_mrna_XM_026440528.1_11235	2539	2340	111.494	2.60808
lcl|NC_037642.1_mrna_XM_026440524.1_11236	2532	2333	0	0
lcl|NC_037642.1_mrna_XM_026440527.1_11237	2764	2565	1.73168e-08	3.69544e-10
lcl|NC_037642.1_mrna_XM_006570167.3_11238	2550	2351	148.622	3.46031
lcl|NC_037642.1_mrna_XM_026440521.1_11239	2757	2558	0	0
lcl|NC_037642.1_mrna_XM_026440522.1_11240	3059	2860	43.3083	0.828878
lcl|NC_037642.1_mrna_XM_026440523.1_11241	2373	2174	0	0
lcl|NC_037642.1_mrna_XM_026440526.1_11242	2378	2179	237.961	5.97769
lcl|NC_037642.1_mrna_NM_001040257.1_11243	1554	1355	102.87	4.15563
lcl|NC_037642.1_mrna_XM_026440529.1_11244	1990	1791	23.7448	0.725701
lcl|NC_037642.1_mrna_XM_026440525.1_11245	2197	1998	0	0
lcl|NC_037642.1_mrna_XM_026440611.1_11246	338	139	5	1.96898
lcl|NC_037642.1_mrna_XM_026440607.1_11247	2023	1824	0	0
lcl|NC_037642.1_mrna_XM_026440605.1_11248	2233	2034	21	0.565137
lcl|NC_037642.1_mrna_XM_026440606.1_11249	2148	1949	0	0
lcl|NC_037642.1_mrna_XM_026440608.1_11250	1925	1726	0	0
lcl|NC_037642.1_mrna_XM_006570233.3_11251	651	452	146	17.6807
lcl|NC_037642.1_mrna_XM_395892.7_11252	1720	1521	492	17.706
lcl|NC_037642.1_mrna_XM_006570234.3_11253	920	721	91	6.90862
lcl|NC_037642.1_mrna_NM_001163717.1_11254	2147	1948	4.39311	0.123444
lcl|NC_037642.1_mrna_XM_016912041.2_11255	1105	906	206.023	12.4473
lcl|NC_037642.1_mrna_XM_006570166.3_11256	1329	1130	26.5835	1.28771
lcl|NC_037642.1_mrna_XM_026440616.1_11257	1109	910	12	0.721814
lcl|NC_037642.1_mrna_XM_026440618.1_11258	1082	883	16.0005	0.991879
lcl|NC_037642.1_miscrna_XR_003304642.1_11259	1033	834	64.5653	4.23759
lcl|NC_037642.1_miscrna_XR_003304641.1_11260	1150	951	346.294	19.932
lcl|NC_037642.1_mrna_XM_026440617.1_11261	1086	887	12.984	0.801252
lcl|NC_037642.1_mrna_XM_016912108.2_11262	4271	4072	2655.16	35.6917
lcl|NC_037642.1_mrna_XM_016912103.2_11263	11113	10914	917.561	4.60189
lcl|NC_037642.1_mrna_XM_016912101.2_11264	11360	11161	2130.65	10.4495
lcl|NC_037642.1_mrna_XM_016912099.2_11265	11917	11718	907.589	4.23956
lcl|NC_037642.1_mrna_XM_016912098.2_11266	12226	12027	739.656	3.36634
lcl|NC_037642.1_mrna_XM_016912100.2_11267	12307	12108	639.595	2.89147
lcl|NC_037642.1_mrna_XM_026440612.1_11268	12807	12608	5678.55	24.6534
lcl|NC_037642.1_mrna_XM_016912104.2_11269	10914	10715	25569.9	130.624
lcl|NC_037642.1_mrna_XM_006570237.3_11270	1106	907	83.7791	5.05608
lcl|NC_037642.1_mrna_XM_006570236.3_11271	857	658	11464.2	953.683
lcl|NC_037642.1_mrna_XM_396465.6_11272	604	405	1647	222.599
lcl|NC_037642.1_mrna_XM_026440619.1_11273	7316	7117	276	2.12274
lcl|NC_037642.1_mrna_XM_026440613.1_11274	4533	4334	0	0
lcl|NC_037642.1_mrna_XM_006570238.3_11275	4416	4217	464.888	6.03434
lcl|NC_037642.1_mrna_XM_026440614.1_11276	5733	5534	1150.09	11.3757
lcl|NC_037642.1_mrna_XM_026440615.1_11277	5640	5441	1059.86	10.6624
lcl|NC_037642.1_mrna_XM_006570239.3_11278	4051	3852	130.013	1.84751
lcl|NC_037642.1_mrna_XM_393224.7_11279	2568	2369	579	13.3782
lcl|NC_037642.1_mrna_XM_026441048.1_11280	1385	1186	5.87137	0.270982
lcl|NC_037642.1_mrna_XM_026441046.1_11281	6487	6288	9672.72	84.2018
lcl|NC_037642.1_ncrna_XR_003304752.1_11282	249	50.3754	12	13.0391
lcl|NC_037642.1_mrna_XM_026441047.1_11283	1189	990	0.00327939	0.000181319
lcl|NC_037642.1_mrna_XM_026441049.1_11284	1183	984	7.04035	0.391638
lcl|NC_037642.1_ncrna_XR_003304753.1_11285	1771	1572	7.085	0.246702
lcl|NC_037642.1_mrna_XM_026440890.1_11286	3537	3338	9736	159.654
lcl|NC_037642.1_mrna_XM_393223.7_11287	1658	1459	712.011	26.7126
lcl|NC_037642.1_mrna_XM_006570242.3_11288	2698	2499	1013.38	22.1968
lcl|NC_037642.1_mrna_XM_393222.7_11289	2676	2477	197.612	4.36689
lcl|NC_037642.1_mrna_XM_016912410.2_11290	2750	2551	0	0
lcl|NC_037642.1_mrna_XM_006570243.3_11291	1859	1660	877.092	28.9216
lcl|NC_037642.1_mrna_XM_026440652.1_11292	1681	1482	0	0
lcl|NC_037642.1_mrna_XM_016912365.2_11293	1577	1378	303.908	12.072
lcl|NC_037642.1_mrna_XM_396462.7_11294	1792	1593	1590.36	54.6467
lcl|NC_037642.1_mrna_XM_625222.4_11295	1414	1215	605.645	27.2852
lcl|NC_037642.1_mrna_XM_396003.7_11296	1673	1474	641	23.8038
lcl|NC_037642.1_mrna_XM_396004.6_11297	959	760	647	46.5989
lcl|NC_037642.1_mrna_XM_006570246.3_11298	1615	1416	289.63	11.1961
lcl|NC_037642.1_mrna_XM_006570247.3_11299	1572	1373	0.0275198	0.00109713
lcl|NC_037642.1_mrna_XM_026440887.1_11300	1701	1502	882.225	32.151
lcl|NC_037642.1_mrna_XM_396005.7_11301	1502	1303	278.117	11.6834
lcl|NC_037642.1_mrna_XM_001122704.5_11302	1722	1523	278.343	10.0038
lcl|NC_037642.1_mrna_XM_006570253.3_11303	1165	966	220.123	12.4731
lcl|NC_037642.1_mrna_XM_026440655.1_11304	1148	949	12.5345	0.722982
lcl|NC_037642.1_miscrna_XR_001702976.2_11305	355	156	1	0.350882
lcl|NC_037642.1_mrna_XM_001122713.5_11306	1331	1132	368.157	17.8021
lcl|NC_037642.1_mrna_XM_006570250.3_11307	1313	1114	59.8206	2.93935
lcl|NC_037642.1_mrna_XM_006570251.3_11308	1252	1053	62.7814	3.26353
lcl|NC_037642.1_mrna_XM_006570249.3_11309	1225	1026	0.0485679	0.00259112
lcl|NC_037642.1_mrna_XM_026440654.1_11310	1342	1143	37.8641	1.81329
lcl|NC_037642.1_miscrna_XR_003304647.1_11311	1250	1051	0	0
lcl|NC_037642.1_mrna_XM_026440656.1_11312	978	779	10.4444	0.733894
lcl|NC_037642.1_miscrna_XR_001702971.2_11313	1149	950	5.55556	0.320103
lcl|NC_037642.1_ncrna_XR_003304648.1_11314	500	301	3.32798	0.6052
lcl|NC_037642.1_mrna_NM_001161831.1_11315	683	484	935.075	105.751
lcl|NC_037642.1_mrna_XM_026440546.1_11316	389	190	1412.93	407.053
lcl|NC_037642.1_mrna_XM_016912248.2_11317	1685	1486	610	22.4697
lcl|NC_037642.1_mrna_XM_026440621.1_11318	706	507	6.53404e-06	7.05438e-07
lcl|NC_037642.1_mrna_XM_001122727.4_11319	713	514	412	43.8752
lcl|NC_037642.1_mrna_XM_006570257.3_11320	1780	1581	33.0409	1.14394
lcl|NC_037642.1_mrna_XM_016912251.1_11321	1024	825	85.9591	5.70326
lcl|NC_037642.1_mrna_XM_026440542.1_11322	1453	1254	0	0
lcl|NC_037642.1_mrna_NM_001040269.1_11323	1413	1214	209.457	9.44411
lcl|NC_037642.1_mrna_XM_026440891.1_11324	5124	4925	142	1.57822
lcl|NC_037642.1_mrna_XM_396012.7_11325	1153	954	489	28.0573
lcl|NC_037642.1_mrna_XM_006570255.3_11326	1263	1064	113.061	5.81644
lcl|NC_037642.1_mrna_XM_026440651.1_11327	1133	934	43.7527	2.56415
lcl|NC_037642.1_mrna_XM_026440647.1_11328	4125	3926	1015.55	14.1591
lcl|NC_037642.1_mrna_XM_026440648.1_11329	4088	3889	733.623	10.3257
lcl|NC_037642.1_mrna_XM_026440650.1_11330	4150	3951	0.00409665	5.67554e-05
lcl|NC_037642.1_mrna_XM_026440649.1_11331	4159	3960	706.823	9.77013
lcl|NC_037642.1_mrna_XM_393007.7_11332	759	560	1550	151.506
lcl|NC_037643.1_ncrna_XR_003304932.1_11333	577	378	41.5704	6.01975
lcl|NC_037643.1_ncrna_XR_003304930.1_11334	665	466	0	0
lcl|NC_037643.1_ncrna_XR_003304931.1_11335	659	460	0	0
lcl|NC_037643.1_mrna_XM_026441240.1_11336	531	332	109	17.9711
lcl|NC_037643.1_mrna_XM_026441504.1_11337	5895	5696	232.089	2.23033
lcl|NC_037643.1_mrna_XM_026441505.1_11338	5923	5724	98.9598	0.946334
lcl|NC_037643.1_mrna_XM_026441506.1_11339	5392	5193	0.00117116	1.23448e-05
lcl|NC_037643.1_mrna_XM_026441507.1_11340	5324	5125	1552.74	16.584
lcl|NC_037643.1_mrna_XM_026441508.1_11341	5715	5516	1009.97	10.0223
lcl|NC_037643.1_mrna_XM_026441503.1_11342	5766	5567	736.241	7.23909
lcl|NC_037643.1_mrna_XM_006571764.3_11343	882	683	1	0.0801428
lcl|NC_037643.1_mrna_XM_026441414.1_11344	862	663	4068	335.856
lcl|NC_037643.1_mrna_XM_006571754.3_11345	2512	2313	521.617	12.3441
lcl|NC_037643.1_mrna_XM_001120727.5_11346	2527	2328	517.383	12.1651
lcl|NC_037643.1_mrna_XM_016917186.1_11347	1065	866	4059	256.559
lcl|NC_037643.1_mrna_XM_003251751.4_11348	1422	1223	240	10.7416
lcl|NC_037643.1_mrna_XM_026441244.1_11349	2605	2406	739.052	16.8138
lcl|NC_037643.1_mrna_XM_026441245.1_11350	2526	2327	575.603	13.5398
lcl|NC_037643.1_mrna_XM_006571758.3_11351	2548	2349	1446.34	33.7034
lcl|NC_037643.1_mrna_XM_006571762.3_11352	1707	1508	548.443	19.9074
lcl|NC_037643.1_mrna_XM_001120557.5_11353	1769	1570	139.557	4.86562
lcl|NC_037643.1_mrna_XM_006571763.3_11354	2406	2207	246	6.10124
lcl|NC_037643.1_mrna_XM_026441313.1_11355	1481	1282	3092	132.019
lcl|NC_037643.1_mrna_XM_026441119.1_11356	3411	3212	34	0.579414
lcl|NC_037643.1_mrna_NM_001077821.1_11357	4084	3885	0	0
lcl|NC_037643.1_mrna_XM_026441115.1_11358	3226	3027	0	0
lcl|NC_037643.1_mrna_XM_026441116.1_11359	2320	2121	0	0
lcl|NC_037643.1_mrna_XM_026441117.1_11360	2798	2599	0	0
lcl|NC_037643.1_mrna_XM_026441118.1_11361	3180	2981	0	0
lcl|NC_037643.1_mrna_XM_026441437.1_11362	2723	2524	3	0.0650605
lcl|NC_037643.1_mrna_XM_026441436.1_11363	3081	2882	0	0
lcl|NC_037643.1_ncrna_XR_001703590.1_11364	1423	1224	10	0.447202
lcl|NC_037643.1_mrna_XM_026441101.1_11365	3526	3327	5.40953	0.0890004
lcl|NC_037643.1_mrna_XM_016912485.2_11366	11012	10813	0	0
lcl|NC_037643.1_mrna_XM_006558109.3_11367	10748	10549	0.0100763	5.2285e-05
lcl|NC_037643.1_mrna_XM_006558116.3_11368	10715	10516	0.525442	0.00273502
lcl|NC_037643.1_mrna_XM_006558115.3_11369	10685	10486	19.3339	0.100924
lcl|NC_037643.1_mrna_XM_006558108.3_11370	10760	10561	0.00239988	1.24386e-05
lcl|NC_037643.1_mrna_XM_006558111.3_11371	10745	10546	0.0144275	7.4884e-05
lcl|NC_037643.1_mrna_XM_006558113.3_11372	10727	10528	0.124583	0.000647735
lcl|NC_037643.1_mrna_XM_006558110.3_11373	10745	10546	0.0144275	7.4884e-05
lcl|NC_037643.1_mrna_XM_006558114.3_11374	10697	10498	4.56525	0.0238036
lcl|NC_037643.1_mrna_XM_026441099.1_11375	5972	5773	0	0
lcl|NC_037643.1_mrna_XM_026441100.1_11376	5939	5740	0	0
lcl|NC_037643.1_mrna_NM_001040235.2_11377	6076	5877	0	0
lcl|NC_037643.1_ncrna_XR_003304807.1_11378	2212	2013	5.00731	0.136159
lcl|NC_037643.1_mrna_XM_396654.4_11379	1271	1072	0	0
lcl|NC_037643.1_mrna_XM_016912527.1_11380	999	800	0	0
lcl|NC_037643.1_mrna_XM_396653.5_11381	1568	1369	48.5461	1.94105
lcl|NC_037643.1_mrna_XM_006558119.3_11382	1427	1228	27.4539	1.22375
lcl|NC_037643.1_mrna_XM_003249183.4_11383	3912	3713	120.3	1.77348
lcl|NC_037643.1_mrna_XM_016912867.2_11384	4091	3892	0	0
lcl|NC_037643.1_mrna_XM_006558120.3_11385	4160	3961	1.02288e-06	1.41354e-08
lcl|NC_037643.1_mrna_XM_016912868.2_11386	4077	3878	0.000103274	1.4577e-06
lcl|NC_037643.1_mrna_XM_006558121.3_11387	4146	3947	178.996	2.48235
lcl|NC_037643.1_mrna_XM_006558122.3_11388	3820	3621	0.703569	0.0106356
lcl|NC_037643.1_mrna_XM_392814.6_11389	1943	1744	3205	100.593
lcl|NC_037643.1_mrna_XM_395079.7_11390	1287	1088	160.013	8.05029
lcl|NC_037643.1_mrna_XM_006558124.3_11391	1219	1020	77.645	4.16676
lcl|NC_037643.1_mrna_XM_006558123.3_11392	1116	917	7.34195	0.438255
lcl|NC_037643.1_mrna_XM_006558127.3_11393	4338	4139	58	0.76704
lcl|NC_037643.1_mrna_XM_016912529.2_11394	1867	1668	1	0.0328163
lcl|NC_037643.1_mrna_XM_397235.7_11395	3131	2932	1835.42	34.2655
lcl|NC_037643.1_mrna_XM_016912885.2_11396	2502	2303	53.5814	1.27352
lcl|NC_037643.1_mrna_XM_006558125.3_11397	1624	1425	141	5.41614
lcl|NC_037643.1_mrna_XM_026441379.1_11398	3494	3295	207	3.43875
lcl|NC_037643.1_mrna_XM_001121922.5_11399	2554	2355	2	0.0464862
lcl|NC_037643.1_mrna_XM_026441498.1_11400	4803	4604	246.233	2.9275
lcl|NC_037643.1_mrna_XM_026441496.1_11401	4829	4630	140.279	1.65843
lcl|NC_037643.1_mrna_XM_026441497.1_11402	4917	4718	1623.61	18.8368
lcl|NC_037643.1_mrna_XM_026441493.1_11403	5528	5329	135.148	1.38819
lcl|NC_037643.1_mrna_XM_026441495.1_11404	5503	5304	3712.23	38.3104
lcl|NC_037643.1_ncrna_XR_003304962.1_11405	281	82.002	10.5028	7.01078
lcl|NC_037643.1_mrna_XM_026441499.1_11406	1532	1333	351	14.4133
lcl|NC_037643.1_mrna_XM_016917560.2_11407	922	723	0	0
lcl|NC_037643.1_mrna_NM_001327953.1_11408	813	614	103	9.18236
lcl|NC_037643.1_mrna_XM_026441500.1_11409	1378	1179	123	5.71053
lcl|NC_037643.1_mrna_XM_006557491.3_11410	565	366	5000	747.781
lcl|NC_037643.1_mrna_XM_006557492.3_11411	1416	1217	0	0
lcl|NC_037643.1_mrna_XM_624681.6_11412	835	636	695	59.8154
lcl|NC_037643.1_mrna_NM_001011643.1_11413	2363	2164	21.2436	0.53735
lcl|NC_037643.1_mrna_XM_006557489.3_11414	2297	2098	8.75636	0.228456
lcl|NC_037643.1_mrna_XM_006557482.3_11415	390	191	19.1327	5.48312
lcl|NC_037643.1_mrna_XM_006557480.3_11416	414	215	406.207	103.417
lcl|NC_037643.1_mrna_XM_006557479.3_11417	405	206	1621.51	430.861
lcl|NC_037643.1_mrna_XM_006557481.3_11418	369	170	0	0
lcl|NC_037643.1_mrna_XM_016912478.2_11419	301	102	0	0
lcl|NC_037643.1_mrna_NM_001172405.1_11420	228	32.1317	529.152	901.432
lcl|NC_037643.1_mrna_XM_016912758.2_11421	7850	7651	2.59723e-06	1.85814e-08
lcl|NC_037643.1_mrna_XM_016912762.2_11422	7837	7638	0	0
lcl|NC_037643.1_mrna_XM_016912760.2_11423	7820	7621	325.022	2.33446
lcl|NC_037643.1_mrna_XM_016912761.2_11424	7814	7615	12.3665	0.0888916
lcl|NC_037643.1_mrna_XM_016912759.2_11425	7738	7539	314.006	2.27987
lcl|NC_037643.1_mrna_XM_016912763.2_11426	6903	6704	14.6056	0.119253
lcl|NC_037643.1_mrna_XM_001121546.5_11427	840	641	591	50.4678
lcl|NC_037643.1_mrna_XM_395260.7_11428	1303	1104	620	30.7403
lcl|NC_037643.1_mrna_XM_001121606.5_11429	2588	2389	0	0
lcl|NC_037643.1_mrna_XM_006557495.3_11430	2579	2380	12.652	0.290982
lcl|NC_037643.1_mrna_XM_006557497.3_11431	2321	2122	0	0
lcl|NC_037643.1_mrna_XM_006557496.3_11432	2545	2346	639.348	14.9175
lcl|NC_037643.1_ncrna_XR_407492.3_11433	1646	1447	524	19.822
lcl|NC_037643.1_mrna_XM_026441167.1_11434	4742	4543	1573	18.9527
lcl|NC_037643.1_mrna_XM_026441438.1_11435	1927	1728	4	0.126707
lcl|NC_037643.1_mrna_XM_623485.6_11436	7004	6805	0	0
lcl|NC_037643.1_mrna_XM_006557498.3_11437	6741	6542	9.68404e-07	8.10273e-09
lcl|NC_037643.1_mrna_XM_006557500.3_11438	7393	7194	0	0
lcl|NC_037643.1_mrna_XM_006557502.3_11439	6831	6632	841.352	6.94414
lcl|NC_037643.1_ncrna_XR_407493.3_11440	810	611	0	0
lcl|NC_037643.1_mrna_XM_006557503.3_11441	1056	857	3233	206.495
lcl|NC_037643.1_mrna_XM_623570.6_11442	1088	889	117	7.20393
lcl|NC_037643.1_ncrna_XR_003304859.1_11443	1187	988	0	0
lcl|NC_037643.1_mrna_XM_006557486.3_11444	2322	2123	249.825	6.44128
lcl|NC_037643.1_mrna_XM_006557487.3_11445	2293	2094	0	0
lcl|NC_037643.1_mrna_XM_006557484.3_11446	1468	1269	1137.82	49.0793
lcl|NC_037643.1_mrna_XM_016912491.2_11447	2362	2163	3253.27	82.3283
lcl|NC_037643.1_mrna_XM_026441103.1_11448	2338	2139	582.553	14.9077
lcl|NC_037643.1_mrna_XM_006557488.3_11449	2170	1971	0	0
lcl|NC_037643.1_mrna_XM_006557485.3_11450	1345	1146	43.1931	2.06308
lcl|NC_037643.1_mrna_NM_001040258.1_11451	1250	1051	1236.33	64.39
lcl|NC_037643.1_mrna_XM_016912489.2_11452	2019	1820	0	0
lcl|NC_037643.1_mrna_XM_006557504.3_11453	7986	7787	485.295	3.41131
lcl|NC_037643.1_mrna_XM_026441291.1_11454	709	510	0	0
lcl|NC_037643.1_mrna_XM_026441290.1_11455	1610	1411	50.7733	1.96967
lcl|NC_037643.1_mrna_XM_016912626.2_11456	681	482	6.22669	0.707124
lcl|NC_037643.1_mrna_XM_026441287.1_11457	6136	5937	9.17596	0.0845999
lcl|NC_037643.1_mrna_XM_026441286.1_11458	9826	9627	75.2164	0.427668
lcl|NC_037643.1_mrna_XM_026441380.1_11459	631	432	15.8549	2.00893
lcl|NC_037643.1_mrna_XM_026441288.1_11460	2945	2746	3.9334	0.0784067
lcl|NC_037643.1_mrna_XM_026441371.1_11461	10635	10436	1.0666	0.00559439
lcl|NC_037643.1_mrna_XM_001122176.5_11462	1152	953	266	15.2783
lcl|NC_037643.1_mrna_XM_394655.6_11463	3993	3794	30.3867	0.438401
lcl|NC_037643.1_mrna_XM_016912896.2_11464	4047	3848	5.45582e-07	7.76087e-09
lcl|NC_037643.1_mrna_XM_016912895.2_11465	4050	3851	2.04047e-07	2.90029e-09
lcl|NC_037643.1_mrna_XM_006557512.3_11466	3119	2920	4.61327	0.0864792
lcl|NC_037643.1_mrna_XM_006557509.3_11467	2796	2597	0	0
lcl|NC_037643.1_mrna_XM_026441284.1_11468	3161	2962	0	0
lcl|NC_037643.1_mrna_XM_006557510.3_11469	2984	2785	0	0
lcl|NC_037643.1_mrna_XM_006557517.3_11470	4893	4694	1496.98	17.4565
lcl|NC_037643.1_mrna_XM_006557516.3_11471	4838	4639	3027.02	35.7171
lcl|NC_037643.1_mrna_XM_016912495.2_11472	1115	916	153	9.14284
lcl|NC_037643.1_mrna_XM_016912726.2_11473	4245	4046	103	1.39347
lcl|NC_037643.1_mrna_XM_624718.5_11474	2276	2077	2508	66.0962
lcl|NC_037643.1_mrna_NM_001011615.1_11475	664	465	540	63.5662
lcl|NC_037643.1_mrna_XM_001122230.5_11476	502	303	294	53.1117
lcl|NC_037643.1_miscrna_XR_003304878.1_11477	1732	1533	0	0
lcl|NC_037643.1_mrna_XM_006557520.3_11478	1882	1683	59.6429	1.93981
lcl|NC_037643.1_mrna_XM_026441332.1_11479	1792	1593	0	0
lcl|NC_037643.1_mrna_XM_006557519.3_11480	1885	1686	695.569	22.5823
lcl|NC_037643.1_miscrna_XR_407495.3_11481	1746	1547	14.7883	0.523256
lcl|NC_037643.1_mrna_XM_026441184.1_11482	5258	5059	0	0
lcl|NC_037643.1_mrna_XM_006557526.2_11483	4951	4752	0	0
lcl|NC_037643.1_mrna_XM_006557525.2_11484	4773	4574	0	0
lcl|NC_037643.1_mrna_XM_026441185.1_11485	5113	4914	102.203	1.13845
lcl|NC_037643.1_mrna_XM_006557524.3_11486	4806	4607	955.791	11.3561
lcl|NC_037643.1_mrna_XM_006557523.3_11487	4628	4429	1384.99	17.117
lcl|NC_037643.1_mrna_XM_026441381.1_11488	7435	7236	188.261	1.42412
lcl|NC_037643.1_mrna_XM_003249082.4_11489	2217	2018	6020	163.29
lcl|NC_037643.1_mrna_XM_006557533.3_11490	2087	1888	41.0407	1.18987
lcl|NC_037643.1_mrna_XM_026441157.1_11491	1545	1346	21.9904	0.894278
lcl|NC_037643.1_mrna_XM_006557531.3_11492	1548	1349	21.0096	0.852495
lcl|NC_037643.1_mrna_XM_026441301.1_11493	1931	1732	13444	424.88
lcl|NC_037643.1_ncrna_XR_003304910.1_11494	1632	1433	27	1.03134
lcl|NC_037643.1_precursorrna_NR_034314.1_11495	62	3.32593	0	0
lcl|NC_037643.1_ncrna_11496	24	2.75981	0	0
lcl|NC_037643.1_mrna_XM_006559056.3_11497	1347	1148	1438	68.565
lcl|NC_037643.1_mrna_XM_006559055.3_11498	2479	2280	401.36	9.63572
lcl|NC_037643.1_mrna_XM_006559053.3_11499	1269	1070	394.927	20.2031
lcl|NC_037643.1_mrna_XM_006559054.3_11500	1319	1120	44.8	2.1895
lcl|NC_037643.1_mrna_XM_026441413.1_11501	1225	1026	186.273	9.93773
lcl|NC_037643.1_mrna_XM_026441265.1_11502	4592	4393	53.8193	0.670598
lcl|NC_037643.1_mrna_XM_026441266.1_11503	3939	3740	531.181	7.7742
lcl|NC_037643.1_mrna_XM_026441267.1_11504	988	789	504	34.9654
lcl|NC_037643.1_mrna_XM_006559050.3_11505	3080	2881	680.705	12.9331
lcl|NC_037643.1_mrna_XM_026441299.1_11506	2840	2641	16.2949	0.337728
lcl|NC_037643.1_miscrna_XR_003304869.1_11507	2693	2494	0	0
lcl|NC_037643.1_mrna_XM_026441300.1_11508	2606	2407	0	0
lcl|NC_037643.1_mrna_XM_001120291.5_11509	1984	1785	204	6.25572
lcl|NC_037643.1_mrna_XM_026441382.1_11510	2579	2380	5	0.114995
lcl|NC_037643.1_ncrna_XR_001703292.2_11511	406	207	0	0
lcl|NC_037643.1_mrna_XM_393493.6_11512	3107	2908	21.4508	0.403771
lcl|NC_037643.1_ncrna_XR_001703293.2_11513	4848	4649	19	0.223707
lcl|NC_037643.1_mrna_XM_001120112.5_11514	1881	1682	109345	3558.43
lcl|NC_037643.1_mrna_XM_026441316.1_11515	1809	1610	79.1451	2.69081
lcl|NC_037643.1_mrna_XM_016912939.2_11516	1081	882	3261	202.38
lcl|NC_037643.1_mrna_XM_026441435.1_11517	1293	1094	125	6.25429
lcl|NC_037643.1_mrna_XM_016912799.2_11518	2596	2397	3	0.0685076
lcl|NC_037643.1_mrna_XM_026441384.1_11519	14913	14714	408	1.5178
lcl|NC_037643.1_mrna_XM_006559899.1_11520	594	395	1	0.138576
lcl|NC_037643.1_mrna_XM_016912883.2_11521	1399	1200	27	1.23159
lcl|NC_037643.1_mrna_XM_006560040.3_11522	2981	2782	1	0.0196756
lcl|NC_037643.1_mrna_XM_006560048.3_11523	1199	1000	4	0.21895
lcl|NC_037643.1_mrna_XM_001120792.5_11524	2406	2207	7	0.173613
lcl|NC_037643.1_mrna_XM_006560041.3_11525	2110	1911	4	0.114574
lcl|NC_037643.1_mrna_XM_006560042.3_11526	1418	1219	0	0
lcl|NC_037643.1_mrna_XM_026441269.1_11527	1439	1240	5	0.220716
lcl|NC_037643.1_mrna_XM_026441270.1_11528	1106	907	0	0
lcl|NC_037643.1_mrna_XM_006560034.3_11529	1684	1485	5	0.184301
lcl|NC_037643.1_ncrna_XR_003304852.1_11530	1321	1122	0	0
lcl|NC_037643.1_ncrna_XR_001703611.2_11531	2858	2659	1	0.0205858
lcl|NC_037643.1_mrna_XM_026441207.1_11532	1842	1643	5	0.166578
lcl|NC_037643.1_mrna_XM_026441209.1_11533	1423	1224	7.69072	0.343931
lcl|NC_037643.1_mrna_XM_026441208.1_11534	1811	1612	8.30928	0.282152
lcl|NC_037643.1_mrna_XM_026441210.1_11535	2112	1913	17.713	0.506829
lcl|NC_037643.1_mrna_XM_026441212.1_11536	1911	1712	443.536	14.1811
lcl|NC_037643.1_mrna_XM_026441211.1_11537	2004	1805	410.276	12.4418
lcl|NC_037643.1_ncrna_XR_001703507.2_11538	1712	1513	10.4745	0.378949
lcl|NC_037643.1_mrna_XM_026441297.1_11539	2245	2046	643	17.2025
lcl|NC_037643.1_ncrna_XR_003304863.1_11540	2321	2122	21.6353	0.558089
lcl|NC_037643.1_mrna_XM_006560032.3_11541	1595	1396	309	12.116
lcl|NC_037643.1_mrna_XM_003249565.4_11542	763	564	394	38.2386
lcl|NC_037643.1_mrna_XM_003249564.4_11543	1692	1493	62	2.27309
lcl|NC_037643.1_mrna_XM_006560031.3_11544	1442	1243	0	0
lcl|NC_037643.1_ncrna_XR_003304792.1_11545	1844	1645	0	0
lcl|NC_037643.1_mrna_XM_016912823.2_11546	3725	3526	0	0
lcl|NC_037643.1_mrna_XM_016912821.2_11547	3973	3774	0	0
lcl|NC_037643.1_mrna_XM_016912822.2_11548	3908	3709	0	0
lcl|NC_037643.1_mrna_XM_016912824.2_11549	3751	3552	14	0.215745
lcl|NC_037643.1_mrna_XM_396491.6_11550	3878	3679	0	0
lcl|NC_037643.1_mrna_XM_026441282.1_11551	14372	14173	7.16158	0.0276587
lcl|NC_037643.1_mrna_XM_026441281.1_11552	14555	14356	75.8384	0.289162
lcl|NC_037643.1_mrna_XM_006560028.3_11553	1410	1211	142	6.41844
lcl|NC_037643.1_mrna_XM_026441385.1_11554	759	560	235	22.9702
lcl|NC_037643.1_mrna_XM_393219.7_11555	2101	1902	3690.95	106.222
lcl|NC_037643.1_mrna_XM_026441432.1_11556	7326	7127	1727.63	13.2687
lcl|NC_037643.1_mrna_XM_026441430.1_11557	7372	7173	77.8133	0.593797
lcl|NC_037643.1_mrna_XM_026441434.1_11558	6825	6626	11.1238	0.0918938
lcl|NC_037643.1_mrna_XM_026441431.1_11559	7569	7370	1502.92	11.1623
lcl|NC_037643.1_mrna_XM_026441433.1_11560	6592	6393	2429.51	20.8018
lcl|NC_037643.1_mrna_XM_026441429.1_11561	9755	9556	20	0.114562
lcl|NC_037643.1_ncrna_XR_003304945.1_11562	1551	1352	646	26.1542
lcl|NC_037643.1_mrna_XM_016912693.2_11563	5216	5017	24.4306	0.266548
lcl|NC_037643.1_mrna_XM_016912696.2_11564	5251	5052	451.949	4.89679
lcl|NC_037643.1_mrna_XM_016912694.2_11565	5625	5426	311.753	3.14497
lcl|NC_037643.1_mrna_XM_006560021.3_11566	5679	5480	0	0
lcl|NC_037643.1_mrna_XM_396456.7_11567	5724	5525	80.1394	0.793961
lcl|NC_037643.1_miscrna_XR_408591.3_11568	5800	5601	3482.87	34.0375
lcl|NC_037643.1_mrna_XM_016912697.2_11569	5194	4995	241.948	2.65137
lcl|NC_037643.1_mrna_XM_006560023.3_11570	2728	2529	232.718	5.03693
lcl|NC_037643.1_ncrna_XR_001703437.2_11571	6682	6483	19	0.160422
lcl|NC_037643.1_mrna_XM_026441387.1_11572	2330	2131	457.878	11.7612
lcl|NC_037643.1_mrna_XM_026441388.1_11573	2317	2118	3937.12	101.751
lcl|NC_037643.1_ncrna_XR_003304911.1_11574	1160	961	474	26.9985
lcl|NC_037643.1_mrna_XM_026441389.1_11575	4302	4103	315.7	4.2117
lcl|NC_037643.1_mrna_XM_026441392.1_11576	4131	3932	1340.54	18.6618
lcl|NC_037643.1_mrna_XM_026441390.1_11577	4025	3826	383.757	5.49031
lcl|NC_037643.1_ncrna_XR_408828.2_11578	872	673	1	0.0813336
lcl|NC_037643.1_mrna_XM_026441393.1_11579	5560	5361	397	4.0535
lcl|NC_037643.1_mrna_XM_026441416.1_11580	3174	2975	18129.9	333.575
lcl|NC_037643.1_mrna_XM_016912801.2_11581	1486	1287	154	6.54979
lcl|NC_037643.1_mrna_XM_026441421.1_11582	4021	3822	51.1243	0.732187
lcl|NC_037643.1_mrna_XM_026441420.1_11583	4543	4344	25.8757	0.326053
lcl|NC_037643.1_trna_11584	72	3.52559	0	0
lcl|NC_037643.1_mrna_NM_001011608.1_11585	1828	1629	1445	48.5548
lcl|NC_037643.1_mrna_NM_001040236.1_11586	1767	1568	527090	18400.3
lcl|NC_037643.1_ncrna_XR_003304915.1_11587	1881	1682	26	0.846121
lcl|NC_037643.1_mrna_XM_395905.6_11588	1425	1226	3956	176.625
lcl|NC_037643.1_mrna_XM_006572240.3_11589	3482	3283	1420	23.6757
lcl|NC_037643.1_mrna_XM_006572241.3_11590	1537	1338	15	0.61365
lcl|NC_037643.1_mrna_XM_026441418.1_11591	1294	1095	234.626	11.7286
lcl|NC_037643.1_mrna_XM_625070.6_11592	1266	1067	71.3744	3.66154
lcl|NC_037643.1_mrna_XM_006572244.3_11593	707	508	178	19.1797
lcl|NC_037643.1_mrna_XM_006572243.3_11594	443	244	13.8108	3.09824
lcl|NC_037643.1_mrna_XM_003251867.4_11595	480	281	15.1892	2.95879
lcl|NC_037643.1_mrna_XM_006572242.3_11596	491	292	0	0
lcl|NC_037643.1_mrna_XM_016917469.2_11597	5811	5612	443.826	4.32893
lcl|NC_037643.1_mrna_XM_625052.6_11598	5684	5485	446.514	4.45599
lcl|NC_037643.1_mrna_XM_026441415.1_11599	5673	5474	290.775	2.90762
lcl|NC_037643.1_mrna_XM_016917470.2_11600	5664	5465	368.681	3.69272
lcl|NC_037643.1_mrna_XM_016917468.2_11601	5725	5526	208.682	2.06709
lcl|NC_037643.1_mrna_XM_016917471.2_11602	5614	5415	37.6604	0.38069
lcl|NC_037643.1_mrna_XM_016917472.2_11603	5793	5594	0	0
lcl|NC_037643.1_miscrna_XR_003304914.1_11604	5875	5676	27.9728	0.269761
lcl|NC_037643.1_mrna_XM_016917467.2_11605	5793	5594	623.888	6.10477
lcl|NC_037643.1_mrna_XM_016917465.2_11606	5796	5597	3.53744e-06	3.45954e-08
lcl|NC_037643.1_mrna_XM_006572254.3_11607	770	571	3650	349.898
lcl|NC_037643.1_mrna_XM_016917475.2_11608	3327	3128	558	9.76456
lcl|NC_037643.1_mrna_XM_623590.5_11609	1331	1132	480	23.2103
lcl|NC_037643.1_mrna_XM_026441419.1_11610	1026	827	10853	718.339
lcl|NC_037643.1_mrna_XM_001122891.5_11611	4097	3898	79.9478	1.12266
lcl|NC_037643.1_mrna_XM_006572257.3_11612	4241	4042	650.052	8.80313
lcl|NC_037643.1_mrna_XM_395353.5_11613	1976	1777	673.808	20.7555
lcl|NC_037643.1_mrna_XM_006572256.3_11614	1690	1491	2.19181	0.0804658
lcl|NC_037643.1_mrna_XM_006572258.3_11615	4259	4060	409.961	5.52716
lcl|NC_037643.1_mrna_XM_006572259.3_11616	4255	4056	128.039	1.72794
lcl|NC_037643.1_mrna_XM_006572262.3_11617	1175	976	1146	64.2717
lcl|NC_037643.1_mrna_XM_016917476.2_11618	847	648	79.9844	6.7564
lcl|NC_037643.1_mrna_XM_392954.5_11619	1419	1220	38.0156	1.70564
lcl|NC_037643.1_mrna_XM_026441417.1_11620	1566	1367	6288.12	251.789
lcl|NC_037643.1_mrna_XM_026441386.1_11621	675	476	13.9934	1.60917
lcl|NC_037643.1_mrna_XM_016912650.2_11622	3525	3326	0	0
lcl|NC_037643.1_mrna_XM_006561302.3_11623	3246	3047	904.031	16.2404
lcl|NC_037643.1_miscrna_XR_003304916.1_11624	5023	4824	139.05	1.57779
lcl|NC_037643.1_mrna_XM_006561297.3_11625	3645	3446	0	0
lcl|NC_037643.1_mrna_XM_016912649.2_11626	3641	3442	673.522	10.7109
lcl|NC_037643.1_mrna_XM_026441423.1_11627	5032	4833	0.141414	0.00160162
lcl|NC_037643.1_mrna_XM_006561299.3_11628	5153	4954	7167.26	79.1922
lcl|NC_037643.1_mrna_XM_006561295.3_11629	12934	12735	1129.73	4.8558
lcl|NC_037643.1_mrna_XM_016912646.2_11630	9252	9053	0	0
lcl|NC_037643.1_ncrna_XR_003304929.1_11631	4274	4075	117	1.57161
lcl|NC_037643.1_mrna_XM_006561296.3_11632	10862	10663	86.2715	0.442867
lcl|NC_037643.1_miscrna_XR_409062.3_11633	5545	5346	2.29306e-08	2.34786e-10
lcl|NC_037643.1_miscrna_XR_003304917.1_11634	5471	5272	1	0.0103827
lcl|NC_037643.1_mrna_XM_026441424.1_11635	1482	1283	0	0
lcl|NC_037643.1_ncrna_XR_003304925.1_11636	2145	1946	0	0
lcl|NC_037643.1_ncrna_XR_003304926.1_11637	2055	1856	14	0.412891
lcl|NC_037643.1_ncrna_XR_003304923.1_11638	3047	2848	6	0.115318
lcl|NC_037643.1_ncrna_XR_003304919.1_11639	4559	4360	0	0
lcl|NC_037643.1_ncrna_XR_003304920.1_11640	6919	6720	7	0.0570183
lcl|NC_037643.1_ncrna_XR_003304918.1_11641	5859	5660	0	0
lcl|NC_037643.1_ncrna_XR_003304922.1_11642	5854	5655	0	0
lcl|NC_037643.1_ncrna_XR_003304921.1_11643	3645	3446	0	0
lcl|NC_037643.1_ncrna_XR_003304927.1_11644	2528	2329	5	0.117513
lcl|NC_037643.1_ncrna_XR_003304928.1_11645	3609	3410	11	0.176573
lcl|NC_037643.1_ncrna_XR_003304924.1_11646	3460	3261	4	0.067142
lcl|NC_037643.1_mrna_XM_006561291.3_11647	2367	2168	22893.1	578.003
lcl|NC_037643.1_mrna_XM_393173.7_11648	2595	2396	72394.9	1653.89
lcl|NC_037643.1_mrna_XM_006561279.2_11649	4468	4269	1586.39	20.3408
lcl|NC_037643.1_mrna_XM_006561278.2_11650	4579	4380	4697.61	58.7068
lcl|NC_037643.1_mrna_XM_006561281.3_11651	1489	1290	810.649	34.3976
lcl|NC_037643.1_mrna_XM_006561282.3_11652	1329	1130	43.1558	2.09048
lcl|NC_037643.1_miscrna_XR_001703356.2_11653	713	514	43.1955	4.60003
lcl|NC_037643.1_mrna_XM_016912643.2_11654	514	315	0	0
lcl|NC_037643.1_mrna_XM_006561290.3_11655	1950	1751	1328.61	41.5333
lcl|NC_037643.1_mrna_XM_016912638.2_11656	2019	1820	52.0537	1.56555
lcl|NC_037643.1_mrna_XM_006561284.3_11657	2007	1808	0	0
lcl|NC_037643.1_mrna_XM_006561288.3_11658	1847	1648	1.37599e-07	4.57027e-09
lcl|NC_037643.1_mrna_XM_026441263.1_11659	1728	1529	0	0
lcl|NC_037643.1_mrna_XM_016912641.2_11660	1627	1428	0	0
lcl|NC_037643.1_mrna_XM_016912639.2_11661	1704	1505	0	0
lcl|NC_037643.1_mrna_XM_016912642.2_11662	1597	1398	0	0
lcl|NC_037643.1_mrna_XM_006561283.3_11663	1686	1487	0	0
lcl|NC_037643.1_mrna_XM_006561285.3_11664	1700	1501	0	0
lcl|NC_037643.1_mrna_XM_006561286.3_11665	1668	1469	0	0
lcl|NC_037643.1_mrna_XM_006561277.3_11666	2537	2338	17.713	0.414699
lcl|NC_037643.1_mrna_XM_396383.6_11667	2748	2549	433.052	9.29942
lcl|NC_037643.1_mrna_XM_006561276.3_11668	2763	2564	352.235	7.51968
lcl|NC_037643.1_mrna_XM_396382.6_11669	1686	1487	641	23.5957
lcl|NC_037643.1_mrna_XM_016912589.2_11670	1758	1559	1244.29	43.6877
lcl|NC_037643.1_mrna_XM_006561274.3_11671	683	484	417.714	47.241
lcl|NC_037643.1_mrna_XM_001121418.5_11672	2555	2356	777	18.0522
lcl|NC_037643.1_mrna_XM_006561271.3_11673	2299	2100	87.706	2.2861
lcl|NC_037643.1_mrna_XM_006561273.3_11674	2206	2007	2103.29	57.3638
lcl|NC_037643.1_mrna_XM_006561272.3_11675	2222	2023	0	0
lcl|NC_037643.1_ncrna_XR_409055.3_11676	2808	2609	27	0.566467
lcl|NC_037643.1_ncrna_XR_409056.3_11677	631	432	6.07522	0.769775
lcl|NC_037643.1_miscrna_XR_003304949.1_11678	2919	2720	110.278	2.21924
lcl|NC_037643.1_miscrna_XR_003304948.1_11679	2838	2639	837.412	17.3694
lcl|NC_037643.1_mrna_XM_026441442.1_11680	2633	2434	330.235	7.42656
lcl|NC_037643.1_mrna_XM_026441443.1_11681	6632	6433	544	4.62882
lcl|NC_037643.1_mrna_XM_026441444.1_11682	6617	6418	0	0
lcl|NC_037643.1_mrna_XM_026441394.1_11683	1627	1428	215	8.2413
lcl|NC_037643.1_mrna_XM_016912902.1_11684	2096	1897	843.242	24.3316
lcl|NC_037643.1_mrna_XM_016912905.2_11685	1999	1800	100.758	3.06401
lcl|NC_037643.1_mrna_NM_001270825.1_11686	865	666	306.746	25.211
lcl|NC_037643.1_ncrna_XR_003304849.1_11687	676	477	95.2541	10.9308
lcl|NC_037643.1_mrna_NM_001270824.1_11688	462	263	4	0.83251
lcl|NC_037643.1_ncrna_XR_001703555.2_11689	1927	1728	0.00564225	0.000178729
lcl|NC_037643.1_ncrna_XR_409052.3_11690	1918	1719	4.1067	0.130768
lcl|NC_037643.1_ncrna_XR_001703556.2_11691	1500	1301	17.8877	0.752595
lcl|NC_037643.1_ncrna_XR_001703557.2_11692	1198	999	35.3906	1.93913
lcl|NC_037643.1_ncrna_XR_003304850.1_11693	1262	1063	16.6094	0.855274
lcl|NC_037643.1_mrna_NM_001270830.1_11694	1123	924	24	1.42175
lcl|NC_037643.1_mrna_XM_006561263.3_11695	4878	4679	889	10.4
lcl|NC_037643.1_mrna_XM_026441315.1_11696	520	321	0	0
lcl|NC_037643.1_mrna_XM_026441395.1_11697	665	466	2	0.234925
lcl|NC_037643.1_mrna_XM_006561253.3_11698	3055	2856	239.655	4.59319
lcl|NC_037643.1_mrna_XM_026441183.1_11699	2919	2720	32.5173	0.654382
lcl|NC_037643.1_mrna_XM_016912767.2_11700	2702	2503	0	0
lcl|NC_037643.1_mrna_XM_016912766.2_11701	2734	2535	12.4819	0.269517
lcl|NC_037643.1_mrna_XM_016912768.2_11702	2679	2480	0	0
lcl|NC_037643.1_mrna_XM_016912765.2_11703	2739	2540	0	0
lcl|NC_037643.1_mrna_XM_026441181.1_11704	2662	2463	0	0
lcl|NC_037643.1_mrna_XM_016912771.2_11705	2105	1906	0.000484853	1.39243e-05
lcl|NC_037643.1_mrna_XM_016912770.2_11706	2131	1932	44.9065	1.27229
lcl|NC_037643.1_mrna_XM_026441182.1_11707	2128	1929	333.213	9.45528
lcl|NC_037643.1_mrna_XM_016912769.2_11708	2231	2032	0	0
lcl|NC_037643.1_ncrna_XR_003304814.1_11709	1200	1001	57.7995	3.16064
lcl|NC_037643.1_mrna_XM_026441177.1_11710	3361	3162	1.48225	0.0256593
lcl|NC_037643.1_mrna_XM_026441175.1_11711	3462	3263	0	0
lcl|NC_037643.1_mrna_XM_026441176.1_11712	3354	3155	24.2996	0.421584
lcl|NC_037643.1_mrna_XM_026441179.1_11713	2789	2590	13.838	0.292455
lcl|NC_037643.1_mrna_XM_026441178.1_11714	2820	2621	4.16865e-06	8.7059e-08
lcl|NC_037643.1_trna_11715	73	3.5471	0	0
lcl|NC_037643.1_mrna_XM_006561259.3_11716	3600	3401	134	2.15667
lcl|NC_037643.1_mrna_XM_026441271.1_11717	5850	5651	144	1.39483
lcl|NC_037643.1_mrna_XM_001120594.5_11718	2358	2159	657	16.657
lcl|NC_037643.1_mrna_XM_016912864.2_11719	1458	1259	538.622	23.4177
lcl|NC_037643.1_mrna_XM_026441447.1_11720	1296	1097	276.383	13.7908
lcl|NC_037643.1_mrna_XM_026441448.1_11721	1815	1616	407	13.786
lcl|NC_037643.1_mrna_XM_016912711.2_11722	5557	5358	0	0
lcl|NC_037643.1_mrna_XM_016912710.2_11723	6555	6356	324.348	2.79326
lcl|NC_037643.1_mrna_XM_016912715.2_11724	5382	5183	0.00238814	2.52211e-05
lcl|NC_037643.1_mrna_XM_016912713.2_11725	5541	5342	0	0
lcl|NC_037643.1_mrna_XM_016912712.2_11726	5544	5345	61.4089	0.628882
lcl|NC_037643.1_mrna_XM_016912709.2_11727	5559	5360	0	0
lcl|NC_037643.1_mrna_XM_006561244.3_11728	5941	5742	34.7039	0.330826
lcl|NC_037643.1_mrna_XM_006561249.3_11729	5845	5646	0	0
lcl|NC_037643.1_mrna_XM_026441450.1_11730	5929	5730	22.6442	0.216315
lcl|NC_037643.1_mrna_XM_026441449.1_11731	5623	5424	31.4748	0.317635
lcl|NC_037643.1_mrna_XM_006561251.3_11732	4439	4240	172.418	2.22588
lcl|NC_037643.1_mrna_XM_006561252.3_11733	4605	4406	1667.81	20.7199
lcl|NC_037643.1_mrna_XM_392558.7_11734	4599	4400	70.1906	0.873195
lcl|NC_037643.1_mrna_XM_006561239.3_11735	6200	6001	2823	25.7497
lcl|NC_037643.1_mrna_XM_006561241.3_11736	4322	4123	130	1.7259
lcl|NC_037643.1_mrna_XM_393127.6_11737	1401	1202	40935	1864.13
lcl|NC_037643.1_ncrna_XR_001703417.2_11738	1155	956	682	39.0492
lcl|NC_037643.1_mrna_XM_003249794.4_11739	1426	1227	8476.59	378.148
lcl|NC_037643.1_mrna_XM_003249795.4_11740	1462	1263	301.412	13.063
lcl|NC_037643.1_mrna_XM_003249792.4_11741	1015	816	40	2.68321
lcl|NC_037643.1_mrna_XM_026441396.1_11742	5832	5633	117.199	1.13886
lcl|NC_037643.1_mrna_XM_016912669.2_11743	637	438	1	0.124972
lcl|NC_037643.1_mrna_XM_026441462.1_11744	398	199	0	0
lcl|NC_037643.1_mrna_XM_016912893.2_11745	2358	2159	0	0
lcl|NC_037643.1_mrna_XM_016912894.2_11746	2005	1806	22.2208	0.673483
lcl|NC_037643.1_mrna_XM_003249797.4_11747	2183	1984	0	0
lcl|NC_037643.1_ncrna_XR_003304853.1_11748	1677	1478	2	0.0740697
lcl|NC_037643.1_ncrna_XR_409040.3_11749	778	579	0	0
lcl|NC_037643.1_mrna_XM_016912925.2_11750	1699	1500	15	0.547375
lcl|NC_037643.1_mrna_XM_016912661.2_11751	4270	4071	0	0
lcl|NC_037643.1_mrna_XM_006562478.3_11752	4529	4330	0	0
lcl|NC_037643.1_mrna_XM_392426.6_11753	4561	4362	79	0.991349
lcl|NC_037643.1_precursorrna_NR_039523.1_11754	73	3.5471	0	0
lcl|NC_037643.1_ncrna_11755	21	2.72438	0	0
lcl|NC_037643.1_ncrna_XR_001703409.2_11756	1290	1091	0	0
lcl|NC_037643.1_ncrna_XR_003304963.1_11757	8147	7948	0	0
lcl|NC_037643.1_ncrna_XR_003304964.1_11758	6778	6579	2.00042	0.0166436
lcl|NC_037643.1_ncrna_XR_003304965.1_11759	3757	3558	0	0
lcl|NC_037643.1_mrna_XM_001120052.4_11760	1152	953	0	0
lcl|NC_037643.1_mrna_XM_026441398.1_11761	1709	1510	25	0.906251
lcl|NC_037643.1_mrna_XM_001120224.5_11762	2319	2120	131.508	3.39548
lcl|NC_037643.1_mrna_XM_006564066.3_11763	4108	3909	615.096	8.61316
lcl|NC_037643.1_mrna_XM_026441137.1_11764	4085	3886	0.00167793	2.3635e-05
lcl|NC_037643.1_mrna_XM_026441136.1_11765	4148	3949	91.7715	1.27206
lcl|NC_037643.1_mrna_XM_026441135.1_11766	4213	4014	0.130585	0.00178075
lcl|NC_037643.1_mrna_XM_006564071.1_11767	2536	2337	26.7517	0.626582
lcl|NC_037643.1_mrna_XM_006564070.1_11768	2539	2340	1191.25	27.8658
lcl|NC_037643.1_mrna_XM_003250367.4_11769	1839	1640	1169	39.0172
lcl|NC_037643.1_mrna_XM_026441252.1_11770	3970	3771	1148.04	16.6643
lcl|NC_037643.1_mrna_XM_026441251.1_11771	3706	3507	948.957	14.8114
lcl|NC_037643.1_mrna_XM_026441439.1_11772	5304	5105	543.885	5.83172
lcl|NC_037643.1_ncrna_XR_001703420.2_11773	3771	3572	249.518	3.82362
lcl|NC_037643.1_ncrna_XR_001703422.2_11774	3538	3339	34.6876	0.568647
lcl|NC_037643.1_ncrna_XR_001703423.2_11775	3449	3250	72.7948	1.22603
lcl|NC_037643.1_mrna_XM_016912674.2_11776	3836	3637	40.314	0.606734
lcl|NC_037643.1_mrna_XM_016912675.2_11777	3840	3641	10.0694	0.151381
lcl|NC_037643.1_mrna_XM_016912676.2_11778	3622	3423	3587.22	57.3636
lcl|NC_037643.1_mrna_XM_393390.6_11779	3923	3724	65.5101	0.962905
lcl|NC_037643.1_mrna_XM_006564073.3_11780	4278	4079	422.902	5.67508
lcl|NC_037643.1_mrna_XM_006564074.3_11781	4258	4059	0	0
lcl|NC_037643.1_mrna_XM_016912673.2_11782	4379	4180	114.599	1.50069
lcl|NC_037643.1_mrna_XM_006564077.3_11783	3973	3774	0	0
lcl|NC_037643.1_mrna_XM_026441440.1_11784	4120	3921	610.498	8.52261
lcl|NC_037643.1_mrna_XM_006564078.1_11785	4074	3875	0	0
lcl|NC_037643.1_mrna_XM_016912550.2_11786	3463	3264	1863.56	31.252
lcl|NC_037643.1_mrna_XM_006564088.3_11787	2286	2087	1345.44	35.2881
lcl|NC_037643.1_mrna_XM_003250360.4_11788	881	682	15950	1280.15
lcl|NC_037643.1_mrna_XM_001121092.5_11789	5508	5309	1083	11.1661
lcl|NC_037643.1_mrna_XM_623824.6_11790	2110	1911	263.024	7.53391
lcl|NC_037643.1_mrna_XM_006564086.2_11791	2062	1863	272.976	8.02041
lcl|NC_037643.1_mrna_XM_006564083.3_11792	1999	1800	2.76287	0.084018
lcl|NC_037643.1_mrna_XM_016912544.2_11793	2026	1827	54.2191	1.62442
lcl|NC_037643.1_mrna_XM_006564084.3_11794	1930	1731	9.01808	0.285169
lcl|NC_037643.1_mrna_XM_006564080.3_11795	7596	7397	17.4321	0.128997
lcl|NC_037643.1_mrna_XM_006564081.3_11796	7382	7183	2.14928e-08	1.63785e-10
lcl|NC_037643.1_mrna_XM_026441540.1_11797	6323	6124	396.568	3.5446
lcl|NC_037643.1_mrna_XM_006564079.3_11798	509	310	0	0
lcl|NC_037643.1_mrna_XM_625020.6_11799	1285	1086	736	37.0965
lcl|NC_037643.1_mrna_XM_001120233.4_11800	1448	1249	176	7.71322
lcl|NC_037643.1_mrna_XM_006564089.3_11801	1654	1455	429	16.1391
lcl|NC_037643.1_mrna_XM_026441547.1_11802	1657	1458	107	4.01709
lcl|NC_037643.1_mrna_XM_026441546.1_11803	5523	5324	306.473	3.15093
lcl|NC_037643.1_mrna_XM_026441545.1_11804	3274	3075	575.527	10.2449
lcl|NC_037643.1_mrna_XM_026441541.1_11805	7049	6850	61.6578	0.4927
lcl|NC_037643.1_mrna_XM_026441544.1_11806	6997	6798	2232.15	17.9733
lcl|NC_037643.1_mrna_XM_026441543.1_11807	4551	4352	154.221	1.93973
lcl|NC_037643.1_mrna_XM_026441542.1_11808	7077	6878	170.984	1.36075
lcl|NC_037643.1_ncrna_XR_003304969.1_11809	569	370	2	0.295879
lcl|NC_037643.1_ncrna_XR_409867.3_11810	1521	1322	37	1.53199
lcl|NC_037643.1_ncrna_XR_001703248.2_11811	2995	2796	79	1.54659
lcl|NC_037643.1_ncrna_XR_003304970.1_11812	3954	3755	22	0.320699
lcl|NC_037643.1_ncrna_XR_003304968.1_11813	2919	2720	36.8572	0.741718
lcl|NC_037643.1_ncrna_XR_003304967.1_11814	1727	1528	16.1428	0.578283
lcl|NC_037643.1_mrna_XM_623497.5_11815	1320	1121	159	7.76384
lcl|NC_037643.1_mrna_XM_006564093.3_11816	1954	1755	35.6519	1.11196
lcl|NC_037643.1_mrna_XM_026441238.1_11817	1133	934	27.0263	1.58389
lcl|NC_037643.1_ncrna_XR_003304832.1_11818	3720	3521	0	0
lcl|NC_037643.1_ncrna_XR_003304833.1_11819	3593	3394	0	0
lcl|NC_037643.1_ncrna_XR_003304834.1_11820	3399	3200	2	0.034211
lcl|NC_037643.1_ncrna_XR_001703535.2_11821	441	242	1	0.226188
lcl|NC_037643.1_miscrna_XR_001703528.2_11822	4218	4019	35.3218	0.481072
lcl|NC_037643.1_ncrna_XR_001703532.2_11823	677	478	0	0
lcl|NC_037643.1_ncrna_XR_001703605.2_11824	2401	2202	0	0
lcl|NC_037643.1_ncrna_XR_003304933.1_11825	3573	3374	0	0
lcl|NC_037643.1_ncrna_XR_409878.3_11826	3642	3443	0	0
lcl|NC_037643.1_ncrna_XR_409877.3_11827	3456	3257	0	0
lcl|NC_037643.1_mrna_XM_396640.7_11828	3212	3013	1371	24.9071
lcl|NC_037643.1_mrna_XM_006564100.3_11829	2306	2107	353.531	9.18434
lcl|NC_037643.1_mrna_XM_006564101.2_11830	2477	2278	109.226	2.62457
lcl|NC_037643.1_mrna_XM_393301.6_11831	2218	2019	43.2431	1.17237
lcl|NC_037643.1_mrna_XM_026441268.1_11832	971	772	102.313	7.25437
lcl|NC_037643.1_mrna_XM_006564099.3_11833	888	689	243.687	19.3597
lcl|NC_037643.1_mrna_XM_006564098.3_11834	727	528	150	15.5504
lcl|NC_037643.1_mrna_XM_396639.7_11835	1841	1642	2121.76	70.7308
lcl|NC_037643.1_mrna_XM_006564102.3_11836	1961	1762	355.216	11.035
lcl|NC_037643.1_mrna_XM_393300.7_11837	2040	1841	3263.02	97.0179
lcl|NC_037643.1_mrna_XM_003250369.4_11838	3366	3167	999	17.2664
lcl|NC_037643.1_miscrna_XR_003304795.1_11839	217	24.7239	13	28.7814
lcl|NC_037643.1_mrna_XM_003250370.4_11840	1233	1034	158.099	8.36938
lcl|NC_037643.1_mrna_XM_006564104.3_11841	1203	1004	26.9012	1.46664
lcl|NC_037643.1_mrna_XM_006564105.3_11842	1044	845	0	0
lcl|NC_037643.1_mrna_XM_003250371.4_11843	1795	1596	199.568	6.84453
lcl|NC_037643.1_mrna_XM_393119.7_11844	1761	1562	2778.43	97.3653
lcl|NC_037643.1_mrna_XM_623415.6_11845	997	798	304.28	20.8716
lcl|NC_037643.1_mrna_XM_006564109.3_11846	1357	1158	0	0
lcl|NC_037643.1_mrna_XM_026441138.1_11847	1425	1226	27.1304	1.2113
lcl|NC_037643.1_mrna_XM_006564108.3_11848	1365	1166	200.589	9.41661
lcl|NC_037643.1_mrna_XM_006564107.3_11849	976	777	0	0
lcl|NC_037643.1_mrna_XM_026441512.1_11850	2898	2699	170.151	3.45078
lcl|NC_037643.1_mrna_XM_026441511.1_11851	3324	3125	2040.64	35.7439
lcl|NC_037643.1_mrna_XM_026441509.1_11852	3392	3193	2.97694e-06	5.10336e-08
lcl|NC_037643.1_mrna_XM_026441510.1_11853	2767	2568	1322.21	28.1832
lcl|NC_037643.1_mrna_XM_001121426.5_11854	3387	3188	2127	36.5203
lcl|NC_037643.1_mrna_XM_006564115.3_11855	2770	2571	0	0
lcl|NC_037643.1_mrna_XM_026441513.1_11856	2658	2459	994	22.1265
lcl|NC_037643.1_mrna_XM_026441255.1_11857	2971	2772	903.488	17.8408
lcl|NC_037643.1_mrna_XM_026441256.1_11858	2883	2684	95.398	1.94555
lcl|NC_037643.1_mrna_XM_026441257.1_11859	3055	2856	93.1143	1.78461
lcl|NC_037643.1_mrna_XM_026441538.1_11860	10831	10632	4629	23.8318
lcl|NC_037643.1_mrna_XM_395437.7_11861	1575	1376	394	15.6734
lcl|NC_037643.1_mrna_XM_006564119.3_11862	2676	2477	5	0.110492
lcl|NC_037643.1_ncrna_XR_001703586.2_11863	4299	4100	8	0.106805
lcl|NC_037643.1_mrna_XM_006564120.3_11864	1764	1565	2179	76.2128
lcl|NC_037643.1_mrna_XM_006564123.3_11865	4204	4005	4029.79	55.0764
lcl|NC_037643.1_mrna_XM_006564126.3_11866	2103	1904	1141.8	32.8254
lcl|NC_037643.1_mrna_XM_026441549.1_11867	1899	1700	0	0
lcl|NC_037643.1_mrna_XM_026441548.1_11868	1986	1787	1086.4	33.2776
lcl|NC_037643.1_mrna_XM_392810.6_11869	3556	3357	1986.57	32.392
lcl|NC_037643.1_mrna_XM_016912718.2_11870	3930	3731	86.3082	1.26623
lcl|NC_037643.1_mrna_XM_006564121.3_11871	1971	1772	1340.12	41.3968
lcl|NC_037643.1_precursorrna_NR_127307.1_11872	163	8.39114	0	0
lcl|NC_037643.1_ncrna_11873	22	2.73612	0	0
lcl|NC_037643.1_ncrna_11874	22	2.73612	0	0
lcl|NC_037643.1_ncrna_XR_120158.4_11875	937	738	9	0.667531
lcl|NC_037643.1_mrna_XM_006564127.3_11876	3905	3706	0	0
lcl|NC_037643.1_mrna_XM_006564131.3_11877	3686	3487	201.334	3.16047
lcl|NC_037643.1_mrna_XM_006564132.3_11878	3545	3346	1.35347e-06	2.21415e-08
lcl|NC_037643.1_mrna_XM_006564129.3_11879	3893	3694	0	0
lcl|NC_037643.1_mrna_XM_026441325.1_11880	3533	3334	255.227	4.19031
lcl|NC_037643.1_mrna_XM_006564128.3_11881	3893	3694	0	0
lcl|NC_037643.1_mrna_XM_392425.7_11882	3881	3682	4.0366e-07	6.00092e-09
lcl|NC_037643.1_mrna_XM_026441320.1_11883	3798	3599	0	0
lcl|NC_037643.1_mrna_XM_026441323.1_11884	3786	3587	0	0
lcl|NC_037643.1_mrna_XM_026441319.1_11885	3722	3523	5.53925e-07	8.60644e-09
lcl|NC_037643.1_mrna_XM_026441322.1_11886	3710	3511	41.0129	0.639404
lcl|NC_037643.1_mrna_XM_026441326.1_11887	3227	3028	154.786	2.79809
lcl|NC_037643.1_mrna_XM_016912629.2_11888	3277	3078	1.63474e-07	2.90714e-09
lcl|NC_037643.1_mrna_XM_026441324.1_11889	3265	3066	165.107	2.94766
lcl|NC_037643.1_mrna_XM_026441327.1_11890	8685	8486	2904	18.7318
lcl|NC_037643.1_ncrna_XR_120161.4_11891	1200	1001	337	18.4281
lcl|NC_037643.1_mrna_XM_026441558.1_11892	4500	4301	90.3635	1.15003
lcl|NC_037643.1_mrna_XM_393419.7_11893	4478	4279	2674.64	34.2143
lcl|NC_037643.1_ncrna_XR_003304973.1_11894	1331	1132	12.2388	0.591805
lcl|NC_037643.1_ncrna_XR_001706383.2_11895	2082	1883	4	0.116277
lcl|NC_037643.1_ncrna_XR_003304972.1_11896	2285	2086	8	0.209923
lcl|NC_037643.1_ncrna_XR_409884.3_11897	455	256	460	98.3565
lcl|NC_037643.1_miscrna_XR_003304871.1_11898	16804	16605	662.445	2.18372
lcl|NC_037643.1_mrna_XM_026441305.1_11899	17490	17291	194.954	0.61716
lcl|NC_037643.1_mrna_XM_026441306.1_11900	17497	17298	0.134812	0.000426597
lcl|NC_037643.1_mrna_XM_026441304.1_11901	17600	17401	350.427	1.10232
lcl|NC_037643.1_mrna_XM_026441310.1_11902	16436	16237	456.256	1.53811
lcl|NC_037643.1_mrna_XM_026441308.1_11903	16592	16393	0	0
lcl|NC_037643.1_mrna_XM_026441311.1_11904	16436	16237	0.0024458	8.24518e-06
lcl|NC_037643.1_mrna_XM_026441307.1_11905	16598	16399	0	0
lcl|NC_037643.1_mrna_XM_026441303.1_11906	16601	16402	0	0
lcl|NC_037643.1_mrna_XM_026441309.1_11907	16445	16246	7.11658e-07	2.39778e-09
lcl|NC_037643.1_ncrna_XR_001703306.2_11908	2326	2127	1	0.0257346
lcl|NC_037643.1_miscrna_XR_003304872.1_11909	2128	1929	0	0
lcl|NC_037643.1_mrna_XM_026441312.1_11910	2243	2044	5	0.133898
lcl|NC_037643.1_mrna_XM_026441399.1_11911	2718	2519	45	0.977844
lcl|NC_037643.1_ncrna_XR_001703331.2_11912	891	692	22	1.74021
lcl|NC_037643.1_mrna_XM_016912614.2_11913	8205	8006	9.39603e-05	6.42413e-07
lcl|NC_037643.1_mrna_XM_016912612.2_11914	8484	8285	0	0
lcl|NC_037643.1_mrna_XM_026441123.1_11915	8177	7978	0.000524939	3.60164e-06
lcl|NC_037643.1_mrna_XM_016912613.2_11916	8456	8257	0	0
lcl|NC_037643.1_mrna_XM_016912615.2_11917	8156	7957	110.114	0.757491
lcl|NC_037643.1_mrna_XM_016912616.2_11918	8129	7930	543.194	3.74945
lcl|NC_037643.1_ncrna_XR_410136.3_11919	4703	4504	38	0.461818
lcl|NC_037643.1_ncrna_XR_001703340.2_11920	3420	3221	0	0
lcl|NC_037643.1_ncrna_XR_001703338.2_11921	2964	2765	5.96027	0.117993
lcl|NC_037643.1_ncrna_XR_001703336.2_11922	2975	2776	0.0397343	0.000783487
lcl|NC_037643.1_mrna_XM_394650.5_11923	2657	2458	127.646	2.84256
lcl|NC_037643.1_mrna_XM_006565416.3_11924	1906	1707	152.276	4.88295
lcl|NC_037643.1_ncrna_XR_003304791.1_11925	817	618	77.6963	6.88172
lcl|NC_037643.1_ncrna_XR_003304790.1_11926	466	267	27.2201	5.58038
lcl|NC_037643.1_ncrna_XR_001703333.2_11927	510	311	6.55184	1.15316
lcl|NC_037643.1_ncrna_XR_001703334.2_11928	912	713	33	2.53343
lcl|NC_037643.1_mrna_XM_392423.7_11929	1225	1026	1143	60.9795
lcl|NC_037643.1_ncrna_XR_003304909.1_11930	2032	1833	2	0.0597245
lcl|NC_037643.1_ncrna_XR_410274.3_11931	459	260	0	0
lcl|NC_037643.1_miscrna_XR_003304908.1_11932	2488	2289	64	1.53045
lcl|NC_037643.1_mrna_XM_006565413.3_11933	820	621	0	0
lcl|NC_037643.1_precursorrna_NR_127365.1_11934	85	3.83091	0	0
lcl|NC_037643.1_ncrna_11935	21	2.72438	0	0
lcl|NC_037643.1_mrna_XM_003250586.4_11936	961	762	55.0989	3.95798
lcl|NC_037643.1_mrna_XM_003250585.4_11937	994	795	219.042	15.0815
lcl|NC_037643.1_mrna_XM_006565412.3_11938	1015	816	1.06798	0.0716402
lcl|NC_037643.1_mrna_XM_392422.7_11939	1048	849	5.79134	0.373385
lcl|NC_037643.1_mrna_XM_006565410.3_11940	6111	5912	434.463	4.02257
lcl|NC_037643.1_mrna_XM_392421.7_11941	6129	5930	1830.59	16.8974
lcl|NC_037643.1_mrna_XM_006565411.3_11942	5328	5129	0.76284	0.00814116
lcl|NC_037643.1_ncrna_XR_003304813.1_11943	5430	5231	23.3733	0.24458
lcl|NC_037643.1_ncrna_XR_001703257.2_11944	4517	4318	24	0.304238
lcl|NC_037643.1_ncrna_XR_003304812.1_11945	4583	4384	183.045	2.28545
lcl|NC_037643.1_ncrna_XR_003304811.1_11946	2460	2261	0	0
lcl|NC_037643.1_ncrna_XR_003304810.1_11947	3386	3187	0	0
lcl|NC_037643.1_ncrna_XR_120251.4_11948	2807	2608	2.95525	0.0620257
lcl|NC_037643.1_mrna_XM_394649.6_11949	3706	3507	3446.3	53.7902
lcl|NC_037643.1_mrna_XM_016912552.2_11950	3186	2987	433.939	7.95204
lcl|NC_037643.1_mrna_XM_006565404.3_11951	5024	4825	4159.55	47.1883
lcl|NC_037643.1_mrna_XM_026441169.1_11952	5042	4843	242.021	2.73542
lcl|NC_037643.1_mrna_XM_006565407.3_11953	5051	4852	740.113	8.34954
lcl|NC_037643.1_mrna_XM_003250582.4_11954	5047	4848	547.189	6.17818
lcl|NC_037643.1_mrna_XM_006565406.3_11955	5050	4851	680.666	7.68048
lcl|NC_037643.1_mrna_XM_006565408.3_11956	4897	4698	9.46304e-05	1.10256e-06
lcl|NC_037643.1_mrna_XM_006565403.3_11957	5056	4857	3693.14	41.621
lcl|NC_037643.1_mrna_XM_026441168.1_11958	4894	4695	703.022	8.19631
lcl|NC_037643.1_ncrna_XR_410263.3_11959	2485	2286	4	0.0957787
lcl|NC_037643.1_ncrna_XR_001703263.2_11960	2526	2327	0	0
lcl|NC_037643.1_ncrna_XR_001703264.2_11961	2555	2356	0	0
lcl|NC_037643.1_mrna_XM_392419.7_11962	3654	3455	99.0716	1.56959
lcl|NC_037643.1_ncrna_XR_001703470.2_11963	1808	1609	3.33727	0.113533
lcl|NC_037643.1_ncrna_XR_001703469.2_11964	554	355	1.35165	0.208411
lcl|NC_037643.1_ncrna_XR_003304767.1_11965	877	678	2.23953	0.180806
lcl|NC_037643.1_ncrna_XR_003304766.1_11966	1023	824	0	0
lcl|NC_037643.1_ncrna_XR_003304768.1_11967	798	599	0	0
lcl|NC_037643.1_mrna_XM_026441121.1_11968	915	716	0	0
lcl|NC_037643.1_mrna_XM_026441120.1_11969	915	716	22	1.68188
lcl|NC_037643.1_mrna_XM_006565398.3_11970	2512	2313	4176.92	98.8476
lcl|NC_037643.1_mrna_XM_001121093.5_11971	2501	2302	1150.08	27.3468
lcl|NC_037643.1_mrna_XM_006565399.3_11972	1760	1561	59.7271	2.09437
lcl|NC_037643.1_mrna_XM_006565401.3_11973	1864	1665	53.2728	1.75137
lcl|NC_037643.1_mrna_XM_006565400.3_11974	1778	1579	3.10733e-05	1.07719e-06
lcl|NC_037643.1_mrna_XM_001121169.5_11975	1412	1213	84	3.79056
lcl|NC_037643.1_mrna_XM_016912743.2_11976	1759	1560	0	0
lcl|NC_037643.1_mrna_XM_006565396.3_11977	1777	1578	0	0
lcl|NC_037643.1_mrna_XM_006565397.3_11978	1729	1530	0	0
lcl|NC_037643.1_mrna_XM_006565395.3_11979	3926	3727	0	0
lcl|NC_037643.1_mrna_XM_396527.7_11980	3944	3745	25	0.365404
lcl|NC_037643.1_ncrna_XR_001703464.2_11981	1380	1181	19	0.880621
lcl|NC_037643.1_ncrna_XR_001703463.2_11982	2716	2517	17	0.369701
lcl|NC_037643.1_ncrna_XR_120246.4_11983	2325	2126	0.438567	0.0112917
lcl|NC_037643.1_ncrna_XR_410258.3_11984	2320	2121	8.56143	0.220949
lcl|NC_037643.1_ncrna_XR_003304789.1_11985	438	239	1	0.229027
lcl|NC_037643.1_ncrna_XR_001703456.2_11986	5428	5229	0	0
lcl|NC_037643.1_ncrna_XR_001703457.2_11987	5316	5117	8.47624	0.090672
lcl|NC_037643.1_ncrna_XR_003304787.1_11988	5130	4931	0	0
lcl|NC_037643.1_ncrna_XR_003304788.1_11989	4552	4353	6.15107	0.0773477
lcl|NC_037643.1_ncrna_XR_001703459.2_11990	4808	4609	17.6372	0.209464
lcl|NC_037643.1_mrna_XM_006565387.3_11991	1278	1079	234.687	11.9056
lcl|NC_037643.1_mrna_XM_003250580.4_11992	1622	1423	65.3131	2.51235
lcl|NC_037643.1_mrna_XM_396525.7_11993	4158	3959	1103.24	15.2535
lcl|NC_037643.1_mrna_XM_006565389.1_11994	3654	3455	295.764	4.68578
lcl|NC_037643.1_mrna_XM_016912706.2_11995	4358	4159	0	0
lcl|NC_037643.1_mrna_XM_016912703.2_11996	4933	4734	78.6072	0.908907
lcl|NC_037643.1_mrna_XM_016912704.2_11997	5705	5506	0	0
lcl|NC_037643.1_mrna_XM_016912701.2_11998	5721	5522	4.63801e-06	4.59749e-08
lcl|NC_037643.1_mrna_XM_016912705.2_11999	5672	5473	705.605	7.05702
lcl|NC_037643.1_mrna_XM_006565393.3_12000	5651	5452	485.139	4.87075
lcl|NC_037643.1_mrna_XM_016912708.2_12001	4253	4054	571.733	7.7196
lcl|NC_037643.1_mrna_XM_006565390.3_12002	4169	3970	165.624	2.28359
lcl|NC_037643.1_mrna_XM_016912702.2_12003	5696	5497	93.2917	0.928972
lcl|NC_037643.1_mrna_XM_026441104.1_12004	1883	1684	6280.18	204.134
lcl|NC_037643.1_mrna_NM_001178069.1_12005	1617	1418	2432.82	93.9115
lcl|NC_037643.1_mrna_NM_001011616.2_12006	680	481	159	18.0941
lcl|NC_037643.1_mrna_XM_006565384.3_12007	6862	6663	505.248	4.15069
lcl|NC_037643.1_mrna_XM_006565385.3_12008	6558	6359	1954.19	16.8214
lcl|NC_037643.1_ncrna_XR_410237.3_12009	1502	1303	35	1.47031
lcl|NC_037643.1_ncrna_XR_003304895.1_12010	848	649	15.917	1.34246
lcl|NC_037643.1_mrna_XM_006565383.3_12011	666	467	3.18637	0.373478
lcl|NC_037643.1_miscrna_XR_003304894.1_12012	3158	2959	0	0
lcl|NC_037643.1_miscrna_XR_001703413.2_12013	3070	2871	29.946	0.570941
lcl|NC_037643.1_ncrna_XR_410243.3_12014	1871	1672	18	0.58928
lcl|NC_037643.1_mrna_XM_006565386.3_12015	2714	2515	3.17273	0.0690526
lcl|NC_037643.1_mrna_XM_392416.7_12016	2055	1856	374.827	11.0545
lcl|NC_037643.1_mrna_XM_006565377.3_12017	4720	4521	0	0
lcl|NC_037643.1_mrna_XM_026441356.1_12018	4644	4445	9.2516	0.113928
lcl|NC_037643.1_miscrna_XR_410226.3_12019	4648	4449	0	0
lcl|NC_037643.1_mrna_XM_006565376.3_12020	4731	4532	0	0
lcl|NC_037643.1_mrna_XM_006565378.3_12021	1500	1301	0	0
lcl|NC_037643.1_mrna_XM_026441357.1_12022	954	755	0	0
lcl|NC_037643.1_miscrna_XR_003304893.1_12023	2766	2567	9	0.191912
lcl|NC_037643.1_miscrna_XR_003304889.1_12024	2753	2554	0	0
lcl|NC_037643.1_miscrna_XR_003304892.1_12025	1169	970	0	0
lcl|NC_037643.1_miscrna_XR_003304891.1_12026	1495	1296	0	0
lcl|NC_037643.1_miscrna_XR_003304890.1_12027	7575	7376	0	0
lcl|NC_037643.1_mrna_XM_026441358.1_12028	979	780	4	0.280705
lcl|NC_037643.1_ncrna_XR_410216.3_12029	863	664	2	0.164872
lcl|NC_037643.1_ncrna_XR_003304897.1_12030	617	418	4	0.523804
lcl|NC_037643.1_ncrna_XR_001703343.2_12031	705	506	0	0
lcl|NC_037643.1_mrna_XM_026441359.1_12032	2744	2545	768.501	16.5288
lcl|NC_037643.1_mrna_XM_006565371.3_12033	1386	1187	90.3839	4.16798
lcl|NC_037643.1_mrna_XM_006565372.3_12034	1784	1585	389.115	13.438
lcl|NC_037643.1_mrna_XM_394646.7_12035	2112	1913	413	11.8174
lcl|NC_037643.1_mrna_XM_623362.6_12036	2043	1844	2909	86.3511
lcl|NC_037643.1_ncrna_XR_410201.3_12037	1905	1706	313	10.0427
lcl|NC_037643.1_ncrna_XR_410202.3_12038	2269	2070	36	0.951957
lcl|NC_037643.1_ncrna_XR_410203.3_12039	2175	1976	7.74601e-06	2.14574e-07
lcl|NC_037643.1_ncrna_XR_001703345.2_12040	1775	1576	33	1.14615
lcl|NC_037643.1_ncrna_XR_410206.3_12041	1648	1449	0	0
lcl|NC_037643.1_ncrna_XR_003304898.1_12042	1622	1423	15.9888	0.615029
lcl|NC_037643.1_ncrna_XR_001703344.2_12043	1355	1156	3.01124	0.142584
lcl|NC_037643.1_ncrna_XR_001703346.2_12044	1976	1777	7.69264	0.236959
lcl|NC_037643.1_ncrna_XR_003304899.1_12045	1745	1546	3.30736	0.1171
lcl|NC_037643.1_ncrna_XR_003304896.1_12046	1577	1378	0	0
lcl|NC_037643.1_ncrna_XR_410211.3_12047	1567	1368	0	0
lcl|NC_037643.1_ncrna_XR_410213.3_12048	1465	1266	18	0.778259
lcl|NC_037643.1_mrna_XM_016912741.2_12049	3035	2836	3833	73.9806
lcl|NC_037643.1_mrna_XM_026441362.1_12050	3904	3705	0.000159379	2.35465e-06
lcl|NC_037643.1_mrna_XM_026441361.1_12051	3625	3426	297.867	4.75904
lcl|NC_037643.1_miscrna_XR_003304900.1_12052	3688	3489	228.811	3.58973
lcl|NC_037643.1_miscrna_XR_003304901.1_12053	3781	3582	215.35	3.29083
lcl|NC_037643.1_mrna_XM_026441360.1_12054	3903	3704	3.73399	0.0551808
lcl|NC_037643.1_mrna_XM_026441363.1_12055	3810	3611	2190.24	33.2008
lcl|NC_037643.1_mrna_XM_006565366.3_12056	3900	3701	101	1.49378
lcl|NC_037643.1_ncrna_XR_003304902.1_12057	2059	1860	95	2.79573
lcl|NC_037643.1_mrna_XM_624217.6_12058	1078	879	492	30.6381
lcl|NC_037643.1_mrna_XM_624241.6_12059	1338	1139	173	8.31396
lcl|NC_037643.1_mrna_XM_026441192.1_12060	3094	2895	2010	38.0043
lcl|NC_037643.1_mrna_XM_026441193.1_12061	1647	1448	0.268987	0.0101683
lcl|NC_037643.1_mrna_XM_006565364.3_12062	1707	1508	1290.8	46.8536
lcl|NC_037643.1_mrna_XM_016912813.2_12063	1633	1434	234.93	8.96758
lcl|NC_037643.1_mrna_XM_006565361.3_12064	1641	1442	107	4.06166
lcl|NC_037643.1_mrna_XM_395065.7_12065	905	706	431.148	33.4277
lcl|NC_037643.1_mrna_XM_006565360.3_12066	893	694	782.067	61.6836
lcl|NC_037643.1_mrna_XM_006565359.3_12067	764	565	477.785	46.2881
lcl|NC_037643.1_mrna_XM_006565357.3_12068	1930	1731	278.474	8.8059
lcl|NC_037643.1_mrna_XM_006565358.3_12069	1686	1487	13.5255	0.497884
lcl|NC_037643.1_mrna_XM_026441234.1_12070	2258	2059	1043.86	27.7505
lcl|NC_037643.1_mrna_XM_026441235.1_12071	2147	1948	109.481	3.07634
lcl|NC_037643.1_mrna_XM_026441236.1_12072	2138	1939	529.66	14.9522
lcl|NC_037643.1_mrna_XM_006565355.3_12073	4067	3868	287.607	4.07004
lcl|NC_037643.1_mrna_XM_006565354.3_12074	3970	3771	130.955	1.90087
lcl|NC_037643.1_mrna_XM_397600.7_12075	4156	3957	471.078	6.51646
lcl|NC_037643.1_mrna_XM_026441237.1_12076	3777	3578	611.36	9.35281
lcl|NC_037643.1_mrna_XM_026441154.1_12077	2698	2499	974.156	21.3377
lcl|NC_037643.1_mrna_XM_006565350.2_12078	2689	2490	38.3213	0.842415
lcl|NC_037643.1_mrna_XM_016912807.2_12079	2764	2565	27.5373	0.587651
lcl|NC_037643.1_miscrna_XR_410199.2_12080	2587	2388	291.244	6.67587
lcl|NC_037643.1_mrna_XM_006565351.3_12081	2358	2159	52.729	1.33685
lcl|NC_037643.1_mrna_XM_026441155.1_12082	2544	2345	0.0122935	0.000286959
lcl|NC_037643.1_mrna_XM_395633.7_12083	1667	1468	780.671	29.109
lcl|NC_037643.1_mrna_XM_006565349.3_12084	1494	1295	433.329	18.3161
lcl|NC_037643.1_mrna_XM_395632.7_12085	4187	3988	2212	30.3609
lcl|NC_037643.1_mrna_XM_623742.6_12086	1354	1155	441	20.8998
lcl|NC_037643.1_mrna_XM_006565419.3_12087	3510	3311	598.303	9.89116
lcl|NC_037643.1_mrna_XM_026441296.1_12088	2940	2741	25.697	0.513167
lcl|NC_037643.1_mrna_XM_006565348.3_12089	3946	3747	214.531	3.13394
lcl|NC_037643.1_mrna_XM_006565347.3_12090	3915	3716	11.4693	0.168945
lcl|NC_037643.1_mrna_XM_003250600.4_12091	999	800	542.613	37.1266
lcl|NC_037643.1_mrna_XM_623571.5_12092	1286	1087	466.387	23.4857
lcl|NC_037643.1_mrna_XM_026441292.1_12093	1442	1243	545	24
lcl|NC_037643.1_mrna_XM_026441150.1_12094	5233	5034	2511.36	27.3074
lcl|NC_037643.1_mrna_XM_026441151.1_12095	5230	5031	1400.64	15.2391
lcl|NC_037643.1_mrna_XM_394641.7_12096	2603	2404	842	19.1718
lcl|NC_037643.1_mrna_XM_006565330.3_12097	10441	10242	155.036	0.828579
lcl|NC_037643.1_mrna_NM_001252424.1_12098	1575	1376	0	0
lcl|NC_037643.1_ncrna_XR_003304954.1_12099	2913	2714	5	0.100843
lcl|NC_037643.1_mrna_XM_026441401.1_12100	2004	1805	7.79247	0.236311
lcl|NC_037643.1_ncrna_XR_410188.3_12101	9267	9068	25.4609	0.15369
lcl|NC_037643.1_ncrna_XR_001703402.2_12102	9365	9166	3.26908e-05	1.95223e-07
lcl|NC_037643.1_ncrna_XR_003304826.1_12103	1505	1306	9.20497	0.385802
lcl|NC_037643.1_ncrna_XR_003304827.1_12104	6616	6417	5.79503	0.0494321
lcl|NC_037643.1_ncrna_XR_003304823.1_12105	3679	3480	23.9315	0.376422
lcl|NC_037643.1_ncrna_XR_003304820.1_12106	5004	4805	0	0
lcl|NC_037643.1_ncrna_XR_003304822.1_12107	4671	4472	27.8795	0.341247
lcl|NC_037643.1_ncrna_XR_003304821.1_12108	4901	4702	39.7281	0.462488
lcl|NC_037643.1_ncrna_XR_003304824.1_12109	3527	3328	0	0
lcl|NC_037643.1_ncrna_XR_003304825.1_12110	3421	3222	7.73172e-06	1.31352e-07
lcl|NC_037643.1_mrna_XM_016912656.2_12111	2947	2748	379.344	7.55618
lcl|NC_037643.1_mrna_XM_392414.7_12112	6027	5828	840.989	7.89871
lcl|NC_037643.1_mrna_XM_026441575.1_12113	3463	3264	3.11571	0.0522508
lcl|NC_037643.1_mrna_XM_006565341.3_12114	2799	2600	565	11.8949
lcl|NC_037643.1_mrna_XM_394637.7_12115	3003	2804	1323	25.8266
lcl|NC_037643.1_mrna_XM_006565338.3_12116	4439	4240	218.153	2.81631
lcl|NC_037643.1_mrna_XM_006565335.3_12117	4267	4068	97.1315	1.30697
lcl|NC_037643.1_mrna_XM_006565340.3_12118	5132	4933	35.9741	0.399176
lcl|NC_037643.1_mrna_XM_016912671.2_12119	4173	3974	15.7415	0.216822
lcl|NC_037643.1_ncrna_XR_410184.3_12120	2496	2297	22	0.52426
lcl|NC_037643.1_mrna_XM_392413.7_12121	3450	3251	567	9.54666
lcl|NC_037643.1_mrna_XM_001121094.5_12122	3938	3739	177.111	2.59283
lcl|NC_037643.1_ncrna_XR_410180.3_12123	255	56.1701	0	0
lcl|NC_037643.1_ncrna_XR_410182.3_12124	4198	3999	14	0.191629
lcl|NC_037643.1_ncrna_XR_410183.3_12125	4275	4076	0	0
lcl|NC_037643.1_ncrna_XR_410181.3_12126	4285	4086	0	0
lcl|NC_037643.1_mrna_XM_006565331.3_12127	3904	3705	0	0
lcl|NC_037643.1_mrna_XM_026441517.1_12128	3748	3549	153.617	2.36929
lcl|NC_037643.1_mrna_XM_006565334.3_12129	1596	1397	662.759	25.9684
lcl|NC_037643.1_mrna_XM_006565332.3_12130	1797	1598	769.514	26.3587
lcl|NC_037643.1_mrna_XM_026441525.1_12131	16666	16467	806.014	2.67925
lcl|NC_037643.1_mrna_XM_026441519.1_12132	13230	13031	0	0
lcl|NC_037643.1_mrna_XM_026441532.1_12133	20642	20443	0.000163428	4.3759e-07
lcl|NC_037643.1_mrna_XM_026441523.1_12134	20657	20458	0	0
lcl|NC_037643.1_mrna_XM_026441527.1_12135	20636	20437	0	0
lcl|NC_037643.1_mrna_XM_026441528.1_12136	20606	20407	9.74259e-08	2.61325e-10
lcl|NC_037643.1_mrna_XM_026441533.1_12137	20594	20395	9.64886e-06	2.58963e-08
lcl|NC_037643.1_mrna_XM_026441536.1_12138	20584	20385	0.450667	0.00121013
lcl|NC_037643.1_mrna_XM_026441534.1_12139	20554	20355	541.254	1.45551
lcl|NC_037643.1_mrna_XM_026441518.1_12140	16509	16310	1.41096e-07	4.73529e-10
lcl|NC_037643.1_mrna_XM_026441524.1_12141	16467	16268	432.787	1.45621
lcl|NC_037643.1_mrna_XM_026441521.1_12142	16500	16301	6.84009e-05	2.29685e-07
lcl|NC_037643.1_mrna_XM_026441529.1_12143	16395	16196	85.4991	0.288961
lcl|NC_037643.1_mrna_XM_026441520.1_12144	16506	16307	9.11696e-08	3.06028e-10
lcl|NC_037643.1_mrna_XM_026441522.1_12145	16497	16298	4.43354e-05	1.48902e-07
lcl|NC_037643.1_mrna_XM_026441531.1_12146	16137	15938	4186.11	14.3768
lcl|NC_037643.1_mrna_XM_026441530.1_12147	16368	16169	0.000396158	1.34113e-06
lcl|NC_037643.1_mrna_XM_026441526.1_12148	10026	9827	0	0
lcl|NC_037643.1_precursorrna_NR_039524.1_12149	95	4.11003	0	0
lcl|NC_037643.1_ncrna_12150	22	2.73612	0	0
lcl|NC_037643.1_mrna_XM_623072.6_12151	2255	2056	10	0.266233
lcl|NC_037643.1_mrna_XM_623263.5_12152	2635	2436	27.1591	0.610273
lcl|NC_037643.1_mrna_XM_003251160.4_12153	6237	6038	179.301	1.62545
lcl|NC_037643.1_mrna_XM_026441537.1_12154	1107	908	1	0.0602836
lcl|NC_037643.1_mrna_XM_016912856.2_12155	3198	2999	334.191	6.09963
lcl|NC_037643.1_mrna_XM_006568234.3_12156	1991	1792	13.8986	0.424539
lcl|NC_037643.1_mrna_NM_001011632.2_12157	1998	1799	0.101439	0.00308645
lcl|NC_037643.1_mrna_XM_006568244.3_12158	2436	2237	0	0
lcl|NC_037643.1_mrna_NM_001011650.1_12159	2242	2043	71	1.90228
lcl|NC_037643.1_mrna_XM_026441373.1_12160	11170	10971	0.000274349	1.36881e-06
lcl|NC_037643.1_mrna_XM_026441372.1_12161	11507	11308	2261.7	10.948
lcl|NC_037643.1_mrna_XM_026441374.1_12162	11441	11242	397.304	1.93448
lcl|NC_037643.1_mrna_XM_026441375.1_12163	11058	10859	0	0
lcl|NC_037643.1_mrna_XM_006568240.3_12164	2541	2342	1047.72	24.4874
lcl|NC_037643.1_miscrna_XR_411142.3_12165	2460	2261	418.28	10.1263
lcl|NC_037643.1_mrna_XM_392408.6_12166	3872	3673	31714	472.624
lcl|NC_037643.1_mrna_XM_006568237.3_12167	4249	4050	47161	637.402
lcl|NC_037643.1_mrna_XM_016912791.2_12168	1772	1573	136.979	4.76661
lcl|NC_037643.1_mrna_XM_006568238.3_12169	1600	1401	1175.02	45.9085
lcl|NC_037643.1_ncrna_XR_001703494.2_12170	4259	4060	55	0.741518
lcl|NC_037643.1_ncrna_XR_003304798.1_12171	1385	1186	1	0.0461531
lcl|NC_037643.1_mrna_XM_026441147.1_12172	6752	6553	183.202	1.5303
lcl|NC_037643.1_mrna_XM_026441146.1_12173	6095	5896	0	0
lcl|NC_037643.1_mrna_XM_026441149.1_12174	4934	4735	21.7794	0.251774
lcl|NC_037643.1_mrna_XM_026441148.1_12175	5817	5618	49.1328	0.478713
lcl|NC_037643.1_ncrna_XR_411141.2_12176	1674	1475	22	0.816424
lcl|NC_037643.1_mrna_XM_006568235.3_12177	2211	2012	0.396095	0.010776
lcl|NC_037643.1_mrna_XM_003251159.4_12178	2208	2009	2.60391	0.0709464
lcl|NC_037643.1_mrna_XM_026441203.1_12179	14193	13994	0	0
lcl|NC_037643.1_mrna_XM_026441195.1_12180	17846	17647	2.25412e-05	6.99183e-08
lcl|NC_037643.1_mrna_XM_026441194.1_12181	17764	17565	0.00804755	2.50785e-05
lcl|NC_037643.1_miscrna_XR_003304828.1_12182	16450	16251	0	0
lcl|NC_037643.1_mrna_XM_026441196.1_12183	17743	17544	74.1185	0.231251
lcl|NC_037643.1_mrna_XM_026441200.1_12184	17623	17424	425.43	1.33649
lcl|NC_037643.1_mrna_XM_026441201.1_12185	17602	17403	3.05952e-08	9.6231e-11
lcl|NC_037643.1_mrna_XM_026441202.1_12186	17476	17277	0	0
lcl|NC_037643.1_mrna_XM_026441197.1_12187	17740	17541	0.091315	0.000284953
lcl|NC_037643.1_mrna_XM_026441198.1_12188	17653	17454	118.46	0.371503
lcl|NC_037643.1_mrna_XM_026441199.1_12189	17629	17430	1356.29	4.25933
lcl|NC_037643.1_precursorrna_NR_039525.1_12190	107	4.51079	0	0
lcl|NC_037643.1_ncrna_12191	21	2.72438	0	0
lcl|NC_037643.1_ncrna_XR_001703297.2_12192	4836	4637	23	0.271504
lcl|NC_037643.1_ncrna_XR_411549.3_12193	1543	1344	6	0.244364
lcl|NC_037643.1_ncrna_XR_411550.3_12194	1813	1614	5	0.169571
lcl|NC_037643.1_ncrna_XR_001703302.2_12195	1781	1582	9.8929e-05	3.42297e-06
lcl|NC_037643.1_ncrna_XR_001703299.2_12196	1841	1642	87.6011	2.92026
lcl|NC_037643.1_ncrna_XR_001703300.2_12197	1674	1475	0	0
lcl|NC_037643.1_ncrna_XR_001703301.2_12198	1695	1496	0	0
lcl|NC_037643.1_mrna_XM_623363.5_12199	2248	2049	1611	43.0367
lcl|NC_037643.1_mrna_XM_001120114.5_12200	2897	2698	12	0.243458
lcl|NC_037643.1_mrna_XM_006569515.3_12201	1653	1454	28.3707	1.06805
lcl|NC_037643.1_mrna_XM_394630.6_12202	1448	1249	140.629	6.16309
lcl|NC_037643.1_mrna_XM_016912569.2_12203	8611	8412	378.188	2.4609
lcl|NC_037643.1_mrna_XM_392407.7_12204	8613	8414	1542.74	10.0363
lcl|NC_037643.1_ncrna_XR_003304846.1_12205	1244	1045	0.00784587	0.00041097
lcl|NC_037643.1_ncrna_XR_003304847.1_12206	1240	1041	0.992154	0.0521691
lcl|NC_037643.1_ncrna_XR_411538.3_12207	946	747	0	0
lcl|NC_037643.1_ncrna_XR_003304844.1_12208	2070	1871	0	0
lcl|NC_037643.1_ncrna_XR_003304845.1_12209	1972	1773	16	0.493965
lcl|NC_037643.1_ncrna_XR_003304843.1_12210	2296	2097	0.261847	0.00683492
lcl|NC_037643.1_ncrna_XR_003304842.1_12211	2290	2091	9.73815	0.254922
lcl|NC_037643.1_ncrna_XR_001703286.2_12212	3288	3089	11	0.194922
lcl|NC_037643.1_mrna_XM_006569514.3_12213	1449	1250	0	0
lcl|NC_037643.1_mrna_XM_016912570.2_12214	11104	10905	1702.07	8.54351
lcl|NC_037643.1_mrna_XM_016912571.2_12215	11101	10902	4.68755	0.0235356
lcl|NC_037643.1_ncrna_XR_001703285.2_12216	2587	2388	8	0.183375
lcl|NC_037643.1_mrna_XM_006572519.3_12217	1874	1675	22	0.718941
lcl|NC_037643.1_mrna_XM_001120390.5_12218	1324	1125	671.729	32.6834
lcl|NC_037643.1_mrna_XM_026441514.1_12219	7558	7359	143.955	1.07076
lcl|NC_037643.1_mrna_XM_026441515.1_12220	7525	7326	1506.96	11.2595
lcl|NC_037643.1_mrna_XM_026441516.1_12221	7417	7218	1284.36	9.73988
lcl|NC_037643.1_mrna_XM_623073.5_12222	1795	1596	1382	47.398
lcl|NC_037643.1_mrna_XM_026441204.1_12223	591	392	216	30.1615
lcl|NC_037643.1_mrna_XM_624581.6_12224	1622	1423	171	6.57774
lcl|NC_037643.1_mrna_XM_016912847.2_12225	2131	1932	1600.97	45.3588
lcl|NC_037643.1_mrna_XM_395486.7_12226	2142	1943	427.8	12.0518
lcl|NC_037643.1_mrna_XM_016912846.1_12227	2072	1873	0	0
lcl|NC_037643.1_mrna_XM_006569965.3_12228	2221	2022	870.228	23.5579
lcl|NC_037643.1_mrna_XM_016912844.2_12229	2442	2243	108.105	2.63817
lcl|NC_037643.1_mrna_XM_016912845.2_12230	2355	2156	17.8947	0.454318
lcl|NC_037643.1_mrna_XM_016912848.2_12231	1482	1283	79.0362	3.37198
lcl|NC_037643.1_mrna_XM_016912849.2_12232	1421	1222	6.56566	0.294098
lcl|NC_037643.1_mrna_XM_006569961.3_12233	1417	1218	411.398	18.4884
lcl|NC_037643.1_mrna_XM_026441243.1_12234	1309	1110	0	0
lcl|NC_037643.1_mrna_XM_026441241.1_12235	1433	1234	9	0.39922
lcl|NC_037643.1_mrna_XM_006569967.3_12236	4502	4303	0	0
lcl|NC_037643.1_mrna_XM_006569968.3_12237	4497	4298	15.2142	0.193761
lcl|NC_037643.1_mrna_XM_016912924.2_12238	3367	3168	55.7858	0.963883
lcl|NC_037643.1_mrna_XM_624689.5_12239	1192	993	625	34.4521
lcl|NC_037643.1_mrna_XM_624707.6_12240	1162	963	912	51.8387
lcl|NC_037643.1_mrna_XM_016912862.2_12241	1755	1556	1168	41.0883
lcl|NC_037643.1_mrna_XM_393467.7_12242	2711	2512	180	3.92228
lcl|NC_037643.1_mrna_XM_026441141.1_12243	1433	1234	571.188	25.3367
lcl|NC_037643.1_mrna_XM_026441139.1_12244	1973	1774	3894.03	120.152
lcl|NC_037643.1_mrna_XM_026441145.1_12245	1335	1136	0	0
lcl|NC_037643.1_mrna_XM_026441142.1_12246	2116	1917	67.1415	1.91714
lcl|NC_037643.1_mrna_XM_026441143.1_12247	2108	1909	35.1656	1.00832
lcl|NC_037643.1_mrna_XM_026441140.1_12248	1603	1404	368.479	14.3658
lcl|NC_037643.1_mrna_XM_026441144.1_12249	1328	1129	0	0
lcl|NC_037643.1_mrna_XM_026441264.1_12250	5479	5280	1564	16.2139
lcl|NC_037643.1_mrna_XM_026441283.1_12251	2379	2180	705	17.7018
lcl|NC_037643.1_mrna_XM_006569977.3_12252	12853	12654	0	0
lcl|NC_037643.1_mrna_XM_006569976.3_12253	12859	12660	0	0
lcl|NC_037643.1_mrna_XM_006569975.3_12254	12861	12662	0	0
lcl|NC_037643.1_mrna_XM_006569979.3_12255	12834	12635	0	0
lcl|NC_037643.1_mrna_XM_006569978.3_12256	12833	12634	34.2385	0.14834
lcl|NC_037643.1_ncrna_XR_411720.3_12257	1056	857	0	0
lcl|NC_037643.1_ncrna_XR_003304907.1_12258	4167	3968	2	0.0275895
lcl|NC_037643.1_mrna_XM_006569980.3_12259	12095	11896	190.343	0.875831
lcl|NC_037643.1_mrna_XM_006569981.3_12260	12924	12725	122.799	0.528227
lcl|NC_037643.1_ncrna_XR_003304906.1_12261	6320	6121	5.44945e-07	4.87322e-09
lcl|NC_037643.1_ncrna_XR_001703274.2_12262	6505	6306	24.0039	0.20836
lcl|NC_037643.1_ncrna_XR_411707.3_12263	2355	2156	19.4814	0.494604
lcl|NC_037643.1_mrna_XM_026441368.1_12264	1005	806	4	0.27165
lcl|NC_037643.1_mrna_XM_026441369.1_12265	532	333	0	0
lcl|NC_037643.1_mrna_XM_026441367.1_12266	609	410	0	0
lcl|NC_037643.1_mrna_XM_623792.6_12267	3618	3419	764.034	12.232
lcl|NC_037643.1_mrna_XM_006569984.3_12268	3582	3383	525.184	8.49757
lcl|NC_037643.1_mrna_XM_016912558.2_12269	3369	3170	0.039341	0.000679315
lcl|NC_037643.1_mrna_XM_001120141.5_12270	979	780	552.018	38.7386
lcl|NC_037643.1_mrna_XM_026441366.1_12271	1004	805	114.725	7.80096
lcl|NC_037643.1_mrna_XM_006569986.3_12272	4378	4179	36.6579	0.480154
lcl|NC_037643.1_mrna_XM_006569987.3_12273	4264	4065	150.722	2.02955
lcl|NC_037643.1_mrna_XM_623582.6_12274	4498	4299	51.6205	0.657265
lcl|NC_037643.1_mrna_XM_016912622.2_12275	1504	1305	133.738	5.60958
lcl|NC_037643.1_mrna_XM_623617.6_12276	1535	1336	258.577	10.5942
lcl|NC_037643.1_mrna_XM_026441355.1_12277	1373	1174	164.685	7.67842
lcl|NC_037643.1_mrna_XM_006562418.3_12278	3915	3716	0.682377	0.0100516
lcl|NC_037643.1_mrna_XM_006562419.3_12279	3788	3589	1.15231	0.0175744
lcl|NC_037643.1_mrna_XM_026441376.1_12280	3943	3744	1784.43	26.0886
lcl|NC_037643.1_mrna_XM_006562420.3_12281	3816	3617	3910.95	59.186
lcl|NC_037643.1_mrna_XM_026441377.1_12282	3815	3616	133.455	2.02019
lcl|NC_037643.1_mrna_XM_006562421.3_12283	3682	3483	3291.32	51.7252
lcl|NC_037643.1_mrna_NM_001011570.1_12284	582	383	15423	2204.22
lcl|NC_037643.1_mrna_XM_623486.5_12285	3092	2893	934	17.6719
lcl|NC_037643.1_mrna_XM_016912935.2_12286	1377	1178	29.8436	1.38673
lcl|NC_037643.1_mrna_XM_623442.6_12287	1397	1198	302.156	13.8058
lcl|NC_037643.1_mrna_XM_006562422.3_12288	1557	1358	84.4451	3.40377
lcl|NC_037643.1_mrna_XM_006562423.3_12289	1956	1757	531.672	16.5637
lcl|NC_037643.1_mrna_XM_026441331.1_12290	2366	2167	514.883	13.0057
lcl|NC_037643.1_mrna_XM_003250050.4_12291	2410	2211	37	0.916006
lcl|NC_037643.1_mrna_XM_623217.6_12292	1597	1398	8977	351.487
lcl|NC_037643.1_mrna_XM_006562424.3_12293	1868	1669	661	21.6786
lcl|NC_037643.1_mrna_XM_624703.5_12294	1543	1344	459	18.6938
lcl|NC_037643.1_mrna_XM_026441206.1_12295	1705	1506	3.03297	0.110237
lcl|NC_037643.1_mrna_XM_006562425.3_12296	1741	1542	230.327	8.17608
lcl|NC_037643.1_mrna_XM_003250059.4_12297	2079	1880	355.64	10.3547
lcl|NC_037643.1_mrna_XM_001121853.5_12298	2332	2133	1503	38.5703
lcl|NC_037643.1_mrna_XM_624738.6_12299	2857	2658	1894	39.0041
lcl|NC_037643.1_mrna_XM_624761.6_12300	1200	1001	391	21.381
lcl|NC_037643.1_mrna_XM_006562430.3_12301	6833	6634	18.2253	0.150378
lcl|NC_037643.1_mrna_XM_396813.7_12302	6469	6270	968.645	8.45634
lcl|NC_037643.1_mrna_XM_026441132.1_12303	6578	6379	33.2797	0.28557
lcl|NC_037643.1_mrna_XM_026441133.1_12304	6551	6352	207.85	1.79112
lcl|NC_037643.1_mrna_XM_016912851.2_12305	6580	6381	2.33456e-07	2.00264e-09
lcl|NC_037643.1_mrna_XM_026441134.1_12306	1087	888	487	30.0194
lcl|NC_037643.1_mrna_XM_016912889.2_12307	3392	3193	100.832	1.72855
lcl|NC_037643.1_mrna_XM_016912888.2_12308	3206	3007	0	0
lcl|NC_037643.1_mrna_XM_016912890.2_12309	3012	2813	98.1684	1.91024
lcl|NC_037643.1_mrna_XM_624998.5_12310	2576	2377	878	20.2186
lcl|NC_037643.1_mrna_XM_395342.7_12311	2399	2200	470.851	11.7151
lcl|NC_037643.1_mrna_XM_026441351.1_12312	2077	1878	149.149	4.34721
lcl|NC_037643.1_mrna_XM_395938.6_12313	1755	1556	164	5.76925
lcl|NC_037643.1_mrna_XM_003250060.4_12314	3160	2961	1040	19.2256
lcl|NC_037643.1_ncrna_XR_001703505.2_12315	345	146	0	0
lcl|NC_037643.1_mrna_XM_006562482.3_12316	923	724	128	9.67736
lcl|NC_037643.1_mrna_XM_026441273.1_12317	1428	1229	464.854	20.7038
lcl|NC_037643.1_mrna_XM_026441272.1_12318	1391	1192	81.1465	3.72631
lcl|NC_037643.1_mrna_XM_006562435.3_12319	903	704	449.219	34.9278
lcl|NC_037643.1_mrna_XM_006562436.3_12320	759	560	0	0
lcl|NC_037643.1_mrna_XM_006562434.3_12321	798	599	473.781	43.2948
lcl|NC_037643.1_mrna_XM_394861.7_12322	3001	2802	62.2667	1.21639
lcl|NC_037643.1_mrna_XM_016912909.2_12323	2821	2622	69.7333	1.45577
lcl|NC_037643.1_ncrna_XR_001703578.2_12324	958	759	2	0.144236
lcl|NC_037643.1_ncrna_XR_001703577.2_12325	873	674	0	0
lcl|NC_037643.1_miscrna_XR_001703442.2_12326	2636	2437	140.704	3.16036
lcl|NC_037643.1_mrna_XM_003250061.4_12327	3411	3212	491.224	8.37122
lcl|NC_037643.1_ncrna_XR_003304961.1_12328	963	764	5.07216	0.3634
lcl|NC_037643.1_mrna_NM_001110712.2_12329	754	555	12	1.18351
lcl|NC_037643.1_miscrna_XR_001703439.2_12330	4485	4286	0	0
lcl|NC_037643.1_miscrna_XR_001703441.2_12331	4401	4202	0	0
lcl|NC_037643.1_miscrna_XR_001703440.2_12332	4428	4229	0	0
lcl|NC_037643.1_mrna_XM_006562439.3_12333	4468	4269	59.7163	0.765688
lcl|NC_037643.1_mrna_XM_016912699.2_12334	4557	4358	271.917	3.41535
lcl|NC_037643.1_mrna_XM_001120391.5_12335	5645	5446	444.482	4.46747
lcl|NC_037643.1_mrna_XM_006562440.3_12336	3892	3693	108.885	1.61389
lcl|NC_037643.1_precursorrna_NR_130407.1_12337	85	3.83091	0	0
lcl|NC_037643.1_ncrna_12338	23	2.74792	0	0
lcl|NC_037643.1_mrna_XM_006562442.3_12339	2136	1937	161.837	4.57335
lcl|NC_037643.1_mrna_XM_006562443.3_12340	2026	1827	377.162	11.2999
lcl|NC_037643.1_mrna_XM_016912738.2_12341	1749	1550	0.00118579	4.18755e-05
lcl|NC_037643.1_mrna_XM_396624.7_12342	1190	991	360	19.8845
lcl|NC_037643.1_mrna_XM_003250063.4_12343	1137	938	197	11.4961
lcl|NC_037643.1_mrna_XM_003250054.3_12344	6243	6044	1038	9.40066
lcl|NC_037643.1_mrna_XM_006562445.3_12345	2782	2583	550	11.6553
lcl|NC_037643.1_mrna_XM_016912756.2_12346	1597	1398	80	3.13233
lcl|NC_037643.1_mrna_XM_397170.6_12347	2049	1850	42	1.24269
lcl|NC_037643.1_mrna_XM_016912754.2_12348	3486	3287	15.8552	0.264032
lcl|NC_037643.1_mrna_XM_003250066.4_12349	3596	3397	0	0
lcl|NC_037643.1_mrna_XM_016912755.2_12350	3511	3312	0.00111533	1.84331e-05
lcl|NC_037643.1_mrna_XM_006562446.3_12351	2394	2195	26.5087	0.661057
lcl|NC_037643.1_mrna_XM_003250055.4_12352	2998	2799	384	7.50954
lcl|NC_037643.1_mrna_XM_006562447.3_12353	2481	2282	347.028	8.32404
lcl|NC_037643.1_mrna_XM_016912749.2_12354	2519	2320	59.8021	1.41096
lcl|NC_037643.1_mrna_XM_016912751.2_12355	2472	2273	0	0
lcl|NC_037643.1_mrna_XM_016912750.2_12356	2484	2285	0	0
lcl|NC_037643.1_mrna_XM_016912746.2_12357	2586	2387	0	0
lcl|NC_037643.1_mrna_XM_016912745.2_12358	2598	2399	0	0
lcl|NC_037643.1_mrna_XM_016912747.2_12359	2552	2353	4.58384e-06	1.06633e-07
lcl|NC_037643.1_mrna_XM_016912753.2_12360	2425	2226	102.981	2.53232
lcl|NC_037643.1_mrna_XM_016912752.2_12361	2437	2238	617.562	15.1045
lcl|NC_037643.1_mrna_XM_006562448.3_12362	2539	2340	314.523	7.35735
lcl|NC_037643.1_mrna_XM_016912748.2_12363	2805	2606	49.7393	1.04475
lcl|NC_037643.1_mrna_XM_026441274.1_12364	2037	1838	2160.36	64.3377
lcl|NC_037643.1_mrna_XM_026441276.1_12365	1814	1615	49.5926	1.68085
lcl|NC_037643.1_mrna_XM_026441277.1_12366	1860	1661	0	0
lcl|NC_037643.1_mrna_XM_026441275.1_12367	2159	1960	257.049	7.17869
lcl|NC_037643.1_mrna_XM_624334.6_12368	1396	1197	288	13.1699
lcl|NC_037643.1_mrna_XM_026441191.1_12369	2383	2184	35.4411	0.88826
lcl|NC_037643.1_mrna_XM_006562460.3_12370	2380	2181	54.8736	1.37719
lcl|NC_037643.1_mrna_XM_026441190.1_12371	2485	2286	25.5692	0.612246
lcl|NC_037643.1_mrna_XM_016912804.2_12372	2584	2385	70.4508	1.6169
lcl|NC_037643.1_mrna_XM_006562461.3_12373	2277	2078	146.047	3.84709
lcl|NC_037643.1_mrna_XM_006562459.3_12374	2481	2282	173.905	4.17139
lcl|NC_037643.1_mrna_XM_016912806.2_12375	2187	1988	384.713	10.5927
lcl|NC_037643.1_mrna_XM_001122160.4_12376	2974	2775	399.5	7.88023
lcl|NC_037643.1_mrna_XM_006562454.3_12377	3054	2855	285.5	5.47375
lcl|NC_037643.1_mrna_XM_006562453.3_12378	2807	2608	53.0581	1.1136
lcl|NC_037643.1_mrna_XM_396275.6_12379	2885	2686	0	0
lcl|NC_037643.1_mrna_XM_016912803.2_12380	2596	2397	68.9419	1.57435
lcl|NC_037643.1_mrna_XM_016912729.2_12381	4075	3876	730.411	10.315
lcl|NC_037643.1_mrna_XM_006562465.3_12382	4022	3823	2877.72	41.203
lcl|NC_037643.1_mrna_XM_003250043.4_12383	1599	1400	223.872	8.75301
lcl|NC_037643.1_mrna_XM_006562464.3_12384	1155	956	0	0
lcl|NC_037643.1_mrna_XM_006562463.3_12385	1192	993	0	0
lcl|NC_037643.1_mrna_XM_006562462.2_12386	3505	3306	2190	36.2599
lcl|NC_037643.1_mrna_XM_006562466.3_12387	2015	1816	2310.54	69.644
lcl|NC_037643.1_mrna_XM_016912728.2_12388	2094	1895	2926.46	84.5314
lcl|NC_037643.1_mrna_XM_006562467.3_12389	4137	3938	200.646	2.78895
lcl|NC_037643.1_ncrna_XR_001703518.2_12390	1488	1289	10.1728	0.43199
lcl|NC_037643.1_ncrna_XR_409423.3_12391	1564	1365	87.5388	3.51037
lcl|NC_037643.1_mrna_XM_624251.6_12392	3921	3722	108.642	1.59774
lcl|NC_037643.1_mrna_XM_397185.5_12393	963	764	324	23.2133
lcl|NC_037643.1_mrna_XM_003250044.4_12394	971	772	412	29.2123
lcl|NC_037643.1_mrna_XM_016912938.2_12395	1900	1701	66	2.12386
lcl|NC_037643.1_mrna_XM_016912911.2_12396	879	680	10	0.804964
lcl|NC_037643.1_mrna_XM_016912910.2_12397	958	759	0	0
lcl|NC_037643.1_ncrna_XR_001703581.2_12398	1679	1480	0	0
lcl|NC_037643.1_ncrna_XR_001703580.2_12399	1694	1495	0	0
lcl|NC_037643.1_ncrna_XR_409425.2_12400	317	118	0	0
lcl|NC_037643.1_ncrna_XR_003304816.1_12401	1688	1489	0	0
lcl|NC_037643.1_ncrna_XR_003304817.1_12402	1613	1414	1	0.0387111
lcl|NC_037643.1_ncrna_XR_003304815.1_12403	1756	1557	0	0
lcl|NC_037643.1_mrna_XM_624147.6_12404	2271	2072	864	22.8249
lcl|NC_037643.1_mrna_XM_016912870.2_12405	1950	1751	0	0
lcl|NC_037643.1_mrna_XM_016912871.2_12406	1777	1578	9	0.312191
lcl|NC_037643.1_mrna_XM_026441446.1_12407	1907	1708	26	0.833241
lcl|NC_037643.1_ncrna_XR_003304848.1_12408	1931	1732	0	0
lcl|NC_037643.1_ncrna_XR_409434.3_12409	2014	1815	0	0
lcl|NC_037643.1_ncrna_XR_409432.3_12410	2011	1812	0	0
lcl|NC_037643.1_ncrna_XR_409431.3_12411	1930	1731	0	0
lcl|NC_037643.1_ncrna_XR_003304953.1_12412	3185	2986	0	0
lcl|NC_037643.1_ncrna_XR_003304839.1_12413	705	506	1.5	0.162265
lcl|NC_037643.1_ncrna_XR_003304838.1_12414	705	506	1.5	0.162265
lcl|NC_037643.1_ncrna_XR_003304946.1_12415	2237	2038	0	0
lcl|NC_037643.1_ncrna_XR_003304947.1_12416	2167	1968	19	0.528462
lcl|NC_037643.1_mrna_XM_006562474.3_12417	1212	1013	0	0
lcl|NC_037643.1_mrna_XM_003250045.4_12418	2260	2061	0	0
lcl|NC_037643.1_ncrna_XR_001703522.2_12419	1376	1177	0	0
lcl|NC_037643.1_trna_12420	72	3.52559	0	0
lcl|NC_037643.1_mrna_XM_026441174.1_12421	5263	5064	73.6844	0.796466
lcl|NC_037643.1_mrna_XM_026441173.1_12422	7901	7702	98.9447	0.703193
lcl|NC_037643.1_trna_12423	73	3.5471	0	0
lcl|NC_037643.1_ncrna_XR_001703545.2_12424	1078	879	0	0
lcl|NC_037643.1_mrna_XM_016912860.2_12425	6879	6680	1955.52	16.024
lcl|NC_037643.1_precursorrna_NR_039528.1_12426	108	4.54805	0	0
lcl|NC_037643.1_ncrna_12427	22	2.73612	0	0
lcl|NC_037643.1_ncrna_XR_003304841.1_12428	2844	2645	18	0.372505
lcl|NC_037643.1_mrna_XM_026441402.1_12429	4105	3906	1	0.0140137
lcl|NC_037643.1_mrna_XM_026441403.1_12430	2401	2202	0	0
lcl|NC_037643.1_ncrna_XR_411838.3_12431	2921	2722	9	0.180984
lcl|NC_037643.1_mrna_XM_026441239.1_12432	3492	3293	429	7.13101
lcl|NC_037643.1_mrna_XM_003251520.3_12433	1709	1510	22.7361	0.824183
lcl|NC_037643.1_mrna_XM_006570497.3_12434	1444	1245	264.404	11.6247
lcl|NC_037643.1_mrna_XM_006570498.3_12435	2721	2522	0	0
lcl|NC_037643.1_mrna_XM_394622.5_12436	2704	2505	1118.39	24.4384
lcl|NC_037643.1_mrna_XM_006570499.3_12437	1954	1755	248.607	7.75392
lcl|NC_037643.1_mrna_XM_026441572.1_12438	2797	2598	503.936	10.6175
lcl|NC_037643.1_mrna_XM_026441573.1_12439	2726	2527	0	0
lcl|NC_037643.1_mrna_XM_026441574.1_12440	1761	1562	1392.36	48.7928
lcl|NC_037643.1_mrna_XM_026441571.1_12441	1764	1565	2418.56	84.5918
lcl|NC_037643.1_mrna_XM_006570502.3_12442	1392	1193	0	0
lcl|NC_037643.1_mrna_XM_016912788.2_12443	1786	1587	146.292	5.04579
lcl|NC_037643.1_mrna_XM_026441570.1_12444	1502	1303	3995.93	167.865
lcl|NC_037643.1_mrna_XM_016912787.2_12445	1977	1778	0	0
lcl|NC_037643.1_mrna_XM_006570500.3_12446	2205	2006	173.839	4.74354
lcl|NC_037643.1_mrna_XM_016912786.2_12447	2124	1925	243.077	6.91191
lcl|NC_037643.1_mrna_XM_003251532.4_12448	1224	1025	35	1.86909
lcl|NC_037643.1_ncrna_XR_003304771.1_12449	4257	4058	0	0
lcl|NC_037643.1_ncrna_XR_003304772.1_12450	4033	3834	0	0
lcl|NC_037643.1_ncrna_XR_003304776.1_12451	3959	3760	0	0
lcl|NC_037643.1_ncrna_XR_003304778.1_12452	3914	3715	0	0
lcl|NC_037643.1_ncrna_XR_003304777.1_12453	3370	3171	0	0
lcl|NC_037643.1_ncrna_XR_003304779.1_12454	3325	3126	1.23707e-08	2.16616e-10
lcl|NC_037643.1_ncrna_XR_003304784.1_12455	3214	3015	33.4374	0.607059
lcl|NC_037643.1_ncrna_XR_003304775.1_12456	4335	4136	0	0
lcl|NC_037643.1_ncrna_XR_003304774.1_12457	4291	4092	3.41887e-07	4.57333e-09
lcl|NC_037643.1_ncrna_XR_003304781.1_12458	4196	3997	8.86515	0.121405
lcl|NC_037643.1_ncrna_XR_003304769.1_12459	4294	4095	1.35585e-07	1.81236e-09
lcl|NC_037643.1_ncrna_XR_003304780.1_12460	3783	3584	1.37288e-05	2.09676e-07
lcl|NC_037643.1_ncrna_XR_003304785.1_12461	3745	3546	9.54489	0.147339
lcl|NC_037643.1_ncrna_XR_003304770.1_12462	3327	3128	42.0528	0.735891
lcl|NC_037643.1_ncrna_XR_003304773.1_12463	3798	3599	0.0997164	0.0015166
lcl|NC_037643.1_ncrna_XR_003304782.1_12464	2591	2392	0	0
lcl|NC_037643.1_ncrna_XR_003304783.1_12465	2207	2008	0	0
lcl|NC_037643.1_miscrna_XR_411843.3_12466	3457	3258	109.302	1.83637
lcl|NC_037643.1_mrna_XM_394621.6_12467	4549	4350	1099.16	13.8311
lcl|NC_037643.1_mrna_XM_003251524.4_12468	602	403	202	27.4367
lcl|NC_037643.1_mrna_XM_392405.7_12469	2475	2276	1866.13	44.8802
lcl|NC_037643.1_mrna_XM_003251528.4_12470	2356	2157	3127.87	79.375
lcl|NC_037643.1_ncrna_XR_003304975.1_12471	5080	4881	83.7182	0.93885
lcl|NC_037643.1_ncrna_XR_003304974.1_12472	5226	5027	34.4315	0.374915
lcl|NC_037643.1_mrna_XM_394619.7_12473	1749	1550	375	13.243
lcl|NC_037643.1_mrna_XM_006570518.3_12474	15603	15404	0	0
lcl|NC_037643.1_mrna_XM_006570520.3_12475	15458	15259	42.8437	0.15369
lcl|NC_037643.1_mrna_XM_006570521.3_12476	15357	15158	43.4586	0.156935
lcl|NC_037643.1_miscrna_XR_411856.3_12477	15967	15768	223.871	0.777152
lcl|NC_037643.1_miscrna_XR_411855.3_12478	15924	15725	2195.53	7.64247
lcl|NC_037643.1_mrna_XM_006570509.3_12479	15848	15649	0	0
lcl|NC_037643.1_miscrna_XR_411854.3_12480	15779	15580	27.1093	0.0952438
lcl|NC_037643.1_mrna_XM_006570512.3_12481	15656	15457	65.0151	0.230237
lcl|NC_037643.1_mrna_XM_006570510.3_12482	15826	15627	521.86	1.82795
lcl|NC_037643.1_mrna_XM_026441153.1_12483	14108	13909	10137.2	39.8939
lcl|NC_037643.1_mrna_XM_026441152.1_12484	15359	15160	4.76345e-08	1.71992e-10
lcl|NC_037643.1_ncrna_XR_411864.3_12485	2078	1879	0	0
lcl|NC_037643.1_ncrna_XR_411865.3_12486	2026	1827	0	0
lcl|NC_037643.1_ncrna_XR_003304799.1_12487	1975	1776	15	0.46231
lcl|NC_037643.1_mrna_XM_006570511.3_12488	15490	15291	1579.72	5.65496
lcl|NC_037643.1_ncrna_XR_411860.3_12489	2014	1815	69	2.08093
lcl|NC_037643.1_ncrna_XR_411859.3_12490	2041	1842	5.56734e-07	1.65441e-08
lcl|NC_037643.1_mrna_XM_006570513.3_12491	16256	16057	228.321	0.778335
lcl|NC_037643.1_mrna_XM_006570514.3_12492	16223	16024	4.42225	0.0151063
lcl|NC_037643.1_mrna_XM_006570515.3_12493	16119	15920	3.1892e-06	1.09654e-08
lcl|NC_037643.1_mrna_XM_006570516.3_12494	16086	15887	4.37478e-05	1.5073e-07
lcl|NC_037643.1_ncrna_XR_412580.3_12495	1405	1206	39.5153	1.79351
lcl|NC_037643.1_mrna_XM_006570517.3_12496	15494	15295	63.6732	0.227873
lcl|NC_037643.1_ncrna_XR_001703210.2_12497	4112	3913	159	2.22419
lcl|NC_037643.1_ncrna_XR_003304800.1_12498	4235	4036	68.1851	0.924749
lcl|NC_037643.1_ncrna_XR_001703219.2_12499	2450	2251	61.8763	1.50464
lcl|NC_037643.1_ncrna_XR_001703215.2_12500	2540	2341	31.6824	0.740803
lcl|NC_037643.1_ncrna_XR_001703221.2_12501	2232	2033	40.2562	1.08388
lcl|NC_037643.1_ncrna_XR_001703218.2_12502	2427	2228	0	0
lcl|NC_037643.1_ncrna_XR_001703216.2_12503	2308	2109	0	0
lcl|NC_037643.1_ncrna_XR_003304801.1_12504	2032	1833	0	0
lcl|NC_037643.1_mrna_XM_624022.6_12505	2560	2361	2409	55.8504
lcl|NC_037643.1_mrna_XM_003251533.4_12506	1858	1659	761	25.1087
lcl|NC_037643.1_ncrna_XR_003304874.1_12507	1513	1314	3	0.124972
lcl|NC_037643.1_mrna_XM_396341.6_12508	2048	1849	162	4.79583
lcl|NC_037643.1_mrna_XM_026441164.1_12509	540	341	1965	315.423
lcl|NC_037643.1_mrna_XM_006570529.3_12510	4945	4746	0	0
lcl|NC_037643.1_mrna_XM_006570528.3_12511	4881	4682	0	0
lcl|NC_037643.1_mrna_XM_006570535.3_12512	4853	4654	52.465	0.617062
lcl|NC_037643.1_mrna_XM_006570533.3_12513	3957	3758	0	0
lcl|NC_037643.1_mrna_XM_006570532.3_12514	4078	3879	0	0
lcl|NC_037643.1_ncrna_XR_003304804.1_12515	416	217	1	0.252247
lcl|NC_037643.1_ncrna_XR_411874.3_12516	2465	2266	12.8634	0.310728
lcl|NC_037643.1_ncrna_XR_003304803.1_12517	371	172	1	0.318242
lcl|NC_037643.1_ncrna_XR_411876.3_12518	2485	2286	16.6716	0.399197
lcl|NC_037643.1_ncrna_XR_411879.3_12519	3213	3014	0	0
lcl|NC_037643.1_ncrna_XR_001703238.2_12520	1137	938	0	0
lcl|NC_037643.1_mrna_XM_026441404.1_12521	3484	3285	6	0.0999772
lcl|NC_037643.1_mrna_XM_026441165.1_12522	3878	3679	2	0.0297568
lcl|NC_037643.1_ncrna_XR_001703242.2_12523	828	629	2	0.174046
lcl|NC_037643.1_ncrna_XR_003304903.1_12524	2902	2703	1	0.0202507
lcl|NC_037643.1_ncrna_XR_411872.3_12525	1197	998	6	0.329083
lcl|NC_037643.1_ncrna_XR_411892.3_12526	5222	5023	16	0.174358
lcl|NC_037643.1_mrna_XM_003251536.4_12527	5715	5516	928	9.20893
lcl|NC_037643.1_ncrna_XR_001703510.2_12528	1282	1083	25	1.26356
lcl|NC_037643.1_ncrna_XR_003304805.1_12529	4369	4170	2.94235	0.0386227
lcl|NC_037643.1_ncrna_XR_001703512.2_12530	4592	4393	10.0577	0.12532
lcl|NC_037643.1_ncrna_XR_003304870.1_12531	981	782	11	0.769965
lcl|NC_037643.1_miscrna_XR_003304864.1_12532	2302	2103	13.2512	0.344907
lcl|NC_037643.1_miscrna_XR_003304865.1_12533	1907	1708	0	0
lcl|NC_037643.1_mrna_XM_026441298.1_12534	1552	1353	93.2867	3.77405
lcl|NC_037643.1_miscrna_XR_003304866.1_12535	1365	1166	0	0
lcl|NC_037643.1_miscrna_XR_003304867.1_12536	3131	2932	0	0
lcl|NC_037643.1_miscrna_XR_003304868.1_12537	2949	2750	14.4621	0.287861
lcl|NC_037643.1_mrna_XM_026441406.1_12538	3442	3243	21	0.354452
lcl|NC_037643.1_mrna_XM_006570540.3_12539	1655	1456	11.0122	0.413999
lcl|NC_037643.1_precursorrna_NR_034312.1_12540	85	3.83091	0	0
lcl|NC_037643.1_ncrna_12541	21	2.72438	0	0
lcl|NC_037643.1_mrna_XM_393205.7_12542	3017	2818	1172.99	22.7844
lcl|NC_037643.1_ncrna_XR_411901.3_12543	3086	2887	25.3791	0.481187
lcl|NC_037643.1_ncrna_XR_411902.3_12544	3077	2878	51.6209	0.981794
lcl|NC_037643.1_mrna_XM_026441425.1_12545	3208	3009	0	0
lcl|NC_037643.1_mrna_XM_026441426.1_12546	3181	2982	27	0.495612
lcl|NC_037643.1_ncrna_XR_003304943.1_12547	2429	2230	174.008	4.2712
lcl|NC_037643.1_ncrna_XR_003304941.1_12548	2259	2060	0	0
lcl|NC_037643.1_ncrna_XR_003304942.1_12549	2062	1863	288.14	8.46594
lcl|NC_037643.1_ncrna_XR_003304940.1_12550	996	797	64.8525	4.45403
lcl|NC_037643.1_mrna_NM_001011582.1_12551	349	150	84	30.653
lcl|NC_037643.1_mrna_XM_006570549.2_12552	1833	1634	443.027	14.841
lcl|NC_037643.1_ncrna_XR_003304939.1_12553	1759	1560	5.11139	0.179349
lcl|NC_037643.1_ncrna_XR_003304937.1_12554	1825	1626	3.27563	0.11027
lcl|NC_037643.1_ncrna_XR_003304936.1_12555	1579	1380	28.6756	1.13741
lcl|NC_037643.1_ncrna_XR_003304935.1_12556	1643	1444	87.153	3.3037
lcl|NC_037643.1_ncrna_XR_003304938.1_12557	848	649	15.7844	1.33128
lcl|NC_037643.1_mrna_XM_006570548.3_12558	1818	1619	1367.45	46.2328
lcl|NC_037643.1_mrna_XM_006570547.3_12559	1842	1643	2042.83	68.058
lcl|NC_037643.1_mrna_XM_016912658.2_12560	1729	1530	6.30182e-06	2.25455e-07
lcl|NC_037643.1_mrna_XM_026441427.1_12561	1798	1599	3842.7	131.545
lcl|NC_037643.1_mrna_XM_393208.7_12562	1670	1471	6305	234.616
lcl|NC_037643.1_mrna_XM_396435.7_12563	1999	1800	1159	35.2449
lcl|NC_037643.1_mrna_XM_396436.7_12564	2429	2230	866	21.2568
lcl|NC_037643.1_mrna_XM_016912797.2_12565	6522	6323	143.032	1.23821
lcl|NC_037643.1_mrna_XM_016912795.2_12566	6327	6128	195.609	1.74725
lcl|NC_037643.1_mrna_XM_006570550.3_12567	6490	6291	42.231	0.367449
lcl|NC_037643.1_mrna_XM_016912796.1_12568	6183	5984	274.128	2.50753
lcl|NC_037643.1_ncrna_XR_001703497.2_12569	948	749	0	0
lcl|NC_037643.1_ncrna_XR_003304797.1_12570	874	675	3.19905	0.25942
lcl|NC_037643.1_ncrna_XR_003304796.1_12571	663	464	0.800948	0.0944869
lcl|NC_037643.1_mrna_XM_006570507.3_12572	1775	1576	80.0642	2.78078
lcl|NC_037643.1_mrna_NM_001190921.1_12573	1401	1202	3.93583	0.179233
lcl|NC_037643.1_mrna_XM_624426.6_12574	798	599	173.514	15.856
lcl|NC_037643.1_mrna_XM_006570552.3_12575	845	646	9.37213	0.794129
lcl|NC_037643.1_mrna_XM_006570551.3_12576	849	650	34.1139	2.87279
lcl|NC_037643.1_mrna_XM_026441405.1_12577	608	409	17	2.27515
lcl|NC_037643.1_mrna_XM_026441130.1_12578	1784	1585	13.3971	0.462665
lcl|NC_037643.1_mrna_XM_026441129.1_12579	1812	1613	0	0
lcl|NC_037643.1_mrna_XM_006570564.3_12580	1081	882	225.17	13.9742
lcl|NC_037643.1_mrna_XM_394618.6_12581	1021	822	0.433	0.0288337
lcl|NC_037643.1_mrna_XM_026441128.1_12582	6187	5988	830.199	7.58902
lcl|NC_037643.1_mrna_XM_006570556.3_12583	5980	5781	0.367881	0.00348329
lcl|NC_037643.1_mrna_XM_006570557.3_12584	5964	5765	0.369017	0.00350374
lcl|NC_037643.1_mrna_XM_006570558.3_12585	6114	5915	302.864	2.80271
lcl|NC_037643.1_mrna_XM_006570560.3_12586	6097	5898	382.647	3.55123
lcl|NC_037643.1_mrna_XM_006570555.3_12587	5966	5767	1901.42	18.0474
lcl|NC_037643.1_mrna_XM_001120829.5_12588	5690	5491	3098.65	30.8892
lcl|NC_037643.1_mrna_XM_006570559.3_12589	5938	5739	1223.74	11.6718
lcl|NC_037643.1_mrna_XM_016912556.2_12590	5372	5173	0	0
lcl|NC_037643.1_mrna_XM_026441131.1_12591	2791	2592	237.124	5.00756
lcl|NC_037643.1_trna_12592	84	3.8053	0	0
lcl|NC_037643.1_ncrna_XR_001703566.2_12593	717	518	0	0
lcl|NC_037643.1_ncrna_XR_001703563.2_12594	5370	5171	0.0182743	0.000193443
lcl|NC_037643.1_ncrna_XR_001703561.2_12595	5527	5328	84.9555	0.872796
lcl|NC_037643.1_ncrna_XR_001703565.2_12596	1584	1385	1	0.0395217
lcl|NC_037643.1_ncrna_XR_003304873.1_12597	3040	2841	4	0.077068
lcl|NC_037643.1_ncrna_XR_001703560.2_12598	3159	2960	0	0
lcl|NC_037643.1_mrna_XM_392401.7_12599	2302	2103	5723	148.96
lcl|NC_037643.1_mrna_XM_006570689.2_12600	1594	1395	1067	41.8674
lcl|NC_037643.1_miscrna_XR_003304829.1_12601	3620	3421	71.5544	1.1449
lcl|NC_037643.1_miscrna_XR_003304830.1_12602	3907	3708	373.09	5.50756
lcl|NC_037643.1_mrna_XM_026441205.1_12603	4820	4621	260.355	3.08401
lcl|NC_037643.1_mrna_XM_623766.5_12604	1769	1570	283	9.8667
lcl|NC_037643.1_mrna_XM_006570683.3_12605	2784	2585	753.166	15.9483
lcl|NC_037643.1_mrna_XM_006570684.3_12606	2751	2552	252.56	5.41713
lcl|NC_037643.1_mrna_XM_623155.6_12607	2827	2628	6.83748e-07	1.42415e-08
lcl|NC_037643.1_mrna_XM_006570685.3_12608	2822	2623	1534.01	32.0123
lcl|NC_037643.1_mrna_XM_006570686.3_12609	2813	2614	6.99957e-07	1.46572e-08
lcl|NC_037643.1_mrna_XM_006570687.3_12610	2808	2609	1752.26	36.7629
lcl|NC_037643.1_mrna_XM_001121014.5_12611	3651	3452	614.021	9.73638
lcl|NC_037643.1_mrna_XM_006570680.3_12612	3730	3531	37.1488	0.575881
lcl|NC_037643.1_mrna_XM_016912724.2_12613	3742	3543	0	0
lcl|NC_037643.1_mrna_XM_006570681.3_12614	2473	2274	352.83	8.49299
lcl|NC_037643.1_mrna_XM_026441550.1_12615	3246	3047	563	10.114
lcl|NC_037643.1_mrna_XM_001121130.5_12616	1843	1644	78.9516	2.62872
lcl|NC_037643.1_mrna_XM_016912725.2_12617	1616	1417	7991.05	308.688
lcl|NC_037643.1_miscrna_XR_003304971.1_12618	4073	3874	79.9631	1.12984
lcl|NC_037643.1_mrna_XM_392823.7_12619	4218	4019	1891.04	25.7553
lcl|NC_037643.1_mrna_XM_006570678.3_12620	2764	2565	53.4951	1.1416
lcl|NC_037643.1_mrna_XM_003251552.4_12621	2763	2564	87.5049	1.8681
lcl|NC_037643.1_mrna_XM_003251553.4_12622	2234	2035	201.15	5.41055
lcl|NC_037643.1_mrna_XM_001121188.5_12623	1604	1405	593	23.1027
lcl|NC_037643.1_mrna_XM_006570674.3_12624	2567	2368	977.546	22.5965
lcl|NC_037643.1_mrna_XM_006570676.3_12625	2305	2106	101.274	2.63223
lcl|NC_037643.1_mrna_XM_006570675.3_12626	2552	2353	474.058	11.0279
lcl|NC_037643.1_mrna_XM_394615.7_12627	2243	2044	1900.97	50.9074
lcl|NC_037643.1_mrna_XM_006570677.3_12628	2103	1904	13.1486	0.378006
lcl|NC_037643.1_mrna_XM_394616.6_12629	2175	1976	1132.01	31.358
lcl|NC_037643.1_mrna_XM_623487.6_12630	2183	1984	3798	104.785
lcl|NC_037643.1_mrna_XM_026441562.1_12631	10563	10364	4301.39	22.7178
lcl|NC_037643.1_mrna_XM_026441560.1_12632	10650	10451	50.3714	0.263822
lcl|NC_037643.1_mrna_XM_026441561.1_12633	10644	10445	0.232668	0.00121931
lcl|NC_037643.1_mrna_XM_026441559.1_12634	10731	10532	0.00295593	1.53628e-05
lcl|NC_037643.1_mrna_XM_026441468.1_12635	12464	12265	0	0
lcl|NC_037643.1_mrna_XM_026441466.1_12636	12500	12301	0	0
lcl|NC_037643.1_mrna_XM_026441470.1_12637	9953	9754	47.1889	0.264815
lcl|NC_037643.1_mrna_XM_026441467.1_12638	12450	12251	117.811	0.526381
lcl|NC_037643.1_mrna_XM_026441469.1_12639	11576	11377	0	0
lcl|NC_037643.1_mrna_XM_006570673.2_12640	2496	2297	710	16.9193
lcl|NC_037643.1_mrna_XM_016912517.2_12641	883	684	0.944874	0.0756141
lcl|NC_037643.1_mrna_XM_026441479.1_12642	934	735	43.0551	3.20644
lcl|NC_037643.1_mrna_XM_026441478.1_12643	989	790	0	0
lcl|NC_037643.1_mrna_XM_026441471.1_12644	3337	3138	4730.21	82.5111
lcl|NC_037643.1_mrna_XM_026441472.1_12645	3325	3126	1519.79	26.6122
lcl|NC_037643.1_mrna_XM_026441477.1_12646	3441	3242	22.2197	0.375155
lcl|NC_037643.1_mrna_XM_026441476.1_12647	3438	3239	71.4729	1.20786
lcl|NC_037643.1_mrna_XM_026441475.1_12648	3415	3216	0.307442	0.00523278
lcl|NC_037643.1_mrna_XM_016912744.2_12649	3613	3414	0	0
lcl|NC_037643.1_mrna_XM_026441474.1_12650	3528	3329	0	0
lcl|NC_037643.1_mrna_XM_026441407.1_12651	5319	5120	2	0.0213819
lcl|NC_037643.1_mrna_XM_006570668.3_12652	2191	1992	38	1.04419
lcl|NC_037643.1_mrna_XM_026441302.1_12653	7204	7005	25	0.195352
lcl|NC_037643.1_mrna_XM_026441249.1_12654	530	331	22	3.63814
lcl|NC_037643.1_mrna_XM_006570667.3_12655	1637	1438	555	21.1261
lcl|NC_037643.1_mrna_XM_001120173.3_12656	591	392	305	42.5892
lcl|NC_037643.1_mrna_XM_006570664.3_12657	6336	6137	1.07026	0.00954596
lcl|NC_037643.1_mrna_XM_016912687.2_12658	6258	6059	100.503	0.907951
lcl|NC_037643.1_mrna_XM_016912688.2_12659	6204	6005	227.389	2.07273
lcl|NC_037643.1_mrna_XM_016912690.2_12660	6120	5921	569.388	5.26379
lcl|NC_037643.1_mrna_XM_016912689.2_12661	7652	7453	161.072	1.18297
lcl|NC_037643.1_ncrna_XR_003304905.1_12662	2491	2292	36	0.859752
lcl|NC_037643.1_ncrna_XR_003304904.1_12663	930	731	9	0.673923
lcl|NC_037643.1_ncrna_XR_001706350.2_12664	997	798	0	0
lcl|NC_037643.1_mrna_XM_006570665.3_12665	6180	5981	0.0970991	0.000888641
lcl|NC_037643.1_mrna_XM_006570666.3_12666	6500	6301	1077.48	9.3602
lcl|NC_037643.1_mrna_XM_026441408.1_12667	2546	2347	262.039	6.11136
lcl|NC_037643.1_mrna_XM_006570959.3_12668	3890	3691	173.174	2.56818
lcl|NC_037643.1_mrna_XM_026441364.1_12669	3953	3754	163.318	2.38135
lcl|NC_037643.1_mrna_XM_006570958.3_12670	3865	3666	131.469	1.96299
lcl|NC_037643.1_ncrna_XR_120572.3_12671	1658	1459	31.3557	1.17638
lcl|NC_037643.1_ncrna_XR_411924.3_12672	1836	1637	13.0414	0.436074
lcl|NC_037643.1_mrna_XM_006570955.3_12673	1738	1539	17.0462	0.606283
lcl|NC_037643.1_mrna_XM_016912794.2_12674	1565	1366	0	0
lcl|NC_037643.1_mrna_XM_006570954.3_12675	1989	1790	13.2963	0.406595
lcl|NC_037643.1_mrna_XM_006570957.3_12676	1528	1329	12.6575	0.521324
lcl|NC_037643.1_mrna_XM_396028.7_12677	2767	2568	503	10.7216
lcl|NC_037643.1_mrna_XM_016912793.2_12678	3356	3157	34.7263	0.602102
lcl|NC_037643.1_mrna_XM_001121570.5_12679	3196	2997	272.963	4.98543
lcl|NC_037643.1_mrna_XM_026441159.1_12680	2919	2720	7.60603e-08	1.53065e-09
lcl|NC_037643.1_mrna_XM_026441161.1_12681	2723	2524	4.77157	0.10348
lcl|NC_037643.1_mrna_XM_026441160.1_12682	2888	2689	87.5387	1.78195
lcl|NC_037643.1_mrna_XM_006570961.3_12683	1581	1382	124	4.91133
lcl|NC_037643.1_mrna_XM_397338.6_12684	1541	1342	9.45359e-06	3.85593e-07
lcl|NC_037643.1_mrna_XM_026441162.1_12685	1056	857	178.627	11.4091
lcl|NC_037643.1_mrna_XM_016912874.2_12686	1107	908	439.373	26.487
lcl|NC_037643.1_mrna_XM_016912873.2_12687	887	688	86	6.84219
lcl|NC_037643.1_mrna_XM_001120478.5_12688	1702	1503	40	1.45675
lcl|NC_037643.1_mrna_XM_006570953.2_12689	637	438	912	113.974
lcl|NC_037643.1_mrna_XM_006570943.3_12690	2571	2372	35.311	0.814854
lcl|NC_037643.1_mrna_XM_006570944.3_12691	2498	2299	808.548	19.2509
lcl|NC_037643.1_ncrna_XR_003304879.1_12692	1873	1674	42	1.37334
lcl|NC_037643.1_ncrna_XR_412056.3_12693	2524	2325	8	0.188344
lcl|NC_037643.1_ncrna_XR_003304880.1_12694	553	354	10	1.54626
lcl|NC_037643.1_mrna_XM_026441333.1_12695	3249	3050	0	0
lcl|NC_037643.1_mrna_XM_026441334.1_12696	3156	2957	48.4182	0.896278
lcl|NC_037643.1_ncrna_XR_003304882.1_12697	1900	1701	0	0
lcl|NC_037643.1_ncrna_XR_003304881.1_12698	1866	1667	7	0.229852
lcl|NC_037643.1_mrna_XM_006570952.3_12699	2497	2298	36.9205	0.879434
lcl|NC_037643.1_mrna_XM_016912606.2_12700	2567	2368	0	0
lcl|NC_037643.1_ncrna_XR_001703324.2_12701	2286	2087	17	0.445874
lcl|NC_037643.1_ncrna_XR_001703326.2_12702	2386	2187	0	0
lcl|NC_037643.1_ncrna_XR_001703325.2_12703	2460	2261	0	0
lcl|NC_037643.1_ncrna_XR_001703323.2_12704	2442	2243	0	0
lcl|NC_037643.1_ncrna_XR_412072.3_12705	2516	2317	0	0
lcl|NC_037643.1_ncrna_XR_412073.3_12706	2253	2054	0	0
lcl|NC_037643.1_mrna_XM_006570950.3_12707	2462	2263	0	0
lcl|NC_037643.1_mrna_XM_006570949.3_12708	2787	2588	0	0
lcl|NC_037643.1_mrna_XM_006570951.3_12709	2715	2516	99.8025	2.17128
lcl|NC_037643.1_ncrna_XR_003304883.1_12710	741	542	1	0.100992
lcl|NC_037643.1_mrna_XM_026441337.1_12711	5350	5151	48.3221	0.513499
lcl|NC_037643.1_mrna_XM_026441338.1_12712	5346	5147	0	0
lcl|NC_037643.1_mrna_XM_026441341.1_12713	5121	4922	51.3899	0.571507
lcl|NC_037643.1_mrna_XM_026441336.1_12714	5352	5153	0	0
lcl|NC_037643.1_mrna_XM_026441335.1_12715	5364	5165	0	0
lcl|NC_037643.1_mrna_XM_026441340.1_12716	5132	4933	0	0
lcl|NC_037643.1_mrna_XM_026441344.1_12717	5273	5074	77.9327	0.840726
lcl|NC_037643.1_mrna_XM_026441342.1_12718	4923	4724	27.1086	0.31411
lcl|NC_037643.1_mrna_XM_026441343.1_12719	4808	4609	71.2467	0.846143
lcl|NC_037643.1_mrna_XM_016912602.2_12720	5115	4916	0	0
lcl|NC_037643.1_mrna_XM_026441339.1_12721	5042	4843	0	0
lcl|NC_037643.1_ncrna_XR_001703320.2_12722	1030	831	0	0
lcl|NC_037643.1_ncrna_XR_001703319.2_12723	387	188	0	0
lcl|NC_037643.1_ncrna_XR_412038.3_12724	2339	2140	0	0
lcl|NC_037643.1_ncrna_XR_120605.4_12725	2354	2155	0	0
lcl|NC_037643.1_ncrna_XR_003304885.1_12726	2235	2036	3	0.0806545
lcl|NC_037643.1_ncrna_XR_003304884.1_12727	504	305	7.89831	1.41749
lcl|NC_037643.1_ncrna_XR_001703316.2_12728	799	600	6.10169	0.556653
lcl|NC_037643.1_ncrna_XR_003304887.1_12729	1253	1054	1	0.0519332
lcl|NC_037643.1_ncrna_XR_001703318.2_12730	585	386	0	0
lcl|NC_037643.1_miscrna_XR_001703311.2_12731	1101	902	0	0
lcl|NC_037643.1_miscrna_XR_001703308.2_12732	1838	1639	0	0
lcl|NC_037643.1_miscrna_XR_001703310.2_12733	1500	1301	0	0
lcl|NC_037643.1_miscrna_XR_001703309.2_12734	1224	1025	0	0
lcl|NC_037643.1_miscrna_XR_001703312.2_12735	640	441	0	0
lcl|NC_037643.1_miscrna_XR_001703313.2_12736	842	643	3	0.255385
lcl|NC_037643.1_mrna_XM_016912603.2_12737	1093	894	6.94713	0.425356
lcl|NC_037643.1_mrna_XM_003251622.4_12738	1215	1016	4.05287	0.218351
lcl|NC_037643.1_miscrna_XR_001703314.2_12739	874	675	0	0
lcl|NC_037643.1_ncrna_XR_003304888.1_12740	835	636	4	0.344261
lcl|NC_037643.1_ncrna_XR_003304886.1_12741	1256	1057	8	0.414286
lcl|NC_037643.1_mrna_XM_006570939.3_12742	2129	1930	13	0.368698
lcl|NC_037643.1_mrna_XM_006570937.3_12743	6509	6310	808.117	7.0102
lcl|NC_037643.1_mrna_XM_006570938.3_12744	4432	4233	439.603	5.68457
lcl|NC_037643.1_mrna_XM_026441122.1_12745	638	439	3	0.374061
lcl|NC_037643.1_miscrna_XR_003304952.1_12746	1671	1472	0	0
lcl|NC_037643.1_mrna_XM_026441445.1_12747	1910	1711	0	0
lcl|NC_037643.1_miscrna_XR_003304950.1_12748	1661	1462	0	0
lcl|NC_037643.1_miscrna_XR_003304951.1_12749	1508	1309	1	0.0418163
lcl|NC_037643.1_ncrna_XR_001703196.2_12750	620	421	0	0
lcl|NC_037643.1_ncrna_XR_001703602.2_12751	609	410	1	0.133506
lcl|NC_037643.1_mrna_XM_026441453.1_12752	3036	2837	63.9638	1.23413
lcl|NC_037643.1_mrna_XM_016912686.2_12753	2887	2688	715.327	14.5667
lcl|NC_037643.1_mrna_XM_026441461.1_12754	2828	2629	1633.77	34.0162
lcl|NC_037643.1_mrna_XM_026441454.1_12755	2084	1885	0	0
lcl|NC_037643.1_mrna_XM_026441460.1_12756	1928	1729	0	0
lcl|NC_037643.1_mrna_XM_026441451.1_12757	2200	2001	20.8522	0.570415
lcl|NC_037643.1_mrna_XM_026441452.1_12758	2185	1986	0	0
lcl|NC_037643.1_mrna_XM_026441457.1_12759	1983	1784	10.7712	0.330487
lcl|NC_037643.1_mrna_XM_026441455.1_12760	2033	1834	0	0
lcl|NC_037643.1_mrna_XM_026441456.1_12761	1987	1788	417.081	12.7685
lcl|NC_037643.1_mrna_XM_026441458.1_12762	1966	1767	0	0
lcl|NC_037643.1_mrna_XM_026441459.1_12763	1960	1761	172.233	5.35355
lcl|NC_037643.1_ncrna_XR_003304955.1_12764	2765	2566	70.6849	1.50784
lcl|NC_037643.1_ncrna_XR_412030.3_12765	1461	1262	75.3151	3.26669
lcl|NC_037643.1_ncrna_XR_001703435.2_12766	1930	1731	28.3265	0.895739
lcl|NC_037643.1_mrna_XM_006570934.3_12767	3228	3029	403.273	7.2876
lcl|NC_037643.1_mrna_XM_006570933.3_12768	3203	3004	1507.73	27.4731
lcl|NC_037643.1_mrna_XM_393034.7_12769	1022	823	8911	592.669
lcl|NC_037643.1_mrna_XM_623280.6_12770	2836	2637	981	20.3631
lcl|NC_037643.1_mrna_XM_623496.6_12771	1637	1438	161	6.12847
lcl|NC_037643.1_ncrna_XR_412025.3_12772	2508	2309	29	0.687479
lcl|NC_037643.1_mrna_XM_006570931.3_12773	1217	1018	5	0.268848
lcl|NC_037643.1_mrna_XM_006570932.3_12774	966	767	0	0
lcl|NC_037643.1_mrna_XM_006570929.3_12775	1999	1800	15.2238	0.462953
lcl|NC_037643.1_mrna_XM_006570928.3_12776	2045	1846	348.439	10.3319
lcl|NC_037643.1_mrna_XM_006570926.3_12777	6820	6621	5711.23	47.2163
lcl|NC_037643.1_mrna_XM_016912683.2_12778	6876	6677	6308	51.7125
lcl|NC_037643.1_ncrna_XR_003304876.1_12779	2074	1875	25	0.729834
lcl|NC_037643.1_ncrna_XR_003304877.1_12780	1553	1354	3	0.12128
lcl|NC_037643.1_ncrna_XR_003304875.1_12781	540	341	91	14.6074
lcl|NC_037643.1_ncrna_XR_412023.3_12782	4114	3915	40	0.55926
lcl|NC_037643.1_mrna_XM_026441347.1_12783	2077	1878	238	6.93692
lcl|NC_037643.1_mrna_XM_026441348.1_12784	2054	1855	0	0
lcl|NC_037643.1_trna_12785	73	3.5471	0	0
lcl|NC_037643.1_mrna_XM_006570922.3_12786	2139	1940	157	4.42979
lcl|NC_037643.1_mrna_XM_395661.7_12787	1194	995	331.662	18.2456
lcl|NC_037643.1_mrna_XM_016912843.2_12788	1122	923	32.3377	1.91775
lcl|NC_037643.1_mrna_XM_624896.6_12789	1587	1388	564.745	22.2714
lcl|NC_037643.1_mrna_XM_026441247.1_12790	1238	1039	154.255	8.1266
lcl|NC_037643.1_mrna_XM_016912842.1_12791	2466	2267	616	14.8735
lcl|NC_037643.1_mrna_XM_006570920.3_12792	1635	1436	132	5.03158
lcl|NC_037643.1_mrna_XM_006570917.3_12793	1237	1038	547	28.8453
lcl|NC_037643.1_mrna_XM_393096.7_12794	2237	2038	49.5925	1.33198
lcl|NC_037643.1_mrna_XM_006570919.3_12795	2199	2000	769.408	21.0577
lcl|NC_037643.1_mrna_XM_026441409.1_12796	2030	1831	0	0
lcl|NC_037643.1_mrna_XM_624538.5_12797	897	698	298	23.3693
lcl|NC_037643.1_mrna_XM_026441109.1_12798	9034	8835	119.954	0.743182
lcl|NC_037643.1_mrna_NM_001191048.2_12799	6581	6382	2024.38	17.3628
lcl|NC_037643.1_mrna_XM_026441112.1_12800	8451	8252	55.4603	0.367882
lcl|NC_037643.1_mrna_XM_026441111.1_12801	8385	8186	2066.65	13.8191
lcl|NC_037643.1_mrna_XM_026441110.1_12802	8513	8314	371.977	2.44901
lcl|NC_037643.1_mrna_XM_026441106.1_12803	8576	8377	65.955	0.430967
lcl|NC_037643.1_mrna_XM_026441107.1_12804	8394	8195	0	0
lcl|NC_037643.1_mrna_XM_026441108.1_12805	8315	8116	163.958	1.1058
lcl|NC_037643.1_mrna_XM_026441114.1_12806	8309	8110	3911.93	26.4031
lcl|NC_037643.1_mrna_XM_026441113.1_12807	8191	7992	9003.73	61.667
lcl|NC_037643.1_mrna_XM_006570869.3_12808	576	377	42.9912	6.242
lcl|NC_037643.1_mrna_NM_001098234.1_12809	462	263	76.0088	15.8195
lcl|NC_037643.1_mrna_XM_006570915.3_12810	2551	2352	682	15.872
lcl|NC_037643.1_mrna_NM_001040262.2_12811	438	239	5	1.14514
lcl|NC_037643.1_mrna_XM_001121051.5_12812	1079	880	70	4.35412
lcl|NC_037643.1_mrna_XM_003251604.4_12813	3788	3589	774	11.8046
lcl|NC_037643.1_mrna_XM_026441261.1_12814	1171	972	168.499	9.48888
lcl|NC_037643.1_mrna_XM_006570914.3_12815	1175	976	499.501	28.0138
lcl|NC_037643.1_mrna_XM_026441260.1_12816	3810	3611	681	10.323
lcl|NC_037643.1_mrna_XM_026441410.1_12817	2870	2671	17	0.348386
lcl|NC_037643.1_mrna_XM_026441428.1_12818	2385	2186	4	0.10016
lcl|NC_037643.1_mrna_XM_001120877.5_12819	1419	1220	2.85875	0.128263
lcl|NC_037643.1_mrna_XM_026441295.1_12820	1416	1217	637.141	28.657
lcl|NC_037643.1_mrna_XM_006570913.3_12821	2341	2142	202	5.16199
lcl|NC_037643.1_mrna_XM_003251603.3_12822	1823	1624	1424	47.9965
lcl|NC_037643.1_ncrna_XR_120594.4_12823	1478	1279	31.5291	1.34936
lcl|NC_037643.1_ncrna_XR_001703498.2_12824	1275	1076	2665.47	135.596
lcl|NC_037643.1_ncrna_XR_120596.4_12825	2208	2009	222	6.04865
lcl|NC_037643.1_ncrna_XR_001703501.2_12826	1839	1640	11.993	0.400285
lcl|NC_037643.1_ncrna_XR_003304862.1_12827	1840	1641	3.99037	0.133104
lcl|NC_037643.1_ncrna_XR_003304861.1_12828	1337	1138	104.771	5.03944
lcl|NC_037643.1_ncrna_XR_120593.4_12829	2689	2490	0	0
lcl|NC_037643.1_ncrna_XR_003304860.1_12830	1103	904	0	0
lcl|NC_037643.1_ncrna_XR_001703499.2_12831	1872	1673	315.246	10.3143
lcl|NC_037643.1_mrna_XM_006570912.3_12832	4157	3958	5.24175e-05	7.24913e-07
lcl|NC_037643.1_mrna_XM_016912897.2_12833	4166	3967	77.9999	1.07626
lcl|NC_037643.1_ncrna_XR_003304934.1_12834	1867	1668	0	0
lcl|NC_037643.1_ncrna_XR_412002.3_12835	799	600	1	0.0912292
lcl|NC_037643.1_mrna_XM_006570910.3_12836	2735	2536	72.0935	1.55608
lcl|NC_037643.1_mrna_XM_396955.7_12837	2694	2495	1623.91	35.6267
lcl|NC_037643.1_mrna_XM_393438.6_12838	1565	1366	6398	256.377
lcl|NC_037643.1_mrna_XM_006570908.3_12839	1300	1101	470	23.3666
lcl|NC_037643.1_mrna_XM_026441262.1_12840	4520	4321	254	3.21762
lcl|NC_037643.1_mrna_XM_006570906.3_12841	506	307	2211	394.217
lcl|NC_037643.1_mrna_XM_026441329.1_12842	1619	1420	925	35.6565
lcl|NC_037643.1_mrna_XM_006570901.3_12843	2295	2096	56.1429	1.46618
lcl|NC_037643.1_mrna_XM_026441186.1_12844	2183	1984	390.917	10.7852
lcl|NC_037643.1_mrna_XM_623545.6_12845	2252	2053	530.94	14.156
lcl|NC_037643.1_mrna_NM_001161709.2_12846	856	657	586	48.8222
lcl|NC_037643.1_mrna_XM_016912815.2_12847	1439	1240	10	0.441432
lcl|NC_037643.1_mrna_XM_397316.5_12848	755	556	470	46.2709
lcl|NC_037643.1_mrna_XM_026441189.1_12849	1006	807	30.2789	2.05377
lcl|NC_037643.1_mrna_XM_006570902.3_12850	847	648	0	0
lcl|NC_037643.1_mrna_XM_624793.6_12851	997	798	3666.57	251.503
lcl|NC_037643.1_mrna_XM_026441187.1_12852	1088	889	414.712	25.5347
lcl|NC_037643.1_mrna_XM_006570903.3_12853	974	775	184.773	13.0504
lcl|NC_037643.1_mrna_XM_016912818.2_12854	1006	807	30.2789	2.05377
lcl|NC_037643.1_mrna_XM_026441188.1_12855	1044	845	535.382	34.6811
lcl|NC_037643.1_mrna_XM_026441294.1_12856	769	570	0	0
lcl|NC_037643.1_mrna_XM_395332.6_12857	3673	3474	1940.67	30.5778
lcl|NC_037643.1_mrna_XM_624830.6_12858	2401	2202	1.55466e-05	3.86458e-07
lcl|NC_037643.1_mrna_XM_006570899.3_12859	2389	2190	2704.11	67.5873
lcl|NC_037643.1_miscrna_XR_411998.3_12860	2289	2090	18.3729	0.481191
lcl|NC_037643.1_mrna_XM_006570900.3_12861	2058	1859	2154.52	63.439
lcl|NC_037643.1_miscrna_XR_003304806.1_12862	2876	2677	0	0
lcl|NC_037643.1_mrna_XM_006570898.2_12863	3671	3472	0.0633028	0.000997995
lcl|NC_037643.1_miscrna_XR_411997.2_12864	2890	2691	159.289	3.24009
lcl|NC_037643.1_miscrna_XR_411996.2_12865	3776	3577	125.62	1.92231
lcl|NC_037643.1_miscrna_XR_411995.2_12866	3263	3064	531.193	9.48963
lcl|NC_037643.1_miscrna_XR_411993.2_12867	3354	3155	2.49147e-07	4.32257e-09
lcl|NC_037643.1_miscrna_XR_411992.2_12868	4149	3950	332.939	4.61374
lcl|NC_037643.1_miscrna_XR_003304765.1_12869	3158	2959	686.862	12.706
lcl|NC_037643.1_miscrna_XR_003304764.1_12870	2170	1971	294.138	8.16864
lcl|NC_037643.1_mrna_NM_001242470.1_12871	1756	1557	0	0
lcl|NC_037643.1_mrna_NM_001011566.1_12872	1503	1304	0	0
lcl|NC_037643.1_mrna_XM_026441126.1_12873	1866	1667	383	12.5762
lcl|NC_037643.1_mrna_XM_026441127.1_12874	1388	1189	110	5.06403
lcl|NC_037643.1_mrna_XM_026441124.1_12875	3012	2813	0.0521366	0.00101451
lcl|NC_037643.1_mrna_XM_026441125.1_12876	2991	2792	666.948	13.0756
lcl|NC_037643.1_mrna_XM_016912775.2_12877	3056	2857	89.542	1.71554
lcl|NC_037643.1_mrna_XM_395106.7_12878	3059	2860	655.458	12.5448
lcl|NC_037643.1_mrna_XM_003251626.4_12879	4218	4019	42.6503	0.580885
lcl|NC_037643.1_ncrna_XR_411991.3_12880	272	73.0112	0	0
lcl|NC_037643.1_ncrna_XR_001703491.2_12881	672	473	8	0.925794
lcl|NC_037643.1_mrna_XM_006570893.3_12882	3864	3665	3.79699	0.0567088
lcl|NC_037643.1_mrna_XM_016912777.2_12883	3819	3620	11.8013	0.178446
lcl|NC_037643.1_mrna_XM_006570894.3_12884	3880	3681	3.75138	0.0557841
lcl|NC_037643.1_mrna_XM_395404.7_12885	2183	1984	750	20.6921
lcl|NC_037643.1_mrna_XM_016912922.2_12886	2805	2606	94	1.97442
lcl|NC_037643.1_mrna_XM_026441411.1_12887	2091	1892	109	3.15348
lcl|NC_037643.1_mrna_XM_396371.7_12888	2106	1907	252.022	7.2339
lcl|NC_037643.1_mrna_XM_026441400.1_12889	1486	1287	467	19.862
lcl|NC_037643.1_mrna_XM_623102.6_12890	2673	2474	12258	271.21
lcl|NC_037643.1_mrna_XM_624196.6_12891	1312	1113	260	12.7868
lcl|NC_037643.1_mrna_XM_395827.7_12892	1081	882	611	37.9191
lcl|NC_037643.1_miscrna_XR_411989.3_12893	649	450	124.096	15.0949
lcl|NC_037643.1_mrna_XM_392962.7_12894	1102	903	8594.9	521.001
lcl|NC_037643.1_mrna_XM_395826.7_12895	1183	984	1004	55.8501
lcl|NC_037643.1_mrna_XM_026441482.1_12896	4789	4590	625.945	7.46463
lcl|NC_037643.1_mrna_XM_026441483.1_12897	4700	4501	180.055	2.18969
lcl|NC_037643.1_mrna_XM_003251614.4_12898	2054	1855	50.362	1.48609
lcl|NC_037643.1_mrna_XM_016912928.2_12899	1833	1634	5.63801	0.188868
lcl|NC_037643.1_mrna_XM_001120416.4_12900	3397	3198	1455	24.904
lcl|NC_037643.1_mrna_XM_003251628.3_12901	2108	1909	2150.81	61.671
lcl|NC_037643.1_mrna_XM_006570891.1_12902	2128	1929	750.805	21.3049
lcl|NC_037643.1_mrna_XM_003251627.3_12903	2011	1812	4110.39	124.168
lcl|NC_037643.1_mrna_XM_396918.7_12904	4739	4540	6971.98	84.0593
lcl|NC_037643.1_mrna_XM_006570889.3_12905	4422	4223	84.0162	1.089
lcl|NC_037643.1_ncrna_XR_411979.3_12906	972	773	8.1968	0.580431
lcl|NC_037643.1_mrna_XM_016912597.2_12907	6736	6537	12.0616	0.100997
lcl|NC_037643.1_mrna_XM_026441464.1_12908	4981	4782	0.000795093	9.1011e-06
lcl|NC_037643.1_mrna_XM_026441463.1_12909	5141	4942	0	0
lcl|NC_037643.1_mrna_XM_016912596.2_12910	5111	4912	88.5425	0.986685
lcl|NC_037643.1_mrna_XM_006570882.3_12911	5067	4868	165.337	1.85911
lcl|NC_037643.1_mrna_XM_006570881.3_12912	5104	4905	346.861	3.87081
lcl|NC_037643.1_mrna_XM_016912598.2_12913	5146	4947	0	0
lcl|NC_037643.1_ncrna_XR_003304958.1_12914	1501	1302	0	0
lcl|NC_037643.1_ncrna_XR_003304959.1_12915	1294	1095	0	0
lcl|NC_037643.1_ncrna_XR_003304960.1_12916	1263	1064	13.4098	0.689869
lcl|NC_037643.1_mrna_XM_006570884.3_12917	4450	4251	943.159	12.1445
lcl|NC_037643.1_mrna_XM_006570883.3_12918	4193	3994	835.886	11.4558
lcl|NC_037643.1_mrna_XM_016912600.2_12919	4006	3807	0.237198	0.00341047
lcl|NC_037643.1_mrna_XM_016912599.2_12920	4005	3806	0.330443	0.0047524
lcl|NC_037643.1_mrna_XM_016912601.2_12921	4087	3888	97.8559	1.37767
lcl|NC_037643.1_mrna_XM_396916.7_12922	3539	3340	151.607	2.48461
lcl|NC_037643.1_mrna_XM_006570885.3_12923	2837	2638	109.308	2.2681
lcl|NC_037643.1_ncrna_XR_003304793.1_12924	445	246	4	0.890041
lcl|NC_037643.1_mrna_XM_006570886.3_12925	1255	1056	1	0.0518348
lcl|NC_037643.1_ncrna_XR_003304794.1_12926	2590	2391	2.36593	0.0541635
lcl|NC_037643.1_mrna_XM_001121323.5_12927	3861	3662	273.647	4.09032
lcl|NC_037643.1_ncrna_XR_003304854.1_12928	948	749	23.4199	1.71154
lcl|NC_037643.1_ncrna_XR_003304855.1_12929	943	744	3.84145	0.282623
lcl|NC_037643.1_ncrna_XR_001703490.2_12930	937	738	33.7387	2.5024
lcl|NC_037643.1_ncrna_XR_001703489.2_12931	940	741	0	0
lcl|NC_037643.1_miscrna_XR_003304857.1_12932	2219	2020	0	0
lcl|NC_037643.1_miscrna_XR_003304856.1_12933	2285	2086	120.274	3.15604
lcl|NC_037643.1_miscrna_XR_411982.3_12934	2241	2042	410.839	11.0129
lcl|NC_037643.1_mrna_XM_026441280.1_12935	1890	1691	684.416	22.1545
lcl|NC_037643.1_mrna_XM_026441278.1_12936	1722	1523	3234.73	116.258
lcl|NC_037643.1_mrna_XM_016912773.2_12937	1735	1536	9466.8	337.363
lcl|NC_037643.1_mrna_XM_016912774.2_12938	1173	974	6551.94	368.21
lcl|NC_037643.1_ncrna_XR_003304858.1_12939	1729	1530	33	1.18061
lcl|NC_037643.1_mrna_XM_003251623.4_12940	3307	3108	15452	272.138
lcl|NC_037643.1_ncrna_XR_001703546.2_12941	298	99	14	7.74066
lcl|NC_037643.1_trna_12942	73	3.5471	0	0
lcl|NC_037643.1_mrna_XM_006570878.3_12943	1333	1134	108.424	5.23358
lcl|NC_037643.1_mrna_XM_026441557.1_12944	1344	1145	35.8734	1.71495
lcl|NC_037643.1_mrna_XM_001122474.5_12945	1060	861	144.702	9.19936
lcl|NC_037643.1_mrna_XM_026441554.1_12946	3095	2896	97.5308	1.84344
lcl|NC_037643.1_mrna_XM_026441552.1_12947	3135	2936	457.283	8.52538
lcl|NC_037643.1_mrna_XM_026441553.1_12948	3201	3002	329.21	6.00271
lcl|NC_037643.1_mrna_XM_026441555.1_12949	3108	2909	1.1145e-08	2.09711e-10
lcl|NC_037643.1_mrna_XM_026441556.1_12950	3038	2839	76.8621	1.48195
lcl|NC_037643.1_mrna_XM_026441551.1_12951	3220	3021	0.114695	0.00207817
lcl|NC_037643.1_mrna_XM_016912825.2_12952	7140	6941	656.934	5.18066
lcl|NC_037643.1_mrna_XM_016912827.2_12953	6890	6691	0.00074062	6.05885e-06
lcl|NC_037643.1_mrna_XM_016912826.2_12954	6905	6706	4.86635e-06	3.97214e-08
lcl|NC_037643.1_mrna_XM_006570876.2_12955	6887	6688	1440.06	11.7861
lcl|NC_037643.1_mrna_XM_624648.6_12956	604	405	10299	1391.96
lcl|NC_037643.1_mrna_XM_026441349.1_12957	1192	993	32	1.76395
lcl|NC_037643.1_mrna_XM_006570875.3_12958	3365	3166	1005	17.3756
lcl|NC_037643.1_mrna_XM_026441354.1_12959	1113	914	725.314	43.4376
lcl|NC_037643.1_mrna_XM_026441353.1_12960	1183	984	168.686	9.38358
lcl|NC_037643.1_mrna_XM_026441314.1_12961	3670	3471	10.9066	0.171997
lcl|NC_037643.1_mrna_XM_016912836.1_12962	1128	929	1169.09	68.8841
lcl|NC_037643.1_mrna_XM_624202.5_12963	1036	837	230	15.0414
lcl|NC_037643.1_ncrna_XR_003304802.1_12964	494	295	6	1.11331
lcl|NC_037643.1_mrna_XM_006570870.3_12965	1346	1147	4110.75	196.175
lcl|NC_037643.1_mrna_NM_001170974.1_12966	1453	1254	11941.5	521.251
lcl|NC_037643.1_mrna_XM_016912487.2_12967	1628	1429	36.7418	1.40739
lcl|NC_037643.1_mrna_XM_397220.7_12968	1064	865	299	18.9208
lcl|NC_037643.1_mrna_XM_397221.7_12969	3834	3635	111.64	1.68113
lcl|NC_037643.1_mrna_XM_006570873.3_12970	3810	3611	1.35964	0.0206102
lcl|NC_037643.1_mrna_XM_026441215.1_12971	5388	5189	826.816	8.72189
lcl|NC_037643.1_mrna_XM_026441214.1_12972	5529	5330	83.6267	0.858821
lcl|NC_037643.1_mrna_XM_026441213.1_12973	5389	5190	0.00139143	1.4675e-05
lcl|NC_037643.1_mrna_XM_026441217.1_12974	1713	1514	5086	183.881
lcl|NC_037643.1_mrna_XM_026441216.1_12975	2631	2432	48	1.08035
lcl|NC_037643.1_precursorrna_NR_127360.1_12976	81	3.73072	0	0
lcl|NC_037643.1_ncrna_12977	23	2.74792	0	0
lcl|NC_037643.1_mrna_XM_016912840.2_12978	982	783	36.5906	2.55795
lcl|NC_037643.1_mrna_XM_001123015.5_12979	974	775	333.409	23.5484
lcl|NC_037643.1_mrna_XM_001123019.5_12980	1809	1610	708	24.0709
lcl|NC_037643.1_mrna_XM_016912679.2_12981	4785	4586	2048.09	24.4456
lcl|NC_037643.1_mrna_XM_393619.6_12982	4211	4012	59.9052	0.817314
lcl|NC_037643.1_mrna_XM_026441224.1_12983	4661	4462	722.004	8.85717
lcl|NC_037643.1_mrna_XM_026441219.1_12984	4560	4361	1.77241e-06	2.22466e-08
lcl|NC_037643.1_mrna_XM_026441218.1_12985	4666	4467	0.343372	0.00420759
lcl|NC_037643.1_mrna_XM_026441222.1_12986	5332	5133	2999.92	31.9907
lcl|NC_037643.1_mrna_XM_026441223.1_12987	5098	4899	112.894	1.26139
lcl|NC_037643.1_mrna_XM_026441221.1_12988	5100	4901	234.241	2.61615
lcl|NC_037643.1_mrna_XM_026441233.1_12989	6022	5823	545.513	5.12795
lcl|NC_037643.1_mrna_XM_026441220.1_12990	5640	5441	2892.64	29.1006
lcl|NC_037643.1_mrna_XM_026441225.1_12991	6030	5831	3.47409	0.0326125
lcl|NC_037643.1_mrna_XM_026441226.1_12992	4430	4231	2716.25	35.1409
lcl|NC_037643.1_mrna_XM_026441230.1_12993	4505	4306	0.728373	0.00925902
lcl|NC_037643.1_mrna_XM_026441229.1_12994	4431	4232	2015.8	26.0727
lcl|NC_037643.1_mrna_XM_026441232.1_12995	4523	4324	0.00803771	0.000101749
lcl|NC_037643.1_mrna_XM_026441231.1_12996	4770	4571	170.413	2.04069
lcl|NC_037643.1_mrna_XM_026441228.1_12997	4554	4355	102.655	1.29026
lcl|NC_037643.1_mrna_XM_026441227.1_12998	4762	4563	937.111	11.2415
lcl|NC_037643.1_ncrna_XR_003304831.1_12999	1634	1435	16	0.610314
lcl|NC_037643.1_mrna_XM_392873.7_13000	2306	2107	141	3.66302
lcl|NC_037643.1_mrna_XM_026441317.1_13001	1319	1120	2	0.0977456
lcl|NC_037643.1_ncrna_XR_120620.4_13002	694	495	0	0
lcl|NC_037643.1_mrna_XM_001121751.5_13003	2193	1994	14	0.384316
lcl|NC_037643.1_mrna_XM_006570993.3_13004	4084	3885	173	2.43748
lcl|NC_037643.1_mrna_XM_016912833.2_13005	923	724	729.999	55.1911
lcl|NC_037643.1_mrna_XM_006570992.3_13006	930	731	0.000613126	4.59111e-05
lcl|NC_037643.1_mrna_XM_006570990.3_13007	2867	2668	3087.37	63.3415
lcl|NC_037643.1_mrna_XM_016912832.2_13008	2767	2568	228.63	4.8733
lcl|NC_037643.1_mrna_XM_006570988.3_13009	1394	1195	183	8.3824
lcl|NC_037643.1_ncrna_XR_003304944.1_13010	1542	1343	0	0
lcl|NC_037643.1_ncrna_XR_001703607.2_13011	1181	982	2	0.111482
lcl|NC_037643.1_ncrna_XR_001703593.2_13012	2135	1936	0	0
lcl|NC_037643.1_ncrna_XR_003304913.1_13013	978	779	3	0.210799
lcl|NC_037643.1_ncrna_XR_003304912.1_13014	1508	1309	0	0
lcl|NC_037643.1_ncrna_XR_003304837.1_13015	666	467	4	0.468844
lcl|NC_037643.1_ncrna_XR_003304836.1_13016	2874	2675	7	0.143238
lcl|NC_037643.1_ncrna_XR_412100.3_13017	1500	1301	10.8684	0.457271
lcl|NC_037643.1_ncrna_XR_003304835.1_13018	314	115	0	0
lcl|NC_037643.1_ncrna_XR_001703548.2_13019	1191	992	17.1316	0.945304
lcl|NC_037643.1_mrna_XM_001121896.5_13020	3566	3367	847	13.7697
lcl|NC_037643.1_mrna_XM_394614.7_13021	2015	1816	179.327	5.40523
lcl|NC_037643.1_mrna_XM_026441490.1_13022	1451	1252	102.904	4.49898
lcl|NC_037643.1_mrna_XM_026441489.1_13023	1159	960	244.769	13.9563
lcl|NC_037643.1_mrna_XM_006570986.3_13024	1404	1205	0	0
lcl|NC_037643.1_mrna_XM_026441486.1_13025	3213	3014	5960.51	108.249
lcl|NC_037643.1_mrna_XM_026441488.1_13026	3119	2920	1584.17	29.6964
lcl|NC_037643.1_mrna_XM_026441567.1_13027	5466	5267	339.513	3.52841
lcl|NC_037643.1_mrna_XM_026441569.1_13028	5505	5306	95.3448	0.983592
lcl|NC_037643.1_mrna_XM_026441564.1_13029	5520	5321	3.95877e-06	4.07242e-08
lcl|NC_037643.1_mrna_XM_026441566.1_13030	5505	5306	47.7793	0.492899
lcl|NC_037643.1_mrna_XM_026441565.1_13031	5517	5318	0.000115512	1.18895e-06
lcl|NC_037643.1_mrna_XM_026441563.1_13032	5532	5333	0	0
lcl|NC_037643.1_mrna_XM_016912734.2_13033	5531	5332	0	0
lcl|NC_037643.1_mrna_XM_026441568.1_13034	6044	5845	0	0
lcl|NC_037643.1_mrna_XM_016912735.2_13035	5930	5731	0	0
lcl|NC_037643.1_mrna_XM_016912733.2_13036	5977	5778	101.603	0.962529
lcl|NC_037643.1_mrna_XM_016912736.2_13037	5408	5209	0	0
lcl|NC_037643.1_trna_13038	84	3.8053	0	0
lcl|NC_037643.1_mrna_XM_026441412.1_13039	4182	3983	0	0
lcl|NC_037643.1_ncrna_XR_412079.3_13040	665	466	0	0
lcl|NC_037643.1_mrna_XM_003251631.4_13041	1746	1547	0	0
lcl|NC_037643.1_ncrna_XR_003304840.1_13042	622	423	0	0
lcl|NC_037643.1_trna_13043	74	3.56892	0	0
lcl|NC_037643.1_trna_13044	74	3.56892	0	0
lcl|NC_037643.1_mrna_XM_001122083.5_13045	2189	1990	652	17.9341
lcl|NC_037643.1_mrna_XM_026441171.1_13046	2041	1842	141.317	4.19944
lcl|NC_037643.1_mrna_XM_026441172.1_13047	1663	1464	109.683	4.10092
lcl|NC_037643.1_mrna_XM_016912830.2_13048	2770	2571	0	0
lcl|NC_037643.1_mrna_XM_026441170.1_13049	2790	2591	0	0
lcl|NC_037643.1_mrna_XM_016912829.2_13050	2803	2604	20.3232	0.427205
lcl|NC_037643.1_mrna_XM_016912828.2_13051	2839	2640	0	0
lcl|NC_037643.1_mrna_XM_006570972.3_13052	2351	2152	995.677	25.3257
lcl|NC_037643.1_mrna_XM_624049.6_13053	767	568	1542	148.601
lcl|NC_037643.1_mrna_XM_016912887.2_13054	1094	895	51.2239	3.13282
lcl|NC_037643.1_mrna_XM_392398.7_13055	977	778	170.776	12.0152
lcl|NC_037643.1_mrna_XM_001122195.5_13056	995	796	1791	123.159
lcl|NC_037643.1_mrna_XM_001122213.5_13057	1022	823	7126	473.949
lcl|NC_037644.1_mrna_XM_006557300.3_13058	2057	1858	27.0359	0.796489
lcl|NC_037644.1_mrna_XM_625031.6_13059	1461	1262	1005.96	43.6323
lcl|NC_037644.1_mrna_XM_397160.6_13060	3278	3079	1094	19.4488
lcl|NC_037644.1_mrna_XM_026442000.1_13061	821	622	0	0
lcl|NC_037644.1_mrna_XM_026441860.1_13062	1273	1074	126	6.42172
lcl|NC_037644.1_mrna_XM_006557302.3_13063	1319	1120	0	0
lcl|NC_037644.1_mrna_XM_006557304.3_13064	1634	1435	0	0
lcl|NC_037644.1_mrna_XM_006557306.3_13065	1618	1419	811.501	31.3034
lcl|NC_037644.1_mrna_XM_006557303.3_13066	2033	1834	0	0
lcl|NC_037644.1_mrna_XM_006557305.3_13067	2017	1818	0	0
lcl|NC_037644.1_mrna_XM_026441859.1_13068	5046	4847	4535.79	51.223
lcl|NC_037644.1_mrna_XM_026441858.1_13069	995	796	733.447	50.436
lcl|NC_037644.1_mrna_XM_026441856.1_13070	1410	1211	0	0
lcl|NC_037644.1_mrna_XM_026441857.1_13071	1395	1196	0	0
lcl|NC_037644.1_mrna_XM_016913077.2_13072	4887	4688	0	0
lcl|NC_037644.1_mrna_XM_006557310.3_13073	4705	4506	84.7623	1.02967
lcl|NC_037644.1_mrna_XM_016913078.2_13074	4711	4512	0	0
lcl|NC_037644.1_mrna_XM_016913079.2_13075	4365	4166	0.00331306	4.35306e-05
lcl|NC_037644.1_mrna_XM_026441596.1_13076	4633	4434	155.65	1.9215
lcl|NC_037644.1_mrna_XM_026441595.1_13077	4696	4497	0	0
lcl|NC_037644.1_mrna_XM_006557311.3_13078	4695	4496	0	0
lcl|NC_037644.1_mrna_XM_006557312.3_13079	4351	4152	971.584	12.8088
lcl|NC_037644.1_mrna_XM_016913089.2_13080	1758	1559	173	6.07415
lcl|NC_037644.1_mrna_XM_006557318.3_13081	4216	4017	59.281	0.80779
lcl|NC_037644.1_mrna_XM_006557319.3_13082	4204	4005	0	0
lcl|NC_037644.1_mrna_XM_016913084.2_13083	3944	3745	0	0
lcl|NC_037644.1_mrna_XM_016913086.2_13084	3928	3729	20.4981	0.300889
lcl|NC_037644.1_mrna_XM_016913085.2_13085	3663	3464	0	0
lcl|NC_037644.1_mrna_XM_016913087.2_13086	4150	3951	96.7589	1.34051
lcl|NC_037644.1_mrna_XM_016913088.2_13087	3642	3443	47.5268	0.755592
lcl|NC_037644.1_mrna_XM_006557316.3_13088	2314	2115	1295.94	33.5396
lcl|NC_037644.1_mrna_XM_624974.6_13089	1315	1116	32232	1580.91
lcl|NC_037644.1_mrna_XM_624961.5_13090	1002	803	567	38.6503
lcl|NC_037644.1_mrna_XM_016913080.2_13091	3051	2852	0	0
lcl|NC_037644.1_mrna_XM_395281.6_13092	3092	2893	45.6911	0.864507
lcl|NC_037644.1_mrna_XM_006557322.3_13093	3313	3114	358.309	6.29831
lcl|NC_037644.1_mrna_XM_026441597.1_13094	2999	2800	0	0
lcl|NC_037644.1_mrna_XM_395153.7_13095	2952	2753	2492	49.5481
lcl|NC_037644.1_ncrna_XR_003304977.1_13096	2928	2729	0	0
lcl|NC_037644.1_ncrna_XR_003304976.1_13097	2882	2683	58.4813	1.19311
lcl|NC_037644.1_mrna_XM_003249098.4_13098	2073	1874	455.519	13.3052
lcl|NC_037644.1_mrna_XM_006557637.3_13099	2335	2136	264.621	6.78122
lcl|NC_037644.1_mrna_XM_392682.7_13100	2337	2138	96.2652	2.4646
lcl|NC_037644.1_mrna_XM_006557639.3_13101	2318	2119	68.2792	1.76377
lcl|NC_037644.1_mrna_XM_006557638.3_13102	2320	2121	1268.28	32.7311
lcl|NC_037644.1_mrna_XM_006557634.2_13103	2421	2222	131.219	3.2325
lcl|NC_037644.1_mrna_XM_006557635.3_13104	1978	1779	0	0
lcl|NC_037644.1_mrna_XM_006557640.3_13105	2020	1821	0	0
lcl|NC_037644.1_mrna_XM_006557641.3_13106	2003	1804	243.334	7.3833
lcl|NC_037644.1_mrna_XM_395151.7_13107	1673	1474	1012	37.581
lcl|NC_037644.1_mrna_XM_016913160.2_13108	4232	4033	671.216	9.11001
lcl|NC_037644.1_mrna_XM_026441939.1_13109	2311	2112	60.2364	1.56117
lcl|NC_037644.1_mrna_XM_006557633.3_13110	3421	3222	535.963	9.1053
lcl|NC_037644.1_mrna_XM_026441941.1_13111	1817	1618	450.585	15.2435
lcl|NC_037644.1_mrna_XM_026441940.1_13112	1859	1660	0	0
lcl|NC_037644.1_mrna_XM_006557630.3_13113	6077	5878	560.297	5.21764
lcl|NC_037644.1_mrna_XM_397140.7_13114	5970	5771	687.062	6.51674
lcl|NC_037644.1_mrna_XM_397139.5_13115	3948	3749	3	0.0438017
lcl|NC_037644.1_mrna_XM_006557675.3_13116	2796	2597	7.95902	0.167754
lcl|NC_037644.1_mrna_XM_006557674.3_13117	3650	3451	4.04098	0.0640955
lcl|NC_037644.1_mrna_XM_006557673.3_13118	9046	8847	1083	6.70066
lcl|NC_037644.1_miscrna_XR_001703654.2_13119	3183	2984	2.64421	0.0485046
lcl|NC_037644.1_mrna_XM_006557672.3_13120	2417	2218	18.3558	0.452998
lcl|NC_037644.1_mrna_XM_001122422.5_13121	4182	3983	12.7252	0.17488
lcl|NC_037644.1_mrna_XM_006557671.3_13122	3869	3670	19.2748	0.28748
lcl|NC_037644.1_mrna_XM_396642.7_13123	1200	1001	214	11.7021
lcl|NC_037644.1_mrna_XM_006557669.3_13124	2812	2613	41.9993	0.879807
lcl|NC_037644.1_mrna_XM_026441714.1_13125	2845	2646	2033.19	42.0604
lcl|NC_037644.1_mrna_XM_001122377.5_13126	3055	2856	1183.81	22.6887
lcl|NC_037644.1_mrna_XM_006557667.3_13127	2724	2525	0	0
lcl|NC_037644.1_mrna_XM_006557668.3_13128	2535	2336	0	0
lcl|NC_037644.1_mrna_XM_006557665.3_13129	2681	2482	0	0
lcl|NC_037644.1_mrna_XM_003249104.4_13130	2633	2434	9	0.202398
lcl|NC_037644.1_mrna_XM_006558072.3_13131	2375	2176	0	0
lcl|NC_037644.1_ncrna_XR_001703731.1_13132	2319	2120	2	0.0516392
lcl|NC_037644.1_mrna_XM_016913140.2_13133	5109	4910	6.99556	0.0779877
lcl|NC_037644.1_mrna_XM_006558068.3_13134	5151	4952	0.000150142	1.65961e-06
lcl|NC_037644.1_mrna_XM_026441960.1_13135	4300	4101	1164.48	15.5427
lcl|NC_037644.1_mrna_XM_003249170.4_13136	4950	4751	108.335	1.24816
lcl|NC_037644.1_mrna_XM_396348.7_13137	4793	4594	26.5959	0.31689
lcl|NC_037644.1_mrna_XM_006558067.3_13138	4850	4651	0	0
lcl|NC_037644.1_mrna_XM_003249169.4_13139	4875	4676	261.721	3.06372
lcl|NC_037644.1_mrna_XM_026441959.1_13140	4359	4160	598.892	7.88026
lcl|NC_037644.1_mrna_XM_006558069.3_13141	4365	4166	97.1446	1.27639
lcl|NC_037644.1_mrna_XM_006558074.3_13142	1998	1799	19.9372	0.606623
lcl|NC_037644.1_mrna_XM_006558073.3_13143	2152	1953	101.877	2.85534
lcl|NC_037644.1_mrna_XM_001122483.5_13144	2235	2036	83.0628	2.23313
lcl|NC_037644.1_mrna_XM_026441667.1_13145	1321	1122	137.524	6.70921
lcl|NC_037644.1_mrna_XM_395721.7_13146	1332	1133	41.4758	2.00378
lcl|NC_037644.1_mrna_XM_026441668.1_13147	1442	1243	0	0
lcl|NC_037644.1_mrna_XM_016913095.2_13148	1334	1135	0	0
lcl|NC_037644.1_mrna_XM_016913092.2_13149	4160	3961	168.058	2.32242
lcl|NC_037644.1_mrna_XM_016913091.2_13150	4342	4143	1205.94	15.933
lcl|NC_037644.1_mrna_XM_625176.6_13151	2403	2204	2089.38	51.8908
lcl|NC_037644.1_mrna_XM_016913090.2_13152	2009	1810	15.6229	0.472464
lcl|NC_037644.1_mrna_XM_003249176.4_13153	2194	1995	603	16.5447
lcl|NC_037644.1_mrna_XM_016912946.2_13154	1238	1039	11	0.579512
lcl|NC_037644.1_mrna_XM_624004.6_13155	2316	2117	1325	34.2594
lcl|NC_037644.1_mrna_XM_003249173.4_13156	2062	1863	1723	50.6241
lcl|NC_037644.1_mrna_XM_393500.7_13157	1768	1569	132.592	4.62571
lcl|NC_037644.1_mrna_XM_003249174.4_13158	1626	1427	145.427	5.57836
lcl|NC_037644.1_mrna_XM_006558080.3_13159	1376	1177	0	0
lcl|NC_037644.1_mrna_XM_623962.6_13160	1631	1432	3523	134.665
lcl|NC_037644.1_mrna_XM_016912945.2_13161	2117	1918	240	6.84933
lcl|NC_037644.1_ncrna_XR_407726.3_13162	438	239	19	4.35152
lcl|NC_037644.1_mrna_XM_026441874.1_13163	5156	4957	2714.96	29.9799
lcl|NC_037644.1_mrna_XM_026441872.1_13164	5168	4969	12760.9	140.572
lcl|NC_037644.1_mrna_XM_026441869.1_13165	5436	5237	1255.47	13.1223
lcl|NC_037644.1_mrna_XM_026441871.1_13166	5073	4874	213.902	2.40223
lcl|NC_037644.1_mrna_XM_026441873.1_13167	5221	5022	571.139	6.22516
lcl|NC_037644.1_mrna_XM_026441870.1_13168	5684	5485	3481.16	34.7402
lcl|NC_037644.1_mrna_XM_026441868.1_13169	5695	5496	17645.5	175.741
lcl|NC_037644.1_mrna_XM_006558093.3_13170	2342	2143	7.78733	0.198908
lcl|NC_037644.1_mrna_XM_006558092.3_13171	2151	1952	0	0
lcl|NC_037644.1_mrna_XM_006558090.3_13172	2370	2171	15.5627	0.392384
lcl|NC_037644.1_mrna_XM_016913071.2_13173	2091	1892	64.6499	1.87039
lcl|NC_037644.1_mrna_XM_623794.6_13174	742	543	79	7.96366
lcl|NC_037644.1_mrna_XM_026441680.1_13175	2921	2722	0	0
lcl|NC_037644.1_mrna_XM_026441679.1_13176	3023	2824	216	4.18672
lcl|NC_037644.1_ncrna_XR_003304991.1_13177	783	584	0	0
lcl|NC_037644.1_mrna_XM_026441623.1_13178	7239	7040	53.7076	0.417588
lcl|NC_037644.1_mrna_XM_026441621.1_13179	7246	7047	15.3229	0.119021
lcl|NC_037644.1_mrna_XM_026441622.1_13180	7241	7042	37.5278	0.291704
lcl|NC_037644.1_ncrna_XR_003305020.1_13181	5020	4821	0	0
lcl|NC_037644.1_ncrna_XR_003305018.1_13182	5076	4877	1.32823e-06	1.49076e-08
lcl|NC_037644.1_ncrna_XR_407734.3_13183	5079	4880	6.11275e-07	6.85649e-09
lcl|NC_037644.1_ncrna_XR_003305019.1_13184	5011	4812	30	0.341256
lcl|NC_037644.1_mrna_XM_006558097.3_13185	3713	3514	782.259	12.1852
lcl|NC_037644.1_mrna_XM_396603.7_13186	3806	3607	0.403416	0.00612199
lcl|NC_037644.1_mrna_XM_006558098.3_13187	3744	3545	206.338	3.18602
lcl|NC_037644.1_mrna_XM_016913201.2_13188	1524	1325	80.7919	3.33762
lcl|NC_037644.1_mrna_XM_016913197.2_13189	1399	1200	44.2081	2.01654
lcl|NC_037644.1_mrna_XM_016913196.2_13190	1033	834	0	0
lcl|NC_037644.1_mrna_XM_016913199.2_13191	913	714	0	0
lcl|NC_037644.1_mrna_XM_016913200.2_13192	913	714	0	0
lcl|NC_037644.1_mrna_XM_016913195.2_13193	1049	850	0	0
lcl|NC_037644.1_ncrna_XR_408236.3_13194	306	107	0	0
lcl|NC_037644.1_mrna_XM_392799.7_13195	1233	1034	751	39.7562
lcl|NC_037644.1_mrna_XM_003249408.4_13196	1292	1093	153	7.66225
lcl|NC_037644.1_mrna_XM_003249407.4_13197	1844	1645	2221.43	73.9184
lcl|NC_037644.1_mrna_XM_006559176.3_13198	1871	1672	165.567	5.4203
lcl|NC_037644.1_mrna_XM_026441704.1_13199	2526	2327	37.3505	0.878588
lcl|NC_037644.1_mrna_XM_026441702.1_13200	2500	2301	0	0
lcl|NC_037644.1_mrna_XM_026441703.1_13201	2476	2277	213.65	5.13599
lcl|NC_037644.1_mrna_XM_392607.7_13202	2836	2637	491.357	10.1993
lcl|NC_037644.1_mrna_XM_016913111.2_13203	2489	2290	23.6152	0.56447
lcl|NC_037644.1_mrna_XM_006559168.3_13204	2193	1994	20.0282	0.549797
lcl|NC_037644.1_mrna_XM_016913110.2_13205	4089	3890	434.418	6.11285
lcl|NC_037644.1_mrna_XM_026441797.1_13206	3720	3521	605.582	9.41439
lcl|NC_037644.1_miscrna_XR_001703711.2_13207	3578	3379	0	0
lcl|NC_037644.1_mrna_XM_001120363.5_13208	501	302	411.03	74.4992
lcl|NC_037644.1_mrna_XM_026441800.1_13209	1133	934	58.9703	3.45598
lcl|NC_037644.1_mrna_XM_026441803.1_13210	2002	1803	2148.26	65.2194
lcl|NC_037644.1_mrna_XM_006559158.3_13211	4745	4546	252.668	3.04233
lcl|NC_037644.1_mrna_XM_623746.6_13212	4781	4582	848.332	10.1344
lcl|NC_037644.1_mrna_XM_006559161.3_13213	1411	1212	277.667	12.5403
lcl|NC_037644.1_mrna_XM_026441799.1_13214	1461	1262	31.3328	1.35902
lcl|NC_037644.1_mrna_XM_006559159.3_13215	1569	1370	0	0
lcl|NC_037644.1_mrna_XM_006559163.3_13216	1259	1060	0	0
lcl|NC_037644.1_mrna_XM_006559157.3_13217	7564	7365	295	2.19247
lcl|NC_037644.1_mrna_XM_006559156.2_13218	3057	2858	9541.4	182.741
lcl|NC_037644.1_mrna_XM_392925.6_13219	3060	2861	310.596	5.94241
lcl|NC_037644.1_mrna_XM_003249406.4_13220	2603	2404	186	4.2351
lcl|NC_037644.1_mrna_XM_006559179.3_13221	4494	4295	164	2.09009
lcl|NC_037644.1_mrna_NM_001242520.1_13222	1212	1013	1367	73.866
lcl|NC_037644.1_mrna_XM_397270.7_13223	2396	2197	1100	27.4061
lcl|NC_037644.1_mrna_XM_006559153.3_13224	2928	2729	120.456	2.41608
lcl|NC_037644.1_mrna_XM_001122959.5_13225	2625	2426	833.364	18.8031
lcl|NC_037644.1_mrna_XM_006559154.3_13226	854	655	41.3338	3.45422
lcl|NC_037644.1_mrna_XM_001122957.5_13227	958	759	12.6662	0.91346
lcl|NC_037644.1_mrna_XM_006559155.3_13228	1781	1582	488	16.8849
lcl|NC_037644.1_mrna_XM_026441842.1_13229	1726	1527	728	26.0962
lcl|NC_037644.1_miscrna_XR_003305051.1_13230	4400	4201	133.13	1.73463
lcl|NC_037644.1_mrna_XM_026441844.1_13231	6961	6762	6.29555e-07	5.09617e-09
lcl|NC_037644.1_mrna_XM_026441843.1_13232	6963	6764	0.000316954	2.56494e-06
lcl|NC_037644.1_mrna_XM_026441845.1_13233	6889	6690	1936	15.8403
lcl|NC_037644.1_mrna_XM_026441847.1_13234	14654	14455	1236.85	4.68364
lcl|NC_037644.1_mrna_XM_026441846.1_13235	15023	14824	7.88152e-08	2.91025e-10
lcl|NC_037644.1_mrna_XM_026441850.1_13236	15017	14818	1.31368e-07	4.85272e-10
lcl|NC_037644.1_mrna_XM_026441848.1_13237	14989	14790	5.60627e-08	2.07487e-10
lcl|NC_037644.1_mrna_XM_026441851.1_13238	14841	14642	0.118011	0.000441171
lcl|NC_037644.1_mrna_XM_026441854.1_13239	14835	14636	0.197952	0.000740326
lcl|NC_037644.1_mrna_XM_026441852.1_13240	14807	14608	119.869	0.44916
lcl|NC_037644.1_mrna_XM_026441853.1_13241	14801	14602	201.311	0.754641
lcl|NC_037644.1_mrna_XM_026441849.1_13242	14579	14380	995.656	3.78997
lcl|NC_037644.1_mrna_XM_026441855.1_13243	2124	1925	3902	110.954
lcl|NC_037644.1_mrna_XM_623651.6_13244	1079	880	277	17.2299
lcl|NC_037644.1_mrna_XM_623620.6_13245	2042	1843	1918	56.9651
lcl|NC_037644.1_mrna_XM_006559146.3_13246	4338	4139	167.832	2.21955
lcl|NC_037644.1_mrna_XM_006559147.3_13247	4271	4072	206.316	2.77339
lcl|NC_037644.1_mrna_XM_006559144.3_13248	4412	4213	815.953	10.6013
lcl|NC_037644.1_mrna_XM_006559145.3_13249	7676	7477	2076.44	15.2012
lcl|NC_037644.1_mrna_XM_006559148.3_13250	3940	3741	207.458	3.03548
lcl|NC_037644.1_ncrna_XR_001703653.2_13251	763	564	19	1.844
lcl|NC_037644.1_ncrna_XR_408233.2_13252	928	729	26	1.95223
lcl|NC_037644.1_mrna_XM_396855.6_13253	2419	2220	659	16.2487
lcl|NC_037644.1_mrna_XM_001120054.5_13254	1031	832	150	9.86855
lcl|NC_037644.1_mrna_XM_016913053.2_13255	4242	4043	4489.11	60.7773
lcl|NC_037644.1_mrna_XM_006558816.3_13256	2014	1815	560.406	16.901
lcl|NC_037644.1_mrna_XM_396692.7_13257	2011	1812	2.31259e-07	6.98596e-09
lcl|NC_037644.1_mrna_XM_016913054.2_13258	1900	1701	1829.95	58.8872
lcl|NC_037644.1_mrna_XM_016913055.2_13259	1897	1698	1392.5	44.8893
lcl|NC_037644.1_mrna_XM_016912947.2_13260	3603	3404	43.0322	0.691973
lcl|NC_037644.1_mrna_XM_026441717.1_13261	5265	5066	1441.81	15.5786
lcl|NC_037644.1_ncrna_XR_003305015.1_13262	5678	5479	112.612	1.12504
lcl|NC_037644.1_ncrna_XR_003305014.1_13263	5811	5612	4.83976e-06	4.72054e-08
lcl|NC_037644.1_ncrna_XR_003305013.1_13264	5920	5721	2.7557e-08	2.63661e-10
lcl|NC_037644.1_ncrna_XR_408063.3_13265	5581	5382	147.388	1.49901
lcl|NC_037644.1_ncrna_XR_001703702.2_13266	2668	2469	20	0.443398
lcl|NC_037644.1_miscrna_XR_003305011.1_13267	2432	2233	14.7118	0.360631
lcl|NC_037644.1_miscrna_XR_003305009.1_13268	1698	1499	0	0
lcl|NC_037644.1_miscrna_XR_003305008.1_13269	1704	1505	0	0
lcl|NC_037644.1_miscrna_XR_001703677.2_13270	1708	1509	0	0
lcl|NC_037644.1_miscrna_XR_003305012.1_13271	1891	1692	0	0
lcl|NC_037644.1_miscrna_XR_001703685.2_13272	1374	1175	0	0
lcl|NC_037644.1_miscrna_XR_001703689.2_13273	1258	1059	0	0
lcl|NC_037644.1_mrna_XM_026441722.1_13274	871	672	7.84863	0.639308
lcl|NC_037644.1_miscrna_XR_001703690.2_13275	1104	905	0	0
lcl|NC_037644.1_miscrna_XR_408065.3_13276	1023	824	1.48385	0.0985708
lcl|NC_037644.1_ncrna_XR_003305016.1_13277	1878	1679	13	0.423817
lcl|NC_037644.1_miscrna_XR_408058.3_13278	1251	1052	6.95567	0.361917
lcl|NC_037644.1_mrna_XM_026441719.1_13279	5233	5034	37.5201	0.407977
lcl|NC_037644.1_mrna_XM_026441718.1_13280	4997	4798	1038.64	11.8493
lcl|NC_037644.1_mrna_XM_026441720.1_13281	4942	4743	134.026	1.54676
lcl|NC_037644.1_miscrna_XR_003305007.1_13282	3069	2870	0	0
lcl|NC_037644.1_miscrna_XR_001703676.2_13283	4375	4176	142.914	1.87326
lcl|NC_037644.1_mrna_XM_006558808.3_13284	4388	4189	0	0
lcl|NC_037644.1_mrna_XM_006558815.3_13285	4210	4011	57.4244	0.783662
lcl|NC_037644.1_mrna_XM_006558813.3_13286	4264	4065	15.1229	0.203638
lcl|NC_037644.1_mrna_XM_006558814.3_13287	4249	4050	0.000285572	3.85964e-06
lcl|NC_037644.1_mrna_XM_006558811.3_13288	4303	4104	0.538913	0.00718781
lcl|NC_037644.1_mrna_XM_006558809.3_13289	4348	4149	0	0
lcl|NC_037644.1_mrna_XM_006558810.3_13290	4333	4134	0	0
lcl|NC_037644.1_miscrna_XR_408075.3_13291	4126	3927	0	0
lcl|NC_037644.1_mrna_XM_396778.6_13292	2689	2490	21	0.461642
lcl|NC_037644.1_mrna_XM_006558798.3_13293	13033	12834	11259.1	48.0205
lcl|NC_037644.1_mrna_XM_006558799.3_13294	12957	12758	26709.9	114.598
lcl|NC_037644.1_mrna_XM_016913109.2_13295	948	749	17.0227	1.24404
lcl|NC_037644.1_mrna_XM_006558803.3_13296	904	705	79.9773	6.20959
lcl|NC_037644.1_mrna_XM_006558793.3_13297	3419	3220	622.252	10.5778
lcl|NC_037644.1_mrna_XM_394708.7_13298	3921	3722	104.642	1.53892
lcl|NC_037644.1_mrna_XM_006558797.3_13299	3924	3725	1672.3	24.5739
lcl|NC_037644.1_mrna_XM_006558795.3_13300	4171	3972	0	0
lcl|NC_037644.1_mrna_XM_006558794.2_13301	4172	3973	0	0
lcl|NC_037644.1_mrna_XM_006558796.3_13302	4143	3944	98.802	1.37124
lcl|NC_037644.1_mrna_XM_026441586.1_13303	8173	7974	1649.28	11.3215
lcl|NC_037644.1_mrna_NM_001256034.1_13304	7969	7770	0	0
lcl|NC_037644.1_mrna_XM_026441927.1_13305	6685	6486	2258.88	19.0635
lcl|NC_037644.1_ncrna_XR_003305040.1_13306	1196	997	123.581	6.78488
lcl|NC_037644.1_ncrna_XR_003305039.1_13307	1342	1143	7.41882	0.355283
lcl|NC_037644.1_ncrna_XR_001703736.2_13308	2552	2353	1	0.0232629
lcl|NC_037644.1_mrna_XM_006558791.2_13309	6827	6628	4318.42	35.6638
lcl|NC_037644.1_mrna_XM_395056.6_13310	6839	6640	10150	83.6725
lcl|NC_037644.1_mrna_NM_001011640.1_13311	971	772	12426	881.048
lcl|NC_037644.1_mrna_XM_003249520.4_13312	2177	1978	242	6.69691
lcl|NC_037644.1_mrna_XM_001121052.5_13313	2265	2066	117	3.09985
lcl|NC_037644.1_mrna_XM_003249519.4_13314	1496	1297	6	0.253219
lcl|NC_037644.1_mrna_XM_016913158.2_13315	1914	1715	0	0
lcl|NC_037644.1_mrna_XM_003249518.4_13316	2061	1862	462	13.5815
lcl|NC_037644.1_mrna_XM_003249527.4_13317	975	776	8	0.564305
lcl|NC_037644.1_mrna_XM_006559812.3_13318	3771	3572	25.8278	0.395787
lcl|NC_037644.1_miscrna_XR_001703737.2_13319	4297	4098	44.192	0.590278
lcl|NC_037644.1_mrna_XM_016913155.2_13320	4870	4671	290.911	3.40907
lcl|NC_037644.1_miscrna_XR_408526.3_13321	4763	4564	37.0692	0.444583
lcl|NC_037644.1_mrna_XM_016913157.2_13322	3106	2907	1.13813e-05	2.14305e-07
lcl|NC_037644.1_mrna_XM_006559811.3_13323	3092	2893	877	16.5934
lcl|NC_037644.1_mrna_XM_016913266.2_13324	1666	1467	610.026	22.7616
lcl|NC_037644.1_mrna_XM_016913265.2_13325	1672	1473	0	0
lcl|NC_037644.1_mrna_XM_003249517.4_13326	1856	1657	1377.97	45.5202
lcl|NC_037644.1_mrna_XM_623799.6_13327	1078	879	4	0.24909
lcl|NC_037644.1_mrna_XM_006559806.3_13328	7172	6973	224.222	1.76013
lcl|NC_037644.1_ncrna_XR_003304982.1_13329	2024	1825	21.4536	0.643462
lcl|NC_037644.1_ncrna_XR_003304978.1_13330	463	264	0	0
lcl|NC_037644.1_ncrna_XR_003304981.1_13331	684	485	1.75297	0.197842
lcl|NC_037644.1_ncrna_XR_003304979.1_13332	688	489	4.22205	0.472607
lcl|NC_037644.1_ncrna_XR_003304980.1_13333	686	487	0	0
lcl|NC_037644.1_ncrna_XR_408525.3_13334	1635	1436	0	0
lcl|NC_037644.1_ncrna_XR_003304996.1_13335	569	370	24	3.55054
lcl|NC_037644.1_mrna_XM_006559803.3_13336	2165	1966	114.118	3.17727
lcl|NC_037644.1_mrna_XM_016913178.2_13337	2237	2038	452.882	12.1637
lcl|NC_037644.1_mrna_XM_624035.6_13338	596	397	5701	786.042
lcl|NC_037644.1_mrna_XM_006559805.3_13339	1452	1253	326	14.2414
lcl|NC_037644.1_mrna_XM_006559802.3_13340	1342	1143	0	0
lcl|NC_037644.1_mrna_XM_003249526.4_13341	1268	1069	2	0.102409
lcl|NC_037644.1_mrna_XM_006559801.3_13342	7120	6921	20	0.158178
lcl|NC_037644.1_mrna_XM_006559799.3_13343	7218	7019	3.93334e-07	3.06741e-09
lcl|NC_037644.1_mrna_XM_016913168.2_13344	5446	5247	0	0
lcl|NC_037644.1_mrna_XM_006559797.3_13345	2271	2072	0	0
lcl|NC_037644.1_mrna_XM_396828.7_13346	2227	2028	0	0
lcl|NC_037644.1_mrna_XM_006559796.3_13347	1607	1408	10.4979	0.408118
lcl|NC_037644.1_mrna_XM_006559798.3_13348	2849	2650	8.53462	0.176288
lcl|NC_037644.1_ncrna_XR_001703751.2_13349	3842	3643	36	0.540914
lcl|NC_037644.1_ncrna_XR_003304997.1_13350	635	436	8	1.00436
lcl|NC_037644.1_ncrna_XR_001703776.2_13351	646	447	0	0
lcl|NC_037644.1_mrna_XM_006559813.3_13352	2126	1927	781	22.1848
lcl|NC_037644.1_mrna_XM_393189.7_13353	1776	1577	720.357	25.0035
lcl|NC_037644.1_mrna_XM_006559814.3_13354	2005	1806	33.6431	1.01968
lcl|NC_037644.1_mrna_XM_026441734.1_13355	4670	4471	1634.32	20.0087
lcl|NC_037644.1_mrna_XM_006559815.3_13356	4794	4595	632.29	7.5321
lcl|NC_037644.1_mrna_XM_006559816.3_13357	4791	4592	1326.26	15.8093
lcl|NC_037644.1_mrna_XM_006559817.3_13358	4728	4529	1373.6	16.6014
lcl|NC_037644.1_mrna_XM_006559818.3_13359	4725	4526	2906.67	35.1533
lcl|NC_037644.1_mrna_XM_026441733.1_13360	4772	4573	689.857	8.25739
lcl|NC_037644.1_mrna_XM_006559821.3_13361	3458	3259	7393.07	124.173
lcl|NC_037644.1_mrna_XM_001121525.5_13362	6041	5842	880.991	8.25458
lcl|NC_037644.1_mrna_XM_392478.6_13363	1615	1416	5900	228.073
lcl|NC_037644.1_mrna_XM_394705.6_13364	1141	942	218	12.6675
lcl|NC_037644.1_mrna_XM_001121571.4_13365	605	406	0	0
lcl|NC_037644.1_mrna_XM_006559823.3_13366	2376	2177	1472	37.0113
lcl|NC_037644.1_mrna_XM_016912995.2_13367	2186	1987	0	0
lcl|NC_037644.1_mrna_XM_392477.7_13368	2368	2169	279.928	7.06435
lcl|NC_037644.1_mrna_XM_026441678.1_13369	2316	2117	0	0
lcl|NC_037644.1_mrna_XM_006559833.3_13370	2478	2279	95.8112	2.30122
lcl|NC_037644.1_mrna_XM_006559831.3_13371	2345	2146	828.134	21.123
lcl|NC_037644.1_mrna_XM_006559832.3_13372	2440	2241	41.8948	1.0233
lcl|NC_037644.1_mrna_XM_006559829.3_13373	3758	3559	39.3386	0.605028
lcl|NC_037644.1_mrna_XM_006559827.3_13374	3842	3643	106.274	1.5968
lcl|NC_037644.1_mrna_XM_006559828.3_13375	3754	3555	616.68	9.49524
lcl|NC_037644.1_mrna_XM_026441677.1_13376	3775	3576	195.209	2.98805
lcl|NC_037644.1_mrna_XM_394703.7_13377	3687	3488	183.876	2.88559
lcl|NC_037644.1_ncrna_XR_408537.3_13378	3925	3726	140.628	2.06593
lcl|NC_037644.1_ncrna_XR_408535.3_13379	4606	4407	43.4711	0.539936
lcl|NC_037644.1_ncrna_XR_001703632.2_13380	4587	4388	86.1742	1.07497
lcl|NC_037644.1_ncrna_XR_003304999.1_13381	4676	4477	5.82905e-06	7.12682e-08
lcl|NC_037644.1_ncrna_XR_408534.3_13382	4645	4446	52.7264	0.649149
lcl|NC_037644.1_mrna_XM_006559825.3_13383	2802	2603	41.1397	0.865112
lcl|NC_037644.1_mrna_XM_006559826.3_13384	2700	2501	872.482	19.0954
lcl|NC_037644.1_ncrna_XR_003305000.1_13385	2308	2109	15	0.389314
lcl|NC_037644.1_ncrna_XR_003305001.1_13386	893	694	1	0.0788725
lcl|NC_037644.1_mrna_XM_003249528.4_13387	1426	1227	427.873	19.0878
lcl|NC_037644.1_mrna_XM_006559835.3_13388	2809	2610	4.0949e-08	8.58791e-10
lcl|NC_037644.1_mrna_XM_016913250.2_13389	2893	2694	3.59049e-07	7.29528e-09
lcl|NC_037644.1_mrna_XM_006559836.3_13390	2789	2590	56.7431	1.19922
lcl|NC_037644.1_mrna_XM_397079.7_13391	2876	2677	61.5402	1.25833
lcl|NC_037644.1_mrna_XM_016913249.2_13392	2521	2322	118.126	2.78464
lcl|NC_037644.1_mrna_XM_016913248.2_13393	1364	1165	0.00532238	0.000250072
lcl|NC_037644.1_mrna_XM_396516.7_13394	1410	1211	51.5045	2.32802
lcl|NC_037644.1_mrna_XM_006559837.3_13395	1228	1029	229.081	12.1859
lcl|NC_037644.1_mrna_XM_026441591.1_13396	4746	4547	33.111	0.398595
lcl|NC_037644.1_mrna_XM_026441589.1_13397	5102	4903	0	0
lcl|NC_037644.1_mrna_XM_026441593.1_13398	5183	4984	0	0
lcl|NC_037644.1_mrna_XM_026441590.1_13399	5549	5350	179.401	1.83551
lcl|NC_037644.1_mrna_XM_026441588.1_13400	5710	5511	796.374	7.90992
lcl|NC_037644.1_mrna_XM_026441592.1_13401	5343	5144	0	0
lcl|NC_037644.1_mrna_XM_026441594.1_13402	3710	3511	586.114	9.13769
lcl|NC_037644.1_mrna_XM_026441946.1_13403	10058	9859	1105.61	6.13837
lcl|NC_037644.1_mrna_XM_026441945.1_13404	10072	9873	2332.08	12.9294
lcl|NC_037644.1_mrna_XM_006560130.3_13405	10074	9875	682.851	3.78507
lcl|NC_037644.1_mrna_XM_006560131.3_13406	10056	9857	10057.8	55.8527
lcl|NC_037644.1_precursorrna_NR_127351.1_13407	77	3.63627	0	0
lcl|NC_037644.1_ncrna_13408	23	2.74792	0	0
lcl|NC_037644.1_ncrna_XR_003305066.1_13409	3573	3374	4	0.0648934
lcl|NC_037644.1_ncrna_XR_003305067.1_13410	3149	2950	6	0.111331
lcl|NC_037644.1_ncrna_XR_003305080.1_13411	81	3.73072	0	0
lcl|NC_037644.1_mrna_XM_394701.7_13412	5889	5690	1242.59	11.9536
lcl|NC_037644.1_mrna_XM_006560134.3_13413	5510	5311	1146.94	11.8209
lcl|NC_037644.1_mrna_XM_006560135.3_13414	5497	5298	7.41038e-06	7.65621e-08
lcl|NC_037644.1_ncrna_XR_408619.3_13415	992	793	26	1.79467
lcl|NC_037644.1_ncrna_XR_003305065.1_13416	887	688	60	4.77362
lcl|NC_037644.1_mrna_XM_006560136.3_13417	4724	4525	156.144	1.88882
lcl|NC_037644.1_mrna_XM_016912973.2_13418	4068	3869	12123.6	171.521
lcl|NC_037644.1_mrna_XM_016912974.2_13419	3785	3586	161.658	2.46759
lcl|NC_037644.1_mrna_XM_026441951.1_13420	1500	1301	80.2064	3.37456
lcl|NC_037644.1_mrna_XM_026441952.1_13421	1668	1469	11.1229	0.414458
lcl|NC_037644.1_mrna_XM_026441950.1_13422	1796	1597	0	0
lcl|NC_037644.1_mrna_XM_026441953.1_13423	1647	1448	11.6708	0.44118
lcl|NC_037644.1_mrna_XM_026441947.1_13424	2843	2644	0	0
lcl|NC_037644.1_mrna_XM_006560139.3_13425	3823	3624	5139.78	77.6322
lcl|NC_037644.1_mrna_XM_026441949.1_13426	2136	1937	560.216	15.8311
lcl|NC_037644.1_mrna_XM_026441948.1_13427	1928	1729	687.352	21.7605
lcl|NC_037644.1_mrna_XM_016912978.2_13428	1846	1647	44	1.46233
lcl|NC_037644.1_mrna_XM_001122101.5_13429	9057	8858	2146.31	13.263
lcl|NC_037644.1_mrna_XM_016912972.2_13430	8027	7828	9.69135	0.067767
lcl|NC_037644.1_mrna_XM_016912976.2_13431	3110	2911	863.332	16.2338
lcl|NC_037644.1_mrna_XM_016912975.2_13432	3511	3312	148.668	2.45705
lcl|NC_037644.1_mrna_XM_016912977.2_13433	2991	2792	0	0
lcl|NC_037644.1_mrna_XM_624051.6_13434	1685	1486	314	11.5663
lcl|NC_037644.1_mrna_XM_396618.6_13435	3003	2804	1478.98	28.8715
lcl|NC_037644.1_mrna_XM_016912985.2_13436	1972	1773	0	0
lcl|NC_037644.1_mrna_XM_016912987.2_13437	1611	1412	14.0185	0.54344
lcl|NC_037644.1_mrna_XM_006560148.3_13438	1311	1112	0	0
lcl|NC_037644.1_mrna_XM_003249586.3_13439	516	317	0	0
lcl|NC_037644.1_mrna_XM_026441693.1_13440	2063	1864	10	0.293656
lcl|NC_037644.1_ncrna_XR_003305068.1_13441	896	697	74	5.81145
lcl|NC_037644.1_mrna_XM_393293.7_13442	1979	1780	49	1.50682
lcl|NC_037644.1_mrna_XM_006560150.3_13443	1261	1062	54	2.78326
lcl|NC_037644.1_mrna_XM_026441694.1_13444	930	731	0	0
lcl|NC_037644.1_mrna_XM_393294.7_13445	860	661	2113	174.978
lcl|NC_037644.1_ncrna_XR_003305024.1_13446	3387	3188	26	0.446417
lcl|NC_037644.1_mrna_XM_026441767.1_13447	5856	5657	41.006	0.396777
lcl|NC_037644.1_ncrna_XR_119924.4_13448	1787	1588	13	0.448103
lcl|NC_037644.1_precursorrna_NR_034313.1_13449	91	3.99311	0	0
lcl|NC_037644.1_ncrna_13450	21	2.72438	0	0
lcl|NC_037644.1_ncrna_XR_408639.3_13451	1285	1086	8	0.403223
lcl|NC_037644.1_mrna_XM_623856.6_13452	3632	3433	1214	19.3566
lcl|NC_037644.1_mrna_XM_006560155.3_13453	696	497	728	80.1789
lcl|NC_037644.1_mrna_XM_006560157.2_13454	877	678	2881.86	232.663
lcl|NC_037644.1_mrna_XM_006560156.2_13455	942	743	11035.8	813.018
lcl|NC_037644.1_mrna_XM_001120174.4_13456	1763	1564	868.347	30.3908
lcl|NC_037644.1_mrna_XM_016913242.2_13457	1596	1397	4841.03	189.682
lcl|NC_037644.1_mrna_XM_006560160.3_13458	1818	1619	189.06	6.39201
lcl|NC_037644.1_mrna_XM_006560162.3_13459	1658	1459	332.147	12.4612
lcl|NC_037644.1_mrna_XM_006560163.3_13460	1634	1435	69.6959	2.65853
lcl|NC_037644.1_mrna_XM_393261.7_13461	1716	1517	399.521	14.4158
lcl|NC_037644.1_mrna_XM_006560164.3_13462	1685	1486	444.041	16.3565
lcl|NC_037644.1_mrna_XM_396549.6_13463	2871	2672	787.501	16.1324
lcl|NC_037644.1_mrna_XM_006560833.3_13464	7015	6816	89.6869	0.720252
lcl|NC_037644.1_miscrna_XR_408888.3_13465	6939	6740	445.15	3.6152
lcl|NC_037644.1_miscrna_XR_408889.3_13466	6821	6622	1.52871e-07	1.26364e-09
lcl|NC_037644.1_ncrna_XR_003305063.1_13467	519	320	1	0.171055
lcl|NC_037644.1_ncrna_XR_003305062.1_13468	1798	1599	44	1.50622
lcl|NC_037644.1_ncrna_XR_001703719.2_13469	1934	1735	47.2146	1.48958
lcl|NC_037644.1_ncrna_XR_003305061.1_13470	1320	1121	19.224	0.938694
lcl|NC_037644.1_ncrna_XR_001703718.2_13471	1358	1159	4.56134	0.215424
lcl|NC_037644.1_miscrna_XR_001703714.2_13472	682	483	5.77682	0.654676
lcl|NC_037644.1_miscrna_XR_408880.3_13473	1170	971	0	0
lcl|NC_037644.1_mrna_XM_003249708.4_13474	731	532	17.2232	1.7721
lcl|NC_037644.1_ncrna_XR_001703721.2_13475	2114	1915	34	0.971841
lcl|NC_037644.1_precursorrna_NR_039450.1_13476	120	5.05223	0	0
lcl|NC_037644.1_ncrna_13477	23	2.74792	0	0
lcl|NC_037644.1_ncrna_13478	22	2.73612	0	0
lcl|NC_037644.1_ncrna_XR_001703725.2_13479	1340	1141	2	0.0959466
lcl|NC_037644.1_ncrna_XR_001703724.2_13480	409	210	6.16279	1.60636
lcl|NC_037644.1_mrna_XM_623081.5_13481	1976	1777	3828	117.915
lcl|NC_037644.1_mrna_XM_006560834.2_13482	2751	2552	373	8.00043
lcl|NC_037644.1_mrna_XM_625032.6_13483	2005	1806	1327.68	40.2403
lcl|NC_037644.1_mrna_XM_006560835.3_13484	1952	1753	526.318	16.4343
lcl|NC_037644.1_mrna_XM_003249707.4_13485	662	463	343	40.5507
lcl|NC_037644.1_mrna_XM_006560840.3_13486	6797	6598	5507.62	45.6916
lcl|NC_037644.1_mrna_XM_016912999.2_13487	6979	6780	707.649	5.71313
lcl|NC_037644.1_ncrna_XR_001703639.2_13488	1739	1540	9	0.319895
lcl|NC_037644.1_ncrna_XR_003305052.1_13489	2635	2436	127.316	2.86083
lcl|NC_037644.1_mrna_XM_392468.7_13490	1139	940	1304	75.9338
lcl|NC_037644.1_mrna_XM_394700.7_13491	1595	1396	31.9695	1.25353
lcl|NC_037644.1_mrna_XM_016913000.2_13492	1431	1232	0	0
lcl|NC_037644.1_mrna_XM_026441867.1_13493	1333	1134	8.72956e-05	4.21371e-06
lcl|NC_037644.1_mrna_XM_026441866.1_13494	1464	1265	34.0304	1.47252
lcl|NC_037644.1_mrna_XM_006560836.3_13495	1331	1132	40.9642	1.98081
lcl|NC_037644.1_mrna_XM_001120765.5_13496	1492	1293	45.9809	1.94654
lcl|NC_037644.1_mrna_XM_006560837.3_13497	1269	1070	35.0549	1.79329
lcl|NC_037644.1_mrna_XM_006560841.3_13498	11686	11487	379.811	1.80986
lcl|NC_037644.1_mrna_XM_006560842.3_13499	11565	11366	593.795	2.85966
lcl|NC_037644.1_mrna_XM_026441864.1_13500	11339	11140	80.4726	0.395411
lcl|NC_037644.1_mrna_XM_026441863.1_13501	11513	11314	1085.71	5.25272
lcl|NC_037644.1_mrna_XM_026441865.1_13502	11288	11089	38.2089	0.188607
lcl|NC_037644.1_ncrna_XR_408894.3_13503	1983	1784	0	0
lcl|NC_037644.1_ncrna_XR_408893.3_13504	1808	1609	0	0
lcl|NC_037644.1_ncrna_XR_408897.3_13505	1561	1362	0.00169961	6.83057e-05
lcl|NC_037644.1_ncrna_XR_408896.3_13506	2011	1812	3.9983	0.120782
lcl|NC_037644.1_mrna_XM_026441624.1_13507	5034	4835	108	1.22268
lcl|NC_037644.1_mrna_XM_006560847.3_13508	1150	951	859	49.4422
lcl|NC_037644.1_mrna_NM_001011576.1_13509	1195	996	319	17.5314
lcl|NC_037644.1_mrna_XM_026441578.1_13510	1099	900	0	0
lcl|NC_037644.1_mrna_XM_393404.7_13511	887	688	514	40.894
lcl|NC_037644.1_mrna_XM_006560848.3_13512	1328	1129	48	2.32719
lcl|NC_037644.1_mrna_XM_016913057.2_13513	1291	1092	0	0
lcl|NC_037644.1_precursorrna_NR_127333.1_13514	77	3.63627	0	0
lcl|NC_037644.1_ncrna_13515	21	2.72438	0	0
lcl|NC_037644.1_mrna_XM_026441696.1_13516	21553	21354	629.237	1.61295
lcl|NC_037644.1_mrna_NM_001011641.1_13517	970	771	268.393	19.0547
lcl|NC_037644.1_mrna_XM_006560830.3_13518	944	745	191.607	14.078
lcl|NC_037644.1_mrna_XM_016913259.2_13519	1583	1384	595	23.5324
lcl|NC_037644.1_mrna_XM_001120920.5_13520	693	494	151	16.7315
lcl|NC_037644.1_mrna_XM_006560849.3_13521	1017	818	2570	171.975
lcl|NC_037644.1_mrna_XM_026441746.1_13522	2527	2328	0.102454	0.00240897
lcl|NC_037644.1_mrna_XM_026441747.1_13523	2523	2324	0.897546	0.02114
lcl|NC_037644.1_ncrna_XR_001703792.2_13524	698	499	0	0
lcl|NC_037644.1_mrna_XM_026441648.1_13525	556	357	248	38.025
lcl|NC_037644.1_mrna_XM_001121132.5_13526	3028	2829	539	10.429
lcl|NC_037644.1_ncrna_XR_001703801.2_13527	826	627	18	1.57141
lcl|NC_037644.1_miscrna_XR_003305069.1_13528	9216	9017	5.85705	0.0355551
lcl|NC_037644.1_miscrna_XR_003305070.1_13529	8826	8627	0	0
lcl|NC_037644.1_mrna_XM_026441971.1_13530	10013	9814	86.6374	0.483219
lcl|NC_037644.1_mrna_XM_026441969.1_13531	9943	9744	0	0
lcl|NC_037644.1_mrna_XM_026441972.1_13532	10003	9804	94.9293	0.530008
lcl|NC_037644.1_mrna_XM_026441970.1_13533	10012	9813	1.51776e-05	8.46614e-08
lcl|NC_037644.1_mrna_XM_026441974.1_13534	9778	9579	0	0
lcl|NC_037644.1_mrna_XM_026441973.1_13535	9991	9792	0.000226652	1.26699e-06
lcl|NC_037644.1_mrna_XM_026441967.1_13536	10015	9816	1.03198e-05	5.75468e-08
lcl|NC_037644.1_mrna_XM_026441968.1_13537	10050	9851	0	0
lcl|NC_037644.1_mrna_XM_026441975.1_13538	9430	9231	28.0972	0.16661
lcl|NC_037644.1_mrna_XM_026441977.1_13539	9144	8945	145.583	0.890876
lcl|NC_037644.1_mrna_XM_026441976.1_13540	8524	8325	0	0
lcl|NC_037644.1_trna_13541	73	3.5471	0	0
lcl|NC_037644.1_trna_13542	73	3.5471	0	0
lcl|NC_037644.1_mrna_XM_006572129.3_13543	812	613	267.862	23.9186
lcl|NC_037644.1_mrna_XM_396097.7_13544	870	671	23.1379	1.8875
lcl|NC_037644.1_mrna_XM_026441581.1_13545	7066	6867	177.522	1.41504
lcl|NC_037644.1_mrna_XM_026441582.1_13546	6870	6671	554.476	4.54964
lcl|NC_037644.1_mrna_XM_026441580.1_13547	6953	6754	0.0016322	1.32281e-05
lcl|NC_037644.1_mrna_NM_001278331.1_13548	6994	6795	0.000155939	1.25618e-06
lcl|NC_037644.1_mrna_XM_396015.7_13549	1303	1104	390	19.3366
lcl|NC_037644.1_mrna_XM_026441603.1_13550	1823	1624	57.6164	1.94198
lcl|NC_037644.1_mrna_XM_026441605.1_13551	1741	1542	173.201	6.14826
lcl|NC_037644.1_mrna_XM_026441604.1_13552	2132	1933	133.182	3.77138
lcl|NC_037644.1_mrna_XM_006572151.3_13553	880	681	30	2.41135
lcl|NC_037644.1_mrna_XM_026441601.1_13554	4353	4154	129.813	1.71055
lcl|NC_037644.1_mrna_XM_026441600.1_13555	4289	4090	2340.19	31.3194
lcl|NC_037644.1_mrna_XM_026441602.1_13556	3463	3264	34.9926	0.586829
lcl|NC_037644.1_mrna_XM_026441606.1_13557	1385	1186	436	20.1227
lcl|NC_037644.1_mrna_XM_026441655.1_13558	4726	4527	165.223	1.99777
lcl|NC_037644.1_mrna_XM_006572159.3_13559	4484	4285	451.054	5.76187
lcl|NC_037644.1_mrna_XM_006572158.3_13560	4686	4487	93.3816	1.13918
lcl|NC_037644.1_mrna_XM_026441656.1_13561	4689	4490	2198.8	26.8055
lcl|NC_037644.1_mrna_XM_006572160.2_13562	3988	3789	49.1788	0.710459
lcl|NC_037644.1_mrna_XM_006572154.2_13563	4223	4024	0.00989114	0.000134547
lcl|NC_037644.1_mrna_XM_006572153.2_13564	4226	4027	300.357	4.08264
lcl|NC_037644.1_mrna_XM_026441758.1_13565	1775	1576	12.2654	0.426001
lcl|NC_037644.1_mrna_XM_026441757.1_13566	2209	2010	0	0
lcl|NC_037644.1_mrna_XM_026441760.1_13567	2197	1998	4.7346	0.12971
lcl|NC_037644.1_mrna_XM_026441756.1_13568	2203	2004	0	0
lcl|NC_037644.1_mrna_XM_026441759.1_13569	2521	2322	0	0
lcl|NC_037644.1_mrna_XM_624811.6_13570	867	668	9.77853	0.801277
lcl|NC_037644.1_mrna_XM_016917339.2_13571	865	666	430.221	35.3593
lcl|NC_037644.1_mrna_XM_016917333.2_13572	2042	1843	0.073864	0.00219378
lcl|NC_037644.1_mrna_XM_001122385.5_13573	2029	1830	559.926	16.7481
lcl|NC_037644.1_mrna_XM_026441576.1_13574	1613	1414	1019.3	39.4583
lcl|NC_037644.1_mrna_NM_001278333.1_13575	1753	1554	188.7	6.6467
lcl|NC_037644.1_mrna_XM_026441577.1_13576	1470	1271	0	0
lcl|NC_037644.1_mrna_NM_001278332.1_13577	505	306	282	50.4444
lcl|NC_037644.1_mrna_XM_006572005.2_13578	2238	2039	625.813	16.8001
lcl|NC_037644.1_mrna_XM_016917336.1_13579	2280	2081	1293.37	34.0203
lcl|NC_037644.1_mrna_XM_016917334.1_13580	2358	2159	573.813	14.548
lcl|NC_037644.1_mrna_XM_395851.7_13581	1805	1606	9708	330.879
lcl|NC_037644.1_mrna_XM_395852.7_13582	1781	1582	1894.35	65.5448
lcl|NC_037644.1_mrna_XM_016917337.2_13583	1796	1597	72.6546	2.49025
lcl|NC_037644.1_mrna_XM_392902.7_13584	1068	869	506.917	31.9303
lcl|NC_037644.1_mrna_XM_016917338.2_13585	1056	857	518.083	33.0905
lcl|NC_037644.1_mrna_XM_026441735.1_13586	2252	2053	0	0
lcl|NC_037644.1_mrna_XM_026441736.1_13587	2218	2019	466.91	12.6585
lcl|NC_037644.1_mrna_XM_026441737.1_13588	1431	1232	363.09	16.132
lcl|NC_037644.1_mrna_XM_026441697.1_13589	2042	1843	0	0
lcl|NC_037644.1_mrna_XM_001122105.5_13590	1887	1688	75.6153	2.45201
lcl|NC_037644.1_mrna_XM_016913257.2_13591	1749	1550	2.52261	0.0890849
lcl|NC_037644.1_mrna_XM_016913258.2_13592	1757	1558	210.862	7.40826
lcl|NC_037644.1_mrna_XM_623919.5_13593	1424	1225	176504	7886.85
lcl|NC_037644.1_mrna_XM_026441982.1_13594	2083	1884	77	2.23715
lcl|NC_037644.1_mrna_XM_006562491.3_13595	1353	1154	2	0.0948658
lcl|NC_037644.1_mrna_XM_393191.7_13596	1078	879	5271	328.238
lcl|NC_037644.1_miscrna_XR_003305077.1_13597	3811	3612	25.3082	0.383529
lcl|NC_037644.1_miscrna_XR_003305075.1_13598	3814	3615	520.144	7.87591
lcl|NC_037644.1_miscrna_XR_003305074.1_13599	3854	3655	290.893	4.35643
lcl|NC_037644.1_miscrna_XR_003305079.1_13600	3530	3331	652.55	10.7232
lcl|NC_037644.1_miscrna_XR_003305078.1_13601	3570	3371	29.876	0.485121
lcl|NC_037644.1_mrna_XM_026441988.1_13602	3442	3243	0	0
lcl|NC_037644.1_mrna_XM_026441986.1_13603	3482	3283	0	0
lcl|NC_037644.1_miscrna_XR_003305072.1_13604	4128	3929	71.6886	0.998742
lcl|NC_037644.1_miscrna_XR_003305071.1_13605	4131	3932	1137.74	15.8385
lcl|NC_037644.1_miscrna_XR_003305076.1_13606	3840	3641	8.00713e-05	1.20376e-06
lcl|NC_037644.1_miscrna_XR_003305073.1_13607	4149	3950	1409.35	19.5302
lcl|NC_037644.1_mrna_XM_026441983.1_13608	4243	4044	35.8883	0.485766
lcl|NC_037644.1_mrna_XM_026441989.1_13609	3799	3600	117.567	1.7876
lcl|NC_037644.1_mrna_XM_026441985.1_13610	3530	3331	0	0
lcl|NC_037644.1_mrna_XM_026441984.1_13611	3570	3371	0	0
lcl|NC_037644.1_mrna_XM_016913234.2_13612	955	756	2	0.144808
lcl|NC_037644.1_precursorrna_NR_127336.1_13613	79	3.6828	0	0
lcl|NC_037644.1_ncrna_13614	22	2.73612	0	0
lcl|NC_037644.1_mrna_XM_026441708.1_13615	1913	1714	113	3.60872
lcl|NC_037644.1_mrna_XM_006564147.3_13616	950	751	748	54.5189
lcl|NC_037644.1_mrna_XM_624531.6_13617	771	572	572	54.7375
lcl|NC_037644.1_mrna_XM_016913181.2_13618	2020	1821	581.451	17.4779
lcl|NC_037644.1_mrna_XM_016913180.1_13619	1432	1233	148.416	6.58874
lcl|NC_037644.1_mrna_XM_026442001.1_13620	2881	2682	439.133	8.96236
lcl|NC_037644.1_mrna_XM_016912991.2_13621	943	744	2	0.147144
lcl|NC_037644.1_mrna_XM_006564151.3_13622	1871	1672	6.16253	0.201748
lcl|NC_037644.1_mrna_XM_026442003.1_13623	1337	1138	124.837	6.00465
lcl|NC_037644.1_mrna_XM_003251842.4_13624	573	374	40961	5994.93
lcl|NC_037644.1_mrna_XM_397464.7_13625	1390	1191	502	23.0716
lcl|NC_037644.1_mrna_XM_006571996.3_13626	1274	1075	0.000369368	1.88077e-05
lcl|NC_037644.1_mrna_XM_006571993.3_13627	2028	1829	0	0
lcl|NC_037644.1_mrna_XM_006571992.3_13628	2857	2658	24.9419	0.513641
lcl|NC_037644.1_mrna_XM_006571991.3_13629	3075	2876	53.1661	1.01189
lcl|NC_037644.1_mrna_XM_006571995.3_13630	1674	1475	14.892	0.552644
lcl|NC_037644.1_mrna_XM_026441689.1_13631	1377	1178	0	0
lcl|NC_037644.1_ncrna_XR_001706191.2_13632	1258	1059	1	0.051688
lcl|NC_037644.1_mrna_XM_026441683.1_13633	5389	5190	0	0
lcl|NC_037644.1_mrna_XM_026441682.1_13634	5392	5193	9.07449e-07	9.56509e-09
lcl|NC_037644.1_mrna_XM_026441684.1_13635	5378	5179	520.751	5.50389
lcl|NC_037644.1_mrna_XM_026441685.1_13636	4358	4159	160.249	2.10907
lcl|NC_037644.1_mrna_XM_392901.7_13637	2200	2001	2069	56.5977
lcl|NC_037644.1_mrna_XM_026441739.1_13638	5232	5033	8.11036e-07	8.8206e-09
lcl|NC_037644.1_mrna_XM_026441741.1_13639	5211	5012	0.000158732	1.73356e-06
lcl|NC_037644.1_mrna_XM_026441740.1_13640	5229	5030	0	0
lcl|NC_037644.1_mrna_XM_026441742.1_13641	5196	4997	0.00697312	7.63841e-05
lcl|NC_037644.1_mrna_XM_026441743.1_13642	5193	4994	0	0
lcl|NC_037644.1_mrna_XM_026441744.1_13643	5187	4988	0.0678348	0.000744409
lcl|NC_037644.1_mrna_XM_026441745.1_13644	5166	4967	13.925	0.153457
lcl|NC_037644.1_trna_13645	73	3.5471	0	0
lcl|NC_037644.1_ncrna_XR_001706193.2_13646	589	390	0	0
lcl|NC_037644.1_ncrna_XR_001706194.2_13647	547	348	0	0
lcl|NC_037644.1_mrna_XM_026441754.1_13648	2648	2449	0	0
lcl|NC_037644.1_mrna_XM_026441751.1_13649	2541	2342	0.992158	0.0231889
lcl|NC_037644.1_mrna_XM_026441755.1_13650	2576	2377	0	0
lcl|NC_037644.1_mrna_XM_026441753.1_13651	2550	2351	0.00784186	0.000182579
lcl|NC_037644.1_mrna_XM_026441752.1_13652	2777	2578	0	0
lcl|NC_037644.1_mrna_XM_016917176.2_13653	791	592	1628.49	150.574
lcl|NC_037644.1_mrna_XM_026441788.1_13654	962	763	0	0
lcl|NC_037644.1_mrna_XM_026441791.1_13655	787	588	30.9474	2.88092
lcl|NC_037644.1_mrna_XM_026441792.1_13656	749	550	22.863	2.27539
lcl|NC_037644.1_ncrna_XR_003305043.1_13657	764	565	0.00844623	0.000818276
lcl|NC_037644.1_ncrna_XR_003305044.1_13658	761	562	6.99155	0.680962
lcl|NC_037644.1_mrna_XM_016913213.2_13659	3322	3123	553.413	9.6998
lcl|NC_037644.1_mrna_XM_026441795.1_13660	1158	959	4.379	0.249943
lcl|NC_037644.1_mrna_XM_026441794.1_13661	720	521	20.621	2.16649
lcl|NC_037644.1_mrna_XM_026441793.1_13662	1026	827	5.97112	0.395217
lcl|NC_037644.1_mrna_XM_026441790.1_13663	890	691	0	0
lcl|NC_037644.1_mrna_XM_026441786.1_13664	1003	804	0	0
lcl|NC_037644.1_mrna_XM_026441787.1_13665	958	759	3.63158	0.261902
lcl|NC_037644.1_mrna_XM_026441789.1_13666	1209	1010	6.58696	0.356984
lcl|NC_037644.1_mrna_XM_396627.7_13667	4345	4146	1061.53	14.0148
lcl|NC_037644.1_mrna_XM_026441785.1_13668	4318	4119	131.47	1.74711
lcl|NC_037644.1_mrna_XM_001120253.5_13669	811	612	411	36.76
lcl|NC_037644.1_mrna_XM_016912941.2_13670	2524	2325	0	0
lcl|NC_037644.1_mrna_XM_006562553.3_13671	2506	2307	0	0
lcl|NC_037644.1_mrna_XM_016912940.2_13672	2505	2306	0	0
lcl|NC_037644.1_mrna_XM_006562554.3_13673	2480	2281	0	0
lcl|NC_037644.1_mrna_XM_026441584.1_13674	2296	2097	0	0
lcl|NC_037644.1_mrna_XM_006562555.3_13675	3092	2893	4.82972	0.0913815
lcl|NC_037644.1_mrna_NM_001098221.1_13676	1763	1564	0	0
lcl|NC_037644.1_mrna_XM_016912943.2_13677	2202	2003	0	0
lcl|NC_037644.1_mrna_XM_026441585.1_13678	1894	1695	0.170284	0.00549907
lcl|NC_037644.1_mrna_XM_026441583.1_13679	2100	1901	0	0
lcl|NC_037644.1_mrna_XM_026441650.1_13680	4049	3850	170.875	2.42943
lcl|NC_037644.1_mrna_XM_026441649.1_13681	4047	3848	173.59	2.46931
lcl|NC_037644.1_miscrna_XR_003304995.1_13682	3377	3178	4.17077	0.071837
lcl|NC_037644.1_mrna_XM_392602.7_13683	2929	2730	319	6.39607
lcl|NC_037644.1_mrna_XM_026441709.1_13684	2812	2613	33.6345	0.704581
lcl|NC_037644.1_mrna_XM_026441710.1_13685	2705	2506	238.926	5.21876
lcl|NC_037644.1_mrna_XM_026441711.1_13686	2702	2503	49.1333	1.07448
lcl|NC_037644.1_mrna_XM_026441712.1_13687	2946	2747	256.306	5.10724
lcl|NC_037644.1_ncrna_XR_003305006.1_13688	647	448	11	1.344
lcl|NC_037644.1_mrna_XM_396725.7_13689	1694	1495	4272.68	156.439
lcl|NC_037644.1_mrna_XM_016913243.2_13690	1768	1569	605.32	21.1177
lcl|NC_037644.1_mrna_XM_026441663.1_13691	2017	1818	210.923	6.35062
lcl|NC_037644.1_mrna_XM_026441664.1_13692	1980	1781	1588.91	48.8338
lcl|NC_037644.1_mrna_XM_026441665.1_13693	1842	1643	150.382	5.01007
lcl|NC_037644.1_mrna_XM_026441666.1_13694	1806	1607	149.785	5.10195
lcl|NC_037644.1_ncrna_XR_409490.3_13695	1085	886	2	0.123561
lcl|NC_037644.1_mrna_XM_006562581.3_13696	3612	3413	333.141	5.34291
lcl|NC_037644.1_mrna_XM_016913149.2_13697	5103	4904	3070.42	34.2714
lcl|NC_037644.1_miscrna_XR_001703733.1_13698	2858	2659	72.5554	1.49361
lcl|NC_037644.1_mrna_XM_623366.4_13699	2858	2659	116.613	2.40057
lcl|NC_037644.1_mrna_XM_623208.5_13700	2858	2659	1222.74	25.1711
lcl|NC_037644.1_mrna_XM_016913150.2_13701	1495	1296	0	0
lcl|NC_037644.1_mrna_XM_006562579.3_13702	1366	1167	0	0
lcl|NC_037644.1_mrna_XM_006562578.2_13703	1191	992	80.3804	4.43531
lcl|NC_037644.1_mrna_XM_006562574.3_13704	1586	1387	492.595	19.4401
lcl|NC_037644.1_mrna_XM_395069.6_13705	1617	1418	2047.41	79.0338
lcl|NC_037644.1_ncrna_XR_001703732.2_13706	867	668	322	26.3855
lcl|NC_037644.1_mrna_XM_016913279.2_13707	1873	1674	2831	92.5699
lcl|NC_037644.1_mrna_XM_001120116.5_13708	1575	1376	8059	320.589
lcl|NC_037644.1_mrna_XM_026441995.1_13709	4459	4260	53.1566	0.683019
lcl|NC_037644.1_mrna_XM_026441991.1_13710	4666	4467	9.83655	0.120535
lcl|NC_037644.1_mrna_XM_026441990.1_13711	4669	4470	0	0
lcl|NC_037644.1_mrna_XM_026441996.1_13712	4463	4264	457.825	5.87717
lcl|NC_037644.1_mrna_XM_026441993.1_13713	4673	4474	0	0
lcl|NC_037644.1_mrna_XM_026441992.1_13714	5316	5117	1716.18	18.3583
lcl|NC_037644.1_mrna_XM_026441994.1_13715	4355	4156	0	0
lcl|NC_037644.1_trna_13716	72	3.52559	0	0
lcl|NC_037644.1_trna_13717	72	3.52559	0	0
lcl|NC_037644.1_mrna_NM_001134669.1_13718	584	385	0	0
lcl|NC_037644.1_mrna_NM_001134668.1_13719	2541	2342	1674	39.125
lcl|NC_037644.1_mrna_XM_016913244.2_13720	949	750	63	4.59795
lcl|NC_037644.1_mrna_XM_001120551.5_13721	684	485	95.5224	10.7807
lcl|NC_037644.1_mrna_XM_006562570.3_13722	7428	7229	1301.48	9.85471
lcl|NC_037644.1_mrna_XM_026441978.1_13723	604	405	2	0.270309
lcl|NC_037644.1_mrna_XM_006562569.3_13724	1942	1743	1399	43.9345
lcl|NC_037644.1_mrna_XM_623076.6_13725	1654	1455	249.497	9.38615
lcl|NC_037644.1_mrna_XM_006562568.3_13726	1667	1468	6000.5	223.742
lcl|NC_037644.1_mrna_XM_623993.6_13727	3198	2999	1834	33.474
lcl|NC_037644.1_mrna_XM_006562564.3_13728	2235	2036	123.309	3.31516
lcl|NC_037644.1_mrna_XM_006562566.3_13729	2351	2152	2371.62	60.3238
lcl|NC_037644.1_mrna_XM_006562560.3_13730	2307	2108	20.09	0.521668
lcl|NC_037644.1_mrna_XM_006562563.3_13731	2423	2224	354.037	8.71364
lcl|NC_037644.1_mrna_XM_006562562.3_13732	2277	2078	282.482	7.44098
lcl|NC_037644.1_mrna_XM_006562565.3_13733	2393	2194	5538.2	138.171
lcl|NC_037644.1_mrna_XM_392465.7_13734	2349	2150	292.724	7.45256
lcl|NC_037644.1_mrna_XM_006562561.3_13735	2465	2266	3926.54	94.8495
lcl|NC_037644.1_ncrna_XR_003305081.1_13736	68	3.44246	0	0
lcl|NC_037644.1_mrna_XM_624050.6_13737	2218	2019	123	3.33468
lcl|NC_037644.1_mrna_XM_026441698.1_13738	1085	886	0	0
lcl|NC_037644.1_mrna_XM_392464.7_13739	6351	6152	177	1.57486
lcl|NC_037644.1_mrna_XM_006562558.3_13740	1405	1206	0	0
lcl|NC_037644.1_ncrna_XR_003305028.1_13741	891	692	0	0
lcl|NC_037644.1_mrna_XM_006562557.3_13742	4009	3810	18	0.258603
lcl|NC_037644.1_mrna_XM_026441587.1_13743	1875	1676	7	0.228617
lcl|NC_037644.1_mrna_XM_392650.7_13744	4113	3914	1302	18.2086
lcl|NC_037644.1_mrna_XM_006564261.3_13745	3710	3511	9959.33	155.269
lcl|NC_037644.1_mrna_XM_006564258.3_13746	3716	3517	1.71058e-06	2.6623e-08
lcl|NC_037644.1_mrna_XM_006564260.3_13747	3688	3489	1130.67	17.7386
lcl|NC_037644.1_ncrna_XR_003304983.1_13748	1231	1032	18	0.954725
lcl|NC_037644.1_mrna_XM_006564247.3_13749	4230	4031	1143.39	15.5263
lcl|NC_037644.1_mrna_XM_395217.7_13750	4322	4123	1037.77	13.7776
lcl|NC_037644.1_mrna_XM_026441598.1_13751	4237	4038	89.8377	1.2178
lcl|NC_037644.1_mrna_XM_001121420.5_13752	2019	1820	232.672	6.99776
lcl|NC_037644.1_mrna_XM_016913192.2_13753	2158	1959	0	0
lcl|NC_037644.1_mrna_XM_016913193.2_13754	1665	1466	308.508	11.5191
lcl|NC_037644.1_mrna_XM_016913191.2_13755	1914	1715	0	0
lcl|NC_037644.1_mrna_XM_026441599.1_13756	2155	1956	20.5993	0.576461
lcl|NC_037644.1_mrna_XM_006564265.3_13757	1912	1713	75.2198	2.40359
lcl|NC_037644.1_mrna_XM_006564267.3_13758	1556	1357	169.59	6.84076
lcl|NC_037644.1_mrna_XM_006564266.3_13759	1576	1377	607.41	24.1454
lcl|NC_037644.1_mrna_XM_006564268.3_13760	3208	3009	2359.79	42.9275
lcl|NC_037644.1_mrna_XM_006564269.3_13761	3208	3009	517.213	9.40877
lcl|NC_037644.1_mrna_XM_006564270.3_13762	811	612	529	47.314
lcl|NC_037644.1_mrna_XM_006564277.3_13763	1379	1180	28	1.29886
lcl|NC_037644.1_mrna_XM_006564275.3_13764	1382	1183	0	0
lcl|NC_037644.1_mrna_XM_006564272.3_13765	2046	1847	273	8.09061
lcl|NC_037644.1_mrna_XM_016913271.2_13766	1864	1665	0	0
lcl|NC_037644.1_mrna_NM_001242993.1_13767	1574	1375	3	0.119427
lcl|NC_037644.1_mrna_XM_006564278.3_13768	1941	1742	1	0.0314222
lcl|NC_037644.1_mrna_XM_026441699.1_13769	1245	1046	0	0
lcl|NC_037644.1_mrna_XM_016913275.2_13770	1060	861	0	0
lcl|NC_037644.1_mrna_XM_001121133.5_13771	1029	830	17	1.12113
lcl|NC_037644.1_mrna_XM_001121096.5_13772	1492	1293	65	2.75169
lcl|NC_037644.1_mrna_XM_026441691.1_13773	473	274	50	9.9886
lcl|NC_037644.1_mrna_XM_003250402.4_13774	1057	858	748.614	47.7591
lcl|NC_037644.1_mrna_XM_026441690.1_13775	1707	1508	2041.39	74.0985
lcl|NC_037644.1_mrna_XM_026441738.1_13776	2176	1977	424	11.7394
lcl|NC_037644.1_mrna_XM_624510.6_13777	3064	2865	31	0.592274
lcl|NC_037644.1_mrna_XM_006564282.3_13778	1792	1593	0.0178821	0.000614454
lcl|NC_037644.1_mrna_XM_006564283.3_13779	1791	1592	0.0394987	0.00135808
lcl|NC_037644.1_mrna_XM_006564281.3_13780	1792	1593	0.0178821	0.000614454
lcl|NC_037644.1_mrna_XM_006564284.3_13781	1839	1640	78.391	2.61642
lcl|NC_037644.1_mrna_XM_026442004.1_13782	1717	1518	5.79168	0.208842
lcl|NC_037644.1_mrna_XM_006564286.3_13783	1580	1381	17.4058	0.689897
lcl|NC_037644.1_mrna_XM_006564285.3_13784	1717	1518	35.5205	1.28083
lcl|NC_037644.1_mrna_XM_006564287.3_13785	1764	1565	67.8158	2.37193
lcl|NC_037644.1_mrna_XM_026442005.1_13786	4052	3853	867.342	12.3219
lcl|NC_037644.1_mrna_XM_026442006.1_13787	3821	3622	760.658	11.4955
lcl|NC_037644.1_mrna_XM_006564290.3_13788	1785	1586	1703	58.7756
lcl|NC_037644.1_mrna_NM_001142609.1_13789	1671	1472	728.951	27.1066
lcl|NC_037644.1_mrna_XM_006564244.3_13790	1742	1543	5867.05	208.132
lcl|NC_037644.1_mrna_XM_026442007.1_13791	2477	2278	44.4787	1.06877
lcl|NC_037644.1_mrna_XM_016912970.2_13792	2172	1973	1181.1	32.7677
lcl|NC_037644.1_mrna_XM_026442008.1_13793	2328	2129	105.147	2.70338
lcl|NC_037644.1_mrna_XM_026442009.1_13794	3830	3631	245.902	3.70699
lcl|NC_037644.1_mrna_XM_026441700.1_13795	33983	33784	18892.4	30.6098
lcl|NC_037644.1_mrna_XM_026441837.1_13796	1566	1367	22	0.880926
lcl|NC_037644.1_miscrna_XR_003305047.1_13797	1810	1611	0	0
lcl|NC_037644.1_mrna_XM_026441835.1_13798	76350	76151	36222.5	26.0369
lcl|NC_037644.1_mrna_XM_026441807.1_13799	64653	64454	0	0
lcl|NC_037644.1_mrna_XM_026441814.1_13800	64575	64376	1712.54	1.45614
lcl|NC_037644.1_mrna_XM_026441812.1_13801	64584	64385	0	0
lcl|NC_037644.1_mrna_XM_026441808.1_13802	64650	64451	0.0150259	1.27613e-05
lcl|NC_037644.1_mrna_XM_026441813.1_13803	64581	64382	23.7949	0.0202304
lcl|NC_037644.1_mrna_XM_026441832.1_13804	54066	53867	3638.79	3.69759
lcl|NC_037644.1_mrna_XM_026441811.1_13805	64599	64400	0	0
lcl|NC_037644.1_mrna_XM_026441828.1_13806	57021	56822	22.0008	0.0211937
lcl|NC_037644.1_mrna_XM_026441817.1_13807	64251	64052	0	0
lcl|NC_037644.1_mrna_XM_026441815.1_13808	64530	64331	7.71615	0.00656547
lcl|NC_037644.1_mrna_XM_026441818.1_13809	63912	63713	7.32735	0.00629512
lcl|NC_037644.1_mrna_XM_026441819.1_13810	63207	63008	0	0
lcl|NC_037644.1_mrna_XM_026441822.1_13811	61677	61478	0	0
lcl|NC_037644.1_mrna_XM_026441825.1_13812	60231	60032	91.1866	0.0831445
lcl|NC_037644.1_mrna_XM_026441809.1_13813	64647	64448	30.4872	0.0258936
lcl|NC_037644.1_mrna_XM_026441816.1_13814	64455	64256	7.76094	0.00661128
lcl|NC_037644.1_mrna_XM_026441810.1_13815	64644	64445	22.8767	0.0194307
lcl|NC_037644.1_mrna_XM_026441827.1_13816	58782	58583	21.1589	0.01977
lcl|NC_037644.1_mrna_XM_026441834.1_13817	41358	41159	0	0
lcl|NC_037644.1_miscrna_XR_003305045.1_13818	41267	41068	2669.6	3.55817
lcl|NC_037644.1_miscrna_XR_003305046.1_13819	41108	40909	1.95595e-08	2.61713e-11
lcl|NC_037644.1_mrna_XM_026441821.1_13820	62622	62423	0	0
lcl|NC_037644.1_mrna_XM_026441820.1_13821	62651	62452	9.80225	0.00859142
lcl|NC_037644.1_mrna_XM_026441823.1_13822	61293	61094	0	0
lcl|NC_037644.1_mrna_XM_026441824.1_13823	61282	61083	0	0
lcl|NC_037644.1_mrna_XM_026441829.1_13824	55676	55477	0.475826	0.000469484
lcl|NC_037644.1_mrna_XM_026441830.1_13825	55649	55450	0.848597	0.000837694
lcl|NC_037644.1_mrna_XM_026441831.1_13826	55539	55340	3.84891	0.00380701
lcl|NC_037644.1_mrna_XM_026441833.1_13827	49612	49413	58310.3	64.5936
lcl|NC_037644.1_ncrna_XR_409939.3_13828	2269	2070	147	3.88716
lcl|NC_037644.1_mrna_XM_026441836.1_13829	684	485	16.9406	1.91194
lcl|NC_037644.1_mrna_XM_003250533.4_13830	1458	1259	0	0
lcl|NC_037644.1_mrna_XM_006565075.3_13831	3177	2978	116.701	2.14504
lcl|NC_037644.1_mrna_NM_001011633.1_13832	1533	1334	20.2989	0.832917
lcl|NC_037644.1_mrna_XM_026441903.1_13833	1556	1357	7.59477	0.306351
lcl|NC_037644.1_mrna_XM_026441902.1_13834	1092	893	3.40523	0.208728
lcl|NC_037644.1_mrna_XM_026441896.1_13835	1568	1369	1658.02	66.2936
lcl|NC_037644.1_mrna_XM_026441897.1_13836	1501	1302	130.709	5.49515
lcl|NC_037644.1_mrna_XM_026441900.1_13837	2258	2059	40.646	1.08055
lcl|NC_037644.1_mrna_XM_026441899.1_13838	975	776	0	0
lcl|NC_037644.1_mrna_XM_026441898.1_13839	988	789	0	0
lcl|NC_037644.1_mrna_XM_026441895.1_13840	1205	1006	283	15.3983
lcl|NC_037644.1_mrna_XM_006565109.3_13841	3386	3187	116.705	2.00443
lcl|NC_037644.1_mrna_XM_006565108.3_13842	3266	3067	62.2955	1.1118
lcl|NC_037644.1_mrna_XM_026441893.1_13843	1791	1592	975.726	33.5483
lcl|NC_037644.1_mrna_XM_026441890.1_13844	2243	2044	57.8595	1.54945
lcl|NC_037644.1_mrna_XM_026441886.1_13845	2322	2123	958.281	24.7075
lcl|NC_037644.1_mrna_XM_026441887.1_13846	2212	2013	32.8214	0.89248
lcl|NC_037644.1_mrna_XM_026441894.1_13847	2003	1804	0.00344384	0.000104494
lcl|NC_037644.1_mrna_XM_026441889.1_13848	2239	2040	685.469	18.3926
lcl|NC_037644.1_mrna_XM_026441892.1_13849	2318	2119	781.562	20.1891
lcl|NC_037644.1_mrna_XM_026441888.1_13850	2208	2009	26.2772	0.715954
lcl|NC_037644.1_ncrna_XR_410131.3_13851	2309	2110	7.97793	0.206963
lcl|NC_037644.1_mrna_XM_006565102.3_13852	1716	1517	0	0
lcl|NC_037644.1_mrna_XM_006565105.3_13853	1697	1498	0	0
lcl|NC_037644.1_mrna_XM_006565101.3_13854	8709	8510	1.04326	0.00671041
lcl|NC_037644.1_mrna_XM_006565096.3_13855	8847	8648	4.4204e-06	2.79789e-08
lcl|NC_037644.1_mrna_XM_001120292.5_13856	1834	1635	0	0
lcl|NC_037644.1_mrna_XM_006565095.3_13857	8846	8647	5.11495e-06	3.23789e-08
lcl|NC_037644.1_mrna_XM_006565098.3_13858	8825	8626	0.000110032	6.98226e-07
lcl|NC_037644.1_mrna_XM_006565107.3_13859	8687	8488	27.3603	0.176441
lcl|NC_037644.1_mrna_XM_006565097.3_13860	1833	1634	0	0
lcl|NC_037644.1_mrna_XM_016913002.2_13861	1691	1492	0	0
lcl|NC_037644.1_mrna_XM_006565100.3_13862	8706	8507	0.0038927	2.50473e-05
lcl|NC_037644.1_mrna_XM_006565104.3_13863	8687	8488	0.0654231	0.000421902
lcl|NC_037644.1_mrna_XM_006565106.3_13864	1588	1389	0	0
lcl|NC_037644.1_mrna_XM_006565099.3_13865	1452	1253	0	0
lcl|NC_037644.1_mrna_XM_006565103.3_13866	1434	1235	0	0
lcl|NC_037644.1_mrna_XM_026441999.1_13867	8444	8245	152.174	1.01027
lcl|NC_037644.1_mrna_NM_001160064.1_13868	2820	2621	9306	194.349
lcl|NC_037644.1_mrna_XM_624635.6_13869	3112	2913	8077	151.773
lcl|NC_037644.1_mrna_XM_006565094.3_13870	1389	1190	165.616	7.61798
lcl|NC_037644.1_mrna_XM_006565093.3_13871	1381	1182	507.384	23.4966
lcl|NC_037644.1_mrna_XM_393426.7_13872	1853	1654	4168	137.936
lcl|NC_037644.1_mrna_XM_026441909.1_13873	4371	4172	0	0
lcl|NC_037644.1_mrna_XM_026441913.1_13874	4273	4074	7.60996	0.102246
lcl|NC_037644.1_mrna_XM_026441911.1_13875	4341	4142	0	0
lcl|NC_037644.1_mrna_XM_026441910.1_13876	4350	4151	0	0
lcl|NC_037644.1_mrna_XM_026441912.1_13877	4320	4121	0	0
lcl|NC_037644.1_mrna_XM_026441924.1_13878	3277	3078	50.5882	0.899633
lcl|NC_037644.1_mrna_XM_026441914.1_13879	3736	3537	0	0
lcl|NC_037644.1_mrna_XM_026441918.1_13880	3638	3439	0	0
lcl|NC_037644.1_mrna_XM_026441916.1_13881	3706	3507	211.066	3.29433
lcl|NC_037644.1_mrna_XM_026441921.1_13882	3409	3210	0	0
lcl|NC_037644.1_mrna_XM_026441915.1_13883	3542	3343	40.1621	0.657606
lcl|NC_037644.1_mrna_XM_026441917.1_13884	3512	3313	0	0
lcl|NC_037644.1_mrna_XM_026441920.1_13885	3491	3292	284.145	4.72461
lcl|NC_037644.1_mrna_XM_026441906.1_13886	3405	3206	92.1013	1.57249
lcl|NC_037644.1_mrna_XM_026441925.1_13887	4461	4262	326.525	4.19361
lcl|NC_037644.1_mrna_XM_026441907.1_13888	3332	3133	103.286	1.80453
lcl|NC_037644.1_mrna_XM_026441926.1_13889	4480	4281	71.0686	0.908694
lcl|NC_037644.1_mrna_XM_026441923.1_13890	4376	4177	0	0
lcl|NC_037644.1_mrna_XM_026441922.1_13891	2267	2068	119.731	3.16913
lcl|NC_037644.1_mrna_XM_396939.6_13892	1196	997	223	12.2432
lcl|NC_037644.1_mrna_XM_026441670.1_13893	2290	2091	755	19.7642
lcl|NC_037644.1_mrna_XM_396937.7_13894	2597	2398	620	14.1523
lcl|NC_037644.1_mrna_XM_006565440.3_13895	5773	5574	244.992	2.40586
lcl|NC_037644.1_mrna_XM_016913113.2_13896	5770	5571	0.00751028	7.37918e-05
lcl|NC_037644.1_mrna_XM_006565445.3_13897	4725	4526	194.897	2.35709
lcl|NC_037644.1_mrna_XM_006565444.3_13898	4812	4613	416.83	4.94608
lcl|NC_037644.1_mrna_XM_006565443.3_13899	4854	4655	45.6475	0.536763
lcl|NC_037644.1_mrna_XM_016913115.2_13900	4941	4742	320.176	3.69583
lcl|NC_037644.1_mrna_XM_006565442.3_13901	3166	2967	389.449	7.18487
lcl|NC_037644.1_mrna_XM_026441723.1_13902	508	309	0	0
lcl|NC_037644.1_mrna_XM_026441715.1_13903	2281	2082	3208	84.341
lcl|NC_037644.1_mrna_XM_016913217.2_13904	1095	896	50	3.05455
lcl|NC_037644.1_mrna_XM_395948.7_13905	2050	1851	638.469	18.8807
lcl|NC_037644.1_mrna_XM_016913216.2_13906	1934	1735	299.531	9.4499
lcl|NC_037644.1_mrna_XM_394692.6_13907	1923	1724	550	17.4627
lcl|NC_037644.1_mrna_XM_026441625.1_13908	3966	3767	147	2.13603
lcl|NC_037644.1_mrna_XM_006565453.3_13909	1954	1755	11.4004	0.355571
lcl|NC_037644.1_mrna_XM_001121189.5_13910	1420	1221	87.5996	3.9271
lcl|NC_037644.1_mrna_XM_006565450.3_13911	2183	1984	3	0.0827685
lcl|NC_037644.1_ncrna_XR_001703664.2_13912	2248	2049	3	0.0801428
lcl|NC_037644.1_ncrna_XR_003305003.1_13913	168	9.06081	0	0
lcl|NC_037644.1_ncrna_XR_003305002.1_13914	170	9.35544	0	0
lcl|NC_037644.1_ncrna_XR_001703665.2_13915	3029	2830	6	0.116051
lcl|NC_037644.1_precursorrna_NR_039530.1_13916	135	5.87326	0	0
lcl|NC_037644.1_ncrna_13917	22	2.73612	0	0
lcl|NC_037644.1_ncrna_XR_003305005.1_13918	3528	3329	10	0.164426
lcl|NC_037644.1_ncrna_XR_003305004.1_13919	5964	5765	1537	14.5935
lcl|NC_037644.1_precursorrna_NR_031517.1_13920	84	3.8053	0	0
lcl|NC_037644.1_ncrna_13921	22	2.73612	0	0
lcl|NC_037644.1_ncrna_XR_410293.3_13922	5746	5547	393.893	3.88692
lcl|NC_037644.1_ncrna_XR_001703667.2_13923	674	475	0	0
lcl|NC_037644.1_mrna_XM_394689.6_13924	1016	817	69	4.62288
lcl|NC_037644.1_mrna_XM_006565454.3_13925	2191	1992	6.28116e-05	1.72598e-06
lcl|NC_037644.1_mrna_XM_392453.7_13926	2349	2150	483.401	12.3071
lcl|NC_037644.1_mrna_XM_016913261.2_13927	2230	2031	4.00807	0.108022
lcl|NC_037644.1_mrna_XM_016913260.2_13928	2045	1846	10.5905	0.314028
lcl|NC_037644.1_mrna_XM_624284.6_13929	2496	2297	166.588	3.9698
lcl|NC_037644.1_mrna_XM_006565464.3_13930	1945	1746	0	0
lcl|NC_037644.1_mrna_XM_006565463.3_13931	1951	1752	12.4119	0.387783
lcl|NC_037644.1_mrna_XM_026441928.1_13932	1891	1692	7	0.226456
lcl|NC_037644.1_mrna_XM_003250619.4_13933	1340	1141	252964	12135.5
lcl|NC_037644.1_mrna_XM_026441930.1_13934	1644	1445	1	0.0378807
lcl|NC_037644.1_mrna_XM_026441931.1_13935	1550	1351	0	0
lcl|NC_037644.1_mrna_XM_026441933.1_13936	1639	1440	19.9898	0.759856
lcl|NC_037644.1_mrna_XM_026441932.1_13937	1520	1321	52.6852	2.18309
lcl|NC_037644.1_mrna_XM_026441935.1_13938	1236	1037	54.325	2.86752
lcl|NC_037644.1_mrna_XM_006565456.3_13939	3495	3296	29	0.481611
lcl|NC_037644.1_ncrna_XR_001703712.2_13940	4885	4686	4.38885e-05	5.12665e-07
lcl|NC_037644.1_ncrna_XR_001703713.2_13941	4836	4637	25.329	0.298997
lcl|NC_037644.1_ncrna_XR_003305058.1_13942	4948	4749	0	0
lcl|NC_037644.1_ncrna_XR_003305057.1_13943	4881	4682	0.000128942	1.50747e-06
lcl|NC_037644.1_ncrna_XR_003305059.1_13944	4846	4647	1.67079	0.0196804
lcl|NC_037644.1_mrna_XM_016913118.2_13945	1888	1689	0.366267	0.0118701
lcl|NC_037644.1_mrna_XM_395180.7_13946	1886	1687	1.63373	0.0530092
lcl|NC_037644.1_mrna_XM_624190.6_13947	1510	1311	48	2.00412
lcl|NC_037644.1_ncrna_XR_003305060.1_13948	647	448	1	0.122182
lcl|NC_037644.1_mrna_XM_624163.5_13949	996	797	55	3.77737
lcl|NC_037644.1_mrna_XM_006565465.3_13950	3365	3166	1557	26.9193
lcl|NC_037644.1_mrna_XM_001123126.5_13951	1136	937	5.20322	0.303961
lcl|NC_037644.1_mrna_XM_006565466.3_13952	1053	854	8.79678	0.563834
lcl|NC_037644.1_mrna_NM_001170972.1_13953	1128	929	80	4.71367
lcl|NC_037644.1_mrna_XM_006565467.3_13954	2048	1849	2495	73.8616
lcl|NC_037644.1_mrna_XM_026441981.1_13955	1585	1386	373	14.731
lcl|NC_037644.1_mrna_XM_624091.6_13956	989	790	70	4.85016
lcl|NC_037644.1_mrna_XM_006565470.3_13957	2741	2542	460.611	9.91846
lcl|NC_037644.1_ncrna_XR_003305082.1_13958	124	5.2474	0	0
lcl|NC_037644.1_ncrna_XR_410304.2_13959	355	156	50	17.5441
lcl|NC_037644.1_mrna_XM_016913023.2_13960	2987	2788	21777.6	427.566
lcl|NC_037644.1_mrna_XM_016913024.2_13961	2824	2625	16832.8	351.003
lcl|NC_037644.1_mrna_XM_006565475.3_13962	4607	4408	1152.46	14.311
lcl|NC_037644.1_mrna_XM_006565479.3_13963	2961	2762	400.672	7.94056
lcl|NC_037644.1_mrna_XM_006565476.3_13964	2950	2751	0	0
lcl|NC_037644.1_mrna_XM_016913025.2_13965	3380	3181	394.984	6.79674
lcl|NC_037644.1_mrna_XM_016913027.2_13966	3065	2866	11.3805	0.217356
lcl|NC_037644.1_mrna_XM_016913028.2_13967	2718	2519	345.963	7.51774
lcl|NC_037644.1_mrna_XM_016913026.2_13968	3064	2865	0	0
lcl|NC_037644.1_mrna_XM_006565474.3_13969	4830	4631	49.6381	0.586713
lcl|NC_037644.1_mrna_XM_396261.6_13970	4742	4543	4193.2	50.5229
lcl|NC_037644.1_mrna_XM_026441672.1_13971	8589	8390	22018.7	143.653
lcl|NC_037644.1_mrna_XM_016913022.2_13972	8825	8626	144.339	0.915924
lcl|NC_037644.1_mrna_XM_006565481.3_13973	3289	3090	249699	4423.27
lcl|NC_037644.1_mrna_XM_006565485.3_13974	3451	3252	487.741	8.20965
lcl|NC_037644.1_mrna_XM_006565484.3_13975	3060	2861	2088.26	39.9532
lcl|NC_037644.1_mrna_XM_026441673.1_13976	8192	7993	355.244	2.43278
lcl|NC_037644.1_mrna_XM_026441674.1_13977	7337	7138	903.047	6.92499
lcl|NC_037644.1_mrna_XM_006565486.3_13978	2716	2517	136.422	2.96678
lcl|NC_037644.1_ncrna_XR_001703784.2_13979	719	520	5	0.526323
lcl|NC_037644.1_mrna_XM_006565487.3_13980	3013	2814	32.5694	0.633535
lcl|NC_037644.1_mrna_XM_016913247.2_13981	2507	2308	0.00875343	0.0002076
lcl|NC_037644.1_mrna_XM_396259.7_13982	859	660	397	32.9255
lcl|NC_037644.1_mrna_NM_001010975.1_13983	1242	1043	21631	1135.21
lcl|NC_037644.1_mrna_XM_026441875.1_13984	10254	10055	1.40996e-05	7.67554e-08
lcl|NC_037644.1_mrna_XM_026441877.1_13985	10242	10043	433.55	2.36299
lcl|NC_037644.1_mrna_XM_026441878.1_13986	10203	10004	0.00143234	7.83716e-06
lcl|NC_037644.1_mrna_XM_026441880.1_13987	10107	9908	1663.62	9.19082
lcl|NC_037644.1_mrna_XM_026441879.1_13988	10197	9998	0.0184082	0.000100782
lcl|NC_037644.1_mrna_XM_026441876.1_13989	10251	10052	69.8074	0.380132
lcl|NC_037644.1_trna_13990	73	3.5471	0	0
lcl|NC_037644.1_trna_13991	73	3.5471	0	0
lcl|NC_037644.1_trna_13992	73	3.5471	0	0
lcl|NC_037644.1_mrna_XM_016913139.2_13993	2708	2509	6	0.130899
lcl|NC_037644.1_ncrna_XR_003305056.1_13994	6266	6067	0	0
lcl|NC_037644.1_ncrna_XR_003305053.1_13995	7882	7683	23	0.163864
lcl|NC_037644.1_ncrna_XR_003305055.1_13996	6826	6627	0	0
lcl|NC_037644.1_ncrna_XR_003305054.1_13997	7898	7699	0	0
lcl|NC_037644.1_ncrna_XR_001703772.2_13998	7989	7790	6.0446e-07	4.24733e-09
lcl|NC_037644.1_mrna_XM_003250614.4_13999	4046	3847	209	2.97378
lcl|NC_037644.1_mrna_XM_006565491.3_14000	4750	4551	0	0
lcl|NC_037644.1_mrna_XM_006565492.3_14001	4492	4293	45	0.573769
lcl|NC_037644.1_miscrna_XR_001703704.2_14002	1854	1655	103.654	3.42827
lcl|NC_037644.1_mrna_XM_016913070.2_14003	1811	1612	0.246539	0.00837155
lcl|NC_037644.1_mrna_XM_396257.6_14004	1788	1589	230.099	7.92641
lcl|NC_037644.1_mrna_XM_026441701.1_14005	1974	1775	555	17.1151
lcl|NC_037644.1_mrna_XM_026441724.1_14006	1967	1768	328	10.1549
lcl|NC_037644.1_mrna_XM_016913067.2_14007	7974	7775	4.90103	0.0345042
lcl|NC_037644.1_mrna_XM_016913068.2_14008	7967	7768	2120.73	14.9438
lcl|NC_037644.1_mrna_XM_006565494.3_14009	7955	7756	1155.37	8.15393
lcl|NC_037644.1_mrna_XM_026441725.1_14010	2955	2756	752	14.9356
lcl|NC_037644.1_mrna_XM_006565496.3_14011	983	784	617	43.0779
lcl|NC_037644.1_mrna_XM_016913066.2_14012	886	687	0	0
lcl|NC_037644.1_mrna_XM_026441726.1_14013	6502	6303	33.2676	0.288908
lcl|NC_037644.1_mrna_XM_026441727.1_14014	6484	6285	1228.73	10.7013
lcl|NC_037644.1_mrna_XM_006565498.3_14015	1439	1240	69.5249	3.06905
lcl|NC_037644.1_mrna_XM_006565499.3_14016	1609	1410	16.5882	0.643971
lcl|NC_037644.1_mrna_XM_001122715.5_14017	1649	1450	425.887	16.0772
lcl|NC_037644.1_mrna_XM_026441729.1_14018	958	759	103.465	7.46171
lcl|NC_037644.1_mrna_XM_026441730.1_14019	1004	805	63.3385	4.30682
lcl|NC_037644.1_mrna_XM_026441728.1_14020	1078	879	27.9042	1.73766
lcl|NC_037644.1_mrna_XM_026441731.1_14021	1015	816	48.2919	3.23944
lcl|NC_037644.1_mrna_XM_016913107.2_14022	3883	3684	335.453	4.98422
lcl|NC_037644.1_mrna_XM_016913106.2_14023	3077	2878	18.3613	0.34922
lcl|NC_037644.1_mrna_XM_026441686.1_14024	2694	2495	1168.19	25.6287
lcl|NC_037644.1_mrna_XM_003250611.3_14025	1372	1173	137	6.39305
lcl|NC_037644.1_mrna_XM_026441962.1_14026	1693	1494	133.195	4.88004
lcl|NC_037644.1_mrna_XM_392452.7_14027	2554	2355	0	0
lcl|NC_037644.1_mrna_XM_006565505.3_14028	2194	1995	22.4855	0.616943
lcl|NC_037644.1_mrna_XM_006565504.3_14029	2347	2148	0	0
lcl|NC_037644.1_mrna_XM_006565507.3_14030	2177	1978	0	0
lcl|NC_037644.1_mrna_XM_006565506.3_14031	2154	1955	143.868	4.02813
lcl|NC_037644.1_mrna_XM_006565503.3_14032	2264	2065	762.451	20.2105
lcl|NC_037644.1_mrna_XM_016913101.2_14033	4471	4272	0	0
lcl|NC_037644.1_mrna_XM_016913102.2_14034	4468	4269	257.697	3.30422
lcl|NC_037644.1_mrna_XM_016913103.2_14035	4408	4209	817.117	10.6265
lcl|NC_037644.1_mrna_XM_016913104.2_14036	4514	4315	52.1863	0.662005
lcl|NC_037644.1_mrna_XM_016913100.2_14037	2851	2652	56.8997	1.17442
lcl|NC_037644.1_mrna_XM_026441964.1_14038	2863	2664	0	0
lcl|NC_037644.1_mrna_XM_026441963.1_14039	2852	2653	0	0
lcl|NC_037644.1_mrna_XM_006565508.3_14040	2834	2635	0	0
lcl|NC_037644.1_mrna_XM_026441965.1_14041	2631	2432	0.0029892	6.72785e-05
lcl|NC_037644.1_mrna_XM_003250612.4_14042	1971	1772	427	13.1901
lcl|NC_037644.1_mrna_XM_026441612.1_14043	5202	5003	16.4648	0.18014
lcl|NC_037644.1_mrna_XM_026441611.1_14044	5208	5009	3.62784	0.0396445
lcl|NC_037644.1_mrna_XM_026441610.1_14045	5223	5024	0	0
lcl|NC_037644.1_mrna_XM_026441609.1_14046	5229	5030	0	0
lcl|NC_037644.1_mrna_XM_026441769.1_14047	4568	4369	10.6151	0.132993
lcl|NC_037644.1_mrna_XM_006565510.3_14048	3925	3726	1.4024	0.0206022
lcl|NC_037644.1_mrna_XM_394687.6_14049	3990	3791	0	0
lcl|NC_037644.1_mrna_XM_394686.7_14050	5871	5672	694.864	6.70577
lcl|NC_037644.1_ncrna_XR_411181.3_14051	364	165	0	0
lcl|NC_037644.1_mrna_XM_006568367.3_14052	6152	5953	37.2063	0.34211
lcl|NC_037644.1_mrna_XM_006568371.3_14053	2745	2546	0	0
lcl|NC_037644.1_mrna_XM_006568366.3_14054	5931	5732	0	0
lcl|NC_037644.1_mrna_XM_006568365.3_14055	5951	5752	0	0
lcl|NC_037644.1_mrna_XM_006568369.3_14056	5932	5733	1.15177e-08	1.09969e-10
lcl|NC_037644.1_mrna_XM_006568370.3_14057	5832	5633	50.7937	0.493578
lcl|NC_037644.1_mrna_XM_006568379.2_14058	1355	1156	145	6.86587
lcl|NC_037644.1_mrna_XM_006568363.3_14059	544	345	197	31.2559
lcl|NC_037644.1_mrna_XM_016913262.2_14060	864	665	526.538	43.3404
lcl|NC_037644.1_mrna_XM_006568364.2_14061	847	648	44.4622	3.75579
lcl|NC_037644.1_mrna_XM_392631.7_14062	2815	2616	60.5112	1.26614
lcl|NC_037644.1_mrna_XM_006568361.3_14063	2797	2598	546.987	11.5245
lcl|NC_037644.1_mrna_XM_006568360.3_14064	2808	2609	144.019	3.02155
lcl|NC_037644.1_mrna_XM_016913235.2_14065	2759	2560	582.483	12.4546
lcl|NC_037644.1_mrna_XM_026441607.1_14066	1860	1661	590.171	19.4488
lcl|NC_037644.1_mrna_XM_026441608.1_14067	2000	1801	205.829	6.25572
lcl|NC_037644.1_mrna_XM_392632.7_14068	8670	8471	0.000136891	8.84554e-07
lcl|NC_037644.1_mrna_XM_026441614.1_14069	8565	8366	938.431	6.14002
lcl|NC_037644.1_mrna_XM_026441615.1_14070	8562	8363	317.565	2.07853
lcl|NC_037644.1_mrna_XM_016913188.2_14071	8661	8462	0.000523588	3.3869e-06
lcl|NC_037644.1_mrna_XM_026441613.1_14072	8120	7921	0	0
lcl|NC_037644.1_mrna_XM_006568356.3_14073	8080	7881	0	0
lcl|NC_037644.1_mrna_XM_026441748.1_14074	1666	1467	533	19.8876
lcl|NC_037644.1_mrna_XM_006568353.3_14075	2219	2020	2239	60.672
lcl|NC_037644.1_mrna_XM_006568352.3_14076	5899	5700	436.318	4.19
lcl|NC_037644.1_mrna_XM_006568351.3_14077	5916	5717	1258.68	12.0513
lcl|NC_037644.1_mrna_XM_623338.6_14078	1285	1086	844.848	42.5828
lcl|NC_037644.1_mrna_XM_006568349.3_14079	1290	1091	174.497	8.75487
lcl|NC_037644.1_mrna_XM_026441884.1_14080	1301	1102	0	0
lcl|NC_037644.1_mrna_XM_006568350.3_14081	1208	1009	159.655	8.66116
lcl|NC_037644.1_mrna_XM_016913129.2_14082	4128	3929	5362	74.7016
lcl|NC_037644.1_mrna_XM_003251166.4_14083	741	542	802	80.9954
lcl|NC_037644.1_mrna_XM_006568348.3_14084	2071	1872	0	0
lcl|NC_037644.1_mrna_XM_006568346.2_14085	1936	1737	6.33913	0.199763
lcl|NC_037644.1_mrna_XM_006568347.2_14086	1941	1742	11.0016	0.345694
lcl|NC_037644.1_mrna_XM_006568344.2_14087	1939	1740	63.2872	1.99091
lcl|NC_037644.1_mrna_XM_006568345.2_14088	1944	1745	105.372	3.30534
lcl|NC_037644.1_mrna_XM_006568342.3_14089	3771	3572	1887.5	28.9242
lcl|NC_037644.1_mrna_XM_624991.6_14090	3742	3543	2515.01	38.8557
lcl|NC_037644.1_mrna_XM_006568343.3_14091	3530	3331	185.213	3.04356
lcl|NC_037644.1_mrna_XM_006568341.3_14092	3500	3301	1047.27	17.366
lcl|NC_037644.1_mrna_XM_006568340.3_14093	3551	3352	979	15.9869
lcl|NC_037644.1_mrna_XM_016913152.2_14094	3065	2866	0	0
lcl|NC_037644.1_mrna_XM_006568334.3_14095	3106	2907	106.625	2.00771
lcl|NC_037644.1_mrna_XM_026441942.1_14096	2716	2517	184.193	4.00567
lcl|NC_037644.1_mrna_XM_026441944.1_14097	779	580	0	0
lcl|NC_037644.1_mrna_XM_026441943.1_14098	804	605	59.1819	5.3545
lcl|NC_037644.1_mrna_XM_394673.7_14099	4000	3801	32.234	0.464196
lcl|NC_037644.1_mrna_XM_001120293.5_14100	804	605	4	0.361901
lcl|NC_037644.1_mrna_XM_394674.6_14101	2164	1965	24	0.66855
lcl|NC_037644.1_mrna_XM_006568329.3_14102	4019	3820	0.95495	0.0136837
lcl|NC_037644.1_mrna_XM_006568331.3_14103	3998	3799	0.0018463	2.66023e-05
lcl|NC_037644.1_mrna_XM_006568330.3_14104	4007	3808	50.6298	0.727771
lcl|NC_037644.1_mrna_XM_006568332.3_14105	3986	3787	0.100064	0.00144633
lcl|NC_037644.1_ncrna_XR_003305031.1_14106	2987	2788	0	0
lcl|NC_037644.1_ncrna_XR_003305037.1_14107	3144	2945	0	0
lcl|NC_037644.1_ncrna_XR_003305036.1_14108	2836	2637	0	0
lcl|NC_037644.1_ncrna_XR_003305038.1_14109	2880	2681	1.11733e-07	2.28123e-09
lcl|NC_037644.1_ncrna_XR_003305033.1_14110	2995	2796	36.3133	0.710909
lcl|NC_037644.1_ncrna_XR_003305034.1_14111	3059	2860	0	0
lcl|NC_037644.1_ncrna_XR_003305035.1_14112	3033	2834	0	0
lcl|NC_037644.1_ncrna_XR_003305032.1_14113	3072	2873	0	0
lcl|NC_037644.1_ncrna_XR_003305029.1_14114	3148	2949	0	0
lcl|NC_037644.1_ncrna_XR_003305030.1_14115	3162	2963	0	0
lcl|NC_037644.1_mrna_XM_006568328.3_14116	7453	7254	2257.2	17.0325
lcl|NC_037644.1_mrna_XM_395005.7_14117	8943	8744	644.367	4.03374
lcl|NC_037644.1_miscrna_XR_411173.3_14118	4229	4030	36.1195	0.490594
lcl|NC_037644.1_ncrna_XR_001703764.2_14119	759	560	22	2.1504
lcl|NC_037644.1_mrna_XM_392795.7_14120	2393	2194	0.000137366	3.42711e-06
lcl|NC_037644.1_mrna_XM_016913222.2_14121	2353	2154	1008.82	25.6363
lcl|NC_037644.1_mrna_XM_006568323.3_14122	2309	2110	1005.18	26.0762
lcl|NC_037644.1_mrna_XM_026441956.1_14123	2220	2021	12	0.325013
lcl|NC_037644.1_mrna_XM_006568325.3_14124	916	717	318	24.2769
lcl|NC_037644.1_mrna_XM_026441957.1_14125	347	148	9	3.32863
lcl|NC_037644.1_mrna_XM_392793.7_14126	914	715	0	0
lcl|NC_037644.1_mrna_XM_006568324.3_14127	883	684	0	0
lcl|NC_037644.1_mrna_XM_026441955.1_14128	902	703	0	0
lcl|NC_037644.1_mrna_XM_624429.6_14129	717	518	895	94.5755
lcl|NC_037644.1_mrna_XM_006568321.3_14130	5085	4886	218.145	2.44387
lcl|NC_037644.1_mrna_XM_003251165.4_14131	5106	4907	0.0448406	0.000500197
lcl|NC_037644.1_mrna_XM_006568319.3_14132	5127	4928	1988.65	22.0888
lcl|NC_037644.1_mrna_XM_006568318.3_14133	5148	4949	0.448978	0.00496584
lcl|NC_037644.1_mrna_XM_006568320.3_14134	4607	4408	66.7156	0.828459
lcl|NC_037644.1_mrna_XM_624382.6_14135	1167	968	715	40.4311
lcl|NC_037644.1_mrna_XM_006568315.3_14136	1781	1582	169	5.84744
lcl|NC_037644.1_mrna_XM_001122551.5_14137	1908	1709	1714.19	54.9039
lcl|NC_037644.1_mrna_XM_006568313.3_14138	1857	1658	0	0
lcl|NC_037644.1_mrna_XM_006568314.2_14139	1809	1610	231.806	7.88105
lcl|NC_037644.1_mrna_XM_393143.7_14140	894	695	670	52.7686
lcl|NC_037644.1_mrna_XM_026441675.1_14141	3309	3110	2.20982e-06	3.88939e-08
lcl|NC_037644.1_mrna_XM_006568309.3_14142	3310	3111	799.706	14.0707
lcl|NC_037644.1_mrna_XM_026441676.1_14143	3301	3102	170.294	3.00499
lcl|NC_037644.1_mrna_XM_006568307.3_14144	1396	1197	18.1631	0.83058
lcl|NC_037644.1_mrna_XM_001122961.5_14145	1398	1199	317.837	14.5101
lcl|NC_037644.1_mrna_XM_016913270.2_14146	627	428	6.99896	0.895107
lcl|NC_037644.1_mrna_XM_016913269.2_14147	630	431	0.00103933	0.000131997
lcl|NC_037644.1_mrna_XM_016913268.2_14148	1567	1368	460	18.4059
lcl|NC_037644.1_trna_14149	72	3.52559	0	0
lcl|NC_037644.1_mrna_XM_026441979.1_14150	5916	5717	116.923	1.11948
lcl|NC_037644.1_mrna_XM_026441980.1_14151	5906	5707	2493.57	23.9166
lcl|NC_037644.1_mrna_XM_396208.7_14152	1500	1301	356	14.9781
lcl|NC_037644.1_mrna_XM_026441631.1_14153	3703	3504	493.835	7.71441
lcl|NC_037644.1_mrna_XM_026441633.1_14154	3691	3492	108.73	1.70436
lcl|NC_037644.1_mrna_XM_026441635.1_14155	3556	3357	208.223	3.39518
lcl|NC_037644.1_mrna_XM_026441634.1_14156	3679	3480	1.19675e-05	1.88238e-07
lcl|NC_037644.1_mrna_XM_026441630.1_14157	3715	3516	387.448	6.03185
lcl|NC_037644.1_mrna_XM_026441626.1_14158	3718	3519	136.61	2.12495
lcl|NC_037644.1_mrna_XM_026441629.1_14159	3610	3411	7.63648	0.122545
lcl|NC_037644.1_mrna_XM_026441627.1_14160	4036	3837	488.574	6.96986
lcl|NC_037644.1_mrna_XM_026441632.1_14161	3754	3555	1013.25	15.6014
lcl|NC_037644.1_mrna_XM_026441628.1_14162	3769	3570	286.688	4.39569
lcl|NC_037644.1_mrna_XM_016913225.2_14163	1237	1038	55.2779	2.915
lcl|NC_037644.1_mrna_XM_395416.7_14164	1345	1146	498.722	23.821
lcl|NC_037644.1_mrna_XM_026441651.1_14165	3933	3734	47.5505	0.697054
lcl|NC_037644.1_mrna_XM_026441652.1_14166	3870	3671	1965.74	29.3107
lcl|NC_037644.1_mrna_XM_026441653.1_14167	2872	2673	266.87	5.46496
lcl|NC_037644.1_mrna_XM_026441654.1_14168	2787	2588	46.8413	0.990718
lcl|NC_037644.1_mrna_XM_016913281.2_14169	1236	1037	109	5.75351
lcl|NC_037644.1_mrna_XM_016912958.2_14170	3848	3649	2662.04	39.9324
lcl|NC_037644.1_mrna_XM_003251179.4_14171	1058	859	529	33.7091
lcl|NC_037644.1_ncrna_XR_003305023.1_14172	2000	1801	21	0.63825
lcl|NC_037644.1_mrna_NM_001185145.1_14173	1666	1467	117189	4372.64
lcl|NC_037644.1_mrna_NM_001185146.1_14174	1648	1449	28103.5	1061.64
lcl|NC_037644.1_mrna_XM_026441862.1_14175	3168	2969	305.934	5.64031
lcl|NC_037644.1_mrna_XM_016913207.2_14176	1882	1683	353.148	11.4857
lcl|NC_037644.1_mrna_XM_026441861.1_14177	1841	1642	0	0
lcl|NC_037644.1_mrna_XM_396806.6_14178	4431	4232	680	8.79526
lcl|NC_037644.1_mrna_XM_396807.7_14179	2021	1822	154	4.62655
lcl|NC_037644.1_mrna_XM_006568300.3_14180	1020	821	719.518	47.9715
lcl|NC_037644.1_mrna_XM_006568299.3_14181	1126	927	39.4003	2.32651
lcl|NC_037644.1_mrna_XM_003251177.4_14182	915	716	279	21.3293
lcl|NC_037644.1_mrna_XM_006568297.3_14183	7349	7150	3514.98	26.9093
lcl|NC_037644.1_mrna_XM_003251176.4_14184	8581	8382	1406.02	9.18181
lcl|NC_037644.1_mrna_XM_393553.7_14185	3566	3367	38	0.617769
lcl|NC_037644.1_mrna_XM_006568296.2_14186	2541	2342	22.4764	0.525322
lcl|NC_037644.1_mrna_XM_003251175.4_14187	2546	2347	1.52358	0.0355334
lcl|NC_037644.1_mrna_XM_016913276.2_14188	1473	1274	381.662	16.3982
lcl|NC_037644.1_mrna_XM_026441749.1_14189	1588	1389	0	0
lcl|NC_037644.1_mrna_XM_026441750.1_14190	1236	1037	28.3376	1.49578
lcl|NC_037644.1_mrna_XM_006568294.3_14191	1769	1570	33	1.15053
lcl|NC_037644.1_mrna_XM_026441658.1_14192	5996	5797	749.325	7.07542
lcl|NC_037644.1_mrna_XM_026441659.1_14193	5960	5761	32.6945	0.310643
lcl|NC_037644.1_mrna_XM_026441657.1_14194	6005	5806	641.98	6.05243
lcl|NC_037644.1_mrna_XM_623224.5_14195	1302	1103	1152	57.1692
lcl|NC_037644.1_mrna_XM_001120014.5_14196	520	321	58	9.89027
lcl|NC_037644.1_mrna_XM_003251173.4_14197	468	269	435	88.5161
lcl|NC_037644.1_mrna_XM_003251169.3_14198	2241	2042	504	13.5101
lcl|NC_037644.1_mrna_XM_395011.7_14199	3195	2996	858	15.6758
lcl|NC_037644.1_mrna_XM_016913008.2_14200	3890	3691	629.898	9.34139
lcl|NC_037644.1_mrna_XM_016913006.2_14201	4953	4754	1248.19	14.3716
lcl|NC_037644.1_mrna_XM_016913007.2_14202	4421	4222	423.545	5.49119
lcl|NC_037644.1_mrna_XM_006568293.3_14203	4192	3993	538.369	7.38017
lcl|NC_037644.1_mrna_XM_001121190.5_14204	2085	1886	1346.69	39.0852
lcl|NC_037644.1_mrna_XM_026441618.1_14205	17488	17289	210.087	0.665142
lcl|NC_037644.1_mrna_XM_006568287.3_14206	17485	17286	190.762	0.604062
lcl|NC_037644.1_mrna_XM_026441619.1_14207	17462	17263	3.38842e-05	1.0744e-07
lcl|NC_037644.1_mrna_XM_392443.7_14208	17489	17290	0.000204725	6.48129e-07
lcl|NC_037644.1_mrna_XM_006568290.3_14209	17275	17076	1530.3	4.90542
lcl|NC_037644.1_mrna_XM_016913011.2_14210	16829	16630	145.958	0.480421
lcl|NC_037644.1_mrna_XM_026441620.1_14211	16960	16761	0	0
lcl|NC_037644.1_mrna_XM_016913010.2_14212	16838	16639	232.608	0.765214
lcl|NC_037644.1_ncrna_XR_001703645.2_14213	3568	3369	47.3003	0.768508
lcl|NC_037644.1_ncrna_XR_003304986.1_14214	2526	2327	0	0
lcl|NC_037644.1_ncrna_XR_003304985.1_14215	3268	3069	20.46	0.364917
lcl|NC_037644.1_ncrna_XR_003304988.1_14216	3118	2919	14.2813	0.267806
lcl|NC_037644.1_ncrna_XR_003304987.1_14217	2371	2172	21.2446	0.535394
lcl|NC_037644.1_ncrna_XR_003304984.1_14218	2486	2287	57.7138	1.38133
lcl|NC_037644.1_ncrna_XR_003304989.1_14219	852	653	6	0.502948
lcl|NC_037644.1_ncrna_XR_003304990.1_14220	3325	3126	15	0.262656
lcl|NC_037644.1_mrna_XM_006568285.3_14221	2489	2290	51	1.21905
lcl|NC_037644.1_mrna_XM_026441638.1_14222	3974	3775	57.2203	0.829695
lcl|NC_037644.1_mrna_XM_026441636.1_14223	3860	3661	3626.7	54.2246
lcl|NC_037644.1_mrna_XM_026441637.1_14224	1846	1647	3.54825	0.117925
lcl|NC_037644.1_miscrna_XR_003304992.1_14225	2025	1826	38.3964	1.151
lcl|NC_037644.1_mrna_XM_006568283.3_14226	2325	2126	378.589	9.74744
lcl|NC_037644.1_mrna_XM_006568284.3_14227	2180	1981	126.014	3.48193
lcl|NC_037644.1_mrna_XM_624427.6_14228	3803	3604	212	3.21985
lcl|NC_037644.1_mrna_XM_006568282.3_14229	3718	3519	159.686	2.48389
lcl|NC_037644.1_mrna_XM_006568281.3_14230	4278	4079	680.314	9.12938
lcl|NC_037644.1_mrna_XM_006568280.3_14231	4328	4129	213.511	2.83048
lcl|NC_037644.1_mrna_XM_392573.7_14232	4418	4219	1629.96	21.1471
lcl|NC_037644.1_mrna_XM_016913214.2_14233	4336	4137	5.43787e-05	7.19496e-07
lcl|NC_037644.1_mrna_XM_006568279.3_14234	4316	4117	46.8592	0.623016
lcl|NC_037644.1_mrna_XM_006568278.3_14235	4406	4207	379.478	4.93741
lcl|NC_037644.1_miscrna_XR_411153.3_14236	4189	3990	303.197	4.15946
lcl|NC_037644.1_mrna_XM_026441660.1_14237	5985	5786	705	6.66954
lcl|NC_037644.1_mrna_XM_006568274.3_14238	1165	966	7	0.396649
lcl|NC_037644.1_mrna_XM_026441775.1_14239	6936	6737	655.336	5.32455
lcl|NC_037644.1_mrna_XM_026441771.1_14240	6978	6779	1.00899e-05	8.14717e-08
lcl|NC_037644.1_mrna_XM_026441776.1_14241	6923	6724	145.349	1.18323
lcl|NC_037644.1_mrna_XM_026441774.1_14242	6965	6766	2.13451e-06	1.72684e-08
lcl|NC_037644.1_mrna_XM_026441773.1_14243	6598	6399	77.2005	0.660379
lcl|NC_037644.1_mrna_XM_026441772.1_14244	5823	5624	0	0
lcl|NC_037644.1_mrna_XM_003251337.4_14245	808	609	1851	166.37
lcl|NC_037644.1_mrna_XM_026441783.1_14246	4522	4323	0	0
lcl|NC_037644.1_mrna_XM_026441782.1_14247	4068	3869	343.629	4.86157
lcl|NC_037644.1_mrna_XM_026441781.1_14248	4210	4011	209.371	2.85725
lcl|NC_037644.1_mrna_XM_026441777.1_14249	4705	4506	7.37444	0.0895825
lcl|NC_037644.1_mrna_XM_006569470.3_14250	4822	4623	0	0
lcl|NC_037644.1_mrna_XM_006569473.3_14251	4702	4503	17.0903	0.207746
lcl|NC_037644.1_mrna_XM_006569472.3_14252	4789	4590	0	0
lcl|NC_037644.1_mrna_XM_016913073.2_14253	4669	4470	0	0
lcl|NC_037644.1_mrna_XM_026441780.1_14254	3852	3653	0	0
lcl|NC_037644.1_mrna_XM_026441779.1_14255	5966	5767	3.53524	0.0335548
lcl|NC_037644.1_ncrna_XR_003305017.1_14256	1569	1370	138.011	5.51413
lcl|NC_037644.1_ncrna_XR_411526.3_14257	1744	1545	190.467	6.74802
lcl|NC_037644.1_mrna_XM_006569466.3_14258	3528	3329	1197	19.6818
lcl|NC_037644.1_miscrna_XR_001703798.2_14259	1304	1105	5	0.247681
lcl|NC_037644.1_mrna_XM_026441770.1_14260	1398	1199	0	0
lcl|NC_037644.1_ncrna_XR_003305042.1_14261	2870	2671	7	0.143453
lcl|NC_037644.1_ncrna_XR_003305027.1_14262	3241	3042	9	0.161945
lcl|NC_037644.1_ncrna_XR_003305025.1_14263	1446	1247	0	0
lcl|NC_037644.1_ncrna_XR_003305026.1_14264	1207	1008	12	0.651637
lcl|NC_037644.1_ncrna_XR_003305041.1_14265	3753	3554	164	2.52587
lcl|NC_037644.1_mrna_XM_026441768.1_14266	2041	1842	421	12.5106
lcl|NC_037644.1_mrna_XM_396270.7_14267	4762	4563	1270	15.2349
lcl|NC_037644.1_mrna_XM_016913143.2_14268	4412	4213	723.344	9.39808
lcl|NC_037644.1_mrna_XM_016913144.2_14269	4402	4203	5321.5	69.3042
lcl|NC_037644.1_mrna_XM_006569465.3_14270	4095	3896	2551.16	35.843
lcl|NC_037644.1_mrna_XM_006569463.3_14271	2083	1884	226.988	6.59488
lcl|NC_037644.1_mrna_XM_006569464.3_14272	1920	1721	0	0
lcl|NC_037644.1_mrna_XM_006569462.3_14273	1668	1469	991.012	36.9269
lcl|NC_037644.1_mrna_XM_001121924.4_14274	784	585	970	90.7614
lcl|NC_037644.1_mrna_XM_395934.5_14275	1053	854	0	0
lcl|NC_037644.1_mrna_XM_016913145.1_14276	2049	1850	8.8165	0.260861
lcl|NC_037644.1_mrna_XM_623735.6_14277	2408	2209	180.131	4.46353
lcl|NC_037644.1_mrna_XM_006569460.2_14278	1469	1270	553.856	23.8714
lcl|NC_037644.1_mrna_XM_006569461.3_14279	1427	1228	282.196	12.5788
lcl|NC_037644.1_mrna_XM_026441706.1_14280	992	793	292.478	20.1885
lcl|NC_037644.1_mrna_XM_026441707.1_14281	1059	860	115.522	7.3528
lcl|NC_037644.1_mrna_XM_026441647.1_14282	8470	8271	1290	8.53723
lcl|NC_037644.1_mrna_XM_623618.6_14283	2297	2098	5	0.130452
lcl|NC_037644.1_mrna_NM_001327966.1_14284	1515	1316	8	0.332751
lcl|NC_037644.1_ncrna_XR_120486.4_14285	703	504	0	0
lcl|NC_037644.1_mrna_XM_392687.7_14286	1943	1744	5	0.156931
lcl|NC_037644.1_ncrna_XR_003305022.1_14287	1369	1170	0	0
lcl|NC_037644.1_ncrna_XR_001703789.2_14288	1382	1183	4.81727e-07	2.22895e-08
lcl|NC_037644.1_ncrna_XR_001703787.2_14289	1366	1167	14	0.656663
lcl|NC_037644.1_mrna_XM_006569457.3_14290	2214	2015	20	0.543301
lcl|NC_037644.1_mrna_XM_006569454.3_14291	602	403	8	1.0866
lcl|NC_037644.1_mrna_XM_392686.6_14292	1472	1273	1878	80.7518
lcl|NC_037644.1_mrna_XM_001122142.5_14293	2306	2107	807	20.965
lcl|NC_037644.1_mrna_XM_006569452.3_14294	1882	1683	159.082	5.17394
lcl|NC_037644.1_mrna_XM_006569453.3_14295	1866	1667	29.6457	0.973446
lcl|NC_037644.1_mrna_XM_395164.6_14296	1813	1614	952.272	32.2956
lcl|NC_037644.1_mrna_XM_395163.6_14297	879	680	2540	204.461
lcl|NC_037644.1_mrna_XM_006569451.2_14298	668	469	0	0
lcl|NC_037644.1_mrna_XM_623266.5_14299	784	585	2087	195.277
lcl|NC_037644.1_mrna_XM_026441762.1_14300	2115	1916	1400	39.9961
lcl|NC_037644.1_mrna_XM_395378.6_14301	2022	1823	676.45	20.3111
lcl|NC_037644.1_mrna_XM_006569450.2_14302	1970	1771	74.55	2.30417
lcl|NC_037644.1_mrna_XM_026441761.1_14303	9527	9328	1298	7.61678
lcl|NC_037644.1_mrna_XM_394670.7_14304	2016	1817	1255	37.8072
lcl|NC_037644.1_mrna_XM_001119992.5_14305	3683	3484	1029.49	16.1745
lcl|NC_037644.1_mrna_XM_006569449.3_14306	3391	3192	482.918	8.28125
lcl|NC_037644.1_mrna_XM_006569448.3_14307	3394	3195	13.5888	0.232807
lcl|NC_037644.1_mrna_XM_006569447.3_14308	5948	5749	512.286	4.87759
lcl|NC_037644.1_mrna_XM_016913098.2_14309	6141	5942	435.925	4.01573
lcl|NC_037644.1_mrna_XM_392439.7_14310	6059	5860	576.117	5.38144
lcl|NC_037644.1_mrna_XM_016913099.2_14311	5949	5750	411.326	3.91565
lcl|NC_037644.1_mrna_XM_026441838.1_14312	5813	5614	944.347	9.20755
lcl|NC_037644.1_mrna_XM_394669.6_14313	1352	1153	332	15.7614
lcl|NC_037644.1_mrna_XM_016913097.2_14314	5084	4885	1960.24	21.9649
lcl|NC_037644.1_mrna_XM_003251341.4_14315	5441	5242	104.194	1.08801
lcl|NC_037644.1_mrna_XM_006569438.3_14316	5500	5301	263.352	2.71935
lcl|NC_037644.1_mrna_XM_006569441.3_14317	4370	4171	479.048	6.28672
lcl|NC_037644.1_mrna_XM_026441840.1_14318	4193	3994	25	0.342624
lcl|NC_037644.1_mrna_XM_026441841.1_14319	4337	4138	0	0
lcl|NC_037644.1_mrna_XM_392438.7_14320	4330	4131	0	0
lcl|NC_037644.1_ncrna_XR_003305049.1_14321	459	260	0	0
lcl|NC_037644.1_ncrna_XR_411517.3_14322	374	175	0	0
lcl|NC_037644.1_ncrna_XR_001703775.2_14323	1387	1188	0	0
lcl|NC_037644.1_ncrna_XR_001703774.2_14324	1445	1246	0	0
lcl|NC_037644.1_mrna_XM_016913202.2_14325	4637	4438	0	0
lcl|NC_037644.1_mrna_XM_016913203.2_14326	4483	4284	0	0
lcl|NC_037644.1_mrna_XM_006569436.3_14327	4285	4086	0	0
lcl|NC_037644.1_mrna_XM_016913204.2_14328	4633	4434	0	0
lcl|NC_037644.1_mrna_XM_006569434.3_14329	3435	3236	4.9997	0.0845708
lcl|NC_037644.1_mrna_XM_006569433.3_14330	3520	3321	0	0
lcl|NC_037644.1_mrna_XM_006569435.3_14331	3460	3261	0.000302677	5.08058e-06
lcl|NC_037644.1_mrna_XM_006569437.3_14332	2741	2542	0	0
lcl|NC_037644.1_mrna_XM_006569432.3_14333	2200	2001	983	26.8901
lcl|NC_037644.1_mrna_XM_392437.6_14334	930	731	1250	93.6004
lcl|NC_037644.1_mrna_XM_006569431.2_14335	808	609	0	0
lcl|NC_037644.1_mrna_XM_006569423.3_14336	5666	5467	127.19	1.27347
lcl|NC_037644.1_mrna_XM_003251351.4_14337	5688	5489	255.922	2.55211
lcl|NC_037644.1_mrna_XM_006569422.3_14338	5666	5467	508.759	5.09387
lcl|NC_037644.1_mrna_XM_006569425.2_14339	5336	5137	0	0
lcl|NC_037644.1_mrna_XM_006569424.3_14340	3426	3227	27.1459	0.460458
lcl|NC_037644.1_mrna_XM_006569421.2_14341	3369	3170	89.7837	1.55033
lcl|NC_037644.1_ncrna_XR_411513.3_14342	1764	1565	15.2005	0.531655
lcl|NC_037644.1_ncrna_XR_001703746.2_14343	2184	1985	0	0
lcl|NC_037644.1_ncrna_XR_001703744.2_14344	2355	2156	8.78026	0.222917
lcl|NC_037644.1_mrna_XM_006569426.3_14345	7116	6917	470	3.71934
lcl|NC_037644.1_ncrna_XR_003305050.1_14346	5245	5046	77.4273	0.839909
lcl|NC_037644.1_ncrna_XR_001703742.2_14347	1945	1746	8.90526	0.279182
lcl|NC_037644.1_ncrna_XR_001703747.2_14348	3750	3551	0	0
lcl|NC_037644.1_mrna_XM_016913174.2_14349	8753	8554	2573.11	16.4655
lcl|NC_037644.1_mrna_XM_016913172.2_14350	8873	8674	0.000413866	2.61171e-06
lcl|NC_037644.1_mrna_XM_016913173.2_14351	8881	8682	0.000129301	8.15204e-07
lcl|NC_037644.1_mrna_XM_016913177.2_14352	7737	7538	662.474	4.81059
lcl|NC_037644.1_mrna_XM_016913171.2_14353	9168	8969	2.82035e-05	1.72125e-07
lcl|NC_037644.1_mrna_XM_006569427.3_14354	9092	8893	609.966	3.75442
lcl|NC_037644.1_mrna_XM_006569428.3_14355	9046	8847	140.623	0.870052
lcl|NC_037644.1_mrna_XM_016913175.2_14356	3015	2816	12.8165	0.249129
lcl|NC_037644.1_ncrna_XR_003305021.1_14357	2487	2288	107.972	2.5831
lcl|NC_037644.1_mrna_XM_392433.7_14358	6732	6533	1471.76	12.3313
lcl|NC_037644.1_mrna_XM_006569420.3_14359	2198	1999	4510	123.495
lcl|NC_037644.1_mrna_XM_026441804.1_14360	5647	5448	130.743	1.31361
lcl|NC_037644.1_mrna_XM_016913047.2_14361	4909	4710	259.316	3.01366
lcl|NC_037644.1_mrna_XM_026441805.1_14362	5084	4885	35.3289	0.395869
lcl|NC_037644.1_mrna_XM_016913044.2_14363	5235	5036	575.197	6.25196
lcl|NC_037644.1_mrna_XM_016913045.2_14364	5166	4967	66.8627	0.736843
lcl|NC_037644.1_mrna_XM_026441806.1_14365	4716	4517	277.237	3.35959
lcl|NC_037644.1_mrna_XM_624550.6_14366	3487	3288	590.315	9.82737
lcl|NC_037644.1_mrna_XM_624529.6_14367	2277	2078	1333.04	35.1141
lcl|NC_037644.1_mrna_XM_624505.6_14368	1476	1277	709.964	30.432
lcl|NC_037644.1_mrna_XM_006569415.3_14369	2262	2063	178	4.72287
lcl|NC_037644.1_mrna_XM_394667.6_14370	1182	983	280.857	15.6393
lcl|NC_037644.1_mrna_XM_003251346.4_14371	1077	878	340.143	21.2057
lcl|NC_037644.1_mrna_XM_006569407.3_14372	2425	2226	19.5576	0.480924
lcl|NC_037644.1_mrna_XM_006569408.3_14373	2822	2623	26.4282	0.551512
lcl|NC_037644.1_mrna_XM_397532.7_14374	1863	1664	314.014	10.3295
lcl|NC_037644.1_mrna_XM_006569406.3_14375	1296	1097	434.623	21.6866
lcl|NC_037644.1_mrna_XM_394666.7_14376	1249	1050	56.3768	2.93898
lcl|NC_037644.1_mrna_XM_016913194.2_14377	1174	975	4.63169e-05	2.60028e-06
lcl|NC_037644.1_mrna_XM_394665.7_14378	763	564	145	14.0726
lcl|NC_037644.1_mrna_XM_392431.5_14379	3694	3495	216	3.38292
lcl|NC_037644.1_mrna_XM_392430.7_14380	1224	1025	3701	197.643
lcl|NC_037644.1_mrna_XM_003251347.4_14381	967	768	21	1.49673
lcl|NC_037644.1_mrna_XM_016913136.2_14382	884	685	2	0.159818
lcl|NC_037644.1_mrna_XM_001121053.5_14383	1312	1113	275	13.5245
lcl|NC_037644.1_mrna_XM_026441904.1_14384	1618	1419	3965.47	152.967
lcl|NC_037644.1_mrna_XM_016913135.2_14385	1778	1579	6361.53	220.529
lcl|NC_037644.1_mrna_XM_026441905.1_14386	1932	1733	246	7.77001
lcl|NC_037644.1_mrna_XM_006569403.3_14387	3354	3155	2389	41.4479
lcl|NC_037644.1_mrna_XM_016913039.2_14388	12231	12032	25.752	0.117155
lcl|NC_037644.1_mrna_XM_006569388.3_14389	12251	12052	3.16615	0.01438
lcl|NC_037644.1_mrna_XM_016913041.2_14390	5991	5792	120.082	1.13484
lcl|NC_037644.1_mrna_XM_006569392.3_14391	1723	1524	0	0
lcl|NC_037644.1_mrna_XM_001121325.5_14392	1657	1458	36.1356	1.35663
lcl|NC_037644.1_mrna_XM_026441646.1_14393	649	450	2	0.243278
lcl|NC_037644.1_mrna_XM_026441645.1_14394	2992	2793	9.86441	0.193324
lcl|NC_037644.1_mrna_XM_394663.7_14395	1747	1548	52	1.83873
lcl|NC_037644.1_mrna_XM_006569399.3_14396	1361	1162	193.317	9.10647
lcl|NC_037644.1_mrna_XM_394662.7_14397	1363	1164	435.683	20.4881
lcl|NC_037644.1_mrna_XM_026441705.1_14398	1340	1141	11	0.527706
lcl|NC_037644.1_mrna_XM_026441643.1_14399	5716	5517	2.76017	0.0273853
lcl|NC_037644.1_mrna_XM_026441642.1_14400	5884	5685	642.028	6.18171
lcl|NC_037644.1_mrna_XM_026441644.1_14401	5214	5015	403.263	4.40152
lcl|NC_037644.1_mrna_XM_026441639.1_14402	10412	10213	25.5291	0.136826
lcl|NC_037644.1_ncrna_XR_003304993.1_14403	1711	1512	3.60572	0.130535
lcl|NC_037644.1_ncrna_XR_003304994.1_14404	453	254	0.394277	0.0849675
lcl|NC_037644.1_mrna_XM_026441640.1_14405	9647	9448	665.714	3.85685
lcl|NC_037644.1_mrna_XM_026441641.1_14406	9625	9426	6118.66	35.5315
lcl|NW_020555792.1_ncrna_XR_003306359.1_14407	451	252	0	0
lcl|NC_037645.1_mrna_XM_026442024.1_14408	4518	4319	150.021	1.90132
lcl|NC_037645.1_mrna_XM_026442025.1_14409	3926	3727	0	0
lcl|NC_037645.1_mrna_XM_026442026.1_14410	4257	4058	107.487	1.44988
lcl|NC_037645.1_mrna_XM_026442027.1_14411	3528	3329	0	0
lcl|NC_037645.1_mrna_XM_026442028.1_14412	2957	2758	50.4912	1.00209
lcl|NC_037645.1_ncrna_XR_407440.3_14413	1140	941	2	0.116339
lcl|NC_037645.1_mrna_XM_026442029.1_14414	6751	6552	4.65452e-05	3.88854e-07
lcl|NC_037645.1_mrna_XM_006557271.3_14415	7128	6929	1092.22	8.62831
lcl|NC_037645.1_mrna_XM_006557272.3_14416	7052	6853	477.001	3.80999
lcl|NC_037645.1_mrna_XM_006557274.3_14417	4519	4320	19.3018	0.244568
lcl|NC_037645.1_mrna_XM_006557275.3_14418	3963	3764	55.4747	0.806734
lcl|NC_037645.1_mrna_XM_026442254.1_14419	1724	1525	8	0.287148
lcl|NC_037645.1_mrna_XM_003249035.4_14420	3604	3405	1476	23.7276
lcl|NC_037645.1_mrna_XM_001122632.4_14421	2528	2329	91	2.13874
lcl|NC_037645.1_mrna_XM_006557269.3_14422	4644	4445	447.166	5.50658
lcl|NC_037645.1_mrna_XM_006557270.3_14423	4605	4406	860.679	10.6926
lcl|NC_037645.1_mrna_XM_395374.7_14424	4659	4460	43.1554	0.529646
lcl|NC_037645.1_mrna_XM_026442017.1_14425	4539	4340	0	0
lcl|NC_037645.1_mrna_XM_026442015.1_14426	4170	3971	0	0
lcl|NC_037645.1_mrna_XM_026442018.1_14427	1700	1501	18.7705	0.68451
lcl|NC_037645.1_mrna_XM_026442019.1_14428	1631	1432	3.77395	0.144258
lcl|NC_037645.1_mrna_XM_026442011.1_14429	4324	4125	1.56513e-05	2.07688e-07
lcl|NC_037645.1_mrna_XM_026442014.1_14430	4228	4029	0	0
lcl|NC_037645.1_mrna_XM_026442012.1_14431	4261	4062	9.64475e-07	1.29968e-08
lcl|NC_037645.1_mrna_XM_026442013.1_14432	4249	4050	100.728	1.36138
lcl|NC_037645.1_mrna_XM_026442016.1_14433	4140	3941	285.543	3.96597
lcl|NC_037645.1_mrna_XM_016913293.2_14434	4250	4051	0.0571557	0.000772294
lcl|NC_037645.1_mrna_XM_016913286.2_14435	7511	7312	11.2395	0.0841387
lcl|NC_037645.1_mrna_XM_016913295.2_14436	3079	2880	234.471	4.45638
lcl|NC_037645.1_mrna_XM_016913294.2_14437	3941	3742	244.688	3.57927
lcl|NC_037645.1_mrna_NM_001011568.1_14438	2077	1878	5.53025	0.161189
lcl|NC_037645.1_ncrna_XR_001703895.2_14439	339	140	1	0.390982
lcl|NC_037645.1_mrna_XM_003249034.4_14440	751	552	226	22.4107
lcl|NC_037645.1_mrna_XM_006557268.3_14441	1428	1229	280	12.4707
lcl|NC_037645.1_mrna_XM_006557267.3_14442	6704	6505	1652	13.9011
lcl|NC_037645.1_mrna_XM_001120056.5_14443	514	315	970	168.557
lcl|NC_037645.1_mrna_NM_001178027.1_14444	804	605	12308	1113.57
lcl|NC_037645.1_mrna_XM_392912.7_14445	799	600	1043	95.1521
lcl|NC_037645.1_mrna_XM_001119928.5_14446	1704	1505	45	1.63667
lcl|NC_037645.1_mrna_XM_006557266.3_14447	1644	1445	304.202	11.5234
lcl|NC_037645.1_mrna_XM_006557265.2_14448	1625	1426	260.798	10.0108
lcl|NC_037645.1_mrna_XM_026442239.1_14449	2094	1895	206.113	5.95362
lcl|NC_037645.1_mrna_XM_026442237.1_14450	2370	2171	0	0
lcl|NC_037645.1_mrna_XM_026442234.1_14451	2347	2148	157.206	4.00609
lcl|NC_037645.1_mrna_XM_026442235.1_14452	2295	2096	21.14	0.552076
lcl|NC_037645.1_mrna_XM_026442238.1_14453	2229	2030	572.768	15.4443
lcl|NC_037645.1_mrna_XM_026442236.1_14454	2354	2155	49.355	1.25363
lcl|NC_037645.1_mrna_XM_026442240.1_14455	2171	1972	79.418	2.20444
lcl|NC_037645.1_mrna_XM_026442228.1_14456	4672	4473	41.7628	0.511065
lcl|NC_037645.1_mrna_XM_026442229.1_14457	3280	3081	0.237204	0.00421421
lcl|NC_037645.1_precursorrna_NR_127364.1_14458	76	3.6135	0	0
lcl|NC_037645.1_ncrna_14459	21	2.72438	0	0
lcl|NC_037645.1_mrna_XM_006558221.3_14460	2169	1970	57.8439	1.60723
lcl|NC_037645.1_mrna_XM_006558218.3_14461	2256	2057	0	0
lcl|NC_037645.1_mrna_XM_026442371.1_14462	2162	1963	78.9565	2.20167
lcl|NC_037645.1_mrna_XM_016913481.2_14463	4360	4161	281.889	3.70823
lcl|NC_037645.1_mrna_XM_016913479.2_14464	4378	4179	0	0
lcl|NC_037645.1_mrna_XM_006558216.3_14465	4308	4109	694.602	9.25306
lcl|NC_037645.1_mrna_XM_016913480.2_14466	4368	4169	337.757	4.43464
lcl|NC_037645.1_mrna_XM_006558217.3_14467	2247	2048	317.951	8.49797
lcl|NC_037645.1_ncrna_XR_407789.3_14468	1427	1228	0	0
lcl|NC_037645.1_ncrna_XR_119774.4_14469	1402	1203	91.2578	4.15231
lcl|NC_037645.1_ncrna_XR_001703888.2_14470	1022	823	1.77337	0.117947
lcl|NC_037645.1_mrna_XM_006558214.3_14471	5011	4812	0.000142325	1.61897e-06
lcl|NC_037645.1_mrna_XM_003249196.4_14472	5052	4853	694.043	7.82819
lcl|NC_037645.1_mrna_XM_006558215.3_14473	4251	4052	12.9572	0.175036
lcl|NC_037645.1_ncrna_XR_003305204.1_14474	1350	1151	4	0.190226
lcl|NC_037645.1_ncrna_XR_003305203.1_14475	1149	950	2	0.115237
lcl|NC_037645.1_ncrna_XR_003305201.1_14476	6689	6490	12.9191	0.108962
lcl|NC_037645.1_ncrna_XR_003305189.1_14477	7653	7454	0	0
lcl|NC_037645.1_ncrna_XR_003305197.1_14478	7484	7285	41.572	0.312361
lcl|NC_037645.1_ncrna_XR_003305194.1_14479	7645	7446	0	0
lcl|NC_037645.1_ncrna_XR_003305199.1_14480	7476	7277	0	0
lcl|NC_037645.1_ncrna_XR_003305190.1_14481	6980	6781	0	0
lcl|NC_037645.1_ncrna_XR_003305200.1_14482	5851	5652	0	0
lcl|NC_037645.1_ncrna_XR_003305196.1_14483	7449	7250	0	0
lcl|NC_037645.1_ncrna_XR_003305192.1_14484	7504	7305	0	0
lcl|NC_037645.1_ncrna_XR_003305195.1_14485	7551	7352	0	0
lcl|NC_037645.1_ncrna_XR_003305193.1_14486	7053	6854	0	0
lcl|NC_037645.1_ncrna_XR_003305191.1_14487	7166	6967	0	0
lcl|NC_037645.1_ncrna_XR_003305198.1_14488	7064	6865	0.161209	0.00128539
lcl|NC_037645.1_ncrna_XR_001703886.2_14489	7261	7062	41.3476	0.320485
lcl|NC_037645.1_ncrna_XR_003305202.1_14490	1492	1293	18	0.762008
lcl|NC_037645.1_mrna_XM_006558211.3_14491	1807	1608	26.1053	0.888645
lcl|NC_037645.1_mrna_XM_006558212.3_14492	2031	1832	1.03217	0.0308398
lcl|NC_037645.1_mrna_XM_026442241.1_14493	2671	2472	3.8625	0.0855274
lcl|NC_037645.1_ncrna_XR_003305164.1_14494	941	742	0	0
lcl|NC_037645.1_mrna_XM_006558209.3_14495	1093	894	4.05442	0.248243
lcl|NC_037645.1_mrna_XM_006558210.3_14496	652	453	205.946	24.8851
lcl|NC_037645.1_mrna_XM_016913696.2_14497	1494	1295	4428.3	187.177
lcl|NC_037645.1_mrna_XM_016913693.2_14498	1539	1340	0	0
lcl|NC_037645.1_mrna_XM_016913694.2_14499	1560	1361	72.0965	2.89962
lcl|NC_037645.1_mrna_XM_016913697.2_14500	1505	1306	360.37	15.104
lcl|NC_037645.1_mrna_XM_026442086.1_14501	1472	1273	955.237	41.0741
lcl|NC_037645.1_mrna_XM_016913692.2_14502	2666	2467	21	0.465946
lcl|NC_037645.1_mrna_XM_026442021.1_14503	5341	5142	753.844	8.02481
lcl|NC_037645.1_mrna_XM_026442020.1_14504	5398	5199	0.000684144	7.20299e-06
lcl|NC_037645.1_mrna_NM_001040231.1_14505	363	164	0	0
lcl|NC_037645.1_mrna_XM_026442485.1_14506	4996	4797	71.6877	0.818013
lcl|NC_037645.1_mrna_XM_016913560.2_14507	5174	4975	414.324	4.55861
lcl|NC_037645.1_mrna_XM_016913559.2_14508	5969	5770	9.51954	0.0903079
lcl|NC_037645.1_mrna_XM_016913569.2_14509	5856	5657	0	0
lcl|NC_037645.1_mrna_XM_006558196.3_14510	5079	4880	42.3909	0.475487
lcl|NC_037645.1_mrna_XM_016913564.2_14511	4534	4335	0	0
lcl|NC_037645.1_mrna_XM_016913568.2_14512	6754	6555	80.4031	0.671407
lcl|NC_037645.1_mrna_XM_016913567.2_14513	4843	4644	0	0
lcl|NC_037645.1_mrna_XM_016913566.2_14514	4850	4651	37.5121	0.441479
lcl|NC_037645.1_mrna_XM_016913562.2_14515	4718	4519	24.5629	0.297524
lcl|NC_037645.1_mrna_XM_016913561.2_14516	4912	4713	15.2048	0.17659
lcl|NC_037645.1_mrna_XM_016913570.2_14517	4263	4064	20.3962	0.274714
lcl|NC_037645.1_ncrna_XR_001703935.2_14518	1465	1266	2	0.0864732
lcl|NC_037645.1_ncrna_XR_407758.3_14519	2411	2212	91.7576	2.27061
lcl|NC_037645.1_mrna_XM_006558205.3_14520	4460	4261	449.605	5.7757
lcl|NC_037645.1_mrna_XM_006558204.3_14521	4631	4432	181.427	2.24072
lcl|NC_037645.1_mrna_XM_016913552.2_14522	4472	4273	144.036	1.84511
lcl|NC_037645.1_mrna_XM_016913551.2_14523	4334	4135	2.14307e-06	2.83691e-08
lcl|NC_037645.1_mrna_XM_006558208.3_14524	4223	4024	50.1749	0.682518
lcl|NC_037645.1_mrna_XM_026442483.1_14525	4152	3953	0	0
lcl|NC_037645.1_mrna_XM_394713.7_14526	2390	2191	1468	36.6749
lcl|NC_037645.1_mrna_XM_623907.6_14527	4765	4566	195.03	2.33804
lcl|NC_037645.1_mrna_XM_016913644.2_14528	4815	4616	745.831	8.84422
lcl|NC_037645.1_mrna_XM_006558195.3_14529	4770	4571	259.222	3.10417
lcl|NC_037645.1_mrna_XM_016913647.2_14530	1015	816	20.4315	1.37055
lcl|NC_037645.1_mrna_XM_016913646.2_14531	1059	860	19.5455	1.24404
lcl|NC_037645.1_mrna_XM_395426.7_14532	8054	7855	23	0.160275
lcl|NC_037645.1_mrna_XM_016913649.2_14533	2303	2104	250.833	6.52566
lcl|NC_037645.1_mrna_XM_016913645.2_14534	1535	1336	0	0
lcl|NC_037645.1_mrna_XM_016913648.2_14535	1449	1250	548.551	24.0211
lcl|NC_037645.1_mrna_XM_006558625.3_14536	6638	6439	643	5.4661
lcl|NC_037645.1_mrna_XM_625107.6_14537	1226	1027	45	2.39843
lcl|NC_037645.1_mrna_XM_016913742.2_14538	824	625	215.909	18.9093
lcl|NC_037645.1_mrna_XM_016913741.2_14539	769	570	78.0909	7.49913
lcl|NC_037645.1_mrna_XM_026442056.1_14540	3644	3445	0	0
lcl|NC_037645.1_mrna_XM_026442058.1_14541	3395	3196	42.5	0.727893
lcl|NC_037645.1_mrna_XM_026442055.1_14542	3268	3069	0	0
lcl|NC_037645.1_mrna_XM_026442057.1_14543	3019	2820	34.5	0.669661
lcl|NC_037645.1_mrna_XM_026442060.1_14544	1596	1397	0	0
lcl|NC_037645.1_mrna_XM_026442061.1_14545	1409	1210	0	0
lcl|NC_037645.1_mrna_XM_026442059.1_14546	1487	1288	0	0
lcl|NC_037645.1_mrna_XM_016913739.2_14547	1303	1104	102.029	5.05869
lcl|NC_037645.1_mrna_XM_001120831.5_14548	1201	1002	411.971	22.5053
lcl|NC_037645.1_mrna_XM_006558629.3_14549	1461	1262	728	31.576
lcl|NC_037645.1_mrna_XM_026442187.1_14550	14528	14329	3691.6	14.1021
lcl|NC_037645.1_mrna_XM_026442186.1_14551	14543	14344	5381.4	20.5357
lcl|NC_037645.1_ncrna_XR_003305158.1_14552	562	363	54.3754	8.19939
lcl|NC_037645.1_ncrna_XR_003305159.1_14553	564	365	174.625	26.1877
lcl|NC_037645.1_ncrna_XR_003305161.1_14554	490	291	0	0
lcl|NC_037645.1_ncrna_XR_003305162.1_14555	447	248	28	6.18005
lcl|NC_037645.1_mrna_XM_001121647.5_14556	2591	2392	350	8.00926
lcl|NC_037645.1_ncrna_XR_001704056.2_14557	2375	2176	8	0.201241
lcl|NC_037645.1_ncrna_XR_003305160.1_14558	4509	4310	0.0109193	0.000138677
lcl|NC_037645.1_ncrna_XR_407972.3_14559	4514	4315	343.989	4.36364
lcl|NC_037645.1_mrna_XM_026442188.1_14560	820	621	20	1.76288
lcl|NC_037645.1_mrna_XM_016913705.1_14561	5537	5338	9.05403	0.0928429
lcl|NC_037645.1_mrna_XM_006558656.2_14562	5585	5386	721.946	7.33709
lcl|NC_037645.1_mrna_XM_003249314.4_14563	1501	1302	5	0.210206
lcl|NC_037645.1_mrna_XM_006558631.3_14564	515	316	0	0
lcl|NC_037645.1_mrna_XM_001121757.5_14565	479	280	8	1.56393
lcl|NC_037645.1_mrna_XM_026442189.1_14566	2094	1895	7.90432e-07	2.28318e-08
lcl|NC_037645.1_mrna_XM_625144.5_14567	2263	2064	312.196	8.27947
lcl|NC_037645.1_mrna_XM_006558633.3_14568	2144	1945	130.593	3.67524
lcl|NC_037645.1_mrna_XM_006558634.3_14569	2057	1858	108.211	3.18796
lcl|NC_037645.1_mrna_XM_006558636.2_14570	2199	2000	3.45992e-05	9.46939e-07
lcl|NC_037645.1_mrna_XM_624220.4_14571	2193	1994	328.99	9.03115
lcl|NC_037645.1_miscrna_XR_407983.2_14572	1887	1688	0.00981304	0.000318212
lcl|NC_037645.1_mrna_XM_026442463.1_14573	4058	3859	1194.42	16.9422
lcl|NC_037645.1_mrna_XM_026442464.1_14574	4038	3839	0	0
lcl|NC_037645.1_mrna_XM_026442465.1_14575	3999	3800	305.018	4.39367
lcl|NC_037645.1_mrna_XM_026442467.1_14576	3984	3785	55.3401	0.800312
lcl|NC_037645.1_mrna_XM_026442468.1_14577	3702	3503	0	0
lcl|NC_037645.1_mrna_XM_026442466.1_14578	3871	3672	532.218	7.93363
lcl|NC_037645.1_mrna_XM_026442473.1_14579	1174	975	556	31.2144
lcl|NC_037645.1_mrna_XM_026442472.1_14580	3357	3158	136.33	2.363
lcl|NC_037645.1_mrna_XM_026442469.1_14581	3544	3345	30.0549	0.491818
lcl|NC_037645.1_mrna_XM_026442470.1_14582	3493	3294	0	0
lcl|NC_037645.1_mrna_XM_026442471.1_14583	3103	2904	82.6155	1.55722
lcl|NC_037645.1_mrna_XM_026442478.1_14584	829	630	1320.04	114.692
lcl|NC_037645.1_mrna_XM_026442479.1_14585	1059	860	14.9565	0.951957
lcl|NC_037645.1_mrna_XM_006558651.3_14586	1909	1710	584.171	18.6995
lcl|NC_037645.1_mrna_XM_026442475.1_14587	2012	1813	0	0
lcl|NC_037645.1_mrna_XM_026442474.1_14588	2000	1801	2.73387	0.08309
lcl|NC_037645.1_mrna_XM_026442476.1_14589	1943	1744	147.119	4.61751
lcl|NC_037645.1_mrna_XM_026442477.1_14590	1886	1687	105.972	3.43844
lcl|NC_037645.1_mrna_XM_006558652.3_14591	1461	1262	122.429	5.31018
lcl|NC_037645.1_mrna_XM_625092.5_14592	1497	1298	1485.57	62.6475
lcl|NC_037645.1_mrna_XM_006558650.3_14593	1860	1661	0.0036493	0.000120261
lcl|NC_037645.1_mrna_XM_001121229.5_14594	1230	1031	704	37.3766
lcl|NC_037645.1_mrna_XM_392585.7_14595	1876	1677	293	9.56357
lcl|NC_037645.1_mrna_XM_026442374.1_14596	1253	1054	428.114	22.2333
lcl|NC_037645.1_mrna_XM_026442373.1_14597	1208	1009	64.0223	3.47317
lcl|NC_037645.1_mrna_XM_006558653.2_14598	1378	1179	18.8641	0.875805
lcl|NC_037645.1_mrna_XM_016913786.2_14599	1282	1083	0	0
lcl|NC_037645.1_mrna_XM_016913782.2_14600	1360	1161	0	0
lcl|NC_037645.1_mrna_XM_016913787.2_14601	1555	1356	219.375	8.85549
lcl|NC_037645.1_mrna_XM_026442288.1_14602	1487	1288	157.763	6.70462
lcl|NC_037645.1_mrna_XM_395161.6_14603	1271	1072	5.00364	0.255492
lcl|NC_037645.1_mrna_XM_016913784.2_14604	1189	990	51.4666	2.84561
lcl|NC_037645.1_mrna_XM_016913781.2_14605	1179	980	277.392	15.4936
lcl|NC_037645.1_mrna_XM_006558916.3_14606	1572	1373	6	0.239203
lcl|NC_037645.1_mrna_XM_026442381.1_14607	643	444	335	41.2997
lcl|NC_037645.1_mrna_XM_026442382.1_14608	686	487	546	61.369
lcl|NC_037645.1_mrna_XM_026442533.1_14609	4159	3960	1201.65	16.6099
lcl|NC_037645.1_miscrna_XR_003305252.1_14610	4410	4211	215.303	2.79866
lcl|NC_037645.1_miscrna_XR_003305253.1_14611	4201	4002	0	0
lcl|NC_037645.1_mrna_XM_006558915.3_14612	4266	4067	0	0
lcl|NC_037645.1_mrna_XM_026442535.1_14613	4188	3989	329.051	4.51527
lcl|NC_037645.1_mrna_XM_026442245.1_14614	963	764	123	8.81246
lcl|NC_037645.1_mrna_XM_026442536.1_14615	10301	10102	0	0
lcl|NC_037645.1_mrna_XM_026442537.1_14616	10238	10039	0	0
lcl|NC_037645.1_mrna_XM_026442538.1_14617	10196	9997	750.367	4.10856
lcl|NC_037645.1_mrna_XM_026442539.1_14618	10124	9925	7.0455e-08	3.88568e-10
lcl|NC_037645.1_mrna_XM_026442540.1_14619	9738	9539	841.324	4.82776
lcl|NC_037645.1_mrna_XM_026442541.1_14620	9772	9573	1948.31	11.1402
lcl|NC_037645.1_mrna_XM_016913774.2_14621	1095	896	5	0.305455
lcl|NC_037645.1_mrna_XM_016913773.2_14622	492	293	13.8911	2.5951
lcl|NC_037645.1_mrna_XM_016913772.2_14623	676	477	2.10889	0.242003
lcl|NC_037645.1_mrna_XM_016913771.2_14624	4021	3822	232	3.32263
lcl|NC_037645.1_mrna_XM_006558904.3_14625	1164	965	0	0
lcl|NC_037645.1_mrna_XM_003249365.4_14626	1276	1077	7.88557	0.400777
lcl|NC_037645.1_mrna_XM_006558905.3_14627	923	724	3.69902	0.279662
lcl|NC_037645.1_mrna_XM_623533.6_14628	2366	2167	38.4154	0.970358
lcl|NC_037645.1_mrna_XM_016913591.2_14629	4356	4157	48.3546	0.636712
lcl|NC_037645.1_miscrna_XR_003305086.1_14630	4019	3820	0	0
lcl|NC_037645.1_mrna_XM_016913590.2_14631	4332	4133	2661.65	35.2509
lcl|NC_037645.1_mrna_XM_026442531.1_14632	2678	2479	5072.16	111.996
lcl|NC_037645.1_mrna_XM_026442532.1_14633	1918	1719	1650.84	52.567
lcl|NC_037645.1_mrna_XM_624639.6_14634	2046	1847	1785	52.9001
lcl|NC_037645.1_mrna_XM_006558898.3_14635	3079	2880	2563	48.7126
lcl|NC_037645.1_mrna_XM_016913308.1_14636	717	518	437.823	46.2652
lcl|NC_037645.1_mrna_XM_006558900.3_14637	838	639	530.623	45.4538
lcl|NC_037645.1_miscrna_XR_003305251.1_14638	253	54.2236	8.55445	8.63553
lcl|NC_037645.1_mrna_XM_026442246.1_14639	1112	913	634	38.0105
lcl|NC_037645.1_mrna_XM_026442366.1_14640	1791	1592	1	0.0343829
lcl|NC_037645.1_mrna_XM_393000.6_14641	2503	2304	13	0.308849
lcl|NC_037645.1_mrna_XM_026442364.1_14642	2549	2350	0	0
lcl|NC_037645.1_mrna_XM_026442365.1_14643	1989	1790	0	0
lcl|NC_037645.1_mrna_XM_006558885.3_14644	1747	1548	26.8178	0.94828
lcl|NC_037645.1_mrna_XM_006558887.2_14645	1112	913	25.7719	1.54511
lcl|NC_037645.1_mrna_XM_006558886.2_14646	1115	916	0.410374	0.0245228
lcl|NC_037645.1_mrna_XM_016913720.1_14647	4754	4555	4.08306e-05	4.90663e-07
lcl|NC_037645.1_mrna_XM_016913715.2_14648	5398	5199	0.00625342	6.58389e-05
lcl|NC_037645.1_mrna_XM_016913714.2_14649	5407	5208	108.149	1.13668
lcl|NC_037645.1_mrna_XM_026442125.1_14650	5311	5112	0.254461	0.00272468
lcl|NC_037645.1_mrna_XM_016913713.2_14651	5368	5169	0.0386654	0.00040945
lcl|NC_037645.1_mrna_XM_016913712.2_14652	5298	5099	0.11615	0.00124686
lcl|NC_037645.1_mrna_XM_016913718.2_14653	5346	5147	239.422	2.54621
lcl|NC_037645.1_mrna_XM_016913719.1_14654	5152	4953	111.783	1.23536
lcl|NC_037645.1_mrna_XM_016913716.1_14655	5212	5013	63.2301	0.690417
lcl|NC_037645.1_mrna_XM_395849.7_14656	5317	5118	5.99924e-05	6.41625e-07
lcl|NC_037645.1_mrna_XM_026442379.1_14657	951	752	143.125	10.418
lcl|NC_037645.1_mrna_XM_624817.4_14658	1318	1119	240.875	11.7827
lcl|NC_037645.1_mrna_XM_016913727.2_14659	1543	1344	835	34.0073
lcl|NC_037645.1_mrna_XM_026442492.1_14660	1741	1542	180.543	6.40886
lcl|NC_037645.1_mrna_XM_026442493.1_14661	1576	1377	60.4259	2.40201
lcl|NC_037645.1_mrna_XM_026442494.1_14662	1618	1419	21.0314	0.81128
lcl|NC_037645.1_mrna_XM_397354.7_14663	1082	883	619	38.3721
lcl|NC_037645.1_mrna_XM_026442495.1_14664	5346	5147	1805.52	19.2015
lcl|NC_037645.1_mrna_XM_395493.6_14665	1708	1509	293	10.6283
lcl|NC_037645.1_mrna_XM_026442496.1_14666	2187	1988	286	7.87472
lcl|NC_037645.1_mrna_XM_006558883.3_14667	4645	4446	440	5.41712
lcl|NC_037645.1_mrna_XM_624245.6_14668	2549	2350	270	6.28899
lcl|NC_037645.1_mrna_XM_026442304.1_14669	1070	871	254	15.9625
lcl|NC_037645.1_mrna_XM_016913585.2_14670	2260	2061	283.189	7.52114
lcl|NC_037645.1_mrna_XM_397383.6_14671	2266	2067	235.651	6.24041
lcl|NC_037645.1_mrna_XM_006558880.3_14672	2207	2008	121.174	3.30317
lcl|NC_037645.1_mrna_XM_016913583.2_14673	1953	1754	151.537	4.72907
lcl|NC_037645.1_mrna_XM_006558881.3_14674	1910	1711	1.65631	0.052988
lcl|NC_037645.1_precursorrna_NR_127324.1_14675	95	4.11003	0	0
lcl|NC_037645.1_ncrna_14676	23	2.74792	0	0
lcl|NC_037645.1_mrna_XM_006558878.3_14677	3095	2896	55.7928	1.05454
lcl|NC_037645.1_mrna_XM_392983.7_14678	853	654	1693	141.698
lcl|NC_037645.1_mrna_XM_006558876.2_14679	2294	2095	1206	31.51
lcl|NC_037645.1_mrna_XM_026442136.1_14680	1659	1460	351.784	13.1889
lcl|NC_037645.1_mrna_XM_026442135.1_14681	1625	1426	15.0675	0.57837
lcl|NC_037645.1_mrna_XM_006558873.3_14682	1367	1168	18.9718	0.889101
lcl|NC_037645.1_mrna_XM_026442133.1_14683	1665	1466	0	0
lcl|NC_037645.1_mrna_XM_006558869.3_14684	1608	1409	111.177	4.31906
lcl|NC_037645.1_mrna_XM_026442134.1_14685	1676	1477	0	0
lcl|NC_037645.1_mrna_XM_026442137.1_14686	1570	1371	0	0
lcl|NC_037645.1_mrna_XM_006558874.3_14687	2431	2232	147.539	3.61824
lcl|NC_037645.1_mrna_XM_393593.7_14688	2433	2234	471.461	11.5518
lcl|NC_037645.1_mrna_XM_006558875.2_14689	1666	1467	57.0573	2.12895
lcl|NC_037645.1_mrna_XM_624226.6_14690	1615	1416	140.239	5.42116
lcl|NC_037645.1_mrna_XM_026442370.1_14691	1586	1387	397.702	15.6952
lcl|NC_037645.1_mrna_XM_026442369.1_14692	1600	1401	0.00124487	4.86376e-05
lcl|NC_037645.1_mrna_XM_006558868.3_14693	1377	1178	2624	121.928
lcl|NC_037645.1_mrna_XM_016913676.2_14694	1640	1441	104.653	3.97533
lcl|NC_037645.1_mrna_XM_006558867.3_14695	1437	1238	0	0
lcl|NC_037645.1_mrna_XM_006558866.3_14696	1620	1421	27.347	1.05342
lcl|NC_037645.1_mrna_XM_006558865.3_14697	1962	1763	86.2844	2.67895
lcl|NC_037645.1_mrna_XM_006558862.3_14698	2453	2254	0	0
lcl|NC_037645.1_mrna_XM_393594.6_14699	2615	2416	44	0.996876
lcl|NC_037645.1_mrna_XM_006558864.3_14700	2000	1801	235.811	7.16698
lcl|NC_037645.1_mrna_XM_395308.6_14701	1934	1735	258.904	8.16817
lcl|NC_037645.1_mrna_XM_026442302.1_14702	3854	3655	763	11.4267
lcl|NC_037645.1_mrna_XM_016913760.2_14703	2665	2466	0	0
lcl|NC_037645.1_mrna_XM_006558861.3_14704	2539	2340	4697.51	109.885
lcl|NC_037645.1_mrna_XM_006558859.3_14705	2500	2301	1010.49	24.038
lcl|NC_037645.1_mrna_XM_001122742.5_14706	2384	2185	162.437	4.06929
lcl|NC_037645.1_mrna_XM_006558856.3_14707	2222	2023	191.992	5.19483
lcl|NC_037645.1_mrna_XM_026442580.1_14708	2175	1976	295.599	8.18844
lcl|NC_037645.1_mrna_XM_006558857.3_14709	2206	2007	0.00534939	0.000145896
lcl|NC_037645.1_mrna_XM_016913653.2_14710	2174	1975	413.967	11.4732
lcl|NC_037645.1_mrna_XM_396738.6_14711	649	450	239	29.0717
lcl|NC_037645.1_mrna_XM_006558855.3_14712	1084	885	227	14.04
lcl|NC_037645.1_mrna_XM_026442247.1_14713	4503	4304	126	1.60245
lcl|NC_037645.1_mrna_XM_395507.7_14714	1394	1195	128	5.8631
lcl|NC_037645.1_mrna_XM_392843.7_14715	1024	825	14887	987.731
lcl|NC_037645.1_mrna_XM_001121462.4_14716	568	369	189	28.0363
lcl|NC_037645.1_mrna_XM_001121491.5_14717	1007	808	448	30.3495
lcl|NC_037645.1_mrna_XM_016913652.2_14718	2376	2177	378	9.50427
lcl|NC_037645.1_mrna_XM_016913765.2_14719	2158	1959	3428.34	95.7933
lcl|NC_037645.1_mrna_XM_624366.6_14720	1443	1244	229.873	10.1147
lcl|NC_037645.1_mrna_XM_001121573.5_14721	1126	927	184	10.8648
lcl|NC_037645.1_mrna_XM_624414.6_14722	1169	970	1313	74.0932
lcl|NC_037645.1_mrna_XM_006558850.3_14723	1429	1230	387.751	17.2557
lcl|NC_037645.1_mrna_XM_026442145.1_14724	1321	1122	130.795	6.38094
lcl|NC_037645.1_mrna_XM_006558851.3_14725	2844	2645	260.432	5.38957
lcl|NC_037645.1_mrna_XM_016913726.2_14726	1483	1284	214.021	9.12383
lcl|NC_037645.1_mrna_XM_003249355.4_14727	999	800	866	59.2534
lcl|NC_037645.1_mrna_XM_393071.7_14728	3151	2952	0	0
lcl|NC_037645.1_mrna_XM_006558848.3_14729	3091	2892	19	0.359617
lcl|NC_037645.1_mrna_XM_006558849.3_14730	2225	2026	0	0
lcl|NC_037645.1_mrna_XM_006559428.3_14731	1391	1192	0	0
lcl|NC_037645.1_mrna_XM_006559430.3_14732	954	755	0	0
lcl|NC_037645.1_mrna_XM_003249481.4_14733	918	719	52.1015	3.96649
lcl|NC_037645.1_mrna_XM_006559429.3_14734	983	784	19.8985	1.38928
lcl|NC_037645.1_mrna_XM_026442543.1_14735	1378	1179	0	0
lcl|NC_037645.1_mrna_XM_026442542.1_14736	1381	1182	0	0
lcl|NC_037645.1_mrna_XM_026442544.1_14737	1457	1258	164.882	7.17425
lcl|NC_037645.1_mrna_XM_026442545.1_14738	1345	1146	0.0500007	0.00238823
lcl|NC_037645.1_mrna_XM_026442546.1_14739	1396	1197	33.3136	1.5234
lcl|NC_037645.1_mrna_XM_026442547.1_14740	1333	1134	31.7548	1.53279
lcl|NC_037645.1_mrna_NM_001174143.1_14741	884	685	4712.52	376.572
lcl|NC_037645.1_mrna_NM_001242997.1_14742	1195	996	31.4818	1.73016
lcl|NC_037645.1_mrna_XM_392719.7_14743	1495	1296	909	38.3923
lcl|NC_037645.1_mrna_XM_006559431.3_14744	2541	2342	9766	228.252
lcl|NC_037645.1_mrna_XM_395238.7_14745	2229	2030	402	10.8397
lcl|NC_037645.1_mrna_XM_392884.7_14746	1521	1322	422	17.473
lcl|NC_037645.1_mrna_XM_003249467.4_14747	5122	4923	1345	14.9547
lcl|NC_037645.1_mrna_XM_006559432.3_14748	6112	5913	188	1.74034
lcl|NC_037645.1_mrna_NM_001012615.1_14749	1096	897	55	3.35626
lcl|NC_037645.1_mrna_XM_001120227.5_14750	1096	897	10	0.610229
lcl|NC_037645.1_mrna_XM_006559433.3_14751	2067	1868	412	12.0727
lcl|NC_037645.1_mrna_XM_006559434.3_14752	799	600	1117	101.903
lcl|NC_037645.1_mrna_XM_006559439.3_14753	2903	2704	4183.77	84.6928
lcl|NC_037645.1_mrna_XM_393573.7_14754	2614	2415	5829.21	132.123
lcl|NC_037645.1_mrna_XM_016913518.2_14755	2501	2302	0	0
lcl|NC_037645.1_mrna_XM_016913517.2_14756	2576	2377	189.831	4.37143
lcl|NC_037645.1_mrna_XM_006559438.3_14757	2699	2500	1351.84	29.5986
lcl|NC_037645.1_mrna_XM_016913515.2_14758	3150	2951	613.643	11.3823
lcl|NC_037645.1_mrna_XM_395348.6_14759	3222	3023	39.3574	0.712645
lcl|NC_037645.1_mrna_XM_392773.7_14760	1534	1335	2334	95.6984
lcl|NC_037645.1_mrna_XM_006559440.2_14761	1391	1192	249.876	11.4745
lcl|NC_037645.1_mrna_XM_006559442.2_14762	1388	1189	30.4484	1.40174
lcl|NC_037645.1_mrna_XM_026442462.1_14763	1324	1125	45.7216	2.22461
lcl|NC_037645.1_mrna_XM_006559441.3_14764	1358	1159	8.90152	0.420403
lcl|NC_037645.1_mrna_XM_001120393.5_14765	1338	1139	4.05207	0.194732
lcl|NC_037645.1_mrna_XM_006559444.3_14766	1152	953	2529.59	145.292
lcl|NC_037645.1_mrna_XM_006559443.3_14767	1134	935	1407.41	82.3938
lcl|NC_037645.1_mrna_XM_006559445.3_14768	1514	1315	848	35.2984
lcl|NC_037645.1_mrna_NM_001242656.1_14769	1314	1115	9401.21	461.524
lcl|NC_037645.1_mrna_NM_001242657.1_14770	1219	1020	11375.8	610.473
lcl|NC_037645.1_mrna_XM_003249490.4_14771	1579	1380	343	13.6051
lcl|NC_037645.1_mrna_XM_026442569.1_14772	1113	914	55.184	3.30486
lcl|NC_037645.1_mrna_XM_624971.6_14773	1215	1016	189.816	10.2264
lcl|NC_037645.1_mrna_XM_006559510.3_14774	1166	967	0	0
lcl|NC_037645.1_mrna_XM_006559507.3_14775	2318	2119	241.391	6.23555
lcl|NC_037645.1_mrna_XM_003249478.4_14776	2375	2176	0	0
lcl|NC_037645.1_mrna_XM_006559508.3_14777	2271	2072	275.374	7.27475
lcl|NC_037645.1_mrna_XM_006559509.3_14778	2151	1952	1.23559	0.0346482
lcl|NC_037645.1_mrna_XM_001123353.5_14779	1719	1520	4683	168.642
lcl|NC_037645.1_mrna_XM_016913353.2_14780	1454	1255	72.906	3.17984
lcl|NC_037645.1_mrna_XM_001123354.5_14781	887	688	87.094	6.92923
lcl|NC_037645.1_mrna_XM_001123356.5_14782	2752	2553	70	1.50083
lcl|NC_037645.1_mrna_XM_016913338.2_14783	2869	2670	0	0
lcl|NC_037645.1_mrna_XM_006559506.3_14784	1486	1287	14872	632.523
lcl|NC_037645.1_mrna_XM_016913342.2_14785	2397	2198	1615.97	40.243
lcl|NC_037645.1_mrna_XM_006559505.3_14786	2416	2217	0.0309792	0.000764875
lcl|NC_037645.1_mrna_XM_001120568.5_14787	417	218	2863	718.87
lcl|NC_037645.1_mrna_XM_395166.7_14788	1723	1524	999	35.8811
lcl|NC_037645.1_mrna_XM_026442571.1_14789	584	385	76	10.8053
lcl|NC_037645.1_mrna_XM_026442555.1_14790	3354	3155	217.037	3.76548
lcl|NC_037645.1_mrna_XM_026442554.1_14791	3288	3089	863.951	15.3093
lcl|NC_037645.1_mrna_XM_026442553.1_14792	3356	3157	0.0120982	0.000209765
lcl|NC_037645.1_mrna_XM_006559485.3_14793	7633	7434	204.561	1.50621
lcl|NC_037645.1_mrna_XM_006559487.3_14794	7676	7477	25.9694	0.190116
lcl|NC_037645.1_mrna_XM_006559493.3_14795	7387	7188	16.6206	0.126568
lcl|NC_037645.1_mrna_XM_006559494.3_14796	7564	7365	0	0
lcl|NC_037645.1_mrna_XM_026442551.1_14797	6503	6304	7.45237	0.0647088
lcl|NC_037645.1_mrna_XM_006559495.3_14798	6788	6589	0	0
lcl|NC_037645.1_mrna_XM_006559492.3_14799	6911	6712	0	0
lcl|NC_037645.1_mrna_XM_006559484.3_14800	6877	6678	0	0
lcl|NC_037645.1_mrna_XM_006559491.3_14801	6931	6732	0	0
lcl|NC_037645.1_mrna_XM_006559483.3_14802	6921	6722	0	0
lcl|NC_037645.1_mrna_XM_006559490.3_14803	6933	6734	0	0
lcl|NC_037645.1_mrna_XM_016913335.2_14804	6236	6037	77.8892	0.706222
lcl|NC_037645.1_mrna_XM_016913334.2_14805	5323	5124	5.32849	0.056922
lcl|NC_037645.1_mrna_XM_006559489.3_14806	6660	6461	71.6999	0.607441
lcl|NC_037645.1_mrna_XM_006559502.3_14807	6949	6750	66.954	0.542948
lcl|NC_037645.1_mrna_XM_006559488.3_14808	6939	6740	1.32108e-06	1.07289e-08
lcl|NC_037645.1_mrna_XM_006559486.3_14809	7022	6823	201.525	1.61673
lcl|NC_037645.1_mrna_XM_006559498.3_14810	4972	4773	0	0
lcl|NC_037645.1_mrna_XM_006559500.3_14811	4966	4767	0	0
lcl|NC_037645.1_mrna_XM_026442552.1_14812	4933	4734	0	0
lcl|NC_037645.1_ncrna_XR_003305259.1_14813	1430	1231	4	0.177864
lcl|NC_037645.1_ncrna_XR_003305260.1_14814	411	212	1	0.258196
lcl|NC_037645.1_mrna_XM_396698.7_14815	1997	1798	0.000356678	1.08586e-05
lcl|NC_037645.1_mrna_XM_026442564.1_14816	2071	1872	1824	53.334
lcl|NC_037645.1_mrna_NM_001142461.1_14817	824	625	455	39.8489
lcl|NC_037645.1_mrna_XM_396699.7_14818	2921	2722	1126	22.6431
lcl|NC_037645.1_mrna_NM_001011637.1_14819	1352	1153	0	0
lcl|NC_037645.1_mrna_XM_006559426.3_14820	1751	1552	76	2.68045
lcl|NC_037645.1_ncrna_XR_001703825.2_14821	1246	1047	0	0
lcl|NC_037645.1_ncrna_XR_003305258.1_14822	1028	829	0	0
lcl|NC_037645.1_ncrna_XR_001703824.2_14823	1201	1002	4.61751	0.252247
lcl|NC_037645.1_ncrna_XR_001703828.2_14824	984	785	2.38249	0.166129
lcl|NC_037645.1_ncrna_XR_003305257.1_14825	1125	926	0	0
lcl|NC_037645.1_ncrna_XR_001703830.2_14826	1290	1091	0	0
lcl|NC_037645.1_mrna_XM_003249483.4_14827	3613	3414	284	4.55345
lcl|NC_037645.1_mrna_XM_026442570.1_14828	985	786	4	0.278563
lcl|NC_037645.1_mrna_XM_001122102.4_14829	3122	2923	534	9.99995
lcl|NC_037645.1_mrna_XM_396720.6_14830	2292	2093	612	16.0054
lcl|NC_037645.1_mrna_XM_016913344.2_14831	2829	2630	27	0.561944
lcl|NC_037645.1_ncrna_XR_003305256.1_14832	1377	1178	5	0.232333
lcl|NC_037645.1_ncrna_XR_408386.3_14833	1357	1158	0	0
lcl|NC_037645.1_mrna_XM_026442568.1_14834	2077	1878	12	0.349761
lcl|NC_037645.1_mrna_XM_026442567.1_14835	3482	3283	18.186	0.303215
lcl|NC_037645.1_mrna_XM_026442565.1_14836	3317	3118	0.0232025	0.000407327
lcl|NC_037645.1_mrna_XM_026442566.1_14837	2926	2727	15.7908	0.31696
lcl|NC_037645.1_mrna_XM_026442560.1_14838	2502	2303	47.6001	1.13136
lcl|NC_037645.1_mrna_XM_026442557.1_14839	2519	2320	351.566	8.29476
lcl|NC_037645.1_mrna_XM_026442558.1_14840	2386	2187	528.008	13.2153
lcl|NC_037645.1_mrna_XM_026442556.1_14841	2522	2323	780.871	18.3999
lcl|NC_037645.1_mrna_XM_026442559.1_14842	2486	2287	222.955	5.33626
lcl|NC_037645.1_mrna_XM_006559466.3_14843	2136	1937	441	12.4622
lcl|NC_037645.1_mrna_XM_006559465.3_14844	884	685	561.745	44.8884
lcl|NC_037645.1_mrna_XM_026442562.1_14845	4727	4528	16.5797	0.200427
lcl|NC_037645.1_mrna_XM_006559461.3_14846	4614	4415	471.778	5.84915
lcl|NC_037645.1_mrna_XM_026442561.1_14847	4563	4364	0	0
lcl|NC_037645.1_mrna_XM_006559460.3_14848	4554	4355	2461.26	30.9354
lcl|NC_037645.1_mrna_XM_006559458.3_14849	4489	4290	1342.4	17.1281
lcl|NC_037645.1_mrna_XM_006559463.3_14850	3701	3502	1210.42	18.9193
lcl|NC_037645.1_mrna_XM_026442563.1_14851	3750	3551	0.812604	0.012526
lcl|NC_037645.1_mrna_XM_006559456.3_14852	1936	1737	11	0.34664
lcl|NC_037645.1_mrna_XM_026442248.1_14853	3856	3657	8	0.119743
lcl|NC_037645.1_mrna_XM_001120832.4_14854	1614	1415	278	10.7541
lcl|NC_037645.1_mrna_XM_006559447.3_14855	6767	6568	75.827	0.63194
lcl|NC_037645.1_mrna_XM_006559455.2_14856	5577	5378	6857.93	69.8003
lcl|NC_037645.1_mrna_XM_026442549.1_14857	6406	6207	0.000200764	1.77047e-06
lcl|NC_037645.1_mrna_XM_006559450.3_14858	6378	6179	0.368977	0.00326863
lcl|NC_037645.1_mrna_XM_026442550.1_14859	6576	6377	10068.4	86.4227
lcl|NC_037645.1_mrna_XM_026442548.1_14860	6635	6436	338.442	2.87841
lcl|NC_037645.1_mrna_XM_016913332.2_14861	6251	6052	1178.72	10.6609
lcl|NC_037645.1_mrna_XM_006559449.3_14862	6365	6166	0.430969	0.00382585
lcl|NC_037645.1_mrna_XM_006559453.3_14863	5010	4811	398.92	4.53874
lcl|NC_037645.1_ncrna_XR_001703823.2_14864	5091	4892	0.000414035	4.63272e-06
lcl|NC_037645.1_ncrna_XR_003305255.1_14865	5020	4821	0	0
lcl|NC_037645.1_ncrna_XR_003305254.1_14866	5054	4855	5.99959	0.0676421
lcl|NC_037645.1_mrna_XM_006559511.3_14867	6395	6196	1193	10.5394
lcl|NC_037645.1_mrna_XM_396785.7_14868	1461	1262	1785	77.422
lcl|NC_037645.1_mrna_XM_006559512.3_14869	817	618	491.38	43.5225
lcl|NC_037645.1_mrna_XM_624931.6_14870	855	656	17.2632	1.44046
lcl|NC_037645.1_mrna_XM_026442380.1_14871	705	506	232.357	25.1357
lcl|NC_037645.1_mrna_XM_006559513.2_14872	937	738	325	24.1053
lcl|NC_037645.1_mrna_XM_006559522.3_14873	1048	849	290.028	18.699
lcl|NC_037645.1_mrna_XM_026442572.1_14874	1801	1602	308.276	10.5332
lcl|NC_037645.1_mrna_XM_395441.7_14875	1791	1592	0	0
lcl|NC_037645.1_mrna_XM_006559518.3_14876	1801	1602	0	0
lcl|NC_037645.1_mrna_XM_006559521.3_14877	1538	1339	176.13	7.2001
lcl|NC_037645.1_mrna_XM_006559519.3_14878	1803	1604	204.974	6.99486
lcl|NC_037645.1_mrna_XM_006559516.3_14879	1817	1618	77.5924	2.62498
lcl|NC_037645.1_mrna_XM_006559517.3_14880	1799	1600	0	0
lcl|NC_037645.1_mrna_XM_624868.6_14881	592	393	4094	570.218
lcl|NC_037645.1_mrna_XM_026442573.1_14882	1179	980	64.9997	3.63053
lcl|NC_037645.1_mrna_XM_006559515.3_14883	1080	881	0.000313392	1.94714e-05
lcl|NC_037645.1_mrna_XM_016913651.1_14884	800	601	210	19.1263
lcl|NC_037645.1_mrna_XM_392556.6_14885	972	773	2227	157.698
lcl|NC_037645.1_mrna_XM_006559523.3_14886	1248	1049	13.9723	0.729083
lcl|NC_037645.1_mrna_XM_026442574.1_14887	1249	1050	4.19796	0.218844
lcl|NC_037645.1_mrna_XM_026442575.1_14888	1075	876	7.82976	0.489249
lcl|NC_037645.1_mrna_XM_006559526.3_14889	2875	2676	147.134	3.00962
lcl|NC_037645.1_mrna_XM_006559527.3_14890	2584	2385	12.866	0.295285
lcl|NC_037645.1_mrna_XM_006559524.3_14891	3032	2833	545.035	10.5308
lcl|NC_037645.1_mrna_XM_006559525.3_14892	2903	2704	1696.97	34.352
lcl|NC_037645.1_mrna_XM_026442436.1_14893	15027	14828	501.804	1.85241
lcl|NC_037645.1_mrna_XM_026442437.1_14894	14557	14358	5145.2	19.6152
lcl|NC_037645.1_mrna_XM_016913812.2_14895	3233	3034	16	0.288662
lcl|NC_037645.1_mrna_XM_006559529.3_14896	3082	2883	1.0966e-07	2.08203e-09
lcl|NC_037645.1_mrna_XM_016913672.2_14897	3900	3701	1272.59	18.8215
lcl|NC_037645.1_mrna_XM_016913670.2_14898	4034	3835	105.292	1.50285
lcl|NC_037645.1_mrna_XM_006559532.3_14899	3848	3649	313.676	4.70536
lcl|NC_037645.1_mrna_XM_016913669.2_14900	3981	3782	164.427	2.37978
lcl|NC_037645.1_mrna_XM_006559533.3_14901	3795	3596	230.456	3.50795
lcl|NC_037645.1_mrna_XM_395581.7_14902	3694	3495	1995.77	31.2571
lcl|NC_037645.1_mrna_XM_016913673.2_14903	3497	3298	0	0
lcl|NC_037645.1_mrna_XM_016913671.2_14904	3681	3482	5.7875	0.0909804
lcl|NC_037645.1_mrna_XM_006559543.3_14905	652	453	8	0.966667
lcl|NC_037645.1_mrna_XM_006559537.3_14906	2277	2078	540.368	14.2341
lcl|NC_037645.1_mrna_XM_016913674.2_14907	1804	1605	563.632	19.2223
lcl|NC_037645.1_ncrna_XR_003305085.1_14908	437	238	0	0
lcl|NC_037645.1_mrna_XM_006559535.3_14909	2229	2030	1139	30.7123
lcl|NC_037645.1_mrna_XM_006559536.3_14910	2168	1969	0	0
lcl|NC_037645.1_mrna_XM_016913675.2_14911	1219	1020	22.4308	1.20373
lcl|NC_037645.1_mrna_XM_003249464.4_14912	1324	1125	189.203	9.2058
lcl|NC_037645.1_mrna_XM_006559534.3_14913	1226	1027	716.366	38.1812
lcl|NC_037645.1_mrna_XM_026442426.1_14914	2043	1844	153	4.54167
lcl|NC_037645.1_miscrna_XR_001703844.2_14915	9322	9123	46.9048	0.281427
lcl|NC_037645.1_miscrna_XR_001703845.2_14916	9253	9054	784.513	4.74291
lcl|NC_037645.1_miscrna_XR_003305209.1_14917	4550	4351	0.458865	0.00577272
lcl|NC_037645.1_miscrna_XR_003305210.1_14918	4481	4282	13.4496	0.171928
lcl|NC_037645.1_mrna_XM_016913369.2_14919	9132	8933	12.3874	0.0759048
lcl|NC_037645.1_miscrna_XR_001703842.2_14920	9059	8860	180.477	1.115
lcl|NC_037645.1_miscrna_XR_001703843.2_14921	8456	8257	404.174	2.67936
lcl|NC_037645.1_mrna_XM_016913372.2_14922	9063	8864	218.517	1.3494
lcl|NC_037645.1_mrna_XM_016913370.2_14923	9072	8873	2026.53	12.5017
lcl|NC_037645.1_ncrna_XR_003305211.1_14924	5766	5567	154	1.51421
lcl|NC_037645.1_mrna_NM_001011626.2_14925	755	556	12520.3	1232.61
lcl|NC_037645.1_mrna_NM_001098167.1_14926	767	568	1219.73	117.544
lcl|NC_037645.1_mrna_XM_394714.7_14927	4009	3810	1356	19.4814
lcl|NC_037645.1_mrna_XM_026442223.1_14928	2350	2151	516	13.1309
lcl|NC_037645.1_mrna_XM_006559563.3_14929	1514	1315	1087	45.2469
lcl|NC_037645.1_mrna_XM_392721.7_14930	821	622	824	72.514
lcl|NC_037645.1_mrna_XM_026442222.1_14931	1996	1797	232.013	7.06725
lcl|NC_037645.1_mrna_XM_026442221.1_14932	2390	2191	4065.99	101.58
lcl|NC_037645.1_mrna_XM_026442226.1_14933	2937	2738	1014.25	20.2766
lcl|NC_037645.1_mrna_XM_016913381.2_14934	4652	4453	221.764	2.72598
lcl|NC_037645.1_mrna_XM_016913380.2_14935	4728	4529	0	0
lcl|NC_037645.1_mrna_XM_006559566.3_14936	4642	4443	333.918	4.11385
lcl|NC_037645.1_mrna_XM_016913379.2_14937	4732	4533	0.000161511	1.9503e-06
lcl|NC_037645.1_mrna_XM_026442216.1_14938	3442	3243	229.572	3.87487
lcl|NC_037645.1_mrna_XM_016913383.2_14939	3330	3131	0.000300032	5.2453e-06
lcl|NC_037645.1_mrna_XM_006559571.3_14940	3261	3062	0	0
lcl|NC_037645.1_mrna_XM_026442220.1_14941	3212	3013	0	0
lcl|NC_037645.1_mrna_XM_006559569.3_14942	3359	3160	98.3248	1.70318
lcl|NC_037645.1_mrna_XM_026442219.1_14943	3349	3150	0.00488964	8.49672e-05
lcl|NC_037645.1_mrna_XM_006559570.3_14944	3353	3154	0.00498311	8.64818e-05
lcl|NC_037645.1_mrna_XM_026442217.1_14945	3354	3155	145.807	2.52967
lcl|NC_037645.1_mrna_XM_026442218.1_14946	3262	3063	0	0
lcl|NC_037645.1_mrna_XM_016913384.2_14947	4161	3962	414.604	5.72802
lcl|NC_037645.1_mrna_XM_026442225.1_14948	2792	2593	2238.75	47.2595
lcl|NC_037645.1_mrna_XM_006559564.3_14949	1380	1181	969	44.9117
lcl|NC_037645.1_mrna_XM_006559574.3_14950	4116	3917	3260	45.5564
lcl|NC_037645.1_mrna_XM_016913387.2_14951	2324	2125	219	5.64119
lcl|NC_037645.1_miscrna_XR_003305163.1_14952	1041	842	0	0
lcl|NC_037645.1_mrna_XM_624218.5_14953	675	476	353	40.5932
lcl|NC_037645.1_mrna_XM_026442224.1_14954	1847	1648	32	1.06286
lcl|NC_037645.1_mrna_XM_006559578.3_14955	2889	2690	36.6004	0.744765
lcl|NC_037645.1_mrna_XM_006559581.3_14956	2777	2578	1.24976	0.0265357
lcl|NC_037645.1_mrna_XM_006559582.3_14957	2739	2540	194.3	4.18721
lcl|NC_037645.1_mrna_XM_016913792.2_14958	2734	2535	204.474	4.41514
lcl|NC_037645.1_mrna_XM_026442310.1_14959	2662	2463	0	0
lcl|NC_037645.1_mrna_XM_026442309.1_14960	2585	2386	0	0
lcl|NC_037645.1_mrna_XM_006559579.3_14961	2431	2232	252.376	6.18927
lcl|NC_037645.1_ncrna_XR_001704044.2_14962	840	641	7	0.597758
lcl|NC_037645.1_ncrna_XR_001704043.2_14963	1419	1220	10	0.448668
lcl|NC_037645.1_ncrna_XR_003305116.1_14964	1143	944	3	0.173954
lcl|NC_037645.1_mrna_XM_016913731.2_14965	3785	3586	477.53	7.28913
lcl|NC_037645.1_mrna_XM_006559583.3_14966	3669	3470	49.8126	0.785769
lcl|NC_037645.1_mrna_XM_006559584.3_14967	3081	2882	378.341	7.18578
lcl|NC_037645.1_mrna_XM_016913730.2_14968	2958	2759	206.727	4.10138
lcl|NC_037645.1_mrna_XM_006559585.3_14969	2732	2533	0.0197667	0.000427154
lcl|NC_037645.1_mrna_XM_026442457.1_14970	994	795	0	0
lcl|NC_037645.1_mrna_XM_006559586.3_14971	910	711	6	0.46192
lcl|NC_037645.1_trna_14972	82	3.75521	0	0
lcl|NC_037645.1_mrna_XM_016913439.2_14973	6929	6730	0	0
lcl|NC_037645.1_mrna_XM_016913440.2_14974	6925	6726	0	0
lcl|NC_037645.1_mrna_XM_016913438.2_14975	6919	6720	19.5634	0.159353
lcl|NC_037645.1_mrna_XM_006559593.3_14976	5611	5412	94.0276	0.951005
lcl|NC_037645.1_mrna_XM_006559596.3_14977	4326	4127	26.6269	0.353161
lcl|NC_037645.1_mrna_XM_006559594.3_14978	4556	4357	0	0
lcl|NC_037645.1_ncrna_XR_003305184.1_14979	5825	5626	25.179	0.244976
lcl|NC_037645.1_mrna_XM_003249471.4_14980	3984	3785	196.8	2.84607
lcl|NC_037645.1_ncrna_XR_003305183.1_14981	2192	1993	0.0804136	0.00220855
lcl|NC_037645.1_mrna_XM_006559588.3_14982	5080	4881	406.062	4.55375
lcl|NC_037645.1_mrna_XM_006559589.3_14983	5071	4872	1053.52	11.8364
lcl|NC_037645.1_mrna_XM_392487.7_14984	4845	4646	1.08404	0.0127717
lcl|NC_037645.1_ncrna_XR_001703881.2_14985	819	620	2	0.176573
lcl|NC_037645.1_ncrna_XR_001703876.2_14986	3271	3072	12.2866	0.218925
lcl|NC_037645.1_ncrna_XR_408426.3_14987	3021	2822	0.713413	0.0138379
lcl|NC_037645.1_ncrna_XR_001703870.2_14988	3084	2885	14.3883	0.272991
lcl|NC_037645.1_ncrna_XR_001703873.2_14989	2992	2793	21.6412	0.424126
lcl|NC_037645.1_ncrna_XR_001703871.2_14990	3254	3055	17.9706	0.321985
lcl|NC_037645.1_ncrna_XR_408431.3_14991	1831	1632	4	0.134161
lcl|NC_037645.1_ncrna_XR_001703877.2_14992	3683	3484	0	0
lcl|NC_037645.1_ncrna_XR_003305087.1_14993	3648	3449	0	0
lcl|NC_037645.1_ncrna_XR_001703880.2_14994	3569	3370	19	0.308609
lcl|NC_037645.1_mrna_XM_006559597.3_14995	4204	4005	544.074	7.43602
lcl|NC_037645.1_mrna_XM_003249489.4_14996	4212	4013	76.9263	1.04928
lcl|NC_037645.1_mrna_XM_006559598.3_14997	3630	3431	3.01288e-08	4.8067e-10
lcl|NC_037645.1_miscrna_XR_003305150.1_14998	2570	2371	0.121608	0.00280747
lcl|NC_037645.1_miscrna_XR_003305149.1_14999	3255	3056	116.844	2.09286
lcl|NC_037645.1_miscrna_XR_003305148.1_15000	3797	3598	0.0658992	0.00100255
lcl|NC_037645.1_miscrna_XR_003305151.1_15001	2937	2738	90.7221	1.8137
lcl|NC_037645.1_miscrna_XR_003305147.1_15002	3929	3730	26.2616	0.385387
lcl|NC_037645.1_miscrna_XR_003305152.1_15003	4224	4025	0	0
lcl|NC_037645.1_mrna_XM_026442185.1_15004	663	464	7.41176	0.874357
lcl|NC_037645.1_mrna_XM_003249474.3_15005	3195	2996	714	13.0449
lcl|NC_037645.1_mrna_XM_026442142.1_15006	2436	2237	537	13.1399
lcl|NC_037645.1_mrna_XM_623489.6_15007	1979	1780	746	22.9406
lcl|NC_037645.1_mrna_XM_006559603.3_15008	936	737	0	0
lcl|NC_037645.1_mrna_XM_006559604.3_15009	914	715	68	5.20581
lcl|NC_037645.1_mrna_XM_026442213.1_15010	3646	3447	5.33974e-05	8.47938e-07
lcl|NC_037645.1_mrna_XM_016913744.2_15011	3645	3446	26.7309	0.424603
lcl|NC_037645.1_mrna_XM_006559606.3_15012	3741	3542	110.633	1.70971
lcl|NC_037645.1_mrna_XM_006559605.3_15013	3806	3607	223.636	3.39375
lcl|NC_037645.1_mrna_XM_001120020.5_15014	710	511	72	7.71253
lcl|NC_037645.1_mrna_XM_623938.6_15015	1843	1644	694	23.107
lcl|NC_037645.1_mrna_XM_006559608.3_15016	1313	1114	213	10.466
lcl|NC_037645.1_mrna_XM_016913749.1_15017	2546	2347	401	9.35226
lcl|NC_037645.1_mrna_XM_006559609.3_15018	4552	4353	0	0
lcl|NC_037645.1_mrna_XM_006559611.3_15019	4500	4301	1292.99	16.4555
lcl|NC_037645.1_mrna_XM_623857.5_15020	4536	4337	0	0
lcl|NC_037645.1_mrna_XM_006559610.3_15021	4515	4316	133.013	1.68693
lcl|NC_037645.1_mrna_XM_001120524.5_15022	553	354	5923	915.849
lcl|NC_037645.1_mrna_XM_026442132.1_15023	1505	1306	1245	52.1809
lcl|NC_037645.1_mrna_XM_026442209.1_15024	4018	3819	2174	31.1598
lcl|NC_037645.1_mrna_XM_392615.5_15025	2332	2133	17.5788	0.451111
lcl|NC_037645.1_mrna_XM_016913795.2_15026	2641	2442	74.4212	1.66816
lcl|NC_037645.1_mrna_XM_001122669.5_15027	2295	2096	501	13.0837
lcl|NC_037645.1_mrna_XM_026442299.1_15028	2828	2629	797.439	16.6032
lcl|NC_037645.1_mrna_XM_026442300.1_15029	2106	1907	672.561	19.3048
lcl|NC_037645.1_mrna_XM_006559612.2_15030	2245	2046	17.3637	0.464539
lcl|NC_037645.1_mrna_XM_006559613.2_15031	2242	2043	110.629	2.96404
lcl|NC_037645.1_mrna_XM_006559615.3_15032	1964	1765	0.00762518	0.000236478
lcl|NC_037645.1_mrna_XM_026442344.1_15033	1665	1466	160.618	5.99717
lcl|NC_037645.1_mrna_XM_026442343.1_15034	1686	1487	569.382	20.9593
lcl|NC_037645.1_mrna_XM_006559617.3_15035	3695	3496	170.844	2.67494
lcl|NC_037645.1_mrna_XM_016913762.2_15036	3646	3447	9.6341e-08	1.52987e-09
lcl|NC_037645.1_mrna_XM_395745.7_15037	3682	3483	190.239	2.98972
lcl|NC_037645.1_mrna_XM_016913763.2_15038	3633	3434	1018.92	16.2414
lcl|NC_037645.1_mrna_XM_006559621.3_15039	612	413	91	12.0608
lcl|NC_037645.1_mrna_XM_006559627.3_15040	3117	2918	1.81037e-08	3.396e-10
lcl|NC_037645.1_mrna_XM_006559624.3_15041	3122	2923	0	0
lcl|NC_037645.1_mrna_XM_006559628.3_15042	3032	2833	0.413855	0.00799626
lcl|NC_037645.1_mrna_XM_016913737.2_15043	3128	2929	1.02822e-06	1.92155e-08
lcl|NC_037645.1_mrna_XM_006559629.3_15044	3026	2827	189.316	3.66561
lcl|NC_037645.1_mrna_XM_006559622.3_15045	3149	2950	1.11576	0.0207031
lcl|NC_037645.1_mrna_XM_006559623.3_15046	3125	2926	0.000194756	3.64335e-06
lcl|NC_037645.1_mrna_XM_006559630.3_15047	3047	2848	0	0
lcl|NC_037645.1_mrna_XM_006559625.3_15048	3069	2870	22.3073	0.425452
lcl|NC_037645.1_mrna_XM_006559626.3_15049	3073	2874	3.84685	0.0732662
lcl|NC_037645.1_ncrna_XR_408447.2_15050	784	585	2	0.187137
lcl|NC_037645.1_ncrna_XR_408446.2_15051	854	655	0	0
lcl|NC_037645.1_mrna_XM_026442179.1_15052	4166	3967	57.7594	0.796977
lcl|NC_037645.1_mrna_XM_026442180.1_15053	3083	2884	25.4699	0.483413
lcl|NC_037645.1_mrna_XM_396635.6_15054	1971	1772	315.771	9.75424
lcl|NC_037645.1_ncrna_XR_001704008.2_15055	2960	2761	5.31174	0.105307
lcl|NC_037645.1_ncrna_XR_408453.3_15056	1528	1329	10.2098	0.42051
lcl|NC_037645.1_ncrna_XR_003305098.1_15057	5236	5037	0.896425	0.00974153
lcl|NC_037645.1_ncrna_XR_003305100.1_15058	6142	5943	34.8686	0.321155
lcl|NC_037645.1_ncrna_XR_003305099.1_15059	6185	5986	0	0
lcl|NC_037645.1_ncrna_XR_003305101.1_15060	6056	5857	1.14135e-07	1.06667e-09
lcl|NC_037645.1_ncrna_XR_003305097.1_15061	5289	5090	5.63834	0.0606343
lcl|NC_037645.1_ncrna_XR_003305102.1_15062	5150	4951	50.055	0.553401
lcl|NC_037645.1_ncrna_XR_408448.3_15063	637	438	2	0.249943
lcl|NC_037645.1_mrna_XM_026442120.1_15064	1045	846	1	0.0647016
lcl|NC_037645.1_ncrna_XR_001704006.2_15065	1009	810	13.3236	0.900371
lcl|NC_037645.1_ncrna_XR_001704007.2_15066	920	721	4.67642	0.355029
lcl|NC_037645.1_mrna_XM_396634.6_15067	3073	2874	685	13.0464
lcl|NC_037645.1_ncrna_XR_001704061.2_15068	1137	938	257	14.9974
lcl|NC_037645.1_mrna_XM_016913745.2_15069	4298	4099	7.35658e-05	9.82389e-07
lcl|NC_037645.1_mrna_XM_026442208.1_15070	4252	4053	20.5214	0.27715
lcl|NC_037645.1_mrna_XM_016913746.2_15071	4288	4089	296.986	3.97561
lcl|NC_037645.1_mrna_XM_006559641.3_15072	4153	3954	682.477	9.44792
lcl|NC_037645.1_mrna_XM_006559639.3_15073	4261	4062	5.90054e-06	7.95128e-08
lcl|NC_037645.1_mrna_XM_395592.7_15074	4189	3990	0.0159924	0.000219395
lcl|NC_037645.1_mrna_XM_016913747.2_15075	4128	3929	0	0
lcl|NC_037645.1_mrna_XM_395711.7_15076	2349	2150	488.978	12.4491
lcl|NC_037645.1_mrna_XM_006559643.3_15077	2466	2267	46.0216	1.11121
lcl|NC_037645.1_mrna_XM_006559675.3_15078	1667	1468	499	18.6063
lcl|NC_037645.1_mrna_XM_623621.6_15079	1182	983	223	12.4176
lcl|NC_037645.1_mrna_XM_026442508.1_15080	10589	10390	170.895	0.900326
lcl|NC_037645.1_mrna_XM_026442501.1_15081	10670	10471	0.00871217	4.55432e-05
lcl|NC_037645.1_mrna_XM_026442502.1_15082	10453	10254	6.83784e-05	3.65015e-07
lcl|NC_037645.1_mrna_XM_026442506.1_15083	10426	10227	95.6724	0.512063
lcl|NC_037645.1_mrna_XM_026442505.1_15084	10430	10231	0.00057626	3.08308e-06
lcl|NC_037645.1_mrna_XM_016913625.2_15085	10354	10155	31.2828	0.168621
lcl|NC_037645.1_mrna_XM_026442503.1_15086	10141	9942	56.629	0.311782
lcl|NC_037645.1_mrna_XM_026442504.1_15087	10137	9938	94.101	0.518299
lcl|NC_037645.1_mrna_XM_026442507.1_15088	9938	9739	1452.41	8.1632
lcl|NC_037645.1_ncrna_XR_408459.3_15089	2051	1852	0	0
lcl|NC_037645.1_ncrna_XR_408461.3_15090	1973	1774	6.90263	0.212984
lcl|NC_037645.1_ncrna_XR_408460.3_15091	1979	1780	0.097372	0.00299433
lcl|NC_037645.1_mrna_XM_006559647.1_15092	1309	1110	2179	107.453
lcl|NC_037645.1_mrna_XM_006559646.3_15093	1705	1506	949	34.4926
lcl|NC_037645.1_mrna_XM_006559645.3_15094	1285	1086	140	7.05641
lcl|NC_037645.1_ncrna_XR_408464.3_15095	1227	1028	0	0
lcl|NC_037645.1_ncrna_XR_003305186.1_15096	1368	1169	0	0
lcl|NC_037645.1_ncrna_XR_408465.3_15097	1275	1076	29	1.47527
lcl|NC_037645.1_mrna_XM_006559648.3_15098	2695	2496	68.6222	1.50489
lcl|NC_037645.1_mrna_XM_006559649.3_15099	2728	2529	23.9158	0.517632
lcl|NC_037645.1_mrna_XM_397062.7_15100	3819	3620	299.462	4.52813
lcl|NC_037645.1_mrna_XM_397061.7_15101	1278	1079	818	41.497
lcl|NC_037645.1_mrna_XM_006559650.3_15102	2183	1984	1192	32.8867
lcl|NC_037645.1_mrna_XM_397060.5_15103	4252	4053	1345	18.1648
lcl|NC_037645.1_mrna_XM_001119929.5_15104	1480	1281	1.58532e-05	6.77413e-07
lcl|NC_037645.1_mrna_XM_006559652.3_15105	1488	1289	270	11.4656
lcl|NC_037645.1_mrna_XM_026442363.1_15106	1538	1339	62	2.53452
lcl|NC_037645.1_mrna_XM_003249477.4_15107	1540	1341	0	0
lcl|NC_037645.1_mrna_XM_026442360.1_15108	2716	2517	146.082	3.17686
lcl|NC_037645.1_mrna_XM_006559657.3_15109	2799	2600	1240.42	26.1145
lcl|NC_037645.1_mrna_XM_006559656.3_15110	2875	2676	815.576	16.6826
lcl|NC_037645.1_mrna_XM_026442274.1_15111	2872	2673	54.0023	1.10586
lcl|NC_037645.1_mrna_XM_395098.7_15112	2945	2746	115.68	2.30591
lcl|NC_037645.1_mrna_XM_026442377.1_15113	2789	2590	840.32	17.7595
lcl|NC_037645.1_mrna_XM_006559658.3_15114	1603	1404	341.802	13.3258
lcl|NC_037645.1_mrna_XM_397179.7_15115	1533	1334	105.198	4.31654
lcl|NC_037645.1_mrna_XM_006559660.3_15116	4406	4207	278.328	3.62134
lcl|NC_037645.1_mrna_XM_006559662.3_15117	3634	3435	1207.92	19.2485
lcl|NC_037645.1_mrna_XM_016913506.2_15118	4518	4319	0.0038212	4.84286e-05
lcl|NC_037645.1_mrna_XM_006559661.3_15119	4552	4353	371.749	4.67462
lcl|NC_037645.1_mrna_XM_006559663.3_15120	3809	3610	0	0
lcl|NC_037645.1_ncrna_XR_003305205.1_15121	2798	2599	113	2.37989
lcl|NC_037645.1_trna_15122	73	3.5471	0	0
lcl|NC_037645.1_mrna_XM_006559664.3_15123	713	514	96	10.2234
lcl|NC_037645.1_mrna_NM_001164008.1_15124	2213	2014	80	2.17428
lcl|NC_037645.1_mrna_XM_006559666.3_15125	2507	2308	166.324	3.94461
lcl|NC_037645.1_mrna_XM_393129.7_15126	2641	2442	38104.1	854.105
lcl|NC_037645.1_mrna_XM_006559667.3_15127	2630	2431	3455.58	77.8075
lcl|NC_037645.1_mrna_XM_006559665.3_15128	2588	2389	5170	118.457
lcl|NC_037645.1_mrna_NM_001270822.1_15129	1831	1632	25	0.838504
lcl|NC_037645.1_mrna_XM_026442232.1_15130	6268	6069	152	1.37092
lcl|NC_037645.1_mrna_XM_026442230.1_15131	12133	11934	48.337	0.221707
lcl|NC_037645.1_mrna_XM_026442231.1_15132	12070	11871	193.663	0.892986
lcl|NC_037645.1_mrna_XM_026442249.1_15133	1446	1247	29	1.27297
lcl|NC_037645.1_mrna_XM_006562604.2_15134	2580	2381	15693.8	360.79
lcl|NC_037645.1_mrna_XM_006562607.3_15135	2498	2299	670.395	15.9616
lcl|NC_037645.1_mrna_XM_006562603.3_15136	2554	2355	296.724	6.8968
lcl|NC_037645.1_mrna_XM_006562605.3_15137	2820	2621	6567.01	137.147
lcl|NC_037645.1_mrna_XM_006562606.3_15138	2589	2390	4013.97	91.931
lcl|NC_037645.1_mrna_XM_003250084.4_15139	2922	2723	1434	28.8262
lcl|NC_037645.1_mrna_XM_003250087.4_15140	1849	1650	14	0.46444
lcl|NC_037645.1_mrna_NM_001167709.1_15141	732	533	497	51.0404
lcl|NC_037645.1_mrna_XM_026442482.1_15142	1168	969	0	0
lcl|NC_037645.1_mrna_XM_006562608.3_15143	1599	1400	0	0
lcl|NC_037645.1_mrna_XM_026442372.1_15144	741	542	0	0
lcl|NC_037645.1_mrna_XM_006562612.3_15145	3470	3271	0	0
lcl|NC_037645.1_mrna_XM_026442181.1_15146	3433	3234	0	0
lcl|NC_037645.1_mrna_XM_026442182.1_15147	4563	4364	57	0.71495
lcl|NC_037645.1_mrna_XM_026442183.1_15148	3174	2975	4754	87.4697
lcl|NC_037645.1_ncrna_XR_003305214.1_15149	1676	1477	0	0
lcl|NC_037645.1_mrna_XM_003250085.4_15150	1025	826	0	0
lcl|NC_037645.1_mrna_XM_026442144.1_15151	2132	1933	25.7433	0.728985
lcl|NC_037645.1_mrna_XM_026442143.1_15152	2044	1845	25.6363	0.760579
lcl|NC_037645.1_ncrna_XR_003305117.1_15153	1468	1269	1	0.0431344
lcl|NC_037645.1_ncrna_XR_001704026.2_15154	3372	3173	5	0.0862552
lcl|NC_037645.1_mrna_XM_006561423.3_15155	1312	1113	5	0.245901
lcl|NC_037645.1_mrna_XM_396279.6_15156	2341	2142	5	0.127772
lcl|NC_037645.1_mrna_XM_026442579.1_15157	796	597	738.863	67.7446
lcl|NC_037645.1_mrna_XM_026442578.1_15158	1206	1007	348.733	18.9561
lcl|NC_037645.1_mrna_XM_026442577.1_15159	1093	894	704.404	43.129
lcl|NC_037645.1_mrna_XM_001120720.5_15160	2851	2652	567	11.7029
lcl|NC_037645.1_mrna_XM_003249827.4_15161	5028	4829	38.0027	0.430767
lcl|NC_037645.1_mrna_XM_394718.6_15162	6258	6059	563	5.08619
lcl|NC_037645.1_mrna_XM_006561425.3_15163	2313	2114	0.706702	0.0182986
lcl|NC_037645.1_mrna_XM_006561424.3_15164	2346	2147	48.8987	1.24667
lcl|NC_037645.1_mrna_XM_003249829.4_15165	2349	2150	8.39462	0.213721
lcl|NC_037645.1_mrna_XM_003249830.4_15166	2804	2605	17	0.357212
lcl|NC_037645.1_mrna_XM_016913488.2_15167	4715	4516	12.5729	0.152394
lcl|NC_037645.1_mrna_XM_006561428.3_15168	4979	4780	44.8359	0.513432
lcl|NC_037645.1_mrna_XM_006561426.3_15169	4970	4771	0	0
lcl|NC_037645.1_mrna_XM_006561427.3_15170	4889	4690	165.933	1.93662
lcl|NC_037645.1_mrna_XM_026442431.1_15171	1352	1153	46.1811	2.1924
lcl|NC_037645.1_mrna_XM_026442430.1_15172	1421	1222	0	0
lcl|NC_037645.1_mrna_XM_026442434.1_15173	1425	1226	3.62063e-06	1.61651e-07
lcl|NC_037645.1_mrna_XM_026442432.1_15174	1026	827	11.5766	0.766233
lcl|NC_037645.1_mrna_XM_026442435.1_15175	1406	1207	393.242	17.8336
lcl|NC_037645.1_mrna_XM_026442433.1_15176	1401	1202	0	0
lcl|NC_037645.1_mrna_XM_003249831.4_15177	2367	2168	2135	53.9044
lcl|NC_037645.1_mrna_XM_006561430.3_15178	4781	4582	728.085	8.69785
lcl|NC_037645.1_mrna_XM_006561429.3_15179	4938	4739	480.268	5.54731
lcl|NC_037645.1_mrna_XM_026442428.1_15180	4625	4426	0	0
lcl|NC_037645.1_mrna_XM_016913489.2_15181	4635	4436	0	0
lcl|NC_037645.1_mrna_XM_026442429.1_15182	5051	4852	59.8607	0.675315
lcl|NC_037645.1_mrna_XM_016913491.2_15183	4907	4708	163.072	1.89596
lcl|NC_037645.1_mrna_XM_016913490.2_15184	5692	5493	55.3733	0.551793
lcl|NC_037645.1_mrna_XM_006561437.3_15185	8588	8389	3757.5	24.5174
lcl|NC_037645.1_mrna_XM_006561438.3_15186	7967	7768	1881.5	13.2581
lcl|NC_037645.1_precursorrna_NR_039532.1_15187	82	3.75521	0	0
lcl|NC_037645.1_ncrna_15188	23	2.74792	0	0
lcl|NC_037645.1_mrna_XM_026442069.1_15189	7023	6824	0	0
lcl|NC_037645.1_mrna_XM_026442073.1_15190	6733	6534	0.000411599	3.44811e-06
lcl|NC_037645.1_mrna_XM_026442071.1_15191	7743	7544	0	0
lcl|NC_037645.1_mrna_XM_026442078.1_15192	7023	6824	0	0
lcl|NC_037645.1_mrna_XM_026442075.1_15193	7065	6866	0	0
lcl|NC_037645.1_mrna_XM_026442079.1_15194	7020	6821	0	0
lcl|NC_037645.1_mrna_XM_026442076.1_15195	7065	6866	0	0
lcl|NC_037645.1_mrna_XM_006561449.3_15196	6506	6307	0	0
lcl|NC_037645.1_mrna_XM_026442070.1_15197	7622	7423	10.9808	0.0809727
lcl|NC_037645.1_mrna_XM_026442072.1_15198	6946	6747	14.0299	0.113823
lcl|NC_037645.1_mrna_XM_026442074.1_15199	6665	6466	222.989	1.8877
lcl|NC_037645.1_mrna_XM_003249832.3_15200	1811	1612	350	11.8847
lcl|NC_037645.1_mrna_XM_394722.7_15201	3540	3341	428	7.01217
lcl|NC_037645.1_mrna_XM_006561450.3_15202	8359	8160	5954.23	39.9412
lcl|NC_037645.1_mrna_XM_026442498.1_15203	2167	1968	200.348	5.57244
lcl|NC_037645.1_mrna_XM_026442497.1_15204	2781	2582	78.5168	1.66453
lcl|NC_037645.1_mrna_XM_003249834.4_15205	2784	2585	18.1353	0.384015
lcl|NC_037645.1_mrna_XM_016913359.2_15206	1923	1724	0	0
lcl|NC_037645.1_mrna_XM_026442499.1_15207	1980	1781	0	0
lcl|NC_037645.1_mrna_XM_016913360.2_15208	2780	2581	438.747	9.3049
lcl|NC_037645.1_mrna_XM_016913358.2_15209	1899	1700	27.2418	0.877148
lcl|NC_037645.1_mrna_XM_016913357.2_15210	2087	1888	1362.01	39.4879
lcl|NC_037645.1_mrna_XM_006561453.3_15211	3411	3212	0	0
lcl|NC_037645.1_mrna_XM_006561454.3_15212	3314	3115	0	0
lcl|NC_037645.1_mrna_XM_006561455.3_15213	3774	3575	100.287	1.53551
lcl|NC_037645.1_mrna_XM_016913356.2_15214	3068	2869	336.713	6.42414
lcl|NC_037645.1_mrna_XM_003249835.4_15215	1790	1591	6389	219.81
lcl|NC_037645.1_mrna_XM_016913361.2_15216	1670	1471	0	0
lcl|NC_037645.1_ncrna_XR_001703837.2_15217	1678	1479	406	15.026
lcl|NC_037645.1_mrna_XM_026442500.1_15218	10941	10742	8587	43.7564
lcl|NC_037645.1_ncrna_XR_001703838.2_15219	479	280	0	0
lcl|NC_037645.1_mrna_XM_026442587.1_15220	5497	5298	25.5133	0.263597
lcl|NC_037645.1_mrna_XM_016913363.2_15221	4993	4794	80.5931	0.920206
lcl|NC_037645.1_mrna_XM_006561451.3_15222	2485	2286	153.858	3.68407
lcl|NC_037645.1_mrna_XM_016913365.2_15223	2744	2545	12.4884	0.268599
lcl|NC_037645.1_mrna_XM_016913364.2_15224	3110	2911	116.654	2.19352
lcl|NC_037645.1_mrna_XM_026442359.1_15225	3087	2888	217	4.1129
lcl|NC_037645.1_mrna_XM_026442178.1_15226	3872	3673	10.3757	0.154626
lcl|NC_037645.1_mrna_XM_026442175.1_15227	1229	1030	35.9999	1.91315
lcl|NC_037645.1_mrna_XM_026442174.1_15228	1240	1041	5.42074e-05	2.85032e-06
lcl|NC_037645.1_mrna_XM_026442177.1_15229	3518	3319	26.6243	0.439093
lcl|NC_037645.1_mrna_XM_006561468.3_15230	1059	860	154	9.80184
lcl|NC_037645.1_mrna_XM_394728.7_15231	1359	1160	752.47	35.5072
lcl|NC_037645.1_mrna_XM_001121574.5_15232	3716	3517	0	0
lcl|NC_037645.1_mrna_XM_026442176.1_15233	3587	3388	0	0
lcl|NC_037645.1_mrna_XM_006561475.3_15234	6234	6035	0	0
lcl|NC_037645.1_mrna_XM_006561473.3_15235	6316	6117	0	0
lcl|NC_037645.1_mrna_XM_001121610.5_15236	6316	6117	0	0
lcl|NC_037645.1_mrna_XM_006561472.3_15237	6220	6021	4.07974	0.0370893
lcl|NC_037645.1_mrna_XM_006561476.3_15238	6332	6133	53.9203	0.481243
lcl|NC_037645.1_mrna_XM_006561471.3_15239	6302	6103	1.57292e-07	1.41075e-09
lcl|NC_037645.1_mrna_NM_001040259.1_15240	1743	1544	1.0494e+06	37203.1
lcl|NC_037645.1_precursorrna_NR_039533.1_15241	135	5.87326	0	0
lcl|NC_037645.1_ncrna_15242	23	2.74792	0	0
lcl|NC_037645.1_trna_15243	72	3.52559	0	0
lcl|NC_037645.1_ncrna_XR_409135.3_15244	6211	6012	3	0.0273141
lcl|NC_037645.1_mrna_XM_001121669.5_15245	6808	6609	0.0305657	0.000253154
lcl|NC_037645.1_mrna_XM_006561478.3_15246	6772	6573	30.1196	0.250825
lcl|NC_037645.1_mrna_XM_006561477.3_15247	5900	5701	49.8781	0.478899
lcl|NC_037645.1_mrna_XM_394733.7_15248	1712	1513	514.108	18.5995
lcl|NC_037645.1_mrna_XM_006561479.3_15249	3073	2874	0	0
lcl|NC_037645.1_mrna_XM_394734.7_15250	3075	2876	199	3.78747
lcl|NC_037645.1_trna_15251	82	3.75521	0	0
lcl|NC_037645.1_mrna_XM_003249823.4_15252	1605	1406	22	0.856491
lcl|NC_037645.1_mrna_XM_624591.6_15253	965	766	345	24.6533
lcl|NC_037645.1_mrna_XM_001121803.5_15254	1178	979	303	16.9412
lcl|NC_037645.1_miscrna_XR_003305173.1_15255	3155	2956	96.1851	1.7811
lcl|NC_037645.1_miscrna_XR_003305174.1_15256	2846	2647	218.855	4.52572
lcl|NC_037645.1_mrna_XM_016913540.2_15257	3182	2983	255.96	4.69682
lcl|NC_037645.1_miscrna_XR_001703916.2_15258	7836	7637	179.447	1.28617
lcl|NC_037645.1_miscrna_XR_001703915.2_15259	8069	7870	0.0125668	8.74051e-05
lcl|NC_037645.1_miscrna_XR_001703917.2_15260	8065	7866	17.6312	0.122691
lcl|NC_037645.1_miscrna_XR_001703919.2_15261	8046	7847	1.32582e-07	9.24837e-10
lcl|NC_037645.1_miscrna_XR_001703920.2_15262	8042	7843	0.104202	0.000727245
lcl|NC_037645.1_miscrna_XR_001703918.2_15263	8047	7848	0.36987	0.00257974
lcl|NC_037645.1_miscrna_XR_001703921.2_15264	8025	7826	0.0017885	1.25094e-05
lcl|NC_037645.1_miscrna_XR_001703923.2_15265	7834	7635	0.2277	0.00163245
lcl|NC_037645.1_miscrna_XR_001703922.2_15266	8021	7822	1324.06	9.26567
lcl|NC_037645.1_miscrna_XR_001703924.2_15267	7812	7613	4385.18	31.5295
lcl|NC_037645.1_miscrna_XR_001703925.2_15268	4616	4417	5372.74	66.5815
lcl|NC_037645.1_mrna_XM_016913538.2_15269	7031	6832	10622.1	85.1037
lcl|NC_037645.1_ncrna_XR_003305175.1_15270	2695	2496	378	8.28958
lcl|NC_037645.1_mrna_XM_001121946.5_15271	3609	3410	1600.27	25.6876
lcl|NC_037645.1_mrna_XM_026442322.1_15272	6968	6769	0.000327107	2.64515e-06
lcl|NC_037645.1_miscrna_XR_003305176.1_15273	7054	6855	313.183	2.50078
lcl|NC_037645.1_mrna_XM_026442323.1_15274	2853	2654	0	0
lcl|NC_037645.1_trna_15275	72	3.52559	0	0
lcl|NC_037645.1_trna_15276	72	3.52559	0	0
lcl|NC_037645.1_trna_15277	72	3.52559	0	0
lcl|NC_037645.1_trna_15278	72	3.52559	0	0
lcl|NC_037645.1_mrna_XM_026442582.1_15279	2733	2534	0.0836905	0.00180782
lcl|NC_037645.1_mrna_XM_026442585.1_15280	2727	2528	1.66708	0.0360965
lcl|NC_037645.1_miscrna_XR_003305261.1_15281	2597	2398	49.9424	1.14
lcl|NC_037645.1_mrna_XM_026442583.1_15282	2832	2633	0	0
lcl|NC_037645.1_mrna_XM_026442584.1_15283	2588	2389	20.4526	0.468618
lcl|NC_037645.1_mrna_XM_006563864.3_15284	2586	2387	58.8542	1.34962
lcl|NC_037645.1_mrna_XM_016913799.2_15285	2472	2273	0	0
lcl|NC_037645.1_mrna_XM_006563862.3_15286	1154	955	28.7382	1.64718
lcl|NC_037645.1_ncrna_XR_003305262.1_15287	698	499	2.26182	0.248109
lcl|NC_037645.1_mrna_XM_016913677.2_15288	1464	1265	41	1.7741
lcl|NC_037645.1_mrna_XM_016913678.2_15289	1230	1031	0	0
lcl|NC_037645.1_mrna_XM_393264.6_15290	4623	4424	63.4565	0.785138
lcl|NC_037645.1_mrna_XM_006563861.3_15291	4547	4348	68.5435	0.862903
lcl|NC_037645.1_mrna_XM_016913682.2_15292	741	542	9.1522	0.924297
lcl|NC_037645.1_mrna_XM_006563858.3_15293	721	522	0	0
lcl|NC_037645.1_mrna_XM_001120599.5_15294	585	386	358	50.7669
lcl|NC_037645.1_miscrna_XR_003305263.1_15295	895	696	18.8478	1.4823
lcl|NC_037645.1_mrna_XM_006563860.3_15296	1819	1620	6	0.202732
lcl|NC_037645.1_mrna_XM_001120461.5_15297	3496	3297	57.7953	0.959531
lcl|NC_037645.1_mrna_XM_026442586.1_15298	4605	4406	7.20469	0.0895068
lcl|NC_037645.1_mrna_XM_396554.6_15299	2149	1950	1841	51.6779
lcl|NC_037645.1_mrna_XM_393262.7_15300	2611	2412	6123.27	138.961
lcl|NC_037645.1_mrna_XM_026442141.1_15301	1107	908	266.651	16.0747
lcl|NC_037645.1_ncrna_XR_003305165.1_15302	350	151	2	0.725001
lcl|NC_037645.1_precursorrna_NR_034292.1_15303	100	4.26726	0	0
lcl|NC_037645.1_ncrna_15304	22	2.73612	0	0
lcl|NC_037645.1_mrna_XM_006563847.3_15305	4862	4663	1693.91	19.8842
lcl|NC_037645.1_mrna_XM_016913753.2_15306	4617	4418	565.094	7.00132
lcl|NC_037645.1_mrna_XM_395200.7_15307	2072	1873	813	23.7595
lcl|NC_037645.1_mrna_XM_026442422.1_15308	2886	2687	48	0.97782
lcl|NC_037645.1_mrna_XM_006563845.3_15309	1403	1204	24	1.09111
lcl|NC_037645.1_mrna_XM_003250303.4_15310	1741	1542	195.696	6.94675
lcl|NC_037645.1_mrna_XM_395384.7_15311	1741	1542	694.516	24.6538
lcl|NC_037645.1_mrna_XM_006563844.3_15312	1749	1550	648.789	22.9117
lcl|NC_037645.1_mrna_XM_006563839.2_15313	1326	1127	2167	105.25
lcl|NC_037645.1_mrna_XM_395385.6_15314	1346	1147	0	0
lcl|NC_037645.1_mrna_XM_006563841.3_15315	1274	1075	13	0.661942
lcl|NC_037645.1_mrna_XM_394739.5_15316	2232	2033	1515	40.7906
lcl|NC_037645.1_mrna_XM_394738.5_15317	1906	1707	393	12.6021
lcl|NC_037645.1_mrna_XM_026442114.1_15318	5233	5034	367.901	4.00039
lcl|NC_037645.1_mrna_XM_026442113.1_15319	5233	5034	170.234	1.85105
lcl|NC_037645.1_mrna_XM_026442115.1_15320	5163	4964	333.314	3.67542
lcl|NC_037645.1_mrna_XM_026442118.1_15321	4568	4369	0	0
lcl|NC_037645.1_miscrna_XR_003305091.1_15322	4850	4651	12.5207	0.147356
lcl|NC_037645.1_miscrna_XR_003305093.1_15323	4728	4529	10.1488	0.122659
lcl|NC_037645.1_mrna_XM_026442111.1_15324	5430	5231	257.482	2.69431
lcl|NC_037645.1_mrna_XM_026442107.1_15325	4497	4298	0	0
lcl|NC_037645.1_mrna_XM_026442112.1_15326	5007	4808	52.5528	0.598296
lcl|NC_037645.1_mrna_XM_026442109.1_15327	4281	4082	247.007	3.31223
lcl|NC_037645.1_mrna_XM_026442108.1_15328	4118	3919	443.932	6.2005
lcl|NC_037645.1_mrna_XM_026442110.1_15329	4021	3822	0.0234247	0.000335482
lcl|NC_037645.1_miscrna_XR_003305092.1_15330	4845	4646	0	0
lcl|NC_037645.1_ncrna_XR_409787.3_15331	2042	1843	90	2.67302
lcl|NC_037645.1_miscrna_XR_003305094.1_15332	5323	5124	292.819	3.12806
lcl|NC_037645.1_mrna_XM_026442117.1_15333	4635	4436	0	0
lcl|NC_037645.1_ncrna_XR_003305096.1_15334	1685	1486	89	3.27836
lcl|NC_037645.1_mrna_XM_026442116.1_15335	4748	4549	8.47428	0.10197
lcl|NC_037645.1_ncrna_XR_003305095.1_15336	3497	3298	149.953	2.4888
lcl|NC_037645.1_ncrna_XR_001703852.2_15337	3280	3081	1.34774	0.0239442
lcl|NC_037645.1_ncrna_XR_001703855.2_15338	418	219	10	2.49943
lcl|NC_037645.1_mrna_XM_016913397.2_15339	4938	4739	1974	22.8006
lcl|NC_037645.1_mrna_XM_006563819.3_15340	3444	3245	168.681	2.84536
lcl|NC_037645.1_mrna_XM_006563825.3_15341	3522	3323	37.1936	0.612665
lcl|NC_037645.1_mrna_XM_006563824.3_15342	3522	3323	0	0
lcl|NC_037645.1_mrna_XM_006563822.3_15343	3564	3365	0	0
lcl|NC_037645.1_mrna_XM_006563823.3_15344	3528	3329	0	0
lcl|NC_037645.1_mrna_XM_006563821.3_15345	3567	3368	0	0
lcl|NC_037645.1_mrna_XM_006563826.3_15346	3510	3311	15.2225	0.251659
lcl|NC_037645.1_mrna_XM_392948.7_15347	3554	3355	0	0
lcl|NC_037645.1_mrna_XM_006563820.3_15348	3566	3367	497.353	8.08549
lcl|NC_037645.1_mrna_XM_006563831.3_15349	2849	2650	37.2905	0.770261
lcl|NC_037645.1_mrna_XM_006563835.3_15350	2806	2607	0.000133549	2.80404e-06
lcl|NC_037645.1_mrna_XM_006563834.3_15351	2809	2610	0.00203159	4.26069e-05
lcl|NC_037645.1_mrna_XM_006563830.3_15352	2851	2652	452.31	9.33572
lcl|NC_037645.1_mrna_XM_006563833.3_15353	2812	2613	0.000341594	7.15577e-06
lcl|NC_037645.1_mrna_XM_006563832.3_15354	2815	2616	0.00514452	0.000107645
lcl|NC_037645.1_mrna_XM_006563829.3_15355	2854	2655	122.333	2.52211
lcl|NC_037645.1_mrna_XM_006563828.3_15356	2857	2658	905.988	18.6575
lcl|NC_037645.1_mrna_XM_006563827.3_15357	3066	2867	38.6212	0.737366
lcl|NC_037645.1_mrna_XM_003250301.4_15358	649	450	337	40.9923
lcl|NC_037645.1_mrna_XM_006563813.3_15359	586	387	0	0
lcl|NC_037645.1_mrna_XM_395784.7_15360	1511	1312	786	32.7925
lcl|NC_037645.1_mrna_NM_001077820.1_15361	351	152	13	4.6815
lcl|NC_037645.1_mrna_XM_393044.7_15362	1328	1129	256.047	12.414
lcl|NC_037645.1_miscrna_XR_409785.3_15363	2619	2420	329.355	7.44963
lcl|NC_037645.1_miscrna_XR_409786.3_15364	2923	2724	162.926	3.27392
lcl|NC_037645.1_mrna_XM_026442119.1_15365	2324	2125	464.339	11.9608
lcl|NC_037645.1_mrna_XM_016913482.2_15366	2384	2185	59.3327	1.48637
lcl|NC_037645.1_mrna_XM_003250298.4_15367	2345	2146	7635.52	194.757
lcl|NC_037645.1_mrna_XM_392857.6_15368	1769	1570	30460	1061.98
lcl|NC_037645.1_mrna_XM_395548.7_15369	1435	1236	210.043	9.30199
lcl|NC_037645.1_mrna_XM_001121355.4_15370	3916	3717	543	7.99636
lcl|NC_037645.1_mrna_XM_394923.7_15371	958	759	92	6.63485
lcl|NC_037645.1_mrna_XM_392589.6_15372	897	698	284	22.2714
lcl|NC_037645.1_mrna_XM_392590.7_15373	1820	1621	1490.17	50.3196
lcl|NC_037645.1_mrna_XM_006563808.3_15374	1742	1543	192.414	6.82585
lcl|NC_037645.1_mrna_XM_016913484.2_15375	1635	1436	613.073	23.3692
lcl|NC_037645.1_mrna_XM_006563807.3_15376	1771	1572	154.346	5.37437
lcl|NC_037645.1_mrna_XM_624869.5_15377	3595	3396	1612	25.9826
lcl|NC_037645.1_mrna_XM_006563804.3_15378	3910	3711	253.527	3.73954
lcl|NC_037645.1_mrna_XM_006563805.3_15379	3880	3681	2618.89	38.9436
lcl|NC_037645.1_mrna_XM_006563806.2_15380	3617	3418	195.587	3.13223
lcl|NC_037645.1_mrna_XM_006563802.3_15381	3643	3444	827	13.144
lcl|NC_037645.1_mrna_XM_026442588.1_15382	2341	2142	1087.21	27.7831
lcl|NC_037645.1_mrna_XM_026442589.1_15383	2329	2130	27.7858	0.714051
lcl|NC_037645.1_mrna_XM_006563800.3_15384	2348	2149	4092.39	104.238
lcl|NC_037645.1_mrna_XM_623324.6_15385	2371	2172	1416.61	35.7007
lcl|NC_037645.1_mrna_XM_026442590.1_15386	743	544	37	3.72296
lcl|NC_037645.1_mrna_XM_026442591.1_15387	1986	1787	16	0.490096
lcl|NC_037645.1_trna_15388	72	3.52559	0	0
lcl|NC_037645.1_trna_15389	73	3.5471	0	0
lcl|NC_037645.1_mrna_XM_001123118.5_15390	3729	3530	616.552	9.5605
lcl|NC_037645.1_mrna_XM_016913399.2_15391	3018	2819	84.6539	1.64376
lcl|NC_037645.1_mrna_XM_006563797.3_15392	2978	2779	72.7937	1.43381
lcl|NC_037645.1_mrna_XM_006563796.3_15393	3007	2808	0.000148695	2.89857e-06
lcl|NC_037645.1_mrna_XM_026442348.1_15394	5234	5035	0	0
lcl|NC_037645.1_mrna_XM_026442347.1_15395	5283	5084	109.375	1.1776
lcl|NC_037645.1_mrna_XM_026442349.1_15396	5265	5066	515.654	5.57158
lcl|NC_037645.1_mrna_XM_026442345.1_15397	5119	4920	0	0
lcl|NC_037645.1_mrna_XM_026442346.1_15398	5104	4905	241.369	2.69357
lcl|NC_037645.1_mrna_XM_026442354.1_15399	3338	3139	1362.37	23.7569
lcl|NC_037645.1_trna_15400	72	3.52559	0	0
lcl|NC_037645.1_ncrna_XR_001703862.2_15401	292	93.0002	4	2.3543
lcl|NC_037645.1_mrna_XM_026442350.1_15402	4922	4723	152.093	1.7627
lcl|NC_037645.1_mrna_XM_026442351.1_15403	4906	4707	0.000731798	8.51006e-06
lcl|NC_037645.1_mrna_XM_026442352.1_15404	4510	4311	1342.21	17.0422
lcl|NC_037645.1_mrna_XM_395811.6_15405	1797	1598	673.075	23.0554
lcl|NC_037645.1_mrna_XM_016913408.2_15406	837	638	108.437	9.30338
lcl|NC_037645.1_mrna_XM_006563793.3_15407	708	509	18.4886	1.98825
lcl|NC_037645.1_mrna_XM_026442356.1_15408	1382	1183	258.311	11.9521
lcl|NC_037645.1_mrna_XM_006563792.3_15409	1527	1328	103.124	4.25056
lcl|NC_037645.1_mrna_XM_006563789.3_15410	1684	1485	0	0
lcl|NC_037645.1_mrna_XM_003250296.4_15411	1618	1419	750.869	28.9646
lcl|NC_037645.1_mrna_XM_016913406.2_15412	1558	1359	0	0
lcl|NC_037645.1_mrna_XM_006563790.3_15413	1868	1669	76.2596	2.50106
lcl|NC_037645.1_mrna_XM_016913407.2_15414	1670	1471	1032.44	38.4181
lcl|NC_037645.1_ncrna_XR_001703860.2_15415	1288	1089	73	3.66928
lcl|NC_037645.1_ncrna_XR_003305179.1_15416	481	282	11	2.13515
lcl|NC_037645.1_precursorrna_NR_039534.1_15417	86	3.85692	0	0
lcl|NC_037645.1_ncrna_15418	23	2.74792	0	0
lcl|NC_037645.1_mrna_XM_026442355.1_15419	3108	2909	1347.91	25.3631
lcl|NC_037645.1_mrna_XM_006563787.3_15420	2917	2718	2186.69	44.0375
lcl|NC_037645.1_mrna_XM_006563788.3_15421	2924	2725	33.4034	0.67098
lcl|NC_037645.1_mrna_XM_026442251.1_15422	2944	2745	3566	71.109
lcl|NC_037645.1_mrna_XM_394865.7_15423	1345	1146	286	13.6605
lcl|NC_037645.1_mrna_XM_026442081.1_15424	3918	3719	0	0
lcl|NC_037645.1_mrna_XM_026442080.1_15425	3996	3797	1056	15.2233
lcl|NC_037645.1_mrna_XM_001121670.5_15426	813	614	208	18.543
lcl|NC_037645.1_mrna_XM_001121695.5_15427	2726	2527	261.953	5.67417
lcl|NC_037645.1_mrna_XM_016913621.2_15428	2545	2346	0	0
lcl|NC_037645.1_mrna_XM_016913620.2_15429	2232	2033	43.0475	1.15903
lcl|NC_037645.1_mrna_XM_006563779.3_15430	1633	1434	16	0.61074
lcl|NC_037645.1_mrna_XM_395835.7_15431	2403	2204	1208	30.0013
lcl|NC_037645.1_mrna_XM_006563777.3_15432	1509	1310	286.007	11.9506
lcl|NC_037645.1_mrna_XM_006563776.3_15433	1758	1559	1342.01	47.119
lcl|NC_037645.1_mrna_XM_026442252.1_15434	2480	2281	274.239	6.58096
lcl|NC_037645.1_mrna_XM_026442488.1_15435	2057	1858	0.548975	0.0161731
lcl|NC_037645.1_mrna_XM_026442489.1_15436	2062	1863	0.0184763	0.00054286
lcl|NC_037645.1_mrna_XM_016913579.2_15437	2357	2158	37.9988	0.963838
lcl|NC_037645.1_mrna_XM_026442486.1_15438	2312	2113	0	0
lcl|NC_037645.1_ncrna_XR_001703947.2_15439	1647	1448	113.972	4.30839
lcl|NC_037645.1_ncrna_XR_001703946.2_15440	1626	1427	105.028	4.02872
lcl|NC_037645.1_ncrna_XR_001703954.2_15441	1474	1275	255	10.9475
lcl|NC_037645.1_mrna_XM_026442491.1_15442	2570	2371	81.1077	1.87247
lcl|NC_037645.1_ncrna_XR_001703952.2_15443	629	430	1	0.127297
lcl|NC_037645.1_ncrna_XR_003305224.1_15444	475	276	3	0.594973
lcl|NC_037645.1_mrna_XM_026442487.1_15445	1322	1123	39.88	1.94384
lcl|NC_037645.1_mrna_XM_026442490.1_15446	2073	1874	88.7895	2.59345
lcl|NC_037645.1_mrna_XM_006563778.2_15447	2040	1841	438.626	13.0414
lcl|NC_037645.1_mrna_XM_624106.6_15448	1225	1026	2643.03	141.007
lcl|NC_037645.1_mrna_XM_624138.6_15449	1158	959	217	12.3859
lcl|NC_037645.1_mrna_XM_396290.5_15450	5764	5565	100.683	0.99032
lcl|NC_037645.1_mrna_XM_006563772.3_15451	5376	5177	0.0764862	0.000808705
lcl|NC_037645.1_mrna_XM_006563771.3_15452	5457	5258	197.356	2.05454
lcl|NC_037645.1_mrna_XM_006563774.3_15453	4698	4499	1.83058e-08	2.22719e-10
lcl|NC_037645.1_mrna_XM_006563773.3_15454	4605	4406	30.844	0.383188
lcl|NC_037645.1_ncrna_XR_409765.3_15455	1591	1392	3	0.117969
lcl|NC_037645.1_ncrna_XR_409766.3_15456	1489	1290	6	0.254593
lcl|NC_037645.1_ncrna_XR_001703960.2_15457	991	792	16.734	1.15654
lcl|NC_037645.1_ncrna_XR_409767.3_15458	1048	849	9.30699	0.600049
lcl|NC_037645.1_ncrna_XR_001703958.2_15459	440	241	2	0.454253
lcl|NC_037645.1_mrna_XM_026442515.1_15460	2206	2007	129.633	3.53552
lcl|NC_037645.1_mrna_XM_624191.6_15461	2168	1969	449.139	12.4859
lcl|NC_037645.1_mrna_XM_006563775.3_15462	2056	1857	1914.56	56.4341
lcl|NC_037645.1_mrna_XM_006563770.3_15463	1499	1300	1070.42	45.0708
lcl|NC_037645.1_ncrna_XR_003305227.1_15464	2151	1952	89.2526	2.5028
lcl|NC_037645.1_mrna_XM_003250292.4_15465	3214	3015	5406.83	98.1614
lcl|NC_037645.1_mrna_XM_026442307.1_15466	2767	2568	22.9415	0.489004
lcl|NC_037645.1_mrna_XM_026442306.1_15467	2788	2589	19.218	0.406313
lcl|NC_037645.1_mrna_XM_026442305.1_15468	2797	2598	0.240853	0.00507455
lcl|NC_037645.1_ncrna_XR_003305171.1_15469	6630	6431	9.34321	0.0795249
lcl|NC_037645.1_ncrna_XR_003305170.1_15470	3227	3028	5.69219	0.102898
lcl|NC_037645.1_mrna_XM_393479.7_15471	1810	1611	789	26.8081
lcl|NC_037645.1_mrna_XM_397054.6_15472	864	665	42.1479	3.46928
lcl|NC_037645.1_mrna_XM_006563764.3_15473	722	523	533.852	55.8733
lcl|NC_037645.1_mrna_XM_393480.7_15474	3325	3126	771	13.5005
lcl|NC_037645.1_mrna_XM_393481.7_15475	5560	5361	2166	22.1156
lcl|NC_037645.1_mrna_XM_006563763.3_15476	957	758	464	33.5069
lcl|NC_037645.1_mrna_XM_006563759.3_15477	988	789	4.01691	0.278676
lcl|NC_037645.1_mrna_XM_393483.7_15478	1432	1233	364.983	16.203
lcl|NC_037645.1_mrna_XM_001122084.5_15479	7540	7341	946.818	7.05987
lcl|NC_037645.1_mrna_XM_006563757.3_15480	7390	7191	0.32092	0.00244283
lcl|NC_037645.1_mrna_XM_006563758.3_15481	6509	6310	232.861	2.02001
lcl|NC_037645.1_mrna_XM_394908.7_15482	1477	1278	303	12.9777
lcl|NC_037645.1_mrna_XM_016913810.2_15483	1242	1043	467	24.5086
lcl|NC_037645.1_mrna_XM_026442419.1_15484	13007	12808	292.706	1.25094
lcl|NC_037645.1_mrna_XM_026442391.1_15485	13063	12864	0	0
lcl|NC_037645.1_mrna_XM_026442399.1_15486	12852	12653	0	0
lcl|NC_037645.1_mrna_XM_026442404.1_15487	12831	12632	0	0
lcl|NC_037645.1_mrna_XM_026442395.1_15488	12945	12746	0	0
lcl|NC_037645.1_mrna_XM_026442396.1_15489	12945	12746	0	0
lcl|NC_037645.1_mrna_XM_026442403.1_15490	12837	12638	0	0
lcl|NC_037645.1_mrna_XM_026442394.1_15491	12948	12749	0	0
lcl|NC_037645.1_mrna_XM_026442402.1_15492	12836	12637	0	0
lcl|NC_037645.1_mrna_XM_026442401.1_15493	12836	12637	0	0
lcl|NC_037645.1_mrna_XM_026442405.1_15494	12794	12595	0	0
lcl|NC_037645.1_mrna_XM_026442407.1_15495	12686	12487	0	0
lcl|NC_037645.1_mrna_XM_026442400.1_15496	12839	12640	20.1012	0.0870481
lcl|NC_037645.1_mrna_XM_026442409.1_15497	12571	12372	0	0
lcl|NC_037645.1_mrna_XM_026442406.1_15498	12685	12486	0	0
lcl|NC_037645.1_mrna_XM_026442408.1_15499	12643	12444	0	0
lcl|NC_037645.1_mrna_XM_026442410.1_15500	12417	12218	0	0
lcl|NC_037645.1_mrna_XM_026442411.1_15501	12308	12109	0.00299558	1.35412e-05
lcl|NC_037645.1_mrna_XM_026442413.1_15502	12076	11877	486.985	2.24437
lcl|NC_037645.1_mrna_XM_026442412.1_15503	12199	12000	32.7443	0.149362
lcl|NC_037645.1_mrna_XM_026442415.1_15504	11620	11421	0.00230037	1.1025e-05
lcl|NC_037645.1_mrna_XM_026442414.1_15505	11614	11415	0.00446483	2.14099e-05
lcl|NC_037645.1_mrna_XM_026442417.1_15506	11388	11189	2780.7	13.6034
lcl|NC_037645.1_mrna_XM_026442418.1_15507	11382	11183	1511.94	7.40053
lcl|NC_037645.1_mrna_XM_026442416.1_15508	11496	11297	0.0810802	0.000392859
lcl|NC_037645.1_mrna_XM_026442389.1_15509	12633	12434	0	0
lcl|NC_037645.1_mrna_XM_026442388.1_15510	12628	12429	0	0
lcl|NC_037645.1_mrna_XM_026442387.1_15511	12643	12444	0	0
lcl|NC_037645.1_mrna_XM_026442393.1_15512	12416	12217	0	0
lcl|NC_037645.1_mrna_XM_026442392.1_15513	12470	12271	675.224	3.01199
lcl|NC_037645.1_mrna_XM_026442390.1_15514	12593	12394	0	0
lcl|NC_037645.1_mrna_XM_026442397.1_15515	12322	12123	0	0
lcl|NC_037645.1_mrna_XM_026442398.1_15516	12236	12037	745.507	3.39015
lcl|NC_037645.1_mrna_XM_026442420.1_15517	1464	1265	0	0
lcl|NC_037645.1_miscrna_XR_003305206.1_15518	1310	1111	3	0.147806
lcl|NC_037645.1_ncrna_XR_003305208.1_15519	1394	1195	4.47163	0.204825
lcl|NC_037645.1_ncrna_XR_003305207.1_15520	1303	1104	12.5284	0.62117
lcl|NC_037645.1_ncrna_XR_001703931.2_15521	988	789	21	1.45689
lcl|NC_037645.1_ncrna_XR_001703836.1_15522	627	428	9	1.15102
lcl|NC_037645.1_mrna_XM_624530.5_15523	1750	1551	1985	70.0542
lcl|NC_037645.1_mrna_XM_396457.5_15524	2891	2692	169.697	3.45052
lcl|NC_037645.1_mrna_XM_006563753.3_15525	2888	2689	0.992077	0.0201948
lcl|NC_037645.1_mrna_XM_006563751.3_15526	2862	2663	771.623	15.8606
lcl|NC_037645.1_mrna_XM_016913748.2_15527	2706	2507	232.909	5.08531
lcl|NC_037645.1_mrna_XM_026442227.1_15528	2679	2480	2018.78	44.5577
lcl|NC_037645.1_mrna_XM_003250290.4_15529	2443	2244	94	2.29293
lcl|NC_037645.1_ncrna_XR_003305264.1_15530	191	13.7365	0	0
lcl|NC_037645.1_ncrna_XR_003305268.1_15531	172	9.667	0	0
lcl|NC_037645.1_ncrna_XR_003305267.1_15532	172	9.667	0	0
lcl|NC_037645.1_ncrna_XR_003305266.1_15533	175	10.1687	0	0
lcl|NC_037645.1_ncrna_XR_003305265.1_15534	176	10.3458	0	0
lcl|NC_037645.1_ncrna_XR_001704091.2_15535	569	370	37.7284	5.58151
lcl|NC_037645.1_ncrna_XR_001704089.2_15536	678	479	0	0
lcl|NC_037645.1_ncrna_XR_001704088.2_15537	650	451	22.2716	2.70309
lcl|NC_037645.1_ncrna_XR_120200.4_15538	804	605	919	83.1468
lcl|NC_037645.1_mrna_XM_624997.6_15539	1714	1515	343	12.3927
lcl|NC_037645.1_mrna_XM_396904.7_15540	4546	4347	1420.04	17.8812
lcl|NC_037645.1_mrna_XM_006564504.3_15541	4813	4614	67.9713	0.806368
lcl|NC_037645.1_mrna_XM_006564503.3_15542	4808	4609	140.988	1.6744
lcl|NC_037645.1_mrna_XM_026442335.1_15543	707	508	0	0
lcl|NC_037645.1_mrna_XM_026442334.1_15544	695	496	11	1.21394
lcl|NC_037645.1_mrna_XM_026442331.1_15545	2389	2190	550.44	13.7579
lcl|NC_037645.1_mrna_XM_026442333.1_15546	2322	2123	0.353153	0.00910539
lcl|NC_037645.1_mrna_XM_026442332.1_15547	2488	2289	78.6639	1.88111
lcl|NC_037645.1_mrna_XM_016913501.2_15548	2840	2641	101.543	2.10459
lcl|NC_037645.1_precursorrna_NR_034291.1_15549	100	4.26726	0	0
lcl|NC_037645.1_ncrna_15550	20	2.71266	0	0
lcl|NC_037645.1_mrna_XM_006564506.3_15551	2552	2353	0	0
lcl|NC_037645.1_mrna_XM_001122360.5_15552	2710	2511	862.146	18.794
lcl|NC_037645.1_mrna_XM_006564507.3_15553	2477	2278	276.854	6.65246
lcl|NC_037645.1_mrna_XM_396906.7_15554	3951	3752	3589.44	52.366
lcl|NC_037645.1_mrna_XM_006564505.3_15555	2148	1949	253.556	7.12111
lcl|NC_037645.1_mrna_XM_006564511.3_15556	6729	6530	0.0160834	0.000134819
lcl|NC_037645.1_mrna_XM_624928.6_15557	6685	6486	81.641	0.688996
lcl|NC_037645.1_mrna_XM_006564512.3_15558	6682	6483	146.377	1.2359
lcl|NC_037645.1_mrna_XM_395147.7_15559	2890	2691	1466	29.8199
lcl|NC_037645.1_mrna_XM_624892.5_15560	1684	1485	128	4.71812
lcl|NC_037645.1_mrna_XM_624878.5_15561	1727	1528	4001	143.328
lcl|NC_037645.1_mrna_XM_392681.6_15562	2090	1891	2790	80.7603
lcl|NC_037645.1_mrna_XM_006564513.2_15563	2177	1978	175.086	4.8452
lcl|NC_037645.1_mrna_XM_001122245.3_15564	2185	1986	64.9135	1.78913
lcl|NC_037645.1_mrna_XM_397283.7_15565	2766	2567	136	2.9
lcl|NC_037645.1_mrna_XM_006564514.3_15566	3593	3394	1782	28.7396
lcl|NC_037645.1_mrna_XM_006564515.3_15567	3449	3250	1817.59	30.6124
lcl|NC_037645.1_mrna_XM_016913662.2_15568	1891	1692	2028.41	65.6207
lcl|NC_037645.1_mrna_XM_026442033.1_15569	12787	12588	1808	7.86189
lcl|NC_037645.1_mrna_XM_006564516.3_15570	1157	958	106.741	6.09888
lcl|NC_037645.1_mrna_XM_006564517.3_15571	1049	850	302.259	19.4646
lcl|NC_037645.1_mrna_XM_003250459.4_15572	1933	1734	263	8.30218
lcl|NC_037645.1_mrna_XM_006564518.3_15573	12489	12290	50.0011	0.222696
lcl|NC_037645.1_mrna_XM_026442034.1_15574	12299	12100	0	0
lcl|NC_037645.1_mrna_XM_026442035.1_15575	12271	12072	0.41498	0.00188163
lcl|NC_037645.1_mrna_XM_006564520.3_15576	10781	10582	671.584	3.4739
lcl|NC_037645.1_mrna_XM_006564524.3_15577	2674	2475	1913.53	42.3201
lcl|NC_037645.1_mrna_XM_026442046.1_15578	1640	1441	153.466	5.82952
lcl|NC_037645.1_mrna_XM_026442042.1_15579	10082	9883	336.215	1.86215
lcl|NC_037645.1_mrna_XM_026442039.1_15580	10072	9873	144.689	0.802182
lcl|NC_037645.1_mrna_XM_026442036.1_15581	10077	9878	4.69773e-05	2.60318e-07
lcl|NC_037645.1_mrna_XM_026442037.1_15582	10074	9875	0.0568898	0.000315343
lcl|NC_037645.1_mrna_XM_026442041.1_15583	10008	9809	0.184561	0.00102991
lcl|NC_037645.1_mrna_XM_026442038.1_15584	10074	9875	1.23498e-05	6.84557e-08
lcl|NC_037645.1_mrna_XM_026442045.1_15585	9936	9737	79.0579	0.444432
lcl|NC_037645.1_mrna_XM_026442043.1_15586	9954	9755	24.1214	0.135351
lcl|NC_037645.1_mrna_XM_006564528.3_15587	10019	9820	0.353709	0.00197161
lcl|NC_037645.1_mrna_XM_026442040.1_15588	10016	9817	425.91	2.37478
lcl|NC_037645.1_mrna_XM_026442044.1_15589	9950	9751	1463.41	8.2149
lcl|NC_037645.1_mrna_XM_392767.7_15590	3261	3062	1022	18.2697
lcl|NC_037645.1_mrna_XM_026442148.1_15591	1016	817	25.6558	1.71889
lcl|NC_037645.1_mrna_XM_026442149.1_15592	1004	805	0.259468	0.017643
lcl|NC_037645.1_mrna_XM_026442146.1_15593	4876	4677	110.853	1.29738
lcl|NC_037645.1_mrna_XM_026442147.1_15594	4113	3914	238.282	3.33239
lcl|NC_037645.1_mrna_NM_001040230.1_15595	12849	12650	204.016	0.882793
lcl|NC_037645.1_mrna_XM_016913816.2_15596	1136	937	0	0
lcl|NC_037645.1_mrna_XM_016913543.2_15597	7344	7145	0	0
lcl|NC_037645.1_mrna_XM_016913547.2_15598	7253	7054	481.984	3.74009
lcl|NC_037645.1_mrna_XM_016913545.2_15599	7307	7108	0	0
lcl|NC_037645.1_mrna_XM_006564541.3_15600	7322	7123	0	0
lcl|NC_037645.1_mrna_XM_006564542.3_15601	7285	7086	4403.46	34.0156
lcl|NC_037645.1_mrna_XM_026442525.1_15602	7256	7057	125.493	0.973388
lcl|NC_037645.1_mrna_XM_026442524.1_15603	6951	6752	1111.65	9.01197
lcl|NC_037645.1_mrna_XM_016913546.2_15604	7761	7562	0	0
lcl|NC_037645.1_mrna_XM_016913549.2_15605	7706	7507	1259.58	9.18427
lcl|NC_037645.1_mrna_XM_016913548.2_15606	7149	6950	2413.83	19.0111
lcl|NC_037645.1_ncrna_XR_003305247.1_15607	1324	1125	8	0.389245
lcl|NC_037645.1_mrna_XM_026442170.1_15608	2690	2491	99.0741	2.17707
lcl|NC_037645.1_mrna_XM_006564536.3_15609	3048	2849	1.08091e-08	2.07674e-10
lcl|NC_037645.1_mrna_XM_006564535.3_15610	2814	2615	388.308	8.12812
lcl|NC_037645.1_mrna_XM_026442171.1_15611	2567	2368	0	0
lcl|NC_037645.1_mrna_XM_006564539.3_15612	2931	2732	852.826	17.087
lcl|NC_037645.1_mrna_XM_006564538.3_15613	2696	2497	5343.52	117.137
lcl|NC_037645.1_mrna_XM_006564537.3_15614	2891	2692	158.659	3.22609
lcl|NC_037645.1_mrna_XM_006564534.3_15615	1374	1175	2105.35	98.0781
lcl|NC_037645.1_mrna_XM_006564549.3_15616	2550	2351	125.294	2.91718
lcl|NC_037645.1_mrna_XM_001120684.5_15617	2531	2332	1721.29	40.4027
lcl|NC_037645.1_mrna_XM_006564548.3_15618	2528	2329	595.418	13.9939
lcl|NC_037645.1_mrna_XM_016913503.2_15619	2447	2248	0	0
lcl|NC_037645.1_mrna_XM_006564547.3_15620	6319	6120	533.099	4.76806
lcl|NC_037645.1_ncrna_XR_003305125.1_15621	4575	4376	119.147	1.49035
lcl|NC_037645.1_ncrna_XR_003305128.1_15622	4594	4395	0.0207909	0.00025894
lcl|NC_037645.1_ncrna_XR_003305121.1_15623	4696	4497	241.15	2.93528
lcl|NC_037645.1_ncrna_XR_003305126.1_15624	4610	4411	6.56743	0.0814974
lcl|NC_037645.1_ncrna_XR_003305123.1_15625	4712	4513	2.72722	0.0330781
lcl|NC_037645.1_ncrna_XR_003305132.1_15626	4374	4175	125.462	1.6449
lcl|NC_037645.1_ncrna_XR_003305129.1_15627	4390	4191	1.00485	0.0131241
lcl|NC_037645.1_ncrna_XR_003305130.1_15628	4409	4210	0.00333414	4.33498e-05
lcl|NC_037645.1_ncrna_XR_003305131.1_15629	4420	4221	0.00162685	2.10968e-05
lcl|NC_037645.1_ncrna_XR_003305120.1_15630	4477	4278	1.28697e-08	1.64669e-10
lcl|NC_037645.1_ncrna_XR_003305127.1_15631	4255	4056	0.000879526	1.18696e-05
lcl|NC_037645.1_ncrna_XR_003305124.1_15632	4381	4182	0	0
lcl|NC_037645.1_ncrna_XR_003305122.1_15633	4350	4151	129.308	1.70513
lcl|NC_037645.1_mrna_XM_026442172.1_15634	5213	5014	78.7233	0.859418
lcl|NC_037645.1_mrna_XM_026442173.1_15635	5111	4912	873.972	9.73923
lcl|NC_037645.1_ncrna_XR_003305119.1_15636	3020	2821	236.813	4.59502
lcl|NC_037645.1_ncrna_XR_003305118.1_15637	3039	2840	0	0
lcl|NC_037645.1_ncrna_XR_003305133.1_15638	976	777	62.1352	4.37726
lcl|NC_037645.1_mrna_XM_392494.5_15639	2416	2217	237.865	5.87286
lcl|NC_037645.1_mrna_XM_394742.7_15640	2365	2166	1359	34.3436
lcl|NC_037645.1_mrna_XM_026442361.1_15641	3030	2831	167	3.22895
lcl|NC_037645.1_mrna_NM_001242542.1_15642	1798	1599	674	23.0726
lcl|NC_037645.1_precursorrna_NR_031511.1_15643	107	4.51079	0	0
lcl|NC_037645.1_ncrna_15644	22	2.73612	0	0
lcl|NC_037645.1_precursorrna_NR_034281.1_15645	100	4.26726	0	0
lcl|NC_037645.1_ncrna_15646	21	2.72438	0	0
lcl|NC_037645.1_precursorrna_NR_034283.1_15647	100	4.26726	0	0
lcl|NC_037645.1_ncrna_15648	22	2.73612	0	0
lcl|NC_037645.1_ncrna_XR_003305177.1_15649	1489	1290	79	3.35214
lcl|NC_037645.1_mrna_XM_026442328.1_15650	4311	4112	2862.28	38.1017
lcl|NC_037645.1_mrna_XM_026442326.1_15651	4389	4190	165.322	2.15974
lcl|NC_037645.1_mrna_XM_006564555.3_15652	4628	4429	6074.21	75.0705
lcl|NC_037645.1_mrna_XM_026442327.1_15653	4721	4522	0	0
lcl|NC_037645.1_mrna_XM_026442330.1_15654	4118	3919	31.5342	0.440445
lcl|NC_037645.1_mrna_XM_026442329.1_15655	4127	3928	59.3534	0.827102
lcl|NC_037645.1_mrna_XM_006564554.3_15656	4706	4507	429.972	5.22201
lcl|NC_037645.1_mrna_XM_026442325.1_15657	4799	4600	0	0
lcl|NC_037645.1_mrna_XM_016913485.1_15658	1485	1286	354	15.0677
lcl|NC_037645.1_mrna_XM_006564553.2_15659	939	740	146	10.7996
lcl|NC_037645.1_miscrna_XR_001703904.2_15660	2374	2175	132.106	3.32467
lcl|NC_037645.1_miscrna_XR_410000.3_15661	2235	2036	76.9843	2.06971
lcl|NC_037645.1_miscrna_XR_410001.3_15662	2144	1945	120.067	3.37902
lcl|NC_037645.1_mrna_XM_006564552.3_15663	2005	1806	64.7302	1.96189
lcl|NC_037645.1_mrna_XM_624805.6_15664	1993	1794	67.1123	2.04769
lcl|NC_037645.1_mrna_XM_016913487.2_15665	3018	2819	6005	116.601
lcl|NC_037645.1_trna_15666	72	3.52559	0	0
lcl|NC_037645.1_trna_15667	72	3.52559	0	0
lcl|NC_037645.1_trna_15668	71	3.50437	0	0
lcl|NC_037645.1_trna_15669	71	3.50437	0	0
lcl|NC_037645.1_mrna_XM_392882.7_15670	1745	1546	285	10.0907
lcl|NC_037645.1_mrna_XM_395614.6_15671	2824	2625	9784	204.02
lcl|NC_037645.1_mrna_XM_006564559.3_15672	5112	4913	350.351	3.90339
lcl|NC_037645.1_mrna_XM_006564558.3_15673	5585	5386	1530.79	15.5573
lcl|NC_037645.1_mrna_XM_397351.7_15674	5378	5179	125.568	1.32714
lcl|NC_037645.1_mrna_XM_624434.6_15675	3564	3365	1809.38	29.4327
lcl|NC_037645.1_mrna_XM_006564561.2_15676	3282	3083	142.617	2.53211
lcl|NC_037645.1_mrna_XM_003250433.3_15677	575	376	887	129.128
lcl|NC_037645.1_mrna_XM_016913448.2_15678	7629	7430	0.127469	0.000939074
lcl|NC_037645.1_mrna_XM_016913446.1_15679	7638	7439	7.54285e-07	5.55017e-09
lcl|NC_037645.1_mrna_XM_016913447.1_15680	7628	7429	2.65878	0.0195901
lcl|NC_037645.1_mrna_XM_016913449.1_15681	7613	7414	2578.57	19.0376
lcl|NC_037645.1_mrna_XM_006564562.3_15682	7379	7180	1819.97	13.8747
lcl|NC_037645.1_mrna_XM_624411.6_15683	7388	7189	0.00768816	5.85382e-05
lcl|NC_037645.1_mrna_XM_016913450.2_15684	4898	4699	47.6692	0.555287
lcl|NC_037645.1_mrna_XM_006564564.2_15685	1645	1446	0	0
lcl|NC_037645.1_mrna_XM_006564565.2_15686	1831	1632	488.451	16.3827
lcl|NC_037645.1_mrna_XM_006564563.2_15687	1836	1637	66.6023	2.22703
lcl|NC_037645.1_mrna_XM_026442087.1_15688	1913	1714	488.947	15.6148
lcl|NC_037645.1_mrna_XM_397094.7_15689	2667	2468	1285.92	28.5203
lcl|NC_037645.1_mrna_XM_006564567.3_15690	2637	2438	0.0793692	0.00178198
lcl|NC_037645.1_mrna_XM_001122365.5_15691	1792	1593	1389	47.7278
lcl|NC_037645.1_mrna_XM_006564569.3_15692	3512	3313	375.034	6.19632
lcl|NC_037645.1_mrna_XM_016913444.2_15693	3644	3445	55.771	0.886144
lcl|NC_037645.1_mrna_XM_006564568.3_15694	3900	3701	361.195	5.34206
lcl|NC_037645.1_mrna_XM_006564571.3_15695	3384	3185	1720.31	29.5653
lcl|NC_037645.1_mrna_XM_006564572.3_15696	3381	3182	3264.7	56.1601
lcl|NC_037645.1_mrna_XM_026442290.1_15697	3483	3284	358.097	5.96874
lcl|NC_037645.1_mrna_XM_026442289.1_15698	3236	3037	687.895	12.3983
lcl|NC_037645.1_mrna_XM_006564574.3_15699	1746	1547	751.166	26.5785
lcl|NC_037645.1_mrna_XM_006564575.3_15700	1727	1528	525.603	18.8287
lcl|NC_037645.1_mrna_XM_006564578.3_15701	1985	1786	40.8251	1.25121
lcl|NC_037645.1_mrna_XM_006564577.3_15702	2070	1871	54.7664	1.60223
lcl|NC_037645.1_mrna_XM_006564576.3_15703	2073	1874	74.3938	2.17296
lcl|NC_037645.1_mrna_XM_016913475.2_15704	2179	1980	933.246	25.7998
lcl|NC_037645.1_mrna_XM_395545.7_15705	2375	2176	876	22.0359
lcl|NC_037645.1_mrna_XM_026442292.1_15706	1810	1611	712.508	24.2092
lcl|NC_037645.1_mrna_XM_026442291.1_15707	1819	1620	203.565	6.87817
lcl|NC_037645.1_mrna_XM_026442293.1_15708	1936	1737	58.8805	1.85548
lcl|NC_037645.1_mrna_XM_026442294.1_15709	1926	1727	399.311	12.6562
lcl|NC_037645.1_mrna_XM_026442295.1_15710	1611	1412	399.736	15.4961
lcl|NC_037645.1_mrna_XM_006564593.3_15711	3023	2824	4834	93.6973
lcl|NC_037645.1_mrna_XM_006564590.3_15712	1984	1785	192.582	5.90559
lcl|NC_037645.1_mrna_XM_006564591.3_15713	1883	1684	270.851	8.80386
lcl|NC_037645.1_mrna_XM_006564592.3_15714	1946	1747	105.567	3.30766
lcl|NC_037645.1_mrna_XM_026442296.1_15715	3239	3040	760.436	13.6922
lcl|NC_037645.1_mrna_XM_026442297.1_15716	3233	3034	1.53085e-06	2.76186e-08
lcl|NC_037645.1_mrna_XM_006564589.3_15717	2463	2264	1928.56	46.6276
lcl|NC_037645.1_mrna_XM_006564585.3_15718	3519	3320	165.082	2.72175
lcl|NC_037645.1_miscrna_XR_003305168.1_15719	3102	2903	5.97006	0.112569
lcl|NC_037645.1_mrna_XM_006564579.3_15720	3020	2821	0	0
lcl|NC_037645.1_mrna_XM_006564580.3_15721	3008	2809	0	0
lcl|NC_037645.1_mrna_XM_006564581.3_15722	2974	2775	0	0
lcl|NC_037645.1_mrna_XM_006564582.3_15723	2962	2763	0	0
lcl|NC_037645.1_mrna_XM_016913474.2_15724	3280	3081	0	0
lcl|NC_037645.1_mrna_XM_006564586.3_15725	3244	3045	0	0
lcl|NC_037645.1_mrna_XM_006564584.3_15726	2997	2798	59.3627	1.16132
lcl|NC_037645.1_mrna_XM_006564583.3_15727	3007	2808	0	0
lcl|NC_037645.1_mrna_XM_026442298.1_15728	2898	2699	0	0
lcl|NC_037645.1_miscrna_XR_003305169.1_15729	2899	2700	80.6172	1.63437
lcl|NC_037645.1_mrna_XM_006564588.3_15730	2576	2377	17.8782	0.411698
lcl|NC_037645.1_mrna_XM_006564587.3_15731	2586	2387	0.0894124	0.00205036
lcl|NC_037645.1_mrna_XM_016913768.2_15732	1581	1382	1560	61.7877
lcl|NC_037645.1_mrna_XM_006564696.1_15733	756	557	899	88.3466
lcl|NC_037645.1_mrna_XM_006564595.3_15734	1219	1020	2573	138.078
lcl|NC_037645.1_mrna_XM_026442276.1_15735	2530	2331	1.164	0.0273334
lcl|NC_037645.1_mrna_XM_394746.7_15736	2368	2169	7.15376	0.180535
lcl|NC_037645.1_ncrna_XR_001704069.2_15737	3785	3586	0	0
lcl|NC_037645.1_ncrna_XR_001704065.2_15738	3766	3567	0	0
lcl|NC_037645.1_ncrna_XR_001704067.2_15739	3694	3495	5.7677	0.0903318
lcl|NC_037645.1_ncrna_XR_001704068.2_15740	3763	3564	0	0
lcl|NC_037645.1_ncrna_XR_001704066.2_15741	3741	3542	2.75211e-07	4.25307e-09
lcl|NC_037645.1_ncrna_XR_003305180.1_15742	1892	1693	10	0.323317
lcl|NC_037645.1_ncrna_XR_001704085.2_15743	1846	1647	0	0
lcl|NC_037645.1_mrna_XM_006564597.3_15744	2108	1909	50.9638	1.46131
lcl|NC_037645.1_mrna_XM_016913803.2_15745	2119	1920	0.0361571	0.00103081
lcl|NC_037645.1_ncrna_XR_003305215.1_15746	2709	2510	1.90085e-06	4.14532e-08
lcl|NC_037645.1_ncrna_XR_003305217.1_15747	2676	2477	34.085	0.753221
lcl|NC_037645.1_ncrna_XR_001704101.2_15748	2356	2157	0	0
lcl|NC_037645.1_ncrna_XR_003305216.1_15749	2163	1964	50.0541	1.39503
lcl|NC_037645.1_ncrna_XR_003305223.1_15750	4197	3998	2	0.0273825
lcl|NC_037645.1_ncrna_XR_410012.3_15751	298	99	0	0
lcl|NC_037645.1_mrna_XM_026442316.1_15752	7103	6904	0.0592067	0.000469413
lcl|NC_037645.1_mrna_XM_026442315.1_15753	7106	6907	691.541	5.48042
lcl|NC_037645.1_mrna_XM_016913668.2_15754	9091	8892	0	0
lcl|NC_037645.1_mrna_XM_016913667.2_15755	9103	8904	0	0
lcl|NC_037645.1_mrna_XM_016913666.2_15756	9108	8909	0	0
lcl|NC_037645.1_mrna_XM_026442314.1_15757	9111	8912	0	0
lcl|NC_037645.1_ncrna_XR_001704034.2_15758	4998	4799	94.6275	1.07932
lcl|NC_037645.1_ncrna_XR_001704033.2_15759	4571	4372	11.3725	0.142385
lcl|NC_037645.1_ncrna_XR_001704014.2_15760	2993	2794	298	5.83815
lcl|NC_037645.1_mrna_XM_395323.6_15761	1248	1049	319	16.6456
lcl|NC_037645.1_mrna_XM_392763.6_15762	1783	1584	1133.9	39.1838
lcl|NC_037645.1_mrna_XM_006564602.3_15763	1714	1515	92.4448	3.34007
lcl|NC_037645.1_mrna_XM_006564601.3_15764	1776	1577	563.651	19.5643
lcl|NC_037645.1_mrna_XM_026442311.1_15765	3099	2900	69.398	1.30989
lcl|NC_037645.1_mrna_XM_026442312.1_15766	2909	2710	178.501	3.60544
lcl|NC_037645.1_mrna_XM_026442313.1_15767	2826	2627	533.101	11.108
lcl|NC_037645.1_mrna_XM_393051.7_15768	1481	1282	975	41.6296
lcl|NC_037645.1_mrna_XM_026442376.1_15769	4711	4512	762.413	9.24926
lcl|NC_037645.1_mrna_XM_006564606.3_15770	8006	7807	1930.19	13.5332
lcl|NC_037645.1_mrna_XM_006564608.2_15771	751	552	34.8808	3.45886
lcl|NC_037645.1_mrna_XM_006564607.1_15772	666	467	235.518	27.6053
lcl|NC_037645.1_mrna_XM_016913496.2_15773	1246	1047	2047	107.018
lcl|NC_037645.1_mrna_XM_026442253.1_15774	2126	1927	3102	88.1141
lcl|NC_037645.1_mrna_XM_006564609.3_15775	2835	2636	4415	91.6792
lcl|NC_037645.1_mrna_XM_006564610.2_15776	3198	2999	1027.25	18.7492
lcl|NC_037645.1_mrna_XM_006564611.2_15777	3175	2976	111.753	2.05547
lcl|NC_037645.1_mrna_XM_006564613.3_15778	394	195	115.271	32.3572
lcl|NC_037645.1_mrna_XM_006564612.3_15779	571	372	31.2469	4.59779
lcl|NC_037645.1_mrna_XM_003250439.4_15780	654	455	5.48193	0.659488
lcl|NC_037645.1_mrna_XM_026442522.1_15781	11872	11673	4388.46	20.5786
lcl|NC_037645.1_mrna_XM_392498.7_15782	1807	1608	6422	218.61
lcl|NC_037645.1_mrna_XM_026442150.1_15783	3583	3384	0.00193171	3.12462e-05
lcl|NC_037645.1_mrna_XM_016913724.2_15784	3769	3570	156.059	2.3928
lcl|NC_037645.1_mrna_XM_016913723.2_15785	3600	3401	284.556	4.57979
lcl|NC_037645.1_mrna_XM_016913725.2_15786	3120	2921	0	0
lcl|NC_037645.1_mrna_XM_006564615.2_15787	4366	4167	17.6276	0.231556
lcl|NC_037645.1_mrna_XM_392499.5_15788	4456	4257	187.372	2.40928
lcl|NC_037645.1_ncrna_XR_410019.3_15789	2738	2539	2	0.0431174
lcl|NC_037645.1_ncrna_XR_410021.3_15790	1682	1483	8	0.29528
lcl|NC_037645.1_mrna_XM_003250440.4_15791	1327	1128	23	1.1161
lcl|NC_037645.1_mrna_XM_006564623.3_15792	10437	10238	719.179	3.84509
lcl|NC_037645.1_mrna_XM_006564649.3_15793	9308	9109	662.254	3.9796
lcl|NC_037645.1_mrna_XM_006564652.3_15794	7900	7701	8.95939	0.063682
lcl|NC_037645.1_mrna_XM_006564648.3_15795	7966	7767	0	0
lcl|NC_037645.1_mrna_XM_006564651.3_15796	8181	7982	84.3718	0.57859
lcl|NC_037645.1_mrna_XM_026442092.1_15797	7860	7661	961.467	6.86964
lcl|NC_037645.1_mrna_XM_006564647.3_15798	10119	9920	11.7549	0.0648623
lcl|NC_037645.1_mrna_XM_006564629.3_15799	10754	10555	653.198	3.38744
lcl|NC_037645.1_mrna_XM_006564622.3_15800	10780	10581	0	0
lcl|NC_037645.1_mrna_XM_006564632.3_15801	10717	10518	0	0
lcl|NC_037645.1_mrna_XM_006564628.3_15802	10759	10560	23.5184	0.121907
lcl|NC_037645.1_mrna_XM_006564631.3_15803	10726	10527	25.3046	0.131577
lcl|NC_037645.1_mrna_XM_006564633.3_15804	10705	10506	52.9713	0.275987
lcl|NC_037645.1_mrna_XM_006564640.3_15805	10504	10305	431.026	2.2895
lcl|NC_037645.1_mrna_XM_006564625.3_15806	10777	10578	23.0273	0.119158
lcl|NC_037645.1_mrna_XM_006564627.3_15807	10768	10569	0	0
lcl|NC_037645.1_mrna_XM_006564635.3_15808	10642	10443	0	0
lcl|NC_037645.1_mrna_XM_006564630.3_15809	10732	10533	633.51	3.2922
lcl|NC_037645.1_mrna_XM_006564634.3_15810	10656	10457	0	0
lcl|NC_037645.1_mrna_XM_006564638.3_15811	10593	10394	0	0
lcl|NC_037645.1_mrna_XM_006564626.3_15812	10767	10568	130.251	0.674641
lcl|NC_037645.1_mrna_XM_026442089.1_15813	10755	10556	1510.33	7.83175
lcl|NC_037645.1_mrna_XM_006564636.3_15814	10622	10423	0	0
lcl|NC_037645.1_mrna_XM_006564642.3_15815	10484	10285	3.16764e-06	1.68584e-08
lcl|NC_037645.1_mrna_XM_006564641.3_15816	10498	10299	1.50742	0.00801171
lcl|NC_037645.1_mrna_XM_006564643.3_15817	10435	10236	2624.92	14.0369
lcl|NC_037645.1_mrna_XM_006564644.3_15818	10360	10161	13824.3	74.4718
lcl|NC_037645.1_ncrna_XR_003305089.1_15819	1543	1344	20	0.814547
lcl|NC_037645.1_mrna_XM_006564624.3_15820	10340	10141	408.144	2.20302
lcl|NC_037645.1_mrna_XM_006564617.3_15821	2315	2116	21	0.543236
lcl|NC_037645.1_mrna_XM_006564616.3_15822	2962	2763	8	0.158487
lcl|NC_037645.1_mrna_XM_016913459.2_15823	2954	2755	0	0
lcl|NC_037645.1_mrna_XM_001121781.5_15824	2026	1827	3658	109.595
lcl|NC_037645.1_mrna_XM_026442094.1_15825	814	615	2.37317	0.211222
lcl|NC_037645.1_mrna_XM_003250442.4_15826	986	787	45.5968	3.17135
lcl|NC_037645.1_mrna_XM_394752.7_15827	1971	1772	65.5044	2.02345
lcl|NC_037645.1_mrna_XM_016913458.2_15828	1841	1642	30.128	1.00434
lcl|NC_037645.1_mrna_XM_016913456.2_15829	1837	1638	101.618	3.39582
lcl|NC_037645.1_mrna_XM_016913457.2_15830	1736	1537	2.77911	0.0989731
lcl|NC_037645.1_mrna_XM_394753.7_15831	1600	1401	770	30.0842
lcl|NC_037645.1_mrna_XM_001121847.5_15832	2374	2175	148	3.72467
lcl|NC_037645.1_mrna_XM_006564655.3_15833	6746	6547	206.97	1.73041
lcl|NC_037645.1_mrna_XM_016913702.2_15834	6743	6544	0.000115733	9.68055e-07
lcl|NC_037645.1_mrna_XM_394755.7_15835	6729	6530	141.155	1.18322
lcl|NC_037645.1_mrna_XM_016913605.2_15836	4680	4481	0	0
lcl|NC_037645.1_mrna_XM_016913610.2_15837	4634	4435	0.0332663	0.000410579
lcl|NC_037645.1_mrna_XM_016913613.2_15838	4631	4432	52.9035	0.653386
lcl|NC_037645.1_mrna_XM_016913604.2_15839	4670	4471	0	0
lcl|NC_037645.1_mrna_XM_016913608.2_15840	4664	4465	17.7675	0.217816
lcl|NC_037645.1_mrna_XM_006564665.3_15841	4481	4282	21.1815	0.270767
lcl|NC_037645.1_mrna_XM_016913609.2_15842	4661	4462	0	0
lcl|NC_037645.1_mrna_XM_016913607.2_15843	4667	4468	0	0
lcl|NC_037645.1_mrna_XM_006564657.3_15844	4595	4396	0	0
lcl|NC_037645.1_mrna_XM_006564659.3_15845	4586	4387	292.597	3.6508
lcl|NC_037645.1_mrna_XM_016913611.2_15846	4631	4432	0	0
lcl|NC_037645.1_mrna_XM_016913615.2_15847	4628	4429	0	0
lcl|NC_037645.1_mrna_XM_016913612.2_15848	4631	4432	223.582	2.76135
lcl|NC_037645.1_mrna_XM_016913614.2_15849	4628	4429	0	0
lcl|NC_037645.1_mrna_XM_006564668.3_15850	3765	3566	15.7913	0.242394
lcl|NC_037645.1_mrna_XM_016913617.2_15851	3871	3672	80.9334	1.20645
lcl|NC_037645.1_mrna_XM_006564656.3_15852	4597	4398	0.0420504	0.000523359
lcl|NC_037645.1_mrna_XM_016913606.2_15853	4666	4467	0	0
lcl|NC_037645.1_mrna_XM_016913616.2_15854	4594	4395	303.549	3.78055
lcl|NC_037645.1_mrna_XM_006564666.3_15855	3953	3754	9.54964	0.139245
lcl|NC_037645.1_mrna_XM_026442517.1_15856	4903	4704	58.6875	0.68291
lcl|NC_037645.1_ncrna_XR_003305231.1_15857	5193	4994	52.3474	0.573762
lcl|NC_037645.1_ncrna_XR_003305235.1_15858	6173	5974	595.534	5.45666
lcl|NC_037645.1_ncrna_XR_003305232.1_15859	6147	5948	225.115	2.07167
lcl|NC_037645.1_ncrna_XR_003305228.1_15860	6223	6024	0	0
lcl|NC_037645.1_ncrna_XR_003305229.1_15861	6129	5930	0	0
lcl|NC_037645.1_ncrna_XR_003305233.1_15862	6144	5945	49.5095	0.45585
lcl|NC_037645.1_ncrna_XR_003305234.1_15863	6051	5852	1314.24	12.293
lcl|NC_037645.1_ncrna_XR_003305230.1_15864	2972	2773	3226.56	63.6906
lcl|NC_037645.1_ncrna_XR_001704000.2_15865	549	350	9	1.40754
lcl|NC_037645.1_precursorrna_NR_034301.1_15866	100	4.26726	0	0
lcl|NC_037645.1_ncrna_15867	23	2.74792	0	0
lcl|NC_037645.1_ncrna_XR_003305244.1_15868	5551	5352	0	0
lcl|NC_037645.1_ncrna_XR_003305239.1_15869	5611	5412	0	0
lcl|NC_037645.1_ncrna_XR_003305240.1_15870	5545	5346	0	0
lcl|NC_037645.1_ncrna_XR_003305236.1_15871	5638	5439	0	0
lcl|NC_037645.1_ncrna_XR_003305238.1_15872	5531	5332	20.8548	0.214092
lcl|NC_037645.1_ncrna_XR_003305243.1_15873	5147	4948	0	0
lcl|NC_037645.1_ncrna_XR_003305242.1_15874	4819	4620	0.317425	0.00376084
lcl|NC_037645.1_ncrna_XR_003305241.1_15875	4550	4351	686.923	8.6418
lcl|NC_037645.1_ncrna_XR_003305237.1_15876	5431	5232	325.905	3.40964
lcl|NC_037645.1_ncrna_XR_410027.3_15877	1469	1270	9	0.387904
lcl|NC_037645.1_precursorrna_NR_127376.1_15878	89	3.93736	0	0
lcl|NC_037645.1_ncrna_15879	22	2.73612	0	0
lcl|NC_037645.1_mrna_XM_026442518.1_15880	4349	4150	0.0802679	0.00105872
lcl|NC_037645.1_ncrna_XR_003305246.1_15881	2709	2510	60.1065	1.31079
lcl|NC_037645.1_ncrna_XR_003305245.1_15882	2181	1982	16.3079	0.450382
lcl|NC_037645.1_ncrna_XR_001703999.2_15883	3029	2830	58.8696	1.13865
lcl|NC_037645.1_mrna_XM_624082.5_15884	1383	1184	763	35.2743
lcl|NC_037645.1_mrna_XM_397412.7_15885	1647	1448	1385	52.356
lcl|NC_037645.1_mrna_XM_016913756.2_15886	2372	2173	448.235	11.291
lcl|NC_037645.1_mrna_XM_624166.5_15887	2566	2367	703	16.2571
lcl|NC_037645.1_mrna_XM_006564669.3_15888	1059	860	0	0
lcl|NC_037645.1_mrna_XM_006564670.3_15889	1016	817	146.863	9.83959
lcl|NC_037645.1_mrna_XM_026442385.1_15890	1172	973	124.137	6.98348
lcl|NC_037645.1_mrna_XM_394827.6_15891	1405	1206	33027	1499.02
lcl|NC_037645.1_mrna_XM_393060.7_15892	2617	2418	269	6.08949
lcl|NC_037645.1_mrna_XM_001122061.5_15893	1110	911	338	20.3088
lcl|NC_037645.1_mrna_XM_006564672.3_15894	576	377	2038	295.902
lcl|NC_037645.1_mrna_XM_006564676.3_15895	6001	5802	1420.65	13.4028
lcl|NC_037645.1_mrna_XM_016913688.2_15896	4268	4069	1040.3	13.9944
lcl|NC_037645.1_mrna_XM_006564673.3_15897	6006	5807	2117.58	19.9605
lcl|NC_037645.1_mrna_XM_006564674.3_15898	6080	5881	79.4767	0.739731
lcl|NC_037645.1_mrna_XM_397085.7_15899	1706	1507	317	11.5141
lcl|NC_037645.1_mrna_XM_026442520.1_15900	5832	5633	776.634	7.54678
lcl|NC_037645.1_mrna_XM_026442521.1_15901	5823	5624	3.65628	0.035586
lcl|NC_037645.1_mrna_XM_624332.6_15902	2500	2301	175.309	4.17036
lcl|NC_037645.1_mrna_XM_006564681.3_15903	2277	2078	600.622	15.8213
lcl|NC_037645.1_mrna_XM_016913624.2_15904	2678	2479	169.839	3.75012
lcl|NC_037645.1_mrna_XM_006564680.3_15905	2531	2332	565.539	13.2745
lcl|NC_037645.1_mrna_XM_001120611.5_15906	819	620	18	1.58915
lcl|NC_037645.1_mrna_NM_001040203.1_15907	652	453	1.69908	0.205306
lcl|NC_037645.1_mrna_XM_006564502.3_15908	977	778	26.3009	1.85045
lcl|NC_037645.1_mrna_XM_001122159.5_15909	2901	2702	648	13.1273
lcl|NC_037645.1_mrna_XM_624405.6_15910	2550	2351	36.7335	0.855254
lcl|NC_037645.1_mrna_XM_006564682.3_15911	2641	2442	1405.39	31.5019
lcl|NC_037645.1_mrna_XM_006564683.3_15912	2500	2301	112.877	2.6852
lcl|NC_037645.1_mrna_XM_006564684.3_15913	2691	2492	4.48787e-06	9.85775e-08
lcl|NC_037645.1_mrna_XM_003250447.4_15914	2688	2489	2.05232e-05	4.51341e-07
lcl|NC_037645.1_mrna_XM_003250445.4_15915	2663	2464	6.99997	0.155504
lcl|NC_037645.1_mrna_XM_016913413.2_15916	8449	8250	384.317	2.54989
lcl|NC_037645.1_mrna_XM_006564691.3_15917	8442	8243	148.837	0.988348
lcl|NC_037645.1_mrna_XM_006564690.3_15918	8463	8264	3235.47	21.4305
lcl|NC_037645.1_mrna_XM_016913412.2_15919	8469	8270	224.046	1.48291
lcl|NC_037645.1_mrna_XM_006564688.3_15920	772	573	946	90.3695
lcl|NC_037645.1_mrna_XM_001122379.5_15921	1213	1014	54.5585	2.94517
lcl|NC_037645.1_ncrna_XR_001703868.2_15922	1590	1391	156.997	6.17801
lcl|NC_037645.1_mrna_XM_624592.5_15923	1008	809	574.445	38.8674
lcl|NC_037645.1_mrna_XM_026442282.1_15924	2873	2674	3551.34	72.697
lcl|NC_037645.1_mrna_XM_026442283.1_15925	3095	2896	662.732	12.5264
lcl|NC_037645.1_mrna_XM_026442284.1_15926	3228	3029	113.924	2.05874
lcl|NC_037645.1_ncrna_XR_001703869.2_15927	618	419	12	1.56766
lcl|NC_037645.1_ncrna_XR_003305167.1_15928	1327	1128	15	0.727893
lcl|NC_037645.1_mrna_XM_016913410.2_15929	5591	5392	31.2482	0.31722
lcl|NC_037645.1_mrna_XM_026442278.1_15930	6743	6544	11.7873	0.0985956
lcl|NC_037645.1_mrna_XM_026442279.1_15931	6728	6529	213.38	1.78892
lcl|NC_037645.1_mrna_XM_026442280.1_15932	5052	4853	71.5849	0.807414
lcl|NC_037645.1_ncrna_XR_120199.4_15933	1312	1113	40	1.96721
lcl|NC_037645.1_mrna_XM_026442287.1_15934	1602	1403	170.156	6.63859
lcl|NC_037645.1_mrna_XM_026442285.1_15935	1843	1644	499.301	16.6244
lcl|NC_037645.1_mrna_XM_026442286.1_15936	1621	1422	911.543	35.0883
lcl|NC_037645.1_mrna_XM_016913805.2_15937	1580	1381	0	0
lcl|NC_037645.1_mrna_XM_016913806.2_15938	1511	1312	0	0
lcl|NC_037645.1_mrna_XM_623964.6_15939	1523	1324	177.391	7.33378
lcl|NC_037645.1_mrna_XM_006566838.3_15940	1445	1246	300.609	13.206
lcl|NC_037645.1_mrna_XM_016913807.2_15941	1448	1249	0	0
lcl|NC_037645.1_mrna_XM_016913790.2_15942	2680	2481	0	0
lcl|NC_037645.1_mrna_XM_026442301.1_15943	2570	2371	0	0
lcl|NC_037645.1_mrna_XM_006566835.3_15944	2912	2713	67.3092	1.35803
lcl|NC_037645.1_mrna_XM_006566836.3_15945	2889	2690	46.6908	0.950089
lcl|NC_037645.1_mrna_XM_397120.7_15946	1027	828	46	3.04097
lcl|NC_037645.1_ncrna_XR_003305248.1_15947	1026	827	3	0.198564
lcl|NC_037645.1_ncrna_XR_003305249.1_15948	1069	870	2	0.125833
lcl|NC_037645.1_ncrna_XR_003305250.1_15949	1888	1689	2	0.0648165
lcl|NC_037645.1_mrna_XM_016913657.2_15950	1484	1285	16	0.681557
lcl|NC_037645.1_mrna_XM_006566834.3_15951	1549	1350	0	0
lcl|NC_037645.1_mrna_XM_016913658.2_15952	2558	2359	0	0
lcl|NC_037645.1_mrna_XM_026442529.1_15953	2513	2314	9.45259	0.223601
lcl|NC_037645.1_mrna_XM_395120.7_15954	3183	2984	526.766	9.66283
lcl|NC_037645.1_mrna_XM_006566832.3_15955	3155	2956	159.781	2.95874
lcl|NC_037645.1_mrna_XM_016913661.2_15956	2421	2222	525.416	12.9433
lcl|NC_037645.1_mrna_XM_026442530.1_15957	1584	1385	1177.5	46.5369
lcl|NC_037645.1_mrna_XM_623410.6_15958	3671	3472	19.4725	0.306992
lcl|NC_037645.1_mrna_XM_016913660.2_15959	4100	3901	1545.22	21.682
lcl|NC_037645.1_mrna_XM_006566830.3_15960	3545	3346	277.923	4.54657
lcl|NC_037645.1_mrna_XM_006566829.3_15961	3590	3391	120.877	1.9512
lcl|NC_037645.1_mrna_XM_006566828.3_15962	3656	3457	32.9404	0.521573
lcl|NC_037645.1_mrna_XM_006566826.3_15963	3701	3502	25.2594	0.394814
lcl|NC_037645.1_mrna_XM_006566827.3_15964	3677	3478	84.391	1.32817
lcl|NC_037645.1_mrna_XM_026442368.1_15965	17403	17204	1594.57	5.0734
lcl|NC_037645.1_mrna_XM_026442367.1_15966	17415	17216	661.431	2.10299
lcl|NC_037645.1_mrna_XM_006566823.3_15967	2192	1993	933.962	25.6512
lcl|NC_037645.1_mrna_XM_006566824.3_15968	2186	1987	159.508	4.39409
lcl|NC_037645.1_mrna_XM_006566821.3_15969	3270	3071	610.255	10.8772
lcl|NC_037645.1_mrna_XM_006566825.3_15970	3138	2939	100.275	1.86758
lcl|NC_037645.1_mrna_XM_006566822.3_15971	3127	2928	9.33629e-08	1.74537e-09
lcl|NC_037645.1_mrna_XM_016913464.2_15972	3113	2914	2.45426e-07	4.61017e-09
lcl|NC_037645.1_mrna_XM_016913528.2_15973	1825	1626	10009.4	336.955
lcl|NC_037645.1_mrna_XM_016913527.2_15974	1663	1464	7299.63	272.926
lcl|NC_037645.1_mrna_XM_016913531.2_15975	4106	3907	1641.65	22.9997
lcl|NC_037645.1_mrna_XM_016913532.2_15976	4007	3808	5.2698e-05	7.575e-07
lcl|NC_037645.1_mrna_XM_026442427.1_15977	4157	3958	129.349	1.78884
lcl|NC_037645.1_ncrna_XR_003305213.1_15978	1011	812	56.0224	3.77651
lcl|NC_037645.1_ncrna_XR_410805.3_15979	1262	1063	7.48419	0.385387
lcl|NC_037645.1_ncrna_XR_003305212.1_15980	778	579	97	9.17019
lcl|NC_037645.1_mrna_XM_623210.6_15981	4793	4594	154.358	1.83918
lcl|NC_037645.1_mrna_XM_006566809.3_15982	995	796	30.5913	2.10364
lcl|NC_037645.1_mrna_XM_016913534.2_15983	1016	817	0	0
lcl|NC_037645.1_mrna_XM_006566810.3_15984	1153	954	11.4059	0.654435
lcl|NC_037645.1_mrna_XM_016913533.2_15985	1499	1300	0	0
lcl|NC_037645.1_mrna_XM_016913535.2_15986	770	571	0	0
lcl|NC_037645.1_mrna_XM_003250894.4_15987	1301	1102	0	0
lcl|NC_037645.1_mrna_XM_026442438.1_15988	1183	984	4	0.22251
lcl|NC_037645.1_mrna_XM_003250895.4_15989	1620	1421	0	0
lcl|NC_037645.1_mrna_XM_003250893.4_15990	1151	952	0	0
lcl|NC_037645.1_mrna_XM_003250899.4_15991	1450	1251	32.2822	1.41251
lcl|NC_037645.1_mrna_XM_016913815.2_15992	1737	1538	10.7178	0.381446
lcl|NC_037645.1_mrna_XM_026442423.1_15993	1702	1503	0	0
lcl|NC_037645.1_mrna_XM_026442424.1_15994	1412	1213	0	0
lcl|NC_037645.1_mrna_XM_026442255.1_15995	417	218	0	0
lcl|NC_037645.1_mrna_XM_016913572.2_15996	4309	4110	15	0.199772
lcl|NC_037645.1_ncrna_XR_001703942.2_15997	7335	7136	8.07124	0.0619114
lcl|NC_037645.1_mrna_XM_006566801.3_15998	460	261	5638.13	1182.44
lcl|NC_037645.1_mrna_XM_026442460.1_15999	679	480	116.14	13.2442
lcl|NC_037645.1_mrna_XM_026442459.1_16000	472	273	1.73298	0.347469
lcl|NC_037645.1_mrna_XM_006568010.3_16001	5646	5447	202.722	2.03717
lcl|NC_037645.1_mrna_XM_006568007.3_16002	4998	4799	18.8279	0.214751
lcl|NC_037645.1_mrna_XM_006568008.3_16003	4831	4632	0	0
lcl|NC_037645.1_mrna_XM_394934.6_16004	4775	4576	116.695	1.39589
lcl|NC_037645.1_mrna_XM_006568009.3_16005	4765	4566	136.493	1.63629
lcl|NC_037645.1_mrna_XM_016913571.2_16006	4800	4601	823.263	9.79426
lcl|NC_037645.1_ncrna_XR_411069.3_16007	1329	1130	13	0.629724
lcl|NC_037645.1_ncrna_XR_003305222.1_16008	1255	1056	0	0
lcl|NC_037645.1_mrna_XM_623947.6_16009	2907	2708	495.061	10.0068
lcl|NC_037645.1_ncrna_XR_003305221.1_16010	563	364	5.32455	0.800695
lcl|NC_037645.1_ncrna_XR_003305218.1_16011	464	265	7.0385	1.45385
lcl|NC_037645.1_ncrna_XR_003305220.1_16012	696	497	8.95193	0.985929
lcl|NC_037645.1_ncrna_XR_003305219.1_16013	275	76.0064	2.62426	1.88992
lcl|NC_037645.1_mrna_XM_026442461.1_16014	490	291	26	4.89064
lcl|NC_037645.1_mrna_XM_026442458.1_16015	1949	1750	96.7499	3.0262
lcl|NC_037645.1_mrna_XM_393065.7_16016	1894	1695	765.25	24.7126
lcl|NC_037645.1_mrna_XM_006568011.3_16017	6165	5966	3349.04	30.7272
lcl|NC_037645.1_mrna_XM_003251117.4_16018	3750	3551	435.337	6.71059
lcl|NC_037645.1_mrna_XM_006568018.3_16019	3905	3706	62.6625	0.925524
lcl|NC_037645.1_ncrna_XR_411071.3_16020	794	595	2	0.183992
lcl|NC_037645.1_mrna_XM_006568020.3_16021	1873	1674	432.88	14.1546
lcl|NC_037645.1_mrna_XM_006568019.3_16022	1807	1608	270.12	9.19508
lcl|NC_037645.1_ncrna_XR_411073.3_16023	492	293	20.3961	3.81036
lcl|NC_037645.1_ncrna_XR_001704102.2_16024	309	110	94.6039	47.0762
lcl|NC_037645.1_mrna_XM_016913796.2_16025	3131	2932	1313	24.5124
lcl|NC_037645.1_mrna_XM_026442386.1_16026	1471	1272	156	6.71309
lcl|NC_037645.1_mrna_XM_006568022.3_16027	4490	4291	1839.04	23.4595
lcl|NC_037645.1_miscrna_XR_001704052.2_16028	4560	4361	428.956	5.38409
lcl|NC_037645.1_mrna_XM_006568021.3_16029	4362	4163	8.77271e-08	1.15349e-09
lcl|NC_037645.1_ncrna_XR_001704053.2_16030	325	126	10	4.34425
lcl|NC_037645.1_mrna_XM_397314.7_16031	554	355	4798.62	739.901
lcl|NC_037645.1_mrna_XM_003251119.4_16032	496	297	2806.38	517.22
lcl|NC_037645.1_mrna_XM_006568024.3_16033	3209	3010	439.28	7.9884
lcl|NC_037645.1_mrna_XM_624936.6_16034	3187	2988	2.12939e-08	3.90085e-10
lcl|NC_037645.1_mrna_XM_006568025.3_16035	3171	2972	0	0
lcl|NC_037645.1_mrna_XM_006568029.3_16036	1854	1655	0.39438	0.0130437
lcl|NC_037645.1_mrna_XM_006568027.3_16037	1869	1670	0.3823	0.0125306
lcl|NC_037645.1_mrna_XM_006568028.3_16038	1845	1646	384.186	12.7761
lcl|NC_037645.1_mrna_XM_006568026.3_16039	1860	1661	350.037	11.5353
lcl|NC_037645.1_mrna_XM_006568030.3_16040	809	610	7928	711.409
lcl|NC_037645.1_ncrna_XR_411074.3_16041	1607	1408	14	0.544265
lcl|NC_037645.1_mrna_XM_016913628.2_16042	3196	2997	78.6094	1.43573
lcl|NC_037645.1_mrna_XM_016913626.2_16043	2886	2687	0.00398564	8.11925e-05
lcl|NC_037645.1_mrna_XM_394758.7_16044	2883	2684	7191.28	146.659
lcl|NC_037645.1_mrna_XM_016913627.2_16045	2930	2731	283.273	5.67765
lcl|NC_037645.1_mrna_XM_016913630.2_16046	4141	3942	57	0.791487
lcl|NC_037645.1_precursorrna_NR_039435.1_16047	115	4.82847	0	0
lcl|NC_037645.1_ncrna_16048	22	2.73612	0	0
lcl|NC_037645.1_mrna_XM_003251114.3_16049	3308	3109	47	0.827489
lcl|NC_037645.1_trna_16050	73	3.5471	0	0
lcl|NC_037645.1_trna_16051	83	3.78007	0	0
lcl|NC_037645.1_ncrna_XR_003305088.1_16052	6579	6380	80	0.686364
lcl|NC_037645.1_mrna_XM_016913298.2_16053	4042	3843	2630.7	37.4703
lcl|NC_037645.1_ncrna_XR_001703865.2_16054	4414	4215	32.0712	0.416489
lcl|NC_037645.1_mrna_XM_006568053.3_16055	3319	3120	0	0
lcl|NC_037645.1_mrna_NM_001098215.2_16056	2605	2406	893.482	20.3271
lcl|NC_037645.1_mrna_NM_001159355.1_16057	2752	2553	988.738	21.199
lcl|NC_037645.1_mrna_XM_016913409.2_16058	4951	4752	511.813	5.8955
lcl|NC_037645.1_mrna_XM_006568055.3_16059	4938	4739	185.908	2.14732
lcl|NC_037645.1_miscrna_XR_001703863.2_16060	4758	4559	107.154	1.28654
lcl|NC_037645.1_mrna_XM_006568054.3_16061	2370	2171	231.125	5.82736
lcl|NC_037645.1_ncrna_XR_001703867.2_16062	1031	832	0	0
lcl|NC_037645.1_ncrna_XR_003305166.1_16063	904	705	3	0.232926
lcl|NC_037645.1_mrna_XM_016913467.2_16064	4325	4126	859.092	11.3971
lcl|NC_037645.1_mrna_XM_396503.7_16065	4628	4429	478.908	5.91878
lcl|NC_037645.1_ncrna_XR_411079.3_16066	5814	5615	1092	10.6453
lcl|NC_037645.1_mrna_XM_026442062.1_16067	1293	1094	3	0.150103
lcl|NC_037645.1_mrna_XM_026442481.1_16068	1288	1089	30.7927	1.54777
lcl|NC_037645.1_mrna_XM_006568057.3_16069	1128	929	55.2073	3.25286
lcl|NC_037645.1_mrna_XM_016913469.2_16070	3852	3653	16832.2	252.218
lcl|NC_037645.1_mrna_XM_006568058.3_16071	3721	3522	3.0492	0.0473895
lcl|NC_037645.1_mrna_XM_001121135.5_16072	4194	3995	814.86	11.1648
lcl|NC_037645.1_mrna_XM_006568059.3_16073	4112	3913	5812.86	81.314
lcl|NC_037645.1_mrna_XM_006568060.3_16074	3809	3610	3178.91	48.2011
lcl|NC_037645.1_mrna_XM_396502.7_16075	1253	1054	274	14.2297
lcl|NC_037645.1_mrna_XM_026442480.1_16076	1017	818	544	36.4025
lcl|NC_037645.1_mrna_XM_016913470.2_16077	858	659	55	4.56838
lcl|NC_037645.1_mrna_XM_001120359.5_16078	1471	1272	539	23.1946
lcl|NC_037645.1_mrna_XM_006568065.2_16079	2252	2053	59.2215	1.57898
lcl|NC_037645.1_mrna_XM_396499.7_16080	2400	2201	3938.78	97.955
lcl|NC_037645.1_mrna_XM_026442196.1_16081	8164	7965	196.16	1.34806
lcl|NC_037645.1_mrna_XM_026442199.1_16082	8033	7834	435.419	3.04235
lcl|NC_037645.1_mrna_XM_026442201.1_16083	8114	7915	33.1911	0.229539
lcl|NC_037645.1_mrna_XM_026442204.1_16084	8059	7860	436.249	3.03807
lcl|NC_037645.1_mrna_XM_026442205.1_16085	8007	7808	0.0917912	0.000643497
lcl|NC_037645.1_mrna_XM_026442206.1_16086	7488	7289	80.7426	0.606346
lcl|NC_037645.1_mrna_XM_006568066.3_16087	2403	2204	204	5.06645
lcl|NC_037645.1_mrna_XM_026442195.1_16088	7794	7595	607.536	4.37855
lcl|NC_037645.1_mrna_XM_026442202.1_16089	7436	7237	0.0197774	0.000149587
lcl|NC_037645.1_mrna_XM_026442191.1_16090	7967	7768	0	0
lcl|NC_037645.1_mrna_XM_026442193.1_16091	7952	7753	47.5011	0.335366
lcl|NC_037645.1_mrna_XM_026442194.1_16092	7913	7714	0	0
lcl|NC_037645.1_mrna_XM_026442192.1_16093	7963	7764	100.621	0.709394
lcl|NC_037645.1_mrna_XM_026442198.1_16094	7310	7111	7.32832e-05	5.64104e-07
lcl|NC_037645.1_mrna_XM_026442207.1_16095	7324	7125	1.25945e-05	9.67565e-08
lcl|NC_037645.1_mrna_XM_026442200.1_16096	7320	7121	1.24393e-05	9.56184e-08
lcl|NC_037645.1_mrna_XM_026442203.1_16097	7359	7160	52.547	0.401717
lcl|NC_037645.1_mrna_XM_026442256.1_16098	830	631	0	0
lcl|NC_037645.1_mrna_XM_006568268.3_16099	1641	1442	3	0.113878
lcl|NC_037645.1_mrna_XM_026442257.1_16100	3166	2967	12	0.221385
lcl|NC_037645.1_mrna_XM_026442214.1_16101	1589	1390	148	5.82817
lcl|NC_037645.1_mrna_XM_026442215.1_16102	820	621	0	0
lcl|NC_037645.1_mrna_XM_006568265.3_16103	814	615	4	0.356017
lcl|NC_037645.1_mrna_XM_623695.6_16104	1270	1071	252	12.8794
lcl|NC_037645.1_mrna_XM_006568262.3_16105	1451	1252	0	0
lcl|NC_037645.1_mrna_XM_006568256.3_16106	6287	6088	0	0
lcl|NC_037645.1_mrna_XM_006568257.3_16107	6278	6079	203.84	1.83545
lcl|NC_037645.1_mrna_XM_006568255.3_16108	6290	6091	0	0
lcl|NC_037645.1_mrna_XM_026442337.1_16109	6810	6611	12.2765	0.101647
lcl|NC_037645.1_mrna_XM_026442336.1_16110	6823	6624	273.474	2.25986
lcl|NC_037645.1_mrna_XM_016913635.2_16111	6323	6124	122.782	1.09745
lcl|NC_037645.1_mrna_XM_006568258.3_16112	6621	6422	0.000839954	7.1593e-06
lcl|NC_037645.1_mrna_XM_006568261.3_16113	5868	5669	6.11271	0.0590218
lcl|NC_037645.1_ncrna_XR_001704029.2_16114	5903	5704	35.154	0.33735
lcl|NC_037645.1_mrna_NM_001242431.1_16115	1343	1144	317	15.1677
lcl|NC_037645.1_mrna_XM_003251162.4_16116	3103	2904	3416.37	64.3952
lcl|NC_037645.1_mrna_XM_001121804.5_16117	1059	860	372.484	23.708
lcl|NC_037645.1_mrna_XM_016913636.2_16118	902	703	51.5159	4.01117
lcl|NC_037645.1_mrna_XM_026442341.1_16119	4943	4744	137.674	1.58852
lcl|NC_037645.1_mrna_XM_026442340.1_16120	5148	4949	0	0
lcl|NC_037645.1_mrna_XM_016913393.2_16121	5063	4864	0	0
lcl|NC_037645.1_mrna_XM_003251199.4_16122	5135	4936	102.833	1.14037
lcl|NC_037645.1_mrna_XM_026442339.1_16123	6366	6167	948.043	8.41471
lcl|NC_037645.1_mrna_XM_016913388.2_16124	5987	5788	144.906	1.37039
lcl|NC_037645.1_mrna_XM_006568534.3_16125	6378	6179	291.688	2.58396
lcl|NC_037645.1_mrna_XM_006568524.3_16126	7072	6873	327.396	2.60742
lcl|NC_037645.1_mrna_XM_394762.7_16127	7093	6894	0	0
lcl|NC_037645.1_mrna_XM_006568526.3_16128	7039	6840	29.8518	0.238891
lcl|NC_037645.1_mrna_XM_006568527.3_16129	7027	6828	157.046	1.25898
lcl|NC_037645.1_mrna_XM_006568525.3_16130	7048	6849	182.34	1.45727
lcl|NC_037645.1_mrna_XM_006568532.3_16131	5919	5720	2360.43	22.5882
lcl|NC_037645.1_mrna_XM_026442338.1_16132	5940	5741	4021.28	38.3409
lcl|NC_037645.1_mrna_XM_006568542.2_16133	7377	7178	261.258	1.99228
lcl|NC_037645.1_mrna_XM_016913390.2_16134	5265	5066	8791.42	94.9903
lcl|NC_037645.1_mrna_XM_003251197.3_16135	1270	1071	6	0.306653
lcl|NC_037645.1_mrna_XM_026442258.1_16136	5243	5044	13	0.141076
lcl|NC_037645.1_mrna_XM_026442259.1_16137	690	491	29	3.23297
lcl|NC_037645.1_ncrna_XR_003305178.1_16138	3175	2976	137	2.51984
lcl|NC_037645.1_ncrna_XR_411242.3_16139	1342	1143	0	0
lcl|NC_037645.1_mrna_XM_026442519.1_16140	16850	16651	934	3.07038
lcl|NC_037645.1_mrna_XM_006568522.3_16141	3196	2997	4.63932	0.084733
lcl|NC_037645.1_mrna_XM_006568521.3_16142	3300	3101	0	0
lcl|NC_037645.1_mrna_XM_006568523.3_16143	2550	2351	17.3607	0.404203
lcl|NC_037645.1_mrna_XM_003251195.4_16144	2560	2361	0	0
lcl|NC_037645.1_mrna_XM_006568520.3_16145	814	615	289	25.7222
lcl|NC_037645.1_mrna_XM_016913809.2_16146	3774	3575	11	0.168423
lcl|NC_037645.1_mrna_XM_001120879.4_16147	4032	3833	0	0
lcl|NC_037645.1_mrna_XM_003251193.4_16148	805	606	16.3706	1.47869
lcl|NC_037645.1_mrna_XM_623527.6_16149	849	650	506.629	42.6641
lcl|NC_037645.1_mrna_XM_003251191.4_16150	1881	1682	0.484521	0.0157678
lcl|NC_037645.1_mrna_XM_001120925.5_16151	2087	1888	507.685	14.719
lcl|NC_037645.1_mrna_XM_006568519.3_16152	1797	1598	131.83	4.51569
lcl|NC_037645.1_mrna_XM_006568517.2_16153	1449	1250	0	0
lcl|NC_037645.1_mrna_XM_393035.6_16154	1421	1222	642	28.7574
lcl|NC_037645.1_mrna_XM_006568514.3_16155	1986	1787	201.771	6.18044
lcl|NC_037645.1_mrna_XM_026442342.1_16156	1908	1709	0	0
lcl|NC_037645.1_mrna_XM_006568515.3_16157	1957	1758	61.2291	1.90644
lcl|NC_037645.1_mrna_XM_393403.7_16158	2110	1911	610	17.4725
lcl|NC_037645.1_mrna_XM_026442122.1_16159	4875	4676	1088.44	12.7414
lcl|NC_037645.1_mrna_XM_026442123.1_16160	4746	4547	61.5556	0.741017
lcl|NC_037645.1_mrna_XM_026442124.1_16161	4096	3897	0	0
lcl|NC_037645.1_mrna_XM_624084.5_16162	937	738	1005.95	74.6118
lcl|NC_037645.1_mrna_XM_006568513.3_16163	2633	2434	301.902	6.78938
lcl|NC_037645.1_mrna_XM_001121788.5_16164	2166	1967	281.098	7.82239
lcl|NC_037645.1_mrna_XM_624141.5_16165	2542	2343	235.843	5.50981
lcl|NC_037645.1_mrna_XM_016913797.2_16166	2286	2087	40.1567	1.05322
lcl|NC_037645.1_mrna_XM_395655.7_16167	1409	1210	349	15.7879
lcl|NC_037645.1_mrna_XM_623091.5_16168	1669	1470	503	18.7299
lcl|NC_037645.1_mrna_XM_003251198.4_16169	1297	1098	347	17.2987
lcl|NC_037645.1_mrna_XM_006568511.3_16170	1734	1535	453.086	16.1569
lcl|NC_037645.1_mrna_XM_016913776.2_16171	1643	1444	117.676	4.46073
lcl|NC_037645.1_mrna_XM_006568510.3_16172	1692	1493	3.33321	0.122205
lcl|NC_037645.1_mrna_XM_001123340.5_16173	1617	1418	235.904	9.10636
lcl|NC_037645.1_mrna_XM_395535.6_16174	1686	1487	1209.4	44.519
lcl|NC_037645.1_mrna_XM_006568504.2_16175	2168	1969	1694.16	47.097
lcl|NC_037645.1_mrna_XM_006568505.2_16176	1790	1591	1366.36	47.0088
lcl|NC_037645.1_mrna_XM_006568502.2_16177	1985	1786	994.816	30.4892
lcl|NC_037645.1_mrna_XM_006568503.3_16178	1757	1558	1918.27	67.3949
lcl|NC_037645.1_mrna_XM_006568507.3_16179	1369	1170	175.706	8.22027
lcl|NC_037645.1_mrna_XM_006568506.3_16180	1286	1087	27.2521	1.37232
lcl|NC_037645.1_mrna_XM_624660.6_16181	1289	1090	517.036	25.9645
lcl|NC_037645.1_mrna_XM_006568508.3_16182	1260	1061	0.0057886	0.000298637
lcl|NC_037645.1_mrna_XM_016913770.2_16183	3020	2821	232.803	4.51721
lcl|NC_037645.1_mrna_XM_006569697.3_16184	3040	2841	0	0
lcl|NC_037645.1_mrna_XM_006569696.3_16185	3043	2844	0	0
lcl|NC_037645.1_mrna_XM_006569694.3_16186	3102	2903	93.4439	1.76193
lcl|NC_037645.1_mrna_XM_006569695.3_16187	3087	2888	68.7531	1.30311
lcl|NC_037645.1_mrna_XM_006569693.3_16188	3105	2906	0	0
lcl|NC_037645.1_mrna_XM_006569826.2_16189	894	695	109	8.58474
lcl|NC_037645.1_mrna_XM_006569699.3_16190	619	420	2784	362.832
lcl|NC_037645.1_miscrna_XR_411604.3_16191	1706	1507	5849.1	212.452
lcl|NC_037645.1_miscrna_XR_411603.3_16192	1569	1370	10693.2	427.242
lcl|NC_037645.1_mrna_XM_623282.6_16193	2372	2173	12337.7	310.784
lcl|NC_037645.1_mrna_XM_016913520.2_16194	1707	1508	161.023	5.84483
lcl|NC_037645.1_mrna_XM_026442527.1_16195	1640	1441	343.278	13.0397
lcl|NC_037645.1_mrna_XM_026442526.1_16196	1651	1452	114.699	4.32392
lcl|NC_037645.1_mrna_XM_623771.6_16197	1513	1314	737	30.7013
lcl|NC_037645.1_mrna_XM_026442528.1_16198	4986	4787	948.208	10.8424
lcl|NC_037645.1_mrna_XM_003251387.4_16199	5322	5123	938.792	10.0307
lcl|NC_037645.1_mrna_XM_026442047.1_16200	5018	4819	148.225	1.68364
lcl|NC_037645.1_mrna_XM_026442048.1_16201	5015	4816	1.6144	0.0183489
lcl|NC_037645.1_mrna_XM_026442049.1_16202	5055	4856	0	0
lcl|NC_037645.1_mrna_XM_026442050.1_16203	4860	4661	69.6707	0.818194
lcl|NC_037645.1_mrna_XM_026442051.1_16204	4609	4410	5.2569	0.0652493
lcl|NC_037645.1_mrna_XM_026442052.1_16205	4576	4377	205.233	2.56659
lcl|NC_037645.1_mrna_XM_026442053.1_16206	2912	2713	1955.17	39.4476
lcl|NC_037645.1_mrna_XM_016913523.2_16207	2553	2354	2146.9	49.9218
lcl|NC_037645.1_mrna_XM_006569704.3_16208	2604	2405	84.2169	1.91677
lcl|NC_037645.1_mrna_XM_006569706.3_16209	2663	2464	7081.71	157.32
lcl|NC_037645.1_mrna_XM_006569708.3_16210	811	612	0	0
lcl|NC_037645.1_mrna_XM_006569707.3_16211	913	714	9	0.689969
lcl|NC_037645.1_mrna_XM_393135.7_16212	868	669	8209	671.66
lcl|NC_037645.1_mrna_XM_026442271.1_16213	3712	3513	2079	32.3938
lcl|NC_037645.1_mrna_XM_624274.6_16214	3825	3626	711	10.7331
lcl|NC_037645.1_mrna_XM_395960.7_16215	1367	1168	0	0
lcl|NC_037645.1_mrna_XM_016913594.2_16216	1214	1015	180.284	9.72246
lcl|NC_037645.1_mrna_XM_001122532.5_16217	1080	881	26.813	1.66593
lcl|NC_037645.1_mrna_XM_026442138.1_16218	1002	803	0	0
lcl|NC_037645.1_mrna_XM_026442139.1_16219	850	651	80.187	6.7423
lcl|NC_037645.1_mrna_XM_026442140.1_16220	949	750	0	0
lcl|NC_037645.1_mrna_XM_026442375.1_16221	1223	1024	794	42.443
lcl|NC_037645.1_mrna_XM_006569710.3_16222	2118	1919	957	27.2975
lcl|NC_037645.1_mrna_NM_001110764.1_16223	2591	2392	248	5.67513
lcl|NC_037645.1_mrna_NM_001011600.1_16224	2052	1853	111	3.27894
lcl|NC_037645.1_ncrna_XR_001703970.2_16225	1018	819	2	0.133669
lcl|NC_037645.1_mrna_NM_001098717.1_16226	2190	1991	64	1.75952
lcl|NC_037645.1_mrna_XM_026442275.1_16227	746	547	0	0
lcl|NC_037645.1_mrna_XM_026442030.1_16228	3474	3275	146.513	2.44878
lcl|NC_037645.1_mrna_XM_026442031.1_16229	3094	2895	637.487	12.0534
lcl|NC_037645.1_mrna_XM_006569716.3_16230	2360	2161	134.708	3.41212
lcl|NC_037645.1_mrna_XM_396175.7_16231	2390	2191	73.0353	1.82463
lcl|NC_037645.1_mrna_XM_016913634.2_16232	2403	2204	51.2565	1.27298
lcl|NC_037645.1_mrna_XM_026442032.1_16233	1308	1109	351.754	17.3617
lcl|NC_037645.1_mrna_XM_016913633.2_16234	3858	3659	743.246	11.1187
lcl|NC_037645.1_mrna_XM_026442319.1_16235	3210	3011	233.995	4.25385
lcl|NC_037645.1_mrna_XM_026442318.1_16236	3197	2998	33.3325	0.608586
lcl|NC_037645.1_mrna_XM_026442320.1_16237	3017	2818	144.672	2.81015
lcl|NC_037645.1_mrna_XM_006569720.3_16238	1216	1017	146.8	7.90116
lcl|NC_037645.1_mrna_XM_393018.7_16239	1127	928	44.1998	2.6071
lcl|NC_037645.1_mrna_XM_026442211.1_16240	5003	4804	0	0
lcl|NC_037645.1_mrna_XM_026442210.1_16241	5035	4836	882	9.98315
lcl|NC_037645.1_mrna_XM_624390.5_16242	1683	1484	982	36.2212
lcl|NC_037645.1_mrna_XM_026442378.1_16243	1806	1607	16763	570.98
lcl|NC_037645.1_mrna_XM_016913327.2_16244	983	784	540	37.7019
lcl|NC_037645.1_mrna_XM_396181.7_16245	2006	1807	1126	34.1087
lcl|NC_037645.1_mrna_XM_006569725.3_16246	1024	825	39	2.58759
lcl|NC_037645.1_mrna_XM_026442184.1_16247	1174	975	246	13.8107
lcl|NC_037645.1_mrna_XM_006569726.2_16248	2687	2488	1347.44	29.6445
lcl|NC_037645.1_mrna_XM_623696.6_16249	2961	2762	70.562	1.3984
lcl|NC_037645.1_mrna_XM_395760.7_16250	2497	2298	320.055	7.6236
lcl|NC_037645.1_ncrna_XR_003305112.1_16251	1329	1130	404.93	19.6149
lcl|NC_037645.1_ncrna_XR_003305114.1_16252	2004	1805	63.994	1.94065
lcl|NC_037645.1_ncrna_XR_003305109.1_16253	1851	1652	53.6207	1.77668
lcl|NC_037645.1_ncrna_XR_003305106.1_16254	1390	1191	2.34773	0.1079
lcl|NC_037645.1_ncrna_XR_003305105.1_16255	1305	1106	13.5727	0.671733
lcl|NC_037645.1_ncrna_XR_003305104.1_16256	1359	1160	0	0
lcl|NC_037645.1_ncrna_XR_003305110.1_16257	1213	1014	6.77675e-06	3.65821e-07
lcl|NC_037645.1_ncrna_XR_003305107.1_16258	1267	1068	14.7032	0.753574
lcl|NC_037645.1_ncrna_XR_003305108.1_16259	1634	1435	0	0
lcl|NC_037645.1_ncrna_XR_003305103.1_16260	1652	1453	0	0
lcl|NC_037645.1_ncrna_XR_003305113.1_16261	1728	1529	0	0
lcl|NC_037645.1_ncrna_XR_003305115.1_16262	1633	1434	0	0
lcl|NC_037645.1_ncrna_XR_001704041.2_16263	1518	1319	0	0
lcl|NC_037645.1_ncrna_XR_003305111.1_16264	1478	1279	0	0
lcl|NC_037645.1_mrna_XM_026442260.1_16265	1433	1234	59	2.61711
lcl|NC_037645.1_mrna_XM_624108.6_16266	1580	1381	1534	60.8019
lcl|NC_037645.1_mrna_XM_026442357.1_16267	2405	2206	0	0
lcl|NC_037645.1_mrna_XM_006569728.3_16268	2796	2597	271	5.71193
lcl|NC_037645.1_mrna_XM_026442358.1_16269	2123	1924	0	0
lcl|NC_037645.1_mrna_XM_006569731.3_16270	1458	1259	1242.85	54.0355
lcl|NC_037645.1_mrna_XM_623622.6_16271	1541	1342	1119.32	45.655
lcl|NC_037645.1_mrna_XM_006569730.3_16272	1711	1512	1115.82	40.3952
lcl|NC_037645.1_mrna_XM_006569732.3_16273	2632	2433	488	10.979
lcl|NC_037645.1_mrna_XM_026442513.1_16274	3028	2829	0	0
lcl|NC_037645.1_mrna_XM_006569741.3_16275	2944	2745	33.6231	0.670473
lcl|NC_037645.1_mrna_XM_006569742.3_16276	2939	2740	3.37687	0.0674604
lcl|NC_037645.1_mrna_XM_026442512.1_16277	3018	2819	0	0
lcl|NC_037645.1_mrna_XM_006569743.3_16278	3088	2889	0	0
lcl|NC_037645.1_mrna_XM_006569733.3_16279	2202	2003	42.747	1.16818
lcl|NC_037645.1_mrna_XM_026442511.1_16280	1874	1675	202.497	6.61743
lcl|NC_037645.1_mrna_XM_016913597.2_16281	1978	1779	0.000171033	5.26247e-06
lcl|NC_037645.1_mrna_XM_026442510.1_16282	2001	1802	56.7557	1.72401
lcl|NC_037645.1_ncrna_XR_001703971.2_16283	3654	3455	372.298	5.89832
lcl|NC_037645.1_ncrna_XR_001703972.2_16284	3327	3128	76	1.32994
lcl|NC_037645.1_miscrna_XR_003305226.1_16285	2107	1908	357.568	10.2581
lcl|NC_037645.1_mrna_XM_016913600.2_16286	1863	1664	4912.38	161.593
lcl|NC_037645.1_mrna_XM_001122299.4_16287	1429	1230	68184	3034.33
lcl|NC_037645.1_mrna_XM_026442514.1_16288	1292	1093	781	39.1126
lcl|NC_037645.1_mrna_XM_016913642.2_16289	6886	6687	320.339	2.62219
lcl|NC_037645.1_mrna_XM_006569764.3_16290	6805	6606	0.00131365	1.08849e-05
lcl|NC_037645.1_mrna_XM_016913641.2_16291	6746	6547	513.742	4.29525
lcl|NC_037645.1_mrna_XM_016913640.2_16292	6796	6597	0.0073399	6.09017e-05
lcl|NC_037645.1_mrna_XM_006569766.3_16293	6766	6567	3237.75	26.9874
lcl|NC_037645.1_mrna_XM_006569768.3_16294	6742	6543	2117.16	17.7118
lcl|NC_037645.1_mrna_XM_624336.5_16295	892	693	268	21.1683
lcl|NC_037645.1_mrna_XM_026442266.1_16296	516	317	243	41.9597
lcl|NC_037645.1_mrna_XM_016913775.2_16297	13792	13593	46	0.185237
lcl|NC_037645.1_mrna_XM_001120232.5_16298	1178	979	126	7.04487
lcl|NC_037645.1_ncrna_XR_001704064.2_16299	1009	810	6	0.405463
lcl|NC_037645.1_mrna_XM_026442383.1_16300	1653	1454	276	10.3903
lcl|NC_037645.1_mrna_XM_006569773.3_16301	2008	1809	81.3803	2.46244
lcl|NC_037645.1_mrna_XM_394764.6_16302	1947	1748	450.319	14.1015
lcl|NC_037645.1_mrna_XM_016913750.2_16303	2593	2394	53.0613	1.21322
lcl|NC_037645.1_mrna_XM_006569772.3_16304	2391	2192	382.849	9.56032
lcl|NC_037645.1_mrna_XM_006569771.3_16305	1505	1306	0	0
lcl|NC_037645.1_mrna_XM_001119993.5_16306	1507	1308	122.128	5.11085
lcl|NC_037645.1_mrna_XM_026442022.1_16307	1489	1290	157.54	6.68476
lcl|NC_037645.1_mrna_NM_001327960.1_16308	1167	968	117.332	6.63478
lcl|NC_037645.1_ncrna_XR_120505.4_16309	549	350	1	0.156393
lcl|NC_037645.1_ncrna_XR_003305154.1_16310	9076	8877	91.5082	0.56426
lcl|NC_037645.1_ncrna_XR_003305156.1_16311	8985	8786	1358.44	8.46319
lcl|NC_037645.1_ncrna_XR_003305155.1_16312	8979	8780	4509.01	28.1107
lcl|NC_037645.1_ncrna_XR_001704039.2_16313	9062	8863	0.0314235	0.000194071
lcl|NC_037645.1_mrna_XM_016913577.2_16314	3641	3442	4240.8	67.4407
lcl|NC_037645.1_precursorrna_NR_039437.1_16315	67	3.42238	0	0
lcl|NC_037645.1_ncrna_16316	22	2.73612	0	0
lcl|NC_037645.1_precursorrna_NR_039438.1_16317	101	4.3003	0	0
lcl|NC_037645.1_ncrna_16318	23	2.74792	0	0
lcl|NC_037645.1_mrna_XM_016913578.2_16319	2031	1832	44.6376	1.33371
lcl|NC_037645.1_mrna_XM_006569775.3_16320	1829	1630	120.733	4.05437
lcl|NC_037645.1_ncrna_XR_003305157.1_16321	292	93.0002	12.8325	7.55289
lcl|NC_037645.1_mrna_XM_006569779.3_16322	3172	2973	244.883	4.50868
lcl|NC_037645.1_mrna_XM_393589.7_16323	3345	3146	1491.11	25.944
lcl|NC_037645.1_mrna_XM_016913576.2_16324	3189	2990	2407.06	44.0657
lcl|NC_037645.1_mrna_XM_006569778.3_16325	2843	2644	126.649	2.62196
lcl|NC_037645.1_mrna_XM_006569777.3_16326	3877	3678	238.664	3.5519
lcl|NC_037645.1_mrna_XM_006569776.3_16327	4045	3846	14674.4	208.851
lcl|NC_037645.1_mrna_XM_006569780.3_16328	2738	2539	364.012	7.84763
lcl|NC_037645.1_mrna_XM_006569781.3_16329	2821	2622	546.199	11.4026
lcl|NC_037645.1_mrna_XM_623500.6_16330	1098	899	501	30.5045
lcl|NC_037645.1_mrna_XM_026442250.1_16331	1685	1486	23078	850.09
lcl|NC_037645.1_trna_16332	82	3.75521	0	0
lcl|NC_037645.1_mrna_XM_016913735.2_16333	1247	1048	0	0
lcl|NC_037645.1_mrna_XM_625096.5_16334	1336	1137	639	30.7628
lcl|NC_037645.1_mrna_XM_006569784.3_16335	1698	1499	424.782	15.5113
lcl|NC_037645.1_mrna_XM_016913793.2_16336	1716	1517	286.218	10.3275
lcl|NC_037645.1_mrna_XM_026442321.1_16337	1469	1270	0	0
lcl|NC_037645.1_mrna_NM_001163715.1_16338	854	655	92	7.68833
lcl|NC_037645.1_mrna_XM_026442362.1_16339	1878	1679	454	14.801
lcl|NC_037645.1_mrna_XM_026442269.1_16340	1321	1122	455.284	22.2113
lcl|NC_037645.1_mrna_XM_026442268.1_16341	1441	1242	600.716	26.4748
lcl|NC_037645.1_mrna_XM_026442267.1_16342	1725	1526	1448	51.9397
lcl|NC_037645.1_mrna_XM_026442243.1_16343	5119	4920	291.703	3.24535
lcl|NC_037645.1_mrna_XM_026442242.1_16344	5274	5075	65.4839	0.706291
lcl|NC_037645.1_mrna_XM_026442244.1_16345	4745	4546	263.475	3.17246
lcl|NC_037645.1_ncrna_XR_001704055.2_16346	531	332	8.33765	1.37465
lcl|NC_037645.1_mrna_XM_001120296.5_16347	3965	3766	1837.3	26.7046
lcl|NC_037645.1_mrna_XM_006569834.3_16348	1628	1429	2037	78.0269
lcl|NC_037645.1_mrna_XM_396645.7_16349	5027	4828	1877	21.2805
lcl|NC_037645.1_mrna_XM_624558.6_16350	890	691	478	37.8648
lcl|NC_037645.1_mrna_XM_396646.7_16351	943	744	762	56.0618
lcl|NC_037645.1_mrna_XM_026442064.1_16352	5166	4967	942.801	10.3899
lcl|NC_037645.1_mrna_XM_026442063.1_16353	5261	5062	579.065	6.26168
lcl|NC_037645.1_mrna_XM_026442066.1_16354	4894	4695	9.97855	0.116337
lcl|NC_037645.1_mrna_XM_026442067.1_16355	4754	4555	0.00137319	1.65016e-05
lcl|NC_037645.1_mrna_XM_026442065.1_16356	4698	4499	105.301	1.28115
lcl|NC_037645.1_mrna_XM_026442068.1_16357	4527	4328	349.169	4.41605
lcl|NC_037645.1_mrna_XM_026442261.1_16358	558	359	84	12.8077
lcl|NC_037645.1_mrna_XM_026442272.1_16359	2409	2210	269.937	6.68584
lcl|NC_037645.1_mrna_XM_026442128.1_16360	2629	2430	35.8504	0.807557
lcl|NC_037645.1_mrna_XM_026442127.1_16361	2550	2351	698.378	16.2601
lcl|NC_037645.1_mrna_XM_026442129.1_16362	2676	2477	312.667	6.90941
lcl|NC_037645.1_mrna_XM_026442130.1_16363	2857	2658	301.43	6.2075
lcl|NC_037645.1_mrna_XM_026442126.1_16364	2841	2642	1167.67	24.1921
lcl|NC_037645.1_mrna_XM_026442264.1_16365	2593	2394	51.2023	1.17071
lcl|NC_037645.1_mrna_XM_026442263.1_16366	2724	2525	946.205	20.5121
lcl|NC_037645.1_mrna_XM_026442262.1_16367	2589	2390	7288.59	166.929
lcl|NC_037645.1_mrna_XM_026442265.1_16368	2317	2118	9.36045e-06	2.41911e-07
lcl|NC_037645.1_mrna_XM_001120685.4_16369	634	435	191	24.0342
lcl|NC_037645.1_precursorrna_NR_031519.1_16370	92	4.02165	0	0
lcl|NC_037645.1_ncrna_16371	22	2.73612	0	0
lcl|NC_037645.1_mrna_XM_006569790.3_16372	1688	1489	16.8306	0.618714
lcl|NC_037645.1_mrna_XM_003251379.4_16373	1692	1493	468.228	17.1665
lcl|NC_037645.1_mrna_XM_026442082.1_16374	2797	2598	881.191	18.5659
lcl|NC_037645.1_mrna_XM_026442084.1_16375	2426	2227	1.75027	0.04302
lcl|NC_037645.1_mrna_XM_006569788.3_16376	2174	1975	166.583	4.61689
lcl|NC_037645.1_mrna_XM_016913700.2_16377	2341	2142	64.1317	1.63885
lcl|NC_037645.1_mrna_XM_006569789.3_16378	2139	1940	655.285	18.489
lcl|NC_037645.1_mrna_XM_016913699.2_16379	2105	1906	800	22.9748
lcl|NC_037645.1_mrna_XM_006569791.3_16380	1575	1376	34.8957	1.38816
lcl|NC_037645.1_mrna_XM_003251381.4_16381	1606	1407	149.104	5.80071
lcl|NC_037645.1_mrna_XM_006569809.3_16382	2607	2408	431.339	9.80501
lcl|NC_037645.1_mrna_XM_006569810.3_16383	2297	2098	0	0
lcl|NC_037645.1_mrna_XM_016913433.2_16384	1609	1410	23.3515	0.906529
lcl|NC_037645.1_mrna_XM_016913434.2_16385	1537	1338	46.4596	1.90066
lcl|NC_037645.1_mrna_XM_026442167.1_16386	2128	1929	103.033	2.92368
lcl|NC_037645.1_mrna_XM_026442166.1_16387	1932	1733	78.0676	2.4658
lcl|NC_037645.1_mrna_XM_006569808.3_16388	2773	2574	655.725	13.9444
lcl|NC_037645.1_mrna_XM_006569807.3_16389	2479	2280	37.0232	0.888842
lcl|NC_037645.1_mrna_XM_395716.7_16390	2169	1970	0	0
lcl|NC_037645.1_mrna_XM_026442165.1_16391	3410	3211	72.9773	1.24404
lcl|NC_037645.1_mrna_XM_026442164.1_16392	3278	3079	111.452	1.98136
lcl|NC_037645.1_mrna_XM_026442163.1_16393	3113	2914	160.571	3.01621
lcl|NC_037645.1_mrna_XM_026442168.1_16394	1686	1487	8488	312.449
lcl|NC_037645.1_mrna_XM_016913425.2_16395	7155	6956	41.7419	0.328472
lcl|NC_037645.1_mrna_XM_016913417.2_16396	7158	6959	10.1816	0.0800859
lcl|NC_037645.1_mrna_XM_016913415.2_16397	7158	6959	1.67693	0.0131903
lcl|NC_037645.1_mrna_XM_026442153.1_16398	7155	6956	0	0
lcl|NC_037645.1_mrna_XM_026442159.1_16399	7155	6956	0	0
lcl|NC_037645.1_mrna_XM_016913426.2_16400	7155	6956	0.00165307	1.30082e-05
lcl|NC_037645.1_mrna_XM_016913430.2_16401	7155	6956	1.16933e-06	9.20155e-09
lcl|NC_037645.1_mrna_XM_016913416.2_16402	7158	6959	0.000393313	3.09369e-06
lcl|NC_037645.1_mrna_XM_016913422.2_16403	7158	6959	2.73948e-07	2.1548e-09
lcl|NC_037645.1_mrna_XM_016913427.2_16404	7155	6956	0	0
lcl|NC_037645.1_mrna_XM_016913431.2_16405	7155	6956	0	0
lcl|NC_037645.1_mrna_XM_026442157.1_16406	7155	6956	30914	243.266
lcl|NC_037645.1_mrna_XM_006569799.3_16407	7158	6959	7773.85	61.1469
lcl|NC_037645.1_mrna_XM_016913424.2_16408	7155	6956	5343.42	42.0479
lcl|NC_037645.1_mrna_XM_026442160.1_16409	7155	6956	4.27117	0.0336103
lcl|NC_037645.1_mrna_XM_006569795.3_16410	7158	6959	1328.02	10.4458
lcl|NC_037645.1_mrna_XM_026442158.1_16411	7155	6956	0	0
lcl|NC_037645.1_mrna_XM_006569800.3_16412	7158	6959	0.330402	0.00259885
lcl|NC_037645.1_mrna_XM_026442155.1_16413	7155	6956	0	0
lcl|NC_037645.1_mrna_XM_006569803.3_16414	7155	6956	80.5157	0.633587
lcl|NC_037645.1_mrna_XM_006569797.3_16415	7158	6959	19.9404	0.156845
lcl|NC_037645.1_mrna_XM_006569796.3_16416	7158	6959	1994.05	15.6847
lcl|NC_037645.1_mrna_XM_006569801.3_16417	7155	6956	13.6153	0.10714
lcl|NC_037645.1_mrna_XM_016913432.2_16418	7217	7018	8195.59	63.9223
lcl|NC_037645.1_mrna_XM_006569794.3_16419	7158	6959	3.33083	0.0261994
lcl|NC_037645.1_mrna_XM_006569805.3_16420	7220	7021	2057.36	16.0397
lcl|NC_037645.1_mrna_XM_016913419.2_16421	7158	6959	0.00250698	1.97192e-05
lcl|NC_037645.1_mrna_XM_016913423.2_16422	7155	6956	0	0
lcl|NC_037645.1_mrna_XM_016913428.2_16423	7155	6956	2.36619e-06	1.86198e-08
lcl|NC_037645.1_mrna_XM_006569798.3_16424	7158	6959	0.000790532	6.2181e-06
lcl|NC_037645.1_mrna_XM_026442154.1_16425	7155	6956	0	0
lcl|NC_037645.1_mrna_XM_016913418.2_16426	7157	6958	9844	77.4413
lcl|NC_037645.1_mrna_XM_026442162.1_16427	7139	6940	8052.82	63.5147
lcl|NC_037645.1_mrna_XM_026442161.1_16428	6159	5960	1229.27	11.2898
lcl|NC_037645.1_mrna_XM_026442421.1_16429	812	613	5	0.446473
lcl|NC_037645.1_mrna_XM_001121019.5_16430	1303	1104	123.428	6.1197
lcl|NC_037645.1_mrna_XM_006569816.3_16431	2471	2272	917.503	22.1047
lcl|NC_037645.1_mrna_XM_006569814.3_16432	2583	2384	347.667	7.98256
lcl|NC_037645.1_mrna_XM_006569813.3_16433	2631	2432	177.333	3.99128
lcl|NC_037645.1_mrna_XM_016913435.2_16434	2161	1962	430.069	11.9984
lcl|NC_037645.1_mrna_XM_624248.6_16435	1955	1756	4477	139.556
lcl|NC_037645.1_mrna_XM_006569817.3_16436	4454	4255	179.479	2.30886
lcl|NC_037645.1_mrna_XM_006569818.3_16437	4417	4218	17.3287	0.224877
lcl|NC_037645.1_mrna_XM_396862.7_16438	4406	4207	467.685	6.08508
lcl|NC_037645.1_mrna_XM_006569819.3_16439	3981	3782	119.507	1.72965
lcl|NC_037645.1_trna_16440	72	3.52559	0	0
lcl|NC_037645.1_mrna_XM_396039.7_16441	2119	1920	619	17.6472
lcl|NC_037645.1_mrna_XM_026442169.1_16442	1497	1298	3	0.126512
lcl|NC_037645.1_mrna_XM_394711.7_16443	3555	3356	727	11.8576
lcl|NC_037645.1_mrna_XM_392483.6_16444	2376	2177	4604.33	115.769
lcl|NC_037645.1_mrna_XM_006569825.3_16445	2201	2002	28.2598	0.772662
lcl|NC_037645.1_mrna_XM_026442453.1_16446	2034	1835	235.407	7.02212
lcl|NC_037645.1_mrna_XM_026442455.1_16447	1389	1190	1.59289	0.0732694
lcl|NC_037645.1_mrna_XM_026442454.1_16448	1895	1696	13.4071	0.432708
lcl|NC_037645.1_mrna_XM_026442447.1_16449	8890	8691	61.8534	0.389564
lcl|NC_037645.1_mrna_XM_026442445.1_16450	8896	8697	14.3619	0.0903912
lcl|NC_037645.1_mrna_XM_026442448.1_16451	8836	8637	1073.63	6.80422
lcl|NC_037645.1_mrna_XM_026442446.1_16452	8893	8694	7.40377e-08	4.66143e-10
lcl|NC_037645.1_mrna_XM_026442444.1_16453	8899	8700	1.70423e-08	1.07224e-10
lcl|NC_037645.1_mrna_XM_026442440.1_16454	8983	8784	10.1401	0.0631882
lcl|NC_037645.1_mrna_XM_026442443.1_16455	8923	8724	732.098	4.59345
lcl|NC_037645.1_mrna_XM_026442441.1_16456	8980	8781	6.33798e-08	3.95086e-10
lcl|NC_037645.1_mrna_XM_026442442.1_16457	8929	8730	171.205	1.07347
lcl|NC_037645.1_mrna_XM_026442439.1_16458	8986	8787	1.48001e-08	9.21953e-11
lcl|NC_037645.1_mrna_XM_026442451.1_16459	8353	8154	1623.93	10.9014
lcl|NC_037645.1_mrna_XM_026442452.1_16460	8424	8225	716.413	4.76775
lcl|NC_037645.1_mrna_XM_026442450.1_16461	8422	8223	235.621	1.56844
lcl|NC_037645.1_mrna_XM_026442449.1_16462	9052	8853	458.656	2.83584
lcl|NC_037645.1_mrna_XM_026442099.1_16463	5605	5406	360.212	3.64727
lcl|NC_037645.1_ncrna_XR_003305090.1_16464	253	54.2236	1	1.00948
lcl|NC_037645.1_mrna_XM_026442097.1_16465	5511	5312	339.119	3.49446
lcl|NC_037645.1_mrna_XM_026442102.1_16466	5417	5218	0.0465987	0.000488827
lcl|NC_037645.1_mrna_XM_026442096.1_16467	5564	5365	0.0914665	0.000933206
lcl|NC_037645.1_mrna_XM_026442103.1_16468	5407	5208	0.0385615	0.000405292
lcl|NC_037645.1_mrna_XM_026442100.1_16469	5525	5326	0.030329	0.000311704
lcl|NC_037645.1_mrna_XM_026442101.1_16470	5462	5263	100.337	1.04355
lcl|NC_037645.1_mrna_XM_026442104.1_16471	5352	5153	202.301	2.14894
lcl|NC_037645.1_mrna_XM_016913708.2_16472	5522	5323	312.737	3.21595
lcl|NC_037645.1_mrna_XM_026442105.1_16473	5354	5155	5.34907e-08	5.67983e-10
lcl|NC_037645.1_mrna_XM_026442098.1_16474	5590	5391	0.000204908	2.08054e-06
lcl|NW_020555794.1_mrna_XM_006572368.3_16475	3619	3420	131.539	2.10529
lcl|NW_020555794.1_mrna_XM_006572369.3_16476	3614	3415	146.361	2.34596
lcl|NW_020555794.1_mrna_XM_394836.7_16477	3567	3368	670.101	10.8906
lcl|NW_020555794.1_mrna_XM_016917556.2_16478	2498	2299	1434	34.1425
lcl|NW_020555794.1_mrna_XM_026445943.1_16479	2237	2038	0.000189973	5.10239e-06
lcl|NC_037646.1_mrna_XM_026442792.1_16480	730	531	25.5553	2.63433
lcl|NC_037646.1_miscrna_XR_003305337.1_16481	692	493	0	0
lcl|NC_037646.1_mrna_XM_026442630.1_16482	2744	2545	0	0
lcl|NC_037646.1_mrna_XM_026442631.1_16483	2720	2521	0	0
lcl|NC_037646.1_mrna_XM_026442632.1_16484	2462	2263	8.61081e-05	2.08279e-06
lcl|NC_037646.1_mrna_XM_026442633.1_16485	2438	2239	60.0738	1.46864
lcl|NC_037646.1_miscrna_XR_003305336.1_16486	757	558	6.11495	0.599852
lcl|NC_037646.1_miscrna_XR_003305335.1_16487	838	639	11.1291	0.953329
lcl|NC_037646.1_mrna_NM_001242576.1_16488	2968	2769	0	0
lcl|NC_037646.1_mrna_XM_026442684.1_16489	2363	2164	0.786997	0.0199068
lcl|NC_037646.1_mrna_XM_026442686.1_16490	2354	2155	151.415	3.84599
lcl|NC_037646.1_mrna_XM_026442687.1_16491	2096	1897	0.965338	0.0278546
lcl|NC_037646.1_mrna_XM_026442688.1_16492	2256	2057	20.8323	0.554355
lcl|NC_037646.1_mrna_XM_026442685.1_16493	2215	2016	0	0
lcl|NC_037646.1_mrna_XM_026442683.1_16494	4185	3986	714.339	9.80962
lcl|NC_037646.1_mrna_XM_026442682.1_16495	4256	4057	0.133257	0.00179792
lcl|NC_037646.1_mrna_XM_026442680.1_16496	4250	4051	788.296	10.6515
lcl|NC_037646.1_mrna_XM_026442681.1_16497	4240	4041	194.232	2.63098
lcl|NC_037646.1_mrna_XM_016917414.2_16498	1059	860	785.538	49.9982
lcl|NC_037646.1_mrna_XM_392903.7_16499	1074	875	217.462	13.6038
lcl|NC_037646.1_mrna_XM_016917412.2_16500	1228	1029	3	0.159585
lcl|NC_037646.1_mrna_XM_026442756.1_16501	3262	3063	661	11.8124
lcl|NC_037646.1_mrna_XM_026442757.1_16502	738	539	250.902	25.4801
lcl|NC_037646.1_mrna_XM_395779.7_16503	953	754	49.0977	3.56431
lcl|NC_037646.1_ncrna_XR_001706255.2_16504	2329	2130	13	0.334079
lcl|NC_037646.1_miscrna_XR_003305330.1_16505	3462	3263	798.557	13.396
lcl|NC_037646.1_miscrna_XR_003305329.1_16506	4307	4108	446.222	5.94574
lcl|NC_037646.1_mrna_XM_026442752.1_16507	2030	1831	714.221	21.3516
lcl|NC_037646.1_mrna_XM_026442779.1_16508	2502	2303	68.9241	1.63818
lcl|NC_037646.1_mrna_XM_026442778.1_16509	2389	2190	648.076	16.1982
lcl|NC_037646.1_mrna_XM_026442842.1_16510	707	508	180	19.3952
lcl|NC_037646.1_mrna_XM_026442759.1_16511	1690	1491	182.462	6.69854
lcl|NC_037646.1_mrna_XM_026442761.1_16512	1979	1780	24.449	0.751842
lcl|NC_037646.1_mrna_XM_026442760.1_16513	1571	1372	149.887	5.9799
lcl|NC_037646.1_mrna_XM_026442762.1_16514	1754	1555	415.202	14.6155
lcl|NC_037646.1_mrna_XM_026442786.1_16515	2368	2169	663	16.7317
lcl|NC_037646.1_mrna_XM_001123277.5_16516	499	300	816	148.886
lcl|NC_037646.1_mrna_XM_623703.5_16517	1464	1265	843	36.4773
lcl|NC_037646.1_mrna_XM_026442789.1_16518	2466	2267	1247.61	30.1241
lcl|NC_037646.1_mrna_XM_026442788.1_16519	2469	2270	644.388	15.5384
lcl|NC_037646.1_mrna_XM_026442712.1_16520	1704	1505	0	0
lcl|NC_037646.1_mrna_XM_026442711.1_16521	1699	1500	3.69993e-08	1.35017e-09
lcl|NC_037646.1_mrna_XM_026442709.1_16522	1771	1572	328	11.4211
lcl|NC_037646.1_mrna_XM_026442710.1_16523	1718	1519	0.000264152	9.51879e-06
lcl|NC_037646.1_mrna_XM_026442708.1_16524	2662	2463	5321	118.254
lcl|NC_037646.1_mrna_XM_026442943.1_16525	1346	1147	11	0.524946
lcl|NC_037646.1_mrna_XM_026442766.1_16526	767	568	795.298	76.642
lcl|NC_037646.1_mrna_XM_026442769.1_16527	770	571	132.646	12.7157
lcl|NC_037646.1_mrna_XM_026442768.1_16528	717	518	0	0
lcl|NC_037646.1_mrna_XM_026442767.1_16529	718	519	66.0561	6.96676
lcl|NC_037646.1_mrna_XM_026442764.1_16530	1140	941	486	28.2704
lcl|NC_037646.1_mrna_XM_026442765.1_16531	1083	884	0	0
lcl|NC_037646.1_mrna_XM_026442944.1_16532	619	420	315	41.0532
lcl|NC_037646.1_mrna_XM_026442770.1_16533	977	778	1707	120.099
lcl|NC_037646.1_mrna_NM_001142637.1_16534	999	800	21	1.43686
lcl|NC_037646.1_ncrna_XR_001706230.2_16535	674	475	9	1.03713
lcl|NC_037646.1_mrna_XM_026442749.1_16536	1279	1080	23.8161	1.20707
lcl|NC_037646.1_mrna_XM_026442933.1_16537	2651	2452	12.1839	0.271989
lcl|NC_037646.1_ncrna_XR_001706278.2_16538	750	551	1	0.0993422
lcl|NC_037646.1_mrna_XM_026442945.1_16539	417	218	0	0
lcl|NC_037646.1_mrna_XM_026442714.1_16540	842	643	792	67.4217
lcl|NC_037646.1_mrna_XM_003251802.3_16541	2133	1934	2571	72.7664
lcl|NC_037646.1_mrna_XM_026442845.1_16542	1764	1565	70.4228	2.46311
lcl|NC_037646.1_mrna_XM_026442844.1_16543	1887	1688	219.577	7.12033
lcl|NC_037646.1_mrna_XM_006571986.3_16544	1985	1786	1218	37.3294
lcl|NC_037646.1_mrna_XM_006571988.3_16545	1534	1335	685	28.0863
lcl|NC_037646.1_mrna_NM_001278330.1_16546	3672	3473	3154	49.7098
lcl|NC_037646.1_mrna_XM_026442776.1_16547	1697	1498	1466.1	53.572
lcl|NC_037646.1_mrna_XM_026442775.1_16548	1649	1450	57.8974	2.18563
lcl|NC_037646.1_mrna_XM_006557207.3_16549	1528	1329	433.494	17.8543
lcl|NC_037646.1_mrna_NM_001142436.1_16550	1295	1096	500.506	24.9968
lcl|NC_037646.1_mrna_XM_393089.7_16551	676	477	1125	129.098
lcl|NC_037646.1_mrna_XM_001123300.5_16552	1288	1089	245	12.3147
lcl|NC_037646.1_mrna_XM_392926.7_16553	1218	1019	994.223	53.4066
lcl|NC_037646.1_mrna_XM_006557208.3_16554	1225	1026	1025.78	54.7257
lcl|NC_037646.1_mrna_XM_016914178.2_16555	1633	1434	200.538	7.6548
lcl|NC_037646.1_mrna_XM_001122675.5_16556	1635	1436	122.462	4.668
lcl|NC_037646.1_mrna_XM_026442616.1_16557	2027	1828	0	0
lcl|NC_037646.1_mrna_XM_026442615.1_16558	1890	1691	0	0
lcl|NC_037646.1_mrna_XM_026442618.1_16559	1901	1702	5	0.160804
lcl|NC_037646.1_mrna_XM_026442613.1_16560	1916	1717	0	0
lcl|NC_037646.1_mrna_XM_026442614.1_16561	1978	1779	0	0
lcl|NC_037646.1_mrna_XM_026442617.1_16562	1670	1471	0	0
lcl|NC_037646.1_mrna_NM_001077812.1_16563	1470	1271	0	0
lcl|NC_037646.1_mrna_XM_026442635.1_16564	1778	1579	0	0
lcl|NC_037646.1_mrna_XM_026442636.1_16565	1574	1375	0	0
lcl|NC_037646.1_mrna_NM_001077822.1_16566	1533	1334	1	0.0410326
lcl|NC_037646.1_mrna_XM_026442706.1_16567	572	373	715	104.926
lcl|NC_037646.1_mrna_XM_026442705.1_16568	4443	4244	950.06	12.2535
lcl|NC_037646.1_mrna_XM_016914134.2_16569	3739	3540	886.386	13.7058
lcl|NC_037646.1_mrna_XM_003249027.4_16570	2169	1970	659.554	18.3261
lcl|NC_037646.1_mrna_XM_016914133.2_16571	2240	2041	0	0
lcl|NC_037646.1_precursorrna_NR_127309.1_16572	88	3.91013	0	0
lcl|NC_037646.1_ncrna_16573	19	2.70091	0	0
lcl|NC_037646.1_ncrna_16574	20	2.71266	0	0
lcl|NC_037646.1_ncrna_XR_001704304.2_16575	1644	1445	11	0.416687
lcl|NC_037646.1_mrna_XM_026442771.1_16576	2155	1956	15.46	0.432641
lcl|NC_037646.1_mrna_XM_026442772.1_16577	2143	1944	1274.39	35.8832
lcl|NC_037646.1_mrna_XM_026442773.1_16578	2151	1952	63.4018	1.7779
lcl|NC_037646.1_mrna_XM_026442774.1_16579	1563	1364	429.748	17.2459
lcl|NC_037646.1_mrna_XM_016914166.2_16580	2168	1969	42.5136	1.18186
lcl|NC_037646.1_mrna_XM_016914165.1_16581	1651	1452	94.8155	3.57436
lcl|NC_037646.1_mrna_XM_016914163.1_16582	1725	1526	67.4386	2.41902
lcl|NC_037646.1_mrna_XM_006557214.2_16583	2115	1916	0	0
lcl|NC_037646.1_mrna_XM_016914164.1_16584	2138	1939	14.3219	0.404305
lcl|NC_037646.1_mrna_XM_006557212.2_16585	2043	1844	0	0
lcl|NC_037646.1_mrna_XM_006557213.3_16586	2047	1848	0	0
lcl|NC_037646.1_mrna_XM_006557215.3_16587	624	425	5.80814	0.748055
lcl|NC_037646.1_mrna_XM_001122868.5_16588	571	372	32.1022	4.72365
lcl|NC_037646.1_mrna_XM_003249029.4_16589	540	341	153	24.5597
lcl|NC_037646.1_mrna_XM_624841.6_16590	2932	2733	448.25	8.97772
lcl|NC_037646.1_mrna_XM_006557216.3_16591	2797	2598	1421.75	29.955
lcl|NC_037646.1_mrna_XM_026443047.1_16592	3329	3130	96.94	1.69529
lcl|NC_037646.1_mrna_XM_016914073.2_16593	909	710	3104.06	239.308
lcl|NC_037646.1_miscrna_XR_407431.3_16594	1306	1107	21.4695	1.0616
lcl|NC_037646.1_mrna_XM_624649.5_16595	1177	978	799.629	44.7543
lcl|NC_037646.1_ncrna_XR_407430.3_16596	711	512	25.9019	2.76915
lcl|NC_037646.1_mrna_XM_026443046.1_16597	2743	2544	1.28814e-05	2.7716e-07
lcl|NC_037646.1_mrna_XM_026443044.1_16598	2801	2602	965	20.3004
lcl|NC_037646.1_mrna_XM_623948.6_16599	2132	1933	4274.9	121.054
lcl|NC_037646.1_mrna_XM_026443048.1_16600	3154	2955	1.08092	0.0200226
lcl|NC_037646.1_mrna_XM_026443049.1_16601	3138	2939	1022.02	19.0347
lcl|NC_037646.1_mrna_XM_016917546.2_16602	1753	1554	1579	55.6181
lcl|NC_037646.1_ncrna_XR_001706280.2_16603	784	585	9.55134	0.893704
lcl|NC_037646.1_mrna_XM_624319.5_16604	1842	1643	100.886	3.36108
lcl|NC_037646.1_mrna_XM_016917544.2_16605	1614	1415	697.563	26.9844
lcl|NC_037646.1_mrna_XM_026442946.1_16606	1166	967	98	5.54734
lcl|NC_037646.1_mrna_XM_026443050.1_16607	537	338	812.887	131.643
lcl|NC_037646.1_mrna_XM_026443051.1_16608	545	346	41.1131	6.50414
lcl|NC_037646.1_mrna_XM_026443052.1_16609	2886	2687	206	4.19648
lcl|NC_037646.1_mrna_XM_026442665.1_16610	2545	2346	176.712	4.1231
lcl|NC_037646.1_mrna_XM_026442666.1_16611	3066	2867	550.288	10.5062
lcl|NC_037646.1_mrna_XM_395427.7_16612	3276	3077	1020.57	18.1553
lcl|NC_037646.1_mrna_XM_016917312.2_16613	3085	2886	0	0
lcl|NC_037646.1_mrna_XM_623106.5_16614	1009	810	423.28	28.6041
lcl|NC_037646.1_mrna_XM_006571961.2_16615	1006	807	761.146	51.6273
lcl|NC_037646.1_mrna_XM_623837.5_16616	1206	1007	508	27.6134
lcl|NC_037646.1_mrna_XM_026442669.1_16617	607	408	442.97	59.4292
lcl|NC_037646.1_mrna_XM_026442670.1_16618	572	373	42.0298	6.16786
lcl|NC_037646.1_mrna_XM_026442667.1_16619	4992	4793	269.89	3.08223
lcl|NC_037646.1_mrna_XM_026442668.1_16620	4333	4134	2.5583e-06	3.3874e-08
lcl|NC_037646.1_mrna_XM_623085.6_16621	1287	1088	368	18.5142
lcl|NC_037646.1_mrna_XM_623495.6_16622	1374	1175	110.415	5.14371
lcl|NC_037646.1_mrna_XM_006571959.3_16623	1383	1184	234.585	10.8451
lcl|NC_037646.1_mrna_XM_016917321.2_16624	1239	1040	0	0
lcl|NC_037646.1_mrna_XM_006571957.3_16625	1320	1121	211.843	10.3441
lcl|NC_037646.1_mrna_XM_006571958.3_16626	1193	994	24.1575	1.3303
lcl|NC_037646.1_mrna_XM_001123307.5_16627	824	625	961	84.1644
lcl|NC_037646.1_mrna_XM_026442734.1_16628	9245	9046	0.000111969	6.77525e-07
lcl|NC_037646.1_mrna_XM_026442733.1_16629	9371	9172	21.8266	0.130259
lcl|NC_037646.1_mrna_XM_006571953.3_16630	8531	8332	20.1516	0.132387
lcl|NC_037646.1_mrna_XM_026442732.1_16631	8986	8787	0.0216746	0.000135019
lcl|NC_037646.1_mrna_XM_006571952.3_16632	8888	8689	0	0
lcl|NC_037646.1_mrna_XM_006571951.3_16633	9178	8979	0	0
lcl|NC_037646.1_mrna_XM_006571950.3_16634	9130	8931	0	0
lcl|NC_037646.1_mrna_XM_006571956.3_16635	5032	4833	0	0
lcl|NC_037646.1_mrna_XM_006571947.3_16636	2913	2714	4854.48	97.908
lcl|NC_037646.1_mrna_XM_006571948.3_16637	2969	2770	262.209	5.18148
lcl|NC_037646.1_mrna_XM_016917315.1_16638	2589	2390	30.3117	0.694221
lcl|NC_037646.1_mrna_XM_026442947.1_16639	4749	4550	1021	12.2829
lcl|NC_037646.1_mrna_XM_006571942.3_16640	4873	4674	174.68	2.0457
lcl|NC_037646.1_mrna_XM_006571943.3_16641	4862	4663	219.399	2.57545
lcl|NC_037646.1_mrna_XM_006571944.3_16642	4676	4477	75.7655	0.926338
lcl|NC_037646.1_mrna_XM_006571945.3_16643	4665	4466	1689.51	20.7075
lcl|NC_037646.1_ncrna_XR_003305283.1_16644	485	286	11.6429	2.22833
lcl|NC_037646.1_mrna_XM_006571941.3_16645	1149	950	322	18.5531
lcl|NC_037646.1_mrna_XM_026442642.1_16646	633	434	4	0.504493
lcl|NC_037646.1_mrna_XM_623826.6_16647	3774	3575	124	1.89859
lcl|NC_037646.1_mrna_XM_395903.7_16648	3020	2821	676	13.1168
lcl|NC_037646.1_ncrna_XR_003305310.1_16649	691	492	15	1.66883
lcl|NC_037646.1_ncrna_XR_003305312.1_16650	1084	885	0	0
lcl|NC_037646.1_ncrna_XR_003305309.1_16651	1133	934	0	0
lcl|NC_037646.1_ncrna_XR_003305311.1_16652	914	715	0	0
lcl|NC_037646.1_mrna_XM_026442735.1_16653	1652	1453	0	0
lcl|NC_037646.1_mrna_XM_026442736.1_16654	1889	1690	986.265	31.9442
lcl|NC_037646.1_ncrna_XR_003305314.1_16655	617	418	8	1.04761
lcl|NC_037646.1_mrna_XM_026442737.1_16656	1619	1420	794.196	30.6143
lcl|NC_037646.1_ncrna_XR_003305313.1_16657	1310	1111	401.539	19.7833
lcl|NC_037646.1_mrna_NM_001242440.1_16658	1971	1772	278.5	8.60294
lcl|NC_037646.1_mrna_NM_001242441.1_16659	1971	1772	278.5	8.60294
lcl|NC_037646.1_mrna_XM_026442835.1_16660	2495	2296	467	11.1335
lcl|NC_037646.1_mrna_XM_623286.6_16661	3825	3626	1469	22.1758
lcl|NC_037646.1_mrna_XM_026442729.1_16662	7793	7594	604.085	4.35424
lcl|NC_037646.1_mrna_XM_026442730.1_16663	7705	7506	667.483	4.86763
lcl|NC_037646.1_mrna_XM_026442731.1_16664	6849	6650	4.43203	0.0364809
lcl|NC_037646.1_mrna_XM_396143.7_16665	2425	2226	645	15.8606
lcl|NC_037646.1_mrna_XM_001122110.5_16666	2289	2090	4	0.104761
lcl|NC_037646.1_mrna_XM_003251817.4_16667	1148	949	0	0
lcl|NC_037646.1_mrna_XM_006558129.3_16668	6489	6290	0.000375399	3.26684e-06
lcl|NC_037646.1_mrna_XM_016914098.2_16669	6554	6355	57.9773	0.499376
lcl|NC_037646.1_mrna_XM_016914101.2_16670	6455	6256	0.232857	0.00203741
lcl|NC_037646.1_mrna_XM_016914100.2_16671	6548	6349	61.6165	0.531223
lcl|NC_037646.1_mrna_XM_396827.6_16672	6445	6246	86.1729	0.755187
lcl|NC_037646.1_ncrna_XR_003305281.1_16673	430	231	0	0
lcl|NC_037646.1_mrna_XM_026442713.1_16674	1080	881	53.77	3.34079
lcl|NC_037646.1_mrna_XM_016914194.2_16675	867	668	38.23	3.13266
lcl|NC_037646.1_mrna_XM_026442948.1_16676	2945	2746	3678	73.3156
lcl|NC_037646.1_mrna_XM_624701.6_16677	2499	2300	115	2.73688
lcl|NC_037646.1_mrna_XM_026442888.1_16678	8192	7993	0	0
lcl|NC_037646.1_mrna_XM_026442903.1_16679	8132	7933	0	0
lcl|NC_037646.1_mrna_XM_026442884.1_16680	8191	7992	0	0
lcl|NC_037646.1_mrna_XM_026442898.1_16681	8155	7956	0	0
lcl|NC_037646.1_mrna_XM_026442887.1_16682	8191	7992	0	0
lcl|NC_037646.1_mrna_XM_026442902.1_16683	8134	7935	0	0
lcl|NC_037646.1_mrna_XM_026442885.1_16684	8191	7992	0	0
lcl|NC_037646.1_mrna_XM_026442907.1_16685	8101	7902	6.1059e-06	4.22959e-08
lcl|NC_037646.1_mrna_XM_026442916.1_16686	7960	7761	1.20526	0.00850056
lcl|NC_037646.1_mrna_XM_026442914.1_16687	8017	7818	187.489	1.3127
lcl|NC_037646.1_mrna_XM_026442886.1_16688	8191	7992	0	0
lcl|NC_037646.1_mrna_XM_026442893.1_16689	8172	7973	0	0
lcl|NC_037646.1_mrna_XM_026442911.1_16690	8070	7871	0	0
lcl|NC_037646.1_mrna_XM_026442901.1_16691	8133	7934	0	0
lcl|NC_037646.1_mrna_XM_026442908.1_16692	8091	7892	0	0
lcl|NC_037646.1_mrna_XM_026442897.1_16693	8154	7955	0	0
lcl|NC_037646.1_mrna_XM_026442909.1_16694	8088	7889	0	0
lcl|NC_037646.1_mrna_XM_026442899.1_16695	8151	7952	0	0
lcl|NC_037646.1_mrna_XM_026442891.1_16696	8172	7973	0	0
lcl|NC_037646.1_mrna_XM_026442912.1_16697	8055	7856	0	0
lcl|NC_037646.1_mrna_XM_026442905.1_16698	8118	7919	0	0
lcl|NC_037646.1_mrna_XM_026442906.1_16699	8106	7907	0	0
lcl|NC_037646.1_mrna_XM_026442894.1_16700	8169	7970	0	0
lcl|NC_037646.1_mrna_XM_026442904.1_16701	8127	7928	0	0
lcl|NC_037646.1_mrna_XM_026442889.1_16702	8184	7985	0	0
lcl|NC_037646.1_mrna_XM_026442882.1_16703	8190	7991	0	0
lcl|NC_037646.1_mrna_XM_026442890.1_16704	8175	7976	0	0
lcl|NC_037646.1_mrna_XM_026442892.1_16705	8172	7973	0	0
lcl|NC_037646.1_mrna_XM_026442883.1_16706	8190	7991	0	0
lcl|NC_037646.1_mrna_XM_026442900.1_16707	8138	7939	253.845	1.7502
lcl|NC_037646.1_mrna_XM_026442913.1_16708	8018	7819	2.05635e-06	1.43957e-08
lcl|NC_037646.1_mrna_XM_026442910.1_16709	8081	7882	0	0
lcl|NC_037646.1_mrna_XM_026442895.1_16710	8159	7960	5.47378e-06	3.76409e-08
lcl|NC_037646.1_mrna_XM_026442896.1_16711	8152	7953	23.8312	0.164022
lcl|NC_037646.1_mrna_XM_026442915.1_16712	8002	7803	257.33	1.80515
lcl|NC_037646.1_mrna_XM_026442918.1_16713	7951	7752	56.8433	0.401376
lcl|NC_037646.1_mrna_XM_026442919.1_16714	7906	7707	248.457	1.76462
lcl|NC_037646.1_mrna_XM_026442917.1_16715	7912	7713	4.20612e-05	2.985e-07
lcl|NC_037646.1_mrna_XM_026442928.1_16716	1104	905	29	1.75402
lcl|NC_037646.1_mrna_XM_016913927.2_16717	1892	1693	0.0185494	0.000599733
lcl|NC_037646.1_mrna_XM_397014.7_16718	1880	1681	146.878	4.78271
lcl|NC_037646.1_miscrna_XR_001704190.2_16719	1784	1585	37.5123	1.29548
lcl|NC_037646.1_mrna_XM_006558163.3_16720	1645	1446	140.15	5.30531
lcl|NC_037646.1_mrna_XM_026442925.1_16721	1529	1330	98.1592	4.03984
lcl|NC_037646.1_mrna_XM_026442926.1_16722	1057	858	534.282	34.0854
lcl|NC_037646.1_mrna_XM_624341.5_16723	736	537	99	10.0913
lcl|NC_037646.1_mrna_XM_006558166.3_16724	1090	891	0	0
lcl|NC_037646.1_mrna_XM_006558167.3_16725	1062	863	353.033	22.3918
lcl|NC_037646.1_mrna_XM_006558169.3_16726	979	780	989.2	69.4184
lcl|NC_037646.1_mrna_XM_006558168.3_16727	1019	820	399.428	26.6631
lcl|NC_037646.1_mrna_XM_016913938.2_16728	1261	1062	0	0
lcl|NC_037646.1_mrna_XM_016913937.2_16729	1354	1155	0	0
lcl|NC_037646.1_mrna_XM_016913936.2_16730	1395	1196	14.4352	0.660657
lcl|NC_037646.1_mrna_XM_016913940.2_16731	1233	1034	0	0
lcl|NC_037646.1_mrna_XM_016913939.2_16732	1326	1127	0	0
lcl|NC_037646.1_mrna_XM_006558170.3_16733	1560	1361	888.905	35.7505
lcl|NC_037646.1_ncrna_XR_003305359.1_16734	1478	1279	828	35.436
lcl|NC_037646.1_rrna_XR_003305380.1_16735	119	5.00576	0	0
lcl|NC_037646.1_rrna_XR_003305379.1_16736	119	5.00576	0	0
lcl|NC_037646.1_mrna_XM_624605.6_16737	1835	1636	674.857	22.5795
lcl|NC_037646.1_mrna_XM_006558174.3_16738	1639	1440	6044.14	229.751
lcl|NC_037646.1_mrna_XM_026442920.1_16739	2876	2677	1327.33	27.1405
lcl|NC_037646.1_mrna_XM_026442923.1_16740	2849	2650	4838.56	99.9438
lcl|NC_037646.1_mrna_XM_026442924.1_16741	2816	2617	101.948	2.13235
lcl|NC_037646.1_mrna_XM_026442922.1_16742	2864	2665	4899.16	100.626
lcl|NC_037646.1_mrna_NM_001014994.1_16743	1890	1691	1840.63	59.5809
lcl|NC_037646.1_mrna_XM_026442627.1_16744	1989	1790	544.771	16.6589
lcl|NC_037646.1_mrna_XM_026442629.1_16745	1177	978	9315.07	521.354
lcl|NC_037646.1_mrna_XM_006558364.3_16746	1588	1389	765.531	30.1679
lcl|NC_037646.1_mrna_NM_001170973.1_16747	1131	932	18746	1100.98
lcl|NC_037646.1_mrna_XM_006558365.3_16748	546	347	19.278	3.04102
lcl|NC_037646.1_mrna_XM_006558366.3_16749	510	311	143.149	25.1949
lcl|NC_037646.1_mrna_XM_016914033.2_16750	448	249	1.57343	0.345885
lcl|NC_037646.1_mrna_XM_016914032.2_16751	551	352	0	0
lcl|NC_037646.1_mrna_XM_016914031.2_16752	2111	1912	341	9.76229
lcl|NC_037646.1_mrna_XM_006558360.3_16753	1410	1211	1145.83	51.7917
lcl|NC_037646.1_mrna_XM_006558359.3_16754	2279	2080	2478.86	65.234
lcl|NC_037646.1_mrna_XM_006558362.3_16755	2210	2011	244.583	6.65732
lcl|NC_037646.1_mrna_XM_624408.6_16756	2273	2074	1987.02	52.4418
lcl|NC_037646.1_mrna_XM_006558363.3_16757	2204	2005	192.716	5.26124
lcl|NC_037646.1_mrna_XM_003249249.4_16758	1634	1435	0	0
lcl|NC_037646.1_trna_16759	73	3.5471	0	0
lcl|NC_037646.1_mrna_XM_006558358.3_16760	4964	4765	7	0.0804119
lcl|NC_037646.1_trna_16761	72	3.52559	0	0
lcl|NC_037646.1_rrna_XR_003305377.1_16762	119	5.00576	0	0
lcl|NC_037646.1_mrna_XM_625239.6_16763	1860	1661	86.1116	2.83777
lcl|NC_037646.1_mrna_XM_006558357.3_16764	1855	1656	375.888	12.4246
lcl|NC_037646.1_mrna_XM_016913933.2_16765	1470	1271	3.99992	0.172263
lcl|NC_037646.1_mrna_XM_016913932.2_16766	1481	1282	7.56918e-05	3.23181e-06
lcl|NC_037646.1_mrna_XM_026442951.1_16767	2205	2006	84	2.2921
lcl|NC_037646.1_mrna_XM_026442929.1_16768	3429	3230	6.65979	0.112861
lcl|NC_037646.1_mrna_XM_026442930.1_16769	2944	2745	23.3402	0.465423
lcl|NC_037646.1_mrna_XM_016913931.2_16770	1797	1598	4.76474	0.163211
lcl|NC_037646.1_mrna_XM_394832.5_16771	1270	1071	2.23526	0.114241
lcl|NC_037646.1_mrna_XM_016913926.2_16772	4977	4778	234.662	2.68833
lcl|NC_037646.1_mrna_XM_006558352.3_16773	4258	4059	284.377	3.83496
lcl|NC_037646.1_mrna_XM_006558350.3_16774	4768	4569	0	0
lcl|NC_037646.1_mrna_XM_006558351.3_16775	4654	4455	17.2657	0.21214
lcl|NC_037646.1_mrna_XM_006558348.3_16776	1446	1247	0	0
lcl|NC_037646.1_mrna_XM_026442857.1_16777	1299	1100	0	0
lcl|NC_037646.1_mrna_XM_006558349.3_16778	1443	1244	0	0
lcl|NC_037646.1_mrna_XM_395405.4_16779	754	555	520	51.2856
lcl|NC_037646.1_mrna_XM_026442952.1_16780	681	482	26	2.95265
lcl|NC_037646.1_mrna_XM_026442880.1_16781	2119	1920	44.2838	1.26249
lcl|NC_037646.1_mrna_XM_026442878.1_16782	2229	2030	0	0
lcl|NC_037646.1_mrna_XM_026442879.1_16783	2174	1975	106.716	2.95766
lcl|NC_037646.1_trna_16784	73	3.5471	0	0
lcl|NC_037646.1_precursorrna_NR_127327.1_16785	76	3.6135	0	0
lcl|NC_037646.1_ncrna_16786	23	2.74792	0	0
lcl|NC_037646.1_mrna_XM_006558824.3_16787	7820	7621	142.875	1.02619
lcl|NC_037646.1_precursorrna_NR_039439.1_16788	115	4.82847	0	0
lcl|NC_037646.1_ncrna_16789	22	2.73612	0	0
lcl|NC_037646.1_mrna_XM_006558825.3_16790	7964	7765	138.999	0.979841
lcl|NC_037646.1_mrna_XM_396702.6_16791	8305	8106	23.7713	0.160521
lcl|NC_037646.1_precursorrna_NR_039440.1_16792	89	3.93736	0	0
lcl|NC_037646.1_ncrna_16793	23	2.74792	0	0
lcl|NC_037646.1_mrna_XM_006559916.3_16794	3662	3463	0	0
lcl|NC_037646.1_mrna_XM_006559918.3_16795	3640	3441	594.453	9.45624
lcl|NC_037646.1_mrna_XM_006559926.2_16796	2989	2790	7.69427	0.150955
lcl|NC_037646.1_mrna_XM_026442980.1_16797	6523	6324	3700.52	32.0299
lcl|NC_037646.1_mrna_XM_026442982.1_16798	2826	2627	0	0
lcl|NC_037646.1_mrna_XM_026442985.1_16799	2790	2591	0	0
lcl|NC_037646.1_mrna_XM_026442983.1_16800	2817	2618	14.6984	0.307316
lcl|NC_037646.1_mrna_XM_026442981.1_16801	2841	2642	0	0
lcl|NC_037646.1_mrna_XM_026442986.1_16802	2784	2585	20.4459	0.432943
lcl|NC_037646.1_mrna_XM_026442984.1_16803	2811	2612	0	0
lcl|NC_037646.1_mrna_XM_026442988.1_16804	2754	2555	225.002	4.82037
lcl|NC_037646.1_mrna_XM_026442987.1_16805	2757	2558	3.07888	0.0658836
lcl|NC_037646.1_mrna_XM_006559927.3_16806	2777	2578	157.111	3.33588
lcl|NC_037646.1_precursorrna_NR_039441.1_16807	126	5.35093	0	0
lcl|NC_037646.1_ncrna_16808	22	2.73612	0	0
lcl|NC_037646.1_ncrna_XR_003305360.1_16809	1071	872	59	3.70357
lcl|NC_037646.1_mrna_XM_392555.7_16810	1289	1090	194	9.74228
lcl|NC_037646.1_mrna_XM_006559913.3_16811	3620	3421	196.656	3.14659
lcl|NC_037646.1_mrna_XM_003249537.4_16812	2785	2586	107.344	2.27213
lcl|NC_037646.1_miscrna_XR_001704291.2_16813	1885	1686	0	0
lcl|NC_037646.1_mrna_XM_006559912.3_16814	1678	1479	0	0
lcl|NC_037646.1_mrna_XM_006559911.3_16815	1858	1659	0	0
lcl|NC_037646.1_mrna_XM_001121136.5_16816	3679	3480	84	1.32125
lcl|NC_037646.1_ncrna_XR_003305339.1_16817	953	754	1	0.0725962
lcl|NC_037646.1_ncrna_XR_003305358.1_16818	2436	2237	5	0.122346
lcl|NC_037646.1_mrna_XM_026443081.1_16819	6222	6023	62.4295	0.567365
lcl|NC_037646.1_mrna_XM_026443080.1_16820	6208	6009	0	0
lcl|NC_037646.1_mrna_XM_026443079.1_16821	6212	6013	0	0
lcl|NC_037646.1_mrna_XM_006559902.3_16822	5954	5755	0	0
lcl|NC_037646.1_mrna_XM_006559910.3_16823	6051	5852	0.0741916	0.000693962
lcl|NC_037646.1_mrna_XM_006559907.3_16824	6206	6007	16.2502	0.148077
lcl|NC_037646.1_ncrna_XR_003305374.1_16825	4321	4122	35	0.464778
lcl|NC_037646.1_ncrna_XR_003305373.1_16826	2689	2490	13	0.285778
lcl|NC_037646.1_mrna_XM_026443076.1_16827	2646	2447	1.01091e-06	2.26134e-08
lcl|NC_037646.1_mrna_XM_026443078.1_16828	2577	2378	4.37086	0.10061
lcl|NC_037646.1_mrna_XM_026443074.1_16829	5941	5742	0	0
lcl|NC_037646.1_mrna_XM_026443077.1_16830	5872	5673	36.6477	0.353605
lcl|NC_037646.1_mrna_XM_026443075.1_16831	5919	5720	69.1967	0.662178
lcl|NC_037646.1_ncrna_XR_003305375.1_16832	1166	967	1.03086	0.0583524
lcl|NC_037646.1_mrna_XM_026442645.1_16833	5576	5377	0	0
lcl|NC_037646.1_mrna_XM_026442646.1_16834	5569	5370	3.96787e-08	4.04453e-10
lcl|NC_037646.1_mrna_XM_026442644.1_16835	5578	5379	59.8331	0.608871
lcl|NC_037646.1_mrna_XM_026442643.1_16836	5584	5385	0	0
lcl|NC_037646.1_mrna_XM_026442647.1_16837	5559	5360	9.57559	0.0977881
lcl|NC_037646.1_mrna_XM_026442648.1_16838	5541	5342	1.1985e-08	1.22806e-10
lcl|NC_037646.1_mrna_XM_026442649.1_16839	5515	5316	142.591	1.46823
lcl|NC_037646.1_mrna_XM_026442652.1_16840	3192	2993	10.3564	0.189403
lcl|NC_037646.1_mrna_XM_026442650.1_16841	2036	1837	106.895	3.18519
lcl|NC_037646.1_mrna_XM_003249690.4_16842	2727	2528	409.748	8.87208
lcl|NC_037646.1_mrna_XM_026442651.1_16843	2500	2301	0	0
lcl|NC_037646.1_miscrna_XR_003305284.1_16844	9128	8929	0	0
lcl|NC_037646.1_miscrna_XR_003305285.1_16845	9020	8821	80.508	0.499582
lcl|NC_037646.1_miscrna_XR_003305286.1_16846	9067	8868	66.6432	0.411354
lcl|NC_037646.1_mrna_XM_026442664.1_16847	2883	2684	33.8488	0.690313
lcl|NC_037646.1_ncrna_XR_003305291.1_16848	2574	2375	0	0
lcl|NC_037646.1_ncrna_XR_003305290.1_16849	2239	2040	13	0.348818
lcl|NC_037646.1_ncrna_XR_003305288.1_16850	6483	6284	35.0441	0.305256
lcl|NC_037646.1_ncrna_XR_003305287.1_16851	4325	4126	0	0
lcl|NC_037646.1_ncrna_XR_003305289.1_16852	4237	4038	6.95593	0.0942918
lcl|NC_037646.1_ncrna_XR_003305293.1_16853	2400	2201	14.0007	0.348188
lcl|NC_037646.1_mrna_XM_026442662.1_16854	1984	1785	3.06577	0.0940128
lcl|NC_037646.1_mrna_XM_026442658.1_16855	2064	1865	4.3385	0.127335
lcl|NC_037646.1_mrna_XM_016913880.2_16856	4068	3869	830.45	11.749
lcl|NC_037646.1_mrna_XM_026442656.1_16857	4148	3949	895.18	12.4082
lcl|NC_037646.1_mrna_XM_006560740.2_16858	2143	1944	132.645	3.73491
lcl|NC_037646.1_mrna_XM_016913883.2_16859	1622	1423	0	0
lcl|NC_037646.1_mrna_XM_006560742.2_16860	1672	1473	21.5608	0.801212
lcl|NC_037646.1_mrna_XM_006560741.2_16861	1681	1482	442.371	16.3389
lcl|NC_037646.1_mrna_XM_026442663.1_16862	1715	1516	0	0
lcl|NC_037646.1_mrna_XM_006560733.3_16863	1961	1762	0	0
lcl|NC_037646.1_mrna_XM_006560737.3_16864	1774	1575	251.296	8.73352
lcl|NC_037646.1_mrna_XM_026442655.1_16865	1792	1593	0	0
lcl|NC_037646.1_mrna_XM_016913882.2_16866	2078	1879	13.6947	0.398943
lcl|NC_037646.1_mrna_XM_026442659.1_16867	2158	1959	17.9916	0.502714
lcl|NC_037646.1_mrna_XM_026442654.1_16868	2181	1982	3.99301	0.110276
lcl|NC_037646.1_mrna_XM_006560738.3_16869	1729	1530	0	0
lcl|NC_037646.1_mrna_XM_016913881.2_16870	1739	1540	51.0301	1.81381
lcl|NC_037646.1_mrna_XM_026442657.1_16871	1819	1620	66.5474	2.24854
lcl|NC_037646.1_mrna_XM_026442653.1_16872	1832	1633	0	0
lcl|NC_037646.1_mrna_XM_026442661.1_16873	1885	1686	122.404	3.97396
lcl|NC_037646.1_mrna_XM_006560735.3_16874	1965	1766	151.066	4.68233
lcl|NC_037646.1_mrna_XM_006560734.3_16875	1988	1789	33.6534	1.02968
lcl|NC_037646.1_mrna_XM_026442660.1_16876	1803	1604	37.7127	1.28697
lcl|NC_037646.1_ncrna_XR_001704131.2_16877	2315	2116	25.7997	0.667397
lcl|NC_037646.1_ncrna_XR_001704132.2_16878	1672	1473	58.2003	2.16276
lcl|NC_037646.1_ncrna_XR_003305292.1_16879	471	272	0	0
lcl|NC_037646.1_mrna_XM_006560747.3_16880	1460	1261	210.924	9.15581
lcl|NC_037646.1_mrna_XM_392553.7_16881	1543	1344	2638.08	107.442
lcl|NC_037646.1_ncrna_XR_003305294.1_16882	3368	3169	2809.55	48.5288
lcl|NC_037646.1_mrna_XM_026442953.1_16883	606	407	337	45.3232
lcl|NC_037646.1_mrna_XM_006560749.3_16884	1655	1456	909	34.1734
lcl|NC_037646.1_ncrna_XR_408859.3_16885	2593	2394	24	0.548747
lcl|NC_037646.1_mrna_XM_001120177.5_16886	5273	5074	253.405	2.7337
lcl|NC_037646.1_mrna_XM_006560764.3_16887	5279	5080	0	0
lcl|NC_037646.1_mrna_XM_026443031.1_16888	3032	2833	53.6866	1.0373
lcl|NC_037646.1_mrna_XM_006560766.3_16889	2346	2147	13.3134	0.339424
lcl|NC_037646.1_ncrna_XR_003305364.1_16890	255	56.1701	0	0
lcl|NC_037646.1_mrna_XM_026443033.1_16891	1694	1495	1.24602	0.0456215
lcl|NC_037646.1_mrna_XM_026443032.1_16892	1448	1249	0	0
lcl|NC_037646.1_mrna_XM_003249696.4_16893	1525	1326	79.754	3.29226
lcl|NC_037646.1_mrna_XM_016914029.2_16894	1147	948	3	0.17322
lcl|NC_037646.1_mrna_XM_006560765.3_16895	4412	4213	47.5947	0.618375
lcl|NC_037646.1_mrna_XM_623318.5_16896	1721	1522	66.4747	2.39071
lcl|NC_037646.1_mrna_XM_006560762.2_16897	1685	1486	545.525	20.0947
lcl|NC_037646.1_mrna_XM_006560763.3_16898	1514	1315	0	0
lcl|NC_037646.1_mrna_XM_395924.5_16899	2070	1871	628	18.3726
lcl|NC_037646.1_mrna_XM_026442782.1_16900	2784	2585	1254	26.5535
lcl|NC_037646.1_mrna_XM_006560768.3_16901	2757	2558	81	1.73328
lcl|NC_037646.1_mrna_XM_623078.6_16902	941	742	235	17.336
lcl|NC_037646.1_mrna_NM_001314079.1_16903	804	605	0	0
lcl|NC_037646.1_mrna_XM_026442698.1_16904	2936	2737	321.465	6.42902
lcl|NC_037646.1_mrna_XM_026442697.1_16905	3119	2920	114.41	2.14471
lcl|NC_037646.1_mrna_XM_026442699.1_16906	3092	2893	2.13944e-07	4.04796e-09
lcl|NC_037646.1_mrna_XM_026442695.1_16907	3128	2929	523.621	9.7855
lcl|NC_037646.1_mrna_XM_026442696.1_16908	3398	3199	93.5178	1.60017
lcl|NC_037646.1_miscrna_XR_003305302.1_16909	2755	2556	159.986	3.42615
lcl|NC_037646.1_mrna_XM_006561566.3_16910	1197	998	12208	669.575
lcl|NC_037646.1_mrna_XM_394952.7_16911	1602	1403	1384.67	54.0225
lcl|NC_037646.1_mrna_XM_006561572.3_16912	1542	1343	55.3271	2.255
lcl|NC_037646.1_mrna_XM_003249845.4_16913	555	356	153	23.5248
lcl|NC_037646.1_ncrna_XR_001704299.2_16914	148	6.83474	0	0
lcl|NC_037646.1_mrna_XM_003249865.4_16915	2760	2561	479	10.2379
lcl|NC_037646.1_mrna_XM_624849.6_16916	739	540	3409	345.556
lcl|NC_037646.1_mrna_XM_026442691.1_16917	1517	1318	280.144	11.6346
lcl|NC_037646.1_mrna_XM_026442692.1_16918	1659	1460	29.8559	1.11934
lcl|NC_037646.1_mrna_XM_026442954.1_16919	1293	1094	0	0
lcl|NC_037646.1_trna_16920	72	3.52559	0	0
lcl|NC_037646.1_mrna_XM_006561573.3_16921	3188	2989	0	0
lcl|NC_037646.1_mrna_XM_026442693.1_16922	3341	3142	568.279	9.90013
lcl|NC_037646.1_mrna_XM_026442694.1_16923	3123	2924	224.08	4.1948
lcl|NC_037646.1_mrna_XM_016913853.2_16924	1185	986	86.2809	4.78986
lcl|NC_037646.1_miscrna_XR_003305301.1_16925	1317	1118	0	0
lcl|NC_037646.1_miscrna_XR_003305300.1_16926	1369	1170	46.3599	2.16891
lcl|NC_037646.1_mrna_XM_026442793.1_16927	4342	4143	879	11.6134
lcl|NC_037646.1_mrna_XM_001120025.5_16928	1787	1588	4277	147.426
lcl|NC_037646.1_ncrna_XR_003305365.1_16929	326	127	2	0.862009
lcl|NC_037646.1_mrna_XM_026443036.1_16930	820	621	27551	2428.46
lcl|NC_037646.1_mrna_XM_026443034.1_16931	982	783	53.9696	3.77288
lcl|NC_037646.1_mrna_XM_026443035.1_16932	961	762	150.03	10.7773
lcl|NC_037646.1_mrna_XM_016913999.2_16933	7333	7134	0	0
lcl|NC_037646.1_mrna_XM_016913998.2_16934	7513	7314	171.674	1.2848
lcl|NC_037646.1_mrna_XM_016913996.2_16935	7523	7324	30.6098	0.228769
lcl|NC_037646.1_mrna_XM_006561575.3_16936	7510	7311	0.000711367	5.32602e-06
lcl|NC_037646.1_mrna_XM_016913997.2_16937	7652	7453	0	0
lcl|NC_037646.1_ncrna_XR_409149.2_16938	586	387	12.715	1.79842
lcl|NC_037646.1_mrna_XM_026442753.1_16939	4488	4289	3980.51	50.8005
lcl|NC_037646.1_mrna_XM_026442754.1_16940	4494	4295	387.556	4.9392
lcl|NC_037646.1_mrna_XM_026442755.1_16941	3943	3744	772.599	11.2955
lcl|NC_037646.1_miscrna_XR_003305331.1_16942	4268	4069	639.463	8.60227
lcl|NC_037646.1_miscrna_XR_003305332.1_16943	3953	3754	145.868	2.12692
lcl|NC_037646.1_mrna_XM_624760.5_16944	1291	1092	133.421	6.68787
lcl|NC_037646.1_mrna_XM_016914042.2_16945	983	784	490.751	34.2634
lcl|NC_037646.1_mrna_XM_624774.6_16946	2635	2436	820.556	18.4381
lcl|NC_037646.1_mrna_XM_006561587.3_16947	9920	9721	0	0
lcl|NC_037646.1_mrna_XM_006561585.3_16948	9577	9378	27.4401	0.160163
lcl|NC_037646.1_mrna_XM_006561586.3_16949	9457	9258	0.181538	0.00107333
lcl|NC_037646.1_mrna_XM_006561588.3_16950	8553	8354	31.3953	0.20571
lcl|NC_037646.1_mrna_XM_006561589.3_16951	3014	2815	597	11.6086
lcl|NC_037646.1_mrna_XM_006561591.3_16952	2514	2315	492	11.6332
lcl|NC_037646.1_mrna_XM_026442955.1_16953	5346	5147	15	0.159523
lcl|NC_037646.1_mrna_XM_006561595.3_16954	952	753	601	43.6883
lcl|NC_037646.1_mrna_XM_006561596.3_16955	1199	1000	2	0.109475
lcl|NC_037646.1_mrna_XM_026442849.1_16956	4656	4457	6.20049	0.0761497
lcl|NC_037646.1_mrna_XM_026442846.1_16957	4728	4529	1.02165e-08	1.23476e-10
lcl|NC_037646.1_mrna_XM_026442848.1_16958	4738	4539	0	0
lcl|NC_037646.1_mrna_XM_026442850.1_16959	4718	4519	0.0761364	0.000922221
lcl|NC_037646.1_mrna_XM_026442851.1_16960	4711	4512	1.17608e-06	1.42677e-08
lcl|NC_037646.1_mrna_XM_026442852.1_16961	4700	4501	11.7234	0.14257
lcl|NC_037646.1_mrna_XM_026442738.1_16962	12191	11992	3650.74	16.6638
lcl|NC_037646.1_mrna_XM_016913963.2_16963	5660	5461	29.0026	0.290704
lcl|NC_037646.1_mrna_XM_026442739.1_16964	5949	5750	274.898	2.61691
lcl|NC_037646.1_mrna_XM_026442740.1_16965	6051	5852	6.33786e-08	5.92821e-10
lcl|NC_037646.1_mrna_XM_026442742.1_16966	4209	4010	29.102	0.39725
lcl|NC_037646.1_mrna_XM_026442741.1_16967	4248	4049	0	0
lcl|NC_037646.1_mrna_XM_016913959.2_16968	7596	7397	2371.88	17.5518
lcl|NC_037646.1_mrna_XM_006561599.3_16969	7593	7394	8.86184	0.0656039
lcl|NC_037646.1_mrna_XM_016913962.2_16970	7379	7180	28509.2	217.343
lcl|NC_037646.1_ncrna_XR_003305315.1_16971	12207	12008	0	0
lcl|NC_037646.1_ncrna_XR_001704208.2_16972	11975	11776	80.9891	0.376456
lcl|NC_037646.1_ncrna_XR_003305316.1_16973	11903	11704	0.0108539	5.07618e-05
lcl|NC_037646.1_mrna_XM_016914190.2_16974	2416	2217	7	0.172829
lcl|NC_037646.1_mrna_XM_016914191.2_16975	2564	2365	0	0
lcl|NC_037646.1_mrna_XM_006561611.3_16976	3444	3245	18.241	0.307694
lcl|NC_037646.1_mrna_XM_393022.7_16977	3894	3695	1830.66	27.1192
lcl|NC_037646.1_mrna_XM_006561610.3_16978	3785	3586	172.667	2.63563
lcl|NC_037646.1_mrna_XM_006561608.3_16979	3517	3318	1929.76	31.8355
lcl|NC_037646.1_mrna_XM_006561609.3_16980	3678	3479	759.856	11.9553
lcl|NC_037646.1_mrna_XM_006561607.3_16981	3784	3585	83.1925	1.27022
lcl|NC_037646.1_mrna_XM_006561606.2_16982	4839	4640	231.32	2.72886
lcl|NC_037646.1_mrna_XM_006561605.2_16983	5054	4855	484.388	5.46122
lcl|NC_037646.1_mrna_XM_026443043.1_16984	5121	4922	1346.29	14.9721
lcl|NC_037646.1_mrna_XM_006561541.3_16985	15358	15159	62.408	0.225349
lcl|NC_037646.1_mrna_XM_016913837.2_16986	15418	15219	12.564	0.0451883
lcl|NC_037646.1_mrna_XM_006561539.3_16987	15300	15101	142.62	0.516963
lcl|NC_037646.1_mrna_XM_006561537.3_16988	15354	15155	539.125	1.94724
lcl|NC_037646.1_mrna_XM_026442607.1_16989	15234	15035	0.00258983	9.42873e-06
lcl|NC_037646.1_mrna_XM_026442609.1_16990	15318	15119	629.475	2.27898
lcl|NC_037646.1_mrna_XM_016913834.2_16991	15390	15191	0.0116071	4.18236e-05
lcl|NC_037646.1_mrna_XM_016913838.2_16992	15227	15028	295.113	1.07491
lcl|NC_037646.1_mrna_XM_006561544.3_16993	15329	15130	0.14358	0.000519447
lcl|NC_037646.1_mrna_XM_006561540.3_16994	15356	15157	0.0252669	9.12482e-05
lcl|NC_037646.1_mrna_XM_026442608.1_16995	15260	15061	0.00115097	4.18306e-06
lcl|NC_037646.1_mrna_XM_016913836.2_16996	15362	15163	0.0713806	0.00025768
lcl|NC_037646.1_mrna_XM_006561545.3_16997	15359	15160	0.00454013	1.63929e-05
lcl|NC_037646.1_mrna_XM_006561526.3_16998	8238	8039	0	0
lcl|NC_037646.1_mrna_XM_006561533.3_16999	8180	7981	0	0
lcl|NC_037646.1_mrna_XM_006561528.3_17000	8234	8035	0	0
lcl|NC_037646.1_mrna_XM_006561521.3_17001	8264	8065	0	0
lcl|NC_037646.1_mrna_XM_026442602.1_17002	8140	7941	0	0
lcl|NC_037646.1_mrna_XM_006561529.3_17003	8208	8009	0	0
lcl|NC_037646.1_mrna_XM_006561530.3_17004	8205	8006	0	0
lcl|NC_037646.1_mrna_XM_026442605.1_17005	8109	7910	0	0
lcl|NC_037646.1_mrna_XM_006561525.3_17006	8235	8036	0	0
lcl|NC_037646.1_mrna_XM_006561520.3_17007	8262	8063	0	0
lcl|NC_037646.1_mrna_XM_026442599.1_17008	8228	8029	0	0
lcl|NC_037646.1_mrna_XM_006561524.3_17009	8234	8035	0	0
lcl|NC_037646.1_mrna_XM_006561527.3_17010	8231	8032	0	0
lcl|NC_037646.1_mrna_XM_006561543.3_17011	8173	7974	0	0
lcl|NC_037646.1_mrna_XM_006561538.3_17012	8203	8004	0	0
lcl|NC_037646.1_mrna_XM_026442603.1_17013	8112	7913	0	0
lcl|NC_037646.1_mrna_XM_016913830.2_17014	8145	7946	0	0
lcl|NC_037646.1_mrna_XM_026442604.1_17015	6045	5846	344.814	3.22858
lcl|NC_037646.1_mrna_XM_006561535.3_17016	6072	5873	0	0
lcl|NC_037646.1_mrna_XM_026442601.1_17017	6102	5903	0.0018034	1.67227e-05
lcl|NC_037646.1_mrna_XM_006561532.3_17018	6108	5909	0	0
lcl|NC_037646.1_mrna_NM_001165905.1_17019	6135	5936	0	0
lcl|NC_037646.1_mrna_XM_026442600.1_17020	6135	5936	1.86425	0.0171908
lcl|NC_037646.1_ncrna_XR_001704200.2_17021	2205	2006	648.284	17.6897
lcl|NC_037646.1_ncrna_XR_120028.3_17022	1064	865	91.5488	5.79324
lcl|NC_037646.1_ncrna_XR_120029.3_17023	1063	864	15.7964	1.00076
lcl|NC_037646.1_ncrna_XR_003305352.1_17024	1467	1268	191.39	8.26199
lcl|NC_037646.1_ncrna_XR_003305351.1_17025	1003	804	171.893	11.7027
lcl|NC_037646.1_ncrna_XR_003305353.1_17026	921	722	50.3858	3.81994
lcl|NC_037646.1_mrna_XM_026442606.1_17027	3189	2990	2.18006	0.03991
lcl|NC_037646.1_ncrna_XR_409162.3_17028	948	749	2	0.146162
lcl|NC_037646.1_ncrna_XR_003305354.1_17029	910	711	56	4.31126
lcl|NC_037646.1_mrna_XM_001121969.5_17030	1363	1164	598	28.1212
lcl|NC_037646.1_precursorrna_NR_127308.1_17031	89	3.93736	0	0
lcl|NC_037646.1_ncrna_17032	22	2.73612	0	0
lcl|NC_037646.1_ncrna_17033	22	2.73612	0	0
lcl|NC_037646.1_mrna_XM_624594.6_17034	1310	1111	7.87943	0.38821
lcl|NC_037646.1_mrna_XM_016913951.2_17035	1169	970	2.12057	0.119665
lcl|NC_037646.1_mrna_XM_003249929.4_17036	1481	1282	434.964	18.5717
lcl|NC_037646.1_mrna_XM_006561612.3_17037	1425	1226	275.036	12.2796
lcl|NC_037646.1_mrna_XM_001121900.5_17038	1936	1737	181.223	5.71081
lcl|NC_037646.1_mrna_XM_006561613.2_17039	2179	1980	95.7773	2.64779
lcl|NC_037646.1_mrna_XM_395619.7_17040	2450	2251	462	11.2344
lcl|NC_037646.1_mrna_XM_006561615.3_17041	1466	1267	201.986	8.72627
lcl|NC_037646.1_mrna_XM_026443042.1_17042	1328	1129	1826.01	88.531
lcl|NC_037646.1_mrna_XM_006561614.3_17043	1089	890	66.1	4.06534
lcl|NC_037646.1_mrna_XM_001121805.5_17044	1164	965	130.9	7.42502
lcl|NC_037646.1_mrna_XM_006561619.3_17045	752	553	450	44.5423
lcl|NC_037646.1_mrna_XM_006561618.3_17046	768	569	0	0
lcl|NC_037646.1_mrna_XM_395392.7_17047	3842	3643	1422	21.3661
lcl|NC_037646.1_mrna_XM_006561617.3_17048	3643	3444	6.85778e-06	1.08995e-07
lcl|NC_037646.1_mrna_XM_395391.7_17049	2001	1802	341	10.3582
lcl|NC_037646.1_mrna_XM_016913955.2_17050	2158	1959	45.1013	1.2602
lcl|NC_037646.1_mrna_XM_016913953.2_17051	2296	2097	993.693	25.9381
lcl|NC_037646.1_mrna_XM_396481.6_17052	2229	2030	76.2061	2.05485
lcl|NC_037646.1_mrna_XM_026443041.1_17053	5240	5041	1812.65	19.6826
lcl|NC_037646.1_miscrna_XR_003305366.1_17054	5177	4978	564.354	6.20557
lcl|NC_037646.1_mrna_XM_026442956.1_17055	1796	1597	418	14.327
lcl|NC_037646.1_mrna_XM_624905.6_17056	520	321	285	48.5988
lcl|NC_037646.1_mrna_XM_624891.6_17057	1758	1559	2274.57	79.8618
lcl|NC_037646.1_mrna_XM_006561621.3_17058	1809	1610	1009.43	34.319
lcl|NC_037646.1_mrna_XM_006561622.3_17059	1885	1686	1484	48.1794
lcl|NC_037646.1_mrna_XM_003249846.4_17060	798	599	185.862	16.9844
lcl|NC_037646.1_mrna_XM_001120927.5_17061	827	628	54.1379	4.71875
lcl|NC_037646.1_mrna_XM_026442703.1_17062	798	599	185.862	16.9844
lcl|NC_037646.1_mrna_XM_026442702.1_17063	827	628	54.1379	4.71875
lcl|NC_037646.1_mrna_XM_026442700.1_17064	5746	5547	1027.67	10.141
lcl|NC_037646.1_mrna_XM_026442701.1_17065	4823	4624	367.333	4.34837
lcl|NC_037646.1_mrna_XM_026442777.1_17066	713	514	421.481	44.8849
lcl|NC_037646.1_mrna_XM_026442957.1_17067	646	447	10	1.22455
lcl|NC_037646.1_mrna_XM_624355.6_17068	1449	1250	687.519	30.1065
lcl|NC_037646.1_mrna_XM_393194.5_17069	1533	1334	587	24.0862
lcl|NC_037646.1_mrna_XM_001119951.5_17070	3716	3517	11292	175.745
lcl|NC_037646.1_mrna_XM_003249847.4_17071	3567	3368	0	0
lcl|NC_037646.1_mrna_XM_006561625.2_17072	3541	3342	0	0
lcl|NC_037646.1_mrna_XM_006561626.3_17073	2745	2546	363.775	7.82096
lcl|NC_037646.1_mrna_XM_006561627.3_17074	2720	2521	87.9034	1.90861
lcl|NC_037646.1_mrna_XM_396412.7_17075	2685	2486	852.322	18.7667
lcl|NC_037646.1_ncrna_XR_409166.3_17076	2166	1967	18.5698	0.51676
lcl|NC_037646.1_ncrna_XR_409165.3_17077	2170	1971	1.43018	0.0397181
lcl|NC_037646.1_mrna_XM_006561628.3_17078	2973	2774	15.326	0.302417
lcl|NC_037646.1_mrna_XM_396411.7_17079	2611	2412	2.67403	0.0606841
lcl|NC_037646.1_mrna_XM_026442704.1_17080	3371	3172	110	1.89821
lcl|NC_037646.1_mrna_XM_003249850.4_17081	1467	1268	267	11.526
lcl|NC_037646.1_mrna_XM_006561630.2_17082	3110	2911	211.363	3.9744
lcl|NC_037646.1_mrna_XM_006561631.2_17083	3077	2878	4554.38	86.6211
lcl|NC_037646.1_mrna_XM_006561629.3_17084	3037	2838	494.256	9.5329
lcl|NC_037646.1_mrna_XM_026443064.1_17085	2963	2764	82.3652	1.63114
lcl|NC_037646.1_mrna_XM_026443063.1_17086	3126	2927	79.4361	1.48553
lcl|NC_037646.1_mrna_XM_026443060.1_17087	3100	2901	0	0
lcl|NC_037646.1_mrna_XM_026443059.1_17088	3102	2903	39.9125	0.75257
lcl|NC_037646.1_mrna_XM_026443057.1_17089	3263	3064	2.85369e-08	5.09805e-10
lcl|NC_037646.1_mrna_XM_026443058.1_17090	2915	2716	629.343	12.6836
lcl|NC_037646.1_ncrna_XR_003305372.1_17091	615	416	53.7558	7.07322
lcl|NC_037646.1_mrna_XM_026443056.1_17092	2713	2514	0	0
lcl|NC_037646.1_mrna_XM_026443062.1_17093	2566	2367	0	0
lcl|NC_037646.1_mrna_XM_006561637.3_17094	2341	2142	0	0
lcl|NC_037646.1_mrna_XM_006561632.3_17095	2425	2226	1591.19	39.1275
lcl|NC_037646.1_mrna_XM_026443061.1_17096	2722	2523	0	0
lcl|NC_037646.1_mrna_XM_006561640.3_17097	1816	1617	4811.55	162.877
lcl|NC_037646.1_mrna_XM_001121493.5_17098	1431	1232	286.452	12.727
lcl|NC_037646.1_mrna_XM_393297.7_17099	1235	1036	3012.41	159.162
lcl|NC_037646.1_mrna_XM_006561642.3_17100	1138	939	816.629	47.6041
lcl|NC_037646.1_mrna_XM_006561643.3_17101	1005	806	0	0
lcl|NC_037646.1_ncrna_XR_001704282.2_17102	1156	957	699.963	40.0358
lcl|NC_037646.1_mrna_XM_393296.7_17103	3592	3393	863.139	13.9246
lcl|NC_037646.1_mrna_XM_623270.6_17104	3596	3397	543.018	8.74991
lcl|NC_037646.1_mrna_XM_006561641.3_17105	3623	3424	618.843	9.89309
lcl|NC_037646.1_ncrna_XR_003305369.1_17106	1038	839	15	0.978621
lcl|NC_037646.1_mrna_XM_396632.7_17107	1610	1411	17.2592	0.669545
lcl|NC_037646.1_mrna_XM_006561646.3_17108	1599	1400	395.741	15.4728
lcl|NC_037646.1_mrna_XM_006561653.3_17109	2343	2144	0	0
lcl|NC_037646.1_mrna_XM_006561651.3_17110	4001	3802	2.72176	0.0391852
lcl|NC_037646.1_mrna_XM_016914161.2_17111	4930	4731	157.845	1.82626
lcl|NC_037646.1_mrna_XM_006561652.3_17112	2343	2144	44.339	1.132
lcl|NC_037646.1_mrna_XM_006561650.3_17113	2386	2187	23.9397	0.599177
lcl|NC_037646.1_precursorrna_NR_039428.1_17114	108	4.54805	0	0
lcl|NC_037646.1_ncrna_17115	22	2.73612	0	0
lcl|NC_037646.1_mrna_XM_006561654.3_17116	774	575	106	10.0907
lcl|NC_037646.1_mrna_XM_393105.7_17117	1264	1065	4453	228.87
lcl|NC_037646.1_mrna_XM_006561656.3_17118	1698	1499	32.8841	1.2008
lcl|NC_037646.1_mrna_XM_006561655.3_17119	587	388	1.11591	0.157428
lcl|NC_037646.1_miscrna_XR_003305297.1_17120	1373	1174	15.1288	0.705378
lcl|NC_037646.1_mrna_XM_026442678.1_17121	1038	839	5.87119	0.383045
lcl|NC_037646.1_mrna_XM_396220.6_17122	963	764	35	2.50761
lcl|NC_037646.1_mrna_XM_001122696.5_17123	901	702	483	37.6613
lcl|NC_037646.1_mrna_XM_026442679.1_17124	779	580	0	0
lcl|NC_037646.1_mrna_XM_625148.6_17125	968	769	72.068	5.12981
lcl|NC_037646.1_mrna_XM_016914112.2_17126	1071	872	16.932	1.06286
lcl|NC_037646.1_mrna_XM_001122724.5_17127	1344	1145	4	0.191223
lcl|NC_037646.1_mrna_XM_026442832.1_17128	3847	3648	203.255	3.04981
lcl|NC_037646.1_mrna_XM_001122734.5_17129	1250	1051	34.7448	1.80956
lcl|NC_037646.1_mrna_XM_001122741.5_17130	2422	2223	97	2.38846
lcl|NC_037646.1_mrna_XM_396217.7_17131	5083	4884	424.98	4.76297
lcl|NC_037646.1_mrna_XM_006561660.3_17132	9634	9435	2.51041e-05	1.45642e-07
lcl|NC_037646.1_mrna_XM_006561661.3_17133	9631	9432	3.75009e-05	2.17632e-07
lcl|NC_037646.1_mrna_XM_006561662.3_17134	9493	9294	667.103	3.92894
lcl|NC_037646.1_mrna_XM_016913976.2_17135	9466	9267	627.926	3.70898
lcl|NC_037646.1_mrna_XM_016913975.2_17136	9587	9388	4.87421e-05	2.84195e-07
lcl|NC_037646.1_mrna_XM_016913979.2_17137	1162	963	329.593	18.7343
lcl|NC_037646.1_mrna_XM_001122103.5_17138	1296	1097	31.3779	1.56568
lcl|NC_037646.1_mrna_XM_396215.7_17139	1671	1472	1234	45.8873
lcl|NC_037646.1_mrna_XM_393103.7_17140	930	731	1616	121.007
lcl|NC_037646.1_mrna_XM_006561665.3_17141	574	375	6605	964.111
lcl|NC_037646.1_mrna_XM_006561666.3_17142	525	326	0	0
lcl|NC_037646.1_ncrna_XR_003305376.1_17143	1428	1229	25	1.11346
lcl|NC_037646.1_mrna_XM_016913850.2_17144	5526	5327	0	0
lcl|NC_037646.1_mrna_XM_006561563.3_17145	5888	5689	0	0
lcl|NC_037646.1_mrna_XM_006561564.3_17146	5428	5229	0	0
lcl|NC_037646.1_mrna_XM_006561565.3_17147	5930	5731	5.09121	0.0486268
lcl|NC_037646.1_mrna_XM_003249858.4_17148	1460	1261	946	41.064
lcl|NC_037646.1_mrna_XM_016913848.2_17149	3833	3634	0	0
lcl|NC_037646.1_mrna_NM_001145739.1_17150	2553	2354	3.90879	0.0908912
lcl|NC_037646.1_mrna_XM_395300.7_17151	2057	1858	1006	29.6372
lcl|NC_037646.1_ncrna_XR_003305378.1_17152	91	3.99311	0	0
lcl|NC_037646.1_mrna_XM_395299.7_17153	1146	947	22208	1283.64
lcl|NC_037646.1_mrna_XM_006561547.3_17154	4437	4238	184.655	2.38498
lcl|NC_037646.1_mrna_XM_006561549.3_17155	4252	4053	9.52696	0.128666
lcl|NC_037646.1_mrna_XM_006561546.3_17156	4260	4061	1389.52	18.7291
lcl|NC_037646.1_mrna_XM_006561548.3_17157	4205	4006	0	0
lcl|NC_037646.1_mrna_XM_006561550.3_17158	4437	4238	83.436	1.07765
lcl|NC_037646.1_mrna_NM_001011634.2_17159	3745	3546	753.667	11.6339
lcl|NC_037646.1_mrna_XM_006561554.3_17160	1572	1373	0.0255431	0.00101833
lcl|NC_037646.1_mrna_XM_006561553.3_17161	1596	1397	214.425	8.40166
lcl|NC_037646.1_mrna_XM_006561552.3_17162	1868	1669	911.627	29.8983
lcl|NC_037646.1_mrna_XM_006561551.3_17163	1863	1664	623.446	20.5084
lcl|NC_037646.1_ncrna_XR_409180.3_17164	1775	1576	3	0.104196
lcl|NC_037646.1_ncrna_XR_409172.3_17165	1974	1775	10	0.308381
lcl|NC_037646.1_ncrna_XR_409177.3_17166	1535	1336	21	0.860395
lcl|NC_037646.1_mrna_XM_392783.5_17167	1382	1183	532	24.6157
lcl|NC_037646.1_mrna_XM_001120059.5_17168	1102	903	222	13.4571
lcl|NC_037646.1_mrna_XM_006561670.3_17169	1468	1269	502.313	21.667
lcl|NC_037646.1_mrna_XM_016914006.2_17170	1482	1283	0	0
lcl|NC_037646.1_miscrna_XR_409181.3_17171	989	790	172.443	11.9482
lcl|NC_037646.1_mrna_XM_026443037.1_17172	897	698	37.6964	2.95618
lcl|NC_037646.1_mrna_XM_001120016.5_17173	795	596	350.056	32.1497
lcl|NC_037646.1_mrna_XM_001120178.5_17174	2089	1890	712.491	20.6349
lcl|NC_037646.1_mrna_XM_003249860.4_17175	2194	1995	238	6.53009
lcl|NC_037646.1_mrna_XM_001120297.5_17176	4226	4027	2102	28.5717
lcl|NC_037646.1_mrna_XM_026443039.1_17177	771	572	141.915	13.5806
lcl|NC_037646.1_mrna_XM_006561672.3_17178	893	694	67.9963	5.36304
lcl|NC_037646.1_mrna_XM_026443040.1_17179	871	672	62.0882	5.05738
lcl|NC_037646.1_ncrna_XR_001704245.2_17180	255	56.1701	39	38.0054
lcl|NC_037646.1_mrna_XM_016913842.2_17181	2367	2168	401.763	10.1437
lcl|NC_037646.1_mrna_XM_016913841.2_17182	2481	2282	280.822	6.73597
lcl|NC_037646.1_mrna_XM_026442612.1_17183	2677	2478	151.873	3.35478
lcl|NC_037646.1_mrna_XM_016914007.2_17184	504	305	0	0
lcl|NC_037646.1_mrna_NM_001163714.1_17185	1542	1343	767.543	31.2833
lcl|NC_037646.1_mrna_XM_016914106.2_17186	2288	2089	110	2.8823
lcl|NC_037646.1_mrna_XM_016914107.2_17187	2418	2219	1705.88	42.08
lcl|NC_037646.1_mrna_XM_392828.7_17188	2700	2501	7799.12	170.694
lcl|NC_037646.1_mrna_XM_026442672.1_17189	4818	4619	489.514	5.80099
lcl|NC_037646.1_miscrna_XR_003305295.1_17190	4877	4678	40.4629	0.473459
lcl|NC_037646.1_mrna_XM_026442671.1_17191	4741	4542	0.658174	0.00793193
lcl|NC_037646.1_mrna_XM_026442673.1_17192	4806	4607	453.365	5.3866
lcl|NC_037646.1_mrna_XM_026442674.1_17193	1609	1410	149	5.78432
lcl|NC_037646.1_mrna_XM_006561678.1_17194	2885	2686	452.968	9.23097
lcl|NC_037646.1_mrna_XM_006561679.3_17195	2865	2666	171.158	3.51417
lcl|NC_037646.1_mrna_XM_006561680.3_17196	2785	2586	609.127	12.8933
lcl|NC_037646.1_precursorrna_NR_127344.1_17197	82	3.75521	0	0
lcl|NC_037646.1_ncrna_17198	22	2.73612	0	0
lcl|NC_037646.1_mrna_XM_396332.6_17199	1952	1753	555.372	17.3415
lcl|NC_037646.1_mrna_XM_026442707.1_17200	2097	1898	91.6276	2.6425
lcl|NC_037646.1_mrna_XM_016914127.2_17201	4103	3904	984.238	13.7999
lcl|NC_037646.1_mrna_XM_016914128.2_17202	3947	3748	708.407	10.3459
lcl|NC_037646.1_mrna_XM_016914129.2_17203	3943	3744	87.3546	1.27713
lcl|NC_037646.1_mrna_XM_006561498.3_17204	817	618	15284.9	1353.82
lcl|NC_037646.1_mrna_NM_001011604.3_17205	665	466	0.0545886	0.00641211
lcl|NC_037646.1_mrna_XM_006561684.3_17206	2450	2251	877.703	21.3431
lcl|NC_037646.1_mrna_XM_006561685.3_17207	1517	1318	161	6.68645
lcl|NC_037646.1_mrna_XM_016914049.2_17208	1383	1184	46.871	2.16689
lcl|NC_037646.1_mrna_XM_016914048.2_17209	1181	982	92.4631	5.15398
lcl|NC_037646.1_mrna_XM_016914047.2_17210	1335	1136	308.394	14.8598
lcl|NC_037646.1_mrna_XM_003249867.4_17211	1496	1297	453.272	19.1295
lcl|NC_037646.1_mrna_XM_006561686.3_17212	1171	972	345	19.4284
lcl|NC_037646.1_mrna_XM_624776.5_17213	521	322	345	58.6474
lcl|NC_037646.1_mrna_XM_003249866.4_17214	1937	1738	966	30.4237
lcl|NC_037646.1_mrna_XM_624593.6_17215	3307	3108	435	7.66114
lcl|NC_037646.1_mrna_XM_006561687.3_17216	2359	2160	47.8463	1.2125
lcl|NC_037646.1_mrna_XM_016914050.2_17217	2362	2163	8.30147	0.21008
lcl|NC_037646.1_mrna_XM_003249869.4_17218	2337	2138	1333.85	34.1496
lcl|NC_037646.1_mrna_XM_026442800.1_17219	1471	1272	20.8845	0.898714
lcl|NC_037646.1_mrna_XM_006561697.3_17220	789	590	59.1155	5.48447
lcl|NC_037646.1_mrna_XM_006561689.3_17221	1388	1189	116	5.34025
lcl|NC_037646.1_mrna_XM_006561694.3_17222	1157	958	0	0
lcl|NC_037646.1_mrna_XM_006561691.2_17223	1077	878	0	0
lcl|NC_037646.1_mrna_XM_006561690.3_17224	1181	982	0	0
lcl|NC_037646.1_mrna_XM_016914052.1_17225	1014	815	0	0
lcl|NC_037646.1_mrna_XM_006561692.2_17226	1016	817	0	0
lcl|NC_037646.1_mrna_XM_394814.6_17227	1081	882	7	0.434425
lcl|NC_037646.1_mrna_XM_001120836.5_17228	3664	3465	907.7	14.3392
lcl|NC_037646.1_ncrna_XR_003305333.1_17229	1985	1786	34.8707	1.06872
lcl|NC_037646.1_mrna_XM_001120795.5_17230	1939	1740	80.3762	2.5285
lcl|NC_037646.1_mrna_XM_006561698.3_17231	1456	1257	90.6238	3.94632
lcl|NC_037646.1_mrna_XM_016914154.2_17232	3482	3283	390.61	6.51265
lcl|NC_037646.1_mrna_XM_026442747.1_17233	3282	3083	0	0
lcl|NC_037646.1_mrna_XM_026442748.1_17234	3854	3655	0	0
lcl|NC_037646.1_mrna_XM_394812.6_17235	3868	3669	134	1.99914
lcl|NC_037646.1_mrna_XM_026442722.1_17236	3937	3738	511.901	7.49604
lcl|NC_037646.1_mrna_XM_026442723.1_17237	3745	3546	165.099	2.54854
lcl|NC_037646.1_mrna_XM_016914141.2_17238	2092	1893	483.931	13.9932
lcl|NC_037646.1_mrna_XM_026442724.1_17239	2086	1887	452.279	13.1196
lcl|NC_037646.1_mrna_XM_026442725.1_17240	1758	1559	383.79	13.4751
lcl|NC_037646.1_mrna_XM_394922.7_17241	1678	1479	3913.46	144.837
lcl|NC_037646.1_mrna_XM_624815.5_17242	1373	1174	395.537	18.4418
lcl|NC_037646.1_mrna_XM_001121104.5_17243	648	449	69	8.41178
lcl|NC_037646.1_mrna_XM_394921.6_17244	1903	1704	1698.49	54.5607
lcl|NC_037646.1_mrna_XM_016913993.2_17245	1971	1772	138.506	4.27849
lcl|NC_037646.1_mrna_XM_006561705.3_17246	2567	2368	1582.63	36.5833
lcl|NC_037646.1_mrna_XM_006561706.3_17247	2531	2332	275.61	6.46921
lcl|NC_037646.1_mrna_XM_026443073.1_17248	1965	1766	109.802	3.40335
lcl|NC_037646.1_mrna_XM_006561709.3_17249	1863	1664	197.376	6.4927
lcl|NC_037646.1_mrna_XM_006561707.3_17250	1898	1699	2806.83	90.4291
lcl|NC_037646.1_mrna_XM_016913994.2_17251	1666	1467	26.2808	0.980604
lcl|NC_037646.1_mrna_XM_006561710.3_17252	1601	1402	161.473	6.30432
lcl|NC_037646.1_mrna_XM_006561711.3_17253	3126	2927	1689	31.5858
lcl|NC_037646.1_mrna_XM_026442839.1_17254	1557	1358	1110.28	44.7527
lcl|NC_037646.1_mrna_XM_026442840.1_17255	1661	1462	158.716	5.94237
lcl|NC_037646.1_mrna_XM_026442841.1_17256	1527	1328	0	0
lcl|NC_037646.1_mrna_XM_026442872.1_17257	1894	1695	80	2.58348
lcl|NC_037646.1_mrna_XM_394925.7_17258	2448	2249	191	4.64868
lcl|NC_037646.1_mrna_NM_001172403.1_17259	1330	1131	1812	87.6962
lcl|NC_037646.1_mrna_NM_001172406.1_17260	908	709	696	53.7339
lcl|NC_037646.1_mrna_XM_006561716.3_17261	1803	1604	4.32586e-08	1.47623e-09
lcl|NC_037646.1_mrna_XM_006561715.2_17262	1860	1661	462.069	15.2273
lcl|NC_037646.1_mrna_XM_006561714.3_17263	2170	1971	1357.06	37.6874
lcl|NC_037646.1_mrna_XM_006561717.3_17264	1935	1736	281.659	8.88096
lcl|NC_037646.1_mrna_XM_624665.6_17265	1850	1651	776.215	25.7348
lcl|NC_037646.1_mrna_XM_026442675.1_17266	1961	1762	348	10.8108
lcl|NC_037646.1_ncrna_XR_003305296.1_17267	2386	2187	9	0.225257
lcl|NC_037646.1_mrna_XM_006561719.3_17268	3927	3728	183	2.68695
lcl|NC_037646.1_mrna_XM_003249872.4_17269	3966	3767	0.000361883	5.25845e-06
lcl|NC_037646.1_mrna_XM_026442958.1_17270	338	139	0	0
lcl|NC_037646.1_mrna_XM_006561721.3_17271	3738	3539	2573.58	39.8054
lcl|NC_037646.1_mrna_XM_006561722.3_17272	3725	3526	4430.05	68.772
lcl|NC_037646.1_mrna_XM_006561724.3_17273	3633	3434	10.0452	0.160119
lcl|NC_037646.1_mrna_XM_006561723.3_17274	3633	3434	10.0452	0.160119
lcl|NC_037646.1_mrna_XM_001121422.5_17275	3624	3425	129.276	2.06607
lcl|NC_037646.1_mrna_XM_396167.7_17276	1163	964	1044.48	59.3072
lcl|NC_037646.1_mrna_XM_006561731.3_17277	1438	1239	27.6712	1.22248
lcl|NC_037646.1_mrna_XM_006561729.3_17278	1564	1365	167.852	6.73098
lcl|NC_037646.1_mrna_XM_016914082.2_17279	2494	2295	14.3213	0.341575
lcl|NC_037646.1_mrna_XM_006561727.3_17280	2470	2271	215.955	5.20513
lcl|NC_037646.1_mrna_XM_006561726.3_17281	2473	2274	26.7235	0.643262
lcl|NC_037646.1_mrna_XM_006561725.2_17282	1558	1359	442	17.8028
lcl|NC_037646.1_mrna_XM_006561732.3_17283	1978	1779	1543	47.4761
lcl|NC_037646.1_mrna_XM_392837.7_17284	1259	1060	1234	63.7228
lcl|NC_037646.1_mrna_XM_026442791.1_17285	3676	3477	62.8444	0.989344
lcl|NC_037646.1_mrna_XM_016914174.2_17286	2610	2411	287.389	6.52467
lcl|NC_037646.1_miscrna_XR_409184.3_17287	1644	1445	99.8694	3.78312
lcl|NC_037646.1_miscrna_XR_409185.3_17288	1436	1237	45.0378	1.99293
lcl|NC_037646.1_mrna_XM_624795.6_17289	1488	1289	91.8593	3.90081
lcl|NC_037646.1_mrna_XM_026442790.1_17290	1515	1316	0	0
lcl|NC_037646.1_miscrna_XR_409186.3_17291	3418	3219	103.541	1.76066
lcl|NC_037646.1_mrna_XM_006561734.3_17292	3823	3624	208.032	3.14215
lcl|NC_037646.1_mrna_XM_006561735.3_17293	4086	3887	32.724	0.460826
lcl|NC_037646.1_mrna_XM_026442750.1_17294	1660	1461	257	9.62871
lcl|NC_037646.1_mrna_XM_006561736.3_17295	3468	3269	785.703	13.1562
lcl|NC_037646.1_mrna_XM_623918.6_17296	1000	801	1207	82.4822
lcl|NC_037646.1_mrna_XM_392800.7_17297	2996	2797	1929	37.7507
lcl|NC_037646.1_mrna_XM_396237.6_17298	2488	2289	1011	24.1763
lcl|NC_037646.1_mrna_XM_026443070.1_17299	3776	3577	106.068	1.62313
lcl|NC_037646.1_mrna_XM_026443068.1_17300	4021	3822	139.441	1.99703
lcl|NC_037646.1_mrna_XM_026443066.1_17301	3686	3487	1805.3	28.3388
lcl|NC_037646.1_mrna_XM_026443067.1_17302	3686	3487	1805.3	28.3388
lcl|NC_037646.1_mrna_XM_026443069.1_17303	3759	3560	833.897	12.8218
lcl|NC_037646.1_mrna_XM_624033.5_17304	2177	1978	358	9.907
lcl|NC_037646.1_mrna_XM_006561739.2_17305	2774	2575	2849	60.562
lcl|NC_037646.1_mrna_XM_395304.6_17306	1555	1356	165.681	6.68802
lcl|NC_037646.1_mrna_XM_026443071.1_17307	1018	819	21.3194	1.42487
lcl|NC_037646.1_mrna_NM_001242522.1_17308	2262	2063	3137	83.234
lcl|NC_037646.1_mrna_XM_026443072.1_17309	2910	2711	902	18.2122
lcl|NC_037646.1_mrna_XM_006561741.3_17310	4967	4768	98.3093	1.12861
lcl|NC_037646.1_mrna_XM_006561743.3_17311	4676	4477	508.407	6.21598
lcl|NC_037646.1_mrna_XM_006561740.3_17312	12544	12345	559.284	2.47985
lcl|NC_037646.1_trna_17313	72	3.52559	0	0
lcl|NC_037646.1_trna_17314	73	3.5471	0	0
lcl|NC_037646.1_trna_17315	73	3.5471	0	0
lcl|NC_037646.1_mrna_XM_003249875.4_17316	3917	3718	187	2.75307
lcl|NC_037646.1_mrna_XM_006561746.3_17317	2344	2145	322.344	8.22578
lcl|NC_037646.1_mrna_XM_006561745.3_17318	2346	2147	738.534	18.8288
lcl|NC_037646.1_mrna_XM_006561747.3_17319	2137	1938	160.81	4.54198
lcl|NC_037646.1_mrna_XM_006561502.3_17320	2590	2391	6.8626	0.157107
lcl|NC_037646.1_mrna_XM_026442595.1_17321	2595	2396	0.491536	0.0112293
lcl|NC_037646.1_mrna_NM_001011625.2_17322	1940	1741	6.64586	0.208948
lcl|NC_037646.1_mrna_XM_026442626.1_17323	15560	15361	785.054	2.79747
lcl|NC_037646.1_mrna_NM_001098220.1_17324	1806	1607	0	0
lcl|NC_037646.1_mrna_XM_006561758.3_17325	2699	2500	1540	33.7183
lcl|NC_037646.1_mrna_XM_016914188.2_17326	1317	1118	0	0
lcl|NC_037646.1_mrna_XM_003249919.4_17327	1279	1080	81	4.10532
lcl|NC_037646.1_mrna_XM_003249876.4_17328	1868	1669	14	0.459153
lcl|NC_037646.1_mrna_XM_001122039.5_17329	2739	2540	56	1.20681
lcl|NC_037646.1_mrna_XM_016914187.2_17330	600	401	0	0
lcl|NC_037646.1_mrna_XM_016914186.2_17331	876	677	47.8446	3.86838
lcl|NC_037646.1_mrna_XM_026442797.1_17332	523	324	1.30887e-05	2.21125e-06
lcl|NC_037646.1_mrna_XM_026442796.1_17333	806	607	25.1554	2.26844
lcl|NC_037646.1_mrna_XM_006561754.3_17334	1931	1732	156	4.93017
lcl|NC_037646.1_miscrna_XR_003305298.1_17335	3286	3087	199.318	3.53423
lcl|NC_037646.1_mrna_XM_003249881.4_17336	1640	1441	128.682	4.8881
lcl|NC_037646.1_mrna_XM_026442959.1_17337	4562	4363	10	0.125458
lcl|NC_037646.1_mrna_XM_006561749.3_17338	6633	6434	5.00264	0.0425602
lcl|NC_037646.1_mrna_XM_006561748.3_17339	8669	8470	58.1782	0.375978
lcl|NC_037646.1_mrna_XM_393549.7_17340	2195	1996	2140.82	58.7091
lcl|NC_037646.1_mrna_XM_026442716.1_17341	3606	3407	206.13	3.31172
lcl|NC_037646.1_mrna_XM_026442715.1_17342	3756	3557	758.535	11.6729
lcl|NC_037646.1_mrna_XM_026442717.1_17343	3672	3473	158.336	2.49551
lcl|NC_037646.1_mrna_XM_026442718.1_17344	3401	3202	0	0
lcl|NC_037646.1_mrna_XM_026442720.1_17345	3393	3194	509	8.72305
lcl|NC_037646.1_mrna_XM_026442719.1_17346	2624	2425	351	7.92284
lcl|NC_037646.1_mrna_XM_006561766.3_17347	838	639	0	0
lcl|NC_037646.1_mrna_XM_001122247.5_17348	916	717	47.2732	3.60895
lcl|NC_037646.1_mrna_XM_026442721.1_17349	1965	1766	309.727	9.60005
lcl|NC_037646.1_mrna_XM_016913914.1_17350	2668	2469	2021.7	44.8209
lcl|NC_037646.1_mrna_XM_016913915.2_17351	2718	2519	33.2997	0.723599
lcl|NC_037646.1_miscrna_XR_001704187.2_17352	5137	4938	7.87386	0.0872814
lcl|NC_037646.1_mrna_XM_003249883.4_17353	2126	1927	5.12614	0.145611
lcl|NC_037646.1_mrna_XM_392545.7_17354	4256	4057	196.48	2.65093
lcl|NC_037646.1_ncrna_XR_409188.3_17355	598	399	6	0.823121
lcl|NC_037646.1_mrna_XM_006561774.3_17356	682	483	571	64.7104
lcl|NC_037646.1_mrna_XM_006561773.3_17357	1184	985	619	34.3985
lcl|NC_037646.1_mrna_XM_001122344.5_17358	668	469	65	7.58623
lcl|NC_037646.1_mrna_XM_006561776.3_17359	1935	1736	45.5799	1.43717
lcl|NC_037646.1_mrna_XM_006561778.3_17360	1461	1262	1974.76	85.6524
lcl|NC_037646.1_mrna_XM_016913917.2_17361	1967	1768	109.425	3.38781
lcl|NC_037646.1_mrna_XM_026442837.1_17362	1919	1720	2.06856	0.0658303
lcl|NC_037646.1_mrna_XM_016913916.2_17363	1926	1727	2.36019	0.0748066
lcl|NC_037646.1_mrna_XM_016913918.2_17364	1452	1253	35.8087	1.56431
lcl|NC_037646.1_mrna_XM_016913919.2_17365	1349	1150	56	2.66548
lcl|NC_037646.1_mrna_XM_026442838.1_17366	2471	2272	489	11.7811
lcl|NC_037646.1_mrna_XM_006561792.3_17367	7505	7306	1389.74	10.4122
lcl|NC_037646.1_mrna_XM_026442960.1_17368	3082	2883	25.8105	0.490046
lcl|NC_037646.1_mrna_XM_006561790.3_17369	1194	995	15.2596	0.839472
lcl|NC_037646.1_mrna_XM_016914173.2_17370	563	364	3037.41	456.76
lcl|NC_037646.1_mrna_XM_001120735.5_17371	714	515	21	2.23202
lcl|NC_037646.1_mrna_XM_016914104.2_17372	1133	934	0	0
lcl|NC_037646.1_ncrna_XR_003305282.1_17373	4204	4005	20.0035	0.273394
lcl|NC_037646.1_ncrna_XR_001704287.2_17374	2377	2178	22.0164	0.553317
lcl|NC_037646.1_mrna_XM_006561785.3_17375	4909	4710	145.18	1.68722
lcl|NC_037646.1_mrna_XM_016914103.2_17376	5533	5334	0	0
lcl|NC_037646.1_mrna_XM_006561783.3_17377	5598	5399	0	0
lcl|NC_037646.1_mrna_XM_001122470.5_17378	4690	4491	763.432	9.30491
lcl|NC_037646.1_mrna_XM_006561784.3_17379	4543	4344	80.3879	1.01295
lcl|NC_037646.1_mrna_XM_026442934.1_17380	2556	2357	54	1.25406
lcl|NC_037646.1_mrna_XM_026442854.1_17381	6101	5902	138	1.27987
lcl|NC_037646.1_mrna_XM_026442856.1_17382	2016	1817	12	0.361503
lcl|NC_037646.1_mrna_XM_026442855.1_17383	2861	2662	76	1.56275
lcl|NC_037646.1_mrna_XM_026442961.1_17384	679	480	9	1.02633
lcl|NC_037646.1_mrna_XM_026442962.1_17385	1479	1280	19	0.81251
lcl|NC_037646.1_mrna_XM_026442758.1_17386	664	465	13	1.5303
lcl|NC_037646.1_mrna_XM_016913972.2_17387	3742	3543	249.021	3.84724
lcl|NC_037646.1_mrna_XM_016913974.2_17388	1910	1711	1814	58.0327
lcl|NC_037646.1_mrna_XM_006561800.3_17389	2048	1849	58817	1741.21
lcl|NC_037646.1_mrna_XM_006561508.3_17390	8864	8665	214.632	1.35585
lcl|NC_037646.1_mrna_XM_026442598.1_17391	8581	8382	173.707	1.13437
lcl|NC_037646.1_mrna_XM_006561509.3_17392	7617	7418	76.521	0.56465
lcl|NC_037646.1_mrna_NM_001256039.1_17393	6033	5834	0	0
lcl|NC_037646.1_mrna_NM_001256040.1_17394	10076	9877	749.384	4.15303
lcl|NC_037646.1_mrna_XM_026442963.1_17395	5467	5268	38	0.394842
lcl|NC_037646.1_mrna_XM_026442972.1_17396	700	501	17.8785	1.95334
lcl|NC_037646.1_mrna_XM_026442973.1_17397	647	448	147.122	17.9756
lcl|NC_037646.1_mrna_XM_006561809.3_17398	1377	1178	184.635	8.57933
lcl|NC_037646.1_mrna_XM_006561808.3_17399	1344	1145	726.234	34.7181
lcl|NC_037646.1_mrna_XM_392540.7_17400	1385	1186	0.0360406	0.00166339
lcl|NC_037646.1_mrna_XM_026442971.1_17401	1378	1179	63.2773	2.93778
lcl|NC_037646.1_mrna_XM_006561807.3_17402	1673	1474	335.723	12.4672
lcl|NC_037646.1_mrna_XM_623656.5_17403	1768	1569	99.0947	3.45711
lcl|NC_037646.1_mrna_XM_016914185.2_17404	3140	2941	124	2.30787
lcl|NC_037646.1_mrna_XM_006561816.3_17405	3244	3045	866.833	15.5824
lcl|NC_037646.1_mrna_XM_006561815.3_17406	3371	3172	3115.74	53.7666
lcl|NC_037646.1_mrna_XM_006561813.3_17407	2409	2210	869.432	21.5342
lcl|NC_037646.1_mrna_XM_016914061.2_17408	2601	2402	0	0
lcl|NC_037646.1_mrna_XM_006561817.3_17409	5439	5240	1.38587e-07	1.4477e-09
lcl|NC_037646.1_mrna_XM_003249891.4_17410	5576	5377	2096	21.3372
lcl|NC_037646.1_mrna_XM_006561818.3_17411	1086	887	0	0
lcl|NC_037646.1_mrna_XM_001122667.5_17412	1089	890	0	0
lcl|NC_037646.1_ncrna_XR_003305356.1_17413	3855	3656	3	0.0449159
lcl|NC_037646.1_ncrna_XR_003305355.1_17414	2956	2757	0	0
lcl|NC_037646.1_mrna_XM_016917590.2_17415	822	623	39.8966	3.50536
lcl|NC_037646.1_mrna_XM_026442873.1_17416	619	420	6.10345	0.795447
lcl|NC_037646.1_precursorrna_NR_034310.1_17417	94	4.0801	0	0
lcl|NC_037646.1_ncrna_17418	22	2.73612	0	0
lcl|NC_037646.1_mrna_XM_006561820.3_17419	4964	4765	5614.51	64.4962
lcl|NC_037646.1_mrna_XM_006561825.3_17420	4912	4713	9261.92	107.569
lcl|NC_037646.1_mrna_XM_006561828.3_17421	1647	1448	4	0.151209
lcl|NC_037646.1_mrna_XM_006561821.3_17422	5086	4887	118.868	1.33139
lcl|NC_037646.1_mrna_XM_006561823.3_17423	4963	4764	129.544	1.48844
lcl|NC_037646.1_mrna_XM_006561822.3_17424	4716	4517	652.879	7.91167
lcl|NC_037646.1_mrna_XM_006561826.3_17425	4665	4466	823.532	10.0936
lcl|NC_037646.1_mrna_XM_006561824.3_17426	4853	4654	76.8452	0.903807
lcl|NC_037646.1_mrna_XM_006561827.3_17427	4802	4603	94.3685	1.1222
lcl|NC_037646.1_mrna_XM_001120801.4_17428	1125	926	19615	1159.48
lcl|NC_037646.1_mrna_XM_006561819.3_17429	721	522	159.197	16.6936
lcl|NC_037646.1_mrna_XM_001120774.5_17430	871	672	89.8032	7.31489
lcl|NC_037646.1_precursorrna_NR_031527.1_17431	87	3.88332	0	0
lcl|NC_037646.1_ncrna_17432	23	2.74792	0	0
lcl|NC_037646.1_mrna_XM_006561560.3_17433	3369	3170	123.916	2.1397
lcl|NC_037646.1_mrna_XM_006561561.2_17434	3936	3737	0	0
lcl|NC_037646.1_mrna_XM_006561559.2_17435	3970	3771	0	0
lcl|NC_037646.1_mrna_XM_026442611.1_17436	4409	4210	0	0
lcl|NC_037646.1_mrna_XM_006561562.2_17437	4182	3983	0	0
lcl|NC_037646.1_mrna_NM_001202460.1_17438	1962	1763	7.08387	0.21994
lcl|NC_037646.1_mrna_XM_006561832.3_17439	5205	5006	2979.15	32.5752
lcl|NC_037646.1_mrna_XM_006561831.3_17440	5237	5038	0	0
lcl|NC_037646.1_mrna_XM_016913896.2_17441	5375	5176	68.901	0.728646
lcl|NC_037646.1_mrna_XM_006561833.3_17442	5091	4892	32.2597	0.36096
lcl|NC_037646.1_mrna_XM_392535.7_17443	5228	5029	3580.13	38.9675
lcl|NC_037646.1_mrna_XM_392534.7_17444	1491	1292	909.089	38.5149
lcl|NC_037646.1_mrna_XM_006561834.3_17445	4835	4636	1272.63	15.026
lcl|NC_037646.1_mrna_XM_392533.7_17446	2017	1818	1896.7	57.1071
lcl|NC_037646.1_mrna_XM_016913823.2_17447	5689	5490	835.351	8.32879
lcl|NC_037646.1_mrna_NM_001145736.1_17448	2424	2225	140.95	3.46754
lcl|NC_037646.1_ncrna_XR_001704168.2_17449	647	448	4.69903	0.574137
lcl|NC_037646.1_mrna_XM_006561837.3_17450	5805	5606	125.651	1.22687
lcl|NC_037646.1_mrna_XM_026442829.1_17451	7334	7135	1.13092	0.00867606
lcl|NC_037646.1_mrna_XM_006561835.3_17452	7345	7146	105.863	0.810897
lcl|NC_037646.1_mrna_XM_016914181.2_17453	6929	6730	131.355	1.06836
lcl|NC_037646.1_mrna_XM_006561556.3_17454	6174	5975	10.1453	0.0929421
lcl|NC_037646.1_mrna_XM_006561555.3_17455	6176	5977	6.65025	0.0609032
lcl|NC_037646.1_mrna_XM_016913840.2_17456	5819	5620	24.2044	0.235746
lcl|NC_037646.1_mrna_NM_001145737.1_17457	2433	2234	0	0
lcl|NC_037646.1_mrna_XM_026442780.1_17458	1837	1638	0	0
lcl|NC_037646.1_mrna_XM_624307.6_17459	699	500	1039	113.745
lcl|NC_037646.1_mrna_XM_016914183.2_17460	861	662	99.7805	8.25036
lcl|NC_037646.1_mrna_XM_394795.6_17461	902	703	377.22	29.3714
lcl|NC_037646.1_mrna_XM_026442787.1_17462	1345	1146	0	0
lcl|NC_037646.1_mrna_XM_016914179.2_17463	2834	2635	0	0
lcl|NC_037646.1_mrna_XM_001120510.5_17464	2698	2499	2	0.0438076
lcl|NC_037646.1_mrna_XM_001120555.5_17465	1784	1585	0	0
lcl|NC_037646.1_mrna_XM_006561846.3_17466	1792	1593	0	0
lcl|NC_037646.1_mrna_XM_003249925.4_17467	1509	1310	0	0
lcl|NC_037646.1_mrna_XM_003249896.4_17468	1069	870	2	0.125833
lcl|NC_037646.1_mrna_NM_001174140.1_17469	599	400	0	0
lcl|NC_037646.1_mrna_NM_001242998.1_17470	1486	1287	0	0
lcl|NC_037646.1_mrna_NM_001242999.1_17471	2663	2464	9	0.199934
lcl|NC_037646.1_mrna_XM_016914024.2_17472	5047	4848	0	0
lcl|NC_037646.1_mrna_XM_016914023.2_17473	5115	4916	2402.89	26.7552
lcl|NC_037646.1_mrna_XM_026442836.1_17474	2942	2743	89	1.77603
lcl|NC_037646.1_mrna_XM_003249898.4_17475	6013	5814	5	0.0470739
lcl|NC_037646.1_mrna_XM_016914026.2_17476	3136	2937	0	0
lcl|NC_037646.1_mrna_XM_006561855.3_17477	3003	2804	13.6557	0.266576
lcl|NC_037646.1_mrna_XM_026442639.1_17478	3270	3071	0	0
lcl|NC_037646.1_mrna_XM_016914027.2_17479	2328	2129	1.34432	0.0345632
lcl|NC_037646.1_mrna_XM_006561851.3_17480	5008	4809	0.124178	0.00141343
lcl|NC_037646.1_mrna_XM_006561852.3_17481	4899	4700	0.000638384	7.4348e-06
lcl|NC_037646.1_mrna_XM_006561850.3_17482	5593	5394	0	0
lcl|NC_037646.1_ncrna_XR_003305280.1_17483	4095	3896	7	0.0983477
lcl|NC_037646.1_mrna_XM_006561849.3_17484	5178	4979	2681.53	29.4799
lcl|NC_037646.1_mrna_XM_006561856.3_17485	5451	5252	0.0790265	0.000823632
lcl|NC_037646.1_mrna_XM_394790.7_17486	5444	5245	61.0241	0.636856
lcl|NC_037646.1_mrna_XM_016914175.2_17487	5374	5175	0.203955	0.0021573
lcl|NC_037646.1_mrna_XM_016914176.2_17488	5366	5167	220.449	2.33537
lcl|NC_037646.1_precursorrna_NR_039444.1_17489	108	4.54805	0	0
lcl|NC_037646.1_ncrna_17490	22	2.73612	0	0
lcl|NC_037646.1_precursorrna_NR_039443.1_17491	137	6.00353	0	0
lcl|NC_037646.1_ncrna_17492	21	2.72438	0	0
lcl|NC_037646.1_mrna_XM_003249899.4_17493	4370	4171	3704	48.6089
lcl|NC_037646.1_mrna_XM_026442964.1_17494	1130	931	73	4.29199
lcl|NC_037646.1_mrna_XM_016914084.2_17495	1350	1151	92	4.3752
lcl|NC_037646.1_mrna_XM_006561860.3_17496	1357	1158	197	9.312
lcl|NC_037646.1_mrna_XM_001121195.5_17497	2071	1872	44.5714	1.30327
lcl|NC_037646.1_mrna_XM_006561859.3_17498	1987	1788	62.4286	1.91118
lcl|NC_037646.1_mrna_XM_026442751.1_17499	1645	1446	24	0.908507
lcl|NC_037646.1_mrna_XM_026442965.1_17500	2931	2732	25.6488	0.513892
lcl|NC_037646.1_mrna_XM_026442801.1_17501	1875	1676	3.35117	0.109448
lcl|NC_037646.1_mrna_XM_026442804.1_17502	1099	900	0	0
lcl|NC_037646.1_miscrna_XR_003305340.1_17503	1698	1499	0	0
lcl|NC_037646.1_mrna_XM_026442803.1_17504	615	416	6	0.789484
lcl|NC_037646.1_miscrna_XR_003305341.1_17505	1680	1481	0	0
lcl|NC_037646.1_mrna_XM_026442802.1_17506	1527	1328	14	0.577052
lcl|NC_037646.1_mrna_XM_016914076.2_17507	2525	2326	1	0.0235329
lcl|NC_037646.1_mrna_XM_016914077.2_17508	4867	4668	36	0.42214
lcl|NC_037646.1_mrna_XM_006561868.3_17509	8922	8723	23.0454	0.144612
lcl|NC_037646.1_ncrna_XR_003305279.1_17510	6158	5959	1.10899	0.0101868
lcl|NC_037646.1_mrna_XM_006561865.3_17511	6097	5898	0	0
lcl|NC_037646.1_mrna_XM_392530.7_17512	6953	6754	27	0.21882
lcl|NC_037646.1_ncrna_XR_003305278.1_17513	3881	3682	11.8986	0.176888
lcl|NC_037646.1_mrna_XM_003249902.3_17514	884	685	0	0
lcl|NC_037646.1_mrna_NM_001270823.1_17515	804	605	2	0.180951
lcl|NC_037646.1_mrna_XM_006561872.3_17516	1497	1298	80	3.37365
lcl|NC_037646.1_mrna_XM_006561873.3_17517	1092	893	376.663	23.088
lcl|NC_037646.1_miscrna_XR_001704298.2_17518	1074	875	91.3368	5.71377
lcl|NC_037646.1_ncrna_XR_003305382.1_17519	83	3.78007	0	0
lcl|NC_037646.1_ncrna_XR_003305381.1_17520	84	3.8053	0	0
lcl|NC_037646.1_ncrna_XR_003305349.1_17521	734	535	2	0.204626
lcl|NC_037646.1_mrna_XM_016914159.2_17522	2740	2541	0	0
lcl|NC_037646.1_mrna_XM_006561904.3_17523	1839	1640	0	0
lcl|NC_037646.1_mrna_XM_006561875.3_17524	2073	1874	0	0
lcl|NC_037646.1_mrna_XM_003249905.4_17525	1982	1783	2	0.0613994
lcl|NC_037646.1_mrna_XM_006561876.3_17526	2006	1807	9.3937e-08	2.84553e-09
lcl|NC_037646.1_mrna_XM_026442843.1_17527	2852	2653	17.0048	0.350848
lcl|NC_037646.1_mrna_XM_026442932.1_17528	4923	4724	0	0
lcl|NC_037646.1_mrna_XM_006561877.3_17529	4849	4650	1	0.0117715
lcl|NC_037646.1_mrna_XM_006561879.3_17530	2035	1836	0	0
lcl|NC_037646.1_mrna_XM_006561880.3_17531	2125	1926	1	0.0284203
lcl|NC_037646.1_mrna_XM_001121697.5_17532	999	800	0	0
lcl|NC_037646.1_mrna_XM_006561881.3_17533	1069	870	0	0
lcl|NC_037646.1_mrna_XM_001121754.5_17534	869	670	16	1.30717
lcl|NC_037646.1_mrna_XM_006561882.3_17535	891	692	0	0
lcl|NC_037646.1_mrna_XM_001121782.5_17536	686	487	0	0
lcl|NC_037646.1_mrna_NM_001174139.1_17537	720	521	1	0.105062
lcl|NC_037646.1_mrna_XM_026442728.1_17538	1642	1443	152.183	5.77279
lcl|NC_037646.1_mrna_XM_016913856.2_17539	1758	1559	111.817	3.92596
lcl|NC_037646.1_mrna_XM_026442726.1_17540	4294	4095	6289.84	84.0758
lcl|NC_037646.1_mrna_XM_026442727.1_17541	4169	3970	1990.16	27.4399
lcl|NC_037646.1_precursorrna_NR_127371.1_17542	73	3.5471	0	0
lcl|NC_037646.1_ncrna_17543	23	2.74792	0	0
lcl|NC_037646.1_mrna_XM_016913895.2_17544	2148	1949	0	0
lcl|NC_037646.1_mrna_XM_006561505.3_17545	5684	5485	0.260997	0.00260462
lcl|NC_037646.1_mrna_XM_006561507.3_17546	5685	5486	0.207358	0.00206896
lcl|NC_037646.1_mrna_XM_006561506.3_17547	5669	5470	8.27065	0.0827632
lcl|NC_037646.1_mrna_XM_006561504.3_17548	5684	5485	0.260997	0.00260462
lcl|NC_037646.1_mrna_NM_001014983.1_17549	3241	3042	0	0
lcl|NC_037646.1_ncrna_XR_001704279.2_17550	2011	1812	6.87838	0.207785
lcl|NC_037646.1_ncrna_XR_003305277.1_17551	2957	2758	9.12162	0.181035
lcl|NC_037646.1_mrna_XM_016914056.2_17552	3050	2851	4.91552	0.0943751
lcl|NC_037646.1_mrna_XM_016914055.2_17553	3372	3173	0	0
lcl|NC_037646.1_mrna_XM_001121872.5_17554	3329	3130	0	0
lcl|NC_037646.1_mrna_XM_016914058.2_17555	2470	2271	7.08444	0.170755
lcl|NC_037646.1_mrna_XM_016914057.2_17556	2492	2293	3.68478e-05	8.79617e-07
lcl|NC_037646.1_ncrna_XR_409208.3_17557	3176	2977	77.482	1.42465
lcl|NC_037646.1_mrna_XM_006567573.3_17558	3634	3435	22.8854	0.364684
lcl|NC_037646.1_mrna_XM_001119871.5_17559	3542	3343	32.1146	0.525838
lcl|NC_037646.1_mrna_XM_006567576.3_17560	3367	3168	0	0
lcl|NC_037646.1_mrna_XM_006567575.3_17561	3384	3185	0	0
lcl|NC_037646.1_ncrna_XR_003305334.1_17562	3282	3083	1.00471	0.0178383
lcl|NC_037646.1_mrna_XM_001119931.5_17563	5059	4860	20051.5	225.837
lcl|NC_037646.1_mrna_XM_006567471.3_17564	665	466	34	3.99373
lcl|NC_037646.1_mrna_XM_006567472.3_17565	1578	1379	119	4.72354
lcl|NC_037646.1_mrna_XM_026442967.1_17566	576	377	19	2.75866
lcl|NC_037646.1_mrna_XM_016913877.2_17567	804	605	92	8.32373
lcl|NC_037646.1_mrna_XM_026442830.1_17568	563	364	32	4.81209
lcl|NC_037646.1_mrna_XM_026442828.1_17569	1403	1204	114	5.18279
lcl|NC_037646.1_mrna_XM_016913866.2_17570	1579	1380	64.7622	2.56879
lcl|NC_037646.1_mrna_XM_016913876.2_17571	1442	1243	96.3425	4.2426
lcl|NC_037646.1_ncrna_XR_410907.3_17572	1594	1395	45.6581	1.79155
lcl|NC_037646.1_mrna_XM_016913878.2_17573	869	670	50.6311	4.13645
lcl|NC_037646.1_mrna_XM_026442826.1_17574	1694	1495	66.2684	2.42633
lcl|NC_037646.1_precursorrna_NR_039445.1_17575	112	4.70392	0	0
lcl|NC_037646.1_ncrna_17576	22	2.73612	0	0
lcl|NC_037646.1_mrna_XM_006567544.3_17577	1658	1459	95.7806	3.59342
lcl|NC_037646.1_mrna_XM_006567523.2_17578	1708	1509	95.0687	3.44853
lcl|NC_037646.1_mrna_XM_006567571.3_17579	1582	1383	50.5158	1.99936
lcl|NC_037646.1_mrna_XM_016913864.2_17580	2590	2391	215.978	4.94441
lcl|NC_037646.1_ncrna_XR_003305346.1_17581	532	333	16.7144	2.74746
lcl|NC_037646.1_ncrna_XR_003305347.1_17582	1348	1149	79	3.7635
lcl|NC_037646.1_mrna_XM_026442825.1_17583	2462	2263	142.805	3.45418
lcl|NC_037646.1_mrna_XM_016913863.2_17584	2067	1868	946.4	27.7321
lcl|NC_037646.1_mrna_XM_016913871.2_17585	2626	2427	601.209	13.5594
lcl|NC_037646.1_mrna_XM_006567562.3_17586	2087	1888	105.645	3.06289
lcl|NC_037646.1_mrna_XM_006567520.3_17587	2286	2087	0	0
lcl|NC_037646.1_mrna_XM_006567515.3_17588	2313	2114	299.09	7.74429
lcl|NC_037646.1_mrna_XM_006567513.3_17589	2486	2287	541.792	12.9674
lcl|NC_037646.1_mrna_XM_006567539.3_17590	1945	1746	296.962	9.30984
lcl|NC_037646.1_mrna_XM_006567552.3_17591	1799	1600	58.9471	2.01664
lcl|NC_037646.1_mrna_XM_006567550.3_17592	1800	1601	55.127	1.88477
lcl|NC_037646.1_mrna_XM_006567561.3_17593	3256	3057	209.345	3.74846
lcl|NC_037646.1_mrna_XM_016913869.2_17594	1635	1436	58.9379	2.2466
lcl|NC_037646.1_mrna_XM_006567564.3_17595	1707	1508	50.8916	1.84727
lcl|NC_037646.1_mrna_XM_006567529.3_17596	2681	2482	220.385	4.86034
lcl|NC_037646.1_mrna_XM_006567560.3_17597	1743	1544	10.9737	0.389037
lcl|NC_037646.1_mrna_XM_006567559.3_17598	1746	1547	115.655	4.09221
lcl|NC_037646.1_mrna_XM_006567532.3_17599	2055	1856	789.479	23.2835
lcl|NC_037646.1_mrna_XM_026442827.1_17600	1708	1509	148.13	5.37329
lcl|NC_037646.1_mrna_XM_006567546.2_17601	1991	1792	122.031	3.7275
lcl|NC_037646.1_mrna_XM_006567530.3_17602	1753	1554	76.357	2.68957
lcl|NC_037646.1_mrna_XM_006567528.2_17603	1877	1678	162.79	5.31033
lcl|NC_037646.1_mrna_XM_006567526.3_17604	2114	1915	365.21	10.439
lcl|NC_037646.1_mrna_XM_006567524.3_17605	2597	2398	1300.75	29.6913
lcl|NC_037646.1_mrna_XM_006567531.2_17606	1823	1624	359.185	12.1065
lcl|NC_037646.1_mrna_XM_006567563.3_17607	1699	1500	261.831	9.55465
lcl|NC_037646.1_mrna_XM_006567541.2_17608	1834	1635	68.7897	2.30298
lcl|NC_037646.1_mrna_XM_006567569.3_17609	2015	1816	174.719	5.26634
lcl|NC_037646.1_mrna_XM_006567565.3_17610	2015	1816	0.00196785	5.93147e-05
lcl|NC_037646.1_mrna_XM_016913865.2_17611	2111	1912	42.2193	1.20867
lcl|NC_037646.1_mrna_XM_006567551.2_17612	1724	1525	117.333	4.21149
lcl|NC_037646.1_mrna_XM_006567545.3_17613	1928	1729	58.8887	1.86433
lcl|NC_037646.1_precursorrna_NR_127366.1_17614	81	3.73072	0	0
lcl|NC_037646.1_ncrna_17615	22	2.73612	0	0
lcl|NC_037646.1_mrna_XM_006567536.3_17616	1779	1580	73.2557	2.53787
lcl|NC_037646.1_mrna_XM_006567516.3_17617	1930	1731	111.116	3.5137
lcl|NC_037646.1_mrna_XM_006567501.3_17618	3495	3296	56.1109	0.931849
lcl|NC_037646.1_mrna_XM_006567554.3_17619	3001	2802	29.1124	0.568715
lcl|NC_037646.1_mrna_XM_006567500.3_17620	3498	3299	168.784	2.80049
lcl|NC_037646.1_mrna_XM_006567481.3_17621	2669	2470	4.78713e-07	1.06087e-08
lcl|NC_037646.1_mrna_XM_006567477.3_17622	2672	2473	2.17205e-06	4.80763e-08
lcl|NC_037646.1_mrna_XM_006567478.3_17623	2659	2460	416.619	9.2702
lcl|NC_037646.1_mrna_XM_006567480.3_17624	2592	2393	0.0224342	0.00051316
lcl|NC_037646.1_mrna_XM_006567537.3_17625	2449	2250	67.965	1.65344
lcl|NC_037646.1_mrna_XM_006567527.3_17626	1678	1479	49.8646	1.84548
lcl|NC_037646.1_mrna_XM_016913870.2_17627	1759	1560	201.9	7.0843
lcl|NC_037646.1_mrna_XM_016913867.2_17628	2287	2088	56.5567	1.48265
lcl|NC_037646.1_mrna_NM_001011602.1_17629	2784	2585	1030	21.8103
lcl|NC_037646.1_mrna_XM_016913872.2_17630	6094	5895	41.513	0.385466
lcl|NC_037646.1_miscrna_XR_003305345.1_17631	6094	5895	41.513	0.385466
lcl|NC_037646.1_mrna_XM_625178.6_17632	682	483	183	20.7391
lcl|NC_037646.1_mrna_XM_394781.7_17633	1579	1380	420	16.6593
lcl|NC_037646.1_mrna_XM_006567470.3_17634	3024	2825	51.886	1.00535
lcl|NC_037646.1_mrna_XM_003250994.4_17635	3283	3084	1643.11	29.1634
lcl|NC_037646.1_mrna_XM_394976.7_17636	3085	2886	1124.33	21.3246
lcl|NC_037646.1_mrna_XM_026442939.1_17637	1334	1135	173	8.34326
lcl|NC_037646.1_mrna_XM_625168.6_17638	1306	1107	5.48337e-08	2.71135e-09
lcl|NC_037646.1_mrna_XM_016913861.2_17639	2690	2491	1476.07	32.4354
lcl|NC_037646.1_mrna_XM_016913948.2_17640	4170	3971	4.70088e-07	6.47984e-09
lcl|NC_037646.1_mrna_XM_006567468.3_17641	4124	3925	1.14336	0.0159452
lcl|NC_037646.1_mrna_XM_001121463.5_17642	4111	3912	1473.33	20.6152
lcl|NC_037646.1_mrna_XM_016913947.2_17643	1723	1524	83.3443	2.99348
lcl|NC_037646.1_mrna_XM_623765.6_17644	1861	1662	0	0
lcl|NC_037646.1_mrna_XM_006567464.3_17645	1710	1511	1.3503	0.048916
lcl|NC_037646.1_mrna_XM_006567465.3_17646	1706	1507	38.3054	1.39134
lcl|NC_037646.1_mrna_XM_006567466.3_17647	2692	2493	59.6343	1.30936
lcl|NC_037646.1_mrna_XM_395313.7_17648	2907	2708	12.5953	0.254593
lcl|NC_037646.1_mrna_XM_026442940.1_17649	2657	2458	192.337	4.28319
lcl|NC_037646.1_mrna_XM_026442941.1_17650	2105	1906	201.433	5.78486
lcl|NC_037646.1_mrna_XM_001121575.5_17651	1684	1485	0	0
lcl|NC_037646.1_mrna_XM_026442824.1_17652	2232	2033	0	0
lcl|NC_037646.1_mrna_XM_625153.6_17653	2069	1870	266.783	7.80911
lcl|NC_037646.1_mrna_XM_026442823.1_17654	2305	2106	23.4439	0.609337
lcl|NC_037646.1_mrna_XM_026442822.1_17655	2483	2284	571.976	13.7078
lcl|NC_037646.1_mrna_XM_394780.6_17656	2546	2347	0	0
lcl|NC_037646.1_mrna_XM_006567463.3_17657	2597	2398	669.753	15.288
lcl|NC_037646.1_mrna_XM_016913946.2_17658	2593	2394	396.045	9.05536
lcl|NC_037646.1_mrna_XM_006567461.3_17659	1176	977	229	12.83
lcl|NC_037646.1_mrna_XM_394778.7_17660	1453	1254	289	12.615
lcl|NC_037646.1_mrna_XM_026442817.1_17661	7577	7378	791.381	5.87127
lcl|NC_037646.1_mrna_XM_026442818.1_17662	7508	7309	0	0
lcl|NC_037646.1_mrna_XM_026442819.1_17663	7505	7306	46.2932	0.346835
lcl|NC_037646.1_miscrna_XR_003305342.1_17664	7096	6897	61.0739	0.484709
lcl|NC_037646.1_mrna_XM_026442805.1_17665	7074	6875	0	0
lcl|NC_037646.1_mrna_XM_026442815.1_17666	7005	6806	0	0
lcl|NC_037646.1_mrna_XM_026442816.1_17667	7002	6803	0	0
lcl|NC_037646.1_mrna_XM_026442813.1_17668	7026	6827	7.9536	0.0637704
lcl|NC_037646.1_mrna_XM_026442811.1_17669	7065	6866	0	0
lcl|NC_037646.1_mrna_XM_026442814.1_17670	7023	6824	0	0
lcl|NC_037646.1_mrna_XM_026442812.1_17671	7047	6848	0	0
lcl|NC_037646.1_miscrna_XR_003305343.1_17672	6618	6419	0	0
lcl|NC_037646.1_miscrna_XR_003305344.1_17673	6613	6414	0	0
lcl|NC_037646.1_mrna_XM_026442806.1_17674	7218	7019	0	0
lcl|NC_037646.1_mrna_XM_026442807.1_17675	7207	7008	0	0
lcl|NC_037646.1_mrna_XM_026442809.1_17676	7182	6983	0	0
lcl|NC_037646.1_mrna_XM_026442810.1_17677	6985	6786	0	0
lcl|NC_037646.1_mrna_XM_026442808.1_17678	7211	7012	13.6516	0.106568
lcl|NC_037646.1_mrna_XM_026442820.1_17679	6172	5973	79.6405	0.729838
lcl|NC_037646.1_mrna_XM_026442821.1_17680	6097	5898	374.495	3.47557
lcl|NC_037646.1_mrna_XM_016913943.2_17681	9814	9615	14900.2	84.8261
lcl|NC_037646.1_ncrna_XR_001704198.2_17682	1064	865	8.45642e-05	5.35126e-06
lcl|NC_037646.1_ncrna_XR_001704197.2_17683	1141	942	99.8756	5.80355
lcl|NC_037646.1_mrna_XM_016914096.2_17684	3322	3123	1531.37	26.8406
lcl|NC_037646.1_mrna_XM_016914091.2_17685	2674	2475	15.415	0.340921
lcl|NC_037646.1_mrna_XM_016914092.2_17686	961	762	10.1683	0.730428
lcl|NC_037646.1_mrna_XM_016914093.2_17687	954	755	365.21	26.4777
lcl|NC_037646.1_mrna_XM_016914094.2_17688	944	745	9.39971	0.690627
lcl|NC_037646.1_mrna_XM_016914095.2_17689	938	739	68.4393	5.06928
lcl|NC_037646.1_mrna_XM_016914089.2_17690	2441	2242	0	0
lcl|NC_037646.1_mrna_XM_392523.7_17691	2423	2224	711.448	17.5103
lcl|NC_037646.1_mrna_XM_026443065.1_17692	2307	2108	0	0
lcl|NC_037646.1_mrna_XM_016914090.2_17693	2259	2060	43.8031	1.16392
lcl|NC_037646.1_mrna_XM_006567455.3_17694	2577	2378	83.5281	1.92268
lcl|NC_037646.1_mrna_XM_006567457.3_17695	2541	2342	2047.22	47.8479
lcl|NC_037646.1_mrna_XM_006567453.3_17696	1605	1406	382	14.8718
lcl|NC_037646.1_mrna_NM_001098229.1_17697	1284	1085	33	1.66483
lcl|NC_037646.1_mrna_NM_001098224.2_17698	1333	1134	66	3.18578
lcl|NC_037646.1_mrna_XM_392521.7_17699	1875	1676	122	3.98448
lcl|NC_037646.1_mrna_XM_026442860.1_17700	1781	1582	490.203	16.9611
lcl|NC_037646.1_mrna_XM_026442861.1_17701	1781	1582	793.04	27.4394
lcl|NC_037646.1_mrna_XM_026442863.1_17702	1697	1498	1829.53	66.8517
lcl|NC_037646.1_mrna_XM_026442858.1_17703	1702	1503	86.3998	3.14658
lcl|NC_037646.1_mrna_XM_026442859.1_17704	1702	1503	143.531	5.22723
lcl|NC_037646.1_miscrna_XR_003305357.1_17705	1600	1401	831.936	32.504
lcl|NC_037646.1_mrna_XM_026442864.1_17706	1834	1635	225.425	7.54693
lcl|NC_037646.1_mrna_XM_026442866.1_17707	1829	1630	0	0
lcl|NC_037646.1_mrna_XM_026442867.1_17708	1832	1633	1305.1	43.7466
lcl|NC_037646.1_mrna_XM_026442869.1_17709	1798	1599	67.6727	2.3166
lcl|NC_037646.1_mrna_XM_026442865.1_17710	1636	1437	538.658	20.5183
lcl|NC_037646.1_mrna_XM_026442870.1_17711	1590	1391	98.8868	3.89131
lcl|NC_037646.1_mrna_XM_026442868.1_17712	1589	1390	102.618	4.04103
lcl|NC_037646.1_mrna_XM_016913990.2_17713	2065	1866	1479	43.3852
lcl|NC_037646.1_mrna_XM_006567451.3_17714	10488	10289	1250.02	6.6501
lcl|NC_037646.1_mrna_XM_625067.6_17715	2039	1840	104	3.09386
lcl|NC_037646.1_mrna_XM_006567446.3_17716	1282	1083	1943	98.2041
lcl|NC_037646.1_mrna_XM_006567448.3_17717	2438	2239	194.466	4.75417
lcl|NC_037646.1_mrna_XM_026442871.1_17718	2626	2427	262.534	5.92109
lcl|NC_037646.1_mrna_XM_003250988.4_17719	5167	4968	10108	111.37
lcl|NC_037646.1_ncrna_XR_003305319.1_17720	4457	4258	191.872	2.46655
lcl|NC_037646.1_ncrna_XR_003305320.1_17721	4181	3982	25.1283	0.345419
lcl|NC_037646.1_ncrna_XR_003305318.1_17722	4107	3908	192	2.68925
lcl|NC_037646.1_ncrna_XR_410901.3_17723	645	446	0	0
lcl|NC_037646.1_mrna_XM_006567441.3_17724	4475	4276	73.6602	0.942932
lcl|NC_037646.1_mrna_XM_006567440.3_17725	3884	3685	30.8231	0.457852
lcl|NC_037646.1_mrna_XM_006567438.3_17726	3952	3753	15.7968	0.230396
lcl|NC_037646.1_mrna_XM_016914087.2_17727	3778	3579	19.4687	0.297756
lcl|NC_037646.1_mrna_XM_026443054.1_17728	5533	5334	17.6673	0.181302
lcl|NC_037646.1_mrna_XM_026442968.1_17729	15182	14983	111	0.405517
lcl|NC_037646.1_mrna_XM_001122104.4_17730	944	745	133	9.77194
lcl|NC_037646.1_mrna_XM_006567443.3_17731	665	466	0	0
lcl|NC_037646.1_mrna_XM_006567445.3_17732	2556	2357	230.665	5.35682
lcl|NC_037646.1_mrna_XM_625018.5_17733	2830	2631	1634.16	33.9984
lcl|NC_037646.1_mrna_XM_006567444.3_17734	2701	2502	137.176	3.00106
lcl|NC_037646.1_mrna_XM_006567436.3_17735	6169	5970	0.000112033	1.02721e-06
lcl|NC_037646.1_mrna_XM_392520.7_17736	6166	5967	104.528	0.958874
lcl|NC_037646.1_mrna_XM_016914008.2_17737	6045	5846	0	0
lcl|NC_037646.1_mrna_XM_006567437.3_17738	5330	5131	1.14083	0.0121704
lcl|NC_037646.1_mrna_XM_394773.7_17739	2029	1830	1652	49.4133
lcl|NC_037646.1_mrna_XM_006567426.3_17740	4167	3968	0.000199979	2.75866e-06
lcl|NC_037646.1_mrna_XM_006567427.3_17741	4068	3869	0.000134255	1.8994e-06
lcl|NC_037646.1_mrna_XM_026442975.1_17742	3924	3725	0	0
lcl|NC_037646.1_mrna_XM_394963.7_17743	4094	3895	234.064	3.28937
lcl|NC_037646.1_mrna_XM_016914009.2_17744	3995	3796	226.466	3.2656
lcl|NC_037646.1_mrna_XM_016914012.2_17745	3851	3652	1.11218e-05	1.66698e-07
lcl|NC_037646.1_mrna_XM_026442978.1_17746	4063	3864	0.0250887	0.000355407
lcl|NC_037646.1_mrna_XM_026442976.1_17747	4229	4030	737.177	10.0127
lcl|NC_037646.1_mrna_XM_026442977.1_17748	4130	3931	735.713	10.2445
lcl|NC_037646.1_mrna_XM_016914010.2_17749	4224	4025	225.418	3.06554
lcl|NC_037646.1_mrna_XM_006567430.3_17750	4221	4022	240.428	3.27211
lcl|NC_037646.1_mrna_XM_006567431.3_17751	4143	3944	114.764	1.59278
lcl|NC_037646.1_ncrna_XR_001704247.2_17752	2103	1904	46	1.32244
lcl|NC_037646.1_mrna_XM_006567424.3_17753	2409	2210	154.545	3.82778
lcl|NC_037646.1_mrna_XM_003250985.4_17754	2627	2428	406.247	9.15856
lcl|NC_037646.1_mrna_XM_003250986.4_17755	2706	2507	61.6451	1.34595
lcl|NC_037646.1_mrna_XM_026442979.1_17756	2974	2775	43.008	0.848343
lcl|NC_037646.1_mrna_XM_006567428.3_17757	4012	3813	997.699	14.3225
lcl|NC_037646.1_mrna_XM_016914011.2_17758	3876	3677	1273.58	18.959
lcl|NC_037646.1_mrna_XM_006567433.3_17759	2679	2480	33.1664	0.732035
lcl|NC_037646.1_mrna_XM_016917739.2_17760	1060	861	0	0
lcl|NC_037646.1_mrna_XM_006572634.3_17761	1031	832	0	0
lcl|NC_037646.1_mrna_XM_016914040.2_17762	2572	2373	7	0.161468
lcl|NC_037646.1_mrna_XM_016914041.2_17763	1376	1177	8	0.372048
lcl|NC_037646.1_mrna_XM_394964.7_17764	1270	1071	246	12.5728
lcl|NC_037646.1_mrna_XM_624937.5_17765	2923	2724	24.1778	0.485843
lcl|NC_037646.1_mrna_XM_006567420.3_17766	3556	3357	7.82216	0.127544
lcl|NC_037646.1_mrna_XM_006567418.3_17767	3012	2813	0	0
lcl|NC_037646.1_mrna_XM_016914038.2_17768	2694	2495	42	0.921434
lcl|NC_037646.1_mrna_XM_006567417.3_17769	1319	1120	0	0
lcl|NC_037646.1_mrna_XM_001122362.4_17770	1278	1079	21	1.06533
lcl|NC_037646.1_mrna_XM_026443053.1_17771	1543	1344	542	22.0742
lcl|NC_037646.1_mrna_XM_624890.5_17772	867	668	230.46	18.8845
lcl|NC_037646.1_mrna_XM_006567415.3_17773	667	468	123.54	14.4493
lcl|NC_037646.1_mrna_XM_623492.6_17774	2925	2726	16881.9	338.985
lcl|NC_037646.1_mrna_XM_016914035.2_17775	2457	2258	7618.09	184.675
lcl|NC_037646.1_mrna_XM_623655.6_17776	1573	1374	459.359	18.3
lcl|NC_037646.1_mrna_XM_006567412.3_17777	1701	1502	1208.64	44.0466
lcl|NC_037646.1_miscrna_XR_003305371.1_17778	1459	1260	394.336	17.131
lcl|NC_037646.1_mrna_XM_624874.5_17779	1696	1497	731.664	26.7532
lcl|NC_037646.1_mrna_XM_624860.5_17780	1778	1579	99	3.43193
lcl|NC_037646.1_mrna_XM_393499.7_17781	1195	996	2743.82	150.793
lcl|NC_037646.1_mrna_XM_006567411.1_17782	1379	1180	1624.18	75.3419
lcl|NC_037646.1_mrna_XM_006567583.3_17783	2159	1960	22	0.614401
lcl|NC_037646.1_mrna_XM_006567406.3_17784	2057	1858	0	0
lcl|NC_037646.1_mrna_XM_006567407.3_17785	2045	1846	0	0
lcl|NC_037646.1_mrna_XM_006567405.3_17786	2060	1861	8.75e-07	2.57364e-08
lcl|NC_037646.1_mrna_XM_016914155.2_17787	2034	1835	45	1.34234
lcl|NC_037646.1_mrna_XM_016914157.2_17788	1926	1727	0	0
lcl|NC_037646.1_mrna_XM_016914192.2_17789	980	781	423	29.6466
lcl|NC_037646.1_mrna_XM_006567404.3_17790	8568	8369	9390	61.4154
lcl|NC_037646.1_mrna_XM_026442937.1_17791	2018	1819	815	24.5251
lcl|NC_037646.1_mrna_XM_006567400.3_17792	2576	2377	0	0
lcl|NC_037646.1_mrna_XM_006567401.3_17793	2541	2342	0	0
lcl|NC_037646.1_mrna_XM_006567403.3_17794	2267	2068	5	0.132344
lcl|NC_037646.1_mrna_XM_026442936.1_17795	2376	2177	0	0
lcl|NC_037646.1_mrna_NM_001134371.1_17796	591	392	351	49.0124
lcl|NC_037646.1_mrna_XM_625281.6_17797	657	458	368	43.9813
lcl|NC_037646.1_mrna_XM_392710.6_17798	2901	2702	364.207	7.37817
lcl|NC_037646.1_miscrna_XR_410900.2_17799	2894	2695	0	0
lcl|NC_037646.1_miscrna_XR_003305338.1_17800	2890	2691	0	0
lcl|NC_037646.1_mrna_XM_016913957.2_17801	2549	2350	51.6179	1.20231
lcl|NC_037646.1_mrna_XM_006567398.3_17802	2716	2517	423.175	9.20284
lcl|NC_037646.1_miscrna_XR_003305321.1_17803	9656	9457	0	0
lcl|NC_037646.1_miscrna_XR_003305325.1_17804	9500	9301	3664.8	21.5678
lcl|NC_037646.1_miscrna_XR_003305323.1_17805	9560	9361	292.476	1.71023
lcl|NC_037646.1_miscrna_XR_003305327.1_17806	9404	9205	628.102	3.73501
lcl|NC_037646.1_miscrna_XR_003305322.1_17807	9599	9400	0	0
lcl|NC_037646.1_miscrna_XR_003305326.1_17808	9443	9244	74.5775	0.441604
lcl|NC_037646.1_miscrna_XR_003305324.1_17809	9503	9304	21.7244	0.12781
lcl|NC_037646.1_miscrna_XR_003305328.1_17810	9347	9148	0	0
lcl|NC_037646.1_mrna_XM_006567391.3_17811	9554	9355	26494.6	155.024
lcl|NC_037646.1_mrna_XM_006567397.3_17812	9245	9046	1839.83	11.1328
lcl|NC_037646.1_mrna_XM_006567389.3_17813	7252	7053	12442	96.561
lcl|NC_037646.1_mrna_XM_016914151.2_17814	4263	4064	5.72529	0.0771133
lcl|NC_037646.1_mrna_XM_016914150.2_17815	4578	4379	51.2747	0.640934
lcl|NC_037646.1_mrna_XM_026442744.1_17816	3049	2850	15.8877	0.305142
lcl|NC_037646.1_mrna_XM_026442743.1_17817	2657	2458	0	0
lcl|NC_037646.1_mrna_XM_003250979.4_17818	2360	2161	0	0
lcl|NC_037646.1_miscrna_XR_003305317.1_17819	3007	2808	22.1462	0.431706
lcl|NC_037646.1_mrna_XM_026442745.1_17820	2666	2467	1.96604	0.0436222
lcl|NC_037646.1_mrna_XM_026442746.1_17821	2437	2238	2.02769	0.0495937
lcl|NC_037646.1_mrna_XM_003251017.4_17822	3928	3729	663	9.7321
lcl|NC_037646.1_mrna_NM_001242989.1_17823	1203	1004	13	0.708753
lcl|NC_037646.1_mrna_XM_003251016.4_17824	708	509	2	0.215079
lcl|NC_037646.1_mrna_XM_392518.7_17825	1048	849	2082	134.233
lcl|NC_037646.1_mrna_XM_006567323.3_17826	2294	2095	0	0
lcl|NC_037646.1_mrna_NM_001039968.1_17827	1347	1148	4.50718	0.214906
lcl|NC_037646.1_mrna_XM_026442596.1_17828	2183	1984	9.49282	0.261902
lcl|NC_037646.1_mrna_XM_394772.6_17829	1932	1733	76.3723	2.41225
lcl|NC_037646.1_ncrna_XR_003305363.1_17830	11604	11405	391.628	1.87959
lcl|NC_037646.1_ncrna_XR_003305362.1_17831	486	287	0	0
lcl|NC_037646.1_mrna_XM_026443028.1_17832	6175	5976	266.99	2.44551
lcl|NC_037646.1_mrna_XM_394771.7_17833	6153	5954	424.271	3.9005
lcl|NC_037646.1_mrna_XM_026443029.1_17834	7627	7428	101.002	0.744293
lcl|NC_037646.1_mrna_XM_026443030.1_17835	6071	5872	20.3606	0.189797
lcl|NC_037646.1_mrna_XM_006567383.3_17836	1769	1570	3031.13	105.679
lcl|NC_037646.1_mrna_XM_001122651.5_17837	1763	1564	20458.9	716.028
lcl|NC_037646.1_mrna_XM_026442831.1_17838	1248	1049	16	0.834891
lcl|NC_037646.1_mrna_XM_016913859.2_17839	1179	980	0	0
lcl|NC_037646.1_mrna_NM_001164810.1_17840	871	672	753.595	61.3838
lcl|NC_037646.1_mrna_NM_001164809.1_17841	502	303	191.405	34.5777
lcl|NC_037646.1_mrna_XM_026442763.1_17842	2067	1868	41	1.20141
lcl|NC_037646.1_ncrna_XR_003305350.1_17843	1793	1594	103	3.53699
lcl|NC_037646.1_mrna_XM_394770.7_17844	1884	1685	2813	91.3808
lcl|NC_037646.1_ncrna_XR_003305368.1_17845	1029	830	70	4.61642
lcl|NC_037646.1_miscrna_XR_003305367.1_17846	2927	2728	366.844	7.36075
lcl|NC_037646.1_mrna_XM_006567379.3_17847	3273	3074	116.156	2.06835
lcl|NC_037646.1_mrna_XM_392515.7_17848	3285	3086	390.293	6.92277
lcl|NC_037646.1_mrna_XM_006567377.3_17849	3264	3065	4305.53	76.892
lcl|NC_037646.1_mrna_XM_006567378.3_17850	1482	1283	607.18	25.9046
lcl|NC_037646.1_mrna_XM_006567376.3_17851	369	170	714.262	229.982
lcl|NC_037646.1_mrna_XM_001120892.5_17852	547	348	1001.38	157.509
lcl|NC_037646.1_mrna_XM_006567375.1_17853	606	407	38.3591	5.15892
lcl|NC_037646.1_mrna_XM_016914118.1_17854	412	213	0	0
lcl|NC_037646.1_mrna_XM_003251024.4_17855	3197	2998	473.699	8.6488
lcl|NC_037646.1_mrna_XM_392513.7_17856	3251	3052	7918.66	142.021
lcl|NC_037646.1_mrna_XM_392512.7_17857	1393	1194	696	31.9073
lcl|NC_037646.1_mrna_XM_394769.7_17858	969	770	3941	280.157
lcl|NC_037646.1_mrna_XM_394768.7_17859	1626	1427	24.0437	0.922279
lcl|NC_037646.1_mrna_XM_394767.7_17860	1918	1719	633.956	20.1869
lcl|NC_037646.1_mrna_XM_392511.7_17861	3016	2817	8225.29	159.827
lcl|NC_037646.1_mrna_XM_026442969.1_17862	1260	1061	93.61	4.82939
lcl|NC_037646.1_mrna_XM_006567374.3_17863	3073	2874	602.099	11.4674
lcl|NC_037646.1_mrna_XM_006567371.3_17864	5666	5467	2075.33	20.779
lcl|NC_037646.1_mrna_XM_026443005.1_17865	5228	5029	0	0
lcl|NC_037646.1_mrna_XM_006567368.3_17866	5546	5347	42.7598	0.437735
lcl|NC_037646.1_mrna_XM_006567367.3_17867	5533	5334	0	0
lcl|NC_037646.1_mrna_XM_026443004.1_17868	2031	1832	575.178	17.1855
lcl|NC_037646.1_mrna_XM_001122705.5_17869	3251	3052	324.243	5.81529
lcl|NC_037646.1_mrna_XM_026443006.1_17870	3253	3054	0	0
lcl|NC_037646.1_mrna_XM_006567370.3_17871	5782	5583	35.2014	0.345126
lcl|NC_037646.1_mrna_XM_026442993.1_17872	6910	6711	114.793	0.936299
lcl|NC_037646.1_mrna_XM_026442992.1_17873	7773	7574	0	0
lcl|NC_037646.1_mrna_XM_026442994.1_17874	7472	7273	24.1239	0.18156
lcl|NC_037646.1_mrna_XM_026443001.1_17875	6720	6521	0.000217052	1.82195e-06
lcl|NC_037646.1_mrna_XM_026443002.1_17876	6616	6417	14.3167	0.122123
lcl|NC_037646.1_mrna_XM_026442999.1_17877	6530	6331	10.0185	0.0866197
lcl|NC_037646.1_mrna_XM_026442991.1_17878	6504	6305	1711.84	14.8616
lcl|NC_037646.1_mrna_XM_026442990.1_17879	6507	6308	3.34844	0.029056
lcl|NC_037646.1_mrna_XM_026442998.1_17880	6640	6441	0.128769	0.00109432
lcl|NC_037646.1_mrna_XM_026442997.1_17881	6757	6558	127.792	1.06664
lcl|NC_037646.1_mrna_XM_026442995.1_17882	7087	6888	2.22848	0.0177093
lcl|NC_037646.1_mrna_XM_026442996.1_17883	7238	7039	163.28	1.26972
lcl|NC_037646.1_mrna_XM_026443003.1_17884	7083	6884	814.238	6.47434
lcl|NC_037646.1_mrna_XM_026443000.1_17885	7161	6962	1268.65	9.97452
lcl|NC_037646.1_mrna_NM_001011588.1_17886	703	504	0	0
lcl|NC_037646.1_mrna_XM_026442593.1_17887	937	738	1	0.0741701
lcl|NC_037646.1_mrna_XM_026442594.1_17888	845	646	0	0
lcl|NC_037646.1_mrna_XM_006567320.3_17889	948	749	0	0
lcl|NC_037646.1_mrna_NM_001011593.1_17890	548	349	0	0
lcl|NC_037646.1_mrna_NM_001011591.1_17891	564	365	3	0.449898
lcl|NC_037646.1_mrna_NM_001040220.1_17892	483	284	2	0.385476
lcl|NC_037646.1_mrna_XM_006567332.3_17893	773	574	51.25	4.88728
lcl|NC_037646.1_mrna_XM_026442623.1_17894	661	462	11.354	1.34521
lcl|NC_037646.1_mrna_XM_006567333.3_17895	690	491	0	0
lcl|NC_037646.1_mrna_NM_001040221.1_17896	459	260	27.396	5.76766
lcl|NC_037646.1_mrna_NM_001011589.1_17897	604	405	5	0.675772
lcl|NC_037646.1_mrna_XM_026443027.1_17898	1529	1330	204.699	8.4246
lcl|NC_037646.1_mrna_XM_003251023.3_17899	1622	1423	15.3011	0.588576
lcl|NC_037646.1_mrna_XM_394765.7_17900	1742	1543	1427	50.6225
lcl|NC_037646.1_mrna_XM_026443011.1_17901	6958	6759	0.12691	0.00102777
lcl|NC_037646.1_mrna_XM_026443014.1_17902	6924	6725	178.955	1.45658
lcl|NC_037646.1_mrna_XM_026443012.1_17903	6934	6735	11.3003	0.0918413
lcl|NC_037646.1_mrna_XM_026443015.1_17904	6900	6701	10.1403	0.0828313
lcl|NC_037646.1_mrna_XM_026443017.1_17905	6883	6684	0.000356384	2.91855e-06
lcl|NC_037646.1_mrna_XM_026443020.1_17906	6848	6649	4.64563e-07	3.82449e-09
lcl|NC_037646.1_mrna_XM_026443021.1_17907	6824	6625	2.24068e-07	1.85131e-09
lcl|NC_037646.1_mrna_XM_026443018.1_17908	6854	6655	140.257	1.15361
lcl|NC_037646.1_mrna_XM_026443025.1_17909	6775	6576	6.70511e-06	5.58122e-08
lcl|NC_037646.1_mrna_XM_026443022.1_17910	6806	6607	3707.85	30.7187
lcl|NC_037646.1_mrna_XM_006567363.3_17911	6696	6497	2654.54	22.3647
lcl|NC_037646.1_mrna_XM_026443024.1_17912	4982	4783	1.13092e-06	1.29425e-08
lcl|NC_037646.1_mrna_XM_026443009.1_17913	5033	4834	5.63072e-06	6.37592e-08
lcl|NC_037646.1_mrna_XM_026443007.1_17914	4885	4686	1285.1	15.0114
lcl|NC_037646.1_mrna_XM_026443019.1_17915	5487	5288	0	0
lcl|NC_037646.1_mrna_XM_026443023.1_17916	5439	5240	34.5022	0.360413
lcl|NC_037646.1_mrna_XM_026443013.1_17917	5477	5278	37.1059	0.384821
lcl|NC_037646.1_mrna_XM_026443008.1_17918	5546	5347	0	0
lcl|NC_037646.1_mrna_XM_026443016.1_17919	5436	5237	0.558662	0.00583918
lcl|NC_037646.1_mrna_XM_016913901.2_17920	5418	5219	4448.2	46.6533
lcl|NC_037646.1_mrna_XM_026443010.1_17921	5505	5306	0	0
lcl|NC_037646.1_mrna_XM_026443026.1_17922	5469	5270	31.7279	0.329546
lcl|NC_037646.1_precursorrna_NR_039446.1_17923	129	5.5143	0	0
lcl|NC_037646.1_ncrna_17924	23	2.74792	0	0
lcl|NC_037646.1_mrna_XM_001120061.5_17925	6675	6476	113.614	0.960308
lcl|NC_037646.1_ncrna_XR_003305361.1_17926	8094	7895	63.3801	0.439427
lcl|NC_037646.1_mrna_XM_006567352.3_17927	6504	6305	401.386	3.48468
lcl|NC_037646.1_ncrna_XR_001704231.2_17928	3971	3772	54.2537	0.787305
lcl|NC_037646.1_mrna_XM_016913846.2_17929	1845	1646	2323.83	77.2788
lcl|NC_037646.1_mrna_XM_006567329.3_17930	1942	1743	0	0
lcl|NC_037646.1_mrna_XM_006567325.3_17931	2160	1961	0	0
lcl|NC_037646.1_mrna_XM_016913845.2_17932	2213	2014	0	0
lcl|NC_037646.1_mrna_XM_006567328.3_17933	2048	1849	72.9443	2.15943
lcl|NC_037646.1_mrna_XM_006567326.3_17934	2143	1944	0	0
lcl|NC_037646.1_mrna_XM_006567327.3_17935	2105	1906	0	0
lcl|NC_037646.1_mrna_XM_026442621.1_17936	1792	1593	32.1698	1.1054
lcl|NC_037646.1_mrna_NM_001040265.1_17937	1689	1490	537.052	19.7295
lcl|NC_037646.1_mrna_XM_395013.7_17938	2201	2002	3740	102.257
lcl|NC_037646.1_mrna_XM_026442690.1_17939	6909	6710	8.78583e-06	7.16714e-08
lcl|NC_037646.1_mrna_XM_026442689.1_17940	7005	6806	1252.63	10.0743
lcl|NC_037646.1_miscrna_XR_003305299.1_17941	7075	6876	391.143	3.11376
lcl|NC_037646.1_mrna_XM_016914170.2_17942	2174	1975	0	0
lcl|NC_037646.1_mrna_XM_006567351.3_17943	2177	1978	891	24.6568
lcl|NC_037646.1_mrna_XM_006567350.3_17944	1552	1353	14.7676	0.597444
lcl|NC_037646.1_mrna_XM_026442784.1_17945	1845	1646	39.3243	1.30772
lcl|NC_037646.1_mrna_XM_016913983.2_17946	2123	1924	180.613	5.13841
lcl|NC_037646.1_mrna_XM_016913981.2_17947	2672	2473	2961.61	65.5525
lcl|NC_037646.1_mrna_XM_016913982.2_17948	2676	2477	1162.17	25.6819
lcl|NC_037646.1_mrna_XM_016913986.2_17949	2064	1865	0	0
lcl|NC_037646.1_mrna_XM_016913987.2_17950	2053	1854	0	0
lcl|NC_037646.1_mrna_XM_016913985.2_17951	2131	1932	68.6098	1.94386
lcl|NC_037646.1_mrna_XM_016913984.2_17952	2135	1936	1.61669e-07	4.57096e-09
lcl|NC_037646.1_mrna_XM_006567335.3_17953	6379	6180	770.525	6.8247
lcl|NC_037646.1_mrna_XM_026442876.1_17954	6428	6229	1048.62	9.21481
lcl|NC_037646.1_mrna_XM_392880.7_17955	4068	3869	1546	21.8724
lcl|NC_037646.1_mrna_XM_006567337.3_17956	1607	1408	1502.05	58.3938
lcl|NC_037646.1_mrna_XM_006567336.3_17957	1534	1335	14.3989	0.59038
lcl|NC_037646.1_mrna_XM_006567338.2_17958	1801	1602	276.042	9.43189
lcl|NC_037646.1_mrna_XM_006567340.3_17959	1255	1056	119.716	6.20546
lcl|NC_037646.1_mrna_XM_623229.6_17960	1244	1045	803.582	42.092
lcl|NC_037646.1_mrna_XM_006567341.3_17961	1321	1122	288.21	14.0605
lcl|NC_037646.1_mrna_XM_395752.6_17962	3125	2926	1845	34.515
lcl|NW_020555797.1_miscrna_XR_003306362.1_17963	1141	942	75.5016	4.38723
lcl|NW_020555797.1_miscrna_XR_003306361.1_17964	1305	1106	29.5825	1.46408
lcl|NW_020555797.1_miscrna_XR_003306363.1_17965	1157	958	3.4722	0.198392
lcl|NW_020555797.1_miscrna_XR_003306360.1_17966	1197	998	0	0
lcl|NW_020555797.1_mrna_XM_026445944.1_17967	681	482	0	0
lcl|NW_020555797.1_miscrna_XR_003306364.1_17968	1087	888	70.8812	4.36921
lcl|NW_020555797.1_miscrna_XR_003306365.1_17969	1084	885	0	0
lcl|NW_020555801.1_ncrna_XR_003306366.1_17970	1328	1129	32.287	1.56538
lcl|NW_020555807.1_ncrna_XR_003306367.1_17971	1104	905	15.997	0.967554
lcl|NW_020555812.1_rrna_XR_003306368.1_17972	4023	3824	168.128	2.40661
lcl|NW_020555813.1_rrna_XR_003306369.1_17973	1923	1724	68039.1	2160.26
lcl|NC_037647.1_ncrna_XR_003305428.1_17974	703	504	0	0
lcl|NC_037647.1_ncrna_XR_003305429.1_17975	589	390	0	0
lcl|NC_037647.1_ncrna_XR_003305427.1_17976	713	514	0	0
lcl|NC_037647.1_mrna_XM_026443323.1_17977	773	574	236.112	22.516
lcl|NC_037647.1_mrna_XM_006572049.3_17978	726	527	0.399678	0.0415131
lcl|NC_037647.1_mrna_XM_026443325.1_17979	774	575	2.99607e-07	2.85213e-08
lcl|NC_037647.1_miscrna_XR_003305469.1_17980	962	763	18.5083	1.32779
lcl|NC_037647.1_mrna_XM_026443321.1_17981	821	622	1.0838e-07	9.53768e-09
lcl|NC_037647.1_mrna_XM_026443326.1_17982	803	604	0	0
lcl|NC_037647.1_mrna_XM_026443322.1_17983	847	648	0	0
lcl|NC_037647.1_mrna_XM_026443327.1_17984	617	418	33.2184	4.34998
lcl|NC_037647.1_mrna_XM_026443324.1_17985	663	464	19.9442	2.35279
lcl|NC_037647.1_mrna_XM_026443328.1_17986	665	466	0	0
lcl|NC_037647.1_miscrna_XR_003305426.1_17987	4951	4752	0	0
lcl|NC_037647.1_mrna_XM_006571819.3_17988	5161	4962	1676	18.4885
lcl|NC_037647.1_mrna_XM_625056.6_17989	2204	2005	692.771	18.913
lcl|NC_037647.1_mrna_XM_006572269.3_17990	2012	1813	0.00345303	0.000104253
lcl|NC_037647.1_mrna_XM_026443338.1_17991	1162	963	42.2252	2.40011
lcl|NC_037647.1_mrna_XM_026443337.1_17992	2365	2166	885	22.3651
lcl|NC_037647.1_mrna_XM_006572273.3_17993	16834	16635	533.958	1.75699
lcl|NC_037647.1_mrna_XM_006572274.3_17994	16822	16623	976.229	3.2146
lcl|NC_037647.1_mrna_XM_006572275.3_17995	16642	16443	7654.49	25.4812
lcl|NC_037647.1_mrna_XM_006572272.3_17996	16855	16656	125.977	0.414005
lcl|NC_037647.1_mrna_XM_026443336.1_17997	1771	1572	428.046	14.9047
lcl|NC_037647.1_mrna_XM_026443334.1_17998	1788	1589	186.954	6.44016
lcl|NC_037647.1_mrna_XM_623807.5_17999	1081	882	773	47.9729
lcl|NC_037647.1_mrna_XM_397424.7_18000	1227	1028	811	43.183
lcl|NC_037647.1_mrna_XM_623750.6_18001	1255	1056	1579	81.8471
lcl|NC_037647.1_mrna_XM_001122972.5_18002	936	737	1240.46	92.1303
lcl|NC_037647.1_mrna_XM_006572192.3_18003	854	655	30.3064	2.53267
lcl|NC_037647.1_mrna_XM_006572191.3_18004	693	494	5512.23	610.781
lcl|NC_037647.1_mrna_XM_003251854.4_18005	616	417	38	4.98807
lcl|NC_037647.1_mrna_XM_016917436.2_18006	522	323	0	0
lcl|NC_037647.1_mrna_XM_026443191.1_18007	2060	1861	1195.33	35.1582
lcl|NC_037647.1_mrna_XM_026443190.1_18008	2001	1802	745.757	22.6531
lcl|NC_037647.1_mrna_XM_395122.5_18009	1136	937	773	45.157
lcl|NC_037647.1_mrna_XM_026443517.1_18010	4298	4099	55.9021	0.74651
lcl|NC_037647.1_mrna_XM_026443518.1_18011	4293	4094	33.6492	0.449896
lcl|NC_037647.1_mrna_XM_026443519.1_18012	4537	4338	0	0
lcl|NC_037647.1_mrna_XM_026443520.1_18013	4502	4303	0	0
lcl|NC_037647.1_mrna_XM_026443523.1_18014	4277	4078	41.1193	0.55193
lcl|NC_037647.1_mrna_XM_026443521.1_18015	4454	4255	3.45733e-07	4.44761e-09
lcl|NC_037647.1_mrna_XM_026443522.1_18016	4417	4218	209.728	2.72167
lcl|NC_037647.1_mrna_XM_026443524.1_18017	3922	3723	231.271	3.40027
lcl|NC_037647.1_mrna_XM_026443525.1_18018	3619	3420	0	0
lcl|NC_037647.1_mrna_XM_026443526.1_18019	3583	3384	62.1626	1.0055
lcl|NC_037647.1_mrna_XM_026443516.1_18020	4295	4096	18.1674	0.242783
lcl|NC_037647.1_mrna_NM_001011605.1_18021	1434	1235	519	23.0031
lcl|NC_037647.1_mrna_XM_026443211.1_18022	1468	1269	1334	57.5413
lcl|NC_037647.1_mrna_XM_026443210.1_18023	1780	1581	633	21.9158
lcl|NC_037647.1_mrna_XM_026443290.1_18024	1322	1123	183.081	8.92376
lcl|NC_037647.1_mrna_XM_026443289.1_18025	1426	1227	46.5256	2.07555
lcl|NC_037647.1_mrna_XM_026443288.1_18026	1509	1310	337.394	14.0978
lcl|NC_037647.1_mrna_XM_026443287.1_18027	1492	1293	710	30.057
lcl|NC_037647.1_mrna_XM_026443297.1_18028	2247	2048	971	25.9522
lcl|NC_037647.1_mrna_XM_026443169.1_18029	1163	964	606	34.4097
lcl|NC_037647.1_mrna_XM_026443168.1_18030	2788	2589	3.86317	0.0816766
lcl|NC_037647.1_mrna_XM_624381.6_18031	3149	2950	1038.86	19.2761
lcl|NC_037647.1_mrna_XM_016917369.2_18032	3146	2947	4.01877e-06	7.46446e-08
lcl|NC_037647.1_mrna_XM_006572075.3_18033	3143	2944	262.282	4.87658
lcl|NC_037647.1_mrna_XM_016917370.2_18034	3140	2941	4.24345e-06	7.89785e-08
lcl|NC_037647.1_mrna_XM_624335.6_18035	1229	1030	1022.95	54.3631
lcl|NC_037647.1_mrna_XM_016917368.2_18036	2106	1907	2496.05	71.6452
lcl|NC_037647.1_trna_18037	73	3.5471	0	0
lcl|NC_037647.1_mrna_XM_026443339.1_18038	1519	1320	633.397	26.2656
lcl|NC_037647.1_mrna_XM_006572072.3_18039	702	503	89	9.68517
lcl|NC_037647.1_mrna_XM_006572073.3_18040	763	564	1226	118.986
lcl|NC_037647.1_mrna_XM_016917366.2_18041	2297	2098	338.246	8.82495
lcl|NC_037647.1_mrna_XM_016917365.2_18042	2358	2159	247.754	6.28136
lcl|NC_037647.1_mrna_XM_001122985.4_18043	1396	1197	896	40.9731
lcl|NC_037647.1_mrna_XM_001122979.5_18044	1999	1800	44.3934	1.34999
lcl|NC_037647.1_mrna_XM_006572068.3_18045	1873	1674	10.6066	0.346822
lcl|NC_037647.1_mrna_XM_026443491.1_18046	2629	2430	266.736	6.00842
lcl|NC_037647.1_mrna_XM_026443490.1_18047	1933	1734	951.264	30.0288
lcl|NC_037647.1_mrna_XM_026443489.1_18048	4055	3856	200.833	2.85091
lcl|NC_037647.1_mrna_XM_001122971.5_18049	1928	1729	918	29.0625
lcl|NC_037647.1_mrna_XM_026443492.1_18050	1799	1600	157	5.37112
lcl|NC_037647.1_mrna_XM_003251823.4_18051	3959	3760	4593.17	66.8667
lcl|NC_037647.1_mrna_NM_001077818.1_18052	1707	1508	0	0
lcl|NC_037647.1_mrna_XM_006557261.3_18053	3865	3666	1402	20.9335
lcl|NC_037647.1_mrna_XM_006557262.3_18054	4967	4768	1554.53	17.8463
lcl|NC_037647.1_mrna_XM_006557264.3_18055	3990	3791	3667.61	52.9559
lcl|NC_037647.1_mrna_XM_396688.7_18056	5641	5442	622.859	6.26494
lcl|NC_037647.1_ncrna_XR_119736.4_18057	3157	2958	0	0
lcl|NC_037647.1_ncrna_XR_003305490.1_18058	2125	1926	0	0
lcl|NC_037647.1_mrna_XM_026443247.1_18059	3081	2882	1607.92	30.539
lcl|NC_037647.1_miscrna_XR_407583.3_18060	2761	2562	164.339	3.51113
lcl|NC_037647.1_mrna_XM_016914276.2_18061	1896	1697	900.906	29.0591
lcl|NC_037647.1_mrna_XM_006557796.3_18062	1977	1778	88.6266	2.72846
lcl|NC_037647.1_mrna_XM_393726.7_18063	1861	1662	231.211	7.61488
lcl|NC_037647.1_mrna_XM_393727.6_18064	3227	3028	245	4.4289
lcl|NC_037647.1_ncrna_XR_003305509.1_18065	2588	2389	5	0.114562
lcl|NC_037647.1_mrna_XM_391855.7_18066	1578	1379	1206	47.8705
lcl|NC_037647.1_mrna_XM_006557795.3_18067	1824	1625	46.5994	1.56968
lcl|NC_037647.1_mrna_XM_006557794.3_18068	2344	2145	298.401	7.61479
lcl|NC_037647.1_mrna_XM_016914216.2_18069	1632	1433	0	0
lcl|NC_037647.1_ncrna_XR_003305470.1_18070	489	290	0	0
lcl|NC_037647.1_mrna_XM_393728.7_18071	3730	3531	1	0.015502
lcl|NC_037647.1_mrna_XM_026443209.1_18072	4831	4632	0	0
lcl|NC_037647.1_mrna_XM_006558227.3_18073	4833	4634	0	0
lcl|NC_037647.1_mrna_XM_006558229.3_18074	4799	4600	0.0248028	0.00029514
lcl|NC_037647.1_mrna_XM_006558231.3_18075	4667	4468	9.23458e-07	1.13133e-08
lcl|NC_037647.1_mrna_XM_006558228.3_18076	4805	4606	0	0
lcl|NC_037647.1_mrna_XM_006558233.3_18077	4633	4434	0.0141929	0.000175211
lcl|NC_037647.1_mrna_XM_006558230.3_18078	4771	4572	55.0595	0.659191
lcl|NC_037647.1_mrna_XM_006558232.3_18079	4639	4440	0.00257586	3.17559e-05
lcl|NC_037647.1_mrna_XM_006558234.3_18080	4605	4406	42.0805	0.522783
lcl|NC_037647.1_precursorrna_NR_039497.1_18081	81	3.73072	0	0
lcl|NC_037647.1_ncrna_18082	22	2.73612	0	0
lcl|NC_037647.1_mrna_XM_006558235.3_18083	1070	871	0	0
lcl|NC_037647.1_ncrna_XR_003305425.1_18084	841	642	0	0
lcl|NC_037647.1_ncrna_XR_003305491.1_18085	426	227	0	0
lcl|NC_037647.1_precursorrna_NR_039505.1_18086	83	3.78007	0	0
lcl|NC_037647.1_ncrna_18087	21	2.72438	0	0
lcl|NC_037647.1_ncrna_XR_003305463.1_18088	1081	882	0	0
lcl|NC_037647.1_mrna_XM_016914583.2_18089	3262	3063	71.1366	1.27125
lcl|NC_037647.1_mrna_XM_016914584.2_18090	3807	3608	1.30585e-08	1.98113e-10
lcl|NC_037647.1_mrna_XM_006558347.3_18091	3501	3302	0	0
lcl|NC_037647.1_mrna_XM_006558346.3_18092	3878	3679	186.394	2.77324
lcl|NC_037647.1_mrna_XM_003249263.4_18093	8929	8730	158.323	0.992696
lcl|NC_037647.1_ncrna_XR_003305383.1_18094	2511	2312	16	0.378807
lcl|NC_037647.1_miscrna_XR_003305384.1_18095	1877	1678	7.12216	0.23233
lcl|NC_037647.1_mrna_XM_026443094.1_18096	4550	4351	43.7632	0.550561
lcl|NC_037647.1_mrna_XM_026443092.1_18097	3836	3637	97.6905	1.47026
lcl|NC_037647.1_mrna_XM_026443093.1_18098	3707	3508	43.2859	0.675417
lcl|NC_037647.1_mrna_XM_006558822.3_18099	3944	3745	316.912	4.63204
lcl|NC_037647.1_mrna_XM_016914543.2_18100	3866	3667	37.8812	0.565455
lcl|NC_037647.1_mrna_XM_016914544.2_18101	3755	3556	29.632	0.456126
lcl|NC_037647.1_ncrna_XR_003305385.1_18102	10862	10663	26	0.133469
lcl|NC_037647.1_miscrna_XR_003305455.1_18103	2355	2156	0	0
lcl|NC_037647.1_miscrna_XR_003305454.1_18104	2473	2274	0	0
lcl|NC_037647.1_miscrna_XR_003305444.1_18105	5023	4824	0	0
lcl|NC_037647.1_mrna_XM_026443267.1_18106	1257	1058	30.4745	1.57665
lcl|NC_037647.1_mrna_XM_026443266.1_18107	1260	1061	0.855136	0.0441169
lcl|NC_037647.1_miscrna_XR_003305446.1_18108	5246	5047	0	0
lcl|NC_037647.1_miscrna_XR_003305447.1_18109	5250	5051	0	0
lcl|NC_037647.1_miscrna_XR_003305452.1_18110	1814	1615	5.10102	0.17289
lcl|NC_037647.1_miscrna_XR_003305453.1_18111	1817	1618	0.49034	0.0165884
lcl|NC_037647.1_miscrna_XR_003305443.1_18112	5301	5102	0	0
lcl|NC_037647.1_miscrna_XR_003305445.1_18113	5253	5054	0	0
lcl|NC_037647.1_miscrna_XR_003305442.1_18114	5371	5172	0	0
lcl|NC_037647.1_miscrna_XR_003305450.1_18115	4287	4088	0	0
lcl|NC_037647.1_miscrna_XR_003305449.1_18116	12057	11858	0	0
lcl|NC_037647.1_miscrna_XR_003305456.1_18117	8634	8435	1.07898	0.00700186
lcl|NC_037647.1_miscrna_XR_003305448.1_18118	12270	12071	0	0
lcl|NC_037647.1_miscrna_XR_003305457.1_18119	1414	1215	0	0
lcl|NC_037647.1_miscrna_XR_003305451.1_18120	6883	6684	0	0
lcl|NC_037647.1_mrna_XM_026443363.1_18121	1177	978	0	0
lcl|NC_037647.1_trna_18122	73	3.5471	0	0
lcl|NC_037647.1_trna_18123	72	3.52559	0	0
lcl|NC_037647.1_mrna_XM_016914264.2_18124	4094	3895	0	0
lcl|NC_037647.1_mrna_XM_006559062.3_18125	3809	3610	50.3174	0.76295
lcl|NC_037647.1_mrna_XM_395932.6_18126	4298	4099	40.5161	0.541046
lcl|NC_037647.1_mrna_XM_006559061.3_18127	3879	3680	0	0
lcl|NC_037647.1_mrna_XM_026443510.1_18128	1937	1738	37.7832	1.18996
lcl|NC_037647.1_mrna_XM_395933.7_18129	1799	1600	57.554	1.96898
lcl|NC_037647.1_mrna_XM_006559065.3_18130	2056	1857	6.01007	0.177155
lcl|NC_037647.1_mrna_XM_006559064.3_18131	1688	1489	0.0215593	0.000792548
lcl|NC_037647.1_mrna_XM_026443511.1_18132	1544	1345	6.88218	0.280085
lcl|NC_037647.1_mrna_XM_026443512.1_18133	1547	1348	0	0
lcl|NC_037647.1_miscrna_XR_003305536.1_18134	1124	925	16.749	0.991134
lcl|NC_037647.1_mrna_XM_026443364.1_18135	315	116	0	0
lcl|NC_037647.1_mrna_XM_006559228.2_18136	6101	5902	149.725	1.38861
lcl|NC_037647.1_mrna_XM_006559230.3_18137	6392	6193	540.039	4.7732
lcl|NC_037647.1_miscrna_XR_003305538.1_18138	3167	2968	5.23401	0.0965286
lcl|NC_037647.1_ncrna_XR_003305539.1_18139	4024	3825	11.9616	0.171176
lcl|NC_037647.1_miscrna_XR_003305537.1_18140	2311	2112	3.58911	0.0930204
lcl|NC_037647.1_mrna_XM_006559227.3_18141	6585	6386	71.8394	0.615771
lcl|NC_037647.1_mrna_XM_006559226.3_18142	6471	6272	3610.17	31.507
lcl|NC_037647.1_mrna_XM_006559225.3_18143	5890	5691	0.000990966	9.53138e-06
lcl|NC_037647.1_ncrna_XR_003305540.1_18144	653	454	0	0
lcl|NC_037647.1_miscrna_XR_408252.3_18145	6095	5896	2.65336	0.0246334
lcl|NC_037647.1_mrna_XM_006559223.3_18146	6156	5957	188.755	1.73442
lcl|NC_037647.1_miscrna_XR_001704350.2_18147	5151	4952	83.592	0.923995
lcl|NC_037647.1_mrna_XM_006559222.3_18148	10089	9890	1167.21	6.46007
lcl|NC_037647.1_mrna_XM_026443514.1_18149	3308	3109	447.84	7.88473
lcl|NC_037647.1_mrna_XM_026443513.1_18150	3309	3110	7141.16	125.688
lcl|NC_037647.1_ncrna_XR_001704346.2_18151	874	675	128	10.3799
lcl|NC_037647.1_precursorrna_NR_127354.1_18152	82	3.75521	0	0
lcl|NC_037647.1_ncrna_18153	22	2.73612	0	0
lcl|NC_037647.1_ncrna_XR_003305541.1_18154	1604	1405	10.2435	0.399078
lcl|NC_037647.1_ncrna_XR_408250.3_18155	1457	1258	4.7565	0.206963
lcl|NC_037647.1_mrna_XM_016914555.2_18156	4543	4344	165.491	2.0853
lcl|NC_037647.1_miscrna_XR_408563.3_18157	5358	5159	7.71746	0.0818831
lcl|NC_037647.1_mrna_XM_016914551.2_18158	5578	5379	0	0
lcl|NC_037647.1_mrna_XM_016914552.2_18159	5572	5373	0	0
lcl|NC_037647.1_mrna_XM_016914553.2_18160	5567	5368	0	0
lcl|NC_037647.1_mrna_XM_016914554.2_18161	5518	5319	0	0
lcl|NC_037647.1_mrna_XM_006559983.3_18162	5806	5607	52.7918	0.515373
lcl|NC_037647.1_mrna_XM_006559986.3_18163	1563	1364	104.969	4.21241
lcl|NC_037647.1_mrna_XM_393723.7_18164	1560	1361	1408.03	56.6291
lcl|NC_037647.1_mrna_XM_391854.7_18165	1908	1709	2394.74	76.701
lcl|NC_037647.1_mrna_XM_006559985.3_18166	1227	1028	2725.71	145.135
lcl|NC_037647.1_mrna_XM_006559984.3_18167	1309	1110	2898.55	142.937
lcl|NC_037647.1_mrna_XM_003249547.4_18168	2326	2127	542	13.9482
lcl|NC_037647.1_mrna_XM_016914448.2_18169	724	525	6.44356	0.671818
lcl|NC_037647.1_mrna_XM_016914452.2_18170	791	592	0	0
lcl|NC_037647.1_mrna_XM_016914451.2_18171	2611	2412	2.55644	0.0580154
lcl|NC_037647.1_mrna_XM_016914450.2_18172	2695	2496	0	0
lcl|NC_037647.1_mrna_XM_016914449.2_18173	647	448	0	0
lcl|NC_037647.1_ncrna_XR_408567.3_18174	2511	2312	4	0.0947016
lcl|NC_037647.1_ncrna_XR_001704531.2_18175	9271	9072	6.53797e-05	3.9448e-07
lcl|NC_037647.1_ncrna_XR_003305504.1_18176	9202	9003	0.999935	0.00607952
lcl|NC_037647.1_ncrna_XR_003305508.1_18177	4061	3862	6	0.0850402
lcl|NC_037647.1_ncrna_XR_001704528.2_18178	3041	2842	113.075	2.17785
lcl|NC_037647.1_ncrna_XR_003305505.1_18179	8977	8778	42.0222	0.262041
lcl|NC_037647.1_ncrna_XR_003305506.1_18180	8910	8711	0	0
lcl|NC_037647.1_mrna_XM_003249567.4_18181	7745	7546	2200.25	15.9602
lcl|NC_037647.1_ncrna_XR_001704562.2_18182	2683	2484	6.79916	0.149827
lcl|NC_037647.1_ncrna_XR_001704561.2_18183	2455	2256	16.4265	0.398558
lcl|NC_037647.1_precursorrna_NR_034316.1_18184	86	3.85692	0	0
lcl|NC_037647.1_ncrna_18185	23	2.74792	0	0
lcl|NC_037647.1_ncrna_XR_003305507.1_18186	635	436	6	0.753269
lcl|NC_037647.1_mrna_XM_001120574.5_18187	1340	1141	983.909	47.2014
lcl|NC_037647.1_mrna_XM_003249581.3_18188	1191	992	43.0913	2.37773
lcl|NC_037647.1_mrna_XM_016914530.2_18189	1022	823	0	0
lcl|NC_037647.1_mrna_XM_396908.7_18190	4844	4645	186.775	2.20099
lcl|NC_037647.1_mrna_XM_006560103.3_18191	4904	4705	340.719	3.96389
lcl|NC_037647.1_mrna_XM_026443429.1_18192	5050	4851	54.7428	0.617705
lcl|NC_037647.1_mrna_XM_026443428.1_18193	5145	4946	26.9369	0.298111
lcl|NC_037647.1_mrna_XM_393411.6_18194	1971	1772	2224	68.6999
lcl|NC_037647.1_mrna_XM_006560107.3_18195	1336	1137	151.185	7.27837
lcl|NC_037647.1_mrna_XM_397047.7_18196	1339	1140	1918.81	92.1326
lcl|NC_037647.1_mrna_XM_393502.7_18197	3261	3062	2080.13	37.1853
lcl|NC_037647.1_mrna_XM_006560110.3_18198	3156	2957	634.3	11.7416
lcl|NC_037647.1_mrna_XM_003249582.4_18199	2517	2318	8061.57	190.367
lcl|NC_037647.1_mrna_XM_026443365.1_18200	2544	2345	3845	89.7509
lcl|NC_037647.1_mrna_XM_016914401.2_18201	1794	1595	29.6049	1.01599
lcl|NC_037647.1_mrna_XM_026443430.1_18202	1780	1581	0	0
lcl|NC_037647.1_mrna_XM_026443431.1_18203	1711	1512	1.20731e-06	4.37073e-08
lcl|NC_037647.1_mrna_XM_006560112.3_18204	1231	1032	4.05452	0.215053
lcl|NC_037647.1_mrna_XM_016914399.2_18205	1691	1492	0	0
lcl|NC_037647.1_mrna_XM_016914398.2_18206	1692	1493	67.3406	2.46889
lcl|NC_037647.1_mrna_XM_006560115.3_18207	2331	2132	704.215	18.0802
lcl|NC_037647.1_mrna_XM_006560114.3_18208	2250	2051	2761.99	73.7127
lcl|NC_037647.1_mrna_XM_016914403.2_18209	2189	1990	519.792	14.2976
lcl|NC_037647.1_mrna_XM_016914402.2_18210	2125	1926	0	0
lcl|NC_037647.1_ncrna_XR_001704447.2_18211	1434	1235	28	1.24101
lcl|NC_037647.1_mrna_XM_396715.6_18212	4174	3975	90	1.23934
lcl|NC_037647.1_mrna_XM_016914327.2_18213	7276	7077	53.1235	0.410887
lcl|NC_037647.1_mrna_XM_016914329.2_18214	7455	7256	261.991	1.9764
lcl|NC_037647.1_mrna_XM_016914326.2_18215	7590	7391	15.4798	0.114643
lcl|NC_037647.1_mrna_XM_016914324.2_18216	7620	7421	0.0932434	0.000687766
lcl|NC_037647.1_mrna_XM_016914328.2_18217	7508	7309	173.986	1.30299
lcl|NC_037647.1_mrna_XM_016914330.2_18218	6174	5975	0	0
lcl|NC_037647.1_mrna_XM_016914325.2_18219	5594	5395	31.326	0.317833
lcl|NC_037647.1_mrna_XM_396716.7_18220	1664	1465	746	27.8732
lcl|NC_037647.1_mrna_XM_016914332.2_18221	5032	4833	1764	19.9787
lcl|NC_037647.1_mrna_XM_006560119.3_18222	4846	4647	0	0
lcl|NC_037647.1_mrna_XM_006560120.3_18223	4743	4544	469.401	5.65446
lcl|NC_037647.1_mrna_XM_006560118.3_18224	4826	4627	0	0
lcl|NC_037647.1_mrna_XM_016914333.2_18225	4758	4559	0	0
lcl|NC_037647.1_mrna_XM_016914331.2_18226	2924	2725	810.614	16.2829
lcl|NC_037647.1_ncrna_XR_001704407.2_18227	1933	1734	606	19.1297
lcl|NC_037647.1_mrna_XM_006560121.3_18228	5793	5594	2842.07	27.8098
lcl|NC_037647.1_ncrna_XR_003305503.1_18229	3839	3640	0	0
lcl|NC_037647.1_ncrna_XR_003305502.1_18230	3964	3765	44.6348	0.648923
lcl|NC_037647.1_ncrna_XR_003305501.1_18231	4025	3826	24.3652	0.348587
lcl|NC_037647.1_mrna_XM_006560432.3_18232	1207	1008	136	7.38522
lcl|NC_037647.1_mrna_XM_006560433.2_18233	429	230	0	0
lcl|NC_037647.1_mrna_XM_006560434.3_18234	787	588	526	48.9659
lcl|NC_037647.1_mrna_XM_006560436.3_18235	1414	1215	5	0.225257
lcl|NC_037647.1_mrna_XM_003249642.4_18236	1896	1697	0	0
lcl|NC_037647.1_mrna_XM_001121066.5_18237	1702	1503	0	0
lcl|NC_037647.1_mrna_XM_006560435.3_18238	1323	1124	140	6.81784
lcl|NC_037647.1_mrna_XM_016914641.2_18239	441	242	0	0
lcl|NC_037647.1_mrna_XM_016914640.2_18240	4874	4675	21	0.24588
lcl|NC_037647.1_mrna_XM_026443345.1_18241	973	774	0	0
lcl|NC_037647.1_mrna_XM_001119906.5_18242	8283	8084	568.533	3.84959
lcl|NC_037647.1_mrna_XM_006560770.3_18243	7043	6844	67.875	0.542856
lcl|NC_037647.1_ncrna_XR_003305489.1_18244	4577	4378	13	0.162537
lcl|NC_037647.1_ncrna_XR_003305488.1_18245	2350	2151	184	4.68234
lcl|NC_037647.1_ncrna_XR_001704687.2_18246	1010	811	0	0
lcl|NC_037647.1_ncrna_XR_003305481.1_18247	1152	953	3.98189	0.228708
lcl|NC_037647.1_ncrna_XR_408863.3_18248	840	641	0	0
lcl|NC_037647.1_ncrna_XR_003305480.1_18249	434	235	1.01811	0.237143
lcl|NC_037647.1_mrna_XM_396552.7_18250	3875	3676	169.354	2.52177
lcl|NC_037647.1_miscrna_XR_003305533.1_18251	3642	3443	597.16	9.49377
lcl|NC_037647.1_mrna_XM_026443494.1_18252	5668	5469	70.3012	0.703623
lcl|NC_037647.1_mrna_XM_026443493.1_18253	5677	5478	5.82086e-08	5.81635e-10
lcl|NC_037647.1_mrna_XM_006560821.3_18254	4845	4646	83.8404	0.987778
lcl|NC_037647.1_mrna_XM_006560820.3_18255	4866	4667	213.498	2.50404
lcl|NC_037647.1_mrna_XM_026443495.1_18256	4980	4781	0.0037154	4.25375e-05
lcl|NC_037647.1_mrna_XM_006560823.3_18257	4890	4691	42.3563	0.49424
lcl|NC_037647.1_precursorrna_NR_039464.1_18258	127	5.40428	0	0
lcl|NC_037647.1_ncrna_18259	23	2.74792	0	0
lcl|NC_037647.1_ncrna_XR_003305482.1_18260	763	564	11	1.06758
lcl|NC_037647.1_mrna_XM_026443264.1_18261	1005	806	0	0
lcl|NC_037647.1_miscrna_XR_003305436.1_18262	1453	1254	0	0
lcl|NC_037647.1_miscrna_XR_003305441.1_18263	1354	1155	12.1236	0.574559
lcl|NC_037647.1_mrna_XM_026443263.1_18264	401	202	4.94633	1.34035
lcl|NC_037647.1_miscrna_XR_003305437.1_18265	5415	5216	3.67447	0.0385605
lcl|NC_037647.1_miscrna_XR_003305440.1_18266	890	691	55.9779	4.43429
lcl|NC_037647.1_miscrna_XR_003305438.1_18267	6253	6054	21.7528	0.196679
lcl|NC_037647.1_miscrna_XR_003305439.1_18268	1215	1016	23.4552	1.26366
lcl|NC_037647.1_ncrna_XR_409037.3_18269	769	570	5.0696	0.486838
lcl|NC_037647.1_mrna_XM_003249786.4_18270	1708	1509	240	8.70577
lcl|NC_037647.1_mrna_XM_393166.6_18271	974	775	766	54.1019
lcl|NC_037647.1_mrna_XM_006561217.3_18272	952	753	0	0
lcl|NC_037647.1_mrna_XM_006561216.3_18273	4982	4783	3303.44	37.8052
lcl|NC_037647.1_mrna_XM_016914313.2_18274	4447	4248	0.0257904	0.000332322
lcl|NC_037647.1_mrna_XM_016914311.2_18275	4817	4618	746.503	8.84836
lcl|NC_037647.1_mrna_XM_016914312.2_18276	4497	4298	4623.2	58.8791
lcl|NC_037647.1_mrna_XM_026443348.1_18277	6275	6076	365.961	3.29687
lcl|NC_037647.1_mrna_XM_016914308.2_18278	6182	5983	506.869	4.63727
lcl|NC_037647.1_ncrna_XR_003305479.1_18279	2187	1988	12	0.330408
lcl|NC_037647.1_ncrna_XR_001704402.2_18280	1310	1111	149	7.34104
lcl|NC_037647.1_mrna_XM_026443349.1_18281	1082	883	92	5.70312
lcl|NC_037647.1_trna_18282	72	3.52559	0	0
lcl|NC_037647.1_ncrna_XR_001704401.2_18283	960	761	24	1.72628
lcl|NC_037647.1_ncrna_XR_003305534.1_18284	1030	831	273.031	17.9844
lcl|NC_037647.1_ncrna_XR_001704396.2_18285	1485	1286	49.9214	2.12486
lcl|NC_037647.1_ncrna_XR_001704397.2_18286	1059	860	168.113	10.7001
lcl|NC_037647.1_mrna_XM_016914309.2_18287	3027	2828	451.256	8.73432
lcl|NC_037647.1_mrna_XM_026443496.1_18288	2924	2725	0	0
lcl|NC_037647.1_mrna_XM_026443498.1_18289	3570	3371	0.00152697	2.47947e-05
lcl|NC_037647.1_mrna_XM_026443497.1_18290	4957	4758	663.913	7.63787
lcl|NC_037647.1_mrna_XM_026443499.1_18291	2253	2054	165.096	4.39968
lcl|NC_037647.1_mrna_XM_026443507.1_18292	4207	4008	75.6429	1.03306
lcl|NC_037647.1_mrna_XM_026443506.1_18293	4334	4135	17.7489	0.234954
lcl|NC_037647.1_mrna_XM_026443505.1_18294	4105	3906	0	0
lcl|NC_037647.1_mrna_XM_026443504.1_18295	4129	3930	0	0
lcl|NC_037647.1_mrna_XM_026443500.1_18296	4149	3950	0	0
lcl|NC_037647.1_mrna_XM_026443503.1_18297	4133	3934	0	0
lcl|NC_037647.1_mrna_XM_026443502.1_18298	4153	3954	11.1648	0.154562
lcl|NC_037647.1_mrna_XM_026443508.1_18299	4026	3827	11.1108	0.158917
lcl|NC_037647.1_mrna_XM_396235.7_18300	1487	1288	87	3.69733
lcl|NC_037647.1_mrna_XM_016914381.2_18301	4060	3861	3.68202e-07	5.22001e-09
lcl|NC_037647.1_mrna_XM_001121067.5_18302	4040	3841	284.113	4.04885
lcl|NC_037647.1_ncrna_XR_001704442.2_18303	291	92.0002	14	8.32961
lcl|NC_037647.1_ncrna_XR_003305423.1_18304	1988	1789	10.633	0.325335
lcl|NC_037647.1_ncrna_XR_001704441.2_18305	592	393	38.2545	5.32813
lcl|NC_037647.1_mrna_XM_006562028.3_18306	3436	3237	21.5083	0.363705
lcl|NC_037647.1_mrna_XM_001120993.5_18307	2533	2334	8.49169	0.199149
lcl|NC_037647.1_mrna_XM_003249957.4_18308	1866	1667	1	0.032836
lcl|NC_037647.1_mrna_XM_026443201.1_18309	7433	7234	37.5931	0.284456
lcl|NC_037647.1_mrna_XM_026443199.1_18310	6766	6567	377.161	3.14373
lcl|NC_037647.1_mrna_XM_026443200.1_18311	5655	5456	129.803	1.30225
lcl|NC_037647.1_mrna_XM_001120897.5_18312	1475	1276	19	0.815057
lcl|NC_037647.1_mrna_XM_026443203.1_18313	768	569	143.149	13.7708
lcl|NC_037647.1_mrna_XM_006562025.3_18314	922	723	26.1866	1.98256
lcl|NC_037647.1_mrna_XM_016914383.2_18315	967	768	17.0667	1.21639
lcl|NC_037647.1_mrna_XM_001120852.5_18316	987	788	3.59817	0.249943
lcl|NC_037647.1_mrna_XM_026443202.1_18317	1872	1673	293	9.58643
lcl|NC_037647.1_ncrna_XR_003305424.1_18318	614	415	8.44318	1.11364
lcl|NC_037647.1_mrna_XM_006562063.3_18319	4380	4181	3494.3	45.7472
lcl|NC_037647.1_mrna_XM_006562066.3_18320	3535	3336	2390.09	39.217
lcl|NC_037647.1_mrna_XM_006562065.3_18321	3487	3288	0.000333447	5.55112e-06
lcl|NC_037647.1_mrna_XM_393642.7_18322	4514	4315	1819.61	23.0825
lcl|NC_037647.1_mrna_XM_016914524.2_18323	3456	3257	0	0
lcl|NC_037647.1_mrna_XM_026443205.1_18324	3386	3187	0	0
lcl|NC_037647.1_mrna_XM_026443204.1_18325	6209	6010	56	0.510034
lcl|NC_037647.1_ncrna_XR_409287.3_18326	238	40.2855	0	0
lcl|NC_037647.1_mrna_XM_624765.5_18327	1440	1241	2350	103.653
lcl|NC_037647.1_mrna_XM_623103.6_18328	1188	989	13386	740.866
lcl|NC_037647.1_mrna_XM_026443353.1_18329	2076	1877	1280.76	37.3498
lcl|NC_037647.1_mrna_XM_026443350.1_18330	2345	2146	2065.73	52.6902
lcl|NC_037647.1_mrna_XM_026443351.1_18331	2132	1933	47.0575	1.33255
lcl|NC_037647.1_mrna_XM_026443352.1_18332	2129	1930	334.121	9.47616
lcl|NC_037647.1_mrna_XM_026443354.1_18333	2109	1910	1.33032	0.0381249
lcl|NC_037647.1_mrna_XM_006562061.3_18334	805	606	6	0.541956
lcl|NC_037647.1_mrna_XM_006562053.3_18335	2151	1952	15.7737	0.442324
lcl|NC_037647.1_mrna_XM_006562047.3_18336	2327	2128	22.685	0.583514
lcl|NC_037647.1_mrna_XM_006562054.3_18337	2270	2071	16.9616	0.448303
lcl|NC_037647.1_mrna_XM_006562048.3_18338	2100	1901	87.0075	2.5053
lcl|NC_037647.1_mrna_XM_026443355.1_18339	2145	1946	327.629	9.21563
lcl|NC_037647.1_mrna_XM_026443358.1_18340	2130	1931	69.4939	1.96993
lcl|NC_037647.1_mrna_XM_026443356.1_18341	2088	1889	261.3	7.57168
lcl|NC_037647.1_mrna_XM_026443357.1_18342	2073	1874	92.2981	2.69593
lcl|NC_037647.1_mrna_XM_624706.6_18343	2397	2198	205.405	5.11526
lcl|NC_037647.1_mrna_XM_006562052.3_18344	2165	1966	142.6	3.97029
lcl|NC_037647.1_mrna_XM_006562057.3_18345	2108	1909	110.846	3.17835
lcl|NC_037647.1_mrna_XM_001122164.5_18346	679	480	277	31.5881
lcl|NC_037647.1_mrna_XM_026443359.1_18347	2154	1955	418.718	11.7236
lcl|NC_037647.1_mrna_XM_026443360.1_18348	1992	1793	75.2824	2.29826
lcl|NC_037647.1_mrna_XM_396316.7_18349	825	626	245.169	21.4376
lcl|NC_037647.1_mrna_XM_003249958.4_18350	866	667	0	0
lcl|NC_037647.1_mrna_XM_006562043.3_18351	787	588	818.57	76.2015
lcl|NC_037647.1_mrna_XM_006562044.3_18352	896	697	297.261	23.3449
lcl|NC_037647.1_mrna_XM_396315.7_18353	4814	4615	226	2.68054
lcl|NC_037647.1_mrna_XM_026443089.1_18354	4331	4132	0.0060771	8.05047e-05
lcl|NC_037647.1_mrna_XM_016914561.2_18355	4409	4210	80.9939	1.05307
lcl|NC_037647.1_mrna_XM_026443091.1_18356	4748	4549	0	0
lcl|NC_037647.1_mrna_XM_026443090.1_18357	4637	4438	0	0
lcl|NC_037647.1_mrna_NM_001327964.1_18358	4371	4172	0	0
lcl|NC_037647.1_mrna_XM_006562342.3_18359	3792	3593	1656	25.2284
lcl|NC_037647.1_mrna_XM_001121997.5_18360	3587	3388	1307	21.1162
lcl|NC_037647.1_mrna_XM_006562343.3_18361	2590	2391	31903	730.36
lcl|NC_037647.1_mrna_XM_624144.5_18362	597	398	2183	300.231
lcl|NC_037647.1_mrna_XM_392582.7_18363	1837	1638	103	3.44198
lcl|NC_037647.1_mrna_XM_026443366.1_18364	2051	1852	106	3.13293
lcl|NC_037647.1_mrna_XM_624225.6_18365	2743	2544	2667	57.3841
lcl|NC_037647.1_mrna_XM_624250.4_18366	1693	1494	919	33.6705
lcl|NC_037647.1_mrna_XM_026443243.1_18367	4564	4365	341.009	4.27629
lcl|NC_037647.1_mrna_XM_026443245.1_18368	4412	4213	0	0
lcl|NC_037647.1_mrna_XM_026443244.1_18369	4865	4666	54.991	0.645108
lcl|NC_037647.1_mrna_XM_016914284.1_18370	935	736	211.879	15.7578
lcl|NC_037647.1_mrna_XM_003250026.3_18371	869	670	989.121	80.8091
lcl|NC_037647.1_mrna_XM_395981.7_18372	1831	1632	3397	113.936
lcl|NC_037647.1_mrna_XM_016914282.2_18373	3061	2862	726	13.8852
lcl|NC_037647.1_mrna_XM_016914283.2_18374	2652	2453	0	0
lcl|NC_037647.1_mrna_XM_006562357.3_18375	1587	1388	480.344	18.943
lcl|NC_037647.1_mrna_XM_006562358.3_18376	1652	1453	665.368	25.0658
lcl|NC_037647.1_mrna_XM_026443269.1_18377	4330	4131	44.5128	0.589813
lcl|NC_037647.1_mrna_XM_026443270.1_18378	4270	4071	620.487	8.3429
lcl|NC_037647.1_mrna_XM_392583.7_18379	1604	1405	495.615	19.3087
lcl|NC_037647.1_mrna_XM_006562353.3_18380	920	721	1608.79	122.137
lcl|NC_037647.1_mrna_XM_006562350.3_18381	1270	1071	1988.3	101.62
lcl|NC_037647.1_mrna_XM_006562354.2_18382	848	649	0	0
lcl|NC_037647.1_mrna_XM_006562351.3_18383	898	699	138.296	10.8297
lcl|NC_037647.1_mrna_XM_006562349.3_18384	3260	3061	993.982	17.7746
lcl|NC_037647.1_mrna_XM_006562348.3_18385	1180	981	1215.31	67.8113
lcl|NC_037647.1_mrna_XM_003250028.4_18386	572	373	2148	315.218
lcl|NC_037647.1_mrna_XM_001121734.5_18387	2357	2158	570	14.458
lcl|NC_037647.1_mrna_XM_026443275.1_18388	3989	3790	308.815	4.4601
lcl|NC_037647.1_mrna_XM_026443276.1_18389	3854	3655	628.185	9.40775
lcl|NC_037647.1_mrna_XM_026443278.1_18390	1425	1226	20.5023	0.915372
lcl|NC_037647.1_mrna_XM_006562359.3_18391	1601	1402	0	0
lcl|NC_037647.1_mrna_XM_026443277.1_18392	1492	1293	387.498	16.4042
lcl|NC_037647.1_mrna_XM_396388.7_18393	2502	2303	797	18.943
lcl|NC_037647.1_mrna_XM_026443271.1_18394	4535	4336	413.764	5.22334
lcl|NC_037647.1_mrna_XM_026443274.1_18395	4165	3966	0.744356	0.0102734
lcl|NC_037647.1_mrna_XM_026443273.1_18396	4493	4294	45.6326	0.5817
lcl|NC_037647.1_mrna_XM_026443272.1_18397	4333	4134	154.859	2.05046
lcl|NC_037647.1_mrna_XM_003250029.4_18398	2188	1989	1112	30.6024
lcl|NC_037647.1_mrna_XM_006562360.3_18399	1636	1437	95.2029	3.62642
lcl|NC_037647.1_mrna_XM_624622.5_18400	1721	1522	812.797	29.2316
lcl|NC_037647.1_mrna_XM_006562361.3_18401	1450	1251	1551	67.8641
lcl|NC_037647.1_mrna_XM_006562367.3_18402	512	313	4	0.699521
lcl|NC_037647.1_mrna_XM_006562362.3_18403	2171	1972	4176	115.915
lcl|NC_037647.1_mrna_XM_026443193.1_18404	2103	1904	6124.56	176.073
lcl|NC_037647.1_ncrna_XR_003305422.1_18405	2510	2311	138.081	3.27053
lcl|NC_037647.1_ncrna_XR_001704609.2_18406	2362	2163	70.9194	1.79471
lcl|NC_037647.1_ncrna_XR_001704591.2_18407	1917	1718	11	0.350473
lcl|NC_037647.1_mrna_XM_006562495.3_18408	6106	5907	8.59825	0.0796762
lcl|NC_037647.1_mrna_XM_016914563.2_18409	2802	2603	0	0
lcl|NC_037647.1_mrna_XM_001121936.5_18410	2671	2472	22.4143	0.49632
lcl|NC_037647.1_mrna_XM_016914462.2_18411	3153	2954	6321.73	117.141
lcl|NC_037647.1_mrna_XM_026443189.1_18412	1053	854	2689.32	172.373
lcl|NC_037647.1_mrna_XM_026443188.1_18413	1265	1066	510.24	26.2001
lcl|NC_037647.1_ncrna_XR_003305421.1_18414	1209	1010	95.2277	5.16092
lcl|NC_037647.1_ncrna_XR_001704540.2_18415	2222	2023	45	1.21759
lcl|NC_037647.1_ncrna_XR_003305420.1_18416	1331	1132	0	0
lcl|NC_037647.1_ncrna_XR_003305432.1_18417	953	754	0	0
lcl|NC_037647.1_mrna_XM_006562500.3_18418	1741	1542	103.956	3.69022
lcl|NC_037647.1_mrna_XM_006562499.3_18419	2010	1811	13.4647	0.406971
lcl|NC_037647.1_mrna_XM_016914458.2_18420	1779	1580	41.5789	1.44046
lcl|NC_037647.1_mrna_XM_026443241.1_18421	715	516	1.36697	0.145009
lcl|NC_037647.1_mrna_XM_001120083.5_18422	1001	802	5.69542e-05	3.8872e-06
lcl|NC_037647.1_mrna_XM_016914461.2_18423	994	795	3.63297	0.250138
lcl|NC_037647.1_mrna_XM_016914459.2_18424	659	460	0	0
lcl|NC_037647.1_mrna_XM_395771.7_18425	1022	823	2	0.13302
lcl|NC_037647.1_mrna_XM_026443102.1_18426	1066	867	428.538	27.0555
lcl|NC_037647.1_mrna_XM_026443103.1_18427	825	626	6.46242	0.565075
lcl|NC_037647.1_mrna_XM_026443101.1_18428	1132	933	63003	3696.28
lcl|NC_037647.1_mrna_XM_026443085.1_18429	3281	3082	43.6186	0.774684
lcl|NC_037647.1_mrna_XM_026443084.1_18430	2815	2616	0	0
lcl|NC_037647.1_mrna_NM_001204249.1_18431	2202	2003	107.895	2.94853
lcl|NC_037647.1_mrna_NM_001242465.1_18432	1634	1435	1766.26	67.3733
lcl|NC_037647.1_mrna_XM_003250089.4_18433	870	671	0	0
lcl|NC_037647.1_mrna_XM_006562901.3_18434	2128	1929	71.7455	2.03586
lcl|NC_037647.1_mrna_XM_001120664.5_18435	2483	2284	0	0
lcl|NC_037647.1_mrna_XM_006562902.3_18436	2229	2030	170.471	4.59663
lcl|NC_037647.1_mrna_XM_026443295.1_18437	1483	1284	59.7834	2.5486
lcl|NC_037647.1_mrna_XM_026443294.1_18438	3311	3112	64.8363	1.14042
lcl|NC_037647.1_mrna_XM_393394.6_18439	3272	3073	539.164	9.60381
lcl|NC_037647.1_mrna_XM_006562899.3_18440	627	428	2	0.255783
lcl|NC_037647.1_mrna_XM_001120371.4_18441	464	265	5	1.03278
lcl|NC_037647.1_mrna_XM_396986.6_18442	2291	2092	468	12.2453
lcl|NC_037647.1_mrna_XM_006562898.3_18443	1948	1749	0	0
lcl|NC_037647.1_mrna_XM_001119998.5_18444	847	648	440	37.1675
lcl|NC_037647.1_mrna_XM_397143.7_18445	2751	2552	337.049	7.22931
lcl|NC_037647.1_mrna_XM_006562895.3_18446	2959	2760	79.6155	1.57897
lcl|NC_037647.1_mrna_XM_016914431.2_18447	2664	2465	131.336	2.91643
lcl|NC_037647.1_mrna_XM_026443414.1_18448	6392	6193	1831.28	16.186
lcl|NC_037647.1_mrna_XM_016914430.2_18449	6384	6185	960.314	8.49882
lcl|NC_037647.1_ncrna_XR_003305494.1_18450	691	492	1	0.111255
lcl|NC_037647.1_mrna_XM_393510.6_18451	2150	1951	1631	45.7596
lcl|NC_037647.1_mrna_XM_006562894.3_18452	1834	1635	0	0
lcl|NC_037647.1_mrna_XM_006572462.3_18453	648	449	6115	745.479
lcl|NC_037647.1_mrna_XM_016914531.2_18454	4252	4053	0	0
lcl|NC_037647.1_miscrna_XR_003305386.1_18455	5909	5710	1388.46	13.3101
lcl|NC_037647.1_mrna_XM_006562887.3_18456	3742	3543	154.268	2.38337
lcl|NC_037647.1_mrna_XM_006562888.3_18457	3671	3472	106.271	1.67541
lcl|NC_037647.1_mrna_XM_006562886.3_18458	7433	7234	2327.4	17.6108
lcl|NC_037647.1_mrna_XM_006562885.3_18459	590	391	874	122.355
lcl|NC_037647.1_mrna_XM_624172.6_18460	3519	3320	2306.77	38.0321
lcl|NC_037647.1_mrna_XM_026443284.1_18461	3568	3369	645.233	10.4834
lcl|NC_037647.1_mrna_XM_624143.6_18462	2202	2003	557	15.2216
lcl|NC_037647.1_mrna_XM_026443397.1_18463	2127	1928	558	15.8421
lcl|NC_037647.1_mrna_XM_026443395.1_18464	4732	4533	31.372	0.378828
lcl|NC_037647.1_mrna_XM_026443396.1_18465	4306	4107	18.628	0.248271
lcl|NC_037647.1_mrna_XM_393365.6_18466	7665	7466	13435.4	98.5026
lcl|NC_037647.1_ncrna_XR_409566.3_18467	1971	1772	14.199	0.438611
lcl|NC_037647.1_ncrna_XR_409567.3_18468	1533	1334	21.801	0.894552
lcl|NC_037647.1_trna_18469	72	3.52559	0	0
lcl|NC_037647.1_mrna_XM_006562881.3_18470	462	263	67.5035	14.0493
lcl|NC_037647.1_mrna_XM_001121113.5_18471	603	404	74.4965	10.0934
lcl|NC_037647.1_mrna_XM_026443312.1_18472	1712	1513	261.036	9.44381
lcl|NC_037647.1_mrna_XM_026443313.1_18473	1817	1618	237.964	8.0504
lcl|NC_037647.1_mrna_XM_006562873.3_18474	4111	3912	820.747	11.4841
lcl|NC_037647.1_mrna_XM_006562872.3_18475	4113	3914	10.834	0.151515
lcl|NC_037647.1_mrna_XM_396062.7_18476	4035	3836	919.419	13.1196
lcl|NC_037647.1_ncrna_XR_003305500.1_18477	420	221	5	1.23841
lcl|NC_037647.1_mrna_XM_016914522.2_18478	2026	1827	739.128	22.1445
lcl|NC_037647.1_mrna_XM_016914523.2_18479	1324	1125	64.8718	3.15638
lcl|NC_037647.1_mrna_XM_026443415.1_18480	5291	5092	284	3.05292
lcl|NC_037647.1_ncrna_XR_003305498.1_18481	3791	3592	2.33851	0.035636
lcl|NC_037647.1_ncrna_XR_003305497.1_18482	3987	3788	0.000179116	2.58827e-06
lcl|NC_037647.1_ncrna_XR_003305499.1_18483	3836	3637	22.097	0.332564
lcl|NC_037647.1_ncrna_XR_003305496.1_18484	4038	3839	0	0
lcl|NC_037647.1_ncrna_XR_003305495.1_18485	4122	3923	23.5643	0.328792
lcl|NC_037647.1_mrna_XM_026443416.1_18486	2474	2275	190	4.57149
lcl|NC_037647.1_mrna_XM_026443417.1_18487	1258	1059	11.7009	0.604794
lcl|NC_037647.1_mrna_XM_026443418.1_18488	1425	1226	0	0
lcl|NC_037647.1_mrna_XM_006562878.3_18489	1571	1372	35.1562	1.4026
lcl|NC_037647.1_mrna_XM_003250123.4_18490	1921	1722	6.14298	0.195268
lcl|NC_037647.1_mrna_XM_026443419.1_18491	2068	1869	12.9999	0.380729
lcl|NC_037647.1_mrna_XM_026443420.1_18492	1938	1739	6.66224e-05	2.09704e-06
lcl|NC_037647.1_mrna_XM_006562870.3_18493	2087	1888	3.71849e-05	1.07808e-06
lcl|NC_037647.1_mrna_XM_016914519.2_18494	2286	2087	213	5.58653
lcl|NC_037647.1_mrna_XM_006562864.3_18495	2187	1988	80.3193	2.21151
lcl|NC_037647.1_mrna_XM_392683.6_18496	2106	1907	82.6807	2.37322
lcl|NC_037647.1_mrna_XM_026443124.1_18497	1303	1104	596.671	29.5836
lcl|NC_037647.1_ncrna_XR_001704586.2_18498	886	687	454.865	36.2419
lcl|NC_037647.1_mrna_XM_006562868.3_18499	1210	1011	523.512	28.344
lcl|NC_037647.1_mrna_XM_016914534.2_18500	1096	897	11.623	0.709272
lcl|NC_037647.1_mrna_XM_395159.5_18501	1192	993	131.329	7.2393
lcl|NC_037647.1_mrna_XM_026443122.1_18502	3978	3779	56.4436	0.817566
lcl|NC_037647.1_mrna_XM_026443121.1_18503	4169	3970	664.794	9.16604
lcl|NC_037647.1_mrna_XM_026443123.1_18504	1581	1382	48	1.90116
lcl|NC_037647.1_mrna_XM_006562866.3_18505	679	480	11.0289	1.2577
lcl|NC_037647.1_mrna_XM_001121369.5_18506	670	471	19.9711	2.32096
lcl|NC_037647.1_mrna_XM_006562867.2_18507	962	763	0	0
lcl|NC_037647.1_mrna_XM_016914239.2_18508	619	420	7	0.912292
lcl|NC_037647.1_mrna_XM_006562860.3_18509	3951	3752	277.298	4.04548
lcl|NC_037647.1_mrna_XM_006562861.3_18510	3438	3239	904.702	15.289
lcl|NC_037647.1_mrna_XM_006562859.1_18511	564	365	3	0.449898
lcl|NC_037647.1_mrna_XM_393004.7_18512	3346	3147	1189.92	20.6969
lcl|NC_037647.1_mrna_XM_006562856.3_18513	3640	3441	751.623	11.9564
lcl|NC_037647.1_mrna_XM_006562857.3_18514	3618	3419	521.482	8.34884
lcl|NC_037647.1_mrna_XM_006562858.3_18515	3092	2893	116.976	2.21327
lcl|NC_037647.1_mrna_XM_006562854.3_18516	1616	1417	1291.35	49.8837
lcl|NC_037647.1_mrna_NM_001276427.1_18517	1431	1232	11.3868	0.505912
lcl|NC_037647.1_mrna_XM_016914214.1_18518	1144	945	1481.27	85.7998
lcl|NC_037647.1_mrna_XM_003250121.4_18519	1296	1097	288.172	14.379
lcl|NC_037647.1_mrna_XM_016914535.1_18520	1320	1121	198.671	9.70093
lcl|NC_037647.1_mrna_XM_395766.7_18521	1769	1570	1848	64.4299
lcl|NC_037647.1_mrna_XM_006562855.3_18522	1481	1282	1556.16	66.4432
lcl|NC_037647.1_mrna_XM_395767.6_18523	2730	2531	175	3.7847
lcl|NC_037647.1_ncrna_XR_003305464.1_18524	1767	1568	0.140691	0.00491142
lcl|NC_037647.1_ncrna_XR_120098.4_18525	1760	1561	39.8593	1.39769
lcl|NC_037647.1_ncrna_XR_409564.3_18526	1796	1597	16.8803	0.578575
lcl|NC_037647.1_ncrna_XR_003305419.1_18527	2461	2262	10.4112	0.251937
lcl|NC_037647.1_mrna_XM_016914420.2_18528	4789	4590	394	4.6986
lcl|NC_037647.1_mrna_XM_016914498.2_18529	4843	4644	414.022	4.87997
lcl|NC_037647.1_mrna_XM_016914497.2_18530	4876	4677	816.356	9.55427
lcl|NC_037647.1_mrna_XM_006562851.3_18531	4417	4218	448.622	5.82183
lcl|NC_037647.1_mrna_XM_026443427.1_18532	10598	10399	136.876	0.720481
lcl|NC_037647.1_mrna_XM_026443425.1_18533	11843	11644	595.857	2.80108
lcl|NC_037647.1_mrna_XM_026443422.1_18534	11961	11762	0.00208015	9.68052e-06
lcl|NC_037647.1_mrna_XM_026443423.1_18535	11940	11741	105.181	0.490362
lcl|NC_037647.1_mrna_XM_026443426.1_18536	11796	11597	594.534	2.80619
lcl|NC_037647.1_mrna_XM_026443424.1_18537	11828	11629	1306.55	6.14991
lcl|NC_037647.1_mrna_XM_006562843.3_18538	1290	1091	293	14.7004
lcl|NC_037647.1_mrna_XM_391852.7_18539	1640	1441	852	32.3639
lcl|NC_037647.1_mrna_XM_003250119.4_18540	564	365	134	20.0954
lcl|NC_037647.1_mrna_XM_003250120.4_18541	517	318	53	9.12292
lcl|NC_037647.1_mrna_XM_026443150.1_18542	337	138	121.842	48.3285
lcl|NC_037647.1_mrna_XM_016914529.2_18543	451	252	495.158	107.554
lcl|NC_037647.1_mrna_XM_393720.7_18544	1243	1044	143	7.49758
lcl|NC_037647.1_mrna_XM_016914528.2_18545	3535	3336	364.181	5.97554
lcl|NC_037647.1_mrna_XM_001121833.5_18546	3575	3376	758.627	12.3002
lcl|NC_037647.1_mrna_XM_006562842.3_18547	4089	3890	523.395	7.36488
lcl|NC_037647.1_mrna_XM_006562841.3_18548	3918	3719	1151.8	16.9525
lcl|NC_037647.1_precursorrna_NR_031516.1_18549	91	3.99311	0	0
lcl|NC_037647.1_ncrna_18550	24	2.75981	0	0
lcl|NC_037647.1_mrna_XM_393711.6_18551	2596	2397	1859.44	42.462
lcl|NC_037647.1_mrna_XM_006562836.3_18552	3015	2816	62.5575	1.216
lcl|NC_037647.1_mrna_XM_026443309.1_18553	2236	2037	206	5.53556
lcl|NC_037647.1_mrna_XM_006562831.3_18554	2462	2263	715.464	17.3057
lcl|NC_037647.1_mrna_XM_006562830.3_18555	2411	2212	2170.54	53.7115
lcl|NC_037647.1_mrna_XM_006562833.3_18556	1067	868	189.168	11.9292
lcl|NC_037647.1_mrna_XM_006562834.3_18557	1246	1047	122.832	6.42172
lcl|NC_037647.1_mrna_XM_393709.7_18558	1616	1417	27351.1	1056.55
lcl|NC_037647.1_mrna_XM_026443308.1_18559	2234	2035	407.655	10.9651
lcl|NC_037647.1_mrna_XM_006562835.3_18560	2109	1910	91.2738	2.61576
lcl|NC_037647.1_mrna_XM_006562829.3_18561	1801	1602	206.126	7.04298
lcl|NC_037647.1_mrna_XM_006562828.3_18562	1358	1159	355.874	16.8073
lcl|NC_037647.1_precursorrna_NR_039469.1_18563	86	3.85692	0	0
lcl|NC_037647.1_ncrna_18564	22	2.73612	0	0
lcl|NC_037647.1_mrna_XM_006562826.3_18565	4392	4193	832.228	10.8643
lcl|NC_037647.1_mrna_XM_006562827.3_18566	4205	4006	489.443	6.68769
lcl|NC_037647.1_mrna_XM_026443310.1_18567	4420	4221	74.329	0.963892
lcl|NC_037647.1_mrna_XM_623213.5_18568	2743	2544	1404.48	30.2193
lcl|NC_037647.1_mrna_XM_006562823.2_18569	2737	2538	0.279056	0.00601845
lcl|NC_037647.1_mrna_XM_006562825.3_18570	2771	2572	1133.08	24.1143
lcl|NC_037647.1_mrna_XM_006562824.3_18571	2776	2577	415.16	8.81832
lcl|NC_037647.1_mrna_XM_006562821.2_18572	1281	1082	33.8125	1.71055
lcl|NC_037647.1_mrna_XM_006562822.3_18573	1153	954	448.187	25.7156
lcl|NC_037647.1_mrna_XM_396163.6_18574	933	734	585	43.626
lcl|NC_037647.1_mrna_XM_026443318.1_18575	1644	1445	1002	37.9564
lcl|NC_037647.1_mrna_XM_396202.7_18576	2590	2391	475.378	10.8829
lcl|NC_037647.1_mrna_XM_026443174.1_18577	2697	2498	187.664	4.1122
lcl|NC_037647.1_mrna_XM_026443173.1_18578	2174	1975	25.9573	0.719411
lcl|NC_037647.1_mrna_XM_026443171.1_18579	2665	2466	300	6.65907
lcl|NC_037647.1_mrna_XM_026443172.1_18580	2348	2149	0	0
lcl|NC_037647.1_mrna_XM_026443170.1_18581	2935	2736	207	4.14133
lcl|NC_037647.1_mrna_XM_026443177.1_18582	1700	1501	0	0
lcl|NC_037647.1_mrna_XM_026443176.1_18583	1627	1428	0	0
lcl|NC_037647.1_mrna_XM_026443175.1_18584	1651	1452	36	1.35713
lcl|NC_037647.1_mrna_XM_006562814.3_18585	1275	1076	0	0
lcl|NC_037647.1_mrna_XM_006562813.3_18586	1323	1124	150	7.30483
lcl|NC_037647.1_mrna_XM_026443178.1_18587	478	279	94	18.442
lcl|NC_037647.1_mrna_XM_006562808.3_18588	1632	1433	194.12	7.41495
lcl|NC_037647.1_mrna_XM_006562809.3_18589	1675	1476	36.5109	1.35401
lcl|NC_037647.1_mrna_XM_006562811.3_18590	1545	1346	617.626	25.1169
lcl|NC_037647.1_mrna_XM_016914322.2_18591	1496	1297	0	0
lcl|NC_037647.1_mrna_XM_006562810.3_18592	1528	1329	781.743	32.1977
lcl|NC_037647.1_mrna_XM_006562812.3_18593	1162	963	165	9.37871
lcl|NC_037647.1_mrna_XM_006562807.3_18594	1635	1436	1630	62.1324
lcl|NC_037647.1_mrna_XM_396093.7_18595	3777	3578	245.021	3.74841
lcl|NC_037647.1_mrna_XM_026443179.1_18596	3915	3716	868.222	12.7891
lcl|NC_037647.1_mrna_XM_003250137.4_18597	821	622	13738	1208.98
lcl|NC_037647.1_mrna_XM_016914318.2_18598	1867	1668	1213.76	39.831
lcl|NC_037647.1_mrna_XM_006562803.3_18599	677	478	244	27.9413
lcl|NC_037647.1_mrna_XM_006562804.3_18600	6241	6042	2041.77	18.4975
lcl|NC_037647.1_mrna_XM_006562805.3_18601	6203	6004	8.805e-05	8.02738e-07
lcl|NC_037647.1_mrna_XM_016914316.2_18602	5343	5144	0.0851829	0.000906435
lcl|NC_037647.1_mrna_XM_395559.7_18603	4105	3906	2762.14	38.7078
lcl|NC_037647.1_mrna_XM_026443180.1_18604	642	443	69.8575	8.63166
lcl|NC_037647.1_mrna_XM_624876.6_18605	731	532	445.143	45.8008
lcl|NC_037647.1_mrna_XM_006562802.3_18606	4689	4490	2538	30.9407
lcl|NC_037647.1_mrna_XM_006562801.3_18607	1639	1440	67.8556	2.57934
lcl|NC_037647.1_mrna_XM_624523.6_18608	1584	1385	317.144	12.5341
lcl|NC_037647.1_mrna_XM_006562800.3_18609	1277	1078	102.379	5.1985
lcl|NC_037647.1_mrna_XM_395763.6_18610	1428	1229	383.621	17.0858
lcl|NC_037647.1_mrna_XM_006562799.3_18611	1437	1238	3.48533e-05	1.54102e-06
lcl|NC_037647.1_mrna_XM_026443261.1_18612	2394	2195	607	15.137
lcl|NC_037647.1_ncrna_XR_001704627.2_18613	1471	1272	23	0.989751
lcl|NC_037647.1_ncrna_XR_003305523.1_18614	5744	5545	58.7365	0.579818
lcl|NC_037647.1_ncrna_XR_003305524.1_18615	5748	5549	314.8	3.10531
lcl|NC_037647.1_ncrna_XR_003305528.1_18616	5397	5198	118.248	1.24521
lcl|NC_037647.1_ncrna_XR_003305527.1_18617	5481	5282	0.00148563	1.53956e-05
lcl|NC_037647.1_ncrna_XR_003305526.1_18618	5551	5352	0.00075152	7.68617e-06
lcl|NC_037647.1_ncrna_XR_003305522.1_18619	5873	5674	100.048	0.965167
lcl|NC_037647.1_ncrna_XR_003305525.1_18620	5467	5268	424.039	4.40601
lcl|NC_037647.1_ncrna_XR_003305529.1_18621	2686	2487	857	18.8621
lcl|NC_037647.1_mrna_XM_006562785.3_18622	1481	1282	82447	3520.24
lcl|NC_037647.1_mrna_XM_393712.6_18623	5271	5072	123	1.32743
lcl|NC_037647.1_ncrna_XR_003305461.1_18624	1013	814	0	0
lcl|NC_037647.1_ncrna_XR_001704434.2_18625	995	796	0	0
lcl|NC_037647.1_ncrna_XR_003305462.1_18626	980	781	0	0
lcl|NC_037647.1_mrna_XM_026443344.1_18627	3621	3422	12	0.191949
lcl|NC_037647.1_ncrna_XR_003305542.1_18628	151	7.10113	0	0
lcl|NC_037647.1_mrna_XM_016914369.2_18629	4805	4606	1722	20.4642
lcl|NC_037647.1_mrna_XM_393713.5_18630	4041	3842	31	0.441662
lcl|NC_037647.1_mrna_XM_001122185.4_18631	811	612	34	3.04097
lcl|NC_037647.1_mrna_XM_016914220.2_18632	892	693	8	0.631891
lcl|NC_037647.1_mrna_XM_016914366.2_18633	6269	6070	0.00130058	1.17283e-05
lcl|NC_037647.1_mrna_XM_006562788.3_18634	6255	6056	887.413	8.02093
lcl|NC_037647.1_mrna_XM_016914364.2_18635	5850	5651	56.51	0.547375
lcl|NC_037647.1_mrna_XM_026443208.1_18636	5750	5551	843.888	8.32145
lcl|NC_037647.1_mrna_XM_016914367.2_18637	6163	5964	0	0
lcl|NC_037647.1_precursorrna_NR_039472.1_18638	126	5.35093	0	0
lcl|NC_037647.1_ncrna_18639	23	2.74792	0	0
lcl|NC_037647.1_miscrna_XR_001704433.2_18640	2401	2202	7.45814e-06	1.85395e-07
lcl|NC_037647.1_miscrna_XR_001704432.2_18641	2573	2374	179.68	4.14289
lcl|NC_037647.1_mrna_XM_016914372.2_18642	1867	1668	223.32	7.32854
lcl|NC_037647.1_mrna_XM_624229.6_18643	1228	1029	910	48.4074
lcl|NC_037647.1_mrna_XM_001119907.4_18644	1311	1112	360	17.7208
lcl|NC_037647.1_mrna_XM_624179.6_18645	740	541	959	97.0301
lcl|NC_037647.1_mrna_XM_624150.5_18646	3191	2992	1860.86	34.0438
lcl|NC_037647.1_mrna_XM_006564494.2_18647	3146	2947	916.138	17.0163
lcl|NC_037647.1_mrna_XM_003250432.4_18648	1080	881	226	14.0416
lcl|NC_037647.1_mrna_XM_001120034.5_18649	526	327	216	36.1569
lcl|NC_037647.1_mrna_XM_016914569.2_18650	12120	11921	50.8149	0.233326
lcl|NC_037647.1_mrna_XM_026443129.1_18651	12140	11941	0	0
lcl|NC_037647.1_mrna_XM_016914568.2_18652	12035	11836	0	0
lcl|NC_037647.1_mrna_XM_026443125.1_18653	12049	11850	0	0
lcl|NC_037647.1_mrna_XM_026443128.1_18654	12052	11853	0	0
lcl|NC_037647.1_mrna_XM_026443132.1_18655	6800	6601	14.312	0.11868
lcl|NC_037647.1_mrna_XM_026443133.1_18656	6489	6290	11.8399	0.103034
lcl|NC_037647.1_mrna_XM_026443131.1_18657	12113	11914	0	0
lcl|NC_037647.1_mrna_XM_026443130.1_18658	12106	11907	0	0
lcl|NC_037647.1_mrna_XM_026443127.1_18659	11856	11657	2.6883e-06	1.26234e-08
lcl|NC_037647.1_mrna_XM_026443126.1_18660	11861	11662	1.56474e-06	7.34436e-09
lcl|NC_037647.1_mrna_XM_624095.5_18661	4582	4383	3049.92	38.0893
lcl|NC_037647.1_mrna_XM_006564488.3_18662	6511	6312	845.924	7.33584
lcl|NC_037647.1_mrna_XM_001120154.5_18663	3076	2877	35.4988	0.675397
lcl|NC_037647.1_mrna_XM_006564489.3_18664	2015	1816	3.13002	0.0943444
lcl|NC_037647.1_mrna_XM_006564487.3_18665	4081	3882	99.8177	1.40746
lcl|NC_037647.1_mrna_XM_391850.6_18666	4111	3912	145.182	2.03142
lcl|NC_037647.1_mrna_XM_393706.7_18667	1235	1036	555	29.3237
lcl|NC_037647.1_mrna_XM_001120319.5_18668	1250	1051	44	2.29158
lcl|NC_037647.1_mrna_XM_006564485.3_18669	2095	1896	219.637	6.34093
lcl|NC_037647.1_mrna_XM_392715.7_18670	2078	1879	865.363	25.2091
lcl|NC_037647.1_mrna_XM_026443222.1_18671	1527	1328	0	0
lcl|NC_037647.1_mrna_XM_006564486.3_18672	1647	1448	5	0.189011
lcl|NC_037647.1_mrna_XM_395221.7_18673	2076	1877	759	22.1341
lcl|NC_037647.1_mrna_XM_026443167.1_18674	8817	8618	1.26618e-05	8.04219e-08
lcl|NC_037647.1_mrna_XM_006564484.3_18675	8762	8563	1394	8.91091
lcl|NC_037647.1_mrna_XM_026443367.1_18676	1970	1771	13.5732	0.419517
lcl|NC_037647.1_mrna_XM_026443333.1_18677	1075	876	27.4268	1.71378
lcl|NC_037647.1_mrna_XM_003250430.4_18678	1096	897	0	0
lcl|NC_037647.1_mrna_XM_016914630.2_18679	703	504	24	2.60655
lcl|NC_037647.1_mrna_XM_006564498.3_18680	7419	7220	2450	18.5744
lcl|NC_037647.1_mrna_XM_006564482.3_18681	1663	1464	104	3.88846
lcl|NC_037647.1_mrna_XM_395082.7_18682	4560	4361	998	12.5265
lcl|NC_037647.1_mrna_XM_026443240.1_18683	7685	7486	299.589	2.19059
lcl|NC_037647.1_mrna_XM_026443238.1_18684	7510	7311	2677.68	20.0478
lcl|NC_037647.1_mrna_XM_026443239.1_18685	7507	7308	238.734	1.78814
lcl|NC_037647.1_mrna_XM_006564480.3_18686	5189	4990	5031	55.1873
lcl|NC_037647.1_mrna_XM_623678.6_18687	962	763	1874	134.441
lcl|NC_037647.1_mrna_XM_006564478.3_18688	6878	6679	116.374	0.95374
lcl|NC_037647.1_mrna_XM_006564474.3_18689	5830	5631	203.362	1.97683
lcl|NC_037647.1_mrna_XM_006564476.3_18690	6937	6738	29.9286	0.243131
lcl|NC_037647.1_mrna_XM_006564475.3_18691	6313	6114	0	0
lcl|NC_037647.1_mrna_XM_006564479.3_18692	7247	7048	0	0
lcl|NC_037647.1_mrna_XM_006564473.3_18693	2344	2145	53.625	1.36844
lcl|NC_037647.1_mrna_XM_026443329.1_18694	2304	2105	204.375	5.31448
lcl|NC_037647.1_mrna_XM_003250424.4_18695	2162	1963	77	2.14712
lcl|NC_037647.1_mrna_XM_006564472.3_18696	2902	2703	350	7.08773
lcl|NC_037647.1_mrna_XM_006564471.3_18697	5286	5087	1396.02	15.0215
lcl|NC_037647.1_mrna_XM_392905.7_18698	2047	1848	818.212	24.2353
lcl|NC_037647.1_mrna_XM_003250428.4_18699	2965	2766	140	2.77052
lcl|NC_037647.1_mrna_XM_006564470.3_18700	1433	1234	390.433	17.3187
lcl|NC_037647.1_mrna_XM_001120188.4_18701	597	398	186.567	25.6589
lcl|NC_037647.1_mrna_XM_393055.6_18702	2266	2067	1546	40.9406
lcl|NC_037647.1_mrna_XM_026443450.1_18703	1296	1097	600	29.9385
lcl|NC_037647.1_mrna_XM_026443448.1_18704	4153	3954	69.8846	0.967453
lcl|NC_037647.1_mrna_XM_026443449.1_18705	4404	4205	70.4774	0.917422
lcl|NC_037647.1_mrna_XM_016914518.2_18706	3989	3790	121.638	1.75677
lcl|NC_037647.1_mrna_XM_006564464.3_18707	1266	1067	8.65363e-07	4.43935e-08
lcl|NC_037647.1_mrna_XM_006564465.3_18708	1252	1053	15	0.779737
lcl|NC_037647.1_mrna_XM_026443217.1_18709	1205	1006	0	0
lcl|NC_037647.1_mrna_XM_026443218.1_18710	1703	1504	176.053	6.40737
lcl|NC_037647.1_mrna_XM_026443216.1_18711	1706	1507	264.651	9.6127
lcl|NC_037647.1_mrna_XM_026443219.1_18712	1021	822	38.2119	2.54455
lcl|NC_037647.1_mrna_XM_026443220.1_18713	1117	918	103.085	6.14662
lcl|NC_037647.1_mrna_XM_003250427.4_18714	2362	2163	463	11.7168
lcl|NC_037647.1_mrna_XM_016914348.2_18715	11496	11297	0	0
lcl|NC_037647.1_mrna_XM_016914343.2_18716	11724	11525	0	0
lcl|NC_037647.1_mrna_XM_016914346.2_18717	11643	11444	0	0
lcl|NC_037647.1_mrna_XM_016914351.2_18718	10965	10766	1.36597e-08	6.94502e-11
lcl|NC_037647.1_mrna_XM_016914341.2_18719	11823	11624	23.5415	0.110857
lcl|NC_037647.1_mrna_XM_016914339.2_18720	11847	11648	0	0
lcl|NC_037647.1_mrna_XM_016914344.2_18721	11655	11456	0	0
lcl|NC_037647.1_mrna_XM_016914340.2_18722	11841	11642	22.7486	0.106958
lcl|NC_037647.1_mrna_XM_016914345.2_18723	11652	11453	0	0
lcl|NC_037647.1_mrna_XM_006564457.3_18724	11742	11543	0	0
lcl|NC_037647.1_mrna_XM_016914342.2_18725	10989	10790	0.000244713	1.24142e-06
lcl|NC_037647.1_mrna_XM_016914338.2_18726	11871	11672	0	0
lcl|NC_037647.1_mrna_XM_006564459.3_18727	11688	11489	0	0
lcl|NC_037647.1_mrna_XM_006564458.3_18728	11712	11513	96.024	0.456538
lcl|NC_037647.1_mrna_XM_016914347.2_18729	11550	11351	0	0
lcl|NC_037647.1_mrna_XM_016914349.2_18730	12114	11915	0	0
lcl|NC_037647.1_mrna_XM_016914355.2_18731	10516	10317	40.6125	0.215473
lcl|NC_037647.1_mrna_XM_016914356.2_18732	10520	10321	24.9004	0.132059
lcl|NC_037647.1_mrna_XM_016914350.2_18733	7184	6985	0	0
lcl|NC_037647.1_mrna_XM_006564456.3_18734	7949	7750	4067.44	28.728
lcl|NC_037647.1_mrna_XM_016914336.2_18735	4063	3864	13.6964	0.194023
lcl|NC_037647.1_mrna_XM_016914337.2_18736	3968	3769	0	0
lcl|NC_037647.1_miscrna_XR_409965.3_18737	1414	1215	481.342	21.6852
lcl|NC_037647.1_mrna_XM_623117.6_18738	2558	2359	1264.52	29.3415
lcl|NC_037647.1_mrna_XM_623276.6_18739	2751	2552	1965.02	42.1476
lcl|NC_037647.1_mrna_XM_003250422.4_18740	2937	2738	1639.12	32.7689
lcl|NC_037647.1_mrna_XM_006564454.3_18741	2350	2151	302.858	7.70697
lcl|NC_037647.1_mrna_XM_026443515.1_18742	1693	1494	30.325	1.11105
lcl|NC_037647.1_mrna_XM_001122994.5_18743	2173	1974	24.675	0.684219
lcl|NC_037647.1_mrna_XM_395824.7_18744	1563	1364	546	21.9111
lcl|NC_037647.1_mrna_XM_016914377.2_18745	2733	2534	413.27	8.92714
lcl|NC_037647.1_mrna_XM_003250420.4_18746	4578	4379	4974.34	62.1793
lcl|NC_037647.1_mrna_XM_016914376.2_18747	2803	2604	685.411	14.4077
lcl|NC_037647.1_mrna_XM_006564450.3_18748	2788	2589	0	0
lcl|NC_037647.1_mrna_XM_006564451.3_18749	2775	2576	2875.98	61.1118
lcl|NC_037647.1_mrna_XM_395179.6_18750	3484	3285	493	8.2148
lcl|NC_037647.1_mrna_XM_006564446.3_18751	2073	1874	90.0962	2.63161
lcl|NC_037647.1_mrna_XM_006564447.3_18752	1969	1770	216.453	6.69386
lcl|NC_037647.1_mrna_XM_026443421.1_18753	2134	1935	231.471	6.54788
lcl|NC_037647.1_mrna_XM_001122976.5_18754	968	769	324	23.0624
lcl|NC_037647.1_mrna_XM_623911.6_18755	1053	854	603	38.6496
lcl|NC_037647.1_mrna_XM_623883.6_18756	937	738	1011	74.986
lcl|NC_037647.1_mrna_XM_006564448.3_18757	2994	2795	237.146	4.64429
lcl|NC_037647.1_mrna_XM_006564449.3_18758	3823	3624	65.4797	0.989018
lcl|NC_037647.1_mrna_XM_003250421.4_18759	3827	3628	0.171185	0.00258276
lcl|NC_037647.1_mrna_XM_003250419.4_18760	889	690	358	28.4001
lcl|NC_037647.1_mrna_XM_393038.7_18761	1675	1476	701.861	26.0286
lcl|NC_037647.1_mrna_XM_006564442.3_18762	1516	1317	0	0
lcl|NC_037647.1_mrna_XM_006564441.3_18763	1654	1455	240.139	9.0341
lcl|NC_037647.1_mrna_XM_396024.7_18764	2989	2790	30.5555	0.599474
lcl|NC_037647.1_mrna_XM_006564445.2_18765	2694	2495	15.4445	0.338835
lcl|NC_037647.1_mrna_XM_026443369.1_18766	6398	6199	18	0.158941
lcl|NC_037647.1_mrna_XM_016914616.2_18767	1617	1418	117.929	4.5523
lcl|NC_037647.1_mrna_XM_006565517.3_18768	1526	1327	0.205356	0.00847076
lcl|NC_037647.1_mrna_XM_026443187.1_18769	1612	1413	47.8654	1.85424
lcl|NC_037647.1_mrna_XM_625014.5_18770	578	379	277	40.0061
lcl|NC_037647.1_mrna_XM_006565519.3_18771	3359	3160	143.569	2.4869
lcl|NC_037647.1_mrna_XM_016914592.2_18772	3360	3161	818.851	14.1797
lcl|NC_037647.1_mrna_XM_006565522.3_18773	1830	1631	69.4059	2.32931
lcl|NC_037647.1_mrna_XM_001121476.5_18774	1832	1633	944.174	31.6484
lcl|NC_037647.1_mrna_XM_001121503.5_18775	1947	1748	295	9.23774
lcl|NC_037647.1_mrna_XM_006565533.3_18776	1050	851	52.2555	3.36115
lcl|NC_037647.1_mrna_XM_006565534.3_18777	1291	1092	0	0
lcl|NC_037647.1_mrna_XM_003250627.4_18778	1277	1078	23.7445	1.20567
lcl|NC_037647.1_mrna_XM_016914436.2_18779	1811	1612	221.719	7.52875
lcl|NC_037647.1_mrna_XM_026443408.1_18780	862	663	0	0
lcl|NC_037647.1_mrna_XM_006565531.3_18781	964	765	43.2812	3.09687
lcl|NC_037647.1_mrna_XM_026443407.1_18782	1859	1660	0.00472946	0.000155951
lcl|NC_037647.1_mrna_XM_026443406.1_18783	1865	1666	5.78264	0.189993
lcl|NC_037647.1_mrna_XM_026443405.1_18784	2130	1931	0.302666	0.00857959
lcl|NC_037647.1_mrna_XM_016914433.2_18785	2136	1937	131.37	3.71239
lcl|NC_037647.1_mrna_XM_016914432.2_18786	2149	1950	0.02834	0.000795518
lcl|NC_037647.1_mrna_XM_026443409.1_18787	831	632	32.5112	2.8158
lcl|NC_037647.1_mrna_XM_026443410.1_18788	798	599	1.68292e-05	1.53788e-06
lcl|NC_037647.1_mrna_XM_001121680.5_18789	2576	2377	376	8.65853
lcl|NC_037647.1_mrna_XM_026443399.1_18790	2524	2325	2540.74	59.8168
lcl|NC_037647.1_mrna_XM_026443402.1_18791	2283	2084	349.534	9.18073
lcl|NC_037647.1_mrna_XM_026443403.1_18792	1742	1543	357.281	12.6745
lcl|NC_037647.1_mrna_XM_026443401.1_18793	2154	1955	24.3885	0.682846
lcl|NC_037647.1_mrna_XM_395321.7_18794	2090	1891	1828.05	52.9155
lcl|NC_037647.1_mrna_XM_026443400.1_18795	2165	1966	0	0
lcl|NC_037647.1_mrna_XM_026443412.1_18796	3153	2954	2.33677	0.0433003
lcl|NC_037647.1_mrna_XM_026443411.1_18797	3156	2957	1460.66	27.0386
lcl|NC_037647.1_mrna_XM_625097.5_18798	1168	969	7345	414.909
lcl|NC_037647.1_mrna_XM_026443413.1_18799	2335	2136	205	5.25337
lcl|NC_037647.1_mrna_XM_625109.6_18800	2453	2254	1182	28.7044
lcl|NC_037647.1_mrna_XM_026443291.1_18801	2227	2028	33	0.8907
lcl|NC_037647.1_mrna_XM_026443509.1_18802	2360	2161	1231.82	31.2016
lcl|NC_037647.1_mrna_XM_006565536.3_18803	2318	2119	5.83085e-06	1.50621e-07
lcl|NC_037647.1_mrna_XM_006565539.3_18804	2015	1816	1456.04	43.8878
lcl|NC_037647.1_mrna_XM_006565538.3_18805	2315	2116	0	0
lcl|NC_037647.1_mrna_XM_016914526.2_18806	2200	2001	0	0
lcl|NC_037647.1_mrna_XM_006565540.3_18807	2821	2622	259.834	5.42437
lcl|NC_037647.1_mrna_XM_001121882.5_18808	438	239	1822	417.288
lcl|NC_037647.1_mrna_XM_026443292.1_18809	6985	6786	151	1.218
lcl|NC_037647.1_mrna_XM_006565544.3_18810	2326	2127	1097	28.2309
lcl|NC_037647.1_mrna_XM_006565543.3_18811	2879	2680	3.99995	0.0816968
lcl|NC_037647.1_mrna_XM_006565542.3_18812	2903	2704	5.19667e-05	1.05197e-06
lcl|NC_037647.1_mrna_XM_026443306.1_18813	1301	1102	154.65	7.68164
lcl|NC_037647.1_mrna_XM_016914582.2_18814	2547	2348	183.757	4.28381
lcl|NC_037647.1_mrna_XM_006565541.3_18815	2202	2003	74.5933	2.03847
lcl|NC_037647.1_mrna_XM_006565545.3_18816	7888	7689	4222.55	30.0601
lcl|NC_037647.1_mrna_XM_396366.7_18817	8344	8145	2328.97	15.6516
lcl|NC_037647.1_mrna_XM_006565546.3_18818	4428	4229	83.4782	1.08049
lcl|NC_037647.1_mrna_XM_026443361.1_18819	2314	2115	477.052	12.3464
lcl|NC_037647.1_mrna_XM_393169.5_18820	2397	2198	205.442	5.11619
lcl|NC_037647.1_mrna_XM_016914397.2_18821	2238	2039	0	0
lcl|NC_037647.1_mrna_XM_006565548.3_18822	2257	2058	81.511	2.16799
lcl|NC_037647.1_mrna_XM_396365.4_18823	1143	944	353.995	20.5263
lcl|NC_037647.1_mrna_XM_026443362.1_18824	5173	4974	227	2.49807
lcl|NC_037647.1_mrna_XM_392644.7_18825	2354	2155	208.006	5.28341
lcl|NC_037647.1_mrna_XM_006565550.3_18826	2242	2043	341.994	9.16294
lcl|NC_037647.1_mrna_XM_006565552.3_18827	3610	3411	2.73622	0.0439092
lcl|NC_037647.1_mrna_XM_006565553.3_18828	3707	3508	166.168	2.59282
lcl|NC_037647.1_mrna_XM_006565551.3_18829	3733	3534	561.096	8.69072
lcl|NC_037647.1_mrna_XM_006565555.3_18830	10691	10492	1206.79	6.29591
lcl|NC_037647.1_mrna_XM_006565556.3_18831	10574	10375	543.21	2.86593
lcl|NC_037647.1_mrna_XM_026443463.1_18832	2484	2285	0	0
lcl|NC_037647.1_mrna_XM_026443462.1_18833	2487	2288	538	12.871
lcl|NC_037647.1_mrna_XM_001119908.5_18834	1654	1455	208	7.82502
lcl|NC_037647.1_mrna_XM_026443459.1_18835	6387	6188	143.009	1.26502
lcl|NC_037647.1_mrna_XM_026443461.1_18836	5585	5386	0	0
lcl|NC_037647.1_mrna_XM_006565564.3_18837	6924	6725	0	0
lcl|NC_037647.1_mrna_XM_016914486.2_18838	7720	7521	361.226	2.62899
lcl|NC_037647.1_mrna_XM_026443457.1_18839	7346	7147	0	0
lcl|NC_037647.1_mrna_XM_016914484.2_18840	8046	7847	19.1295	0.13344
lcl|NC_037647.1_mrna_XM_026443458.1_18841	5964	5765	0	0
lcl|NC_037647.1_mrna_XM_006565561.3_18842	6405	6206	3.65926	0.032275
lcl|NC_037647.1_mrna_XM_393703.7_18843	7656	7457	9.01538	0.0661767
lcl|NC_037647.1_mrna_XM_006565562.3_18844	7153	6954	0	0
lcl|NC_037647.1_mrna_XM_016914487.2_18845	5657	5458	0	0
lcl|NC_037647.1_mrna_XM_006565563.3_18846	5489	5290	0	0
lcl|NC_037647.1_mrna_XM_026443475.1_18847	3981	3782	130	1.88151
lcl|NC_037647.1_mrna_XM_026443476.1_18848	5683	5484	0	0
lcl|NC_037647.1_mrna_XM_026443480.1_18849	5554	5355	32.2852	0.330011
lcl|NC_037647.1_mrna_XM_026443478.1_18850	5638	5439	13.5266	0.13613
lcl|NC_037647.1_mrna_XM_026443479.1_18851	5635	5436	0	0
lcl|NC_037647.1_mrna_XM_026443481.1_18852	5509	5310	321.025	3.30925
lcl|NC_037647.1_mrna_XM_026443477.1_18853	5421	5222	0	0
lcl|NC_037647.1_mrna_XM_026443483.1_18854	5235	5036	6.68247	0.0726335
lcl|NC_037647.1_mrna_XM_026443484.1_18855	5073	4874	0	0
lcl|NC_037647.1_mrna_XM_026443486.1_18856	4396	4197	1174.43	15.317
lcl|NC_037647.1_mrna_XM_026443485.1_18857	4414	4215	2.05208	0.026649
lcl|NC_037647.1_precursorrna_NR_039484.1_18858	126	5.35093	0	0
lcl|NC_037647.1_ncrna_18859	22	2.73612	0	0
lcl|NC_037647.1_mrna_XM_397463.7_18860	1003	804	575	39.1469
lcl|NC_037647.1_mrna_XM_026443487.1_18861	865	666	0	0
lcl|NC_037647.1_mrna_XM_016914425.2_18862	1889	1690	175.427	5.68192
lcl|NC_037647.1_mrna_XM_026443184.1_18863	1754	1555	603.491	21.2435
lcl|NC_037647.1_mrna_XM_016914424.2_18864	1858	1659	778.082	25.6723
lcl|NC_037647.1_mrna_XM_026443181.1_18865	2099	1900	888.529	25.5978
lcl|NC_037647.1_mrna_XM_026443183.1_18866	1577	1378	2.26442	0.0899483
lcl|NC_037647.1_mrna_XM_026443182.1_18867	1620	1421	2016.21	77.6652
lcl|NC_037647.1_mrna_XM_624932.5_18868	1284	1085	0	0
lcl|NC_037647.1_mrna_XM_006565982.3_18869	1170	971	0	0
lcl|NC_037647.1_mrna_XM_006565983.3_18870	1234	1035	65	3.43762
lcl|NC_037647.1_mrna_XM_003250783.4_18871	549	350	371	58.0218
lcl|NC_037647.1_mrna_XM_392877.7_18872	2158	1959	359.206	10.0368
lcl|NC_037647.1_mrna_XM_026443268.1_18873	1954	1755	8.79377	0.274273
lcl|NC_037647.1_ncrna_XR_003305458.1_18874	1635	1436	9	0.343063
lcl|NC_037647.1_ncrna_XR_003305459.1_18875	1549	1350	23	0.932566
lcl|NC_037647.1_mrna_XM_026443227.1_18876	1248	1049	371.519	19.3861
lcl|NC_037647.1_mrna_XM_026443226.1_18877	1460	1261	6448.48	279.916
lcl|NC_037647.1_precursorrna_NR_127321.1_18878	82	3.75521	0	0
lcl|NC_037647.1_ncrna_18879	23	2.74792	0	0
lcl|NC_037647.1_mrna_XM_026443370.1_18880	848	649	10	0.843414
lcl|NC_037647.1_mrna_XM_016914360.2_18881	3019	2820	1257	24.399
lcl|NC_037647.1_mrna_XM_006565992.3_18882	8661	8462	3092.06	20.0014
lcl|NC_037647.1_mrna_XM_006565991.3_18883	8747	8548	2601.87	16.6612
lcl|NC_037647.1_ncrna_XR_003305433.1_18884	20837	20638	599.14	1.58908
lcl|NC_037647.1_mrna_XM_393702.7_18885	1898	1699	698	22.4878
lcl|NC_037647.1_mrna_XM_393701.7_18886	932	733	1467	109.55
lcl|NC_037647.1_mrna_XM_393700.7_18887	3857	3658	1821	27.2491
lcl|NC_037647.1_mrna_XM_624833.5_18888	1019	820	639	42.6552
lcl|NC_037647.1_mrna_XM_393699.7_18889	2133	1934	908	25.6989
lcl|NC_037647.1_mrna_XM_026443281.1_18890	6383	6184	18	0.159327
lcl|NC_037647.1_mrna_XM_016914642.2_18891	6296	6097	0	0
lcl|NC_037647.1_mrna_XM_001120809.5_18892	6255	6056	0	0
lcl|NC_037647.1_mrna_XM_026443371.1_18893	3943	3744	260.907	3.81448
lcl|NC_037647.1_miscrna_XR_003305513.1_18894	968	769	21	1.49478
lcl|NC_037647.1_mrna_XM_016914415.2_18895	836	637	4.5297	0.389238
lcl|NC_037647.1_mrna_XM_006565997.3_18896	1019	820	0	0
lcl|NC_037647.1_mrna_XM_006565998.3_18897	1022	823	0	0
lcl|NC_037647.1_mrna_XM_026443436.1_18898	1002	803	65.4703	4.46287
lcl|NC_037647.1_mrna_XM_006565996.3_18899	2432	2233	1051.33	25.7712
lcl|NC_037647.1_mrna_XM_001120943.5_18900	2831	2632	90.5042	1.88221
lcl|NC_037647.1_mrna_XM_006565995.3_18901	2744	2545	2877.17	61.8818
lcl|NC_037647.1_ncrna_XR_003305512.1_18902	2424	2225	28.0233	0.689406
lcl|NC_037647.1_mrna_XM_006566001.3_18903	3292	3093	117.096	2.07228
lcl|NC_037647.1_mrna_XM_001120972.5_18904	3208	3009	31.8806	0.579949
lcl|NC_037647.1_ncrna_XR_003305514.1_18905	780	581	0	0
lcl|NC_037647.1_mrna_XM_026443385.1_18906	4102	3903	0.0100173	0.000140487
lcl|NC_037647.1_mrna_XM_026443388.1_18907	3769	3570	35.3957	0.54271
lcl|NC_037647.1_mrna_XM_026443386.1_18908	4089	3890	3373.44	47.4688
lcl|NC_037647.1_mrna_XM_026443387.1_18909	4320	4121	478.159	6.35119
lcl|NC_037647.1_mrna_XM_006566002.3_18910	1750	1551	378	13.3403
lcl|NC_037647.1_mrna_XM_026443379.1_18911	3926	3727	3148.06	46.2349
lcl|NC_037647.1_mrna_XM_026443380.1_18912	3635	3436	10.0078	0.15943
lcl|NC_037647.1_mrna_XM_006566016.3_18913	3772	3573	3393.78	51.992
lcl|NC_037647.1_mrna_XM_026443378.1_18914	6021	5822	543.504	5.10994
lcl|NC_037647.1_mrna_XM_026443381.1_18915	3713	3514	1319.48	20.5535
lcl|NC_037647.1_mrna_XM_006566014.3_18916	4162	3963	8700.04	120.166
lcl|NC_037647.1_mrna_XM_026443383.1_18917	3716	3517	129.151	2.01007
lcl|NC_037647.1_mrna_XM_016914245.2_18918	4091	3892	3376.56	47.4883
lcl|NC_037647.1_mrna_XM_026443382.1_18919	3506	3307	456.537	7.55661
lcl|NC_037647.1_mrna_XM_026443384.1_18920	2963	2764	57.5441	1.13959
lcl|NC_037647.1_mrna_XM_016914243.2_18921	3517	3318	1148.27	18.9431
lcl|NC_037647.1_mrna_XM_016914244.2_18922	3451	3252	488.729	8.22627
lcl|NC_037647.1_mrna_XM_006566019.3_18923	3353	3154	12690.2	220.238
lcl|NC_037647.1_mrna_XM_016914248.2_18924	3078	2879	123.022	2.33898
lcl|NC_037647.1_mrna_XM_016914249.2_18925	2966	2767	3478.45	68.8117
lcl|NC_037647.1_miscrna_XR_410423.3_18926	3009	2810	0	0
lcl|NC_037647.1_miscrna_XR_410422.3_18927	3251	3052	253.652	4.54925
lcl|NC_037647.1_mrna_XM_006566009.3_18928	6468	6269	30.7353	0.268364
lcl|NC_037647.1_mrna_XM_006566010.3_18929	6463	6264	84.1291	0.735157
lcl|NC_037647.1_mrna_XM_006566008.3_18930	7523	7324	0.00548142	4.09666e-05
lcl|NC_037647.1_mrna_XM_391847.7_18931	7479	7280	11.0025	0.0827267
lcl|NC_037647.1_mrna_XM_026443389.1_18932	5428	5229	16.597	0.173739
lcl|NC_037647.1_mrna_XM_006566007.3_18933	2320	2121	111.927	2.88855
lcl|NC_037647.1_mrna_XM_006566006.3_18934	2200	2001	85.8989	2.34977
lcl|NC_037647.1_mrna_XM_006566005.3_18935	2324	2125	1507.24	38.8249
lcl|NC_037647.1_mrna_XM_016914250.2_18936	3030	2831	0	0
lcl|NC_037647.1_mrna_XM_016914252.2_18937	2477	2278	0	0
lcl|NC_037647.1_mrna_XM_006566003.3_18938	4432	4233	420.742	5.44068
lcl|NC_037647.1_mrna_XM_016914251.2_18939	3700	3501	334.14	5.22423
lcl|NC_037647.1_mrna_XM_624652.6_18940	4257	4058	517.169	6.97598
lcl|NC_037647.1_mrna_XM_006566025.3_18941	4256	4057	656.365	8.85576
lcl|NC_037647.1_mrna_XM_026443372.1_18942	4836	4637	13	0.153459
lcl|NC_037647.1_mrna_NM_001252426.1_18943	1941	1742	7.08493	0.222624
lcl|NC_037647.1_mrna_XM_026443161.1_18944	2180	1981	45.7529	1.26421
lcl|NC_037647.1_mrna_XM_391844.6_18945	2064	1865	2152.25	63.1682
lcl|NC_037647.1_mrna_XM_006566028.2_18946	1991	1792	105.813	3.2321
lcl|NC_037647.1_mrna_XM_393691.6_18947	1970	1771	275.187	8.50541
lcl|NC_037647.1_mrna_XM_016914482.1_18948	1974	1775	3.00503e-05	9.26693e-07
lcl|NC_037647.1_mrna_XM_003250737.4_18949	3029	2830	0	0
lcl|NC_037647.1_mrna_XM_006566029.3_18950	2725	2526	136	2.94707
lcl|NC_037647.1_mrna_XM_623300.6_18951	624	425	5766	742.627
lcl|NC_037647.1_mrna_XM_393059.7_18952	658	459	1350	160.993
lcl|NC_037647.1_mrna_XM_016914481.2_18953	1150	951	492	28.3185
lcl|NC_037647.1_mrna_XM_006566030.2_18954	2951	2752	0	0
lcl|NC_037647.1_mrna_XM_006566031.3_18955	2589	2390	71.2643	1.63215
lcl|NC_037647.1_mrna_XM_624522.5_18956	1018	819	252.736	16.8915
lcl|NC_037647.1_mrna_XM_392725.7_18957	898	699	808	63.2732
lcl|NC_037647.1_mrna_XM_395252.6_18958	2781	2582	2693	57.0907
lcl|NC_037647.1_mrna_XM_623181.6_18959	1923	1724	96	3.04803
lcl|NC_037647.1_mrna_XM_395253.6_18960	1488	1289	210	8.91768
lcl|NC_037647.1_mrna_XM_624421.5_18961	905	706	107.581	8.34096
lcl|NC_037647.1_mrna_XM_006566032.3_18962	800	601	40.419	3.68126
lcl|NC_037647.1_mrna_XM_006566033.3_18963	1624	1425	360	13.8284
lcl|NC_037647.1_mrna_XM_624369.5_18964	1274	1075	217	11.0493
lcl|NC_037647.1_mrna_XM_623047.6_18965	961	762	10785	774.73
lcl|NC_037647.1_ncrna_XR_003305543.1_18966	134	5.81021	0	0
lcl|NC_037647.1_mrna_XM_016914272.2_18967	3137	2938	89.6581	1.67041
lcl|NC_037647.1_mrna_XM_016914273.2_18968	3051	2852	93.6169	1.79676
lcl|NC_037647.1_mrna_XM_624349.5_18969	3141	2942	16.1029	0.299603
lcl|NC_037647.1_mrna_XM_026443237.1_18970	2146	1947	61.8614	1.73916
lcl|NC_037647.1_mrna_XM_026443233.1_18971	6169	5970	877.531	8.04588
lcl|NC_037647.1_mrna_XM_026443232.1_18972	6223	6024	713.085	6.4795
lcl|NC_037647.1_mrna_XM_026443230.1_18973	6319	6120	88.8638	0.794802
lcl|NC_037647.1_mrna_XM_026443228.1_18974	6373	6174	0	0
lcl|NC_037647.1_mrna_XM_026443231.1_18975	6304	6105	0	0
lcl|NC_037647.1_mrna_XM_026443229.1_18976	6753	6554	2725.54	22.7631
lcl|NC_037647.1_mrna_XM_026443234.1_18977	6682	6483	2308.98	19.4953
lcl|NC_037647.1_precursorrna_NR_039495.1_18978	137	6.00353	0	0
lcl|NC_037647.1_ncrna_18979	21	2.72438	0	0
lcl|NC_037647.1_mrna_XM_016914270.2_18980	2455	2256	72.9712	1.77051
lcl|NC_037647.1_miscrna_XR_001704354.2_18981	2147	1948	28.78	0.808699
lcl|NC_037647.1_mrna_XM_026443235.1_18982	3004	2805	13.2488	0.258541
lcl|NC_037647.1_mrna_XM_026443236.1_18983	3088	2889	0	0
lcl|NC_037647.1_mrna_XM_393688.6_18984	2550	2351	1102	25.6575
lcl|NC_037647.1_mrna_XM_006566038.3_18985	1703	1504	81.7786	2.9763
lcl|NC_037647.1_mrna_XM_393689.6_18986	1648	1449	892.303	33.7077
lcl|NC_037647.1_mrna_XM_006566039.3_18987	1819	1620	13.9655	0.471875
lcl|NC_037647.1_mrna_XM_016914269.2_18988	3862	3663	4886.95	73.0275
lcl|NC_037647.1_mrna_XM_003250778.4_18989	1571	1372	45	1.79533
lcl|NC_037647.1_mrna_XM_391843.6_18990	1679	1480	3811	140.949
lcl|NC_037647.1_mrna_XM_006566042.3_18991	8648	8449	3207.31	20.7788
lcl|NC_037647.1_mrna_XM_006566041.3_18992	8681	8482	23.4222	0.151152
lcl|NC_037647.1_miscrna_XR_001704353.2_18993	8184	7985	102.145	0.700208
lcl|NC_037647.1_mrna_XM_026443331.1_18994	925	726	48	3.61901
lcl|NC_037647.1_mrna_XM_016914268.2_18995	923	724	275	20.7912
lcl|NC_037647.1_mrna_XM_026443332.1_18996	824	625	0	0
lcl|NC_037647.1_mrna_XM_026443223.1_18997	1770	1571	776	27.0378
lcl|NC_037647.1_mrna_XM_006566043.3_18998	2036	1837	75.1689	2.23983
lcl|NC_037647.1_mrna_XM_006566045.3_18999	1973	1774	32.8311	1.01302
lcl|NC_037647.1_mrna_XM_006566044.3_19000	2015	1816	0	0
lcl|NC_037647.1_mrna_XM_026443224.1_19001	1382	1183	533.304	24.6761
lcl|NC_037647.1_mrna_XM_016914502.2_19002	1398	1199	586.696	26.7842
lcl|NC_037647.1_mrna_XM_623980.6_19003	1108	909	478	28.7839
lcl|NC_037647.1_mrna_XM_393006.7_19004	1462	1263	346.089	14.9993
lcl|NC_037647.1_mrna_XM_016914501.1_19005	1181	982	161.911	9.02506
lcl|NC_037647.1_mrna_XM_016914500.2_19006	1262	1063	104	5.35532
lcl|NC_037647.1_mrna_XM_006566046.2_19007	2027	1828	192.839	5.77435
lcl|NC_037647.1_mrna_XM_006566047.2_19008	1736	1537	358.737	12.7758
lcl|NC_037647.1_mrna_XM_623891.5_19009	1843	1644	60.4245	2.01186
lcl|NC_037647.1_mrna_XM_026443159.1_19010	3940	3741	1564	22.8841
lcl|NC_037647.1_ncrna_XR_001704610.2_19011	3769	3570	55.036	0.843847
lcl|NC_037647.1_mrna_XM_026443451.1_19012	4699	4500	1980.97	24.0964
lcl|NC_037647.1_mrna_XM_016914648.2_19013	1861	1662	0	0
lcl|NC_037647.1_mrna_XM_393685.6_19014	2210	2011	0	0
lcl|NC_037647.1_mrna_XM_016914238.2_19015	1697	1498	0	0
lcl|NC_037647.1_mrna_XM_003250744.4_19016	724	525	0.351816	0.036681
lcl|NC_037647.1_mrna_XM_625057.6_19017	783	584	1273.65	119.377
lcl|NC_037647.1_mrna_XM_016914574.2_19018	2722	2523	365.882	7.93797
lcl|NC_037647.1_mrna_XM_016914575.2_19019	2698	2499	403.855	8.84595
lcl|NC_037647.1_mrna_XM_006566051.3_19020	2358	2159	13.2619	0.336231
lcl|NC_037647.1_mrna_XM_026443285.1_19021	2259	2060	0.00116774	3.10287e-05
lcl|NC_037647.1_mrna_XM_006566055.3_19022	1071	872	3023	189.761
lcl|NC_037647.1_mrna_XM_625034.5_19023	3462	3263	597.65	10.0257
lcl|NC_037647.1_mrna_XM_026443437.1_19024	3491	3292	586.35	9.7495
lcl|NC_037647.1_mrna_XM_006566054.3_19025	1301	1102	269	13.3615
lcl|NC_037647.1_mrna_XM_006566058.3_19026	1192	993	134.329	7.40467
lcl|NC_037647.1_mrna_XM_006566061.3_19027	1578	1379	0	0
lcl|NC_037647.1_mrna_XM_001122389.5_19028	1309	1110	0	0
lcl|NC_037647.1_mrna_XM_016914549.2_19029	1525	1326	18.9202	0.781032
lcl|NC_037647.1_mrna_XM_016914547.2_19030	1256	1057	0	0
lcl|NC_037647.1_mrna_XM_006566059.3_19031	1193	994	0	0
lcl|NC_037647.1_mrna_XM_016914548.2_19032	1133	934	335.939	19.6879
lcl|NC_037647.1_mrna_XM_006566060.3_19033	1141	942	329.084	19.1224
lcl|NC_037647.1_mrna_XM_006566056.3_19034	1255	1056	18.7511	0.97196
lcl|NC_037647.1_mrna_XM_026443438.1_19035	1405	1206	29.9767	1.36057
lcl|NC_037647.1_mrna_XM_016914546.2_19036	3631	3432	1688.36	26.9279
lcl|NC_037647.1_mrna_XM_026443441.1_19037	3400	3201	2342.03	40.0491
lcl|NC_037647.1_mrna_XM_026443440.1_19038	3418	3219	1615.18	27.4654
lcl|NC_037647.1_mrna_XM_026443439.1_19039	3547	3348	0	0
lcl|NC_037647.1_mrna_XM_006566064.3_19040	3323	3124	1512.5	26.5014
lcl|NC_037647.1_mrna_XM_391838.7_19041	3341	3142	1030.93	17.9601
lcl|NC_037647.1_mrna_XM_026443442.1_19042	3002	2803	0	0
lcl|NC_037647.1_mrna_XM_624992.6_19043	3581	3382	286	4.6289
lcl|NC_037647.1_mrna_XM_026443185.1_19044	5038	4839	2464.58	27.8787
lcl|NC_037647.1_mrna_XM_026443186.1_19045	4072	3873	1273.42	17.9973
lcl|NC_037647.1_mrna_XM_395048.6_19046	3858	3659	4483	67.0643
lcl|NC_037647.1_miscrna_XR_410438.3_19047	3556	3357	468.091	7.63245
lcl|NC_037647.1_mrna_XM_006566072.3_19048	3200	3001	260.909	4.75893
lcl|NC_037647.1_mrna_XM_006565949.3_19049	3604	3405	105.98	1.70369
lcl|NC_037647.1_mrna_XM_006565951.3_19050	3172	2973	207.172	3.81436
lcl|NC_037647.1_mrna_XM_006565952.3_19051	3077	2878	34.3731	0.653751
lcl|NC_037647.1_mrna_XM_006565950.3_19052	3588	3389	115.774	1.86992
lcl|NC_037647.1_mrna_NM_001083630.1_19053	1713	1514	89.7014	3.24309
lcl|NC_037647.1_mrna_XM_006566073.3_19054	12467	12268	2226.46	9.93405
lcl|NC_037647.1_ncrna_XR_003305402.1_19055	1041	842	3	0.195027
lcl|NC_037647.1_ncrna_XR_001704424.2_19056	1570	1371	18	0.718655
lcl|NC_037647.1_ncrna_XR_003305387.1_19057	5938	5739	12.5539	0.119736
lcl|NC_037647.1_ncrna_XR_003305401.1_19058	5332	5133	23.5859	0.251517
lcl|NC_037647.1_ncrna_XR_003305388.1_19059	5905	5706	0	0
lcl|NC_037647.1_ncrna_XR_003305396.1_19060	5806	5607	3.67477	0.0358744
lcl|NC_037647.1_ncrna_XR_003305398.1_19061	5803	5604	7.22031	0.070525
lcl|NC_037647.1_ncrna_XR_003305400.1_19062	5739	5540	0	0
lcl|NC_037647.1_ncrna_XR_003305394.1_19063	5666	5467	30.3222	0.303597
lcl|NC_037647.1_ncrna_XR_003305399.1_19064	3792	3593	37.6429	0.573471
lcl|NC_037647.1_ncrna_XR_001704410.2_19065	5632	5433	0	0
lcl|NC_037647.1_ncrna_XR_003305390.1_19066	5546	5347	0	0
lcl|NC_037647.1_ncrna_XR_003305393.1_19067	5659	5460	0	0
lcl|NC_037647.1_ncrna_XR_003305395.1_19068	5649	5450	0	0
lcl|NC_037647.1_ncrna_XR_003305389.1_19069	5626	5427	0	0
lcl|NC_037647.1_ncrna_XR_003305391.1_19070	5533	5334	0	0
lcl|NC_037647.1_ncrna_XR_003305397.1_19071	5633	5434	0	0
lcl|NC_037647.1_ncrna_XR_003305392.1_19072	5693	5494	0	0
lcl|NC_037647.1_ncrna_XR_120289.4_19073	1033	834	12	0.787591
lcl|NC_037647.1_mrna_XM_026443142.1_19074	361	162	9	3.04097
lcl|NC_037647.1_ncrna_XR_003305403.1_19075	568	369	134	19.8776
lcl|NC_037647.1_mrna_XM_006566077.3_19076	3239	3040	1331.57	23.9759
lcl|NC_037647.1_mrna_XM_026443143.1_19077	3118	2919	2651.43	49.72
lcl|NC_037647.1_ncrna_XR_001704408.2_19078	261	62.0706	1	0.88186
lcl|NC_037647.1_mrna_XM_006566075.3_19079	2436	2237	22.2903	0.545426
lcl|NC_037647.1_mrna_XM_016914334.2_19080	2457	2258	1087.71	26.3678
lcl|NC_037647.1_mrna_XM_016914231.1_19081	387	188	25	7.27893
lcl|NC_037647.1_mrna_XM_393678.6_19082	1333	1134	87.232	4.21064
lcl|NC_037647.1_mrna_XM_006566078.3_19083	1320	1121	745.768	36.4153
lcl|NC_037647.1_mrna_XM_006566079.3_19084	1361	1162	0	0
lcl|NC_037647.1_mrna_XM_016914604.2_19085	4157	3958	0	0
lcl|NC_037647.1_mrna_XM_006566081.3_19086	4161	3962	0	0
lcl|NC_037647.1_mrna_XM_006566084.3_19087	4268	4069	55.8757	0.751659
lcl|NC_037647.1_mrna_XM_006566080.3_19088	4310	4111	0	0
lcl|NC_037647.1_mrna_XM_016914602.2_19089	4433	4234	0	0
lcl|NC_037647.1_mrna_XM_006566083.3_19090	4133	3934	0	0
lcl|NC_037647.1_mrna_XM_006566082.3_19091	4281	4082	1.44387	0.0193616
lcl|NC_037647.1_mrna_XM_006566086.3_19092	4032	3833	0	0
lcl|NC_037647.1_mrna_XM_016914605.2_19093	4004	3805	294.095	4.23076
lcl|NC_037647.1_mrna_XM_016914603.2_19094	3948	3749	0	0
lcl|NC_037647.1_mrna_XM_006566085.3_19095	3303	3104	143.705	2.53416
lcl|NC_037647.1_mrna_XM_006566087.3_19096	3025	2826	100.881	1.95399
lcl|NC_037647.1_mrna_XM_026443456.1_19097	9248	9049	611.303	3.69778
lcl|NC_037647.1_mrna_XM_016914576.2_19098	9203	9004	1808.7	10.9955
lcl|NC_037647.1_mrna_XM_006566088.2_19099	3793	3594	1257	19.1444
lcl|NC_037647.1_mrna_XM_026443346.1_19100	2104	1905	9	0.258603
lcl|NC_037647.1_mrna_XM_001119823.5_19101	1765	1566	11	0.384491
lcl|NC_037647.1_mrna_XM_006566089.3_19102	3737	3538	1078	16.6781
lcl|NC_037647.1_mrna_XM_016914362.2_19103	1433	1234	2473	109.697
lcl|NC_037647.1_mrna_XM_026443249.1_19104	2986	2787	1181.96	23.214
lcl|NC_037647.1_mrna_XM_026443257.1_19105	3719	3520	0	0
lcl|NC_037647.1_mrna_XM_026443256.1_19106	3885	3686	331.163	4.9178
lcl|NC_037647.1_mrna_XM_026443248.1_19107	3931	3732	0	0
lcl|NC_037647.1_mrna_XM_026443255.1_19108	3834	3635	0	0
lcl|NC_037647.1_mrna_XM_026443252.1_19109	3903	3704	0	0
lcl|NC_037647.1_mrna_XM_026443250.1_19110	3924	3725	0	0
lcl|NC_037647.1_mrna_XM_026443251.1_19111	3901	3702	0	0
lcl|NC_037647.1_mrna_XM_026443254.1_19112	3872	3673	1369.88	20.4149
lcl|NC_037647.1_mrna_XM_026443253.1_19113	3872	3673	0	0
lcl|NC_037647.1_mrna_XM_006566098.3_19114	4133	3934	2464.68	34.2935
lcl|NC_037647.1_mrna_XM_006566096.3_19115	4133	3934	332.132	4.62127
lcl|NC_037647.1_mrna_XM_006566097.3_19116	4127	3928	1.07401	0.0149666
lcl|NC_037647.1_mrna_XM_016914363.2_19117	4147	3948	319.58	4.43086
lcl|NC_037647.1_mrna_XM_006566093.3_19118	4294	4095	58178.5	777.668
lcl|NC_037647.1_mrna_XM_393683.6_19119	1308	1109	527	26.0114
lcl|NC_037647.1_mrna_XM_393684.7_19120	5865	5666	845.972	8.17268
lcl|NC_037647.1_mrna_XM_006566101.3_19121	4241	4042	208.028	2.81716
lcl|NC_037647.1_mrna_XM_003250751.4_19122	1403	1204	9627	437.673
lcl|NC_037647.1_mrna_XM_003250752.4_19123	2998	2799	2439	47.6973
lcl|NC_037647.1_ncrna_XR_001704394.2_19124	852	653	402	33.6975
lcl|NC_037647.1_mrna_XM_016914299.2_19125	5065	4866	196.293	2.20809
lcl|NC_037647.1_mrna_XM_003250753.4_19126	1929	1730	231	7.30889
lcl|NC_037647.1_trna_19127	82	3.75521	0	0
lcl|NC_037647.1_trna_19128	72	3.52559	0	0
lcl|NC_037647.1_trna_19129	73	3.5471	0	0
lcl|NC_037647.1_trna_19130	74	3.56892	0	0
lcl|NC_037647.1_mrna_XM_016914298.2_19131	4908	4709	1.98564	0.0230811
lcl|NC_037647.1_mrna_XM_016914301.2_19132	5037	4838	60.7217	0.687011
lcl|NC_037647.1_mrna_XM_016914295.2_19133	4622	4423	0	0
lcl|NC_037647.1_mrna_XM_016914300.2_19134	4733	4534	0	0
lcl|NC_037647.1_mrna_XM_006566102.3_19135	925	726	290	21.8649
lcl|NC_037647.1_mrna_XM_026443259.1_19136	4004	3805	42.1235	0.605976
lcl|NC_037647.1_mrna_XM_026443260.1_19137	3986	3787	2617.88	37.839
lcl|NC_037647.1_mrna_NM_001040226.1_19138	432	233	61	14.3304
lcl|NC_037647.1_mrna_NM_001040204.1_19139	793	594	35.8778	3.30616
lcl|NC_037647.1_mrna_XM_006565948.3_19140	518	319	44.0278	7.55478
lcl|NC_037647.1_mrna_XM_006565947.3_19141	844	645	20.0944	1.7053
lcl|NC_037647.1_mrna_XM_624651.6_19142	2581	2382	210.716	4.84219
lcl|NC_037647.1_mrna_XM_006566104.3_19143	2329	2130	266.284	6.84306
lcl|NC_037647.1_mrna_XM_006566109.3_19144	1485	1286	717	30.5185
lcl|NC_037647.1_mrna_XM_016914294.2_19145	5199	5000	3079.47	33.7125
lcl|NC_037647.1_mrna_XM_026443258.1_19146	4180	3981	53.5336	0.736071
lcl|NC_037647.1_mrna_XM_016914302.2_19147	2284	2085	3329.73	87.4156
lcl|NC_037647.1_mrna_XM_016914303.2_19148	1552	1353	2153.27	87.1135
lcl|NC_037647.1_mrna_XM_006566108.3_19149	1407	1208	1050	47.5782
lcl|NC_037647.1_mrna_XM_006566106.3_19150	3446	3247	2679.89	45.1772
lcl|NC_037647.1_mrna_XM_026443307.1_19151	2570	2371	1002.11	23.135
lcl|NC_037647.1_mrna_XM_006566105.3_19152	1669	1470	39	1.45222
lcl|NC_037647.1_mrna_XM_001121210.5_19153	2928	2729	37.02	0.742536
lcl|NC_037647.1_ncrna_XR_003305465.1_19154	317	118	0	0
lcl|NC_037647.1_mrna_XM_006566115.3_19155	3057	2858	8478.96	162.392
lcl|NC_037647.1_mrna_XM_001121244.5_19156	3346	3147	6472.27	112.576
lcl|NC_037647.1_mrna_XM_016914395.2_19157	3068	2869	1260.01	24.0397
lcl|NC_037647.1_mrna_XM_006566114.3_19158	3434	3235	5964.75	100.926
lcl|NC_037647.1_mrna_XM_016914394.2_19159	4493	4294	85.5214	1.09018
lcl|NC_037647.1_mrna_XM_016914392.2_19160	4642	4443	51.243	0.631311
lcl|NC_037647.1_mrna_XM_016914391.2_19161	4732	4533	8.31174	0.100367
lcl|NC_037647.1_mrna_XM_006566111.3_19162	4606	4407	1364	16.9417
lcl|NC_037647.1_mrna_XM_006566110.3_19163	4696	4497	211.456	2.57385
lcl|NC_037647.1_mrna_XM_016914393.2_19164	4482	4283	605.733	7.74138
lcl|NC_037647.1_ncrna_XR_410471.3_19165	1809	1610	169	5.74574
lcl|NC_037647.1_mrna_XM_391836.7_19166	1491	1292	2166	91.7659
lcl|NC_037647.1_mrna_XM_624476.6_19167	750	551	472	46.8895
lcl|NC_037647.1_mrna_XM_001121371.5_19168	627	428	459	58.7022
lcl|NC_037647.1_mrna_XM_006566121.3_19169	1771	1572	312.222	10.8717
lcl|NC_037647.1_mrna_XM_006566125.3_19170	1382	1183	84.4173	3.906
lcl|NC_037647.1_mrna_XM_006566128.3_19171	1717	1518	51.4648	1.85577
lcl|NC_037647.1_mrna_XM_026443304.1_19172	1921	1722	64.9331	2.06404
lcl|NC_037647.1_mrna_XM_026443305.1_19173	1860	1661	0	0
lcl|NC_037647.1_mrna_XM_016914390.2_19174	1370	1171	210.962	9.86129
lcl|NC_037647.1_mrna_XM_026443317.1_19175	2070	1871	4097	119.861
lcl|NC_037647.1_mrna_XM_026443293.1_19176	3619	3420	1508	24.1357
lcl|NC_037647.1_mrna_XM_623767.6_19177	1334	1135	290	13.9858
lcl|NC_037647.1_mrna_XM_026443141.1_19178	1185	986	373.159	20.7158
lcl|NC_037647.1_mrna_XM_026443140.1_19179	1468	1269	396.513	17.1033
lcl|NC_037647.1_mrna_XM_026443138.1_19180	1884	1685	257.321	8.35913
lcl|NC_037647.1_mrna_XM_026443139.1_19181	1861	1662	0.0070697	0.000232839
lcl|NC_037647.1_mrna_XM_026443137.1_19182	1797	1598	0	0
lcl|NC_037647.1_mrna_XM_394840.6_19183	1961	1762	1189	36.937
lcl|NC_037647.1_mrna_XM_026443136.1_19184	1921	1722	306.78	9.75167
lcl|NC_037647.1_mrna_XM_026443135.1_19185	1884	1685	140.22	4.55508
lcl|NC_037647.1_mrna_XM_026443134.1_19186	3966	3767	742	10.7819
lcl|NC_037647.1_mrna_XM_026443280.1_19187	8877	8678	73.9669	0.466555
lcl|NC_037647.1_mrna_XM_026443279.1_19188	8880	8681	505.033	3.18446
lcl|NC_037647.1_mrna_XM_623374.5_19189	2537	2338	1078.33	25.2461
lcl|NC_037647.1_mrna_XM_016914581.2_19190	2687	2488	244.666	5.3828
lcl|NC_037647.1_mrna_XM_026443283.1_19191	546	347	0	0
lcl|NC_037647.1_mrna_XM_026443373.1_19192	560	361	2	0.303255
lcl|NC_037647.1_mrna_XM_026443374.1_19193	3837	3638	224	3.37032
lcl|NC_037647.1_mrna_XM_016914579.2_19194	1084	885	0	0
lcl|NC_037647.1_mrna_XM_624842.6_19195	1208	1009	50	2.71246
lcl|NC_037647.1_mrna_XM_001121653.5_19196	1502	1303	475	19.9542
lcl|NC_037647.1_mrna_XM_026443246.1_19197	4286	4087	316.822	4.24322
lcl|NC_037647.1_mrna_XM_016914608.2_19198	4157	3958	2327.19	32.1841
lcl|NC_037647.1_mrna_XM_026443299.1_19199	996	797	460.54	31.6296
lcl|NC_037647.1_mrna_XM_006566133.3_19200	924	725	1059.46	79.9893
lcl|NC_037647.1_mrna_XM_001120649.5_19201	807	608	492	44.2942
lcl|NC_037647.1_mrna_XM_395789.6_19202	698	499	918	100.7
lcl|NC_037647.1_mrna_NM_001185144.1_19203	565	366	9419	1408.67
lcl|NC_037647.1_mrna_XM_016914596.2_19204	3728	3529	78.8999	1.2238
lcl|NC_037647.1_mrna_XM_006566137.3_19205	4518	4319	132.816	1.68326
lcl|NC_037647.1_mrna_XM_006566138.3_19206	4506	4307	0.20497	0.00260496
lcl|NC_037647.1_mrna_XM_016914595.2_19207	4416	4217	48.8298	0.63382
lcl|NC_037647.1_mrna_XM_006566141.3_19208	4158	3959	33.4457	0.462423
lcl|NC_037647.1_mrna_XM_006566136.3_19209	4532	4333	0	0
lcl|NC_037647.1_mrna_XM_006566140.3_19210	4472	4273	1238.7	15.8679
lcl|NC_037647.1_mrna_XM_001121736.4_19211	4518	4319	142.184	1.80199
lcl|NC_037647.1_mrna_XM_006566139.2_19212	4491	4292	1223.92	15.6091
lcl|NC_037647.1_mrna_XM_026443105.1_19213	8071	7872	0.000244553	1.70048e-06
lcl|NC_037647.1_mrna_XM_026443112.1_19214	8023	7824	168.007	1.17539
lcl|NC_037647.1_mrna_XM_026443104.1_19215	8072	7873	3.51224e-06	2.44191e-08
lcl|NC_037647.1_mrna_XM_026443110.1_19216	8027	7828	4.15524e-05	2.90556e-07
lcl|NC_037647.1_mrna_XM_026443106.1_19217	8060	7861	2.59437e-07	1.80651e-09
lcl|NC_037647.1_mrna_XM_026443107.1_19218	8051	7852	0.00169517	1.18173e-05
lcl|NC_037647.1_mrna_XM_026443109.1_19219	8039	7840	0.000127042	8.86987e-07
lcl|NC_037647.1_mrna_XM_026443108.1_19220	8051	7852	5.79921e-06	4.04272e-08
lcl|NC_037647.1_mrna_XM_026443115.1_19221	8003	7804	0.00394455	2.76672e-05
lcl|NC_037647.1_mrna_XM_026443111.1_19222	8023	7824	2.88229	0.0201648
lcl|NC_037647.1_mrna_XM_026443113.1_19223	8011	7812	0.219942	0.0015411
lcl|NC_037647.1_mrna_XM_026443114.1_19224	8002	7803	1397.63	9.8043
lcl|NC_037647.1_mrna_XM_026443116.1_19225	7147	6948	58.664	0.462165
lcl|NC_037647.1_mrna_XM_026443119.1_19226	7102	6903	1042.95	8.2701
lcl|NC_037647.1_mrna_XM_026443117.1_19227	7135	6936	3.25698	0.0257035
lcl|NC_037647.1_mrna_XM_026443120.1_19228	7090	6891	57.5149	0.456861
lcl|NC_037647.1_mrna_XM_026443118.1_19229	7114	6915	3416.66	27.0455
lcl|NC_037647.1_ncrna_XR_003305434.1_19230	1414	1215	1	0.0450515
lcl|NC_037647.1_ncrna_XR_003305435.1_19231	1871	1672	2	0.0654755
lcl|NC_037647.1_ncrna_XR_003305484.1_19232	3584	3385	0	0
lcl|NC_037647.1_ncrna_XR_003305483.1_19233	2822	2623	2	0.0417366
lcl|NC_037647.1_ncrna_XR_003305485.1_19234	778	579	2	0.189076
lcl|NC_037647.1_ncrna_XR_001704683.2_19235	966	767	0	0
lcl|NC_037647.1_ncrna_XR_001704681.2_19236	933	734	3	0.223723
lcl|NC_037647.1_ncrna_XR_120295.3_19237	900	701	1	0.0780849
lcl|NC_037647.1_mrna_XM_026443445.1_19238	2892	2693	33.2469	0.675772
lcl|NC_037647.1_mrna_XM_026443446.1_19239	2730	2531	262.147	5.66942
lcl|NC_037647.1_mrna_XM_026443447.1_19240	2201	2002	0	0
lcl|NC_037647.1_ncrna_XR_003305521.1_19241	679	480	9	1.02633
lcl|NC_037647.1_ncrna_XR_410490.3_19242	957	758	21	1.51648
lcl|NC_037647.1_ncrna_XR_001704548.2_19243	1270	1071	40	2.04435
lcl|NC_037647.1_ncrna_XR_001704544.1_19244	291	92.0002	0	0
lcl|NC_037647.1_ncrna_XR_001704543.2_19245	401	202	0	0
lcl|NC_037647.1_mrna_XM_393677.7_19246	1983	1784	228	6.99561
lcl|NC_037647.1_ncrna_XR_003305519.1_19247	2271	2072	23.6883	0.625791
lcl|NC_037647.1_mrna_XM_003250762.4_19248	1851	1652	145.75	4.8293
lcl|NC_037647.1_mrna_XM_006566159.3_19249	2215	2016	22.5849	0.613215
lcl|NC_037647.1_mrna_XM_026443443.1_19250	1631	1432	0	0
lcl|NC_037647.1_mrna_XM_006566160.3_19251	1706	1507	27.9768	1.01618
lcl|NC_037647.1_mrna_XM_006566158.3_19252	1752	1553	0	0
lcl|NC_037647.1_ncrna_XR_003305518.1_19253	4747	4548	73.2077	0.881093
lcl|NC_037647.1_ncrna_XR_003305515.1_19254	4718	4519	47.4439	0.574677
lcl|NC_037647.1_ncrna_XR_003305516.1_19255	4712	4513	0	0
lcl|NC_037647.1_ncrna_XR_003305517.1_19256	4694	4495	0	0
lcl|NC_037647.1_mrna_XM_006566163.3_19257	3309	3110	0	0
lcl|NC_037647.1_mrna_XM_006566162.3_19258	3314	3115	26.8708	0.47218
lcl|NC_037647.1_mrna_XM_006566161.3_19259	3317	3118	0	0
lcl|NC_037647.1_mrna_XM_006566164.3_19260	3274	3075	29.4776	0.524725
lcl|NC_037647.1_mrna_XM_006566166.3_19261	3038	2839	0	0
lcl|NC_037647.1_ncrna_XR_003305520.1_19262	430	231	0	0
lcl|NC_037647.1_mrna_XM_006566167.3_19263	631	432	0	0
lcl|NC_037647.1_mrna_XM_006566173.3_19264	5643	5444	1168.48	11.7486
lcl|NC_037647.1_mrna_XM_016914476.2_19265	5421	5222	2.72578	0.0285719
lcl|NC_037647.1_mrna_XM_006566174.3_19266	5419	5220	0.0171579	0.00017992
lcl|NC_037647.1_mrna_XM_016914473.2_19267	5799	5600	1350.67	13.2022
lcl|NC_037647.1_mrna_XM_026443434.1_19268	5905	5706	80.0672	0.768083
lcl|NC_037647.1_mrna_XM_026443433.1_19269	5552	5353	0	0
lcl|NC_037647.1_miscrna_XR_003305511.1_19270	5206	5007	2048.53	22.3949
lcl|NC_037647.1_mrna_XM_026443432.1_19271	5555	5356	0	0
lcl|NC_037647.1_mrna_XM_016914472.2_19272	7395	7196	0.00543352	4.1331e-05
lcl|NC_037647.1_mrna_XM_006566172.3_19273	7391	7192	2738.11	20.8394
lcl|NC_037647.1_mrna_XM_016914471.2_19274	5432	5233	649.397	6.79274
lcl|NC_037647.1_mrna_XM_006566171.3_19275	631	432	0	0
lcl|NC_037647.1_miscrna_XR_001704555.2_19276	626	427	15	1.92286
lcl|NC_037647.1_ncrna_XR_001704556.2_19277	1116	917	13	0.775996
lcl|NC_037647.1_ncrna_XR_001704558.2_19278	2504	2305	51	1.21111
lcl|NC_037647.1_mrna_XM_026443435.1_19279	2603	2404	160.443	3.65319
lcl|NC_037647.1_mrna_XM_006566177.3_19280	2363	2164	237.112	5.99765
lcl|NC_037647.1_mrna_XM_006566176.3_19281	2353	2154	56.4453	1.43439
lcl|NC_037647.1_mrna_XM_026443375.1_19282	1326	1127	315	15.2993
lcl|NC_037647.1_mrna_XM_006566184.3_19283	938	739	7	0.518488
lcl|NC_037647.1_mrna_XM_026443194.1_19284	2791	2592	0	0
lcl|NC_037647.1_mrna_XM_006566183.3_19285	3281	3082	103	1.82932
lcl|NC_037647.1_ncrna_XR_001704379.2_19286	2051	1852	0	0
lcl|NC_037647.1_ncrna_XR_410503.3_19287	1935	1736	0	0
lcl|NC_037647.1_ncrna_XR_410504.3_19288	1932	1733	0	0
lcl|NC_037647.1_ncrna_XR_410502.3_19289	1959	1760	7	0.217706
lcl|NC_037647.1_ncrna_XR_001704390.2_19290	186	12.4336	0	0
lcl|NC_037647.1_mrna_XM_003250766.4_19291	1498	1299	665	28.0219
lcl|NC_037647.1_ncrna_XR_001704377.2_19292	1165	966	6	0.339985
lcl|NC_037647.1_mrna_XM_003250786.4_19293	687	488	101.683	11.4055
lcl|NC_037647.1_mrna_XM_016914280.2_19294	487	288	19.4582	3.69825
lcl|NC_037647.1_mrna_XM_006566187.3_19295	635	436	167.858	21.0737
lcl|NC_037647.1_mrna_XM_006566186.3_19296	1700	1501	8879	323.794
lcl|NC_037647.1_ncrna_XR_410510.3_19297	1836	1637	0	0
lcl|NC_037647.1_ncrna_XR_410508.3_19298	1801	1602	13.2616	0.453125
lcl|NC_037647.1_ncrna_XR_001704373.2_19299	1197	998	44.7384	2.45378
lcl|NC_037647.1_mrna_XM_006566188.3_19300	1195	996	16	0.879318
lcl|NC_037647.1_mrna_XM_006566196.3_19301	1373	1174	760.1	35.4395
lcl|NC_037647.1_mrna_XM_006566190.3_19302	7354	7155	0	0
lcl|NC_037647.1_mrna_XM_006566192.3_19303	6969	6770	0	0
lcl|NC_037647.1_mrna_XM_006566194.3_19304	5623	5424	16.9024	0.170574
lcl|NC_037647.1_mrna_XM_006566195.3_19305	5611	5412	276.603	2.79759
lcl|NC_037647.1_mrna_XM_006566193.3_19306	7277	7078	0	0
lcl|NC_037647.1_mrna_XM_006566191.3_19307	6383	6184	40.994	0.362857
lcl|NC_037647.1_mrna_XM_001122025.5_19308	2446	2247	1373	33.4467
lcl|NC_037647.1_mrna_XM_006566189.3_19309	2341	2142	0	0
lcl|NC_037647.1_mrna_XM_393605.7_19310	1733	1534	22863	815.818
lcl|NC_037647.1_mrna_XM_006566197.3_19311	1628	1429	0	0
lcl|NC_037647.1_mrna_XM_006566198.3_19312	1485	1286	0	0
lcl|NC_037647.1_mrna_XM_006566199.3_19313	1097	898	2.99933	0.182824
lcl|NC_037647.1_mrna_XM_397363.7_19314	1103	904	0.000671741	4.06741e-05
lcl|NC_037647.1_ncrna_XR_410517.3_19315	816	617	0	0
lcl|NC_037647.1_mrna_XM_026443390.1_19316	1428	1229	54.42	2.42377
lcl|NC_037647.1_mrna_XM_026443391.1_19317	1578	1379	712.58	28.2849
lcl|NC_037647.1_mrna_XM_624178.6_19318	3845	3646	85821.5	1288.44
lcl|NC_037647.1_mrna_XM_026443392.1_19319	3802	3603	5176.5	78.6426
lcl|NC_037647.1_ncrna_XR_410519.3_19320	852	653	11	0.922072
lcl|NC_037647.1_ncrna_XR_410523.3_19321	4745	4546	1835.22	22.0976
lcl|NC_037647.1_ncrna_XR_410522.3_19322	688	489	0	0
lcl|NC_037647.1_ncrna_XR_003305493.1_19323	681	482	0	0
lcl|NC_037647.1_miscrna_XR_003305492.1_19324	580	381	0	0
lcl|NC_037647.1_mrna_XM_026443394.1_19325	545	346	2	0.316402
lcl|NC_037647.1_mrna_XM_006566202.3_19326	3815	3616	11715.3	177.341
lcl|NC_037647.1_mrna_XM_026443393.1_19327	4270	4071	11465.5	154.162
lcl|NC_037647.1_mrna_XM_006566201.3_19328	2820	2621	22468	469.227
lcl|NC_037647.1_mrna_XM_006566206.3_19329	3469	3270	189.503	3.17214
lcl|NC_037647.1_mrna_XM_003250771.4_19330	3677	3478	127.851	2.01215
lcl|NC_037647.1_mrna_XM_006566205.3_19331	3740	3541	619.171	9.57128
lcl|NC_037647.1_ncrna_XR_003305460.1_19332	2099	1900	0	0
lcl|NC_037647.1_ncrna_XR_001704623.2_19333	1995	1796	56	1.70674
lcl|NC_037647.1_mrna_XM_006566207.3_19334	3352	3153	154.994	2.69077
lcl|NC_037647.1_mrna_XM_016914617.2_19335	3534	3335	5909.88	96.9992
lcl|NC_037647.1_mrna_XM_016914618.2_19336	3419	3220	107.533	1.82798
lcl|NC_037647.1_mrna_XM_026443314.1_19337	3278	3079	1.32535	0.0235617
lcl|NC_037647.1_mrna_XM_016914619.2_19338	3230	3031	1399.26	25.2697
lcl|NC_037647.1_mrna_XM_016914572.1_19339	4170	3971	4812.73	66.3402
lcl|NC_037647.1_mrna_XM_393148.6_19340	4326	4127	12513.3	165.967
lcl|NC_037647.1_mrna_XM_016914573.2_19341	2848	2649	7.91216e-05	1.63493e-06
lcl|NC_037647.1_mrna_XM_006566211.3_19342	3006	2807	1407.97	27.4559
lcl|NC_037647.1_mrna_XM_006566210.3_19343	3011	2812	4097.5	79.7608
lcl|NC_037647.1_ncrna_XR_410532.3_19344	2101	1902	24.7043	0.710963
lcl|NC_037647.1_ncrna_XR_410531.3_19345	2198	1999	39.8237	1.09047
lcl|NC_037647.1_mrna_XM_623979.6_19346	4153	3954	337.237	4.66857
lcl|NC_037647.1_mrna_XM_006566209.3_19347	3997	3798	764.549	11.0188
lcl|NC_037647.1_ncrna_XR_001704525.2_19348	2012	1813	29.365	0.886578
lcl|NC_037647.1_ncrna_XR_001704523.2_19349	1756	1557	20.1595	0.708722
lcl|NC_037647.1_mrna_XM_003250773.4_19350	1101	902	4	0.242739
lcl|NC_037647.1_mrna_XM_026443453.1_19351	1240	1041	0	0
lcl|NC_037647.1_mrna_XM_026443452.1_19352	1273	1074	4	0.203864
lcl|NC_037647.1_mrna_XM_006566214.3_19353	831	632	5.06039	0.438281
lcl|NC_037647.1_miscrna_XR_410536.3_19354	668	469	3.34508	0.390408
lcl|NC_037647.1_mrna_XM_026443455.1_19355	530	331	160.022	26.4629
lcl|NC_037647.1_mrna_XM_396322.7_19356	1462	1263	164.616	7.13433
lcl|NC_037647.1_mrna_XM_016914442.2_19357	1017	818	176.384	11.803
lcl|NC_037647.1_mrna_XM_026443454.1_19358	1631	1432	191	7.30089
lcl|NC_037647.1_mrna_XM_393146.7_19359	1367	1168	14	0.656101
lcl|NC_037647.1_ncrna_XR_410534.3_19360	2045	1846	9.57224	0.283836
lcl|NC_037647.1_ncrna_XR_003305530.1_19361	2129	1930	0	0
lcl|NC_037647.1_ncrna_XR_001704522.2_19362	1293	1094	14	0.70048
lcl|NC_037647.1_mrna_XM_016914445.2_19363	1054	855	122.033	7.81263
lcl|NC_037647.1_mrna_XM_016914443.2_19364	1102	903	227.016	13.7611
lcl|NC_037647.1_mrna_XM_016914444.2_19365	1066	867	705.951	44.5698
lcl|NC_037647.1_mrna_XM_026443311.1_19366	1150	951	0	0
lcl|NC_037647.1_mrna_XM_006566216.3_19367	1248	1049	92	4.80062
lcl|NC_037647.1_mrna_XM_003250774.4_19368	1106	907	42	2.5347
lcl|NC_037647.1_mrna_XM_016914446.2_19369	1119	920	6.65898e-07	3.96191e-08
lcl|NC_037647.1_mrna_XM_001122336.5_19370	1008	809	92.444	6.25483
lcl|NC_037647.1_ncrna_XR_001704685.2_19371	2336	2137	12.1335	0.31079
lcl|NC_037647.1_ncrna_XR_001704686.2_19372	2111	1912	4.38946	0.125663
lcl|NC_037647.1_ncrna_XR_410539.3_19373	2338	2139	4.03302	0.103206
lcl|NC_037647.1_mrna_XM_397488.7_19374	2116	1917	8023	229.087
lcl|NC_037647.1_ncrna_XR_003305405.1_19375	1420	1221	133	5.9624
lcl|NC_037647.1_mrna_XM_393673.6_19376	2354	2155	213	5.41025
lcl|NC_037647.1_mrna_XM_026443376.1_19377	1992	1793	62	1.89276
lcl|NC_037647.1_mrna_XM_006566218.3_19378	6799	6600	4081.33	33.8488
lcl|NC_037647.1_mrna_XM_016914454.2_19379	6802	6603	2991.34	24.7976
lcl|NC_037647.1_ncrna_XR_003305477.1_19380	5113	4914	75.8754	0.845183
lcl|NC_037647.1_mrna_XM_006569187.3_19381	4677	4478	28.2508	0.345328
lcl|NC_037647.1_mrna_XM_026443347.1_19382	5029	4830	21.6586	0.245453
lcl|NC_037647.1_mrna_XM_006569191.3_19383	3966	3767	1.99868e-07	2.90425e-09
lcl|NC_037647.1_mrna_XM_006569195.3_19384	3453	3254	0	0
lcl|NC_037647.1_mrna_XM_006569194.3_19385	4209	4010	107	1.46058
lcl|NC_037647.1_mrna_XM_026443377.1_19386	1673	1474	4	0.148541
lcl|NC_037647.1_mrna_XM_016914235.2_19387	1872	1673	0	0
lcl|NC_037647.1_mrna_XM_026443215.1_19388	1855	1656	0	0
lcl|NC_037647.1_mrna_XM_026443214.1_19389	1270	1071	0	0
lcl|NC_037647.1_mrna_XM_026443213.1_19390	1804	1605	6	0.204626
lcl|NC_037647.1_mrna_XM_026443212.1_19391	2802	2603	61	1.28275
lcl|NC_037647.1_ncrna_XR_411426.3_19392	353	154	5	1.77719
lcl|NC_037647.1_ncrna_XR_001704439.2_19393	1783	1584	50.1619	1.73342
lcl|NC_037647.1_ncrna_XR_003305466.1_19394	2514	2315	31.6689	0.748804
lcl|NC_037647.1_ncrna_XR_001704438.2_19395	1546	1347	204.613	8.31477
lcl|NC_037647.1_mrna_XM_006569182.3_19396	2196	1997	278.2	7.62544
lcl|NC_037647.1_mrna_XM_016914378.2_19397	2269	2070	28.3562	0.749829
lcl|NC_037647.1_mrna_XM_016914379.2_19398	2266	2067	0	0
lcl|NC_037647.1_mrna_XM_006569181.3_19399	2609	2410	1972.81	44.8077
lcl|NC_037647.1_mrna_XM_391829.7_19400	4160	3961	7866.59	108.709
lcl|NC_037647.1_mrna_XM_393671.7_19401	932	733	11892	888.048
lcl|NC_037647.1_mrna_XM_393670.7_19402	2356	2157	465.755	11.8193
lcl|NC_037647.1_mrna_XM_006569180.3_19403	2626	2427	219.245	4.94475
lcl|NC_037647.1_mrna_XM_026443166.1_19404	3983	3784	2215.31	32.0456
lcl|NC_037647.1_mrna_XM_016914577.2_19405	3527	3328	0	0
lcl|NC_037647.1_mrna_XM_016914578.2_19406	3491	3292	0	0
lcl|NC_037647.1_mrna_XM_006569177.3_19407	3363	3164	6370.88	110.217
lcl|NC_037647.1_mrna_XM_006569174.3_19408	3084	2885	643.703	12.2131
lcl|NC_037647.1_mrna_XM_006569176.3_19409	3048	2849	215.387	4.1382
lcl|NC_037647.1_mrna_XM_006569178.3_19410	2873	2674	86.7198	1.77518
lcl|NC_037647.1_ncrna_XR_003305486.1_19411	2479	2280	61	1.46447
lcl|NC_037647.1_ncrna_XR_001704695.2_19412	2466	2267	2.8591e-05	6.90341e-07
lcl|NC_037647.1_mrna_XM_006569199.3_19413	2921	2722	94	1.89028
lcl|NC_037647.1_ncrna_XR_411416.3_19414	3400	3201	23.7256	0.405712
lcl|NC_037647.1_ncrna_XR_411415.3_19415	3403	3204	7.27435	0.124276
lcl|NC_037647.1_ncrna_XR_003305478.1_19416	3593	3394	0	0
lcl|NC_037647.1_ncrna_XR_003305472.1_19417	3334	3135	0	0
lcl|NC_037647.1_ncrna_XR_003305474.1_19418	3240	3041	0	0
lcl|NC_037647.1_ncrna_XR_003305476.1_19419	3065	2866	0.00105653	2.01786e-05
lcl|NC_037647.1_ncrna_XR_003305473.1_19420	3257	3058	0	0
lcl|NC_037647.1_ncrna_XR_003305471.1_19421	3329	3130	0	0
lcl|NC_037647.1_ncrna_XR_003305475.1_19422	3047	2848	2.99894	0.0576386
lcl|NC_037647.1_mrna_XM_016914504.2_19423	789	590	17.1127	1.58764
lcl|NC_037647.1_mrna_XM_006569173.3_19424	902	703	55.6973	4.33675
lcl|NC_037647.1_mrna_XM_016914503.2_19425	787	588	0	0
lcl|NC_037647.1_miscrna_XR_003305535.1_19426	694	495	12.19	1.34798
lcl|NC_037647.1_mrna_XM_016914505.2_19427	635	436	0	0
lcl|NC_037647.1_mrna_XM_001119898.5_19428	1828	1629	497	16.7002
lcl|NC_037647.1_mrna_XM_003251286.4_19429	5147	4948	0.140909	0.00155881
lcl|NC_037647.1_mrna_XM_001119958.5_19430	5134	4935	1792.86	19.8859
lcl|NC_037647.1_mrna_XM_006569171.3_19431	719	520	5.79379e-08	6.0988e-09
lcl|NC_037647.1_mrna_XM_001120023.5_19432	850	651	154.236	12.9685
lcl|NC_037647.1_mrna_XM_016914508.2_19433	857	658	187.979	15.6375
lcl|NC_037647.1_mrna_XM_003251284.4_19434	697	498	543.14	59.6991
lcl|NC_037647.1_mrna_XM_016914507.2_19435	561	362	0	0
lcl|NC_037647.1_mrna_XM_016914506.2_19436	559	360	30.6455	4.65961
lcl|NC_037647.1_mrna_XM_393667.7_19437	1844	1645	1058	35.2051
lcl|NC_037647.1_mrna_XM_026443316.1_19438	1783	1584	75	2.59174
lcl|NC_037647.1_ncrna_XR_412539.3_19439	1380	1181	1	0.0463485
lcl|NC_037647.1_ncrna_XR_412538.3_19440	2446	2247	12	0.292323
lcl|NC_037647.1_ncrna_XR_003305468.1_19441	2259	2060	0	0
lcl|NC_037647.1_ncrna_XR_003305467.1_19442	2261	2062	34	0.902559
lcl|NC_037647.1_ncrna_XR_120465.4_19443	1106	907	12	0.724201
lcl|NC_037647.1_mrna_XM_624364.6_19444	1129	930	193	11.3595
lcl|NC_037647.1_mrna_XM_003251279.4_19445	1246	1047	1404.55	73.4302
lcl|NC_037647.1_mrna_XM_006569165.3_19446	1183	984	251.455	13.9878
lcl|NC_037647.1_mrna_XM_393666.7_19447	7519	7320	2001.8	14.969
lcl|NC_037647.1_mrna_XM_026443488.1_19448	5866	5667	11.1505	0.107703
lcl|NC_037647.1_mrna_XM_006569167.3_19449	5283	5084	13.0536	0.140543
lcl|NC_037647.1_ncrna_XR_003305431.1_19450	1751	1552	98.2417	3.46489
lcl|NC_037647.1_ncrna_XR_003305430.1_19451	1629	1430	8.8076	0.337137
lcl|NC_037647.1_mrna_NM_001098223.1_19452	1436	1237	105	4.64627
lcl|NC_037647.1_ncrna_XR_003305487.1_19453	1149	950	27	1.5557
lcl|NC_037647.1_ncrna_XR_001704517.2_19454	533	334	0	0
lcl|NC_037647.1_miscrna_XR_003305412.1_19455	6642	6443	0	0
lcl|NC_037647.1_miscrna_XR_003305408.1_19456	10885	10686	23.6137	0.120958
lcl|NC_037647.1_miscrna_XR_003305409.1_19457	7308	7109	0	0
lcl|NC_037647.1_miscrna_XR_003305411.1_19458	3843	3644	0	0
lcl|NC_037647.1_miscrna_XR_003305407.1_19459	7309	7110	0	0
lcl|NC_037647.1_mrna_XM_026443158.1_19460	1989	1790	0	0
lcl|NC_037647.1_miscrna_XR_003305414.1_19461	5982	5783	4.75612	0.0450179
lcl|NC_037647.1_miscrna_XR_003305413.1_19462	5982	5783	4.75612	0.0450179
lcl|NC_037647.1_miscrna_XR_003305410.1_19463	6248	6049	0	0
lcl|NC_037647.1_mrna_XM_026443153.1_19464	8140	7941	34.1916	0.235684
lcl|NC_037647.1_mrna_XM_026443154.1_19465	8110	7911	0	0
lcl|NC_037647.1_mrna_XM_026443155.1_19466	7984	7785	0	0
lcl|NC_037647.1_mrna_XM_026443151.1_19467	8147	7948	0	0
lcl|NC_037647.1_mrna_XM_026443152.1_19468	7211	7012	68.7315	0.536537
lcl|NC_037647.1_mrna_XM_026443156.1_19469	2376	2177	80.2876	2.01872
lcl|NC_037647.1_ncrna_XR_003305416.1_19470	3520	3321	0	0
lcl|NC_037647.1_ncrna_XR_003305415.1_19471	3686	3487	0	0
lcl|NC_037647.1_ncrna_XR_001704509.2_19472	3849	3650	0	0
lcl|NC_037647.1_ncrna_XR_001704513.2_19473	3825	3626	0	0
lcl|NC_037647.1_ncrna_XR_001704511.2_19474	3643	3444	0	0
lcl|NC_037647.1_ncrna_XR_001704512.2_19475	3714	3515	28	0.436032
lcl|NC_037647.1_ncrna_XR_411389.3_19476	3552	3353	0	0
lcl|NC_037647.1_mrna_XM_003251277.4_19477	5280	5081	107	1.15271
lcl|NC_037647.1_mrna_XM_001120432.4_19478	975	776	22	1.55184
lcl|NC_037647.1_mrna_XM_006569158.3_19479	2258	2059	0	0
lcl|NC_037647.1_mrna_XM_006569160.3_19480	1948	1749	2305.15	72.1431
lcl|NC_037647.1_mrna_XM_006569159.2_19481	1931	1732	1698.77	53.6873
lcl|NC_037647.1_mrna_XM_006569161.3_19482	1972	1773	1944.08	60.0193
lcl|NC_037647.1_mrna_XM_006569156.3_19483	4235	4036	3413	46.2882
lcl|NC_037647.1_mrna_XM_016914593.2_19484	1882	1683	10	0.325238
lcl|NC_037647.1_mrna_XM_393661.7_19485	8860	8661	3.96861e-08	2.50816e-10
lcl|NC_037647.1_mrna_XM_006569152.3_19486	8711	8512	310.502	1.99672
lcl|NC_037647.1_mrna_XM_006569153.3_19487	8571	8372	0.0022303	1.45821e-05
lcl|NC_037647.1_mrna_XM_006569154.3_19488	8028	7829	0	0
lcl|NC_037647.1_mrna_XM_006569151.3_19489	8215	8016	322.496	2.20218
lcl|NC_037647.1_mrna_XM_026443144.1_19490	3344	3145	39.2264	0.68272
lcl|NC_037647.1_mrna_XM_006569141.3_19491	3492	3293	3.10258e-07	5.15724e-09
lcl|NC_037647.1_mrna_XM_006569140.3_19492	3498	3299	3.11893e-08	5.17498e-10
lcl|NC_037647.1_mrna_XM_391824.6_19493	3413	3214	32.9893	0.561839
lcl|NC_037647.1_mrna_XM_006569143.3_19494	3837	3638	29.839	0.448959
lcl|NC_037647.1_mrna_XM_006569142.3_19495	4092	3893	44.6769	0.628179
lcl|NC_037647.1_mrna_XM_006569144.3_19496	3916	3717	9.37609e-05	1.38075e-06
lcl|NC_037647.1_mrna_XM_016914288.2_19497	4171	3972	47.8159	0.658944
lcl|NC_037647.1_mrna_XM_026443145.1_19498	3540	3341	8.05005	0.131889
lcl|NC_037647.1_mrna_XM_006569146.3_19499	5306	5107	154.371	1.65457
lcl|NC_037647.1_mrna_XM_006569148.3_19500	3690	3491	484.393	7.5951
lcl|NC_037647.1_mrna_XM_006569149.3_19501	2972	2773	0	0
lcl|NC_037647.1_mrna_XM_006569150.3_19502	2941	2742	27.036	0.53971
lcl|NC_037647.1_mrna_XM_026443147.1_19503	2742	2543	107.602	2.31611
lcl|NC_037647.1_ncrna_XR_001704393.2_19504	1976	1777	1388	42.755
lcl|NC_037647.1_mrna_NM_001177490.1_19505	1080	881	4232	262.939
lcl|NC_037647.1_mrna_XM_391822.7_19506	735	536	472.241	48.2264
lcl|NC_037647.1_mrna_XM_006569137.3_19507	785	586	11.758	1.0983
lcl|NC_037647.1_mrna_XM_006569138.3_19508	663	464	5.24202	0.618395
lcl|NC_037647.1_mrna_XM_016914292.2_19509	814	615	470.759	41.8995
lcl|NC_037647.1_mrna_XM_001120810.5_19510	2699	2500	1023.82	22.4164
lcl|NC_037647.1_mrna_XM_006569139.3_19511	2532	2333	618.514	14.5118
lcl|NC_037647.1_mrna_XM_016914290.2_19512	2530	2331	1825.58	42.869
lcl|NC_037647.1_mrna_XM_026443197.1_19513	5895	5696	0	0
lcl|NC_037647.1_mrna_XM_026443196.1_19514	5899	5700	124.101	1.19176
lcl|NC_037647.1_mrna_XM_016914479.2_19515	5816	5617	1267.9	12.3556
lcl|NC_037647.1_mrna_XM_026443296.1_19516	2194	1995	1268	34.7906
lcl|NC_037647.1_mrna_XM_003251294.3_19517	675	476	341	39.2132
lcl|NC_037647.1_mrna_XM_624071.6_19518	2154	1955	1285	35.9784
lcl|NC_037647.1_mrna_XM_006569135.2_19519	889	690	360	28.5587
lcl|NC_037647.1_mrna_XM_026443465.1_19520	2723	2524	526	11.4073
lcl|NC_037647.1_mrna_XM_026443466.1_19521	1645	1446	619	23.4319
lcl|NC_037647.1_mrna_XM_016917508.2_19522	1140	941	169	9.83065
lcl|NC_037647.1_mrna_XM_026443474.1_19523	533	334	0.0450297	0.00737968
lcl|NC_037647.1_mrna_XM_006572299.3_19524	604	405	33.955	4.58916
lcl|NC_037647.1_mrna_XM_624169.6_19525	2062	1863	2219	65.1973
lcl|NC_037647.1_mrna_XM_026443469.1_19526	5191	4992	6.51467e-08	7.14337e-10
lcl|NC_037647.1_miscrna_XR_003305532.1_19527	4527	4328	0.0120891	0.000152895
lcl|NC_037647.1_miscrna_XR_003305531.1_19528	4546	4347	31.1792	0.392609
lcl|NC_037647.1_mrna_XM_026443468.1_19529	5228	5029	42.8346	0.466228
lcl|NC_037647.1_mrna_XM_026443467.1_19530	5230	5031	25.9341	0.282164
lcl|NC_037647.1_mrna_XM_026443471.1_19531	4511	4312	61.0401	0.774857
lcl|NC_037647.1_mrna_XM_026443473.1_19532	4392	4193	0	0
lcl|NC_037647.1_mrna_XM_026443472.1_19533	4328	4129	0	0
lcl|NC_037647.1_mrna_XM_026443095.1_19534	1887	1688	331	10.7335
lcl|NC_037647.1_mrna_XM_026443096.1_19535	4361	4162	737.567	9.7003
lcl|NC_037647.1_mrna_XM_026443097.1_19536	4621	4422	118.598	1.46806
lcl|NC_037647.1_mrna_XM_026443099.1_19537	2658	2459	2.43685e-07	5.42444e-09
lcl|NC_037647.1_mrna_XM_026443100.1_19538	2618	2419	237.479	5.37372
lcl|NC_037647.1_mrna_XM_026443098.1_19539	2444	2245	11469	279.637
lcl|NC_037647.1_mrna_XM_006569646.3_19540	1899	1700	119.609	3.85124
lcl|NC_037647.1_mrna_XM_006569647.3_19541	1672	1473	103.391	3.84206
lcl|NC_037647.1_mrna_XM_006569649.3_19542	4191	3992	728.965	9.99542
lcl|NC_037647.1_mrna_XM_016914597.2_19543	4107	3908	0.035353	0.000495172
lcl|NC_037647.1_mrna_XM_026443087.1_19544	2349	2150	167.426	4.26256
lcl|NC_037647.1_mrna_XM_026443088.1_19545	1999	1800	1.74007e-06	5.29151e-08
lcl|NC_037647.1_mrna_NM_001327963.1_19546	1296	1097	459.574	22.9316
lcl|NC_037647.1_mrna_XM_623978.5_19547	862	663	359	29.6392
lcl|NC_037647.1_mrna_XM_003251375.4_19548	2192	1993	4.50725e-06	1.23791e-07
lcl|NC_037647.1_mrna_XM_026443319.1_19549	2453	2254	23.9968	0.582753
lcl|NC_037647.1_mrna_XM_026443320.1_19550	2469	2270	0.00318683	7.68454e-05
lcl|NC_037647.1_mrna_XM_623890.5_19551	1188	989	22	1.21762
lcl|NC_037647.1_mrna_XM_396989.6_19552	2390	2191	1068.25	26.6879
lcl|NC_037647.1_mrna_XM_006569650.3_19553	2426	2227	577.752	14.2006
lcl|NC_037647.1_mrna_XM_026443301.1_19554	2280	2081	257.638	6.77677
lcl|NC_037647.1_mrna_XM_026443300.1_19555	2286	2087	6.80838	0.178569
lcl|NC_037647.1_mrna_XM_026443302.1_19556	2179	1980	61.0318	1.68724
lcl|NC_037647.1_mrna_XM_026443303.1_19557	2089	1890	78.522	2.27413
lcl|NC_037647.1_mrna_XM_623813.6_19558	1402	1203	300.75	13.6844
lcl|NC_037647.1_mrna_XM_006569657.3_19559	1026	827	613.25	40.5898
lcl|NC_037647.1_mrna_XM_003251372.4_19560	1174	975	518	29.0811
lcl|NC_037647.1_mrna_XM_006569658.3_19561	4858	4659	461.77	5.42523
lcl|NC_037647.1_ncrna_XR_001704622.2_19562	4430	4231	464.436	6.00852
lcl|NC_037647.1_mrna_XM_006569659.3_19563	1093	894	5.91355e-05	3.62073e-06
lcl|NC_037647.1_mrna_XM_016914626.2_19564	1179	980	164.119	9.1668
lcl|NC_037647.1_mrna_XM_026443315.1_19565	1048	849	130.473	8.41201
lcl|NC_037647.1_mrna_XM_016914627.2_19566	1173	974	421.18	23.6697
lcl|NC_037647.1_mrna_XM_016914628.2_19567	1050	851	57.8058	3.71815
lcl|NC_037647.1_mrna_XM_016914625.2_19568	1062	863	175.422	11.1265
lcl|NC_037647.1_mrna_XM_026443343.1_19569	1123	924	0	0
lcl|NC_037647.1_mrna_XM_026443341.1_19570	1106	907	66	3.98311
lcl|NC_037647.1_mrna_XM_026443342.1_19571	1024	825	0	0
lcl|NC_037647.1_mrna_XM_026443340.1_19572	1335	1136	56	2.69833
lcl|NC_037647.1_mrna_NM_001171051.1_19573	4101	3902	5.70997	0.0800999
lcl|NC_037647.1_mrna_XM_006569640.3_19574	3527	3328	91.29	1.5015
lcl|NC_037647.1_mrna_XM_026443083.1_19575	3467	3268	1.16333e-06	1.94853e-08
lcl|NC_037647.1_mrna_XM_026443330.1_19576	1822	1623	2046	69.0037
lcl|NC_037647.1_mrna_XM_006569664.3_19577	1545	1346	0	0
lcl|NC_037647.1_mrna_XM_026443165.1_19578	1424	1225	3541.49	158.247
lcl|NC_037647.1_mrna_XM_006569668.3_19579	2148	1949	3947.64	110.869
lcl|NC_037647.1_mrna_XM_006569667.3_19580	2151	1952	896.742	25.1462
lcl|NC_037647.1_mrna_XM_006569666.3_19581	2211	2012	462.373	12.5791
lcl|NC_037647.1_mrna_XM_006569669.3_19582	2132	1933	2729.71	77.2984
lcl|NC_037647.1_mrna_XM_026443163.1_19583	2093	1894	2.01274e-08	5.81693e-10
lcl|NC_037647.1_mrna_XM_397567.7_19584	1411	1212	0	0
lcl|NC_037647.1_mrna_XM_026443164.1_19585	1439	1240	13.0344	0.575381
lcl|NC_037647.1_mrna_XM_006569692.3_19586	2683	2484	199	4.38517
lcl|NC_037647.1_mrna_XM_006569676.3_19587	717	518	89.8974	9.49955
lcl|NC_037647.1_mrna_XM_006569675.3_19588	795	596	113.921	10.4627
lcl|NC_037647.1_mrna_XM_016914470.2_19589	817	618	56.1818	4.97614
lcl|NC_037647.1_mrna_XM_016914468.2_19590	1114	915	396	23.6897
lcl|NC_037647.1_mrna_XM_006569677.3_19591	6243	6044	1.30791e-08	1.18451e-10
lcl|NC_037647.1_mrna_XM_006569679.3_19592	6159	5960	62.482	0.573844
lcl|NC_037647.1_mrna_XM_006569678.3_19593	6234	6035	160.744	1.45795
lcl|NC_037647.1_mrna_XM_006569680.3_19594	5898	5699	136.095	1.30716
lcl|NC_037647.1_mrna_XM_016914467.2_19595	5687	5488	6.93349e-05	6.91549e-07
lcl|NC_037647.1_mrna_XM_006569683.3_19596	5470	5271	0.00790706	8.21121e-05
lcl|NC_037647.1_mrna_XM_006569685.3_19597	5440	5241	942.16	9.84001
lcl|NC_037647.1_mrna_XM_006569681.3_19598	5459	5260	492.511	5.12525
lcl|NC_037647.1_mrna_XM_026443206.1_19599	3241	3042	1962.44	35.312
lcl|NC_037647.1_mrna_XM_391818.7_19600	4661	4462	1613.59	19.7947
lcl|NC_037647.1_ncrna_XR_003305510.1_19601	14569	14370	109.304	0.416355
lcl|NC_037647.1_ncrna_XR_001704535.2_19602	22762	22563	50.6978	0.122992
lcl|NC_037647.1_mrna_XM_397461.6_19603	2029	1830	42.5581	1.27297
lcl|NC_037647.1_mrna_NM_001011617.1_19604	361	162	4692	1585.36
lcl|NC_037647.1_miscrna_XR_411601.3_19605	1435	1236	5.11558	0.226549
lcl|NC_037647.1_mrna_XM_006569688.3_19606	1857	1658	146.326	4.83084
lcl|NC_037647.1_trna_19607	72	3.52559	0	0
lcl|NC_037647.1_ncrna_XR_411600.3_19608	8440	8241	12	0.0797052
lcl|NW_020555814.1_mrna_XM_026445945.1_19609	2965	2766	381.779	7.55518
lcl|NW_020555815.1_mrna_XM_006572354.3_19610	3108	2909	0.000970867	1.82684e-05
lcl|NW_020555815.1_mrna_XM_397175.6_19611	3092	2893	1146	21.6831
lcl|NW_020555815.1_mrna_XM_001120690.4_19612	826	627	346	30.206
lcl|NW_020555815.1_mrna_XM_623865.6_19613	1380	1181	298	13.8118
lcl|NW_020555815.1_mrna_XM_026445946.1_19614	1310	1111	333.837	16.4477
lcl|NW_020555815.1_mrna_XM_006572356.3_19615	1447	1248	57.9701	2.54258
lcl|NW_020555815.1_mrna_XM_623839.6_19616	1513	1314	190.24	7.92486
lcl|NW_020555815.1_mrna_XM_006572355.3_19617	1547	1348	32.9527	1.3381
lcl|NW_020555815.1_mrna_XM_394854.7_19618	501	302	4329	784.632
lcl|NW_020555816.1_mrna_XM_026445947.1_19619	495	296	14	2.58894
lcl|NC_037648.1_precursorrna_NR_031515.1_19620	102	4.33389	0	0
lcl|NC_037648.1_ncrna_19621	23	2.74792	0	0
lcl|NC_037648.1_mrna_XM_006557413.3_19622	3205	3006	146.407	2.66599
lcl|NC_037648.1_mrna_XM_006557412.3_19623	3443	3244	865.797	14.609
lcl|NC_037648.1_mrna_XM_003249075.4_19624	2987	2788	6892.8	135.328
lcl|NC_037648.1_mrna_XM_006557415.3_19625	3605	3406	0	0
lcl|NC_037648.1_mrna_XM_006557416.3_19626	3362	3163	29	0.501862
lcl|NC_037648.1_mrna_XM_393769.7_19627	1162	963	366	20.8037
lcl|NC_037648.1_mrna_XM_026443948.1_19628	2939	2740	971	19.3979
lcl|NC_037648.1_mrna_XM_391887.5_19629	3596	3397	958.761	15.449
lcl|NC_037648.1_miscrna_XR_407478.3_19630	3372	3173	0	0
lcl|NC_037648.1_mrna_XM_006557417.3_19631	3253	3054	0	0
lcl|NC_037648.1_mrna_XM_006557418.3_19632	3236	3037	382.239	6.8893
lcl|NC_037648.1_mrna_XM_006557420.1_19633	2674	2475	1714	37.9071
lcl|NC_037648.1_mrna_XM_006557421.3_19634	3253	3054	112	2.0074
lcl|NC_037648.1_mrna_XM_026443751.1_19635	5570	5371	48	0.489183
lcl|NC_037648.1_mrna_XM_393772.6_19636	2291	2092	26	0.680295
lcl|NC_037648.1_mrna_XM_006557423.3_19637	2255	2056	341	9.07855
lcl|NC_037648.1_mrna_XM_016915029.2_19638	1111	912	140.493	8.43229
lcl|NC_037648.1_mrna_XM_006557424.3_19639	871	672	0.0233307	0.00190039
lcl|NC_037648.1_mrna_XM_016915030.2_19640	754	555	223.483	22.0413
lcl|NC_037648.1_mrna_XM_006557425.3_19641	1371	1172	3219	150.341
lcl|NC_037648.1_mrna_XM_001122611.5_19642	3159	2960	141.183	2.61081
lcl|NC_037648.1_mrna_XM_006557432.3_19643	2753	2554	93.867	2.01177
lcl|NC_037648.1_mrna_XM_006557430.3_19644	2768	2569	0	0
lcl|NC_037648.1_mrna_XM_016915033.2_19645	2791	2592	35.9867	0.759963
lcl|NC_037648.1_mrna_XM_006557429.3_19646	2763	2564	0	0
lcl|NC_037648.1_mrna_XM_003249068.4_19647	2750	2551	284.047	6.09488
lcl|NC_037648.1_mrna_XM_026443954.1_19648	2550	2351	2571.92	59.8811
lcl|NC_037648.1_mrna_XM_006557427.3_19649	2361	2162	1267.14	32.0814
lcl|NC_037648.1_mrna_XM_395698.7_19650	2331	2132	198.865	5.1057
lcl|NC_037648.1_mrna_XM_026443955.1_19651	633	434	109.51	13.8117
lcl|NC_037648.1_mrna_XM_016915039.2_19652	494	295	57.5971	10.6872
lcl|NC_037648.1_mrna_XM_001122640.5_19653	783	584	3.89333	0.364917
lcl|NC_037648.1_mrna_XM_016915034.2_19654	2149	1950	1342	37.6707
lcl|NC_037648.1_mrna_XM_026443953.1_19655	6116	5917	2547	23.562
lcl|NC_037648.1_mrna_XM_006557433.3_19656	972	773	151	10.6926
lcl|NC_037648.1_mrna_XM_026443620.1_19657	2610	2411	15.0043	0.340647
lcl|NC_037648.1_mrna_XM_026443619.1_19658	2556	2357	0	0
lcl|NC_037648.1_mrna_XM_006557440.3_19659	2858	2659	49.4452	1.01787
lcl|NC_037648.1_mrna_XM_006557439.3_19660	2983	2784	5.64165e-07	1.10923e-08
lcl|NC_037648.1_mrna_XM_006557436.3_19661	2986	2787	150.209	2.95015
lcl|NC_037648.1_mrna_XM_006557437.3_19662	2989	2790	38.6408	0.758101
lcl|NC_037648.1_mrna_XM_026443621.1_19663	1014	815	7	0.470138
lcl|NC_037648.1_mrna_XM_393353.6_19664	1581	1382	1130	44.7565
lcl|NC_037648.1_mrna_XM_624223.5_19665	3181	2982	542.477	9.9577
lcl|NC_037648.1_mrna_XM_006557441.3_19666	3159	2960	336.638	6.22525
lcl|NC_037648.1_mrna_XM_026443952.1_19667	8697	8498	7695.38	49.5677
lcl|NC_037648.1_mrna_XM_026443951.1_19668	8718	8519	23.0288	0.147968
lcl|NC_037648.1_mrna_XM_026443949.1_19669	8937	8738	466.143	2.92007
lcl|NC_037648.1_mrna_XM_026443950.1_19670	8928	8729	5862.19	36.7604
lcl|NC_037648.1_mrna_XM_006557442.3_19671	8958	8759	1.62568	0.0101594
lcl|NC_037648.1_miscrna_XR_003305761.1_19672	8233	8034	301.732	2.05577
lcl|NC_037648.1_miscrna_XR_003305762.1_19673	8160	7961	444.904	3.05903
lcl|NC_037648.1_ncrna_XR_001704901.2_19674	2524	2325	13	0.306059
lcl|NC_037648.1_mrna_XM_006557447.3_19675	1265	1066	342	17.5612
lcl|NC_037648.1_mrna_XM_006557448.3_19676	850	651	592	49.7767
lcl|NC_037648.1_mrna_XM_026443773.1_19677	4904	4705	609	7.08505
lcl|NC_037648.1_mrna_XM_026443774.1_19678	4353	4154	0	0
lcl|NC_037648.1_mrna_XM_006557449.3_19679	3935	3736	328	4.80565
lcl|NC_037648.1_mrna_XM_016915199.2_19680	2481	2282	758	18.1819
lcl|NC_037648.1_mrna_XM_026443790.1_19681	2449	2250	63	1.53265
lcl|NC_037648.1_mrna_XM_006557452.1_19682	1383	1184	698.739	32.3034
lcl|NC_037648.1_mrna_XM_026443791.1_19683	1602	1403	631.672	24.6445
lcl|NC_037648.1_mrna_XM_006557453.3_19684	1411	1212	60.5893	2.73639
lcl|NC_037648.1_mrna_XM_016915275.1_19685	1274	1075	0	0
lcl|NC_037648.1_mrna_NM_001242544.1_19686	937	738	7240	536.992
lcl|NC_037648.1_mrna_XM_001120182.5_19687	2964	2765	775.476	15.3518
lcl|NC_037648.1_mrna_XM_006557455.3_19688	2882	2683	183.524	3.74418
lcl|NC_037648.1_mrna_XM_016915305.2_19689	1194	995	19.6191	1.0793
lcl|NC_037648.1_mrna_XM_016915304.2_19690	1285	1086	155.144	7.81973
lcl|NC_037648.1_mrna_XM_623657.6_19691	1224	1025	917.236	48.9827
lcl|NC_037648.1_mrna_XM_026443897.1_19692	1181	982	921	51.3373
lcl|NC_037648.1_mrna_XM_016915269.2_19693	1673	1474	0	0
lcl|NC_037648.1_mrna_XM_016915267.2_19694	1754	1555	0	0
lcl|NC_037648.1_mrna_XM_016915270.2_19695	1609	1410	7.20833	0.279834
lcl|NC_037648.1_mrna_XM_016915268.2_19696	1691	1492	0	0
lcl|NC_037648.1_mrna_XM_016915271.2_19697	1753	1554	10.7917	0.380122
lcl|NC_037648.1_mrna_XM_623927.6_19698	1111	912	553	33.1906
lcl|NC_037648.1_mrna_XM_003249071.3_19699	1103	904	276	16.7119
lcl|NC_037648.1_mrna_XM_623052.6_19700	1705	1506	0.000332622	1.20896e-05
lcl|NC_037648.1_mrna_XM_026443759.1_19701	1693	1494	1093.98	40.0816
lcl|NC_037648.1_mrna_XM_026443760.1_19702	1917	1718	562.016	17.9065
lcl|NC_037648.1_mrna_XM_001120665.5_19703	442	243	5360	1207.38
lcl|NC_037648.1_mrna_XM_006557462.3_19704	4421	4222	394.462	5.11413
lcl|NC_037648.1_ncrna_XR_003305592.1_19705	2126	1927	151.429	4.30142
lcl|NC_037648.1_mrna_XM_001120701.5_19706	4355	4156	160.087	2.10846
lcl|NC_037648.1_mrna_XM_006557461.3_19707	4570	4371	325.058	4.07066
lcl|NC_037648.1_mrna_XM_397573.7_19708	1742	1543	641	22.7393
lcl|NC_037648.1_mrna_XM_006557464.2_19709	1514	1315	1515	63.0626
lcl|NC_037648.1_mrna_XM_006557465.3_19710	2930	2731	5.5397e-08	1.11032e-09
lcl|NC_037648.1_mrna_XM_006557468.2_19711	2430	2231	1.37352	0.0336992
lcl|NC_037648.1_mrna_XM_006557469.3_19712	2888	2689	17.2934	0.352025
lcl|NC_037648.1_mrna_XM_006557466.2_19713	2577	2378	7.24305	0.166723
lcl|NC_037648.1_mrna_XM_006557467.3_19714	2430	2231	1.37352	0.0336992
lcl|NC_037648.1_mrna_XM_026443776.1_19715	2582	2383	44.1101	1.01321
lcl|NC_037648.1_ncrna_XR_001705033.2_19716	695	496	24.0536	2.6545
lcl|NC_037648.1_ncrna_XR_001705034.2_19717	651	452	14.9464	1.81003
lcl|NC_037648.1_trna_19718	82	3.75521	0	0
lcl|NC_037648.1_mrna_XM_006557471.3_19719	3003	2804	270.919	5.28867
lcl|NC_037648.1_mrna_XM_026443898.1_19720	2871	2672	0.0306494	0.000627871
lcl|NC_037648.1_mrna_XM_006557472.3_19721	2977	2778	0.030769	0.00060627
lcl|NC_037648.1_mrna_XM_001120853.5_19722	2978	2779	0.0195369	0.000384815
lcl|NC_037648.1_mrna_XM_026443899.1_19723	3903	3704	0.901983	0.0133295
lcl|NC_037648.1_mrna_XM_006557473.3_19724	3905	3706	2181.88	32.2263
lcl|NC_037648.1_mrna_XM_393855.7_19725	3965	3766	19.3204	0.280815
lcl|NC_037648.1_mrna_XM_026443900.1_19726	3937	3738	48.8977	0.716036
lcl|NC_037648.1_mrna_XM_016915230.2_19727	3678	3479	0	0
lcl|NC_037648.1_mrna_XM_391930.5_19728	1616	1417	356	13.752
lcl|NC_037648.1_mrna_XM_393856.6_19729	764	565	452	43.79
lcl|NC_037648.1_mrna_XM_026443901.1_19730	4828	4629	418	4.94282
lcl|NC_037648.1_mrna_XM_396504.7_19731	1678	1479	1037	38.3792
lcl|NC_037648.1_trna_19732	73	3.5471	0	0
lcl|NC_037648.1_miscrna_XR_003305701.1_19733	1871	1672	9.47733	0.310266
lcl|NC_037648.1_mrna_XM_026443902.1_19734	2507	2308	8.52267	0.202127
lcl|NC_037648.1_ncrna_XR_001704936.2_19735	488	289	21	3.97747
lcl|NC_037648.1_ncrna_XR_003305702.1_19736	3724	3525	4	0.0621135
lcl|NC_037648.1_ncrna_XR_407720.3_19737	3858	3659	0	0
lcl|NC_037648.1_ncrna_XR_003305703.1_19738	3025	2826	0	0
lcl|NC_037648.1_ncrna_XR_003305800.1_19739	1427	1228	23	1.02521
lcl|NC_037648.1_mrna_XM_006558048.3_19740	2739	2540	65.5416	1.41244
lcl|NC_037648.1_mrna_XM_006558053.3_19741	2954	2755	131.212	2.60697
lcl|NC_037648.1_mrna_XM_016915154.2_19742	2801	2602	1301.25	27.374
lcl|NC_037648.1_ncrna_XR_003305804.1_19743	1354	1155	62	2.93829
lcl|NC_037648.1_ncrna_XR_003305802.1_19744	975	776	2	0.141076
lcl|NC_037648.1_ncrna_XR_003305801.1_19745	691	492	1	0.111255
lcl|NC_037648.1_ncrna_XR_003305803.1_19746	1307	1108	6	0.296413
lcl|NC_037648.1_mrna_XM_026444073.1_19747	2507	2308	229	5.43106
lcl|NC_037648.1_ncrna_XR_003305806.1_19748	823	624	0	0
lcl|NC_037648.1_ncrna_XR_003305805.1_19749	871	672	5	0.407273
lcl|NC_037648.1_mrna_XM_624180.6_19750	3093	2894	797	15.0746
lcl|NC_037648.1_mrna_XM_006558044.3_19751	2176	1977	0	0
lcl|NC_037648.1_mrna_XM_395356.7_19752	2131	1932	873	24.7339
lcl|NC_037648.1_mrna_XM_026443596.1_19753	4918	4719	205.296	2.38131
lcl|NC_037648.1_mrna_XM_006558047.3_19754	4243	4044	22.1756	0.300158
lcl|NC_037648.1_mrna_XM_006558045.3_19755	4438	4239	181.761	2.34705
lcl|NC_037648.1_mrna_XM_006558046.3_19756	4015	3816	0	0
lcl|NC_037648.1_mrna_XM_016914948.2_19757	3664	3465	0	0
lcl|NC_037648.1_ncrna_XR_407704.3_19758	2861	2662	33.128	0.681197
lcl|NC_037648.1_ncrna_XR_003305557.1_19759	3071	2872	38.6673	0.736962
lcl|NC_037648.1_ncrna_XR_001704815.2_19760	2868	2669	1.20464	0.0247054
lcl|NC_037648.1_ncrna_XR_001704816.2_19761	2787	2588	0	0
lcl|NC_037648.1_ncrna_XR_001704817.2_19762	2510	2311	21	0.497399
lcl|NC_037648.1_ncrna_XR_003305731.1_19763	975	776	5	0.35269
lcl|NC_037648.1_mrna_XM_006558042.3_19764	5887	5688	29.0248	0.279316
lcl|NC_037648.1_mrna_XM_001123155.5_19765	5922	5723	1138.98	10.8937
lcl|NC_037648.1_mrna_XM_016914946.2_19766	2362	2163	837.984	21.2063
lcl|NC_037648.1_mrna_XM_026443957.1_19767	2352	2153	154.462	3.92702
lcl|NC_037648.1_mrna_XM_006558040.3_19768	2477	2278	176.987	4.25279
lcl|NC_037648.1_mrna_XM_006558039.3_19769	2473	2274	1504.5	36.2149
lcl|NC_037648.1_mrna_XM_006558041.3_19770	2501	2302	375.065	8.91839
lcl|NC_037648.1_mrna_XM_026443668.1_19771	3891	3692	526	7.79847
lcl|NC_037648.1_mrna_XM_026443909.1_19772	6474	6275	105.207	0.917729
lcl|NC_037648.1_mrna_XM_026443910.1_19773	5477	5278	317.291	3.29059
lcl|NC_037648.1_mrna_XM_026443907.1_19774	5652	5453	176.135	1.76805
lcl|NC_037648.1_mrna_XM_026443908.1_19775	5614	5415	269.367	2.7229
lcl|NC_037648.1_mrna_XM_016914971.2_19776	3749	3550	33.8714	0.522264
lcl|NC_037648.1_mrna_XM_016914975.2_19777	2570	2371	42.6859	0.985458
lcl|NC_037648.1_mrna_XM_016914974.2_19778	2325	2126	7.87057	0.202641
lcl|NC_037648.1_mrna_XM_016914968.2_19779	3900	3701	0	0
lcl|NC_037648.1_mrna_XM_016914972.2_19780	3429	3230	91.6634	1.55338
lcl|NC_037648.1_mrna_XM_016914966.2_19781	3779	3580	1.61435e-06	2.46831e-08
lcl|NC_037648.1_mrna_XM_016914969.2_19782	3597	3398	0.0013193	2.12523e-05
lcl|NC_037648.1_mrna_XM_016914967.2_19783	3772	3573	1.90858e-05	2.9239e-07
lcl|NC_037648.1_mrna_XM_016914970.2_19784	3590	3391	0.0178062	0.000287428
lcl|NC_037648.1_ncrna_XR_003305706.1_19785	2349	2150	0.0536919	0.00136696
lcl|NC_037648.1_ncrna_XR_003305709.1_19786	2078	1879	11.8098	0.344033
lcl|NC_037648.1_ncrna_XR_003305713.1_19787	2124	1925	7.00585	0.199212
lcl|NC_037648.1_ncrna_XR_003305716.1_19788	1755	1556	3.23043	0.113641
lcl|NC_037648.1_ncrna_XR_003305715.1_19789	2172	1973	14.0488	0.389761
lcl|NC_037648.1_ncrna_XR_003305705.1_19790	2183	1984	0.0126019	0.000347681
lcl|NC_037648.1_ncrna_XR_003305710.1_19791	1912	1713	0	0
lcl|NC_037648.1_ncrna_XR_003305711.1_19792	1958	1759	2.17066	0.0675479
lcl|NC_037648.1_ncrna_XR_003305717.1_19793	1589	1390	0.66816	0.0263118
lcl|NC_037648.1_ncrna_XR_003305707.1_19794	2586	2387	0	0
lcl|NC_037648.1_ncrna_XR_003305714.1_19795	2313	2114	0	0
lcl|NC_037648.1_ncrna_XR_003305708.1_19796	2231	2032	0	0
lcl|NC_037648.1_ncrna_XR_003305712.1_19797	2004	1805	0	0
lcl|NC_037648.1_ncrna_XR_407694.3_19798	1227	1028	2	0.106493
lcl|NC_037648.1_ncrna_XR_001704849.2_19799	1273	1074	18.9461	0.965606
lcl|NC_037648.1_ncrna_XR_001704848.2_19800	1278	1079	0.0539335	0.00273604
lcl|NC_037648.1_ncrna_XR_001704850.2_19801	1205	1006	0	0
lcl|NC_037648.1_ncrna_XR_003305719.1_19802	3005	2806	45.8605	0.894615
lcl|NC_037648.1_ncrna_XR_003305718.1_19803	3003	2804	0	0
lcl|NC_037648.1_mrna_XM_006558033.3_19804	816	617	271	24.0419
lcl|NC_037648.1_mrna_XM_001120134.5_19805	1130	931	411	24.1645
lcl|NC_037648.1_mrna_XM_016915106.2_19806	4118	3919	7239.05	101.109
lcl|NC_037648.1_miscrna_XR_001704930.2_19807	3690	3491	49.4206	0.774897
lcl|NC_037648.1_miscrna_XR_001704928.2_19808	3555	3356	123.412	2.01289
lcl|NC_037648.1_miscrna_XR_003305796.1_19809	3257	3058	53.6853	0.960955
lcl|NC_037648.1_miscrna_XR_407672.3_19810	3991	3792	29.255	0.422296
lcl|NC_037648.1_miscrna_XR_407670.3_19811	3580	3381	0	0
lcl|NC_037648.1_miscrna_XR_407671.3_19812	3583	3384	5.58515	0.090342
lcl|NC_037648.1_miscrna_XR_001704926.2_19813	3759	3560	70.3886	1.08228
lcl|NC_037648.1_miscrna_XR_407669.3_19814	3594	3395	56.3733	0.908905
lcl|NC_037648.1_miscrna_XR_001704929.2_19815	3025	2826	37.1781	0.720113
lcl|NC_037648.1_mrna_XM_006558022.3_19816	1255	1056	73.8548	3.82825
lcl|NC_037648.1_mrna_XM_003249162.4_19817	1473	1274	34.6859	1.49028
lcl|NC_037648.1_mrna_XM_006558024.3_19818	4498	4299	1165.55	14.8406
lcl|NC_037648.1_mrna_XM_001121441.5_19819	4460	4261	0	0
lcl|NC_037648.1_mrna_XM_016915105.2_19820	4388	4189	11.2914	0.147545
lcl|NC_037648.1_ncrna_XR_003305797.1_19821	1959	1760	123.03	3.82635
lcl|NC_037648.1_mrna_XM_016915257.2_19822	2420	2221	270	6.65427
lcl|NC_037648.1_mrna_XM_026443763.1_19823	3653	3454	470	7.44836
lcl|NC_037648.1_mrna_XM_001121539.5_19824	1822	1623	47	1.58513
lcl|NC_037648.1_mrna_XM_006558020.3_19825	1420	1221	0	0
lcl|NC_037648.1_mrna_XM_006558021.3_19826	1405	1206	0	0
lcl|NC_037648.1_mrna_XM_001121559.5_19827	1379	1180	81.234	3.76826
lcl|NC_037648.1_mrna_XM_016915189.2_19828	1217	1018	0	0
lcl|NC_037648.1_ncrna_XR_003305582.1_19829	3010	2811	13.6	0.264827
lcl|NC_037648.1_ncrna_XR_003305583.1_19830	2937	2738	102.4	2.04716
lcl|NC_037648.1_ncrna_XR_003305584.1_19831	1635	1436	11.1005	0.423129
lcl|NC_037648.1_miscrna_XR_003305581.1_19832	1743	1544	86.2644	3.05823
lcl|NC_037648.1_miscrna_XR_407661.3_19833	1459	1260	26.5793	1.15467
lcl|NC_037648.1_mrna_XM_016915190.2_19834	1843	1644	3.12103e-06	1.03916e-07
lcl|NC_037648.1_mrna_XM_003249158.4_19835	1915	1716	71.1563	2.26977
lcl|NC_037648.1_mrna_XM_026443650.1_19836	1894	1695	0	0
lcl|NC_037648.1_ncrna_XR_119760.4_19837	1748	1549	18	0.636072
lcl|NC_037648.1_mrna_XM_016915188.2_19838	1521	1322	32.766	1.35668
lcl|NC_037648.1_mrna_XM_006558015.3_19839	1123	924	1.5232e-07	9.02342e-09
lcl|NC_037648.1_mrna_XM_006558016.2_19840	1090	891	82.5881	5.0737
lcl|NC_037648.1_mrna_XM_001122899.5_19841	1107	908	244.412	14.734
lcl|NC_037648.1_mrna_XM_006558017.3_19842	1039	840	0	0
lcl|NC_037648.1_mrna_XM_016915185.2_19843	987	788	0	0
lcl|NC_037648.1_mrna_XM_016915183.2_19844	991	792	0	0
lcl|NC_037648.1_mrna_XM_016915184.2_19845	991	792	0	0
lcl|NC_037648.1_mrna_XM_392586.7_19846	3298	3099	294	5.19291
lcl|NC_037648.1_ncrna_XR_003305616.1_19847	618	419	2	0.261277
lcl|NC_037648.1_ncrna_XR_003305615.1_19848	489	290	13	2.45375
lcl|NC_037648.1_mrna_XM_026443691.1_19849	1474	1275	0	0
lcl|NC_037648.1_mrna_XM_026443693.1_19850	1341	1142	0	0
lcl|NC_037648.1_mrna_XM_026443694.1_19851	1445	1246	16.0929	0.706972
lcl|NC_037648.1_mrna_XM_026443692.1_19852	1388	1189	72.9071	3.3564
lcl|NC_037648.1_mrna_XM_026443695.1_19853	1360	1161	0	0
lcl|NC_037648.1_mrna_XM_026443696.1_19854	1326	1127	0	0
lcl|NC_037648.1_mrna_XM_026443697.1_19855	1140	941	544.219	31.657
lcl|NC_037648.1_mrna_XM_026443699.1_19856	1063	864	96.7808	6.13142
lcl|NC_037648.1_mrna_XM_026443698.1_19857	1020	821	0	0
lcl|NC_037648.1_trna_19858	72	3.52559	0	0
lcl|NC_037648.1_mrna_XM_006558548.3_19859	1495	1296	23.6566	0.999154
lcl|NC_037648.1_mrna_XM_006558547.3_19860	1110	911	711.503	42.7507
lcl|NC_037648.1_mrna_XM_026443573.1_19861	12281	12082	454.395	2.05864
lcl|NC_037648.1_mrna_XM_026443574.1_19862	11997	11798	2.1284e-05	9.87484e-08
lcl|NC_037648.1_mrna_XM_006558545.3_19863	11787	11588	41757.6	197.248
lcl|NC_037648.1_mrna_XM_006558544.3_19864	11817	11618	0.00735886	3.46708e-05
lcl|NC_037648.1_mrna_XM_026443575.1_19865	11868	11669	2955.94	13.8659
lcl|NC_037648.1_mrna_XM_026443570.1_19866	11907	11708	8310.72	38.8545
lcl|NC_037648.1_mrna_XM_026443577.1_19867	11727	11528	0	0
lcl|NC_037648.1_mrna_XM_026443572.1_19868	11889	11690	22.469	0.10521
lcl|NC_037648.1_mrna_XM_026443576.1_19869	11757	11558	0	0
lcl|NC_037648.1_mrna_XM_026443569.1_19870	11919	11720	4.20083e-06	1.96197e-08
lcl|NC_037648.1_mrna_XM_026443571.1_19871	11928	11729	65.5949	0.306122
lcl|NC_037648.1_ncrna_XR_003305545.1_19872	963	764	30.0644	2.15399
lcl|NC_037648.1_precursorrna_NR_039461.1_19873	125	5.29865	0	0
lcl|NC_037648.1_ncrna_19874	21	2.72438	0	0
lcl|NC_037648.1_ncrna_XR_001704748.2_19875	1306	1107	117	5.78527
lcl|NC_037648.1_ncrna_XR_003305547.1_19876	1053	854	10	0.640955
lcl|NC_037648.1_ncrna_XR_003305546.1_19877	855	656	3	0.250324
lcl|NC_037648.1_mrna_XM_006558787.3_19878	1373	1174	278	12.9617
lcl|NC_037648.1_mrna_XM_391890.7_19879	2642	2443	6.53209	0.146357
lcl|NC_037648.1_mrna_XM_016914861.2_19880	2268	2069	10.4342	0.276048
lcl|NC_037648.1_mrna_XM_006558790.3_19881	2199	2000	21.0337	0.575667
lcl|NC_037648.1_ncrna_XR_408036.3_19882	2298	2099	0	0
lcl|NC_037648.1_ncrna_XR_003305548.1_19883	2758	2559	0	0
lcl|NC_037648.1_ncrna_XR_003305549.1_19884	2746	2547	0	0
lcl|NC_037648.1_ncrna_XR_001704753.2_19885	1671	1472	5	0.185929
lcl|NC_037648.1_ncrna_XR_003305550.1_19886	522	323	0	0
lcl|NC_037648.1_mrna_XM_026443578.1_19887	5435	5236	122.829	1.28406
lcl|NC_037648.1_mrna_XM_026443581.1_19888	5326	5127	353.757	3.77682
lcl|NC_037648.1_mrna_XM_026443579.1_19889	5328	5129	2152.07	22.9672
lcl|NC_037648.1_mrna_XM_026443584.1_19890	5335	5136	0.0432455	0.000460895
lcl|NC_037648.1_mrna_XM_026443580.1_19891	5337	5138	18.4067	0.196095
lcl|NC_037648.1_ncrna_XR_408032.3_19892	1547	1348	1	0.0406065
lcl|NC_037648.1_mrna_XM_026443583.1_19893	5083	4884	182.117	2.04108
lcl|NC_037648.1_mrna_XM_026443582.1_19894	5240	5041	9836.23	106.806
lcl|NC_037648.1_mrna_XM_393776.7_19895	1624	1425	71.9509	2.7638
lcl|NC_037648.1_mrna_XM_006558931.3_19896	1621	1422	233.049	8.97084
lcl|NC_037648.1_precursorrna_NR_127346.1_19897	94	4.0801	0	0
lcl|NC_037648.1_ncrna_19898	21	2.72438	0	0
lcl|NC_037648.1_mrna_XM_393777.6_19899	3024	2825	554.029	10.7349
lcl|NC_037648.1_mrna_XM_393778.5_19900	1066	867	132.971	8.39505
lcl|NC_037648.1_mrna_XM_393779.7_19901	2117	1918	428	12.2146
lcl|NC_037648.1_mrna_XM_026444039.1_19902	4472	4273	2120.08	27.1585
lcl|NC_037648.1_mrna_XM_026444037.1_19903	4289	4090	68.503	0.916794
lcl|NC_037648.1_mrna_XM_026444038.1_19904	4283	4084	187.952	2.51911
lcl|NC_037648.1_mrna_XM_026444040.1_19905	4121	3922	417.46	5.8263
lcl|NC_037648.1_mrna_XM_016915139.2_19906	4420	4221	580	7.52139
lcl|NC_037648.1_mrna_XM_003249379.4_19907	706	507	136	14.683
lcl|NC_037648.1_mrna_XM_006558935.3_19908	1816	1617	60.9303	2.06257
lcl|NC_037648.1_mrna_XM_026444003.1_19909	1821	1622	15.4055	0.519888
lcl|NC_037648.1_mrna_XM_026444002.1_19910	1824	1625	2.07107e-08	6.97634e-10
lcl|NC_037648.1_mrna_XM_006558932.3_19911	1965	1766	704.588	21.8389
lcl|NC_037648.1_mrna_XM_006558933.3_19912	1929	1730	198.345	6.27567
lcl|NC_037648.1_mrna_XM_006558934.3_19913	1905	1706	28.8771	0.92653
lcl|NC_037648.1_miscrna_XR_001704917.2_19914	1371	1172	0	0
lcl|NC_037648.1_miscrna_XR_408105.3_19915	1398	1199	61.8542	2.82381
lcl|NC_037648.1_ncrna_XR_003305787.1_19916	6522	6323	181.234	1.56893
lcl|NC_037648.1_ncrna_XR_119829.4_19917	1744	1545	1	0.0354288
lcl|NC_037648.1_mrna_XM_006558937.3_19918	1082	883	0	0
lcl|NC_037648.1_mrna_XM_396292.7_19919	5496	5297	452.186	4.67275
lcl|NC_037648.1_mrna_XM_006558938.3_19920	6773	6574	790.604	6.58286
lcl|NC_037648.1_mrna_XM_026443652.1_19921	6373	6174	119.793	1.06206
lcl|NC_037648.1_mrna_XM_026443651.1_19922	6083	5884	18.7478	0.174407
lcl|NC_037648.1_ncrna_XR_003305720.1_19923	878	679	2	0.16123
lcl|NC_037648.1_ncrna_XR_001705080.2_19924	5945	5746	0	0
lcl|NC_037648.1_ncrna_XR_003305678.1_19925	4139	3940	1.13921	0.0158268
lcl|NC_037648.1_ncrna_XR_003305680.1_19926	4140	3941	0.827018	0.0114867
lcl|NC_037648.1_ncrna_XR_003305679.1_19927	4150	3951	0.0337726	0.000467889
lcl|NC_037648.1_ncrna_XR_001705079.2_19928	4223	4024	0	0
lcl|NC_037648.1_ncrna_XR_408111.3_19929	4227	4028	0	0
lcl|NC_037648.1_ncrna_XR_003305682.1_19930	1064	865	1	0.0632804
lcl|NC_037648.1_ncrna_XR_003305681.1_19931	1094	895	0	0
lcl|NC_037648.1_ncrna_XR_001705082.2_19932	1116	917	1	0.059692
lcl|NC_037648.1_ncrna_XR_003305721.1_19933	1557	1358	17.4536	0.703511
lcl|NC_037648.1_ncrna_XR_001705087.2_19934	1464	1265	8.54639	0.369809
lcl|NC_037648.1_mrna_XM_016915209.2_19935	2748	2549	10.3542	0.222348
lcl|NC_037648.1_mrna_XM_006558939.3_19936	2639	2440	0	0
lcl|NC_037648.1_mrna_XM_016915211.2_19937	2644	2445	17.9649	0.40219
lcl|NC_037648.1_mrna_XM_396291.6_19938	3145	2946	0.52736	0.0097985
lcl|NC_037648.1_mrna_XM_026443721.1_19939	3138	2939	10.6157	0.197713
lcl|NC_037648.1_mrna_XM_026443722.1_19940	2831	2632	14.573	0.303074
lcl|NC_037648.1_mrna_XM_026443720.1_19941	8687	8488	23.0566	0.148688
lcl|NC_037648.1_mrna_XM_006558940.3_19942	4345	4146	12.9804	0.171373
lcl|NC_037648.1_ncrna_XR_408115.3_19943	2172	1973	1	0.0277433
lcl|NC_037648.1_ncrna_XR_003305637.1_19944	1799	1600	0	0
lcl|NC_037648.1_ncrna_XR_001705094.2_19945	2826	2627	0	0
lcl|NC_037648.1_ncrna_XR_003305724.1_19946	2769	2570	0	0
lcl|NC_037648.1_ncrna_XR_003305723.1_19947	2590	2391	0	0
lcl|NC_037648.1_ncrna_XR_003305722.1_19948	2680	2481	0	0
lcl|NC_037648.1_ncrna_XR_408122.3_19949	1087	888	0	0
lcl|NC_037648.1_ncrna_XR_003305625.1_19950	1113	914	0	0
lcl|NC_037648.1_ncrna_XR_408124.3_19951	1387	1188	0	0
lcl|NC_037648.1_ncrna_XR_003305624.1_19952	1113	914	0	0
lcl|NC_037648.1_ncrna_XR_003305704.1_19953	463	264	0	0
lcl|NC_037648.1_mrna_XM_396824.6_19954	1706	1507	8	0.290578
lcl|NC_037648.1_mrna_XM_006558943.3_19955	2096	1897	0	0
lcl|NC_037648.1_miscrna_XR_003305758.1_19956	1919	1720	7	0.222769
lcl|NC_037648.1_mrna_XM_003249378.4_19957	1526	1327	26	1.07248
lcl|NC_037648.1_mrna_XM_006558945.3_19958	1514	1315	0	0
lcl|NC_037648.1_mrna_XM_006558928.3_19959	2174	1975	51.0393	1.41457
lcl|NC_037648.1_mrna_NM_001098228.1_19960	1284	1085	7.96067	0.401611
lcl|NC_037648.1_mrna_NM_001011601.1_19961	1802	1603	12	0.409763
lcl|NC_037648.1_mrna_NM_001011579.1_19962	1430	1231	38	1.6897
lcl|NC_037648.1_mrna_XM_026443532.1_19963	1657	1458	0	0
lcl|NC_037648.1_mrna_NM_001011610.1_19964	1616	1417	38	1.46791
lcl|NC_037648.1_mrna_NM_001011622.1_19965	1531	1332	11	0.452037
lcl|NC_037648.1_mrna_XM_026443531.1_19966	1259	1060	0.681073	0.0351701
lcl|NC_037648.1_mrna_NM_001011599.1_19967	1930	1731	10.3189	0.326304
lcl|NC_037648.1_ncrna_XR_003305760.1_19968	1386	1187	45.7608	2.11022
lcl|NC_037648.1_mrna_XM_006558946.3_19969	280	81.0024	1	0.675752
lcl|NC_037648.1_mrna_XM_026443530.1_19970	1599	1400	0	0
lcl|NC_037648.1_mrna_NM_001011580.1_19971	1544	1345	23.2743	0.947196
lcl|NC_037648.1_mrna_NM_001014429.1_19972	1433	1234	586.965	26.0365
lcl|NC_037648.1_mrna_NM_001011564.2_19973	1326	1127	141	6.84826
lcl|NC_037648.1_ncrna_XR_003305759.1_19974	1798	1599	0	0
lcl|NC_037648.1_mrna_NM_001024697.1_19975	1803	1604	26	0.887267
lcl|NC_037648.1_mrna_XM_006558929.3_19976	2891	2692	0	0
lcl|NC_037648.1_mrna_NM_001098217.1_19977	2187	1988	0	0
lcl|NC_037648.1_mrna_XM_006558930.3_19978	2604	2405	7	0.159319
lcl|NC_037648.1_mrna_XM_026443745.1_19979	1712	1513	0	0
lcl|NC_037648.1_mrna_XM_026443669.1_19980	5052	4853	3	0.0338373
lcl|NC_037648.1_mrna_XM_003249382.4_19981	1875	1676	1002.6	32.7445
lcl|NC_037648.1_mrna_XM_006558951.2_19982	1659	1460	0	0
lcl|NC_037648.1_mrna_XM_006558950.3_19983	1828	1629	0	0
lcl|NC_037648.1_mrna_XM_026443785.1_19984	1803	1604	8.46027	0.288712
lcl|NC_037648.1_mrna_XM_016915263.2_19985	1158	959	3.94177	0.224987
lcl|NC_037648.1_mrna_XM_016915264.2_19986	658	459	0	0
lcl|NC_037648.1_mrna_XM_397008.5_19987	2238	2039	1898.65	50.9699
lcl|NC_037648.1_mrna_XM_006558957.3_19988	2157	1958	2136.34	59.7232
lcl|NC_037648.1_mrna_XM_006558954.3_19989	4511	4312	1694.2	21.5066
lcl|NC_037648.1_mrna_XM_016914939.2_19990	4282	4083	99.2053	1.32997
lcl|NC_037648.1_mrna_XM_006558956.3_19991	1872	1673	27.6761	0.905512
lcl|NC_037648.1_mrna_XM_026443767.1_19992	1876	1677	376.656	12.2941
lcl|NC_037648.1_mrna_XM_006558958.2_19993	1561	1362	138.556	5.56845
lcl|NC_037648.1_mrna_XM_026443766.1_19994	3174	2975	580.861	10.6874
lcl|NC_037648.1_mrna_XM_006558959.3_19995	1790	1591	4.2184	0.145132
lcl|NC_037648.1_mrna_XM_006558963.3_19996	3662	3463	722.338	11.4176
lcl|NC_037648.1_mrna_XM_006558967.3_19997	3668	3469	71.6258	1.13019
lcl|NC_037648.1_mrna_XM_006558962.3_19998	3686	3487	2151.43	33.7723
lcl|NC_037648.1_mrna_XM_006558960.3_19999	3707	3508	0	0
lcl|NC_037648.1_mrna_XM_006558965.3_20000	3359	3160	7081.8	122.671
lcl|NC_037648.1_miscrna_XR_001704811.2_20001	3559	3360	110.436	1.79911
lcl|NC_037648.1_miscrna_XR_001704810.2_20002	3577	3378	61.7393	1.00043
lcl|NC_037648.1_mrna_XM_006558961.3_20003	3695	3496	0	0
lcl|NC_037648.1_mrna_XM_392864.7_20004	3713	3514	0	0
lcl|NC_037648.1_mrna_XM_006558964.3_20005	3682	3483	100.633	1.58151
lcl|NC_037648.1_ncrna_XR_003305638.1_20006	363	164	1	0.333766
lcl|NC_037648.1_ncrna_XR_001704812.2_20007	640	441	6	0.744728
lcl|NC_037648.1_mrna_XM_395412.5_20008	1185	986	2975	165.156
lcl|NC_037648.1_mrna_XM_006558968.3_20009	3101	2902	390.174	7.35946
lcl|NC_037648.1_mrna_XM_623540.6_20010	2368	2169	422.256	10.6562
lcl|NC_037648.1_ncrna_XR_408146.3_20011	1285	1086	9	0.453626
lcl|NC_037648.1_ncrna_XR_003305613.1_20012	1679	1480	0	0
lcl|NC_037648.1_ncrna_XR_003305614.1_20013	1118	919	1	0.0595621
lcl|NC_037648.1_ncrna_XR_001704893.2_20014	1013	814	6.38684	0.429484
lcl|NC_037648.1_mrna_XM_395833.7_20015	1379	1180	17.9695	0.833567
lcl|NC_037648.1_mrna_XM_006558969.3_20016	1182	983	272.03	15.1478
lcl|NC_037648.1_mrna_XM_001120666.5_20017	650	451	91	11.0446
lcl|NC_037648.1_mrna_XM_016915023.2_20018	3718	3519	2192.84	34.1093
lcl|NC_037648.1_mrna_XM_016915026.2_20019	3694	3495	2.17562e-06	3.40738e-08
lcl|NC_037648.1_mrna_XM_016915020.2_20020	3724	3525	3743.83	58.1356
lcl|NC_037648.1_mrna_XM_026444082.1_20021	3748	3549	0	0
lcl|NC_037648.1_mrna_XM_026444081.1_20022	3658	3459	22.4175	0.354749
lcl|NC_037648.1_mrna_XM_026444084.1_20023	3636	3437	143.032	2.27792
lcl|NC_037648.1_mrna_XM_026444085.1_20024	3723	3524	0	0
lcl|NC_037648.1_mrna_XM_026444080.1_20025	3753	3554	0	0
lcl|NC_037648.1_mrna_XM_026444083.1_20026	3767	3568	128.863	1.97691
lcl|NC_037648.1_mrna_XM_026444086.1_20027	2314	2115	2005.02	51.8912
lcl|NC_037648.1_miscrna_XR_003305808.1_20028	2371	2172	167.287	4.21588
lcl|NC_037648.1_mrna_XM_623707.6_20029	2623	2424	41.1369	0.928932
lcl|NC_037648.1_mrna_XM_006558973.3_20030	2617	2418	502.558	11.3767
lcl|NC_037648.1_mrna_XM_006558971.3_20031	2378	2179	101.018	2.53762
lcl|NC_037648.1_mrna_XM_026444079.1_20032	2167	1968	0	0
lcl|NC_037648.1_mrna_XM_016915019.2_20033	2317	2118	0	0
lcl|NC_037648.1_mrna_XM_006558970.3_20034	2328	2129	0	0
lcl|NC_037648.1_mrna_XM_006558981.3_20035	757	558	393	38.5517
lcl|NC_037648.1_trna_20036	72	3.52559	0	0
lcl|NC_037648.1_mrna_XM_003249375.4_20037	1040	841	997	64.891
lcl|NC_037648.1_mrna_XM_006558984.3_20038	2245	2046	1073.31	28.7148
lcl|NC_037648.1_mrna_XM_006558982.3_20039	2126	1927	6.6719	0.189519
lcl|NC_037648.1_mrna_XM_006558983.3_20040	2202	2003	27.0153	0.738268
lcl|NC_037648.1_mrna_XM_026443753.1_20041	2181	1982	533	14.72
lcl|NC_037648.1_mrna_XM_006558985.3_20042	4382	4183	702.664	9.19486
lcl|NC_037648.1_mrna_XM_006558986.3_20043	4379	4180	147.885	1.93656
lcl|NC_037648.1_ncrna_XR_003305632.1_20044	947	748	9.45148	0.691645
lcl|NC_037648.1_mrna_XM_623369.6_20045	798	599	4287	391.753
lcl|NC_037648.1_mrna_XM_393447.7_20046	4228	4029	7981.72	108.439
lcl|NC_037648.1_ncrna_XR_408152.2_20047	1730	1531	2	0.0715056
lcl|NC_037648.1_mrna_XM_006558992.3_20048	3987	3788	317.281	4.58479
lcl|NC_037648.1_ncrna_XR_001704805.2_20049	567	368	10	1.48743
lcl|NC_037648.1_mrna_XM_006558991.3_20050	1782	1583	182.995	6.32765
lcl|NC_037648.1_mrna_XM_003249367.4_20051	1879	1680	399.005	13.0003
lcl|NC_037648.1_mrna_XM_016914926.2_20052	1819	1620	158.419	5.35275
lcl|NC_037648.1_mrna_XM_016914925.2_20053	1914	1715	908.581	28.9991
lcl|NC_037648.1_mrna_NM_001161788.1_20054	852	653	231.901	19.439
lcl|NC_037648.1_mrna_NM_001161787.1_20055	935	736	3106.1	231.006
lcl|NC_037648.1_mrna_XM_016915214.2_20056	3745	3546	922.681	14.2429
lcl|NC_037648.1_mrna_XM_006558994.3_20057	3664	3465	24.4887	0.386854
lcl|NC_037648.1_mrna_XM_006558995.3_20058	3669	3470	292.659	4.61655
lcl|NC_037648.1_mrna_XM_006558993.3_20059	3763	3564	2075.17	31.8714
lcl|NC_037648.1_mrna_XM_026443677.1_20060	2541	2342	0	0
lcl|NC_037648.1_mrna_XM_026443676.1_20061	2784	2585	321.485	6.80746
lcl|NC_037648.1_mrna_XM_026443678.1_20062	2390	2191	419.515	10.4807
lcl|NC_037648.1_mrna_XM_001120471.5_20063	1309	1110	4413	217.619
lcl|NC_037648.1_mrna_XM_006558996.3_20064	4715	4516	1114	13.5026
lcl|NC_037648.1_mrna_XM_016914674.2_20065	1186	987	111.284	6.17162
lcl|NC_037648.1_mrna_XM_026444103.1_20066	759	560	0	0
lcl|NC_037648.1_mrna_XM_026444098.1_20067	12526	12327	0.0127478	5.66062e-05
lcl|NC_037648.1_mrna_XM_006558997.3_20068	12637	12438	502.385	2.21091
lcl|NC_037648.1_mrna_XM_026444097.1_20069	12540	12341	0.0490895	0.000217733
lcl|NC_037648.1_mrna_XM_026444101.1_20070	10471	10272	0	0
lcl|NC_037648.1_mrna_XM_026444100.1_20071	11656	11457	9.86283	0.0471212
lcl|NC_037648.1_miscrna_XR_003305809.1_20072	11752	11553	13.2078	0.0625777
lcl|NC_037648.1_mrna_XM_026444099.1_20073	11716	11517	0.199357	0.000947496
lcl|NC_037648.1_mrna_XM_001120519.5_20074	1024	825	2032	134.82
lcl|NC_037648.1_mrna_XM_026443913.1_20075	4953	4754	660	7.59924
lcl|NC_037648.1_mrna_XM_006559004.3_20076	5734	5535	80.2622	0.793741
lcl|NC_037648.1_mrna_XM_006559005.3_20077	5515	5316	288.275	2.96829
lcl|NC_037648.1_mrna_XM_006559006.3_20078	5377	5178	184.951	1.95515
lcl|NC_037648.1_mrna_XM_006558999.3_20079	7235	7036	29.2926	0.227886
lcl|NC_037648.1_mrna_XM_006559000.3_20080	7217	7018	0.0870315	0.00067881
lcl|NC_037648.1_mrna_XM_006559001.3_20081	7097	6898	0	0
lcl|NC_037648.1_mrna_XM_006559007.3_20082	7079	6880	0	0
lcl|NC_037648.1_mrna_XM_006559002.3_20083	7019	6820	46.1762	0.370611
lcl|NC_037648.1_mrna_XM_006559003.3_20084	6881	6682	30.9564	0.253588
lcl|NC_037648.1_ncrna_XR_001704858.2_20085	1860	1661	2	0.0659091
lcl|NC_037648.1_mrna_XM_016914987.2_20086	5320	5121	0	0
lcl|NC_037648.1_mrna_XM_016914986.2_20087	5182	4983	0	0
lcl|NC_037648.1_ncrna_XR_119827.4_20088	1435	1236	720.704	31.9171
lcl|NC_037648.1_mrna_XM_026444050.1_20089	4988	4789	503.981	5.76043
lcl|NC_037648.1_mrna_XM_026444052.1_20090	4888	4689	16.7408	0.195426
lcl|NC_037648.1_mrna_XM_026444054.1_20091	4464	4265	4.07233e-06	5.22647e-08
lcl|NC_037648.1_mrna_XM_026444051.1_20092	4584	4385	1887.67	23.5635
lcl|NC_037648.1_mrna_XM_026444053.1_20093	4624	4425	1925.97	23.8244
lcl|NC_037648.1_mrna_XM_026444055.1_20094	3913	3714	0	0
lcl|NC_037648.1_mrna_XM_026444058.1_20095	496	297	8	1.47441
lcl|NC_037648.1_mrna_XM_026444057.1_20096	502	303	0	0
lcl|NC_037648.1_mrna_XM_026444049.1_20097	4395	4196	0	0
lcl|NC_037648.1_mrna_XM_026444056.1_20098	4341	4142	2704.64	35.7425
lcl|NC_037648.1_mrna_XM_026444048.1_20099	4353	4154	0	0
lcl|NC_037648.1_ncrna_XR_408154.3_20100	1617	1418	1	0.0386019
lcl|NC_037648.1_ncrna_XR_003305798.1_20101	1773	1574	43	1.49537
lcl|NC_037648.1_mrna_NM_001011644.2_20102	1200	1001	78.2079	4.27663
lcl|NC_037648.1_mrna_XM_001120607.5_20103	790	591	450.792	41.7517
lcl|NC_037648.1_mrna_XM_003249372.4_20104	3741	3542	2503.67	38.6914
lcl|NC_037648.1_mrna_XM_006559010.3_20105	2444	2245	974.327	23.756
lcl|NC_037648.1_mrna_XM_001121505.5_20106	601	402	10206	1389.68
lcl|NC_037648.1_mrna_XM_006559011.3_20107	595	396	7696	1063.79
lcl|NC_037648.1_mrna_XM_393351.7_20108	813	614	7720	688.231
lcl|NC_037648.1_mrna_XM_003249371.4_20109	4036	3837	2773.23	39.5622
lcl|NC_037648.1_mrna_XM_623817.6_20110	3929	3730	1454.77	21.3486
lcl|NC_037648.1_ncrna_XR_001705064.2_20111	2359	2160	160	4.05463
lcl|NC_037648.1_precursorrna_NR_034286.1_20112	100	4.26726	0	0
lcl|NC_037648.1_ncrna_20113	21	2.72438	0	0
lcl|NC_037648.1_mrna_XM_006559012.3_20114	1840	1641	1953.66	65.1666
lcl|NC_037648.1_mrna_XM_623786.6_20115	1765	1566	939.343	32.8335
lcl|NC_037648.1_mrna_XM_016914894.2_20116	3857	3658	0	0
lcl|NC_037648.1_mrna_XM_016914895.2_20117	3639	3440	6.09109e-05	9.69219e-07
lcl|NC_037648.1_mrna_XM_016914903.2_20118	1709	1510	0	0
lcl|NC_037648.1_mrna_XM_026443810.1_20119	1620	1421	1	0.0385204
lcl|NC_037648.1_ncrna_XR_003305649.1_20120	1602	1403	0	0
lcl|NC_037648.1_mrna_XM_016914899.2_20121	5407	5208	142.366	1.49631
lcl|NC_037648.1_mrna_XM_006560629.3_20122	5350	5151	115.327	1.22554
lcl|NC_037648.1_mrna_XM_016914898.2_20123	5251	5052	0	0
lcl|NC_037648.1_mrna_XM_026443809.1_20124	3793	3594	41.8176	0.636893
lcl|NC_037648.1_mrna_XM_016914897.2_20125	5042	4843	32.0264	0.361975
lcl|NC_037648.1_mrna_XM_016914896.2_20126	4588	4389	2.17012	0.0270648
lcl|NC_037648.1_mrna_XM_016914901.2_20127	3600	3401	0.128375	0.00206613
lcl|NC_037648.1_mrna_XM_016914902.2_20128	1575	1376	33.5477	1.33453
lcl|NC_037648.1_miscrna_XR_001704774.2_20129	3846	3647	43.5105	0.653045
lcl|NC_037648.1_miscrna_XR_001704776.2_20130	3583	3384	34.0969	0.551531
lcl|NC_037648.1_mrna_XM_016914893.2_20131	3712	3513	179.133	2.79115
lcl|NC_037648.1_miscrna_XR_001704773.2_20132	3719	3520	86.989	1.35272
lcl|NC_037648.1_mrna_XM_016914892.2_20133	3709	3510	113.89	1.77608
lcl|NC_037648.1_ncrna_XR_001704778.1_20134	486	287	0	0
lcl|NC_037648.1_mrna_XM_006560631.3_20135	4528	4329	130	1.64377
lcl|NC_037648.1_mrna_XM_026443670.1_20136	405	206	1	0.265716
lcl|NC_037648.1_mrna_XM_026443671.1_20137	2760	2561	0	0
lcl|NC_037648.1_precursorrna_NR_039522.1_20138	103	4.36807	0	0
lcl|NC_037648.1_ncrna_20139	21	2.72438	0	0
lcl|NC_037648.1_mrna_XM_026443786.1_20140	5430	5231	110.327	1.15447
lcl|NC_037648.1_miscrna_XR_001705015.2_20141	1059	860	0	0
lcl|NC_037648.1_mrna_XM_016917542.2_20142	597	398	3115.43	428.469
lcl|NC_037648.1_mrna_XM_625149.6_20143	604	405	170.545	23.0499
lcl|NC_037648.1_mrna_XM_001123012.5_20144	1399	1200	267.444	12.1994
lcl|NC_037648.1_mrna_XM_006572342.3_20145	704	505	724.125	78.4888
lcl|NC_037648.1_mrna_XM_625154.6_20146	863	664	174.011	14.3448
lcl|NC_037648.1_mrna_XM_016917541.2_20147	911	712	10.4476	0.803193
lcl|NC_037648.1_mrna_XM_006572344.3_20148	2826	2627	618	12.877
lcl|NC_037648.1_mrna_XM_026443945.1_20149	806	607	168.32	15.1786
lcl|NC_037648.1_mrna_XM_001122178.5_20150	1050	851	90.6803	5.83269
lcl|NC_037648.1_mrna_XM_026443946.1_20151	11831	11632	630	2.96464
lcl|NC_037648.1_mrna_XM_003251873.4_20152	1431	1232	228.198	10.1388
lcl|NC_037648.1_mrna_XM_395055.7_20153	1426	1227	112.802	5.03221
lcl|NC_037648.1_mrna_XM_026443797.1_20154	2304	2105	745.198	19.3778
lcl|NC_037648.1_mrna_XM_026443798.1_20155	2340	2141	2480.8	63.425
lcl|NC_037648.1_mrna_XM_026443795.1_20156	2101	1902	143.654	4.1342
lcl|NC_037648.1_mrna_XM_026443793.1_20157	1770	1571	2.87402	0.100138
lcl|NC_037648.1_mrna_XM_026443794.1_20158	1535	1336	151.472	6.206
lcl|NC_037648.1_mrna_XM_016917520.2_20159	2109	1910	69.0125	1.97779
lcl|NC_037648.1_miscrna_XR_003305639.1_20160	2116	1917	21.7885	0.622144
lcl|NC_037648.1_mrna_XM_026443768.1_20161	2719	2520	134.199	2.91497
lcl|NC_037648.1_mrna_XM_001122836.5_20162	1477	1278	438	18.7598
lcl|NC_037648.1_mrna_XM_026443769.1_20163	1827	1628	0.0318676	0.00107147
lcl|NC_037648.1_mrna_XM_026443770.1_20164	1942	1743	0	0
lcl|NC_037648.1_mrna_XM_026443771.1_20165	1819	1620	15.9681	0.539541
lcl|NC_037648.1_mrna_XM_395880.7_20166	2221	2022	395.307	10.7014
lcl|NC_037648.1_mrna_XM_006558619.2_20167	2255	2056	73.0372	1.94449
lcl|NC_037648.1_mrna_XM_006558618.2_20168	2249	2050	277.656	7.41375
lcl|NC_037648.1_mrna_XM_001120146.5_20169	953	754	238	17.2779
lcl|NC_037648.1_mrna_XM_026443775.1_20170	1202	1003	441	24.0671
lcl|NC_037648.1_mrna_XM_016917222.2_20171	686	487	574.663	64.5906
lcl|NC_037648.1_mrna_XM_392951.7_20172	2213	2014	1208.34	32.8408
lcl|NC_037648.1_mrna_XM_026443808.1_20173	1824	1625	1399	47.1248
lcl|NC_037648.1_mrna_XM_026443806.1_20174	1409	1210	361.774	16.3658
lcl|NC_037648.1_mrna_XM_026443807.1_20175	412	213	0	0
lcl|NC_037648.1_mrna_XM_026443805.1_20176	1467	1268	65.5876	2.83131
lcl|NC_037648.1_mrna_XM_026443804.1_20177	1649	1450	540.655	20.4098
lcl|NC_037648.1_mrna_XM_026443803.1_20178	1789	1590	1135.39	39.0869
lcl|NC_037648.1_mrna_XM_006572084.3_20179	1973	1774	5.87417	0.18125
lcl|NC_037648.1_mrna_XM_006572085.3_20180	1671	1472	6.19944	0.230531
lcl|NC_037648.1_mrna_XM_026443802.1_20181	1686	1487	1.72015e-05	6.332e-07
lcl|NC_037648.1_mrna_XM_026443711.1_20182	2275	2076	364.032	9.59836
lcl|NC_037648.1_mrna_XM_026443712.1_20183	2404	2205	0	0
lcl|NC_037648.1_mrna_XM_026443713.1_20184	2274	2075	0	0
lcl|NC_037648.1_mrna_XM_026443709.1_20185	2995	2796	0	0
lcl|NC_037648.1_mrna_XM_026443710.1_20186	2992	2793	166.968	3.27227
lcl|NC_037648.1_mrna_XM_006572061.3_20187	2391	2192	1134	28.3177
lcl|NC_037648.1_mrna_XM_003251822.4_20188	1048	849	1103	71.1137
lcl|NC_037648.1_ncrna_XR_412350.3_20189	297	98.0001	2	1.11709
lcl|NC_037648.1_ncrna_XR_003305700.1_20190	770	571	72	6.90211
lcl|NC_037648.1_ncrna_XR_003305618.1_20191	513	314	11.5	2.00472
lcl|NC_037648.1_ncrna_XR_001706233.2_20192	2665	2466	267	5.92657
lcl|NC_037648.1_mrna_XM_026443750.1_20193	1639	1440	1601	60.8575
lcl|NC_037648.1_mrna_XM_395006.7_20194	3205	3006	330.642	6.02079
lcl|NC_037648.1_mrna_XM_006572206.3_20195	3204	3005	1489.5	27.132
lcl|NC_037648.1_mrna_XM_016917449.2_20196	3057	2858	160.856	3.08077
lcl|NC_037648.1_mrna_XM_006572207.3_20197	2973	2774	2.04885e-06	4.04287e-08
lcl|NC_037648.1_mrna_XM_006572208.2_20198	929	730	661	49.5637
lcl|NC_037648.1_mrna_XM_006572209.3_20199	1065	866	831	52.5253
lcl|NC_037648.1_mrna_XM_397168.6_20200	1819	1620	365	12.3328
lcl|NC_037648.1_mrna_XM_026443563.1_20201	2843	2644	139.858	2.89543
lcl|NC_037648.1_mrna_XM_026443562.1_20202	2728	2529	0	0
lcl|NC_037648.1_mrna_NM_001242523.1_20203	2658	2459	407.639	9.07408
lcl|NC_037648.1_mrna_XM_026443559.1_20204	2758	2559	0	0
lcl|NC_037648.1_mrna_XM_026443560.1_20205	2656	2457	13.5024	0.30081
lcl|NC_037648.1_mrna_XM_026443561.1_20206	2689	2490	0	0
lcl|NC_037648.1_mrna_XM_026443792.1_20207	2058	1859	136	4.00447
lcl|NC_037648.1_mrna_XM_026443982.1_20208	5087	4888	8.80926	0.0986492
lcl|NC_037648.1_mrna_XM_026443983.1_20209	4055	3856	12.1907	0.173053
lcl|NC_037648.1_ncrna_XR_003305777.1_20210	362	163	0	0
lcl|NC_037648.1_mrna_XM_006562037.3_20211	1523	1324	477	19.7204
lcl|NC_037648.1_mrna_XM_026443985.1_20212	3058	2859	0	0
lcl|NC_037648.1_mrna_XM_026443984.1_20213	3134	2935	0	0
lcl|NC_037648.1_mrna_XM_026443987.1_20214	4692	4493	0	0
lcl|NC_037648.1_mrna_XM_026443988.1_20215	4523	4324	81.3082	1.02928
lcl|NC_037648.1_mrna_XM_026443989.1_20216	2724	2525	4.89993	0.106222
lcl|NC_037648.1_mrna_XM_026443546.1_20217	12943	12744	2.3324e-05	1.00181e-07
lcl|NC_037648.1_mrna_XM_026443548.1_20218	12668	12469	0.000617773	2.71196e-06
lcl|NC_037648.1_mrna_XM_026443547.1_20219	12878	12679	313.732	1.35444
lcl|NC_037648.1_mrna_XM_026443554.1_20220	12941	12742	244.3	1.04947
lcl|NC_037648.1_mrna_XM_026443545.1_20221	13016	12817	1.87246e-07	7.99672e-10
lcl|NC_037648.1_mrna_XM_026443549.1_20222	12662	12463	0.00113403	4.98067e-06
lcl|NC_037648.1_mrna_XM_026443553.1_20223	11638	11439	0	0
lcl|NC_037648.1_mrna_XM_026443552.1_20224	11783	11584	169.171	0.799379
lcl|NC_037648.1_mrna_XM_026443551.1_20225	11906	11707	0	0
lcl|NC_037648.1_mrna_XM_026443550.1_20226	12020	11821	175.553	0.812906
lcl|NC_037648.1_mrna_NM_001327958.1_20227	8381	8182	0	0
lcl|NC_037648.1_mrna_XM_026443990.1_20228	824	625	2	0.17516
lcl|NC_037648.1_mrna_XM_026443764.1_20229	3070	2871	1645	31.363
lcl|NC_037648.1_mrna_XM_393124.7_20230	2633	2434	0	0
lcl|NC_037648.1_mrna_XM_026443765.1_20231	418	219	351	87.73
lcl|NC_037648.1_mrna_XM_026443667.1_20232	566	367	357	53.2461
lcl|NC_037648.1_mrna_XM_026443904.1_20233	1078	879	84	5.23089
lcl|NC_037648.1_mrna_XM_026443969.1_20234	2631	2432	41.3134	0.92985
lcl|NC_037648.1_mrna_XM_026443968.1_20235	2763	2564	772.687	16.4957
lcl|NC_037648.1_ncrna_XR_001706140.2_20236	343	144	2	0.760244
lcl|NC_037648.1_mrna_XM_026443972.1_20237	1919	1720	0	0
lcl|NC_037648.1_mrna_XM_026443970.1_20238	1976	1777	3.43717e-08	1.05876e-09
lcl|NC_037648.1_mrna_XM_026443971.1_20239	1931	1732	1133.75	35.8306
lcl|NC_037648.1_mrna_XM_016917237.2_20240	1777	1578	195.252	6.77288
lcl|NC_037648.1_mrna_XM_006571852.3_20241	2377	2178	874.261	21.9719
lcl|NC_037648.1_mrna_XM_393332.7_20242	2607	2408	999.624	22.723
lcl|NC_037648.1_mrna_XM_006571851.3_20243	2482	2283	65.1156	1.56122
lcl|NC_037648.1_mrna_XM_006571850.3_20244	4641	4442	429.617	5.29405
lcl|NC_037648.1_mrna_XM_006571849.3_20245	4592	4393	5709.01	71.1353
lcl|NC_037648.1_mrna_XM_006571841.3_20246	759	560	170	16.6168
lcl|NC_037648.1_mrna_XM_003251766.4_20247	604	405	3	0.405463
lcl|NC_037648.1_mrna_XM_026443819.1_20248	1324	1125	723.268	35.191
lcl|NC_037648.1_mrna_XM_026443817.1_20249	1490	1291	175.886	7.45746
lcl|NC_037648.1_mrna_XM_026443818.1_20250	1442	1243	145.604	6.4119
lcl|NC_037648.1_mrna_XM_026443811.1_20251	1422	1223	270.846	12.1222
lcl|NC_037648.1_mrna_XM_026443812.1_20252	1537	1338	0	0
lcl|NC_037648.1_mrna_XM_026443813.1_20253	1533	1334	0	0
lcl|NC_037648.1_mrna_XM_026443814.1_20254	1521	1322	54.9519	2.27529
lcl|NC_037648.1_mrna_XM_026443815.1_20255	1499	1300	35.0265	1.47482
lcl|NC_037648.1_mrna_XM_026443816.1_20256	1496	1297	36.4175	1.53693
lcl|NC_037648.1_mrna_XM_003251763.4_20257	3299	3100	525	9.27007
lcl|NC_037648.1_mrna_XM_006571838.3_20258	3196	2997	247.153	4.51403
lcl|NC_037648.1_mrna_XM_006571837.3_20259	3521	3322	35.3369	0.582256
lcl|NC_037648.1_mrna_XM_006571839.3_20260	3349	3150	189.51	3.29312
lcl|NC_037648.1_mrna_NM_001270817.1_20261	773	574	2	0.190723
lcl|NC_037648.1_mrna_NM_001270818.1_20262	980	781	1	0.0700865
lcl|NC_037648.1_mrna_NM_001270819.1_20263	1615	1416	2	0.0773129
lcl|NC_037648.1_mrna_NM_001270820.1_20264	885	686	190	15.1605
lcl|NC_037648.1_mrna_XM_026443879.1_20265	655	456	74	8.88285
lcl|NC_037648.1_mrna_XM_006571836.3_20266	2122	1923	49.0896	1.39732
lcl|NC_037648.1_mrna_XM_006571835.3_20267	2124	1925	0	0
lcl|NC_037648.1_miscrna_XR_412271.3_20268	2386	2187	718.598	17.9855
lcl|NC_037648.1_miscrna_XR_412272.3_20269	1985	1786	331.312	10.1541
lcl|NC_037648.1_mrna_XM_001120606.5_20270	1005	806	144.347	9.803
lcl|NC_037648.1_mrna_XM_006571833.3_20271	996	797	0.000199782	1.37209e-05
lcl|NC_037648.1_miscrna_XR_003305698.1_20272	6812	6613	801.971	6.63813
lcl|NC_037648.1_miscrna_XR_003305696.1_20273	6815	6616	7.76329e-05	6.42296e-07
lcl|NC_037648.1_miscrna_XR_003305697.1_20274	6185	5986	1415.68	12.9454
lcl|NC_037648.1_mrna_XM_006571834.3_20275	1582	1383	257	10.1718
lcl|NC_037648.1_mrna_XM_026443881.1_20276	6738	6539	1.50149	0.0125688
lcl|NC_037648.1_mrna_XM_026443884.1_20277	6589	6390	0.209135	0.00179148
lcl|NC_037648.1_mrna_XM_026443880.1_20278	6711	6512	278.142	2.33796
lcl|NC_037648.1_mrna_XM_026443883.1_20279	6562	6363	43.7686	0.376518
lcl|NC_037648.1_mrna_XM_026443882.1_20280	6702	6503	1593.2	13.4104
lcl|NC_037648.1_mrna_XM_026443885.1_20281	6553	6354	261.174	2.24992
lcl|NC_037648.1_ncrna_XR_003305695.1_20282	1371	1172	594	27.7424
lcl|NC_037648.1_mrna_XM_006572361.2_20283	2301	2102	489.83	12.7555
lcl|NC_037648.1_mrna_NM_001278327.1_20284	2360	2161	0	0
lcl|NC_037648.1_mrna_XM_006572362.3_20285	2184	1985	0.000390909	1.07796e-05
lcl|NC_037648.1_mrna_XM_016917553.2_20286	1976	1777	1185.17	36.5072
lcl|NC_037648.1_mrna_XM_026443565.1_20287	1575	1376	565.556	22.4979
lcl|NC_037648.1_mrna_XM_625198.6_20288	1716	1517	338.444	12.212
lcl|NC_037648.1_mrna_XM_006572360.3_20289	1863	1664	2639.95	86.8416
lcl|NC_037648.1_mrna_NM_001278328.1_20290	1954	1755	404.05	12.6021
lcl|NC_037648.1_mrna_XM_624057.6_20291	4414	4215	0.11204	0.001455
lcl|NC_037648.1_mrna_XM_026443567.1_20292	4371	4172	1165.73	15.2947
lcl|NC_037648.1_mrna_XM_026443568.1_20293	4482	4283	469.154	5.99587
lcl|NC_037648.1_mrna_XM_026444091.1_20294	1774	1575	175.511	6.09972
lcl|NC_037648.1_mrna_XM_026444095.1_20295	1669	1470	45.2205	1.68385
lcl|NC_037648.1_mrna_XM_026444093.1_20296	1294	1095	9.24978	0.462384
lcl|NC_037648.1_mrna_XM_026444094.1_20297	1321	1122	344.56	16.8096
lcl|NC_037648.1_mrna_XM_026444096.1_20298	1485	1286	180.381	7.67775
lcl|NC_037648.1_mrna_XM_026444092.1_20299	1597	1398	0	0
lcl|NC_037648.1_mrna_XM_623275.4_20300	1717	1518	317.078	11.4335
lcl|NC_037648.1_mrna_XM_006572267.3_20301	1147	948	0	0
lcl|NC_037648.1_mrna_XM_006572266.3_20302	1170	971	1142.8	64.4222
lcl|NC_037648.1_mrna_XM_016917477.2_20303	1073	874	0.0526111	0.00329497
lcl|NC_037648.1_mrna_XM_623322.5_20304	1074	875	0.149522	0.00935365
lcl|NC_037648.1_mrna_XM_393002.7_20305	1245	1046	1253	65.5699
lcl|NC_037648.1_mrna_XM_026444089.1_20306	1885	1686	0	0
lcl|NC_037648.1_mrna_XM_026444090.1_20307	1764	1565	15.445	0.540207
lcl|NC_037648.1_mrna_XM_026444087.1_20308	1962	1763	0.0430708	0.00133726
lcl|NC_037648.1_mrna_XM_026444088.1_20309	1856	1657	8.54093	0.282142
lcl|NC_037648.1_mrna_XM_006571997.3_20310	1931	1732	188	5.94149
lcl|NC_037648.1_mrna_XM_026443827.1_20311	1704	1505	615	22.3678
lcl|NC_037648.1_mrna_XM_026443826.1_20312	3361	3162	21.6703	0.375136
lcl|NC_037648.1_mrna_XM_026443825.1_20313	3465	3266	483.534	8.10394
lcl|NC_037648.1_mrna_XM_395807.7_20314	2261	2062	684	18.1574
lcl|NC_037648.1_mrna_XM_026443777.1_20315	4295	4096	17	0.227182
lcl|NC_037648.1_mrna_XM_623536.6_20316	3119	2920	1554	29.1309
lcl|NC_037648.1_mrna_XM_624533.6_20317	1015	816	1166	78.2157
lcl|NC_037648.1_mrna_XM_006572038.3_20318	2518	2319	599	14.1388
lcl|NC_037648.1_mrna_XM_006572037.3_20319	813	614	90	8.02342
lcl|NC_037648.1_mrna_XM_006572315.3_20320	2895	2696	92	1.8679
lcl|NC_037648.1_mrna_XM_026443866.1_20321	1714	1515	181.854	6.57044
lcl|NC_037648.1_mrna_XM_006572181.3_20322	1874	1675	805.146	26.3115
lcl|NC_037648.1_mrna_XM_006572178.1_20323	5694	5495	1979.83	19.7217
lcl|NC_037648.1_mrna_XM_016917423.1_20324	5607	5408	218.174	2.20827
lcl|NC_037648.1_mrna_XM_623271.6_20325	1193	994	41.902	2.30746
lcl|NC_037648.1_mrna_XM_006572176.3_20326	1184	985	522.874	29.0567
lcl|NC_037648.1_mrna_XM_026443923.1_20327	1567	1368	13.7536	0.550319
lcl|NC_037648.1_mrna_XM_026443922.1_20328	1734	1535	0	0
lcl|NC_037648.1_mrna_XM_026443921.1_20329	1839	1640	279.471	9.32776
lcl|NC_037648.1_ncrna_XR_001706254.2_20330	542	343	17	2.71294
lcl|NC_037648.1_mrna_XM_006572174.3_20331	3276	3077	1672	29.7436
lcl|NC_037648.1_mrna_XM_026443924.1_20332	4361	4162	266	3.49836
lcl|NC_037648.1_mrna_XM_392703.6_20333	2439	2240	2084.78	50.9446
lcl|NC_037648.1_mrna_XM_006572172.3_20334	2306	2107	260.217	6.76016
lcl|NC_037648.1_mrna_XM_001120401.5_20335	877	678	169.497	13.6841
lcl|NC_037648.1_mrna_XM_016917428.2_20336	719	520	0	0
lcl|NC_037648.1_mrna_XM_006572170.3_20337	755	556	0.434439	0.04277
lcl|NC_037648.1_mrna_XM_026443865.1_20338	805	606	203.876	18.4153
lcl|NC_037648.1_mrna_XM_026443864.1_20339	776	577	116.193	11.0228
lcl|NC_037648.1_mrna_XM_395186.7_20340	1255	1056	194	10.0559
lcl|NC_037648.1_mrna_XM_623543.6_20341	830	631	299	25.9374
lcl|NC_037648.1_mrna_XM_006572168.3_20342	798	599	0	0
lcl|NC_037648.1_mrna_XM_026443716.1_20343	1343	1144	547	26.1726
lcl|NC_037648.1_mrna_XM_026443717.1_20344	693	494	428	47.4244
lcl|NC_037648.1_mrna_XM_026443718.1_20345	881	682	203	16.2928
lcl|NC_037648.1_mrna_XM_026443719.1_20346	794	595	1351	124.286
lcl|NC_037648.1_mrna_XM_016915284.2_20347	1360	1161	10	0.471469
lcl|NC_037648.1_mrna_XM_397266.6_20348	1273	1074	621	31.6499
lcl|NC_037648.1_mrna_XM_624463.6_20349	1430	1231	423.151	18.8158
lcl|NC_037648.1_mrna_XM_026443757.1_20350	1326	1127	70.5279	3.42549
lcl|NC_037648.1_mrna_XM_026443756.1_20351	1331	1132	21.3833	1.03398
lcl|NC_037648.1_mrna_XM_026443758.1_20352	1449	1250	21.9377	0.960653
lcl|NC_037648.1_mrna_XM_624435.6_20353	1807	1608	1830	62.2946
lcl|NC_037648.1_mrna_XM_026443662.1_20354	3467	3268	1874	31.3887
lcl|NC_037648.1_mrna_XM_026443664.1_20355	2721	2522	40.9232	0.888199
lcl|NC_037648.1_mrna_XM_026443666.1_20356	2679	2480	858.268	18.9433
lcl|NC_037648.1_mrna_XM_026443665.1_20357	2696	2497	6654.81	145.882
lcl|NC_037648.1_mrna_XM_006562385.3_20358	793	594	1072	98.7856
lcl|NC_037648.1_mrna_XM_006562390.3_20359	6051	5852	863.34	8.07537
lcl|NC_037648.1_mrna_XM_016915165.2_20360	6053	5854	401.299	3.75233
lcl|NC_037648.1_mrna_XM_006562391.3_20361	6050	5851	902.596	8.44401
lcl|NC_037648.1_mrna_XM_006562395.3_20362	5734	5535	99.4633	0.983627
lcl|NC_037648.1_mrna_XM_006562393.3_20363	5737	5538	1183.17	11.6944
lcl|NC_037648.1_mrna_XM_026444104.1_20364	5989	5790	65.4766	0.619003
lcl|NC_037648.1_mrna_XM_006562394.3_20365	5992	5793	703.01	6.64268
lcl|NC_037648.1_mrna_XM_006562392.3_20366	6348	6149	0.00169482	1.5087e-05
lcl|NC_037648.1_mrna_XM_006562386.3_20367	3695	3496	1.35377e-05	2.11962e-07
lcl|NC_037648.1_mrna_XM_006562387.3_20368	3950	3751	1.99218e-05	2.90715e-07
lcl|NC_037648.1_mrna_XM_016915164.1_20369	3021	2822	904.648	17.5472
lcl|NC_037648.1_mrna_XM_001123212.5_20370	1559	1360	383	15.4151
lcl|NC_037648.1_mrna_XM_006562401.3_20371	5270	5071	34.7445	0.37504
lcl|NC_037648.1_mrna_XM_006562402.3_20372	5067	4868	649.374	7.30179
lcl|NC_037648.1_mrna_XM_016915011.2_20373	5259	5060	176.002	1.90394
lcl|NC_037648.1_mrna_XM_006562400.3_20374	5215	5016	237.49	2.59163
lcl|NC_037648.1_mrna_XM_026443594.1_20375	5124	4925	683.39	7.59534
lcl|NC_037648.1_mrna_XM_026443595.1_20376	2538	2339	86.7484	2.0301
lcl|NC_037648.1_mrna_XM_006562403.3_20377	2317	2118	293.252	7.57879
lcl|NC_037648.1_mrna_XM_026443610.1_20378	7023	6824	223.435	1.79225
lcl|NC_037648.1_miscrna_XR_003305568.1_20379	6927	6728	5.29169	0.043052
lcl|NC_037648.1_mrna_XM_026443611.1_20380	7017	6818	130.534	1.04798
lcl|NC_037648.1_mrna_XM_026443613.1_20381	6996	6797	1235.13	9.94671
lcl|NC_037648.1_mrna_XM_026443612.1_20382	7001	6802	2532.81	20.3822
lcl|NC_037648.1_miscrna_XR_003305569.1_20383	6905	6706	63.8042	0.5208
lcl|NC_037648.1_mrna_XM_026443614.1_20384	6256	6057	0	0
lcl|NC_037648.1_mrna_XM_006562406.3_20385	2100	1901	88.4186	2.54593
lcl|NC_037648.1_mrna_XM_016915283.2_20386	1902	1703	3.23439e-08	1.03959e-09
lcl|NC_037648.1_mrna_XM_006562405.3_20387	2057	1858	334.581	9.85692
lcl|NC_037648.1_mrna_XM_026443862.1_20388	1977	1778	353.056	10.8692
lcl|NC_037648.1_mrna_XM_006562407.3_20389	1054	855	706.944	45.2589
lcl|NC_037648.1_mrna_XM_006562411.3_20390	1630	1431	0	0
lcl|NC_037648.1_mrna_XM_006562410.3_20391	1790	1591	216.018	7.43197
lcl|NC_037648.1_mrna_XM_623557.6_20392	1656	1457	29.0652	1.09194
lcl|NC_037648.1_mrna_XM_026443654.1_20393	2497	2298	141.03	3.35928
lcl|NC_037648.1_mrna_XM_623510.5_20394	1584	1385	632.948	25.0152
lcl|NC_037648.1_miscrna_XR_003305589.1_20395	1447	1248	152.939	6.70795
lcl|NC_037648.1_mrna_XM_026443963.1_20396	11447	11248	0.861205	0.00419099
lcl|NC_037648.1_mrna_XM_026443961.1_20397	11495	11296	0.00399203	1.93444e-05
lcl|NC_037648.1_mrna_XM_006562416.3_20398	11972	11773	8.3701	0.0389161
lcl|NC_037648.1_mrna_XM_026443964.1_20399	13021	12822	0	0
lcl|NC_037648.1_mrna_XM_026443960.1_20400	13069	12870	0	0
lcl|NC_037648.1_mrna_XM_026443962.1_20401	11610	11411	1.12106e-08	5.37762e-11
lcl|NC_037648.1_mrna_XM_016915012.2_20402	12280	12081	103.403	0.468506
lcl|NC_037648.1_mrna_XM_026443965.1_20403	11345	11146	128.512	0.631118
lcl|NC_037648.1_mrna_XM_006562415.3_20404	11627	11428	567.85	2.71987
lcl|NC_037648.1_mrna_XM_006563303.3_20405	2938	2739	1005	20.0844
lcl|NC_037648.1_mrna_XM_006563302.3_20406	979	780	382	26.8074
lcl|NC_037648.1_mrna_XM_396423.7_20407	2075	1876	383	11.1751
lcl|NC_037648.1_mrna_XM_001120973.5_20408	1758	1559	64	2.24708
lcl|NC_037648.1_mrna_XM_001120946.5_20409	926	727	14	1.05409
lcl|NC_037648.1_mrna_XM_026443796.1_20410	1840	1641	122.094	4.07259
lcl|NC_037648.1_mrna_XM_396294.7_20411	2372	2173	236.906	5.96763
lcl|NC_037648.1_mrna_XM_016915325.1_20412	875	676	3.0586	0.247663
lcl|NC_037648.1_mrna_XM_001120854.4_20413	905	706	165.941	12.8658
lcl|NC_037648.1_ncrna_XR_003305685.1_20414	369	170	0	0
lcl|NC_037648.1_ncrna_XR_003305686.1_20415	363	164	7.14197	2.38374
lcl|NC_037648.1_ncrna_XR_003305684.1_20416	382	183	0	0
lcl|NC_037648.1_mrna_XM_016915327.2_20417	944	745	0	0
lcl|NC_037648.1_mrna_XM_624683.4_20418	912	713	81.929	6.28975
lcl|NC_037648.1_mrna_XM_026443874.1_20419	912	713	81.929	6.28975
lcl|NC_037648.1_mrna_XM_006563305.3_20420	2149	1950	259.092	7.27284
lcl|NC_037648.1_mrna_XM_393602.7_20421	2134	1935	161.908	4.58008
lcl|NC_037648.1_mrna_XM_026443746.1_20422	2782	2583	908.993	19.2629
lcl|NC_037648.1_mrna_XM_026443749.1_20423	3621	3422	517.866	8.28366
lcl|NC_037648.1_mrna_XM_026443747.1_20424	3100	2901	118.896	2.24339
lcl|NC_037648.1_mrna_XM_026443748.1_20425	2659	2460	110.246	2.45308
lcl|NC_037648.1_mrna_XM_624741.6_20426	2537	2338	271.851	6.36461
lcl|NC_037648.1_mrna_XM_006563307.2_20427	2055	1856	452.149	13.3349
lcl|NC_037648.1_mrna_XM_395879.7_20428	8270	8071	990.15	6.7152
lcl|NC_037648.1_mrna_XM_006563309.3_20429	8110	7911	0	0
lcl|NC_037648.1_mrna_XM_624688.6_20430	2322	2123	383	9.87493
lcl|NC_037648.1_mrna_XM_016915249.2_20431	5899	5700	0	0
lcl|NC_037648.1_mrna_XM_016915248.2_20432	5905	5706	25339.8	243.085
lcl|NC_037648.1_mrna_XM_026443737.1_20433	5899	5700	1418.93	13.6261
lcl|NC_037648.1_mrna_XM_016915247.2_20434	5904	5705	0	0
lcl|NC_037648.1_mrna_XM_016915251.2_20435	5598	5399	151.362	1.53457
lcl|NC_037648.1_mrna_XM_006563310.3_20436	6094	5895	1339.86	12.4412
lcl|NC_037648.1_mrna_XM_016915250.2_20437	5755	5556	0	0
lcl|NC_037648.1_mrna_XM_026443736.1_20438	5755	5556	0	0
lcl|NC_037648.1_mrna_XM_006563314.2_20439	826	627	18	1.57141
lcl|NC_037648.1_mrna_XM_026443683.1_20440	23616	23417	69	0.161288
lcl|NC_037648.1_mrna_XM_016915320.2_20441	1446	1247	2	0.0877908
lcl|NC_037648.1_mrna_XM_006564018.3_20442	2014	1815	24.2108	0.730159
lcl|NC_037648.1_mrna_XM_006564021.3_20443	1992	1793	0	0
lcl|NC_037648.1_mrna_XM_006564020.3_20444	1988	1789	0	0
lcl|NC_037648.1_mrna_XM_026443906.1_20445	3029	2830	7.78923	0.150658
lcl|NC_037648.1_mrna_XM_016915317.2_20446	1698	1499	2593.53	94.7055
lcl|NC_037648.1_mrna_XM_006564023.3_20447	1775	1576	20.4659	0.710819
lcl|NC_037648.1_mrna_XM_016915318.2_20448	1787	1588	0.00142443	4.90995e-05
lcl|NC_037648.1_mrna_XM_026443854.1_20449	1115	916	2.16819	0.129565
lcl|NC_037648.1_mrna_XM_026443858.1_20450	958	759	0	0
lcl|NC_037648.1_mrna_XM_026443857.1_20451	964	765	0	0
lcl|NC_037648.1_mrna_XM_026443856.1_20452	1060	861	0	0
lcl|NC_037648.1_mrna_XM_026443855.1_20453	1066	867	5.72593	0.361503
lcl|NC_037648.1_miscrna_XR_003305669.1_20454	1241	1042	5.31636	0.279275
lcl|NC_037648.1_mrna_XM_623660.6_20455	1201	1002	0	0
lcl|NC_037648.1_mrna_XM_016915311.2_20456	1140	941	0	0
lcl|NC_037648.1_mrna_XM_016915310.2_20457	1181	982	1.78952	0.0997496
lcl|NC_037648.1_mrna_XM_016915306.1_20458	1018	819	0	0
lcl|NC_037648.1_mrna_XM_016915307.2_20459	1018	819	0	0
lcl|NC_037648.1_mrna_XM_026443853.1_20460	1063	864	4	0.253415
lcl|NC_037648.1_mrna_XM_006564026.3_20461	1365	1166	361	16.947
lcl|NC_037648.1_mrna_XM_003250338.4_20462	1547	1348	429.459	17.4388
lcl|NC_037648.1_mrna_XM_006564031.3_20463	867	668	114.229	9.36018
lcl|NC_037648.1_mrna_XM_006564030.3_20464	865	666	204.312	16.7921
lcl|NC_037648.1_mrna_XM_003250339.4_20465	1235	1036	229	12.0993
lcl|NC_037648.1_mrna_XM_026443994.1_20466	788	589	813	75.5545
lcl|NC_037648.1_mrna_XM_006564032.3_20467	1735	1536	14.4746	0.515822
lcl|NC_037648.1_mrna_XM_006564033.3_20468	1777	1578	478.475	16.5973
lcl|NC_037648.1_mrna_XM_016915082.2_20469	1696	1497	0.0501116	0.00183232
lcl|NC_037648.1_mrna_XM_001120796.5_20470	521	322	222.023	37.7422
lcl|NC_037648.1_mrna_XM_003250340.4_20471	609	410	13.9773	1.86605
lcl|NC_037648.1_mrna_XM_003250344.4_20472	2717	2518	1636	35.5642
lcl|NC_037648.1_mrna_XM_006564036.3_20473	2866	2667	1.46438e-05	3.00549e-07
lcl|NC_037648.1_mrna_XM_006564034.3_20474	2998	2799	158.197	3.09372
lcl|NC_037648.1_mrna_XM_397345.6_20475	2891	2692	39.9469	0.812257
lcl|NC_037648.1_mrna_XM_006564037.3_20476	1897	1698	156.276	5.0378
lcl|NC_037648.1_miscrna_XR_003305780.1_20477	1966	1767	22.8511	0.707874
lcl|NC_037648.1_mrna_XM_026443996.1_20478	2772	2573	67.7283	1.44084
lcl|NC_037648.1_mrna_XM_016915073.2_20479	1062	863	0.253915	0.0161051
lcl|NC_037648.1_mrna_XM_026444077.1_20480	1060	861	4.74608	0.301729
lcl|NC_037648.1_mrna_XM_016915072.2_20481	2592	2393	37.4731	0.857162
lcl|NC_037648.1_mrna_XM_016915071.2_20482	2746	2547	1531.53	32.914
lcl|NC_037648.1_mrna_XM_016915061.2_20483	6191	5992	31.7089	0.289664
lcl|NC_037648.1_mrna_XM_016915064.2_20484	6177	5978	0	0
lcl|NC_037648.1_mrna_XM_016915060.2_20485	6195	5996	0	0
lcl|NC_037648.1_mrna_XM_016915066.2_20486	5606	5407	222.705	2.25454
lcl|NC_037648.1_mrna_XM_016915065.2_20487	5624	5425	0	0
lcl|NC_037648.1_mrna_XM_026444076.1_20488	5348	5149	52.1854	0.554768
lcl|NC_037648.1_mrna_XM_026444075.1_20489	5993	5794	0	0
lcl|NC_037648.1_mrna_XM_016915069.2_20490	5173	4974	0	0
lcl|NC_037648.1_mrna_XM_016915063.2_20491	6121	5922	7.98171	0.0737756
lcl|NC_037648.1_mrna_XM_016915070.2_20492	5351	5152	59.4192	0.631301
lcl|NC_037648.1_ncrna_XR_003305807.1_20493	2284	2085	4	0.105012
lcl|NC_037648.1_mrna_XM_026443754.1_20494	3300	3101	307.869	5.43438
lcl|NC_037648.1_mrna_XM_026443755.1_20495	3209	3010	300.131	5.45794
lcl|NC_037648.1_mrna_XM_026443657.1_20496	1379	1180	666.518	30.9183
lcl|NC_037648.1_mrna_XM_001120157.5_20497	1296	1097	570.945	28.4887
lcl|NC_037648.1_miscrna_XR_003305591.1_20498	1375	1176	242.536	11.289
lcl|NC_037648.1_mrna_XM_016914905.2_20499	14799	14600	617.157	2.31381
lcl|NC_037648.1_mrna_XM_016914906.2_20500	14042	13843	7542.8	29.8255
lcl|NC_037648.1_mrna_XM_003250399.4_20501	4412	4213	5.57005	0.0723691
lcl|NC_037648.1_ncrna_XR_409934.3_20502	968	769	6	0.427081
lcl|NC_037648.1_mrna_XM_026443653.1_20503	3054	2855	8.63801e-06	1.65612e-07
lcl|NC_037648.1_mrna_XM_006564241.3_20504	3050	2851	2683.78	51.527
lcl|NC_037648.1_mrna_XM_006564240.3_20505	2506	2307	0	0
lcl|NC_037648.1_mrna_XM_006564242.3_20506	2483	2284	0	0
lcl|NC_037648.1_mrna_XM_006564334.3_20507	5871	5672	0	0
lcl|NC_037648.1_mrna_XM_006564336.3_20508	5856	5657	0	0
lcl|NC_037648.1_mrna_XM_006564339.3_20509	5826	5627	0	0
lcl|NC_037648.1_mrna_XM_006564335.3_20510	5859	5660	0	0
lcl|NC_037648.1_mrna_XM_006564337.3_20511	5841	5642	0	0
lcl|NC_037648.1_mrna_XM_006564338.3_20512	5829	5630	0	0
lcl|NC_037648.1_mrna_XM_006564341.3_20513	5769	5570	439.339	4.31748
lcl|NC_037648.1_mrna_XM_006564340.3_20514	5784	5585	0	0
lcl|NC_037648.1_mrna_XM_026444004.1_20515	4973	4774	0	0
lcl|NC_037648.1_mrna_XM_016914908.2_20516	6873	6674	293.66	2.40849
lcl|NC_037648.1_mrna_XM_006564342.3_20517	6786	6587	7.76089	0.0644925
lcl|NC_037648.1_mrna_XM_026444006.1_20518	4235	4036	423.598	5.74497
lcl|NC_037648.1_mrna_XM_016914909.2_20519	4891	4692	1726.64	20.1432
lcl|NC_037648.1_mrna_XM_026444005.1_20520	4804	4605	0.000139468	1.65779e-06
lcl|NC_037648.1_mrna_XM_393145.6_20521	2170	1971	36.5108	1.01396
lcl|NC_037648.1_mrna_XM_006564346.3_20522	2173	1974	458.686	12.719
lcl|NC_037648.1_mrna_XM_006564345.3_20523	2197	1998	19.1505	0.52465
lcl|NC_037648.1_mrna_XM_006564344.3_20524	2200	2001	236.653	6.47366
lcl|NC_037648.1_mrna_XM_006564347.3_20525	3409	3210	91.2464	1.55595
lcl|NC_037648.1_mrna_XM_396318.7_20526	3429	3230	409.754	6.94393
lcl|NC_037648.1_mrna_XM_001119879.5_20527	631	432	310	39.2793
lcl|NC_037648.1_mrna_XM_006564351.3_20528	679	480	7.6891e-06	8.76838e-07
lcl|NC_037648.1_mrna_XM_006564350.3_20529	651	452	370.776	44.9012
lcl|NC_037648.1_mrna_XM_026443873.1_20530	834	635	378.224	32.6032
lcl|NC_037648.1_mrna_XM_006564353.3_20531	3658	3459	2196.83	34.7641
lcl|NC_037648.1_mrna_XM_006564352.3_20532	3684	3485	0.17278	0.00271379
lcl|NC_037648.1_mrna_XM_006564355.3_20533	1157	958	1913	109.304
lcl|NC_037648.1_ncrna_XR_001704890.2_20534	2478	2279	150	3.60273
lcl|NC_037648.1_mrna_XM_006564356.3_20535	7128	6929	66.7006	0.52692
lcl|NC_037648.1_mrna_XM_006564357.3_20536	4703	4504	0	0
lcl|NC_037648.1_mrna_XM_006564361.2_20537	4302	4103	0	0
lcl|NC_037648.1_mrna_XM_006564359.3_20538	4796	4597	9.29942	0.11073
lcl|NC_037648.1_mrna_XM_006564358.3_20539	4261	4062	0	0
lcl|NC_037648.1_miscrna_XR_003305789.1_20540	4312	4113	0	0
lcl|NC_037648.1_ncrna_XR_003305790.1_20541	946	747	1	0.0732765
lcl|NC_037648.1_ncrna_XR_003305791.1_20542	6233	6034	18.0116	0.163393
lcl|NC_037648.1_mrna_XM_016915222.2_20543	6342	6143	2164.29	19.285
lcl|NC_037648.1_mrna_XM_016915223.2_20544	6407	6208	0.000619233	5.45994e-06
lcl|NC_037648.1_mrna_XM_016915224.2_20545	3464	3265	42.6169	0.714469
lcl|NC_037648.1_mrna_XM_001120855.5_20546	574	375	0	0
lcl|NC_037648.1_mrna_XM_026443869.1_20547	411	212	0	0
lcl|NC_037648.1_mrna_XM_006564362.3_20548	490	291	141	26.5223
lcl|NC_037648.1_mrna_XM_391898.7_20549	1104	905	507	30.6651
lcl|NC_037648.1_mrna_XM_001120899.5_20550	4275	4076	100	1.34292
lcl|NC_037648.1_ncrna_XR_001704977.2_20551	1190	991	161.062	8.89618
lcl|NC_037648.1_ncrna_XR_001704976.2_20552	1196	997	0	0
lcl|NC_037648.1_ncrna_XR_003305811.1_20553	3527	3328	1284.94	21.1341
lcl|NC_037648.1_mrna_XM_391899.7_20554	4464	4265	1965.75	25.2286
lcl|NC_037648.1_mrna_XM_006564365.3_20555	4410	4211	153.446	1.9946
lcl|NC_037648.1_mrna_XM_006564364.3_20556	4428	4229	512.808	6.63747
lcl|NC_037648.1_mrna_XM_393789.6_20557	1454	1255	1155	50.376
lcl|NC_037648.1_mrna_XM_394838.7_20558	2139	1940	270	7.61811
lcl|NC_037648.1_mrna_XM_016915086.2_20559	4136	3937	245.736	3.41656
lcl|NC_037648.1_mrna_XM_016915085.2_20560	4241	4042	764.264	10.3498
lcl|NC_037648.1_mrna_XM_026443991.1_20561	3710	3511	519	8.09137
lcl|NC_037648.1_mrna_XM_396284.6_20562	3842	3643	179	2.68955
lcl|NC_037648.1_mrna_XM_026443992.1_20563	3375	3176	0	0
lcl|NC_037648.1_mrna_XM_006564367.2_20564	1858	1659	1890	62.3592
lcl|NC_037648.1_mrna_XM_026443915.1_20565	5252	5053	601.399	6.51476
lcl|NC_037648.1_mrna_XM_026443916.1_20566	5237	5038	541.601	5.88446
lcl|NC_037648.1_mrna_XM_396789.6_20567	5740	5541	560	5.53204
lcl|NC_037648.1_mrna_XM_396788.6_20568	1216	1017	5.94983	0.320235
lcl|NC_037648.1_mrna_XM_006564368.3_20569	1224	1025	213.05	11.3774
lcl|NC_037648.1_mrna_XM_006564377.2_20570	4088	3889	248.672	3.50005
lcl|NC_037648.1_mrna_XM_001120093.4_20571	4140	3941	227.326	3.15738
lcl|NC_037648.1_mrna_XM_006564378.3_20572	4133	3934	0.00247323	3.44125e-05
lcl|NC_037648.1_mrna_XM_006564374.3_20573	1297	1098	35.8498	1.78719
lcl|NC_037648.1_mrna_XM_026443918.1_20574	1239	1040	0	0
lcl|NC_037648.1_mrna_XM_026443917.1_20575	1312	1113	74.1502	3.64672
lcl|NC_037648.1_mrna_XM_396585.7_20576	3616	3417	221.757	3.55236
lcl|NC_037648.1_mrna_XM_396584.5_20577	1823	1624	175	5.89844
lcl|NC_037648.1_mrna_XM_006564381.3_20578	4861	4662	436.182	5.12131
lcl|NC_037648.1_mrna_XM_006564380.3_20579	5025	4826	735.268	8.33957
lcl|NC_037648.1_ncrna_XR_409949.3_20580	1893	1694	6	0.193876
lcl|NC_037648.1_mrna_XM_016915229.2_20581	4717	4518	9.00057	0.109046
lcl|NC_037648.1_mrna_XM_026443723.1_20582	5109	4910	25.4744	0.283993
lcl|NC_037648.1_mrna_XM_016915227.2_20583	4823	4624	0	0
lcl|NC_037648.1_mrna_XM_016915228.2_20584	4930	4731	0.0748274	0.000865751
lcl|NC_037648.1_mrna_XM_006564384.2_20585	3102	2903	285.654	5.38614
lcl|NC_037648.1_mrna_XM_006564382.3_20586	2664	2465	877.953	19.4957
lcl|NC_037648.1_mrna_XM_006564383.3_20587	2136	1937	718.038	20.291
lcl|NC_037648.1_mrna_XM_016915234.2_20588	2490	2291	0.00415761	9.93354e-05
lcl|NC_037648.1_mrna_XM_016915235.2_20589	2472	2273	62.3514	1.50152
lcl|NC_037648.1_mrna_XM_006564436.3_20590	1562	1363	62	2.4899
lcl|NC_037648.1_mrna_XM_006564315.3_20591	622	423	281.62	36.4425
lcl|NC_037648.1_mrna_XM_006564316.2_20592	602	403	232.369	31.5616
lcl|NC_037648.1_mrna_XM_016914656.2_20593	601	402	5344.01	727.657
lcl|NC_037648.1_mrna_NM_001011587.1_20594	467	268	0	0
lcl|NC_037648.1_mrna_XM_006564385.3_20595	4416	4217	929	12.0586
lcl|NC_037648.1_mrna_XM_395236.7_20596	6138	5939	5385	49.6315
lcl|NC_037648.1_mrna_XM_006564390.3_20597	864	665	147	12.0999
lcl|NC_037648.1_mrna_XM_001120667.5_20598	3037	2838	526	10.1452
lcl|NC_037648.1_mrna_XM_006564388.3_20599	1440	1241	432.593	19.0807
lcl|NC_037648.1_mrna_XM_006564387.3_20600	1464	1265	112.097	4.85051
lcl|NC_037648.1_mrna_XM_016915040.2_20601	1517	1318	2057.31	85.4416
lcl|NC_037648.1_mrna_XM_006564389.3_20602	1429	1230	0	0
lcl|NC_037648.1_mrna_XM_016915041.2_20603	2805	2606	1144	24.0291
lcl|NC_037648.1_ncrna_XR_003305728.1_20604	1205	1006	0	0
lcl|NC_037648.1_ncrna_XR_003305727.1_20605	1084	885	9.83333	0.608195
lcl|NC_037648.1_ncrna_XR_003305729.1_20606	904	705	3.16667	0.245866
lcl|NC_037648.1_ncrna_XR_001704781.2_20607	2007	1808	3.03882	0.0920008
lcl|NC_037648.1_ncrna_XR_003305650.1_20608	3533	3334	8.73919	0.14348
lcl|NC_037648.1_ncrna_XR_003305651.1_20609	2601	2402	4.04377	0.0921507
lcl|NC_037648.1_ncrna_XR_001704786.2_20610	1877	1678	2.17822	0.0710552
lcl|NC_037648.1_ncrna_XR_003305652.1_20611	2515	2316	6	0.141807
lcl|NC_037648.1_trna_20612	73	3.5471	0	0
lcl|NC_037648.1_ncrna_XR_003305645.1_20613	2535	2336	13.5529	0.317573
lcl|NC_037648.1_ncrna_XR_003305644.1_20614	2808	2609	8.44714	0.177223
lcl|NC_037648.1_ncrna_XR_120184.4_20615	1820	1621	76	2.56635
lcl|NC_037648.1_mrna_XM_006564320.3_20616	9093	8894	1001.71	6.16498
lcl|NC_037648.1_mrna_XM_006564318.3_20617	7335	7136	1037.21	7.95604
lcl|NC_037648.1_mrna_XM_006564319.3_20618	8125	7926	70.2304	0.485016
lcl|NC_037648.1_mrna_XM_006564321.3_20619	7607	7408	36874.6	272.466
lcl|NC_037648.1_mrna_NM_001080110.1_20620	2703	2504	2.04702e-08	4.47479e-10
lcl|NC_037648.1_ncrna_XR_001704785.2_20621	304	105	0	0
lcl|NC_037648.1_mrna_XM_006564392.3_20622	4523	4324	928.479	11.7536
lcl|NC_037648.1_mrna_XM_006564395.3_20623	4606	4407	102.101	1.26815
lcl|NC_037648.1_mrna_XM_006564394.3_20624	4636	4437	139.106	1.7161
lcl|NC_037648.1_mrna_XM_006564391.3_20625	4485	4286	14.4949	0.185118
lcl|NC_037648.1_mrna_XM_006564393.3_20626	4710	4511	289.819	3.51674
lcl|NC_037648.1_mrna_XM_006564396.3_20627	1418	1219	52.8976	2.3753
lcl|NC_037648.1_mrna_XM_623721.6_20628	1493	1294	272.102	11.5102
lcl|NC_037648.1_mrna_XM_006564403.3_20629	2440	2241	0	0
lcl|NC_037648.1_mrna_XM_016914958.2_20630	2508	2309	33.6428	0.797541
lcl|NC_037648.1_mrna_XM_016914956.2_20631	2434	2235	29.1758	0.714546
lcl|NC_037648.1_mrna_XM_016914961.2_20632	2140	1941	0	0
lcl|NC_037648.1_mrna_XM_016914957.2_20633	2258	2059	0	0
lcl|NC_037648.1_mrna_XM_016914959.2_20634	2327	2128	34.5552	0.888846
lcl|NC_037648.1_mrna_XM_016914960.2_20635	1963	1764	38.8179	1.20453
lcl|NC_037648.1_mrna_XM_016914962.2_20636	1796	1597	421.808	14.4576
lcl|NC_037648.1_mrna_XM_026443850.1_20637	1752	1553	336.133	11.8475
lcl|NC_037648.1_mrna_XM_392696.7_20638	1774	1575	12360.9	429.589
lcl|NC_037648.1_mrna_XM_026443849.1_20639	4579	4380	1565.38	19.5628
lcl|NC_037648.1_mrna_XM_003250417.4_20640	4331	4132	5824.62	77.1601
lcl|NC_037648.1_mrna_XM_016914951.2_20641	1760	1561	5441	190.792
lcl|NC_037648.1_mrna_XM_016914955.2_20642	2683	2484	16.3495	0.360279
lcl|NC_037648.1_mrna_XM_016914953.2_20643	2318	2119	43.6505	1.12757
lcl|NC_037648.1_mrna_XM_026443852.1_20644	2192	1993	9.93407e-06	2.72838e-07
lcl|NC_037648.1_mrna_XM_016914954.2_20645	2097	1898	0	0
lcl|NC_037648.1_mrna_XM_006564397.3_20646	2188	1989	3564.99	98.1089
lcl|NC_037648.1_mrna_XM_392727.7_20647	2034	1835	11893	354.765
lcl|NC_037648.1_miscrna_XR_003305570.1_20648	6575	6376	1415.8	12.1546
lcl|NC_037648.1_mrna_XM_003250404.3_20649	653	454	400	48.2269
lcl|NC_037648.1_precursorrna_NR_127342.1_20650	78	3.65937	0	0
lcl|NC_037648.1_ncrna_20651	22	2.73612	0	0
lcl|NC_037648.1_mrna_XM_006564325.3_20652	2215	2016	292.821	7.95055
lcl|NC_037648.1_mrna_XM_006564323.3_20653	1574	1375	241.36	9.60833
lcl|NC_037648.1_mrna_XM_006564326.3_20654	2212	2013	375.663	10.215
lcl|NC_037648.1_mrna_XM_006564324.3_20655	1571	1372	348.755	13.914
lcl|NC_037648.1_mrna_XM_006564329.3_20656	2119	1920	0	0
lcl|NC_037648.1_mrna_XM_026443557.1_20657	1478	1279	0	0
lcl|NC_037648.1_mrna_XM_026443558.1_20658	1475	1276	0	0
lcl|NC_037648.1_mrna_NM_001265585.1_20659	1302	1103	261.401	12.9723
lcl|NC_037648.1_mrna_XM_001121155.5_20660	2587	2388	1198	27.4605
lcl|NC_037648.1_mrna_XM_001120472.5_20661	1302	1103	128.818	6.39271
lcl|NC_037648.1_mrna_XM_026444062.1_20662	1165	966	139.182	7.88665
lcl|NC_037648.1_mrna_XM_006564412.3_20663	2648	2449	151	3.375
lcl|NC_037648.1_mrna_XM_026444063.1_20664	1408	1209	18	0.814951
lcl|NC_037648.1_mrna_XM_016915045.2_20665	4702	4503	19.7441	0.240005
lcl|NC_037648.1_mrna_XM_016915044.2_20666	4731	4532	0	0
lcl|NC_037648.1_mrna_XM_016915043.2_20667	4761	4562	0	0
lcl|NC_037648.1_mrna_XM_006564414.3_20668	4739	4540	1644.26	19.8243
lcl|NC_037648.1_miscrna_XR_409964.3_20669	6991	6792	109.803	0.884917
lcl|NC_037648.1_mrna_XM_006564418.3_20670	7388	7189	2711.2	20.6432
lcl|NC_037648.1_mrna_XM_026444064.1_20671	619	420	162	21.1131
lcl|NC_037648.1_mrna_XM_026443684.1_20672	826	627	1645.48	143.651
lcl|NC_037648.1_mrna_XM_026443685.1_20673	402	203	421.103	113.547
lcl|NC_037648.1_mrna_XM_026443686.1_20674	5654	5455	196	1.96674
lcl|NC_037648.1_mrna_XM_026444068.1_20675	4122	3923	2.70553e-07	3.77502e-09
lcl|NC_037648.1_mrna_XM_026444067.1_20676	4158	3959	498.374	6.89057
lcl|NC_037648.1_mrna_XM_026444066.1_20677	3739	3540	295.987	4.57673
lcl|NC_037648.1_mrna_XM_026444065.1_20678	3890	3691	0	0
lcl|NC_037648.1_mrna_XM_026444069.1_20679	4046	3847	389.639	5.54402
lcl|NC_037648.1_mrna_XM_393037.7_20680	1140	941	956.171	55.62
lcl|NC_037648.1_mrna_XM_006564420.3_20681	1014	815	0	0
lcl|NC_037648.1_mrna_XM_624986.6_20682	1852	1653	2093	69.3077
lcl|NC_037648.1_mrna_XM_026444070.1_20683	1066	867	529	33.3981
lcl|NC_037648.1_mrna_XM_016915096.2_20684	1199	1000	0	0
lcl|NC_037648.1_mrna_XM_016915095.2_20685	1224	1025	3606.68	192.606
lcl|NC_037648.1_ncrna_XR_003305799.1_20686	645	446	6.3167	0.775249
lcl|NC_037648.1_mrna_XM_026444072.1_20687	3370	3171	3104.22	53.5847
lcl|NC_037648.1_mrna_XM_026444071.1_20688	3275	3076	1066.78	18.9835
lcl|NC_037648.1_mrna_XM_026443679.1_20689	2065	1866	3088.62	90.6021
lcl|NC_037648.1_mrna_XM_026443682.1_20690	2023	1824	3530.78	105.957
lcl|NC_037648.1_mrna_XM_026443680.1_20691	2152	1953	1098.77	30.7957
lcl|NC_037648.1_mrna_XM_026443681.1_20692	2137	1938	4082.13	115.297
lcl|NC_037648.1_miscrna_XR_003305612.1_20693	2712	2513	1465.49	31.9209
lcl|NC_037648.1_miscrna_XR_003305611.1_20694	2566	2367	1288.21	29.7902
lcl|NC_037648.1_mrna_XM_006564429.3_20695	1124	925	33.0357	1.95491
lcl|NC_037648.1_mrna_XM_006564432.3_20696	1068	869	46.9515	2.95743
lcl|NC_037648.1_mrna_XM_006564431.1_20697	990	791	212.013	14.6714
lcl|NC_037648.1_mrna_XM_003250406.4_20698	1311	1112	74.1333	3.64917
lcl|NC_037648.1_mrna_XM_006564426.3_20699	1281	1082	563.867	28.5256
lcl|NC_037648.1_mrna_XM_006564425.3_20700	1304	1105	0	0
lcl|NC_037648.1_mrna_XM_006564423.3_20701	1345	1146	9.47107	0.452376
lcl|NC_037648.1_mrna_XM_006564424.3_20702	1103	904	153.529	9.29623
lcl|NC_037648.1_mrna_XM_006566260.3_20703	9020	8821	161	0.999064
lcl|NC_037648.1_mrna_XM_026443870.1_20704	8295	8096	0	0
lcl|NC_037648.1_mrna_XM_006566261.3_20705	4255	4056	49.9855	0.674577
lcl|NC_037648.1_miscrna_XR_003305590.1_20706	4173	3974	3.1813e-07	4.38189e-09
lcl|NC_037648.1_mrna_XM_026443656.1_20707	4237	4038	703.446	9.53563
lcl|NC_037648.1_mrna_XM_016915329.2_20708	2934	2735	7.34077	0.146916
lcl|NC_037648.1_mrna_XM_026443905.1_20709	4364	4165	7.65923	0.10066
lcl|NC_037648.1_mrna_XM_006566263.3_20710	2990	2791	1486	29.1437
lcl|NC_037648.1_mrna_NM_001278679.1_20711	2847	2648	729	15.0694
lcl|NC_037648.1_mrna_XM_006566265.3_20712	5467	5268	1090	11.3257
lcl|NC_037648.1_mrna_XM_026444035.1_20713	1039	840	54.4407	3.54756
lcl|NC_037648.1_mrna_XM_026444034.1_20714	1083	884	34.2335	2.11975
lcl|NC_037648.1_mrna_XM_026444032.1_20715	1089	890	124.505	7.65743
lcl|NC_037648.1_mrna_XM_026444036.1_20716	969	770	75.5591	5.37133
lcl|NC_037648.1_mrna_XM_026444033.1_20717	1008	809	0	0
lcl|NC_037648.1_mrna_NM_001278706.1_20718	1900	1701	44.2613	1.42431
lcl|NC_037648.1_mrna_XM_006566266.2_20719	2875	2676	1118.96	22.8883
lcl|NC_037648.1_mrna_XM_026444030.1_20720	2899	2700	847.71	17.1858
lcl|NC_037648.1_mrna_XM_016915098.2_20721	2748	2549	51.3309	1.10229
lcl|NC_037648.1_mrna_NM_001178048.1_20722	1331	1132	1130	54.6408
lcl|NC_037648.1_mrna_XM_006566269.3_20723	5567	5368	0	0
lcl|NC_037648.1_mrna_XM_006566276.3_20724	6509	6310	1.29459	0.0112302
lcl|NC_037648.1_mrna_XM_006566272.3_20725	6584	6385	0.113255	0.000970917
lcl|NC_037648.1_mrna_XM_006566270.3_20726	6590	6391	4.6113	0.0394948
lcl|NC_037648.1_mrna_XM_006566277.3_20727	6455	6256	3.02642	0.02648
lcl|NC_037648.1_mrna_XM_006566278.3_20728	6452	6253	105.704	0.925316
lcl|NC_037648.1_mrna_XM_006566273.3_20729	6572	6373	0.00118454	1.0174e-05
lcl|NC_037648.1_mrna_XM_006566274.3_20730	6554	6355	34.8161	0.299882
lcl|NC_037648.1_mrna_XM_006566271.3_20731	6590	6391	0.00203022	1.73884e-05
lcl|NC_037648.1_mrna_XM_006566283.3_20732	6443	6244	0.0317176	0.00027805
lcl|NC_037648.1_mrna_XM_006566275.3_20733	6551	6352	0.497113	0.00428381
lcl|NC_037648.1_mrna_XM_006566281.3_20734	6329	6130	111.285	0.993712
lcl|NC_037648.1_mrna_XM_006566268.3_20735	5832	5633	0	0
lcl|NC_037648.1_mrna_XM_026444007.1_20736	6107	5908	1.15876	0.0107359
lcl|NC_037648.1_mrna_XM_016915097.2_20737	5927	5728	133.925	1.27981
lcl|NC_037648.1_mrna_XM_026444008.1_20738	5810	5611	319.533	3.11717
lcl|NC_037648.1_mrna_XM_006566285.3_20739	3508	3309	834	13.796
lcl|NC_037648.1_mrna_XM_625203.5_20740	873	674	240	19.4911
lcl|NC_037648.1_mrna_XM_006566288.3_20741	1611	1412	224.351	8.6972
lcl|NC_037648.1_mrna_XM_006566293.3_20742	1566	1367	29.9789	1.20042
lcl|NC_037648.1_mrna_XM_395635.6_20743	1584	1385	252.466	9.97788
lcl|NC_037648.1_mrna_XM_006566286.3_20744	1618	1419	0	0
lcl|NC_037648.1_mrna_XM_016915303.2_20745	1642	1443	0	0
lcl|NC_037648.1_mrna_XM_006566287.3_20746	1838	1639	56.2038	1.87703
lcl|NC_037648.1_mrna_XM_006566290.3_20747	1606	1407	5.81655e-07	2.26286e-08
lcl|NC_037648.1_mrna_XM_006566289.3_20748	1647	1448	0	0
lcl|NC_037648.1_mrna_XM_026443868.1_20749	2110	1911	213	6.10104
lcl|NC_037648.1_mrna_NM_001242986.1_20750	1226	1027	0	0
lcl|NC_037648.1_mrna_XM_026443527.1_20751	900	701	7	0.546595
lcl|NC_037648.1_mrna_XM_016915299.2_20752	1577	1378	6	0.238335
lcl|NC_037648.1_ncrna_XR_001705047.2_20753	513	314	1	0.174323
lcl|NC_037648.1_mrna_XM_016915294.2_20754	1973	1774	1	0.0308554
lcl|NC_037648.1_mrna_XM_016915291.2_20755	2057	1858	0	0
lcl|NC_037648.1_mrna_XM_016915293.2_20756	2017	1818	0	0
lcl|NC_037648.1_mrna_XM_026443829.1_20757	1479	1280	2	0.0855274
lcl|NC_037648.1_mrna_XM_026443828.1_20758	1556	1357	0	0
lcl|NC_037648.1_mrna_NM_001242985.1_20759	1293	1094	0	0
lcl|NC_037648.1_mrna_XM_006566296.3_20760	1558	1359	603.843	24.3215
lcl|NC_037648.1_mrna_XM_006566297.3_20761	1554	1355	61.1573	2.47055
lcl|NC_037648.1_mrna_XM_006566299.3_20762	1351	1152	0	0
lcl|NC_037648.1_mrna_XM_397109.6_20763	3592	3393	86.5801	1.39675
lcl|NC_037648.1_mrna_XM_006566295.3_20764	3488	3289	242.42	4.0345
lcl|NC_037648.1_mrna_XM_016915168.2_20765	3259	3060	167.872	3.00291
lcl|NC_037648.1_mrna_XM_026443609.1_20766	3488	3289	135.667	2.25785
lcl|NC_037648.1_mrna_XM_397107.7_20767	3531	3332	277.784	4.56338
lcl|NC_037648.1_mrna_XM_006566304.3_20768	3358	3159	86.6774	1.5019
lcl|NC_037648.1_mrna_XM_001121910.4_20769	3874	3675	281.614	4.19451
lcl|NC_037648.1_mrna_XM_006566309.3_20770	5851	5652	23.3876	0.2265
lcl|NC_037648.1_mrna_XM_001121937.5_20771	5902	5703	7.34923	0.0705381
lcl|NC_037648.1_mrna_XM_016914838.2_20772	5126	4927	6.26319	0.0695822
lcl|NC_037648.1_mrna_XM_016914839.2_20773	4505	4306	6.04802	0.076882
lcl|NC_037648.1_mrna_XM_026443687.1_20774	1132	933	8	0.469347
lcl|NC_037648.1_mrna_XM_026443903.1_20775	9779	9580	10796.4	61.6878
lcl|NC_037648.1_mrna_XM_003250856.4_20776	9429	9230	4480.14	26.569
lcl|NC_037648.1_mrna_XM_006566306.3_20777	4803	4604	23	0.27345
lcl|NC_037648.1_mrna_XM_393796.7_20778	3915	3716	1137	16.7483
lcl|NC_037648.1_mrna_XM_026443688.1_20779	3210	3011	980	17.8156
lcl|NC_037648.1_mrna_XM_006566310.3_20780	10967	10768	47.4375	0.241141
lcl|NC_037648.1_mrna_XM_393798.7_20781	3292	3093	0	0
lcl|NC_037648.1_mrna_XM_016914843.2_20782	2663	2464	0	0
lcl|NC_037648.1_mrna_XM_006566312.3_20783	3287	3088	44.6641	0.791711
lcl|NC_037648.1_ncrna_XR_003305574.1_20784	598	399	1	0.137187
lcl|NC_037648.1_mrna_XM_026443689.1_20785	6144	5945	0	0
lcl|NC_037648.1_ncrna_XR_003305634.1_20786	645	446	5.54929e-06	6.81063e-07
lcl|NC_037648.1_ncrna_XR_003305633.1_20787	640	441	8.38164	1.04034
lcl|NC_037648.1_mrna_XM_016914845.2_20788	4638	4439	12.2989	0.151658
lcl|NC_037648.1_mrna_XM_016914846.2_20789	4961	4762	3.35599	0.038576
lcl|NC_037648.1_mrna_XM_026443740.1_20790	526	327	8	1.33914
lcl|NC_037648.1_mrna_XM_026443738.1_20791	2645	2446	0.0251766	0.000563411
lcl|NC_037648.1_mrna_XM_026443739.1_20792	2632	2433	20.9748	0.471891
lcl|NC_037648.1_ncrna_XR_410552.3_20793	10400	10201	267.218	1.43386
lcl|NC_037648.1_ncrna_XR_003305631.1_20794	6177	5978	0.180691	0.00165449
lcl|NC_037648.1_ncrna_XR_003305630.1_20795	6186	5987	5.27061	0.0481878
lcl|NC_037648.1_ncrna_XR_410551.3_20796	6221	6022	72.3308	0.657458
lcl|NC_037648.1_ncrna_XR_410555.3_20797	6286	6087	0	0
lcl|NC_037648.1_mrna_XM_006566321.3_20798	1533	1334	1466	60.1539
lcl|NC_037648.1_mrna_XM_625166.6_20799	808	609	496	44.581
lcl|NC_037648.1_mrna_XM_393800.6_20800	6896	6697	383.904	3.13782
lcl|NC_037648.1_mrna_XM_006566319.2_20801	6268	6069	250.028	2.25505
lcl|NC_037648.1_mrna_XM_006566320.3_20802	6065	5866	791.332	7.38418
lcl|NC_037648.1_mrna_XM_001120691.5_20803	3162	2963	5282.74	97.5916
lcl|NC_037648.1_mrna_XM_006566325.3_20804	11307	11108	0	0
lcl|NC_037648.1_mrna_XM_006566324.3_20805	11316	11117	0	0
lcl|NC_037648.1_mrna_XM_006566323.3_20806	11319	11120	0	0
lcl|NC_037648.1_mrna_XM_026443622.1_20807	10905	10706	15.9339	0.0814666
lcl|NC_037648.1_mrna_XM_016914870.2_20808	11130	10931	0	0
lcl|NC_037648.1_mrna_XM_016914867.2_20809	11334	11135	177.532	0.872713
lcl|NC_037648.1_mrna_XM_016914869.2_20810	11142	10943	53.8375	0.269298
lcl|NC_037648.1_mrna_XM_006566322.3_20811	11367	11168	0	0
lcl|NC_037648.1_precursorrna_NR_039447.1_20812	87	3.88332	0	0
lcl|NC_037648.1_ncrna_20813	25	2.7718	0	0
lcl|NC_037648.1_mrna_XM_026443623.1_20814	4656	4457	1.48701e-07	1.82623e-09
lcl|NC_037648.1_mrna_XM_026443626.1_20815	4442	4243	411.523	5.30892
lcl|NC_037648.1_mrna_XM_003250871.4_20816	4659	4460	76.7505	0.941958
lcl|NC_037648.1_mrna_XM_026443625.1_20817	4339	4140	364.89	4.82444
lcl|NC_037648.1_mrna_XM_026443624.1_20818	4343	4144	1821.84	24.0644
lcl|NC_037648.1_mrna_XM_006566335.3_20819	6371	6172	28.6785	0.254341
lcl|NC_037648.1_mrna_XM_016914863.2_20820	6273	6074	0	0
lcl|NC_037648.1_mrna_XM_016914866.2_20821	6266	6067	229.207	2.06794
lcl|NC_037648.1_mrna_XM_006566333.3_20822	7085	6886	22.2317	0.176722
lcl|NC_037648.1_mrna_XM_006566332.3_20823	6165	5966	0.000234889	2.15509e-06
lcl|NC_037648.1_mrna_XM_006566334.3_20824	6244	6045	379.83	3.43936
lcl|NC_037648.1_mrna_XM_391903.7_20825	6309	6110	1426.42	12.7789
lcl|NC_037648.1_mrna_XM_016914865.2_20826	6450	6251	0	0
lcl|NC_037648.1_mrna_XM_016914864.2_20827	6455	6256	0	0
lcl|NC_037648.1_ncrna_XR_003305573.1_20828	1379	1180	3.4982	0.162273
lcl|NC_037648.1_ncrna_XR_003305572.1_20829	1035	836	13.7747	0.901905
lcl|NC_037648.1_mrna_XM_001122321.5_20830	2649	2450	7	0.156393
lcl|NC_037648.1_precursorrna_NR_031510.1_20831	77	3.63627	0	0
lcl|NC_037648.1_ncrna_20832	23	2.74792	0	0
lcl|NC_037648.1_mrna_XM_026443846.1_20833	11661	11462	0	0
lcl|NC_037648.1_mrna_XM_026443845.1_20834	10539	10340	8.05454	0.0426388
lcl|NC_037648.1_mrna_XM_026443844.1_20835	10611	10412	0.00126722	6.66196e-06
lcl|NC_037648.1_mrna_XM_026443847.1_20836	381	182	0	0
lcl|NC_037648.1_mrna_XM_026443690.1_20837	1045	846	0	0
lcl|NC_037648.1_mrna_XM_006566338.3_20838	1055	856	1061	67.8464
lcl|NC_037648.1_mrna_XM_006566340.3_20839	3043	2844	0.00319933	6.15764e-05
lcl|NC_037648.1_mrna_XM_006566339.3_20840	3026	2827	349.597	6.76904
lcl|NC_037648.1_mrna_XM_393805.7_20841	3093	2894	0	0
lcl|NC_037648.1_mrna_XM_016915246.2_20842	3105	2906	0	0
lcl|NC_037648.1_mrna_XM_391905.7_20843	1013	814	4262.4	286.626
lcl|NC_037648.1_mrna_XM_006566341.3_20844	1865	1666	211	6.93255
lcl|NC_037648.1_mrna_NM_001135909.1_20845	320	121	2346	1061.27
lcl|NC_037648.1_mrna_XM_026443820.1_20846	720	521	132	13.8682
lcl|NC_037648.1_mrna_XM_016915289.2_20847	2285	2086	136.902	3.59238
lcl|NC_037648.1_mrna_XM_016915288.2_20848	2277	2078	2401.1	63.2484
lcl|NC_037648.1_mrna_XM_006566345.3_20849	1751	1552	309.233	10.9064
lcl|NC_037648.1_mrna_XM_625129.6_20850	1674	1475	0	0
lcl|NC_037648.1_mrna_XM_006566346.3_20851	1485	1286	58.7669	2.50137
lcl|NC_037648.1_mrna_XM_006566344.3_20852	1729	1530	1035.69	37.0531
lcl|NC_037648.1_mrna_XM_016915265.2_20853	1664	1465	404.308	15.1064
lcl|NC_037648.1_mrna_XM_396203.7_20854	5526	5327	2860	29.3879
lcl|NC_037648.1_mrna_XM_026443928.1_20855	1678	1479	490.158	18.1407
lcl|NC_037648.1_mrna_XM_026443927.1_20856	1699	1500	149.886	5.4696
lcl|NC_037648.1_mrna_XM_392911.7_20857	1750	1551	715.201	25.2407
lcl|NC_037648.1_mrna_XM_026443926.1_20858	1776	1577	22.2001	0.770563
lcl|NC_037648.1_mrna_XM_006566347.3_20859	2021	1822	246.375	7.40173
lcl|NC_037648.1_mrna_XM_026443929.1_20860	1535	1336	300.181	12.2988
lcl|NC_037648.1_mrna_NM_001278707.1_20861	2937	2738	1722	34.4259
lcl|NC_037648.1_mrna_XM_625098.6_20862	2607	2408	3681	83.6748
lcl|NC_037648.1_mrna_NM_001278705.1_20863	1379	1180	509	23.6114
lcl|NC_037648.1_mrna_XM_393806.7_20864	2518	2319	3167	74.7537
lcl|NC_037648.1_mrna_XM_006566351.3_20865	1565	1366	3622	145.139
lcl|NC_037648.1_mrna_XM_016914823.2_20866	4234	4035	2.4702e-08	3.351e-10
lcl|NC_037648.1_mrna_XM_003250858.4_20867	4156	3957	139.064	1.92368
lcl|NC_037648.1_mrna_XM_006566358.3_20868	3922	3723	0	0
lcl|NC_037648.1_mrna_XM_016914830.2_20869	3843	3644	356.938	5.36166
lcl|NC_037648.1_mrna_XM_026443831.1_20870	9833	9634	86.7651	0.492973
lcl|NC_037648.1_mrna_XM_026443830.1_20871	9104	8905	164.713	1.01246
lcl|NC_037648.1_mrna_XM_026443834.1_20872	8757	8558	25.8844	0.165559
lcl|NC_037648.1_mrna_XM_026443835.1_20873	7659	7460	38.181	0.280152
lcl|NC_037648.1_mrna_XM_026443832.1_20874	7193	6994	501.755	3.92691
lcl|NC_037648.1_mrna_XM_026443833.1_20875	6027	5828	0	0
lcl|NC_037648.1_mrna_XM_026443839.1_20876	7529	7330	56.668	0.423174
lcl|NC_037648.1_mrna_XM_026443837.1_20877	5412	5213	115.03	1.20783
lcl|NC_037648.1_mrna_XM_026443836.1_20878	5477	5278	0.0136026	0.000141071
lcl|NC_037648.1_mrna_XM_016914834.2_20879	3884	3685	0.000205011	3.04526e-06
lcl|NC_037648.1_mrna_XM_006566361.3_20880	4943	4744	504.869	5.82532
lcl|NC_037648.1_mrna_XM_006566362.3_20881	4354	4155	72.1196	0.950096
lcl|NC_037648.1_mrna_XM_006566357.3_20882	1114	915	502	30.0309
lcl|NC_037648.1_mrna_XM_393809.7_20883	2629	2430	1122	25.2739
lcl|NC_037648.1_mrna_XM_006566355.3_20884	3474	3275	515.801	8.62097
lcl|NC_037648.1_mrna_XM_016914836.2_20885	2685	2486	1.38191e-08	3.04274e-10
lcl|NC_037648.1_mrna_XM_006566352.3_20886	2739	2540	31.9104	0.687676
lcl|NC_037648.1_mrna_XM_393811.7_20887	2742	2543	1570.96	33.8147
lcl|NC_037648.1_mrna_XM_016914835.2_20888	2761	2562	62.4916	1.33514
lcl|NC_037648.1_mrna_XM_006566353.3_20889	2151	1952	58.1068	1.62942
lcl|NC_037648.1_mrna_XM_016914837.2_20890	2170	1971	0.727089	0.0201923
lcl|NC_037648.1_mrna_XM_006566354.3_20891	2058	1859	4.91704e-08	1.4478e-09
lcl|NC_037648.1_mrna_NM_001277299.1_20892	5618	5419	609	6.15153
lcl|NC_037648.1_mrna_XM_625026.5_20893	3341	3142	689.137	12.0056
lcl|NC_037648.1_mrna_XM_006566363.3_20894	3575	3376	0	0
lcl|NC_037648.1_mrna_XM_006566364.3_20895	3412	3213	593.863	10.1172
lcl|NC_037648.1_mrna_XM_026443842.1_20896	4101	3902	3238.47	45.4295
lcl|NC_037648.1_mrna_XM_026443841.1_20897	4702	4503	0.342871	0.00416787
lcl|NC_037648.1_mrna_XM_016914963.2_20898	4630	4431	460.665	5.69074
lcl|NC_037648.1_mrna_XM_016914964.2_20899	4621	4422	1145.67	14.1817
lcl|NC_037648.1_mrna_XM_006566758.3_20900	4622	4423	1961.85	24.2791
lcl|NC_037648.1_mrna_XM_006566365.3_20901	1353	1154	710.706	33.7108
lcl|NC_037648.1_mrna_XM_391907.5_20902	1387	1188	419.294	19.3191
lcl|NC_037648.1_mrna_XM_393813.7_20903	3459	3260	1343.44	22.5572
lcl|NC_037648.1_mrna_XM_016914965.2_20904	3501	3302	209.759	3.47719
lcl|NC_037648.1_mrna_XM_006566366.3_20905	3360	3161	697.802	12.0835
lcl|NC_037648.1_ncrna_XR_001704819.2_20906	461	262	30	6.26766
lcl|NC_037648.1_ncrna_XR_003305667.1_20907	1456	1257	39	1.6983
lcl|NC_037648.1_ncrna_XR_003305668.1_20908	1443	1244	4.21448e-08	1.85442e-09
lcl|NC_037648.1_mrna_XM_001122612.5_20909	5431	5232	96	1.00436
lcl|NC_037648.1_mrna_XM_001122620.5_20910	3268	3069	13.7628	0.245469
lcl|NC_037648.1_miscrna_XR_410569.3_20911	1851	1652	22.8206	0.75614
lcl|NC_037648.1_mrna_XM_006566372.3_20912	1197	998	3.68398	0.202056
lcl|NC_037648.1_mrna_XM_006566370.3_20913	3222	3023	17.753	0.321454
lcl|NC_037648.1_mrna_XM_016914715.2_20914	3584	3385	461.924	7.4696
lcl|NC_037648.1_mrna_XM_026443635.1_20915	3298	3099	6.02633	0.106443
lcl|NC_037648.1_mrna_XM_026443634.1_20916	3475	3276	340.182	5.68399
lcl|NC_037648.1_mrna_XM_026443633.1_20917	3687	3488	69.5625	1.09165
lcl|NC_037648.1_mrna_XM_026443636.1_20918	2640	2441	1038.95	23.2976
lcl|NC_037648.1_mrna_XM_026443632.1_20919	2068	1869	0	0
lcl|NC_037648.1_mrna_XM_016914716.2_20920	2110	1911	960.565	27.5139
lcl|NC_037648.1_mrna_XM_026443637.1_20921	2085	1886	5.7127e-07	1.658e-08
lcl|NC_037648.1_mrna_XM_006566373.3_20922	8825	8626	162.257	1.02962
lcl|NC_037648.1_mrna_XM_026443631.1_20923	8719	8520	1118.42	7.18539
lcl|NC_037648.1_mrna_XM_016914717.2_20924	5983	5784	3317.48	31.3954
lcl|NC_037648.1_mrna_XM_391908.7_20925	7548	7349	0.000163648	1.2189e-06
lcl|NC_037648.1_mrna_XM_006566375.3_20926	7014	6815	2376.71	19.0895
lcl|NC_037648.1_mrna_XM_026443629.1_20927	5753	5554	1.15343e-06	1.13677e-08
lcl|NC_037648.1_mrna_XM_026443630.1_20928	5219	5020	3660.91	39.9182
lcl|NC_037648.1_mrna_XM_006566374.3_20929	5582	5383	1663.38	16.9143
lcl|NC_037648.1_mrna_XM_006566376.3_20930	2986	2787	11.2892	0.221723
lcl|NC_037648.1_mrna_XM_006566377.3_20931	3560	3361	11.7108	0.190723
lcl|NC_037648.1_mrna_XM_393815.7_20932	3551	3352	0	0
lcl|NC_037648.1_mrna_XM_026443703.1_20933	1322	1123	6	0.292453
lcl|NC_037648.1_mrna_XM_026443639.1_20934	758	559	0	0
lcl|NC_037648.1_mrna_XM_006566378.3_20935	6980	6781	124.582	1.00565
lcl|NC_037648.1_mrna_XM_393817.7_20936	6989	6790	76.2985	0.61508
lcl|NC_037648.1_mrna_XM_016914720.2_20937	6212	6013	27.2645	0.248194
lcl|NC_037648.1_mrna_XM_026443638.1_20938	6320	6121	0.00429584	3.84159e-05
lcl|NC_037648.1_mrna_XM_016914719.2_20939	6568	6369	0	0
lcl|NC_037648.1_mrna_XM_006566381.3_20940	5961	5762	17.5199	0.166435
lcl|NC_037648.1_mrna_XM_006566380.3_20941	6122	5923	2325.33	21.4896
lcl|NC_037648.1_mrna_XM_026443541.1_20942	4094	3895	2942.33	41.3494
lcl|NC_037648.1_mrna_NM_001126243.2_20943	2949	2750	25628.7	510.127
lcl|NC_037648.1_mrna_XM_006566383.3_20944	3785	3586	96.2397	1.46903
lcl|NC_037648.1_mrna_XM_006566382.3_20945	3849	3650	15.0384	0.225525
lcl|NC_037648.1_mrna_XM_391909.5_20946	3703	3504	173.664	2.71288
lcl|NC_037648.1_ncrna_XR_001704706.2_20947	3011	2812	28	0.54504
lcl|NC_037648.1_ncrna_XR_001704707.2_20948	2706	2507	0	0
lcl|NC_037648.1_mrna_XM_006566384.3_20949	3071	2872	474.404	9.04169
lcl|NC_037648.1_mrna_XM_026443640.1_20950	2985	2786	51.7242	1.01624
lcl|NC_037648.1_mrna_XM_026443641.1_20951	2902	2703	61.9297	1.25412
lcl|NC_037648.1_ncrna_XR_001704709.2_20952	150	7.01018	0	0
lcl|NC_037648.1_mrna_XM_393819.7_20953	1601	1402	1598.4	62.4056
lcl|NC_037648.1_mrna_XM_006566386.3_20954	684	485	2423.6	273.529
lcl|NC_037648.1_mrna_XM_393820.7_20955	1685	1486	1318	48.5492
lcl|NC_037648.1_mrna_XM_624834.5_20956	1323	1124	985	47.9684
lcl|NC_037648.1_mrna_XM_624820.6_20957	1259	1060	5906	304.981
lcl|NC_037648.1_mrna_XM_001122721.5_20958	2580	2381	2586.94	59.472
lcl|NC_037648.1_mrna_XM_016914725.2_20959	2519	2320	292.399	6.89879
lcl|NC_037648.1_mrna_XM_026443784.1_20960	2274	2075	7.70231	0.203183
lcl|NC_037648.1_mrna_XM_016914724.2_20961	2234	2035	10.3105	0.277333
lcl|NC_037648.1_mrna_XM_006566389.3_20962	2393	2194	2801.21	69.8866
lcl|NC_037648.1_mrna_XM_006566391.3_20963	2566	2367	685.556	15.8537
lcl|NC_037648.1_mrna_XM_026443783.1_20964	1565	1366	56.1435	2.24975
lcl|NC_037648.1_mrna_XM_026443781.1_20965	1475	1276	0	0
lcl|NC_037648.1_mrna_XM_026443782.1_20966	1586	1387	231.596	9.13988
lcl|NC_037648.1_mrna_XM_391912.6_20967	4585	4386	282.26	3.52262
lcl|NC_037648.1_mrna_XM_006566247.3_20968	6459	6260	143.524	1.25498
lcl|NC_037648.1_mrna_NM_001077808.1_20969	5324	5125	0	0
lcl|NC_037648.1_mrna_XM_016914661.2_20970	6646	6447	34.4759	0.292714
lcl|NC_037648.1_mrna_XM_006566393.3_20971	1392	1193	0	0
lcl|NC_037648.1_mrna_XM_391914.7_20972	1337	1138	12	0.577197
lcl|NC_037648.1_mrna_XM_006566394.2_20973	2608	2409	79.1623	1.79873
lcl|NC_037648.1_mrna_XM_391915.6_20974	1954	1755	31.1786	0.972443
lcl|NC_037648.1_trna_20975	73	3.5471	0	0
lcl|NC_037648.1_trna_20976	73	3.5471	0	0
lcl|NC_037648.1_mrna_XM_623720.5_20977	2672	2473	119.809	2.65187
lcl|NC_037648.1_mrna_XM_006566395.2_20978	2654	2455	28.8647	0.643578
lcl|NC_037648.1_ncrna_XR_003305607.1_20979	1450	1251	4.4113	0.193017
lcl|NC_037648.1_ncrna_XR_003305606.1_20980	1034	835	27.6161	1.81035
lcl|NC_037648.1_mrna_XM_393821.7_20981	2291	2092	835	21.8479
lcl|NC_037648.1_mrna_XM_391916.7_20982	1618	1419	5352	206.452
lcl|NC_037648.1_mrna_XM_006566399.3_20983	4758	4559	1245.8	14.9577
lcl|NC_037648.1_mrna_XM_624653.5_20984	5141	4942	2061.64	22.8347
lcl|NC_037648.1_mrna_XM_006566401.3_20985	4468	4269	574.555	7.367
lcl|NC_037648.1_mrna_XM_001119910.5_20986	1974	1775	75	2.31285
lcl|NC_037648.1_mrna_XM_026443555.1_20987	902	703	13.2132	1.02882
lcl|NC_037648.1_mrna_XM_006566257.3_20988	931	732	96.9214	7.2476
lcl|NC_037648.1_mrna_XM_016914666.2_20989	914	715	0.0985708	0.00754619
lcl|NC_037648.1_mrna_NM_001278680.1_20990	597	398	53.7668	7.39463
lcl|NC_037648.1_mrna_XM_393823.6_20991	2602	2403	688	15.6718
lcl|NC_037648.1_mrna_XM_016914762.2_20992	3943	3744	510.861	7.46883
lcl|NC_037648.1_mrna_XM_624524.6_20993	2805	2606	3082.14	64.7386
lcl|NC_037648.1_mrna_XM_006566402.3_20994	3197	2998	414.57	7.56924
lcl|NC_037648.1_mrna_XM_006566403.3_20995	3167	2968	562.633	10.3764
lcl|NC_037648.1_miscrna_XR_003305773.1_20996	2917	2718	150.796	3.03687
lcl|NC_037648.1_mrna_XM_006566405.3_20997	2624	2425	0	0
lcl|NC_037648.1_mrna_XM_016914761.2_20998	3040	2841	0	0
lcl|NC_037648.1_mrna_XM_391917.7_20999	1527	1328	1067	43.9796
lcl|NC_037648.1_mrna_XM_016914765.2_21000	2227	2028	0	0
lcl|NC_037648.1_mrna_XM_393827.7_21001	3143	2944	10	0.185929
lcl|NC_037648.1_mrna_XM_006566408.3_21002	877	678	0	0
lcl|NC_037648.1_ncrna_XR_120311.4_21003	4505	4306	12	0.152543
lcl|NC_037648.1_mrna_XM_006566410.3_21004	4427	4228	290.766	3.76439
lcl|NC_037648.1_mrna_XM_393828.6_21005	4481	4282	1340.02	17.1297
lcl|NC_037648.1_ncrna_XR_410593.3_21006	2072	1873	11.7799	0.344261
lcl|NC_037648.1_ncrna_XR_410594.3_21007	1754	1555	13.2201	0.465362
lcl|NC_037648.1_mrna_XM_393829.6_21008	1146	947	169.217	9.78091
lcl|NC_037648.1_mrna_XM_006566409.3_21009	1473	1274	3.92577e-07	1.68671e-08
lcl|NC_037648.1_mrna_XM_393830.7_21010	1629	1430	921.783	35.284
lcl|NC_037648.1_mrna_XM_026443958.1_21011	2119	1920	266.612	7.60089
lcl|NC_037648.1_mrna_XM_026443959.1_21012	1963	1764	73.3877	2.27725
lcl|NC_037648.1_ncrna_XR_003305664.1_21013	7474	7275	90.9364	0.684211
lcl|NC_037648.1_ncrna_XR_003305660.1_21014	7726	7527	0	0
lcl|NC_037648.1_ncrna_XR_003305656.1_21015	7567	7368	0	0
lcl|NC_037648.1_ncrna_XR_003305661.1_21016	7550	7351	0	0
lcl|NC_037648.1_ncrna_XR_003305659.1_21017	7498	7299	0.000179461	1.34584e-06
lcl|NC_037648.1_ncrna_XR_003305655.1_21018	7550	7351	2.59442e-05	1.93188e-07
lcl|NC_037648.1_ncrna_XR_003305662.1_21019	7468	7269	0	0
lcl|NC_037648.1_ncrna_XR_003305653.1_21020	7554	7355	1.30583e-05	9.71831e-08
lcl|NC_037648.1_ncrna_XR_003305654.1_21021	7598	7399	59.5128	0.440274
lcl|NC_037648.1_ncrna_XR_003305658.1_21022	7450	7251	0	0
lcl|NC_037648.1_ncrna_XR_003305657.1_21023	7465	7266	0	0
lcl|NC_037648.1_ncrna_XR_003305663.1_21024	6311	6112	27.5505	0.246736
lcl|NC_037648.1_ncrna_XR_003305665.1_21025	314	115	1	0.475979
lcl|NC_037648.1_ncrna_XR_410602.3_21026	2515	2316	8	0.189076
lcl|NC_037648.1_mrna_XM_006566412.3_21027	8675	8476	651.371	4.20652
lcl|NC_037648.1_mrna_XM_016915193.2_21028	10139	9940	212.795	1.17182
lcl|NC_037648.1_ncrna_XR_001705001.2_21029	2450	2251	0	0
lcl|NC_037648.1_ncrna_XR_001704999.2_21030	2714	2515	0	0
lcl|NC_037648.1_ncrna_XR_001705000.2_21031	1686	1487	9	0.331296
lcl|NC_037648.1_ncrna_XR_003305683.1_21032	1050	851	1	0.0643214
lcl|NC_037648.1_ncrna_XR_003305636.1_21033	1861	1662	0	0
lcl|NC_037648.1_ncrna_XR_003305734.1_21034	1675	1476	9	0.333766
lcl|NC_037648.1_ncrna_XR_003305733.1_21035	6058	5859	30.9401	0.289057
lcl|NC_037648.1_ncrna_XR_003305732.1_21036	6062	5863	13.0758	0.122077
lcl|NC_037648.1_ncrna_XR_003305579.1_21037	1549	1350	2	0.0810927
lcl|NC_037648.1_ncrna_XR_003305577.1_21038	5324	5125	53	0.566066
lcl|NC_037648.1_ncrna_XR_003305578.1_21039	5288	5089	5.4205e-06	5.83032e-08
lcl|NC_037648.1_mrna_XM_026443648.1_21040	6627	6428	1039.92	8.85541
lcl|NC_037648.1_mrna_XM_006566454.3_21041	5150	4951	8.90742	0.0984792
lcl|NC_037648.1_mrna_XM_016914768.2_21042	5362	5163	134.584	1.42684
lcl|NC_037648.1_mrna_XM_016914769.2_21043	5440	5241	111.441	1.1639
lcl|NC_037648.1_ncrna_XR_003305580.1_21044	258	59.1108	0	0
lcl|NC_037648.1_mrna_XM_006566433.3_21045	1868	1669	87.4082	2.86669
lcl|NC_037648.1_mrna_XM_006566442.3_21046	1811	1612	828.564	28.135
lcl|NC_037648.1_mrna_XM_006566437.3_21047	1844	1645	569.897	18.9634
lcl|NC_037648.1_mrna_XM_006566447.3_21048	1787	1588	679.734	23.4301
lcl|NC_037648.1_mrna_XM_006566452.3_21049	1757	1558	918.023	32.2531
lcl|NC_037648.1_mrna_XM_006566431.3_21050	1883	1684	0	0
lcl|NC_037648.1_mrna_XM_006566440.3_21051	1826	1627	489.145	16.4564
lcl|NC_037648.1_mrna_XM_006566435.3_21052	1859	1660	699.327	23.0599
lcl|NC_037648.1_mrna_XM_016914779.2_21053	1828	1629	1518.14	51.0125
lcl|NC_037648.1_mrna_XM_006566444.3_21054	1801	1602	4813.16	164.457
lcl|NC_037648.1_mrna_XM_016914784.2_21055	1771	1572	6487.99	225.914
lcl|NC_037648.1_mrna_XM_006566434.3_21056	1843	1644	0	0
lcl|NC_037648.1_mrna_XM_006566432.3_21057	1858	1659	0	0
lcl|NC_037648.1_mrna_XM_006566436.3_21058	1833	1634	0	0
lcl|NC_037648.1_mrna_XM_006566446.3_21059	1776	1577	0	0
lcl|NC_037648.1_mrna_XM_016914778.2_21060	1814	1615	1082.63	36.6937
lcl|NC_037648.1_mrna_XM_016914774.2_21061	1732	1533	1133.42	40.4701
lcl|NC_037648.1_mrna_XM_016914775.2_21062	1714	1515	0	0
lcl|NC_037648.1_mrna_XM_016914777.2_21063	1702	1503	1557.37	56.7176
lcl|NC_037648.1_mrna_XM_016914782.2_21064	1786	1587	111.151	3.83372
lcl|NC_037648.1_mrna_XM_016914781.2_21065	1799	1600	0	0
lcl|NC_037648.1_mrna_XM_016914783.2_21066	1773	1574	0.0381894	0.00132808
lcl|NC_037648.1_mrna_XM_026443934.1_21067	2515	2316	2127	50.2706
lcl|NC_037648.1_mrna_XM_016914772.2_21068	1632	1433	130.386	4.98046
lcl|NC_037648.1_mrna_XM_006566416.3_21069	1813	1614	6723.32	228.016
lcl|NC_037648.1_mrna_XM_016914773.2_21070	1694	1495	192.298	7.04073
lcl|NC_037648.1_mrna_XM_006566414.3_21071	1199	1000	1547.88	84.7272
lcl|NC_037648.1_mrna_XM_006566415.3_21072	1261	1062	229.12	11.8093
lcl|NC_037648.1_mrna_XM_001120000.5_21073	1445	1246	117.321	5.15399
lcl|NC_037648.1_mrna_XM_006566413.3_21074	1368	1169	414.391	19.4036
lcl|NC_037648.1_mrna_XM_026443528.1_21075	4275	4076	83.9088	1.12683
lcl|NC_037648.1_mrna_NM_001278681.1_21076	3452	3253	2130.58	35.8508
lcl|NC_037648.1_mrna_XM_026443529.1_21077	3007	2808	1031.8	20.1133
lcl|NC_037648.1_mrna_XM_006566457.2_21078	5741	5542	1000.16	9.87839
lcl|NC_037648.1_mrna_XM_624123.5_21079	5723	5524	4.59158	0.0454982
lcl|NC_037648.1_mrna_XM_006566459.2_21080	5669	5470	477.062	4.7739
lcl|NC_037648.1_mrna_XM_006566458.2_21081	5738	5539	163.191	1.61268
lcl|NC_037648.1_ncrna_XR_003305677.1_21082	934	735	26	1.93629
lcl|NC_037648.1_mrna_XM_006566455.3_21083	1497	1298	1316.89	55.5341
lcl|NC_037648.1_mrna_XM_006566456.3_21084	1464	1265	0.110529	0.00478269
lcl|NC_037648.1_mrna_XM_016914785.2_21085	1400	1201	0	0
lcl|NC_037648.1_mrna_XM_006566461.3_21086	4665	4466	2214	27.1359
lcl|NC_037648.1_mrna_XM_006566460.3_21087	4686	4487	3.72017e-06	4.53829e-08
lcl|NC_037648.1_mrna_NM_001011653.2_21088	898	699	9.3826	0.734736
lcl|NC_037648.1_mrna_XM_026443542.1_21089	749	550	249.203	24.8014
lcl|NC_037648.1_mrna_XM_026443544.1_21090	734	535	52.4141	5.36265
lcl|NC_037648.1_mrna_XM_026443543.1_21091	609	410	3.94399e-08	5.26547e-09
lcl|NC_037648.1_mrna_XM_016914665.2_21092	3263	3064	272.798	4.87346
lcl|NC_037648.1_mrna_NM_001101023.1_21093	3036	2837	188.202	3.63121
lcl|NC_037648.1_mrna_XM_026443741.1_21094	2581	2382	421.799	9.69279
lcl|NC_037648.1_mrna_XM_026443742.1_21095	2507	2308	321.58	7.62674
lcl|NC_037648.1_mrna_XM_026443743.1_21096	2468	2269	486.621	11.7393
lcl|NC_037648.1_mrna_XM_006566462.3_21097	588	389	0	0
lcl|NC_037648.1_mrna_XM_016914922.2_21098	659	460	39	4.64079
lcl|NC_037648.1_mrna_XM_391859.7_21099	817	618	15441	1367.64
lcl|NC_037648.1_mrna_XM_006566465.3_21100	2589	2390	164.097	3.75828
lcl|NC_037648.1_mrna_XM_001121184.5_21101	3459	3260	418.903	7.03365
lcl|NC_037648.1_ncrna_XR_001704803.2_21102	1179	980	54.1178	3.02273
lcl|NC_037648.1_ncrna_XR_001704801.2_21103	1510	1311	11.8822	0.496111
lcl|NC_037648.1_mrna_XM_397436.7_21104	3304	3105	2020	35.6103
lcl|NC_037648.1_mrna_XM_026443911.1_21105	3098	2899	99	1.86927
lcl|NC_037648.1_mrna_XM_016914921.2_21106	1934	1735	308	9.7171
lcl|NC_037648.1_mrna_XM_624658.6_21107	1047	848	34812	2247.08
lcl|NC_037648.1_mrna_XM_006566470.3_21108	1608	1409	566.799	22.0193
lcl|NC_037648.1_mrna_XM_006566469.3_21109	1637	1438	216.025	8.22301
lcl|NC_037648.1_mrna_XM_006566468.3_21110	1640	1441	4358.18	165.549
lcl|NC_037648.1_mrna_XM_006566473.3_21111	950	751	62.2872	4.53988
lcl|NC_037648.1_mrna_XM_016915324.2_21112	1138	939	269.713	15.7225
lcl|NC_037648.1_mrna_XM_006566471.3_21113	646	447	7	0.857187
lcl|NC_037648.1_mrna_NM_001167836.1_21114	1458	1259	72.1222	3.13565
lcl|NC_037648.1_ncrna_XR_003305642.1_21115	2268	2069	0	0
lcl|NC_037648.1_ncrna_XR_001705024.2_21116	2193	1994	3.55437	0.0975714
lcl|NC_037648.1_ncrna_XR_001705025.2_21117	1632	1433	125.743	4.8031
lcl|NC_037648.1_ncrna_XR_003305641.1_21118	1799	1600	9.58084	0.32777
lcl|NC_037648.1_ncrna_XR_003305643.1_21119	434	235	13	3.02803
lcl|NC_037648.1_mrna_XM_016915089.2_21120	1924	1725	0	0
lcl|NC_037648.1_mrna_XM_016915092.2_21121	1762	1563	303.072	10.6138
lcl|NC_037648.1_mrna_XM_016915091.2_21122	1767	1568	567.928	19.8259
lcl|NC_037648.1_mrna_XM_006566475.3_21123	2090	1891	483.634	13.9994
lcl|NC_037648.1_mrna_XM_001121305.5_21124	2191	1992	2079.37	57.1383
lcl|NC_037648.1_precursorrna_NR_127302.1_21125	98	4.20281	0	0
lcl|NC_037648.1_precursorrna_NR_127314.1_21126	81	3.73072	0	0
lcl|NC_037648.1_ncrna_21127	20	2.71266	0	0
lcl|NC_037648.1_ncrna_21128	22	2.73612	0	0
lcl|NC_037648.1_ncrna_21129	23	2.74792	0	0
lcl|NC_037648.1_precursorrna_NR_127313.1_21130	79	3.6828	0	0
lcl|NC_037648.1_ncrna_21131	20	2.71266	0	0
lcl|NC_037648.1_ncrna_XR_001704924.2_21132	716	517	8	0.847003
lcl|NC_037648.1_mrna_NM_001277300.1_21133	1954	1755	563	17.5597
lcl|NC_037648.1_mrna_XM_006566474.3_21134	441	242	45	10.1785
lcl|NC_037648.1_mrna_XM_006566479.3_21135	2017	1818	2159.89	65.0314
lcl|NC_037648.1_mrna_XM_006566481.3_21136	825	626	77.6015	6.78549
lcl|NC_037648.1_mrna_XM_006566480.3_21137	967	768	23.7878	1.69543
lcl|NC_037648.1_mrna_XM_001121442.5_21138	860	661	1982.61	164.18
lcl|NC_037648.1_mrna_XM_625090.5_21139	1175	976	648	36.3421
lcl|NC_037648.1_mrna_XM_026443655.1_21140	1881	1682	3226	104.984
lcl|NC_037648.1_mrna_XM_016915136.2_21141	708	509	32.504	3.49546
lcl|NC_037648.1_mrna_XM_003250812.4_21142	3360	3161	7063.17	122.31
lcl|NC_037648.1_mrna_XM_006566483.3_21143	2681	2482	5683.32	125.339
lcl|NC_037648.1_mrna_XM_016915134.2_21144	2200	2001	45.5889	1.24709
lcl|NC_037648.1_ncrna_XR_001704952.1_21145	608	409	2.41113	0.322687
lcl|NC_037648.1_mrna_XM_392781.7_21146	3084	2885	21.9923	0.417264
lcl|NC_037648.1_mrna_XM_006566485.3_21147	2936	2737	510.974	10.219
lcl|NC_037648.1_mrna_XM_006566484.3_21148	2843	2644	611.998	12.6699
lcl|NC_037648.1_mrna_XM_016915135.2_21149	1189	990	1071.04	59.218
lcl|NC_037648.1_mrna_XM_006566489.3_21150	1346	1147	74	3.53145
lcl|NC_037648.1_mrna_XM_026443861.1_21151	1299	1100	449	22.3429
lcl|NC_037648.1_mrna_XM_026443859.1_21152	2196	1997	126.565	3.46914
lcl|NC_037648.1_mrna_XM_026443860.1_21153	2193	1994	1034.43	28.3964
lcl|NC_037648.1_mrna_XM_016914943.2_21154	1556	1357	0	0
lcl|NC_037648.1_mrna_XM_006566488.2_21155	1664	1465	26	0.971451
lcl|NC_037648.1_mrna_XM_003250814.4_21156	6553	6354	2877.06	24.7849
lcl|NC_037648.1_mrna_XM_006566486.3_21157	6611	6412	15195.7	129.722
lcl|NC_037648.1_ncrna_XR_003305671.1_21158	7719	7520	93.5883	0.681222
lcl|NC_037648.1_ncrna_XR_003305670.1_21159	9336	9137	268.308	1.60737
lcl|NC_037648.1_trna_21160	72	3.52559	0	0
lcl|NC_037648.1_ncrna_XR_001704813.2_21161	4271	4072	0	0
lcl|NC_037648.1_ncrna_XR_003305672.1_21162	2061	1862	0	0
lcl|NC_037648.1_ncrna_XR_003305725.1_21163	5103	4904	30	0.334854
lcl|NC_037648.1_mrna_XM_006566491.3_21164	1106	907	1	0.0603501
lcl|NC_037648.1_ncrna_XR_410641.3_21165	817	618	0	0
lcl|NC_037648.1_mrna_XM_006566492.3_21166	1123	924	10.5367	0.624193
lcl|NC_037648.1_mrna_XM_391861.7_21167	1008	809	5.46327	0.369649
lcl|NC_037648.1_ncrna_XR_003305788.1_21168	723	524	5.05047	0.527577
lcl|NC_037648.1_mrna_XM_393736.6_21169	1695	1496	556.95	20.3784
lcl|NC_037648.1_mrna_XM_026443704.1_21170	3327	3128	223.195	3.90573
lcl|NC_037648.1_mrna_XM_026443896.1_21171	870	671	51.7302	4.21995
lcl|NC_037648.1_mrna_XM_006566511.3_21172	1095	896	64.2698	3.9263
lcl|NC_037648.1_mrna_XM_026443888.1_21173	3558	3359	162.671	2.65085
lcl|NC_037648.1_mrna_XM_026443886.1_21174	7134	6935	0	0
lcl|NC_037648.1_mrna_XM_026443891.1_21175	7073	6874	2083.48	16.5907
lcl|NC_037648.1_mrna_XM_026443893.1_21176	7021	6822	2832.17	22.7244
lcl|NC_037648.1_mrna_XM_006566498.3_21177	6997	6798	223.491	1.79955
lcl|NC_037648.1_mrna_XM_006566503.3_21178	6693	6494	352.087	2.96772
lcl|NC_037648.1_mrna_XM_026443887.1_21179	4781	4582	0	0
lcl|NC_037648.1_mrna_XM_026443889.1_21180	4771	4572	0	0
lcl|NC_037648.1_mrna_XM_026443890.1_21181	4753	4554	0	0
lcl|NC_037648.1_mrna_XM_026443892.1_21182	4691	4492	1385.48	16.8828
lcl|NC_037648.1_mrna_XM_006566510.3_21183	4816	4617	2498.77	29.6245
lcl|NC_037648.1_mrna_XM_006566508.3_21184	4547	4348	0	0
lcl|NC_037648.1_mrna_XM_006566507.3_21185	4613	4414	0	0
lcl|NC_037648.1_mrna_XM_016915000.2_21186	4639	4440	0	0
lcl|NC_037648.1_mrna_XM_006566506.3_21187	4581	4382	124.735	1.55812
lcl|NC_037648.1_mrna_XM_016914998.2_21188	4587	4388	0	0
lcl|NC_037648.1_ncrna_XR_001704875.2_21189	3021	2822	42.3164	0.820799
lcl|NC_037648.1_ncrna_XR_003305699.1_21190	3896	3697	105.463	1.56148
lcl|NC_037648.1_ncrna_XR_001704874.2_21191	3870	3671	1.11967	0.0166952
lcl|NC_037648.1_mrna_XM_006566497.3_21192	2107	1908	12	0.344261
lcl|NC_037648.1_mrna_XM_026443895.1_21193	2158	1959	1020	28.5004
lcl|NC_037648.1_mrna_XM_003250817.4_21194	2734	2535	24.1625	0.521733
lcl|NC_037648.1_mrna_XM_391863.7_21195	2716	2517	115.838	2.51913
lcl|NC_037648.1_ncrna_XR_001705040.1_21196	1430	1231	37	1.64524
lcl|NC_037648.1_mrna_XM_393737.7_21197	3270	3071	183	3.26179
lcl|NC_037648.1_mrna_XM_006566512.3_21198	4086	3887	204.579	2.88092
lcl|NC_037648.1_miscrna_XR_001704856.2_21199	3972	3773	143.421	2.08071
lcl|NC_037648.1_mrna_XM_624933.6_21200	1654	1455	236	8.87839
lcl|NC_037648.1_ncrna_XR_003305776.1_21201	1413	1214	12	0.541063
lcl|NC_037648.1_mrna_XM_006566243.3_21202	7515	7316	77.4576	0.579529
lcl|NC_037648.1_mrna_XM_006566244.3_21203	6456	6257	102.645	0.89796
lcl|NC_037648.1_mrna_NM_001011624.1_21204	4921	4722	18.7495	0.217345
lcl|NC_037648.1_mrna_XM_026443533.1_21205	4506	4307	1.14794	0.0145892
lcl|NC_037648.1_mrna_XM_006566515.3_21206	3090	2891	16.6837	0.315885
lcl|NC_037648.1_mrna_XM_006566516.3_21207	3039	2840	1.84184e-06	3.54992e-08
lcl|NC_037648.1_mrna_XM_016914978.2_21208	1821	1622	14.2122	0.479618
lcl|NC_037648.1_mrna_XM_016914980.2_21209	1770	1571	0	0
lcl|NC_037648.1_mrna_XM_016914977.2_21210	2069	1870	95.7648	2.80317
lcl|NC_037648.1_mrna_XM_016914976.2_21211	2829	2630	815.339	16.9695
lcl|NC_037648.1_mrna_XM_624887.6_21212	1028	829	547	36.1175
lcl|NC_037648.1_mrna_XM_003250818.4_21213	2653	2454	6284	140.167
lcl|NC_037648.1_mrna_XM_623556.6_21214	1628	1429	57.2483	2.19288
lcl|NC_037648.1_mrna_XM_026443872.1_21215	1772	1573	73.8999	2.57158
lcl|NC_037648.1_mrna_XM_006566524.3_21216	1682	1483	109.852	4.05463
lcl|NC_037648.1_mrna_XM_026443871.1_21217	1706	1507	0	0
lcl|NC_037648.1_mrna_XM_391867.7_21218	4904	4705	4.64676	0.05406
lcl|NC_037648.1_miscrna_XR_410654.3_21219	4746	4547	1647.67	19.8349
lcl|NC_037648.1_miscrna_XR_001704734.2_21220	4647	4448	3405.33	41.9064
lcl|NC_037648.1_mrna_XM_006566530.3_21221	4650	4451	0	0
lcl|NC_037648.1_mrna_XM_006566528.3_21222	4693	4494	0	0
lcl|NC_037648.1_mrna_XM_006566527.3_21223	5222	5023	0	0
lcl|NC_037648.1_mrna_XM_006566526.3_21224	5225	5026	259.417	2.82528
lcl|NC_037648.1_ncrna_XR_003305555.1_21225	1552	1353	42.3756	1.71437
lcl|NC_037648.1_ncrna_XR_001704736.2_21226	1749	1550	141.624	5.0014
lcl|NC_037648.1_mrna_XM_026443799.1_21227	9607	9408	0	0
lcl|NC_037648.1_mrna_XM_006566536.3_21228	9520	9321	0.0307233	0.000180423
lcl|NC_037648.1_mrna_XM_006566534.3_21229	9661	9462	137.985	0.798243
lcl|NC_037648.1_mrna_XM_006566535.3_21230	9619	9420	117.555	0.683083
lcl|NC_037648.1_mrna_XM_026443801.1_21231	9397	9198	1.79628e-06	1.06897e-08
lcl|NC_037648.1_mrna_XM_006566531.3_21232	9724	9525	100.376	0.576835
lcl|NC_037648.1_mrna_XM_016914818.2_21233	9760	9561	1.15859e-07	6.633e-10
lcl|NC_037648.1_mrna_XM_026443800.1_21234	9535	9336	1196.41	7.01462
lcl|NC_037648.1_mrna_XM_006566532.3_21235	10137	9938	742.874	4.09168
lcl|NC_037648.1_ncrna_XR_001704741.2_21236	2831	2632	46	0.956659
lcl|NC_037648.1_ncrna_XR_003305647.1_21237	1657	1458	5	0.187714
lcl|NC_037648.1_ncrna_XR_001704737.2_21238	1787	1588	0	0
lcl|NC_037648.1_ncrna_XR_003305648.1_21239	1675	1476	9.41851e-07	3.49286e-08
lcl|NC_037648.1_mrna_XM_001122049.5_21240	1511	1312	1932.71	80.6339
lcl|NC_037648.1_mrna_XM_006566537.3_21241	2580	2381	317.42	7.29727
lcl|NC_037648.1_mrna_XM_006566538.3_21242	2474	2275	770.872	18.5475
lcl|NC_037648.1_mrna_NM_001277301.1_21243	7263	7064	1680.22	13.0197
lcl|NC_037648.1_ncrna_XR_003305628.1_21244	2769	2570	7.35876	0.156732
lcl|NC_037648.1_ncrna_XR_003305627.1_21245	2568	2369	0	0
lcl|NC_037648.1_ncrna_XR_001704735.2_21246	706	507	6.64124	0.717012
lcl|NC_037648.1_ncrna_XR_003305629.1_21247	2844	2645	4	0.0827789
lcl|NC_037648.1_ncrna_XR_003305690.1_21248	2966	2767	7.87587e-05	1.55803e-06
lcl|NC_037648.1_ncrna_XR_003305693.1_21249	2940	2741	11.7667	0.23498
lcl|NC_037648.1_ncrna_XR_003305692.1_21250	2873	2674	4.23245	0.0866395
lcl|NC_037648.1_ncrna_XR_003305688.1_21251	2961	2762	0.000771935	1.52983e-05
lcl|NC_037648.1_ncrna_XR_003305687.1_21252	3033	2834	0	0
lcl|NC_037648.1_ncrna_XR_003305691.1_21253	2807	2608	6.70547e-08	1.40736e-09
lcl|NC_037648.1_ncrna_XR_410673.3_21254	2216	2017	5	0.13569
lcl|NC_037648.1_ncrna_XR_001705085.2_21255	1926	1727	7	0.221866
lcl|NC_037648.1_ncrna_XR_410674.3_21256	700	501	10	1.09257
lcl|NC_037648.1_ncrna_XR_003305626.1_21257	13053	12854	65.8739	0.280518
lcl|NC_037648.1_precursorrna_NR_031528.1_21258	85	3.83091	0	0
lcl|NC_037648.1_ncrna_21259	23	2.74792	0	0
lcl|NC_037648.1_ncrna_XR_003305674.1_21260	3439	3240	3	0.0506829
lcl|NC_037648.1_ncrna_XR_003305676.1_21261	3485	3286	5.62943e-08	9.3774e-10
lcl|NC_037648.1_ncrna_XR_003305673.1_21262	3545	3346	0	0
lcl|NC_037648.1_ncrna_XR_003305675.1_21263	2833	2634	0	0
lcl|NC_037648.1_mrna_XM_026443585.1_21264	2147	1948	12.0868	0.339633
lcl|NC_037648.1_ncrna_XR_003305552.1_21265	435	236	34.9132	8.09771
lcl|NC_037648.1_mrna_XM_026443589.1_21266	3219	3020	25.2591	0.457821
lcl|NC_037648.1_mrna_XM_026443591.1_21267	2988	2789	0	0
lcl|NC_037648.1_mrna_XM_026443590.1_21268	4089	3890	392.426	5.52196
lcl|NC_037648.1_mrna_XM_026443592.1_21269	5346	5147	692.254	7.36201
lcl|NC_037648.1_mrna_XM_026443587.1_21270	3627	3428	2.94754e-08	4.70656e-10
lcl|NC_037648.1_mrna_XM_026443586.1_21271	3666	3467	32.1305	0.507281
lcl|NC_037648.1_mrna_XM_026443588.1_21272	3112	2913	96.6859	1.8168
lcl|NC_037648.1_ncrna_XR_003305553.1_21273	2094	1895	14.4514	0.417433
lcl|NC_037648.1_mrna_XM_393743.6_21274	2090	1891	1427	41.3064
lcl|NC_037648.1_mrna_XM_016915261.1_21275	533	334	300	49.1655
lcl|NC_037648.1_mrna_XM_016915217.2_21276	2897	2698	0	0
lcl|NC_037648.1_mrna_XM_016915218.2_21277	2875	2676	2206.95	45.1431
lcl|NC_037648.1_mrna_XM_016915220.1_21278	761	562	110	10.7138
lcl|NC_037648.1_mrna_XM_026443701.1_21279	1134	935	2	0.117086
lcl|NC_037648.1_mrna_XM_006566546.3_21280	1179	980	1	0.0558546
lcl|NC_037648.1_mrna_XM_006566545.3_21281	2470	2271	56.4925	1.36163
lcl|NC_037648.1_mrna_XM_006566544.3_21282	2536	2337	0	0
lcl|NC_037648.1_mrna_XM_001122238.5_21283	2544	2345	0	0
lcl|NC_037648.1_mrna_XM_016915219.2_21284	2269	2070	98.5075	2.60486
lcl|NC_037648.1_mrna_XM_624671.6_21285	820	621	1444	127.28
lcl|NC_037648.1_mrna_XM_006566250.3_21286	1202	1003	608.202	33.1919
lcl|NC_037648.1_mrna_XM_006566248.2_21287	1014	815	691.252	46.4263
lcl|NC_037648.1_mrna_XM_006566249.2_21288	904	705	240.822	18.6979
lcl|NC_037648.1_mrna_NM_001014430.1_21289	438	239	14.7232	3.37201
lcl|NC_037648.1_mrna_XM_392676.6_21290	3250	3051	688.543	12.353
lcl|NC_037648.1_mrna_XM_006566549.3_21291	1996	1797	233.457	7.11122
lcl|NC_037648.1_miscrna_XR_003305694.1_21292	6499	6300	20.6127	0.179094
lcl|NC_037648.1_mrna_XM_026443875.1_21293	7217	7018	413.749	3.22708
lcl|NC_037648.1_mrna_XM_026443877.1_21294	7214	7015	1.31041e-05	1.0225e-07
lcl|NC_037648.1_mrna_XM_026443876.1_21295	7204	7005	0.363908	0.0028436
lcl|NC_037648.1_mrna_XM_026443878.1_21296	5804	5605	559.304	5.46207
lcl|NC_037648.1_mrna_XM_006566550.3_21297	644	445	1.90713e-05	2.34587e-06
lcl|NC_037648.1_mrna_XM_006566551.3_21298	1016	817	86.9702	5.82685
lcl|NC_037648.1_mrna_XM_006566552.3_21299	2387	2188	5.46686	0.136765
lcl|NC_037648.1_mrna_XM_397379.7_21300	2424	2225	30.5331	0.75115
lcl|NC_037648.1_mrna_XM_397380.5_21301	3063	2864	5850	111.807
lcl|NC_037648.1_mrna_XM_397381.6_21302	3201	3002	766	13.967
lcl|NC_037648.1_mrna_XM_006566555.3_21303	5191	4992	296.523	3.25139
lcl|NC_037648.1_mrna_XM_006566556.3_21304	5169	4970	15.8038	0.174057
lcl|NC_037648.1_mrna_XM_006566554.3_21305	5195	4996	231.704	2.53861
lcl|NC_037648.1_mrna_XM_006566557.3_21306	5132	4933	1672.99	18.5638
lcl|NC_037648.1_mrna_XM_006566558.3_21307	5105	4906	147.983	1.65109
lcl|NC_037648.1_mrna_XM_001122522.4_21308	2269	2070	507	13.4067
lcl|NC_037648.1_mrna_XM_006566561.3_21309	2448	2249	340.425	8.28548
lcl|NC_037648.1_mrna_XM_016915180.2_21310	2563	2364	0	0
lcl|NC_037648.1_mrna_XM_026443642.1_21311	2776	2577	229.808	4.88131
lcl|NC_037648.1_mrna_XM_026443643.1_21312	2573	2374	50.5029	1.16445
lcl|NC_037648.1_mrna_XM_016915181.2_21313	2454	2255	107.171	2.60146
lcl|NC_037648.1_mrna_XM_006566560.3_21314	2319	2120	108.42	2.79937
lcl|NC_037648.1_miscrna_XR_003305575.1_21315	2240	2041	37.299	1.00032
lcl|NC_037648.1_ncrna_XR_001704983.2_21316	267	68.0268	3	2.41394
lcl|NC_037648.1_ncrna_XR_003305576.1_21317	563	364	10.0356	1.50912
lcl|NC_037648.1_mrna_XM_006566571.3_21318	806	607	2.82586	0.254828
lcl|NC_037648.1_mrna_XM_006566570.3_21319	802	603	26.1106	2.3702
lcl|NC_037648.1_mrna_XM_016915005.2_21320	851	652	76.6727	6.43692
lcl|NC_037648.1_mrna_XM_006566568.3_21321	962	763	21.6062	1.55002
lcl|NC_037648.1_mrna_XM_016915006.2_21322	694	495	0	0
lcl|NC_037648.1_mrna_XM_006566580.3_21323	581	382	0	0
lcl|NC_037648.1_mrna_XM_016915007.2_21324	743	544	11.4102	1.1481
lcl|NC_037648.1_mrna_XM_006566579.3_21325	715	516	221.035	23.4475
lcl|NC_037648.1_mrna_XM_006566578.3_21326	745	546	0	0
lcl|NC_037648.1_ncrna_XR_003305779.1_21327	480	281	14	2.72714
lcl|NC_037648.1_mrna_XM_016915004.2_21328	6273	6074	3553.48	32.0231
lcl|NC_037648.1_mrna_XM_016915003.2_21329	5793	5594	111.386	1.08991
lcl|NC_037648.1_mrna_XM_006566564.3_21330	5608	5409	0	0
lcl|NC_037648.1_mrna_XM_006566566.3_21331	5530	5331	0	0
lcl|NC_037648.1_mrna_XM_006566567.3_21332	5500	5301	2422.5	25.0144
lcl|NC_037648.1_mrna_XM_006566565.3_21333	2660	2461	542.248	12.0607
lcl|NC_037648.1_mrna_XM_391869.7_21334	2173	1974	138	3.82664
lcl|NC_037648.1_ncrna_XR_003305778.1_21335	575	376	2	0.291157
lcl|NC_037648.1_mrna_XM_006566582.3_21336	3166	2967	383.592	7.07681
lcl|NC_037648.1_mrna_XM_006566583.3_21337	2359	2160	2.53426e-05	6.42219e-07
lcl|NC_037648.1_mrna_XM_006566581.3_21338	2388	2189	218.213	5.45658
lcl|NC_037648.1_mrna_XM_394932.7_21339	3194	2995	5256.05	96.0612
lcl|NC_037648.1_mrna_XM_016915008.2_21340	2299	2100	0	0
lcl|NC_037648.1_mrna_XM_006566584.3_21341	2560	2361	82.7341	1.91811
lcl|NC_037648.1_mrna_XM_016915009.2_21342	2583	2384	23.4102	0.537508
lcl|NC_037648.1_mrna_XM_026444060.1_21343	1885	1686	0.323767	0.0105114
lcl|NC_037648.1_mrna_XM_006566586.3_21344	1873	1674	657.691	21.5056
lcl|NC_037648.1_mrna_XM_006566588.3_21345	1303	1104	524.72	26.0162
lcl|NC_037648.1_mrna_XM_623346.6_21346	1909	1710	273.719	8.76181
lcl|NC_037648.1_mrna_XM_006566587.3_21347	1336	1137	393.768	18.9568
lcl|NC_037648.1_mrna_XM_026444059.1_21348	1860	1661	617.857	20.3612
lcl|NC_037648.1_mrna_XM_026444061.1_21349	1293	1094	143.921	7.201
lcl|NC_037648.1_mrna_XM_006566585.3_21350	1437	1238	135	5.96896
lcl|NC_037648.1_mrna_XM_003250827.4_21351	3313	3114	172.093	3.02503
lcl|NC_037648.1_mrna_XM_016915282.2_21352	3331	3132	103.907	1.81597
lcl|NC_037648.1_mrna_XM_624370.6_21353	1766	1567	404.142	14.1172
lcl|NC_037648.1_mrna_XM_016915174.2_21354	2253	2054	2007.58	53.5006
lcl|NC_037648.1_mrna_XM_016915173.2_21355	2301	2102	13.2418	0.344825
lcl|NC_037648.1_mrna_XM_006566596.2_21356	1824	1625	103.548	3.48797
lcl|NC_037648.1_mrna_XM_006566597.3_21357	1900	1701	1350.49	43.4584
lcl|NC_037648.1_mrna_XM_006566589.3_21358	2207	2008	449.944	12.2653
lcl|NC_037648.1_mrna_XM_006566590.2_21359	2016	1817	2195.06	66.1266
lcl|NC_037648.1_mrna_XM_006566598.3_21360	3238	3039	328.324	5.91367
lcl|NC_037648.1_mrna_XM_006566599.3_21361	2603	2404	59.0722	1.34504
lcl|NC_037648.1_mrna_XM_026443618.1_21362	921	722	9	0.682324
lcl|NC_037648.1_miscrna_XR_003305571.1_21363	2566	2367	21.6621	0.500942
lcl|NC_037648.1_mrna_XM_026443616.1_21364	2451	2252	511.027	12.4211
lcl|NC_037648.1_mrna_XM_026443617.1_21365	2640	2441	79.9152	1.79204
lcl|NC_037648.1_mrna_XM_624298.6_21366	2936	2737	3967	79.3364
lcl|NC_037648.1_mrna_XM_006566604.3_21367	4073	3874	736	10.3993
lcl|NC_037648.1_mrna_XM_397355.6_21368	1367	1168	524	24.5569
lcl|NC_037648.1_mrna_XM_006566605.3_21369	1606	1407	8	0.31123
lcl|NC_037648.1_mrna_XM_006566606.2_21370	1511	1312	292	12.1824
lcl|NC_037648.1_ncrna_XR_001704912.2_21371	411	212	9	2.32376
lcl|NC_037648.1_mrna_XM_003250828.4_21372	2529	2330	733	17.22
lcl|NC_037648.1_mrna_XM_006566608.3_21373	1566	1367	555.113	22.2279
lcl|NC_037648.1_mrna_XM_006566607.3_21374	1576	1377	1390.89	55.2896
lcl|NC_037648.1_mrna_XM_006566610.3_21375	1058	859	21.5525	1.37338
lcl|NC_037648.1_mrna_XM_026443726.1_21376	1239	1040	86.1168	4.53252
lcl|NC_037648.1_mrna_XM_001122291.5_21377	1283	1084	19.3307	0.976121
lcl|NC_037648.1_ncrna_XR_003305635.1_21378	4898	4699	1126.29	13.1199
lcl|NC_037648.1_mrna_XM_395023.7_21379	3102	2903	1967	37.0888
lcl|NC_037648.1_mrna_XM_624122.6_21380	3002	2803	1067	20.8366
lcl|NC_037648.1_mrna_XM_016914989.2_21381	1765	1566	182.649	6.38426
lcl|NC_037648.1_mrna_XM_016914991.2_21382	1689	1490	135.351	4.97234
lcl|NC_037648.1_mrna_XM_026443935.1_21383	4565	4366	73.6878	0.92384
lcl|NC_037648.1_mrna_XM_026443936.1_21384	4328	4129	108.312	1.43588
lcl|NC_037648.1_mrna_XM_026443943.1_21385	1889	1690	236	7.64382
lcl|NC_037648.1_mrna_XM_026443944.1_21386	1255	1056	40.9432	2.12228
lcl|NC_037648.1_mrna_XM_006566616.3_21387	1304	1105	0	0
lcl|NC_037648.1_mrna_XM_393747.6_21388	1227	1028	82.0568	4.36925
lcl|NC_037648.1_mrna_XM_026443939.1_21389	8869	8670	96.6274	0.610052
lcl|NC_037648.1_mrna_XM_026443940.1_21390	8070	7871	17.5313	0.121918
lcl|NC_037648.1_mrna_XM_026443941.1_21391	7124	6925	47.6383	0.376549
lcl|NC_037648.1_mrna_XM_026443938.1_21392	8722	8523	0.000837057	5.37586e-06
lcl|NC_037648.1_mrna_XM_026443937.1_21393	8253	8054	2013.15	13.682
lcl|NC_037648.1_ncrna_XR_003305749.1_21394	10075	9876	504.995	2.79892
lcl|NC_037648.1_ncrna_XR_003305750.1_21395	9174	8975	0	0
lcl|NC_037648.1_ncrna_XR_003305745.1_21396	9382	9183	0	0
lcl|NC_037648.1_ncrna_XR_003305743.1_21397	9535	9336	0	0
lcl|NC_037648.1_ncrna_XR_003305747.1_21398	9466	9267	0	0
lcl|NC_037648.1_ncrna_XR_003305737.1_21399	9522	9323	0	0
lcl|NC_037648.1_ncrna_XR_003305757.1_21400	8850	8651	4.28541e-07	2.71151e-09
lcl|NC_037648.1_ncrna_XR_003305746.1_21401	9516	9317	0	0
lcl|NC_037648.1_ncrna_XR_003305739.1_21402	9165	8966	8.59965	0.052501
lcl|NC_037648.1_ncrna_XR_003305748.1_21403	9280	9081	0	0
lcl|NC_037648.1_ncrna_XR_003305756.1_21404	9591	9392	0	0
lcl|NC_037648.1_ncrna_XR_003305752.1_21405	9536	9337	0	0
lcl|NC_037648.1_ncrna_XR_003305744.1_21406	9103	8904	0	0
lcl|NC_037648.1_ncrna_XR_003305741.1_21407	9487	9288	0	0
lcl|NC_037648.1_ncrna_XR_003305742.1_21408	9404	9205	0	0
lcl|NC_037648.1_ncrna_XR_003305736.1_21409	9510	9311	14.4056	0.0846879
lcl|NC_037648.1_ncrna_XR_003305753.1_21410	9475	9276	0	0
lcl|NC_037648.1_ncrna_XR_003305740.1_21411	9535	9336	0	0
lcl|NC_037648.1_ncrna_XR_003305751.1_21412	9553	9354	0	0
lcl|NC_037648.1_ncrna_XR_003305755.1_21413	9498	9299	0	0
lcl|NC_037648.1_ncrna_XR_003305754.1_21414	9544	9345	0	0
lcl|NC_037648.1_ncrna_XR_003305738.1_21415	9565	9366	0	0
lcl|NC_037648.1_ncrna_XR_003305735.1_21416	9611	9412	0	0
lcl|NC_037648.1_mrna_XM_026443942.1_21417	4845	4646	504.682	5.94599
lcl|NC_037648.1_miscrna_XR_410727.3_21418	2090	1891	0	0
lcl|NC_037648.1_mrna_XM_006566619.3_21419	2178	1979	248	6.85948
lcl|NC_037648.1_ncrna_XR_001704965.2_21420	5527	5328	0	0
lcl|NC_037648.1_ncrna_XR_003305561.1_21421	5486	5287	0	0
lcl|NC_037648.1_ncrna_XR_003305562.1_21422	5469	5270	0.00415726	4.318e-05
lcl|NC_037648.1_ncrna_XR_003305563.1_21423	5427	5228	100.996	1.05743
lcl|NC_037648.1_ncrna_XR_001704969.2_21424	1512	1313	29	1.20898
lcl|NC_037648.1_miscrna_XR_003305559.1_21425	4038	3839	7.55338	0.107698
lcl|NC_037648.1_miscrna_XR_003305560.1_21426	3632	3433	33.5747	0.535333
lcl|NC_037648.1_mrna_XM_026443597.1_21427	2509	2310	3.87188	0.0917477
lcl|NC_037648.1_ncrna_XR_003305564.1_21428	1195	996	0	0
lcl|NC_037648.1_ncrna_XR_001704972.2_21429	1046	847	0	0
lcl|NC_037648.1_ncrna_XR_003305565.1_21430	727	528	0	0
lcl|NC_037648.1_precursorrna_NR_039457.1_21431	121	5.0996	0	0
lcl|NC_037648.1_ncrna_21432	21	2.72438	0	0
lcl|NC_037648.1_ncrna_XR_410728.3_21433	451	252	0	0
lcl|NC_037648.1_mrna_XM_623895.6_21434	2517	2318	122.465	2.89189
lcl|NC_037648.1_ncrna_XR_003305585.1_21435	4389	4190	16.7173	0.218392
lcl|NC_037648.1_ncrna_XR_410745.3_21436	3564	3365	0	0
lcl|NC_037648.1_ncrna_XR_410747.3_21437	3478	3279	17.7721	0.296677
lcl|NC_037648.1_ncrna_XR_410746.3_21438	3607	3408	7.04598	0.113169
lcl|NC_037648.1_ncrna_XR_001704996.2_21439	2596	2397	7	0.159851
lcl|NC_037648.1_ncrna_XR_003305586.1_21440	510	311	0	0
lcl|NC_037648.1_mrna_XM_006566626.3_21441	4272	4073	344.883	4.63492
lcl|NC_037648.1_mrna_XM_006566627.3_21442	4263	4064	0.0266282	0.000358652
lcl|NC_037648.1_mrna_XM_006566625.3_21443	4275	4076	246.288	3.30745
lcl|NC_037648.1_mrna_XM_006566631.3_21444	4270	4071	3.40373	0.0457657
lcl|NC_037648.1_mrna_XM_006566629.3_21445	4277	4078	132.611	1.77999
lcl|NC_037648.1_mrna_XM_006566628.3_21446	4647	4448	41.6089	0.512043
lcl|NC_037648.1_mrna_XM_006566630.3_21447	4795	4596	155.18	1.84816
lcl|NC_037648.1_mrna_XM_006566632.3_21448	2056	1857	411.868	12.1403
lcl|NC_037648.1_mrna_XM_001120576.5_21449	2443	2244	1390.97	33.9296
lcl|NC_037648.1_ncrna_XR_003305566.1_21450	396	197	7.1663	1.9912
lcl|NC_037648.1_mrna_XM_006566633.3_21451	4746	4547	0	0
lcl|NC_037648.1_mrna_XM_393637.7_21452	5449	5250	110.956	1.15685
lcl|NC_037648.1_mrna_XM_016915087.2_21453	5264	5065	2376.04	25.6779
lcl|NC_037648.1_ncrna_XR_001704922.2_21454	722	523	5.99501	0.627442
lcl|NC_037648.1_ncrna_XR_001704921.2_21455	656	457	7.00499	0.839028
lcl|NC_037648.1_mrna_XM_001119824.5_21456	853	654	4409	369.018
lcl|NC_037648.1_mrna_XM_006566635.3_21457	3748	3549	2166	33.407
lcl|NC_037648.1_mrna_XM_001120746.5_21458	1163	964	12.6013	0.715523
lcl|NC_037648.1_mrna_XM_006566634.3_21459	1010	811	171.399	11.5684
lcl|NC_037648.1_mrna_XM_026443646.1_21460	2498	2299	153.743	3.6605
lcl|NC_037648.1_mrna_XM_026443645.1_21461	2507	2308	481.709	11.4244
lcl|NC_037648.1_mrna_XM_026443644.1_21462	2582	2383	1370.55	31.4815
lcl|NC_037648.1_mrna_XM_006566767.2_21463	1253	1054	3457	179.533
lcl|NC_037648.1_mrna_XM_016915245.2_21464	1137	938	742.502	43.3291
lcl|NC_037648.1_mrna_XM_006566639.3_21465	815	616	324.323	28.8192
lcl|NC_037648.1_mrna_XM_006566638.3_21466	839	640	731.175	62.5355
lcl|NC_037648.1_mrna_XM_625145.6_21467	1343	1144	1272	60.862
lcl|NC_037648.1_mrna_XM_003250835.3_21468	756	557	138	13.5615
lcl|NC_037648.1_mrna_XM_006566641.3_21469	4346	4147	286.677	3.78394
lcl|NC_037648.1_mrna_XM_006566640.3_21470	4300	4101	2971.32	39.6593
lcl|NC_037648.1_mrna_XM_001122944.5_21471	1025	826	441.814	29.2782
lcl|NC_037648.1_mrna_XM_026443627.1_21472	681	482	108.186	12.286
lcl|NC_037648.1_mrna_XM_006566642.3_21473	8082	7883	1148	7.97142
lcl|NC_037648.1_mrna_XM_006566645.3_21474	2390	2191	2156	53.8631
lcl|NC_037648.1_mrna_XM_003250836.4_21475	2782	2583	1099	23.2894
lcl|NC_037648.1_mrna_XM_623748.5_21476	669	470	1121	130.555
lcl|NC_037648.1_mrna_XM_625108.5_21477	1039	840	66	4.30081
lcl|NC_037648.1_mrna_XM_006566649.3_21478	1657	1458	31.2564	1.17346
lcl|NC_037648.1_mrna_XM_394978.7_21479	1593	1394	216.3	8.49336
lcl|NC_037648.1_mrna_XM_006566651.3_21480	1658	1459	641.321	24.0605
lcl|NC_037648.1_mrna_XM_006566652.3_21481	1659	1460	0	0
lcl|NC_037648.1_mrna_XM_006566650.3_21482	1652	1453	0	0
lcl|NC_037648.1_mrna_XM_392998.7_21483	1331	1132	679.473	32.8557
lcl|NC_037648.1_mrna_XM_026444078.1_21484	1240	1041	0	0
lcl|NC_037648.1_mrna_XM_016915079.2_21485	1171	972	16.6496	0.93761
lcl|NC_037648.1_mrna_XM_625089.6_21486	2764	2565	543	11.5877
lcl|NC_037648.1_mrna_XM_397261.7_21487	1568	1369	1649	65.9329
lcl|NC_037648.1_mrna_XM_006566654.3_21488	3945	3746	964.975	14.1005
lcl|NC_037648.1_mrna_XM_006566655.3_21489	3917	3718	1270.02	18.6977
lcl|NC_037648.1_mrna_XM_623670.5_21490	2532	2333	4399	103.211
lcl|NC_037648.1_mrna_XM_016915236.2_21491	5540	5341	0	0
lcl|NC_037648.1_mrna_XM_016915237.2_21492	5465	5266	16.2096	0.168491
lcl|NC_037648.1_mrna_XM_006566656.3_21493	5110	4911	129.217	1.44024
lcl|NC_037648.1_mrna_XM_016915238.2_21494	5251	5052	100.97	1.09399
lcl|NC_037648.1_mrna_XM_006566661.3_21495	5200	5001	23.4278	0.256425
lcl|NC_037648.1_mrna_XM_006566658.3_21496	4848	4649	440.176	5.18265
lcl|NC_037648.1_mrna_XM_016915239.2_21497	4911	4712	0	0
lcl|NC_037648.1_mrna_XM_006566669.3_21498	10283	10084	328	1.78044
lcl|NC_037648.1_mrna_XM_026443930.1_21499	8815	8616	0	0
lcl|NC_037648.1_mrna_XM_006566665.3_21500	7690	7491	346.267	2.53021
lcl|NC_037648.1_mrna_XM_006566664.3_21501	7699	7500	0.0157887	0.000115231
lcl|NC_037648.1_mrna_XM_006566663.3_21502	7732	7533	0.0287997	0.000209269
lcl|NC_037648.1_mrna_XM_006566662.3_21503	7472	7273	4215.61	31.7272
lcl|NC_037648.1_mrna_XM_006566666.3_21504	6478	6279	0	0
lcl|NC_037648.1_mrna_XM_395512.6_21505	6201	6002	12.0772	0.110142
lcl|NC_037648.1_mrna_XM_392845.7_21506	1652	1453	6247.89	235.371
lcl|NC_037648.1_mrna_XM_026443762.1_21507	1876	1677	0	0
lcl|NC_037648.1_mrna_XM_026443761.1_21508	1987	1788	291.109	8.91198
lcl|NC_037648.1_mrna_XM_624346.6_21509	1921	1722	2562	81.4388
lcl|NC_037648.1_mrna_XM_026443724.1_21510	1234	1035	1109	58.6511
lcl|NC_037648.1_mrna_XM_026443725.1_21511	997	798	0	0
lcl|NC_037648.1_mrna_XM_001121588.5_21512	3134	2935	569	10.6118
lcl|NC_037648.1_mrna_XM_392764.7_21513	1690	1491	680	24.9641
lcl|NC_037648.1_mrna_XM_395328.7_21514	1538	1339	662	27.0622
lcl|NC_037648.1_mrna_XM_395329.4_21515	1206	1007	636	34.5711
lcl|NC_037648.1_mrna_XM_395330.6_21516	1265	1066	2251	115.586
lcl|NC_037648.1_mrna_XM_006566674.3_21517	1773	1574	4774.43	166.036
lcl|NC_037648.1_mrna_XM_016914931.2_21518	1789	1590	788.158	27.1332
lcl|NC_037648.1_mrna_XM_006566672.3_21519	3631	3432	2396.13	38.2163
lcl|NC_037648.1_mrna_XM_006566670.3_21520	3324	3125	0	0
lcl|NC_037648.1_mrna_XM_006566671.3_21521	2880	2681	1094.28	22.3417
lcl|NC_037648.1_mrna_XM_016914690.1_21522	368	169	13	4.21058
lcl|NC_037648.1_mrna_XM_003250880.4_21523	5526	5327	3167	32.5425
lcl|NC_037648.1_mrna_XM_006566676.3_21524	2083	1884	436	12.6675
lcl|NC_037648.1_mrna_XM_016914937.2_21525	1504	1305	2027	85.0215
lcl|NC_037648.1_mrna_XM_016914935.2_21526	2870	2671	290.783	5.9591
lcl|NC_037648.1_mrna_XM_026443752.1_21527	2607	2408	0	0
lcl|NC_037648.1_miscrna_XR_001704809.2_21528	2532	2333	0	0
lcl|NC_037648.1_mrna_XM_016914933.2_21529	2541	2342	17.8439	0.41705
lcl|NC_037648.1_mrna_XM_016914934.2_21530	2524	2325	265.373	6.24768
lcl|NC_037648.1_mrna_XM_393330.7_21531	5804	5605	3339.81	32.6161
lcl|NC_037648.1_mrna_XM_006566679.2_21532	5751	5552	1796.57	17.7125
lcl|NC_037648.1_mrna_XM_006566678.3_21533	5792	5593	994.97	9.73757
lcl|NC_037648.1_mrna_XM_396705.6_21534	2617	2418	182	4.12003
lcl|NC_037648.1_ncrna_XR_003305771.1_21535	5017	4818	57.2109	0.649976
lcl|NC_037648.1_ncrna_XR_410753.3_21536	4447	4248	9.63942	0.124209
lcl|NC_037648.1_ncrna_XR_003305769.1_21537	4076	3877	0	0
lcl|NC_037648.1_ncrna_XR_003305770.1_21538	4010	3811	0.15092	0.00216767
lcl|NC_037648.1_ncrna_XR_003305764.1_21539	4230	4031	0	0
lcl|NC_037648.1_ncrna_XR_003305767.1_21540	4219	4020	0	0
lcl|NC_037648.1_ncrna_XR_003305765.1_21541	3998	3799	0	0
lcl|NC_037648.1_ncrna_XR_003305768.1_21542	4078	3879	0	0
lcl|NC_037648.1_ncrna_XR_003305766.1_21543	4141	3942	0	0
lcl|NC_037648.1_mrna_XM_006566684.3_21544	3017	2818	136.238	2.64632
lcl|NC_037648.1_mrna_XM_016915129.2_21545	2990	2791	1108.61	21.7421
lcl|NC_037648.1_mrna_XM_396706.6_21546	2980	2781	1996.16	39.2897
lcl|NC_037648.1_mrna_XM_026443705.1_21547	2503	2304	14.8757	0.353411
lcl|NC_037648.1_mrna_XM_026443956.1_21548	766	567	9.82899	0.94888
lcl|NC_037648.1_mrna_XM_016915131.2_21549	3404	3205	780.48	13.3297
lcl|NC_037648.1_mrna_XM_001121117.5_21550	2911	2712	444.815	8.97791
lcl|NC_037648.1_ncrna_XR_410761.2_21551	1247	1048	0	0
lcl|NC_037648.1_ncrna_XR_001704951.2_21552	1300	1101	0	0
lcl|NC_037648.1_mrna_XM_006566686.3_21553	1748	1549	1305.37	46.1282
lcl|NC_037648.1_mrna_XM_006566685.3_21554	1765	1566	1249.63	43.6793
lcl|NC_037648.1_mrna_XM_003250841.4_21555	1801	1602	0	0
lcl|NC_037648.1_mrna_XM_006566695.2_21556	1231	1032	537.723	28.521
lcl|NC_037648.1_mrna_XM_006566691.2_21557	1369	1170	0	0
lcl|NC_037648.1_mrna_XM_006566693.3_21558	2549	2350	937.955	21.8474
lcl|NC_037648.1_mrna_XM_625238.6_21559	2687	2488	22.1563	0.487451
lcl|NC_037648.1_mrna_XM_006566689.3_21560	1537	1338	766.165	31.3438
lcl|NC_037648.1_mrna_XM_006566692.3_21561	1306	1107	0	0
lcl|NC_037648.1_mrna_XM_016915194.2_21562	2851	2652	156.354	3.22716
lcl|NC_037648.1_miscrna_XR_001705008.2_21563	2708	2509	0	0
lcl|NC_037648.1_mrna_XM_016915195.2_21564	2410	2211	567.523	14.0501
lcl|NC_037648.1_mrna_XM_026444011.1_21565	5167	4968	681.401	7.50769
lcl|NC_037648.1_mrna_XM_006566698.3_21566	5049	4850	69.4442	0.783754
lcl|NC_037648.1_mrna_XM_006566699.3_21567	5015	4816	193.465	2.19888
lcl|NC_037648.1_mrna_XM_006566701.3_21568	4961	4762	1454.21	16.7156
lcl|NC_037648.1_mrna_XM_006566700.3_21569	5040	4841	303.479	3.43146
lcl|NC_037648.1_mrna_XM_026444009.1_21570	4386	4187	33.2302	0.434425
lcl|NC_037648.1_mrna_XM_026444010.1_21571	4260	4061	74.7698	1.00781
lcl|NC_037648.1_mrna_XM_016915150.2_21572	4185	3986	51.6543	0.709341
lcl|NC_037648.1_mrna_XM_026444013.1_21573	3722	3523	28.7383	0.446513
lcl|NC_037648.1_mrna_XM_026444012.1_21574	3796	3597	48.6073	0.739685
lcl|NC_037648.1_mrna_XM_026443615.1_21575	5134	4935	2811	31.1788
lcl|NC_037648.1_mrna_XM_006566703.3_21576	1363	1164	189	8.8878
lcl|NC_037648.1_mrna_XM_395866.7_21577	1756	1557	954	33.5386
lcl|NC_037648.1_mrna_XM_006566707.3_21578	8852	8653	2888.53	18.2724
lcl|NC_037648.1_mrna_XM_026443821.1_21579	9143	8944	80.2103	0.490889
lcl|NC_037648.1_mrna_XM_006566706.3_21580	8849	8650	4233.26	26.7882
lcl|NC_037648.1_mrna_XM_006566704.3_21581	2870	2671	380.255	7.79267
lcl|NC_037648.1_mrna_XM_395024.6_21582	2281	2082	898.316	23.6175
lcl|NC_037648.1_mrna_XM_006566705.3_21583	2229	2030	134.429	3.62478
lcl|NC_037648.1_mrna_XM_006566716.3_21584	1415	1216	356.521	16.0486
lcl|NC_037648.1_mrna_XM_395025.6_21585	1697	1498	54.4791	1.99069
lcl|NC_037648.1_mrna_XM_006566717.3_21586	1686	1487	1.85541e-05	6.82991e-07
lcl|NC_037648.1_mrna_XM_625219.6_21587	2749	2550	58893	1264.18
lcl|NC_037648.1_miscrna_XR_001704732.2_21588	3700	3501	157.552	2.4633
lcl|NC_037648.1_mrna_XM_006566711.3_21589	2479	2280	5012.83	120.346
lcl|NC_037648.1_mrna_XM_016914801.2_21590	3579	3380	149.986	2.42896
lcl|NC_037648.1_mrna_XM_006566709.3_21591	3671	3472	172.649	2.72189
lcl|NC_037648.1_mrna_XM_016914800.2_21592	3579	3380	149.986	2.42896
lcl|NC_037648.1_mrna_XM_006566718.3_21593	3644	3445	2065.46	32.818
lcl|NC_037648.1_mrna_XM_006566719.3_21594	3197	2998	653.541	11.9324
lcl|NC_037648.1_mrna_XM_026443822.1_21595	2923	2724	0	0
lcl|NC_037648.1_mrna_XM_006566721.1_21596	3304	3105	976.567	17.2157
lcl|NC_037648.1_mrna_XM_397549.6_21597	2366	2167	1277.12	32.2595
lcl|NC_037648.1_mrna_XM_006566720.2_21598	2908	2709	18.3147	0.370063
lcl|NC_037648.1_mrna_XM_003250842.3_21599	3014	2815	0	0
lcl|NC_037648.1_mrna_XM_396596.7_21600	996	797	1365	93.7475
lcl|NC_037648.1_mrna_XM_396595.5_21601	1576	1377	294.228	11.6959
lcl|NC_037648.1_mrna_XM_006566722.3_21602	1353	1154	209.772	9.9501
lcl|NC_037648.1_mrna_XM_006566724.3_21603	901	702	1285	100.196
lcl|NC_037648.1_mrna_XM_016914805.2_21604	2014	1815	6941	209.33
lcl|NC_037648.1_mrna_XM_001121911.4_21605	1180	981	1033	57.639
lcl|NC_037648.1_mrna_XM_016914803.2_21606	7705	7506	2303.45	16.7979
lcl|NC_037648.1_mrna_XM_016914804.2_21607	7663	7464	162.552	1.19208
lcl|NC_037648.1_mrna_XM_006566726.3_21608	3599	3400	1052.59	16.9459
lcl|NC_037648.1_mrna_XM_026443824.1_21609	3756	3557	231.545	3.56317
lcl|NC_037648.1_mrna_XM_016915047.2_21610	4066	3867	318.083	4.50248
lcl|NC_037648.1_mrna_XM_006566729.3_21611	4223	4024	84.2787	1.14642
lcl|NC_037648.1_mrna_XM_016915049.2_21612	3476	3277	0.0471539	0.000787638
lcl|NC_037648.1_mrna_XM_016915046.2_21613	3647	3448	214.953	3.41241
lcl|NC_037648.1_mrna_XM_006566731.3_21614	3794	3595	1065.04	16.2163
lcl|NC_037648.1_mrna_XM_006566728.3_21615	3957	3758	2350.89	34.2421
lcl|NC_037648.1_mrna_XM_006566730.3_21616	3355	3156	3535.44	61.3185
lcl|NC_037648.1_mrna_XM_026443823.1_21617	3424	3225	234.808	3.98536
lcl|NC_037648.1_ncrna_XR_003305666.1_21618	1069	870	12	0.755001
lcl|NC_037648.1_mrna_XM_006566732.3_21619	651	452	119.809	14.509
lcl|NC_037648.1_mrna_XM_625210.6_21620	637	438	141.191	17.6449
lcl|NC_037648.1_ncrna_XR_003305600.1_21621	1597	1398	2	0.0783084
lcl|NC_037648.1_ncrna_XR_003305603.1_21622	2254	2055	0	0
lcl|NC_037648.1_ncrna_XR_003305602.1_21623	3804	3605	6	0.0911027
lcl|NC_037648.1_ncrna_XR_003305601.1_21624	3867	3668	0	0
lcl|NC_037648.1_ncrna_XR_003305604.1_21625	3884	3685	0	0
lcl|NC_037648.1_mrna_NM_001252019.1_21626	6256	6057	265.664	2.40082
lcl|NC_037648.1_ncrna_XR_410770.3_21627	3361	3162	53	0.917486
lcl|NC_037648.1_ncrna_XR_003305605.1_21628	980	781	8	0.560692
lcl|NC_037648.1_ncrna_XR_120331.4_21629	1173	974	42.0928	2.36556
lcl|NC_037648.1_ncrna_XR_003305594.1_21630	839	640	2.89142	0.247296
lcl|NC_037648.1_ncrna_XR_003305595.1_21631	701	502	6.02322	0.656765
lcl|NC_037648.1_ncrna_XR_003305596.1_21632	670	471	35.9925	4.18289
lcl|NC_037648.1_ncrna_XR_001704789.2_21633	2649	2450	12	0.268102
lcl|NC_037648.1_ncrna_XR_001704788.2_21634	2627	2428	0	0
lcl|NC_037648.1_ncrna_XR_003305599.1_21635	739	540	0	0
lcl|NC_037648.1_ncrna_XR_003305597.1_21636	805	606	0	0
lcl|NC_037648.1_precursorrna_NR_034302.1_21637	100	4.26726	0	0
lcl|NC_037648.1_ncrna_21638	21	2.72438	0	0
lcl|NC_037648.1_mrna_XM_016914913.2_21639	2579	2380	93.1352	2.14201
lcl|NC_037648.1_mrna_XM_003250845.4_21640	2715	2516	961.865	20.9261
lcl|NC_037648.1_ncrna_XR_410764.3_21641	803	604	19	1.72188
lcl|NC_037648.1_mrna_XM_625207.5_21642	1201	1002	244	13.3293
lcl|NC_037648.1_mrna_XM_003250848.4_21643	1017	818	687.894	46.0313
lcl|NC_037648.1_mrna_XM_003250850.4_21644	1124	925	268.049	15.862
lcl|NC_037648.1_mrna_XM_001120350.5_21645	1151	952	81.057	4.66057
lcl|NC_037648.1_mrna_XM_006566736.3_21646	1213	1014	1837	99.1646
lcl|NC_037648.1_mrna_XM_006566735.3_21647	1485	1286	1	0.0425642
lcl|NC_037648.1_miscrna_XR_001704795.2_21648	1735	1536	70.6695	2.51841
lcl|NC_037648.1_mrna_XM_003250847.2_21649	1325	1126	106.194	5.16235
lcl|NC_037648.1_mrna_XM_026443661.1_21650	1064	865	192.136	12.1585
lcl|NC_037648.1_mrna_XM_016914919.2_21651	2143	1944	14.2539	0.401349
lcl|NC_037648.1_mrna_XM_006566738.3_21652	1862	1663	142.745	4.69843
lcl|NC_037648.1_mrna_XM_016914918.2_21653	1762	1563	91.3197	3.19809
lcl|NC_037648.1_mrna_XM_395464.7_21654	2216	2017	967	26.2425
lcl|NC_037648.1_mrna_XM_006566741.3_21655	2218	2019	670.372	18.1746
lcl|NC_037648.1_mrna_XM_006566740.3_21656	2230	2031	708.628	19.0982
lcl|NC_037648.1_mrna_XM_003250851.4_21657	2991	2792	1628	31.9172
lcl|NC_037648.1_mrna_XM_006566742.3_21658	1986	1787	1453	44.5068
lcl|NC_037648.1_mrna_XM_006566748.3_21659	2930	2731	0	0
lcl|NC_037648.1_mrna_XM_006566747.3_21660	2821	2622	63.0385	1.31601
lcl|NC_037648.1_mrna_XM_006566749.3_21661	2722	2523	53.8419	1.16812
lcl|NC_037648.1_mrna_XM_026443672.1_21662	2712	2513	84.782	1.8467
lcl|NC_037648.1_miscrna_XR_003305608.1_21663	2739	2540	0	0
lcl|NC_037648.1_miscrna_XR_003305609.1_21664	2729	2530	23.0447	0.498581
lcl|NC_037648.1_mrna_XM_006566743.3_21665	2717	2518	0	0
lcl|NC_037648.1_mrna_XM_006566750.3_21666	2636	2437	0	0
lcl|NC_037648.1_mrna_XM_006566744.3_21667	3514	3315	145.247	2.39834
lcl|NC_037648.1_mrna_XM_006566745.3_21668	3162	2963	0	0
lcl|NC_037648.1_mrna_XM_006566746.3_21669	2808	2609	0	0
lcl|NC_037648.1_ncrna_XR_003305610.1_21670	725	526	75.1845	7.82398
lcl|NC_037648.1_mrna_XM_026443675.1_21671	1606	1407	20.6693	0.804111
lcl|NC_037648.1_mrna_XM_026443674.1_21672	1050	851	0	0
lcl|NC_037648.1_mrna_XM_026443673.1_21673	1124	925	257.192	15.2195
lcl|NC_037648.1_mrna_XM_026443931.1_21674	2553	2354	155.198	3.60882
lcl|NC_037648.1_mrna_XM_026443932.1_21675	2192	1993	0	0
lcl|NC_037648.1_mrna_XM_026443933.1_21676	2140	1941	101.802	2.87089
lcl|NC_037648.1_mrna_XM_026443537.1_21677	1428	1229	639.774	28.4945
lcl|NC_037648.1_mrna_XM_026443536.1_21678	2611	2412	248.692	5.64377
lcl|NC_037648.1_mrna_NM_001014992.2_21679	2498	2299	555.155	13.2179
lcl|NC_037648.1_mrna_XM_026443535.1_21680	1991	1792	72.9412	2.22802
lcl|NC_037648.1_mrna_XM_026443534.1_21681	2014	1815	465.437	14.0369
lcl|NC_037648.1_mrna_XM_026443564.1_21682	5188	4989	357.498	3.92234
lcl|NC_037648.1_mrna_NM_001040237.1_21683	5107	4908	1100.5	12.2736
lcl|NC_037648.1_mrna_XM_016914880.2_21684	3372	3173	23	0.396774
lcl|NC_037648.1_mrna_XM_016914876.2_21685	1303	1104	494.48	24.5169
lcl|NC_037648.1_mrna_XM_016914879.2_21686	1179	980	531.824	29.7048
lcl|NC_037648.1_mrna_XM_016914877.2_21687	1318	1119	215.696	10.5511
lcl|NC_037648.1_mrna_XM_623888.6_21688	3281	3082	849	15.0786
lcl|NC_037648.1_mrna_XM_026444014.1_21689	2650	2451	561	12.5287
lcl|NC_037648.1_mrna_XM_026444015.1_21690	941	742	20	1.47541
lcl|NC_037648.1_mrna_XM_395387.7_21691	6032	5833	1502	14.0949
lcl|NC_037648.1_mrna_XM_392786.7_21692	2455	2256	870.171	21.1131
lcl|NC_037648.1_mrna_XM_006570279.3_21693	2385	2186	1374.83	34.4258
lcl|NC_037648.1_mrna_XM_026444018.1_21694	5951	5752	715.811	6.81185
lcl|NC_037648.1_mrna_XM_026444017.1_21695	5963	5764	2599.19	24.6831
lcl|NC_037648.1_mrna_XM_026444022.1_21696	2969	2770	947	18.7135
lcl|NC_037648.1_mrna_XM_006570281.3_21697	590	391	8	1.11995
lcl|NC_037648.1_ncrna_XR_003305795.1_21698	3447	3248	0	0
lcl|NC_037648.1_ncrna_XR_003305794.1_21699	2990	2791	13	0.254958
lcl|NC_037648.1_mrna_XM_026444020.1_21700	8220	8021	2.17953e-06	1.48737e-08
lcl|NC_037648.1_mrna_XM_006570283.3_21701	8217	8018	3.49457e-06	2.38568e-08
lcl|NC_037648.1_mrna_XM_026444021.1_21702	8108	7909	111	0.768222
lcl|NC_037648.1_mrna_XM_016914871.2_21703	1706	1507	1067.68	38.7805
lcl|NC_037648.1_mrna_XM_016914873.2_21704	1739	1540	11.3204	0.402371
lcl|NC_037648.1_mrna_XM_016914872.2_21705	1680	1481	0	0
lcl|NC_037648.1_mrna_XM_026444028.1_21706	1500	1301	0	0
lcl|NC_037648.1_mrna_XM_026444026.1_21707	1570	1371	307.305	12.2692
lcl|NC_037648.1_mrna_XM_026444027.1_21708	1371	1172	48.6949	2.27427
lcl|NC_037648.1_mrna_XM_006570287.3_21709	883	684	261	20.8867
lcl|NC_037648.1_mrna_XM_396159.5_21710	888	689	1.06973e-06	8.49848e-08
lcl|NC_037648.1_mrna_XM_026444024.1_21711	3079	2880	1073.38	20.4007
lcl|NC_037648.1_mrna_XM_026444023.1_21712	3083	2884	1206.69	22.9026
lcl|NC_037648.1_mrna_XM_026444025.1_21713	2671	2472	138.934	3.07641
lcl|NC_037648.1_mrna_XM_016915226.2_21714	890	691	125.701	9.95737
lcl|NC_037648.1_mrna_XM_006570291.3_21715	1095	896	612.237	37.4022
lcl|NC_037648.1_mrna_XM_006570292.3_21716	978	779	321.063	22.5599
lcl|NC_037648.1_miscrna_XR_003305646.1_21717	2834	2635	247.921	5.15013
lcl|NC_037648.1_mrna_XM_026443789.1_21718	2862	2663	86.3862	1.77565
lcl|NC_037648.1_mrna_XM_026443788.1_21719	2785	2586	570.693	12.0798
lcl|NC_037648.1_mrna_XM_001122477.5_21720	680	481	218.636	24.8807
lcl|NC_037648.1_mrna_XM_006570293.3_21721	669	470	495.364	57.6915
lcl|NC_037648.1_mrna_XM_006570296.3_21722	4560	4361	1227.99	15.4132
lcl|NC_037648.1_mrna_XM_006570295.3_21723	3908	3709	2362.27	34.8625
lcl|NC_037648.1_mrna_XM_026443606.1_21724	4390	4191	0.000177466	2.31783e-06
lcl|NC_037648.1_mrna_XM_006570298.3_21725	4031	3832	462.195	6.60214
lcl|NC_037648.1_mrna_XM_396781.6_21726	1928	1729	3169	100.326
lcl|NC_037648.1_mrna_XM_006570300.3_21727	3158	2959	403	7.45496
lcl|NC_037648.1_mrna_XM_006570301.3_21728	1405	1206	2974	134.983
lcl|NC_037648.1_mrna_XM_393468.6_21729	819	620	1270	112.124
lcl|NC_037648.1_mrna_XM_006570302.3_21730	2351	2152	19.9779	0.508151
lcl|NC_037648.1_mrna_XM_006570303.3_21731	2264	2065	0	0
lcl|NC_037648.1_ncrna_XR_001705044.2_21732	1221	1022	39.0221	2.08999
lcl|NC_037648.1_mrna_XM_003251509.4_21733	1680	1481	78	2.88287
lcl|NC_037648.1_mrna_XM_016915074.2_21734	6087	5888	548.706	5.10102
lcl|NC_037648.1_mrna_XM_396871.7_21735	6099	5900	666.972	6.18786
lcl|NC_037648.1_mrna_XM_026443966.1_21736	6119	5920	212.258	1.96258
lcl|NC_037648.1_mrna_XM_016915077.2_21737	3375	3176	64.8341	1.1174
lcl|NC_037648.1_mrna_XM_016915075.2_21738	3382	3183	98.2306	1.68926
lcl|NC_037648.1_ncrna_XR_411807.3_21739	2497	2298	141.261	3.3648
lcl|NC_037648.1_mrna_XM_625179.6_21740	4431	4232	3915.64	50.6457
lcl|NC_037648.1_mrna_XM_006570304.3_21741	4172	3973	18936.6	260.897
lcl|NC_037648.1_mrna_XM_026443967.1_21742	4037	3838	45.517	0.649163
lcl|NC_037648.1_ncrna_XR_003305782.1_21743	1671	1472	8	0.297487
lcl|NC_037648.1_ncrna_XR_003305783.1_21744	1757	1558	0	0
lcl|NC_037648.1_ncrna_XR_003305781.1_21745	1849	1650	0	0
lcl|NC_037648.1_mrna_XM_026443706.1_21746	8338	8139	854	5.74344
lcl|NC_037648.1_ncrna_XR_003305785.1_21747	454	255	0	0
lcl|NC_037648.1_ncrna_XR_003305786.1_21748	450	251	0	0
lcl|NC_037648.1_ncrna_XR_003305784.1_21749	598	399	2	0.274374
lcl|NC_037648.1_mrna_XM_016914813.2_21750	8719	8520	171.804	1.10377
lcl|NC_037648.1_mrna_XM_016914812.2_21751	8805	8606	2.8259e-06	1.79738e-08
lcl|NC_037648.1_mrna_XM_016914811.2_21752	8808	8609	0.00016993	1.08044e-06
lcl|NC_037648.1_mrna_XM_016914809.2_21753	7774	7575	43.9135	0.317322
lcl|NC_037648.1_mrna_XM_006570314.3_21754	7096	6897	2054.87	16.3083
lcl|NC_037648.1_mrna_XM_016914810.2_21755	7768	7569	0	0
lcl|NC_037648.1_mrna_XM_006570310.3_21756	7777	7578	0	0
lcl|NC_037648.1_mrna_XM_026443998.1_21757	7005	6806	426.456	3.42979
lcl|NC_037648.1_mrna_XM_006570316.3_21758	8264	8065	463.815	3.14793
lcl|NC_037648.1_mrna_XM_016914814.2_21759	6967	6768	0	0
lcl|NC_037648.1_mrna_XM_396873.6_21760	1816	1617	3030	102.569
lcl|NC_037648.1_mrna_XM_396874.7_21761	3223	3024	3335	60.367
lcl|NC_037648.1_mrna_XM_001122322.5_21762	3388	3189	2044.87	35.0991
lcl|NC_037648.1_mrna_XM_001122306.5_21763	2995	2796	926.131	18.131
lcl|NC_037648.1_mrna_XM_003251510.4_21764	2770	2571	36.2184	0.771103
lcl|NC_037648.1_mrna_XM_006570321.2_21765	3004	2805	781.757	15.2554
lcl|NC_037648.1_mrna_XM_016914807.2_21766	2547	2348	79.0337	1.84247
lcl|NC_037648.1_mrna_XM_006570323.3_21767	3018	2819	36.401	0.70681
lcl|NC_037648.1_mrna_XM_006570320.3_21768	3123	2924	44.392	0.831023
lcl|NC_037648.1_mrna_XM_006570319.3_21769	2424	2225	0	0
lcl|NC_037648.1_mrna_XM_006570322.3_21770	2612	2413	79.0984	1.7943
lcl|NC_037648.1_mrna_XM_016914808.2_21771	1611	1412	361.099	13.9984
lcl|NC_037648.1_trna_21772	73	3.5471	0	0
lcl|NC_037648.1_trna_21773	74	3.56892	0	0
lcl|NC_037648.1_mrna_XM_006570324.3_21774	1423	1224	752	33.6296
lcl|NC_037648.1_miscrna_XR_003305593.1_21775	3862	3663	344.397	5.14645
lcl|NC_037648.1_mrna_XM_026443659.1_21776	3767	3568	623.373	9.56331
lcl|NC_037648.1_mrna_XM_026443660.1_21777	3711	3512	325.231	5.069
lcl|NC_037648.1_mrna_XM_006570325.3_21778	1230	1031	206.2	10.9475
lcl|NC_037648.1_mrna_XM_625121.6_21779	1195	996	209.8	11.5301
lcl|NC_037648.1_mrna_XM_016914796.2_21780	3675	3476	8870.4	139.685
lcl|NC_037648.1_mrna_XM_006570328.3_21781	3404	3205	297.551	5.08182
lcl|NC_037648.1_mrna_XM_016914795.2_21782	2948	2749	49.0521	0.976715
lcl|NC_037648.1_mrna_XM_393750.7_21783	5457	5258	40678.7	423.479
lcl|NC_037648.1_mrna_XM_003251514.4_21784	5280	5081	2099.28	22.6155
lcl|NC_037648.1_mrna_XM_016914793.2_21785	6537	6338	2328.34	20.1085
lcl|NC_037648.1_mrna_XM_393751.7_21786	6739	6540	2557.72	21.4073
lcl|NC_037648.1_mrna_XM_016914797.2_21787	846	647	32363	2737.98
lcl|NC_037648.1_mrna_XM_006570334.3_21788	6637	6438	356.995	3.03526
lcl|NC_037648.1_mrna_XM_026443974.1_21789	1770	1571	44.4462	1.54862
lcl|NC_037648.1_mrna_XM_026443973.1_21790	1782	1583	869.301	30.059
lcl|NC_037648.1_mrna_XM_625071.6_21791	1922	1723	87.9193	2.79309
lcl|NC_037648.1_mrna_XM_006570348.3_21792	2030	1831	773.333	23.1187
lcl|NC_037648.1_mrna_XM_026443976.1_21793	2267	2068	240.222	6.3584
lcl|NC_037648.1_mrna_XM_026443977.1_21794	2040	1841	91.0733	2.70784
lcl|NC_037648.1_mrna_XM_026443975.1_21795	2069	1870	569.352	16.6657
lcl|NC_037648.1_mrna_XM_393233.7_21796	2069	1870	569.352	16.6657
lcl|NC_037648.1_mrna_XM_026443979.1_21797	4254	4055	1190	16.0635
lcl|NC_037648.1_mrna_XM_006570350.3_21798	1841	1642	1644.45	54.8192
lcl|NC_037648.1_mrna_XM_006570349.3_21799	1752	1553	60.304	2.12549
lcl|NC_037648.1_mrna_XM_006570351.2_21800	2204	2005	3046.25	83.1641
lcl|NC_037648.1_mrna_XM_624477.6_21801	1273	1074	599	30.5287
lcl|NC_037648.1_mrna_XM_395618.6_21802	2423	2224	1497.77	36.8635
lcl|NC_037648.1_mrna_XM_006570356.3_21803	2374	2175	488.228	12.2871
lcl|NC_037648.1_mrna_XM_026443981.1_21804	1449	1250	3309	144.901
lcl|NC_037648.1_mrna_XM_003251485.4_21805	1760	1561	419	14.6925
lcl|NC_037648.1_mrna_XM_026443601.1_21806	3544	3345	1839.43	30.1003
lcl|NC_037648.1_mrna_XM_026443602.1_21807	3520	3321	887.68	14.631
lcl|NC_037648.1_mrna_XM_026443605.1_21808	3572	3373	89.5794	1.45371
lcl|NC_037648.1_mrna_XM_026443600.1_21809	3482	3283	2879.07	48.0028
lcl|NC_037648.1_mrna_XM_026443603.1_21810	3482	3283	2266.37	37.7872
lcl|NC_037648.1_mrna_XM_026443604.1_21811	3227	3028	0	0
lcl|NC_037648.1_mrna_XM_026443598.1_21812	6766	6567	57.1463	0.476329
lcl|NC_037648.1_mrna_XM_016914889.2_21813	1243	1044	39.9603	2.09514
lcl|NC_037648.1_mrna_XM_016914890.2_21814	1097	898	0	0
lcl|NC_037648.1_ncrna_XR_003305567.1_21815	1948	1749	34.1503	1.06878
lcl|NC_037648.1_mrna_XM_006570374.3_21816	2890	2691	657.8	13.3803
lcl|NC_037648.1_mrna_XM_026443599.1_21817	2665	2466	334.2	7.4182
lcl|NC_037648.1_mrna_XM_006570370.3_21818	2690	2491	467.062	10.2633
lcl|NC_037648.1_mrna_XM_006570373.3_21819	2546	2347	437.445	10.2022
lcl|NC_037648.1_mrna_XM_006570372.3_21820	1731	1532	263.42	9.41186
lcl|NC_037648.1_mrna_XM_006570369.3_21821	1948	1749	162.769	5.09409
lcl|NC_037648.1_mrna_XM_396538.6_21822	1876	1677	285.304	9.31237
lcl|NC_037648.1_mrna_XM_016914891.2_21823	1193	994	79.4366	4.37441
lcl|NC_037648.1_mrna_XM_006570366.3_21824	1296	1097	22.4664	1.12102
lcl|NC_037648.1_mrna_XM_006570365.3_21825	1294	1095	30.84	1.54165
lcl|NC_037648.1_mrna_XM_396537.7_21826	3613	3414	301.876	4.84006
lcl|NC_037648.1_mrna_XM_016914884.2_21827	3766	3567	1147.93	17.6157
lcl|NC_037648.1_mrna_XM_006570360.3_21828	4351	4152	0	0
lcl|NC_037648.1_mrna_XM_016914887.2_21829	2693	2494	255.996	5.61852
lcl|NC_037648.1_mrna_XM_016914886.2_21830	2678	2479	941.109	20.7802
lcl|NC_037648.1_mrna_XM_016914885.2_21831	3149	2950	232.888	4.32126
lcl|NC_037648.1_mrna_XM_006570361.3_21832	4160	3961	187.377	2.58939
lcl|NC_037648.1_mrna_XM_006570362.3_21833	3985	3786	43.3163	0.626261
lcl|NC_037648.1_mrna_XM_006570364.3_21834	3762	3563	75.1362	1.1543
lcl|NC_037648.1_mrna_XM_001121373.5_21835	1987	1788	1226.24	37.5399
lcl|NC_037648.1_mrna_XM_006570359.3_21836	1761	1562	0	0
lcl|NC_037648.1_mrna_XM_006570358.3_21837	2790	2591	176.297	3.72445
lcl|NC_037648.1_mrna_XM_026443779.1_21838	1925	1726	974	30.889
lcl|NC_037648.1_mrna_XM_016915266.2_21839	1093	894	592	36.2468
lcl|NC_037648.1_mrna_XM_006570379.2_21840	4921	4722	10713.1	124.186
lcl|NC_037648.1_mrna_XM_006570380.2_21841	4846	4647	1647.58	19.4071
lcl|NC_037648.1_mrna_XM_026444105.1_21842	4754	4555	0.00630098	7.5719e-05
lcl|NC_037648.1_mrna_XM_026444106.1_21843	4739	4540	2.60651e-06	3.14259e-08
lcl|NC_037648.1_mrna_XM_026444107.1_21844	4622	4423	758.152	9.38263
lcl|NC_037648.1_mrna_XM_026444108.1_21845	4607	4408	3.1858	0.0395605
lcl|NC_037648.1_mrna_XM_623241.6_21846	1054	855	829	53.073
lcl|NC_037648.1_mrna_XM_026444122.1_21847	1901	1702	266.76	8.5792
lcl|NC_037648.1_mrna_XM_026444120.1_21848	2452	2253	73.8951	1.79531
lcl|NC_037648.1_mrna_XM_026444121.1_21849	1821	1622	27.8761	0.940734
lcl|NC_037648.1_mrna_XM_026444119.1_21850	2141	1942	167.282	4.71504
lcl|NC_037648.1_mrna_XM_026444118.1_21851	2081	1882	227.955	6.63002
lcl|NC_037648.1_mrna_XM_026444123.1_21852	1795	1596	129.178	4.4304
lcl|NC_037648.1_mrna_XM_026444124.1_21853	1648	1449	69.0531	2.60856
lcl|NC_037648.1_mrna_XM_003251489.4_21854	626	427	416.834	53.4344
lcl|NC_037648.1_mrna_XM_001121212.5_21855	584	385	43.1655	6.13708
lcl|NC_037648.1_mrna_XM_006570384.3_21856	589	390	0.000105047	1.47437e-05
lcl|NC_037648.1_mrna_XM_006570390.2_21857	3292	3093	12.6692	0.22421
lcl|NC_037648.1_mrna_XM_026444126.1_21858	3104	2905	61.6185	1.16105
lcl|NC_037648.1_mrna_XM_006570388.3_21859	2687	2488	0	0
lcl|NC_037648.1_mrna_XM_026444127.1_21860	2945	2746	0	0
lcl|NC_037648.1_mrna_XM_026444125.1_21861	2896	2697	252.158	5.11772
lcl|NC_037648.1_mrna_XM_016914758.2_21862	2581	2382	222.554	5.11423
lcl|NC_037648.1_mrna_XM_026444112.1_21863	2154	1955	18.3051	0.512519
lcl|NC_037648.1_mrna_XM_016914733.2_21864	2784	2585	0	0
lcl|NC_037648.1_mrna_XM_016914735.2_21865	2778	2579	553.375	11.745
lcl|NC_037648.1_mrna_XM_016914736.2_21866	2766	2567	689.028	14.6925
lcl|NC_037648.1_trna_21867	72	3.52559	0	0
lcl|NC_037648.1_mrna_XM_016914734.2_21868	2646	2447	3.78142	0.0845874
lcl|NC_037648.1_ncrna_XR_003305812.1_21869	162	8.26769	0	0
lcl|NC_037648.1_mrna_XM_006570387.3_21870	2513	2314	2085.69	49.3368
lcl|NC_037648.1_mrna_XM_006570385.3_21871	3298	3099	2415.25	42.6605
lcl|NC_037648.1_mrna_XM_006570386.3_21872	3289	3090	542.987	9.6187
lcl|NC_037648.1_mrna_XM_396542.7_21873	3310	3111	0.30513	0.00536871
lcl|NC_037648.1_ncrna_XR_001704712.2_21874	361	162	14	4.7304
lcl|NC_037648.1_mrna_XM_624819.6_21875	3879	3680	1315	19.5597
lcl|NC_037648.1_mrna_XM_016914755.2_21876	2128	1929	1529.84	43.4111
lcl|NC_037648.1_mrna_XM_016914748.2_21877	2290	2091	240.222	6.28846
lcl|NC_037648.1_mrna_XM_016914749.2_21878	2272	2073	1823.38	48.1464
lcl|NC_037648.1_mrna_XM_016914746.2_21879	2320	2121	4015.85	103.639
lcl|NC_037648.1_mrna_XM_026444113.1_21880	2326	2127	1332.75	34.2978
lcl|NC_037648.1_mrna_XM_016914738.2_21881	2362	2163	1884.77	47.6966
lcl|NC_037648.1_mrna_XM_016914741.2_21882	2356	2157	0.0200332	0.000508376
lcl|NC_037648.1_mrna_XM_026444116.1_21883	2176	1977	4102.39	113.584
lcl|NC_037648.1_mrna_XM_006570393.3_21884	2389	2190	5096.7	127.388
lcl|NC_037648.1_mrna_XM_006570399.3_21885	2179	1980	0.00818869	0.000226378
lcl|NC_037648.1_mrna_XM_026444115.1_21886	2284	2085	219.038	5.7504
lcl|NC_037648.1_mrna_XM_026444114.1_21887	2320	2121	9.07909e-08	2.34308e-09
lcl|NC_037648.1_mrna_XM_006570392.3_21888	2392	2193	0.0367581	0.000917488
lcl|NC_037648.1_mrna_XM_026444109.1_21889	4537	4338	2670.9	33.7018
lcl|NC_037648.1_miscrna_XR_001704711.2_21890	8326	8127	110.717	0.745709
lcl|NC_037648.1_mrna_XM_016914727.2_21891	8199	8000	120.694	0.825815
lcl|NC_037648.1_mrna_XM_016914729.2_21892	4611	4412	242.052	3.00302
lcl|NC_037648.1_precursorrna_NR_127375.1_21893	70	3.48345	0	0
lcl|NC_037648.1_ncrna_21894	22	2.73612	0	0
lcl|NC_037648.1_mrna_XM_026444117.1_21895	3010	2811	430	8.37323
lcl|NC_037648.1_mrna_XM_016914731.2_21896	3219	3020	116.419	2.1101
lcl|NC_037648.1_mrna_XM_026444110.1_21897	3960	3761	52.6762	0.766649
lcl|NC_037648.1_mrna_XM_006570403.3_21898	3875	3676	239.905	3.5723
lcl|NC_037648.1_mrna_XM_016914730.2_21899	3761	3562	0	0
lcl|NC_037648.1_mrna_XM_016914759.2_21900	1201	1002	25	1.36571
lcl|NC_037648.1_mrna_XM_006570406.3_21901	4498	4299	344.871	4.39111
lcl|NC_037648.1_mrna_XM_396547.7_21902	4454	4255	1573.79	20.2457
lcl|NC_037648.1_mrna_XM_026444111.1_21903	5005	4806	897	10.2163
lcl|NC_037648.1_mrna_XM_026443707.1_21904	11725	11526	1498	7.11408
lcl|NC_037648.1_mrna_XM_393258.7_21905	1571	1372	40.6519	1.62185
lcl|NC_037648.1_mrna_XM_006570408.3_21906	1436	1237	252.348	11.1665
lcl|NC_037648.1_mrna_XM_393259.7_21907	1231	1032	436.848	23.1706
lcl|NC_037648.1_mrna_XM_016914726.2_21908	1294	1095	0.00596649	0.000298257
lcl|NC_037648.1_mrna_XM_006570407.3_21909	1377	1178	456.146	21.1955
lcl|NC_037648.1_mrna_XM_623394.6_21910	3672	3473	295.931	4.66413
lcl|NC_037648.1_mrna_XM_006570412.3_21911	3680	3481	3336.88	52.4713
lcl|NC_037648.1_mrna_XM_006570410.3_21912	1676	1477	868.81	32.198
lcl|NC_037648.1_mrna_XM_026443647.1_21913	2637	2438	479	10.7544
lcl|NC_037648.1_mrna_XM_006570415.3_21914	4489	4290	75.1725	0.959151
lcl|NC_037648.1_mrna_XM_006570414.3_21915	5112	4913	2707.83	30.1689
lcl|NC_037648.1_mrna_XM_393466.7_21916	1210	1011	998	54.0337
lcl|NC_037648.1_mrna_XM_026444041.1_21917	5541	5342	415.044	4.2528
lcl|NC_037648.1_mrna_XM_026444043.1_21918	5247	5048	800.991	8.68547
lcl|NC_037648.1_mrna_XM_026444042.1_21919	6121	5922	617.662	5.7091
lcl|NC_037648.1_mrna_XM_026444044.1_21920	5464	5265	0.000762085	7.92301e-06
lcl|NC_037648.1_mrna_XM_003251492.4_21921	1366	1167	158.855	7.45101
lcl|NC_037648.1_mrna_XM_001119971.5_21922	2709	2510	456.302	9.95094
lcl|NC_037648.1_mrna_XM_006570420.3_21923	3154	2955	0	0
lcl|NC_037648.1_mrna_XM_006570421.3_21924	3129	2930	59.9371	1.11973
lcl|NC_037648.1_mrna_XM_016915160.2_21925	2516	2317	0.00640714	0.000151364
lcl|NC_037648.1_mrna_XM_026444046.1_21926	2882	2683	70.7545	1.44351
lcl|NC_037648.1_mrna_XM_391875.7_21927	1715	1516	0.000848238	3.06269e-05
lcl|NC_037648.1_mrna_XM_006570417.3_21928	1702	1503	44.5324	1.62182
lcl|NC_037648.1_mrna_XM_006570418.3_21929	1567	1368	655.467	26.2271
lcl|NC_037648.1_mrna_NM_001256035.1_21930	4039	3840	555.789	7.92253
lcl|NC_037648.1_mrna_XM_026443556.1_21931	3811	3612	102.211	1.54894
lcl|NC_037648.1_mrna_XM_026443607.1_21932	5659	5460	2548.75	25.5517
lcl|NC_037648.1_mrna_XM_016915172.2_21933	5677	5478	70.2468	0.701923
lcl|NC_037648.1_mrna_XM_393754.6_21934	3040	2841	634.93	12.2332
lcl|NC_037648.1_mrna_XM_016915198.1_21935	2955	2756	130.07	2.58336
lcl|NC_037648.1_mrna_XM_006570429.3_21936	2308	2109	1538.09	39.92
lcl|NC_037648.1_mrna_XM_006570427.3_21937	2136	1937	1332.46	37.6538
lcl|NC_037648.1_mrna_XM_006570426.3_21938	1984	1785	289.423	8.87523
lcl|NC_037648.1_ncrna_XR_001705012.2_21939	556	357	23.884	3.66205
lcl|NC_037648.1_ncrna_XR_001705013.2_21940	770	571	82.1462	7.87475
lcl|NC_037648.1_mrna_XM_006570268.3_21941	5253	5054	636.192	6.8903
lcl|NC_037648.1_mrna_NM_001134948.1_21942	3181	2982	250.147	4.59169
lcl|NC_037648.1_mrna_XM_016914657.2_21943	4495	4296	7.23248	0.0921527
lcl|NC_037648.1_ncrna_XR_003305730.1_21944	1301	1102	30.1193	1.49606
lcl|NC_037648.1_mrna_XM_006570434.3_21945	3589	3390	4324.41	69.8253
lcl|NC_037648.1_mrna_XM_006570436.3_21946	3393	3194	863.314	14.7951
lcl|NC_037648.1_mrna_XM_006570435.3_21947	3569	3370	567.515	9.21791
lcl|NC_037648.1_mrna_XM_026443708.1_21948	6664	6465	1780	15.0708
lcl|NC_037648.1_mrna_XM_393759.5_21949	1695	1496	1836.24	67.1868
lcl|NC_037648.1_mrna_XM_016914707.2_21950	3643	3444	8135.93	129.309
lcl|NC_037648.1_mrna_XM_026443920.1_21951	3403	3204	1004.08	17.1538
lcl|NC_037648.1_mrna_XM_006570430.3_21952	2003	1804	354.401	10.7534
lcl|NC_037648.1_mrna_XM_016914711.2_21953	1872	1673	6.18077	0.202224
lcl|NC_037648.1_mrna_XM_016914710.2_21954	1641	1442	29.0605	1.10312
lcl|NC_037648.1_mrna_NM_001242433.1_21955	2514	2315	6829	161.47
lcl|NC_037648.1_mrna_NM_001168425.1_21956	1144	945	424	24.5595
lcl|NC_037648.1_mrna_NM_001278325.1_21957	2195	1996	95.7242	2.6251
lcl|NC_037648.1_mrna_XM_016914669.2_21958	1130	931	2266.28	133.244
lcl|NC_037648.1_mrna_XM_391879.7_21959	1209	1010	1950	105.681
lcl|NC_037648.1_miscrna_XR_411797.3_21960	7863	7664	1273.02	9.0921
lcl|NC_037648.1_mrna_XM_006570275.3_21961	7479	7280	16.6812	0.125424
lcl|NC_037648.1_miscrna_XR_001704700.2_21962	7750	7551	5488.38	39.7855
lcl|NC_037648.1_miscrna_XR_411798.3_21963	7861	7662	815.072	5.82289
lcl|NC_037648.1_mrna_NM_001278326.1_21964	3007	2808	1021.16	19.906
lcl|NC_037648.1_mrna_XM_026443539.1_21965	1609	1410	171.292	6.64971
lcl|NC_037648.1_mrna_XM_026443540.1_21966	1497	1298	423.061	17.8408
lcl|NC_037648.1_miscrna_XR_003305544.1_21967	1909	1710	307.013	9.82758
lcl|NC_037648.1_mrna_XM_026443538.1_21968	1607	1408	99.5682	3.87082
lcl|NC_037648.1_mrna_XM_006570273.3_21969	1488	1289	416.643	17.6928
lcl|NC_037648.1_mrna_XM_006570274.3_21970	1220	1021	6.90852	0.370378
lcl|NC_037648.1_mrna_XM_016914662.2_21971	1107	908	3.23025	0.194731
lcl|NC_037648.1_mrna_XM_393761.7_21972	2411	2212	4350.22	107.649
lcl|NC_037648.1_mrna_XM_006570440.3_21973	2406	2207	1786.78	44.3153
lcl|NC_037648.1_mrna_XM_391880.7_21974	2185	1986	8364	230.526
lcl|NC_037648.1_mrna_XM_006570443.3_21975	3022	2823	13.4837	0.261446
lcl|NC_037648.1_mrna_XM_003251496.4_21976	3024	2825	5.51633	0.106885
lcl|NC_037648.1_mrna_XM_391881.7_21977	2663	2464	209	4.64292
lcl|NC_037648.1_mrna_XM_026443727.1_21978	4037	3838	14.3882	0.205204
lcl|NC_037648.1_mrna_XM_026443728.1_21979	3481	3282	8.29641	0.138368
lcl|NC_037648.1_mrna_XM_026443729.1_21980	3463	3264	0	0
lcl|NC_037648.1_mrna_XM_393764.7_21981	940	741	701	51.7827
lcl|NC_037648.1_mrna_XM_001120846.5_21982	1265	1066	933	47.9082
lcl|NC_037648.1_mrna_XM_006570444.3_21983	5842	5643	0.0139014	0.000134845
lcl|NC_037648.1_mrna_XM_391882.7_21984	5839	5640	0.813848	0.00789859
lcl|NC_037648.1_mrna_XM_006570452.3_21985	5704	5505	26.7008	0.265492
lcl|NC_037648.1_mrna_XM_006570453.3_21986	5701	5502	1693.51	16.8482
lcl|NC_037648.1_mrna_XM_016914704.2_21987	5839	5640	1435.39	13.9308
lcl|NC_037648.1_mrna_XM_006570445.3_21988	5782	5583	344.14	3.37406
lcl|NC_037648.1_mrna_XM_026443731.1_21989	3644	3445	97.2065	1.54451
lcl|NC_037648.1_mrna_XM_006570449.3_21990	8750	8551	362	2.31727
lcl|NC_037648.1_mrna_XM_006570450.3_21991	8747	8548	178.84	1.14521
lcl|NC_037648.1_mrna_XM_006570446.3_21992	8432	8233	533.508	3.54706
lcl|NC_037648.1_mrna_XM_006570447.3_21993	8387	8188	583.663	3.90184
lcl|NC_037648.1_mrna_XM_006570448.3_21994	8325	8126	535.184	3.60505
lcl|NC_037648.1_mrna_XM_006570451.3_21995	5101	4902	5644.7	63.0308
lcl|NC_037648.1_mrna_XM_624015.6_21996	3542	3343	32.5014	0.532171
lcl|NC_037648.1_mrna_XM_006570456.3_21997	3537	3338	0	0
lcl|NC_037648.1_mrna_XM_016914706.2_21998	2901	2702	0.00923593	0.000187103
lcl|NC_037648.1_mrna_XM_006570457.3_21999	3148	2949	1393.09	25.8576
lcl|NC_037648.1_mrna_XM_016914705.2_22000	2822	2623	346.402	7.22883
lcl|NC_037648.1_mrna_XM_003251498.4_22001	1806	1607	86.4853	2.94586
lcl|NC_037648.1_miscrna_XR_411830.3_22002	1817	1618	537.515	18.1843
lcl|NC_037648.1_mrna_XM_026443734.1_22003	2394	2195	1861.23	46.4143
lcl|NC_037648.1_mrna_XM_026443735.1_22004	1835	1636	455.766	15.2491
lcl|NC_037648.1_mrna_XM_026443733.1_22005	5908	5709	223.133	2.13939
lcl|NC_037648.1_mrna_XM_026443732.1_22006	5962	5763	1417.68	13.4653
lcl|NC_037648.1_miscrna_XR_003305623.1_22007	4756	4557	18.8885	0.226884
lcl|NC_037648.1_mrna_XM_026443714.1_22008	3970	3771	68.2946	0.991323
lcl|NC_037648.1_ncrna_XR_001704701.2_22009	1276	1077	460	23.3791
lcl|NC_037648.1_mrna_XM_006570461.3_22010	8951	8752	0	0
lcl|NC_037648.1_mrna_XM_006570460.3_22011	8830	8631	17.4076	0.110398
lcl|NC_037648.1_mrna_XM_006570458.3_22012	8953	8754	0	0
lcl|NC_037648.1_mrna_XM_006570464.3_22013	8948	8749	0	0
lcl|NC_037648.1_mrna_XM_006570463.3_22014	8847	8648	0	0
lcl|NC_037648.1_mrna_XM_016914700.2_22015	8850	8651	0	0
lcl|NC_037648.1_mrna_XM_006570462.3_22016	8864	8665	17.5884	0.111107
lcl|NC_037648.1_mrna_XM_006570466.3_22017	8385	8186	1213.56	8.11471
lcl|NC_037648.1_mrna_XM_006570459.3_22018	8579	8380	0	0
lcl|NC_037648.1_mrna_XM_016914699.2_22019	8046	7847	2595.38	18.1044
lcl|NC_037648.1_mrna_XM_006570465.3_22020	8119	7920	0	0
lcl|NC_037648.1_mrna_XM_016914701.2_22021	7474	7275	28.0647	0.211161
lcl|NC_037648.1_mrna_XM_026443715.1_22022	4173	3974	444	6.11562
lcl|NC_037648.1_mrna_XM_006570470.3_22023	1997	1798	404	12.2992
lcl|NC_037648.1_mrna_XM_006570469.3_22024	4457	4258	136.64	1.75654
lcl|NC_037648.1_mrna_XM_623894.5_22025	4517	4318	2419.42	30.67
lcl|NC_037648.1_mrna_XM_026443593.1_22026	6115	5916	7984.56	73.8768
lcl|NC_037648.1_mrna_XM_016915103.2_22027	6055	5856	1609.44	15.0439
lcl|NC_037648.1_ncrna_XR_411833.3_22028	245	46.6066	0	0
lcl|NC_037648.1_mrna_NM_001327957.1_22029	2683	2484	127	2.79858
lcl|NW_020555821.1_mrna_XM_026445948.1_22030	531	332	264.524	43.6126
lcl|NW_020555822.1_ncrna_XR_003306383.1_22031	3326	3127	0	0
lcl|NW_020555822.1_ncrna_XR_003306377.1_22032	3646	3447	0	0
lcl|NW_020555822.1_ncrna_XR_003306382.1_22033	3523	3324	1.55292	0.0255726
lcl|NW_020555822.1_ncrna_XR_003306373.1_22034	3526	3327	0	0
lcl|NW_020555822.1_ncrna_XR_003306384.1_22035	3269	3070	0	0
lcl|NW_020555822.1_ncrna_XR_003306381.1_22036	3523	3324	1.55292	0.0255726
lcl|NW_020555822.1_ncrna_XR_003306372.1_22037	3526	3327	0	0
lcl|NW_020555822.1_ncrna_XR_003306380.1_22038	3701	3502	0	0
lcl|NW_020555822.1_ncrna_XR_003306371.1_22039	3704	3505	0	0
lcl|NW_020555822.1_ncrna_XR_003306387.1_22040	2855	2656	0	0
lcl|NW_020555822.1_ncrna_XR_003306385.1_22041	3173	2974	3.14253	0.0578393
lcl|NW_020555822.1_ncrna_XR_003306375.1_22042	3687	3488	0	0
lcl|NW_020555822.1_ncrna_XR_003306379.1_22043	3568	3369	0	0
lcl|NW_020555822.1_ncrna_XR_003306378.1_22044	3570	3371	0	0
lcl|NW_020555822.1_ncrna_XR_003306376.1_22045	3574	3375	0	0
lcl|NW_020555822.1_ncrna_XR_003306391.1_22046	2189	1990	248.139	6.82539
lcl|NW_020555822.1_ncrna_XR_003306388.1_22047	2246	2047	0.00116182	3.10675e-05
lcl|NW_020555822.1_ncrna_XR_003306389.1_22048	2231	2032	0.0360861	0.000972079
lcl|NW_020555822.1_ncrna_XR_003306393.1_22049	2110	1911	2.45538e-08	7.03304e-10
lcl|NW_020555822.1_ncrna_XR_003306392.1_22050	2113	1914	0	0
lcl|NW_020555822.1_ncrna_XR_003306390.1_22051	2116	1917	0	0
lcl|NW_020555822.1_ncrna_XR_003306370.1_22052	1376	1177	694.965	32.32
lcl|NW_020555822.1_ncrna_XR_003306386.1_22053	2644	2445	111.012	2.48528
lcl|NC_037649.1_mrna_XM_016915455.2_22054	3895	3696	0	0
lcl|NC_037649.1_mrna_XM_026444465.1_22055	3909	3710	0	0
lcl|NC_037649.1_mrna_XM_006557607.3_22056	3908	3709	0	0
lcl|NC_037649.1_mrna_XM_026444466.1_22057	3893	3694	0	0
lcl|NC_037649.1_mrna_XM_016915454.2_22058	4007	3808	32.6992	0.470029
lcl|NC_037649.1_mrna_XM_006557600.3_22059	3985	3786	0	0
lcl|NC_037649.1_mrna_XM_016915464.2_22060	3804	3605	0	0
lcl|NC_037649.1_mrna_XM_006557605.3_22061	3927	3728	0	0
lcl|NC_037649.1_mrna_XM_006557606.3_22062	3912	3713	0	0
lcl|NC_037649.1_mrna_XM_016915456.2_22063	3879	3680	0	0
lcl|NC_037649.1_mrna_XM_006557596.3_22064	4003	3804	0	0
lcl|NC_037649.1_mrna_XM_006557599.3_22065	3988	3789	0	0
lcl|NC_037649.1_mrna_XM_006557597.3_22066	3985	3786	88.3172	1.27688
lcl|NC_037649.1_mrna_XM_006557613.3_22067	5179	4980	134.288	1.47602
lcl|NC_037649.1_mrna_XM_006557611.3_22068	3785	3586	238.359	3.63837
lcl|NC_037649.1_mrna_XM_016915463.2_22069	3606	3407	0	0
lcl|NC_037649.1_mrna_XM_016915459.2_22070	3731	3532	0	0
lcl|NC_037649.1_mrna_XM_001122824.5_22071	1741	1542	122	4.33073
lcl|NC_037649.1_mrna_XM_006557614.3_22072	4513	4314	28.8462	0.36601
lcl|NC_037649.1_mrna_XM_016915462.2_22073	4387	4188	0	0
lcl|NC_037649.1_mrna_XM_006557612.3_22074	4334	4135	107.692	1.42558
lcl|NC_037649.1_mrna_XM_016915461.2_22075	4208	4009	0	0
lcl|NC_037649.1_ncrna_XR_001706250.2_22076	628	429	3	0.38278
lcl|NC_037649.1_mrna_XM_006558106.3_22077	7476	7277	23.9979	0.180512
lcl|NC_037649.1_mrna_XM_006558107.3_22078	7366	7167	0	0
lcl|NC_037649.1_mrna_XM_006558104.3_22079	7530	7331	0.00212856	1.58931e-05
lcl|NC_037649.1_miscrna_XR_003305813.1_22080	12285	12086	176.487	0.79931
lcl|NC_037649.1_mrna_NM_001113285.1_22081	2777	2578	0	0
lcl|NC_037649.1_ncrna_XR_003305900.1_22082	2142	1943	10557	297.408
lcl|NC_037649.1_ncrna_XR_003305899.1_22083	2836	2637	0	0
lcl|NC_037649.1_ncrna_XR_407741.3_22084	2800	2601	0	0
lcl|NC_037649.1_ncrna_XR_407740.3_22085	2710	2511	2	0.0435982
lcl|NC_037649.1_mrna_XM_016915561.2_22086	1026	827	1	0.0661881
lcl|NC_037649.1_mrna_XM_003249181.4_22087	1652	1453	0	0
lcl|NC_037649.1_mrna_XM_026444439.1_22088	2965	2766	1	0.0197894
lcl|NC_037649.1_mrna_XM_026444440.1_22089	3064	2865	1	0.0191056
lcl|NC_037649.1_mrna_XM_006558326.3_22090	2038	1839	0	0
lcl|NC_037649.1_mrna_XM_026444441.1_22091	3055	2856	0	0
lcl|NC_037649.1_mrna_XM_003249220.4_22092	1883	1684	0	0
lcl|NC_037649.1_mrna_XM_003249219.4_22093	1971	1772	0	0
lcl|NC_037649.1_mrna_XM_026444442.1_22094	2967	2768	1	0.0197751
lcl|NC_037649.1_mrna_XM_016915594.2_22095	1402	1203	6.48718	0.295172
lcl|NC_037649.1_mrna_XM_003249233.4_22096	1352	1153	8.51282	0.404138
lcl|NC_037649.1_mrna_XM_016915586.2_22097	1774	1575	2	0.069508
lcl|NC_037649.1_mrna_XM_026444443.1_22098	2023	1824	0	0
lcl|NC_037649.1_mrna_XM_026444444.1_22099	3171	2972	0	0
lcl|NC_037649.1_mrna_XM_026444471.1_22100	1544	1345	0	0
lcl|NC_037649.1_mrna_XM_026444472.1_22101	1469	1270	0	0
lcl|NC_037649.1_mrna_XM_016915583.2_22102	1430	1231	3	0.133398
lcl|NC_037649.1_mrna_XM_016915582.2_22103	1555	1356	0	0
lcl|NC_037649.1_mrna_XM_016915581.2_22104	1535	1336	0	0
lcl|NC_037649.1_mrna_XM_026444473.1_22105	1183	984	0	0
lcl|NC_037649.1_mrna_XM_001120948.5_22106	2181	1982	1	0.0276173
lcl|NC_037649.1_mrna_XM_003249230.4_22107	3899	3700	14	0.207115
lcl|NC_037649.1_mrna_XM_006558321.3_22108	1152	953	4696	269.725
lcl|NC_037649.1_mrna_XM_006558333.2_22109	3535	3336	163	2.67453
lcl|NC_037649.1_mrna_XM_026444251.1_22110	3713	3514	2538	39.5344
lcl|NC_037649.1_mrna_XM_006558320.3_22111	1249	1050	0	0
lcl|NC_037649.1_mrna_XM_395812.6_22112	1296	1097	402	20.0588
lcl|NC_037649.1_mrna_XM_026444319.1_22113	4909	4710	238.455	2.77122
lcl|NC_037649.1_mrna_XM_026444320.1_22114	4782	4583	0.0875422	0.00104557
lcl|NC_037649.1_mrna_XM_016915614.2_22115	4385	4186	289.458	3.78504
lcl|NC_037649.1_mrna_XM_003249214.4_22116	2040	1841	370	11.001
lcl|NC_037649.1_mrna_XM_006558318.3_22117	1576	1377	253	10.0571
lcl|NC_037649.1_mrna_XM_395256.7_22118	1890	1691	5026	162.691
lcl|NC_037649.1_mrna_XM_026444297.1_22119	3375	3176	3088.4	53.2278
lcl|NC_037649.1_mrna_XM_006558317.3_22120	3780	3581	57.0269	0.871687
lcl|NC_037649.1_mrna_XM_016915579.2_22121	3481	3282	0.000161947	2.70097e-06
lcl|NC_037649.1_mrna_XM_396981.7_22122	3264	3065	118.572	2.11757
lcl|NC_037649.1_mrna_XM_393446.6_22123	1672	1473	960	35.6742
lcl|NC_037649.1_ncrna_XR_001705292.2_22124	1829	1630	2.99997	0.100743
lcl|NC_037649.1_ncrna_XR_407815.3_22125	1844	1645	2.86092e-05	9.51973e-07
lcl|NC_037649.1_ncrna_XR_001705294.2_22126	452	253	0	0
lcl|NC_037649.1_mrna_XM_006558315.3_22127	1675	1476	5	0.185425
lcl|NC_037649.1_mrna_XM_016915470.2_22128	7735	7536	137.216	0.996664
lcl|NC_037649.1_mrna_XM_016915471.2_22129	7673	7474	461.044	3.37656
lcl|NC_037649.1_mrna_XM_026444361.1_22130	7922	7723	33.707	0.238902
lcl|NC_037649.1_mrna_XM_016915472.2_22131	5184	4985	432.202	4.74578
lcl|NC_037649.1_mrna_XM_006558314.3_22132	706	507	1	0.107964
lcl|NC_037649.1_mrna_XM_016915479.2_22133	1441	1242	50	2.2036
lcl|NC_037649.1_mrna_XM_026444363.1_22134	2182	1983	92	2.53951
lcl|NC_037649.1_mrna_XM_003249241.4_22135	853	654	8277	692.756
lcl|NC_037649.1_mrna_XM_006558313.3_22136	838	639	79.3269	6.79524
lcl|NC_037649.1_ncrna_XR_001705196.2_22137	552	353	108.757	16.8643
lcl|NC_037649.1_mrna_XM_026444373.1_22138	3400	3201	0.40438	0.00691496
lcl|NC_037649.1_mrna_XM_026444371.1_22139	3421	3222	0	0
lcl|NC_037649.1_mrna_XM_026444369.1_22140	3433	3234	0.00175858	2.97652e-05
lcl|NC_037649.1_mrna_XM_026444376.1_22141	3220	3021	60.8401	1.10236
lcl|NC_037649.1_mrna_XM_026444367.1_22142	3436	3237	3.00071e-07	5.07419e-09
lcl|NC_037649.1_mrna_XM_026444366.1_22143	3457	3258	0	0
lcl|NC_037649.1_mrna_XM_026444375.1_22144	3253	3054	0.190674	0.0034175
lcl|NC_037649.1_mrna_XM_026444374.1_22145	3158	2959	0	0
lcl|NC_037649.1_mrna_XM_026444368.1_22146	3433	3234	0	0
lcl|NC_037649.1_mrna_XM_026444372.1_22147	3194	2995	50.3896	0.920936
lcl|NC_037649.1_mrna_XM_026444365.1_22148	3466	3267	0	0
lcl|NC_037649.1_mrna_XM_026444364.1_22149	3469	3270	0	0
lcl|NC_037649.1_mrna_XM_026444379.1_22150	3055	2856	0	0
lcl|NC_037649.1_mrna_XM_026444378.1_22151	3056	2857	0	0
lcl|NC_037649.1_mrna_XM_026444377.1_22152	3356	3157	19.2694	0.334101
lcl|NC_037649.1_mrna_XM_016915478.2_22153	1462	1263	802.707	34.7887
lcl|NC_037649.1_mrna_XM_016915477.2_22154	1237	1038	7952.29	419.354
lcl|NC_037649.1_ncrna_XR_003305862.1_22155	1923	1724	0	0
lcl|NC_037649.1_ncrna_XR_003305863.1_22156	1869	1670	8.98982	0.294659
lcl|NC_037649.1_ncrna_XR_003305861.1_22157	1878	1679	0.0101849	0.000332042
lcl|NC_037649.1_ncrna_XR_119778.4_22158	506	307	7	1.24809
lcl|NC_037649.1_ncrna_XR_003305843.1_22159	1400	1201	0	0
lcl|NC_037649.1_mrna_XM_016915353.2_22160	1308	1109	0	0
lcl|NC_037649.1_mrna_XM_026444316.1_22161	1257	1058	0	0
lcl|NC_037649.1_mrna_XM_026444317.1_22162	1238	1039	0	0
lcl|NC_037649.1_mrna_XM_006558306.3_22163	2611	2412	79.377	1.80137
lcl|NC_037649.1_mrna_XM_016915599.2_22164	2681	2482	172.172	3.79704
lcl|NC_037649.1_mrna_XM_016915598.2_22165	2617	2418	3.45148	0.0781329
lcl|NC_037649.1_mrna_XM_006558330.3_22166	1224	1025	1058	56.4998
lcl|NC_037649.1_mrna_XM_006558301.3_22167	4587	4388	71.2862	0.889251
lcl|NC_037649.1_ncrna_XR_003305870.1_22168	1368	1169	38	1.77932
lcl|NC_037649.1_mrna_XM_016915623.2_22169	1748	1549	438	15.4778
lcl|NC_037649.1_mrna_XM_016915624.2_22170	1173	974	242.294	13.6166
lcl|NC_037649.1_miscrna_XR_001705276.2_22171	1292	1093	183.706	9.20004
lcl|NC_037649.1_mrna_XM_393450.7_22172	1325	1126	712	34.612
lcl|NC_037649.1_mrna_XM_026444505.1_22173	4128	3929	33.2452	0.463161
lcl|NC_037649.1_mrna_XM_026444508.1_22174	4046	3847	2.36897	0.0337072
lcl|NC_037649.1_mrna_XM_026444506.1_22175	4121	3922	0	0
lcl|NC_037649.1_mrna_XM_026444507.1_22176	4121	3922	0	0
lcl|NC_037649.1_mrna_XM_026444502.1_22177	4151	3952	97.7327	1.35366
lcl|NC_037649.1_mrna_XM_026444504.1_22178	4364	4165	565.915	7.43741
lcl|NC_037649.1_mrna_XM_026444501.1_22179	4195	3996	0	0
lcl|NC_037649.1_mrna_XM_026444509.1_22180	4228	4029	1877.74	25.5107
lcl|NC_037649.1_precursorrna_NR_039471.1_22181	129	5.5143	0	0
lcl|NC_037649.1_ncrna_22182	21	2.72438	0	0
lcl|NC_037649.1_mrna_XM_006558846.2_22183	1359	1160	0	0
lcl|NC_037649.1_mrna_XM_393544.6_22184	1427	1228	4840	215.741
lcl|NC_037649.1_mrna_XM_026444301.1_22185	4002	3803	0	0
lcl|NC_037649.1_miscrna_XR_003305840.1_22186	2454	2255	6.06243	0.147159
lcl|NC_037649.1_miscrna_XR_003305838.1_22187	2498	2299	0	0
lcl|NC_037649.1_miscrna_XR_003305839.1_22188	2997	2798	3.05805	0.0598249
lcl|NC_037649.1_mrna_XM_006558845.3_22189	2998	2799	126	2.46407
lcl|NC_037649.1_mrna_XM_026444214.1_22190	10933	10734	14.1184	0.0719962
lcl|NC_037649.1_mrna_XM_026444216.1_22191	10593	10394	0	0
lcl|NC_037649.1_miscrna_XR_003305836.1_22192	10293	10094	0	0
lcl|NC_037649.1_mrna_XM_026444217.1_22193	10123	9924	0	0
lcl|NC_037649.1_mrna_XM_026444203.1_22194	11068	10869	0	0
lcl|NC_037649.1_mrna_XM_026444202.1_22195	11013	10814	0	0
lcl|NC_037649.1_mrna_XM_026444215.1_22196	10890	10691	0	0
lcl|NC_037649.1_mrna_XM_026444212.1_22197	10944	10745	0	0
lcl|NC_037649.1_mrna_XM_026444206.1_22198	11007	10808	0	0
lcl|NC_037649.1_mrna_XM_026444213.1_22199	10932	10733	0	0
lcl|NC_037649.1_mrna_XM_026444210.1_22200	10971	10772	0	0
lcl|NC_037649.1_mrna_XM_026444208.1_22201	10992	10793	0	0
lcl|NC_037649.1_mrna_XM_026444209.1_22202	10983	10784	0	0
lcl|NC_037649.1_mrna_XM_026444211.1_22203	10965	10766	0	0
lcl|NC_037649.1_mrna_XM_026444204.1_22204	10672	10473	0	0
lcl|NC_037649.1_mrna_XM_026444207.1_22205	10437	10238	0	0
lcl|NC_037649.1_mrna_XM_026444218.1_22206	8812	8613	53.8816	0.34243
lcl|NC_037649.1_mrna_XM_393632.7_22207	1842	1643	3871.7	128.988
lcl|NC_037649.1_mrna_XM_006558839.3_22208	1868	1669	5953.22	195.245
lcl|NC_037649.1_mrna_XM_006558840.3_22209	2003	1804	187.082	5.67651
lcl|NC_037649.1_mrna_XM_393631.7_22210	1638	1439	71	2.70074
lcl|NC_037649.1_mrna_XM_003249352.4_22211	890	691	0	0
lcl|NC_037649.1_ncrna_XR_003305847.1_22212	1082	883	0	0
lcl|NC_037649.1_ncrna_XR_003305845.1_22213	1264	1065	0	0
lcl|NC_037649.1_mrna_XM_026444321.1_22214	3012	2813	20.4018	0.396994
lcl|NC_037649.1_ncrna_XR_003305846.1_22215	1176	977	0	0
lcl|NC_037649.1_mrna_XM_006559233.3_22216	3729	3530	42.9067	0.665327
lcl|NC_037649.1_mrna_XM_006559231.3_22217	2799	2600	118.56	2.49604
lcl|NC_037649.1_mrna_XM_006559232.3_22218	2516	2317	1798.86	42.497
lcl|NC_037649.1_mrna_XM_006559234.3_22219	3444	3245	635.947	10.7273
lcl|NC_037649.1_mrna_XM_026444322.1_22220	2713	2514	0.305856	0.00665943
lcl|NC_037649.1_mrna_XM_016915423.2_22221	2758	2559	0.000333095	7.12497e-06
lcl|NC_037649.1_ncrna_XR_003305844.1_22222	2417	2218	96.3702	2.3783
lcl|NC_037649.1_mrna_XM_391920.7_22223	1805	1606	655	22.3245
lcl|NC_037649.1_mrna_XM_623244.6_22224	947	748	136	9.95228
lcl|NC_037649.1_mrna_XM_393835.6_22225	1319	1120	462	22.5792
lcl|NC_037649.1_mrna_XM_391919.7_22226	820	621	510	44.9535
lcl|NC_037649.1_mrna_XM_393834.7_22227	2190	1991	421.979	11.6013
lcl|NC_037649.1_mrna_XM_016915574.2_22228	1338	1139	1.02106	0.0490696
lcl|NC_037649.1_mrna_XM_016915495.2_22229	1185	986	47	2.60919
lcl|NC_037649.1_mrna_XM_016915496.2_22230	1251	1052	0	0
lcl|NC_037649.1_mrna_XM_006559240.3_22231	7763	7564	3162.24	22.8838
lcl|NC_037649.1_ncrna_XR_408266.3_22232	1441	1242	28	1.23402
lcl|NC_037649.1_ncrna_XR_408265.3_22233	1243	1044	0	0
lcl|NC_037649.1_ncrna_XR_003305898.1_22234	859	660	9	0.746421
lcl|NC_037649.1_mrna_XM_001120035.5_22235	8481	8282	222.242	1.46885
lcl|NC_037649.1_mrna_XM_016915497.2_22236	979	780	44	3.08776
lcl|NC_037649.1_mrna_XM_006559239.3_22237	7837	7638	826.742	5.92483
lcl|NC_037649.1_mrna_XM_006559236.3_22238	7982	7783	38.1503	0.268309
lcl|NC_037649.1_mrna_XM_006559238.3_22239	7748	7549	0.231585	0.00167922
lcl|NC_037649.1_ncrna_XR_001705203.2_22240	354	155	0	0
lcl|NC_037649.1_mrna_XM_006559237.3_22241	7778	7579	153.341	1.10747
lcl|NC_037649.1_mrna_XM_026444467.1_22242	1592	1393	22	0.864484
lcl|NC_037649.1_trna_22243	82	3.75521	0	0
lcl|NC_037649.1_mrna_XM_006559242.3_22244	1325	1126	282.231	13.7199
lcl|NC_037649.1_mrna_XM_395612.7_22245	1017	818	899.769	60.2093
lcl|NC_037649.1_trna_22246	72	3.52559	0	0
lcl|NC_037649.1_mrna_XM_016915498.2_22247	1237	1038	271	14.2908
lcl|NC_037649.1_mrna_XM_026444470.1_22248	582	383	476	68.0289
lcl|NC_037649.1_trna_22249	72	3.52559	0	0
lcl|NC_037649.1_mrna_XM_006559258.3_22250	2733	2534	60.5009	1.3069
lcl|NC_037649.1_mrna_XM_395280.7_22251	2697	2498	2981.41	65.3302
lcl|NC_037649.1_mrna_XM_016915499.2_22252	3511	3312	2562.66	42.3532
lcl|NC_037649.1_mrna_XM_006559246.3_22253	1957	1758	20.7783	0.646957
lcl|NC_037649.1_mrna_XM_006559251.3_22254	1860	1661	1043.52	34.3887
lcl|NC_037649.1_mrna_XM_006559252.3_22255	1869	1670	94.8271	3.10815
lcl|NC_037649.1_mrna_XM_006559249.3_22256	1961	1762	113.771	3.53437
lcl|NC_037649.1_mrna_XM_006559247.3_22257	1930	1731	519.122	16.4156
lcl|NC_037649.1_mrna_XM_006559255.3_22258	1792	1593	7.80482	0.268184
lcl|NC_037649.1_mrna_XM_006559254.3_22259	1856	1657	111.858	3.69512
lcl|NC_037649.1_mrna_XM_016915500.2_22260	1799	1600	28.8557	0.987182
lcl|NC_037649.1_mrna_XM_016915501.2_22261	1678	1479	0	0
lcl|NC_037649.1_mrna_XM_006559245.3_22262	3373	3174	235.892	4.0681
lcl|NC_037649.1_ncrna_XR_001705204.2_22263	638	439	23	2.8678
lcl|NC_037649.1_precursorrna_NR_130410.1_22264	75	3.59105	0	0
lcl|NC_037649.1_ncrna_22265	21	2.72438	0	0
lcl|NC_037649.1_mrna_XM_026444315.1_22266	1575	1376	0	0
lcl|NC_037649.1_mrna_XM_006559262.3_22267	1380	1181	11	0.509833
lcl|NC_037649.1_mrna_XM_006559260.3_22268	1565	1366	788	31.5763
lcl|NC_037649.1_mrna_XM_016915576.2_22269	2621	2422	58.6526	1.32556
lcl|NC_037649.1_mrna_XM_026444314.1_22270	2375	2176	0.0253015	0.000636462
lcl|NC_037649.1_miscrna_XR_003305842.1_22271	705	506	11.3221	1.22479
lcl|NC_037649.1_mrna_XM_623595.5_22272	990	791	322	22.2825
lcl|NC_037649.1_mrna_XM_003249415.4_22273	1880	1681	9848	320.675
lcl|NC_037649.1_mrna_XM_003249416.4_22274	4311	4112	105.66	1.40651
lcl|NC_037649.1_mrna_XM_006559264.3_22275	4293	4094	0	0
lcl|NC_037649.1_mrna_XM_016915556.2_22276	4323	4124	32.0306	0.42514
lcl|NC_037649.1_mrna_XM_006559266.3_22277	4541	4342	1420.75	17.9107
lcl|NC_037649.1_mrna_XM_006559263.3_22278	4444	4245	358.09	4.61742
lcl|NC_037649.1_mrna_XM_006559265.3_22279	4789	4590	2487.96	29.6699
lcl|NC_037649.1_mrna_XM_006559267.2_22280	1438	1239	1030	45.5042
lcl|NC_037649.1_mrna_XM_006559268.3_22281	729	530	57	5.88687
lcl|NC_037649.1_mrna_XM_026444445.1_22282	2399	2200	0	0
lcl|NC_037649.1_mrna_XM_026444404.1_22283	1805	1606	18	0.613497
lcl|NC_037649.1_mrna_XM_393383.7_22284	1690	1491	149.573	5.49113
lcl|NC_037649.1_mrna_XM_006559270.3_22285	2566	2367	101.427	2.34552
lcl|NC_037649.1_mrna_XM_026444381.1_22286	1144	945	0	0
lcl|NC_037649.1_mrna_XM_026444382.1_22287	1107	908	0	0
lcl|NC_037649.1_mrna_XM_624345.6_22288	1233	1034	469	24.8278
lcl|NC_037649.1_mrna_XM_396842.7_22289	720	521	507	53.2667
lcl|NC_037649.1_mrna_XM_026444326.1_22290	2275	2076	139	3.66499
lcl|NC_037649.1_mrna_XM_026444294.1_22291	1369	1170	15.9186	0.744739
lcl|NC_037649.1_mrna_XM_026444295.1_22292	1336	1137	3032.08	145.971
lcl|NC_037649.1_mrna_XM_026444296.1_22293	1730	1531	200.665	7.17434
lcl|NC_037649.1_mrna_XM_016917389.2_22294	1524	1325	58.335	2.4099
lcl|NC_037649.1_mrna_XM_026444446.1_22295	1422	1223	2283	102.18
lcl|NC_037649.1_mrna_XM_006572098.3_22296	2185	1986	4959	136.678
lcl|NC_037649.1_mrna_XM_395009.6_22297	1495	1296	1353	57.145
lcl|NC_037649.1_mrna_XM_026444140.1_22298	6052	5853	2088	19.5271
lcl|NC_037649.1_mrna_XM_395531.7_22299	2214	2015	1.28755e-05	3.49763e-07
lcl|NC_037649.1_mrna_XM_016917387.2_22300	2199	2000	91.4731	2.50351
lcl|NC_037649.1_mrna_XM_006572097.3_22301	2124	1925	154.527	4.39399
lcl|NC_037649.1_mrna_XM_006572095.3_22302	1701	1502	1703	62.0627
lcl|NC_037649.1_mrna_XM_006572096.3_22303	1680	1481	3410	126.033
lcl|NC_037649.1_mrna_XM_624910.6_22304	1408	1209	1312	59.4009
lcl|NC_037649.1_mrna_XM_006572091.3_22305	2556	2357	175.565	4.07722
lcl|NC_037649.1_mrna_XM_026444163.1_22306	2482	2283	0	0
lcl|NC_037649.1_mrna_XM_006572090.3_22307	2485	2286	0	0
lcl|NC_037649.1_mrna_XM_395274.6_22308	2519	2320	0.0561633	0.0013251
lcl|NC_037649.1_mrna_XM_026444165.1_22309	1624	1425	6.6607e-05	2.55853e-06
lcl|NC_037649.1_mrna_XM_026444164.1_22310	1712	1513	250.148	9.04989
lcl|NC_037649.1_mrna_XM_026444166.1_22311	1534	1335	139.231	5.70873
lcl|NC_037649.1_mrna_XM_026444158.1_22312	3876	3677	0	0
lcl|NC_037649.1_mrna_XM_026444159.1_22313	3945	3746	128.982	1.88473
lcl|NC_037649.1_mrna_XM_026444155.1_22314	4073	3874	0	0
lcl|NC_037649.1_mrna_XM_026444157.1_22315	4031	3832	3398.41	48.5439
lcl|NC_037649.1_mrna_XM_026444156.1_22316	4061	3862	542.3	7.68621
lcl|NC_037649.1_mrna_XM_026444161.1_22317	3766	3567	0	0
lcl|NC_037649.1_mrna_XM_026444162.1_22318	3724	3525	151.312	2.34963
lcl|NC_037649.1_mrna_XM_026444160.1_22319	3856	3657	0	0
lcl|NC_037649.1_mrna_XM_026444401.1_22320	1614	1415	15	0.580257
lcl|NC_037649.1_mrna_XM_393046.7_22321	1156	957	572.464	32.7432
lcl|NC_037649.1_mrna_XM_006568252.3_22322	1177	978	18.5358	1.03743
lcl|NC_037649.1_mrna_XM_006568253.3_22323	1537	1338	2586.47	105.812
lcl|NC_037649.1_mrna_XM_006568254.3_22324	1523	1324	342.53	14.1611
lcl|NC_037649.1_mrna_XM_026444169.1_22325	9764	9565	11334	64.861
lcl|NC_037649.1_mrna_XM_625017.6_22326	2542	2343	694	16.2133
lcl|NC_037649.1_mrna_XM_026444351.1_22327	3008	2809	33.7712	0.658082
lcl|NC_037649.1_mrna_XM_026444353.1_22328	2509	2310	175.205	4.15163
lcl|NC_037649.1_mrna_XM_026444352.1_22329	2603	2404	0.0222668	0.000507
lcl|NC_037649.1_mrna_XM_026444354.1_22330	2506	2307	0.00188782	4.47918e-05
lcl|NC_037649.1_mrna_XM_026444259.1_22331	5863	5664	0	0
lcl|NC_037649.1_mrna_XM_026444260.1_22332	5854	5655	2.38297e-05	2.3066e-07
lcl|NC_037649.1_mrna_XM_026444254.1_22333	5990	5791	5.00793e-05	4.73358e-07
lcl|NC_037649.1_mrna_XM_026444256.1_22334	5915	5716	384.342	3.68054
lcl|NC_037649.1_mrna_XM_026444257.1_22335	5915	5716	790.86	7.57344
lcl|NC_037649.1_mrna_XM_026444255.1_22336	5964	5765	603.496	5.73007
lcl|NC_037649.1_mrna_XM_026444258.1_22337	5877	5678	120.703	1.16361
lcl|NC_037649.1_mrna_XM_026444261.1_22338	5781	5582	184.598	1.81018
lcl|NC_037649.1_mrna_XM_003251859.4_22339	5157	4958	152	1.67812
lcl|NC_037649.1_mrna_XM_006572201.3_22340	1197	998	356.73	19.5657
lcl|NC_037649.1_mrna_XM_623632.6_22341	1334	1135	124.27	5.99316
lcl|NC_037649.1_mrna_XM_623596.6_22342	1173	974	1907.78	107.215
lcl|NC_037649.1_mrna_XM_006572199.3_22343	1161	962	142.218	8.09215
lcl|NC_037649.1_mrna_XM_003251858.4_22344	1050	851	0	0
lcl|NC_037649.1_mrna_XM_003251860.4_22345	1470	1271	181	7.79504
lcl|NC_037649.1_mrna_XM_006572203.3_22346	2654	2455	33.3165	0.742836
lcl|NC_037649.1_mrna_XM_006572202.3_22347	2758	2559	705.684	15.0947
lcl|NC_037649.1_rrna_XR_003305912.1_22348	120	5.05223	0	0
lcl|NC_037649.1_rrna_XR_003305907.1_22349	119	5.00576	0	0
lcl|NC_037649.1_rrna_XR_003305916.1_22350	119	5.00576	0	0
lcl|NC_037649.1_rrna_XR_003305918.1_22351	119	5.00576	0	0
lcl|NC_037649.1_rrna_XR_003305919.1_22352	119	5.00576	0	0
lcl|NC_037649.1_rrna_XR_003305911.1_22353	120	5.05223	0	0
lcl|NC_037649.1_rrna_XR_003305920.1_22354	119	5.00576	0	0
lcl|NC_037649.1_rrna_XR_003305908.1_22355	119	5.00576	0	0
lcl|NC_037649.1_rrna_XR_003305909.1_22356	119	5.00576	0	0
lcl|NC_037649.1_rrna_XR_003305913.1_22357	121	5.0996	0	0
lcl|NC_037649.1_rrna_XR_003305910.1_22358	119	5.00576	0	0
lcl|NC_037649.1_ncrna_XR_001705214.2_22359	5656	5457	10.6499	0.106826
lcl|NC_037649.1_ncrna_XR_001705212.2_22360	6364	6165	264.386	2.34742
lcl|NC_037649.1_ncrna_XR_001705215.2_22361	5647	5448	0	0
lcl|NC_037649.1_ncrna_XR_001705211.2_22362	6372	6173	2751.13	24.3949
lcl|NC_037649.1_ncrna_XR_001705213.2_22363	6060	5861	221.839	2.07181
lcl|NC_037649.1_ncrna_XR_119971.4_22364	1975	1776	6	0.184924
lcl|NC_037649.1_mrna_XM_006560792.3_22365	1296	1097	155.213	7.74473
lcl|NC_037649.1_mrna_XM_006560791.3_22366	1451	1252	290.787	12.7132
lcl|NC_037649.1_mrna_XM_006560798.3_22367	3480	3281	1817.61	30.3235
lcl|NC_037649.1_mrna_XM_393406.7_22368	3430	3231	270.391	4.58079
lcl|NC_037649.1_mrna_XM_006560793.3_22369	2963	2764	87.4755	1.73234
lcl|NC_037649.1_mrna_XM_026444489.1_22370	3049	2850	28.442	0.546262
lcl|NC_037649.1_mrna_XM_006560797.3_22371	1434	1235	11.6969	0.518427
lcl|NC_037649.1_mrna_XM_006560795.3_22372	1473	1274	0	0
lcl|NC_037649.1_mrna_XM_001120901.5_22373	1485	1286	0	0
lcl|NC_037649.1_mrna_XM_026444490.1_22374	1461	1262	51.3857	2.22878
lcl|NC_037649.1_mrna_XM_006560800.3_22375	2314	2115	736	19.0481
lcl|NC_037649.1_mrna_XM_026444495.1_22376	3616	3417	2008.17	32.1692
lcl|NC_037649.1_mrna_XM_026444491.1_22377	3348	3149	191.822	3.33435
lcl|NC_037649.1_mrna_XM_026444493.1_22378	3285	3086	2.70601e-08	4.79975e-10
lcl|NC_037649.1_mrna_XM_026444494.1_22379	3282	3083	9.2341e-08	1.63948e-09
lcl|NC_037649.1_mrna_XM_026444492.1_22380	3341	3142	0.0106159	0.000184942
lcl|NC_037649.1_mrna_XM_396894.6_22381	1802	1603	898	30.664
lcl|NC_037649.1_mrna_XM_006560803.3_22382	2310	2111	251.294	6.51597
lcl|NC_037649.1_mrna_XM_006560802.3_22383	2487	2288	880.706	21.0698
lcl|NC_037649.1_mrna_XM_006560801.3_22384	1942	1743	194	6.09242
lcl|NC_037649.1_mrna_NM_001136206.1_22385	1002	803	27	1.84049
lcl|NC_037649.1_mrna_NM_001136207.1_22386	930	731	2	0.149761
lcl|NC_037649.1_mrna_NM_001136208.1_22387	1008	809	2	0.135321
lcl|NC_037649.1_mrna_NM_001136209.1_22388	1029	830	81	5.34186
lcl|NC_037649.1_mrna_XM_395092.7_22389	636	437	17	2.12938
lcl|NC_037649.1_ncrna_XR_001705281.2_22390	672	473	134.177	15.5275
lcl|NC_037649.1_mrna_XM_623747.5_22391	1130	931	1794	105.477
lcl|NC_037649.1_mrna_XM_392624.7_22392	3675	3476	533	8.3933
lcl|NC_037649.1_mrna_XM_026444302.1_22393	4318	4119	65.8882	0.875591
lcl|NC_037649.1_mrna_XM_026444304.1_22394	4179	3980	49.9221	0.686586
lcl|NC_037649.1_mrna_XM_026444303.1_22395	4182	3983	17.0609	0.234465
lcl|NC_037649.1_mrna_XM_016915605.2_22396	4320	4121	389.294	5.17083
lcl|NC_037649.1_ncrna_XR_003305841.1_22397	340	141	1.83469	0.712245
lcl|NC_037649.1_mrna_XM_392671.7_22398	1132	933	332.806	19.5252
lcl|NC_037649.1_mrna_XM_026444305.1_22399	1182	983	25.194	1.40291
lcl|NC_037649.1_mrna_XM_623593.5_22400	2653	2454	118.848	2.65096
lcl|NC_037649.1_mrna_XM_006560804.3_22401	1388	1189	63.1517	2.90729
lcl|NC_037649.1_mrna_XM_006572365.3_22402	1334	1135	0	0
lcl|NC_037649.1_mrna_XM_396197.7_22403	1316	1117	554	27.1483
lcl|NC_037649.1_mrna_XM_001120888.5_22404	641	442	416	51.5177
lcl|NC_037649.1_ncrna_XR_003305914.1_22405	107	4.51079	0	0
lcl|NC_037649.1_mrna_XM_001120842.5_22406	1448	1249	732	32.08
lcl|NC_037649.1_mrna_XM_006561205.3_22407	5535	5336	4078	41.8328
lcl|NC_037649.1_mrna_XM_016915571.2_22408	1988	1789	392	11.9939
lcl|NC_037649.1_mrna_XM_016915600.2_22409	6395	6196	864	7.63287
lcl|NC_037649.1_mrna_NM_001185079.1_22410	3029	2830	1255.5	24.2837
lcl|NC_037649.1_mrna_NM_001185086.1_22411	3029	2830	1255.5	24.2837
lcl|NC_037649.1_mrna_XM_026444485.1_22412	4333	4134	7326.37	97.0072
lcl|NC_037649.1_mrna_XM_026444486.1_22413	4054	3855	5316.63	75.4913
lcl|NC_037649.1_mrna_XM_026444447.1_22414	678	479	0	0
lcl|NC_037649.1_mrna_XM_016915617.2_22415	824	625	331.416	29.0254
lcl|NC_037649.1_mrna_XM_003249782.4_22416	913	714	208.584	15.9907
lcl|NC_037649.1_mrna_XM_026444410.1_22417	12824	12625	16.5793	0.0718819
lcl|NC_037649.1_mrna_XM_026444409.1_22418	13710	13511	297.984	1.20723
lcl|NC_037649.1_mrna_XM_006561197.3_22419	13927	13728	104.673	0.41736
lcl|NC_037649.1_mrna_XM_026444408.1_22420	12922	12723	573.747	2.4684
lcl|NC_037649.1_mrna_XM_016915488.2_22421	10154	9955	363.36	1.99794
lcl|NC_037649.1_precursorrna_NR_039473.1_22422	97	4.17138	0	0
lcl|NC_037649.1_ncrna_22423	22	2.73612	0	0
lcl|NC_037649.1_mrna_XM_026444398.1_22424	2332	2133	13	0.333609
lcl|NC_037649.1_mrna_XM_396194.7_22425	4354	4155	2064	27.1909
lcl|NC_037649.1_mrna_XM_006561195.3_22426	3077	2878	8.55012	0.162617
lcl|NC_037649.1_mrna_XM_006561194.3_22427	3092	2893	0.0121011	0.000228961
lcl|NC_037649.1_mrna_XM_016915568.2_22428	3074	2875	31.8848	0.607059
lcl|NC_037649.1_ncrna_XR_409021.3_22429	597	398	1	0.137532
lcl|NC_037649.1_mrna_XM_026444201.1_22430	2361	2162	0	0
lcl|NC_037649.1_mrna_XM_026444200.1_22431	1866	1667	23.553	0.773386
lcl|NC_037649.1_ncrna_XR_003305881.1_22432	1317	1118	0	0
lcl|NC_037649.1_ncrna_XR_003305880.1_22433	1331	1132	0	0
lcl|NC_037649.1_ncrna_XR_003305860.1_22434	1002	803	0	0
lcl|NC_037649.1_ncrna_XR_003305859.1_22435	1093	894	1	0.0612277
lcl|NC_037649.1_precursorrna_NR_039474.1_22436	125	5.29865	0	0
lcl|NC_037649.1_ncrna_22437	22	2.73612	0	0
lcl|NC_037649.1_mrna_XM_016915606.2_22438	1140	941	0	0
lcl|NC_037649.1_ncrna_XR_003305915.1_22439	107	4.51079	0	0
lcl|NC_037649.1_mrna_XM_026444338.1_22440	759	560	0	0
lcl|NC_037649.1_mrna_XM_016915530.2_22441	4415	4216	331.288	4.3012
lcl|NC_037649.1_ncrna_XR_003305906.1_22442	2707	2508	9	0.196427
lcl|NC_037649.1_ncrna_XR_003305879.1_22443	2278	2079	1	0.0263288
lcl|NC_037649.1_miscrna_XR_409333.3_22444	1847	1648	0	0
lcl|NC_037649.1_mrna_XM_006562209.3_22445	1749	1550	0	0
lcl|NC_037649.1_miscrna_XR_003305866.1_22446	1664	1465	0	0
lcl|NC_037649.1_mrna_XM_016915634.2_22447	1695	1496	0	0
lcl|NC_037649.1_miscrna_XR_001705283.2_22448	1625	1426	5	0.191927
lcl|NC_037649.1_mrna_NM_001242987.1_22449	1176	977	1	0.0560261
lcl|NC_037649.1_mrna_XM_026444400.1_22450	2081	1882	0	0
lcl|NC_037649.1_mrna_XM_006562208.3_22451	1361	1162	0	0
lcl|NC_037649.1_mrna_XM_026444129.1_22452	1383	1184	0	0
lcl|NC_037649.1_mrna_NM_001242988.1_22453	1174	975	0	0
lcl|NC_037649.1_mrna_XM_006562210.3_22454	1471	1272	0	0
lcl|NC_037649.1_mrna_XM_016915360.2_22455	3854	3655	0	0
lcl|NC_037649.1_mrna_XM_006562213.3_22456	4006	3807	98.5199	1.41653
lcl|NC_037649.1_mrna_XM_393271.7_22457	3984	3785	668.707	9.67064
lcl|NC_037649.1_mrna_XM_016915534.2_22458	4206	4007	492.773	6.73152
lcl|NC_037649.1_mrna_XM_016915340.2_22459	4049	3850	4.4355e-05	6.3062e-07
lcl|NC_037649.1_mrna_XM_026444138.1_22460	4033	3834	0.000183632	2.62169e-06
lcl|NC_037649.1_mrna_XM_026444139.1_22461	4002	3803	486.879	7.00778
lcl|NC_037649.1_mrna_XM_006562205.3_22462	4407	4208	353.586	4.59944
lcl|NC_037649.1_mrna_NM_001032361.1_22463	3578	3379	0	0
lcl|NC_037649.1_mrna_XM_006562214.3_22464	1403	1204	0	0
lcl|NC_037649.1_mrna_XM_006562215.3_22465	1437	1238	0	0
lcl|NC_037649.1_mrna_XM_003250011.4_22466	2556	2357	0	0
lcl|NC_037649.1_mrna_XM_026444513.1_22467	4468	4269	1218.79	15.6275
lcl|NC_037649.1_mrna_XM_026444510.1_22468	4137	3938	880.217	12.2349
lcl|NC_037649.1_mrna_XM_026444511.1_22469	3551	3352	0	0
lcl|NC_037649.1_mrna_XM_026444512.1_22470	3291	3092	0	0
lcl|NC_037649.1_mrna_XM_026444514.1_22471	3276	3077	39.5239	0.703101
lcl|NC_037649.1_mrna_XM_026444184.1_22472	3856	3657	316.748	4.74105
lcl|NC_037649.1_mrna_XM_026444180.1_22473	3939	3740	0	0
lcl|NC_037649.1_mrna_XM_026444182.1_22474	3936	3737	0	0
lcl|NC_037649.1_mrna_XM_026444183.1_22475	3856	3657	57.5906	0.862009
lcl|NC_037649.1_mrna_XM_026444181.1_22476	3729	3530	874.201	13.5557
lcl|NC_037649.1_mrna_XM_026444185.1_22477	2311	2112	1661.46	43.0607
lcl|NC_037649.1_mrna_XM_026444186.1_22478	2276	2077	0	0
lcl|NC_037649.1_mrna_XM_624644.5_22479	672	473	526.977	60.9839
lcl|NC_037649.1_mrna_XM_006562218.3_22480	690	491	39.0234	4.35039
lcl|NC_037649.1_mrna_XM_026444177.1_22481	3166	2967	310.442	5.72727
lcl|NC_037649.1_mrna_XM_026444178.1_22482	3162	2963	1666.78	30.7915
lcl|NC_037649.1_mrna_XM_026444179.1_22483	2927	2728	0	0
lcl|NC_037649.1_mrna_XM_026444176.1_22484	3261	3062	1338.51	23.9278
lcl|NC_037649.1_mrna_XM_026444175.1_22485	3264	3065	397.27	7.09481
lcl|NC_037649.1_mrna_NM_001135735.1_22486	1032	833	13559	890.98
lcl|NC_037649.1_mrna_XM_001119826.5_22487	629	430	3470.61	441.797
lcl|NC_037649.1_mrna_XM_016915612.2_22488	788	589	198.388	18.4368
lcl|NC_037649.1_ncrna_XR_003305917.1_22489	129	5.5143	0	0
lcl|NC_037649.1_mrna_XM_397101.7_22490	2482	2283	1318	31.6006
lcl|NC_037649.1_ncrna_XR_003305876.1_22491	1337	1138	0	0
lcl|NC_037649.1_ncrna_XR_003305877.1_22492	1342	1143	33	1.58035
lcl|NC_037649.1_mrna_XM_391922.5_22493	5435	5236	3478.09	36.3602
lcl|NC_037649.1_mrna_XM_393837.7_22494	2754	2555	327.943	7.02576
lcl|NC_037649.1_ncrna_XR_003305893.1_22495	570	371	7	1.03278
lcl|NC_037649.1_mrna_XM_006562228.3_22496	11971	11772	593.712	2.76064
lcl|NC_037649.1_mrna_XM_016915347.2_22497	11356	11157	78.2306	0.383809
lcl|NC_037649.1_mrna_XM_006562231.3_22498	11327	11128	2203.99	10.8412
lcl|NC_037649.1_mrna_XM_006562230.3_22499	11323	11124	449.188	2.21031
lcl|NC_037649.1_mrna_XM_026444421.1_22500	6862	6663	28.8714	0.237183
lcl|NC_037649.1_mrna_XM_026444422.1_22501	8071	7872	20.793	0.144583
lcl|NC_037649.1_mrna_XM_026444412.1_22502	7001	6802	52.4703	0.422243
lcl|NC_037649.1_mrna_XM_026444416.1_22503	6907	6708	0	0
lcl|NC_037649.1_mrna_XM_026444414.1_22504	6967	6768	0	0
lcl|NC_037649.1_mrna_XM_026444415.1_22505	6964	6765	25.0697	0.202846
lcl|NC_037649.1_mrna_XM_026444411.1_22506	7003	6804	0	0
lcl|NC_037649.1_mrna_XM_026444419.1_22507	6730	6531	86.3193	0.723458
lcl|NC_037649.1_mrna_XM_026444420.1_22508	6685	6486	213.025	1.79779
lcl|NC_037649.1_mrna_XM_026444417.1_22509	6766	6567	0	0
lcl|NC_037649.1_mrna_XM_026444418.1_22510	6723	6524	384.442	3.22554
lcl|NC_037649.1_mrna_XM_026444426.1_22511	6078	5879	3932.54	36.6147
lcl|NC_037649.1_mrna_XM_026444423.1_22512	6114	5915	123.151	1.13965
lcl|NC_037649.1_mrna_XM_026444425.1_22513	6105	5906	436.435	4.04493
lcl|NC_037649.1_ncrna_XR_003305886.1_22514	4251	4052	43.1824	0.583342
lcl|NC_037649.1_ncrna_XR_003305885.1_22515	4609	4410	0	0
lcl|NC_037649.1_ncrna_XR_003305889.1_22516	5424	5225	17.8176	0.186658
lcl|NC_037649.1_ncrna_XR_003305887.1_22517	4495	4296	0	0
lcl|NC_037649.1_ncrna_XR_003305888.1_22518	4033	3834	0	0
lcl|NC_037649.1_ncrna_XR_001705115.2_22519	2084	1885	3	0.0871155
lcl|NC_037649.1_ncrna_XR_003305891.1_22520	5519	5320	3.92989	0.0404347
lcl|NC_037649.1_ncrna_XR_003305892.1_22521	5536	5337	0.0701117	0.000719082
lcl|NC_037649.1_mrna_XM_026444427.1_22522	1195	996	24	1.31898
lcl|NC_037649.1_ncrna_XR_003305883.1_22523	2521	2322	14.2454	0.335813
lcl|NC_037649.1_ncrna_XR_003305884.1_22524	2358	2159	22.7546	0.576902
lcl|NC_037649.1_mrna_XM_026444428.1_22525	434	235	2	0.465851
lcl|NC_037649.1_miscrna_XR_003305882.1_22526	225	29.9375	0	0
lcl|NC_037649.1_ncrna_XR_003305890.1_22527	1683	1484	28	1.03278
lcl|NC_037649.1_ncrna_XR_003305894.1_22528	13338	13139	23.028	0.0959356
lcl|NC_037649.1_mrna_XM_003250013.4_22529	1320	1121	3	0.146488
lcl|NC_037649.1_mrna_XM_026444448.1_22530	5883	5684	3855	37.1241
lcl|NC_037649.1_mrna_XM_623818.6_22531	893	694	351	27.6843
lcl|NC_037649.1_mrna_XM_026444449.1_22532	1920	1721	772	24.554
lcl|NC_037649.1_mrna_XM_026444406.1_22533	8078	7879	0	0
lcl|NC_037649.1_mrna_XM_026444407.1_22534	7886	7687	79.0123	0.56263
lcl|NC_037649.1_mrna_XM_001120274.5_22535	1548	1349	148	6.0053
lcl|NC_037649.1_mrna_XM_006562235.3_22536	10151	9952	0	0
lcl|NC_037649.1_mrna_XM_006562236.3_22537	9561	9362	5.30199	0.0309996
lcl|NC_037649.1_mrna_XM_006562234.3_22538	9561	9362	0	0
lcl|NC_037649.1_mrna_XM_006562238.3_22539	7242	7043	403.017	3.13221
lcl|NC_037649.1_mrna_XM_623982.6_22540	1507	1308	205	8.5789
lcl|NC_037649.1_mrna_XM_016915626.2_22541	1934	1735	65.9696	2.08128
lcl|NC_037649.1_mrna_XM_026444399.1_22542	1671	1472	445.03	16.5488
lcl|NC_037649.1_ncrna_XR_409352.3_22543	3836	3637	3	0.0451506
lcl|NC_037649.1_ncrna_XR_409353.3_22544	2427	2228	0	0
lcl|NC_037649.1_mrna_XM_006562241.3_22545	937	738	0	0
lcl|NC_037649.1_ncrna_XR_003305868.1_22546	3303	3104	54	0.952264
lcl|NC_037649.1_ncrna_XR_003305869.1_22547	6849	6650	62.1065	0.511212
lcl|NC_037649.1_ncrna_XR_003305865.1_22548	578	379	3	0.433279
lcl|NC_037649.1_mrna_XM_016915532.2_22549	8454	8255	2.1587e-08	1.4314e-10
lcl|NC_037649.1_mrna_XM_016915531.2_22550	8325	8126	359.132	2.41915
lcl|NC_037649.1_ncrna_XR_003305815.1_22551	1002	803	1	0.0681663
lcl|NC_037649.1_ncrna_XR_001705300.2_22552	3663	3464	0	0
lcl|NC_037649.1_ncrna_XR_409363.3_22553	469	270	0	0
lcl|NC_037649.1_ncrna_XR_409365.3_22554	322	123	0	0
lcl|NC_037649.1_mrna_NM_001011611.2_22555	369	170	0	0
lcl|NC_037649.1_mrna_NM_001011612.1_22556	304	105	0	0
lcl|NC_037649.1_mrna_XM_026444498.1_22557	12442	12243	61.4019	0.274523
lcl|NC_037649.1_mrna_XM_006562245.3_22558	12478	12279	0	0
lcl|NC_037649.1_mrna_XM_026444497.1_22559	11880	11681	0.132796	0.000622286
lcl|NC_037649.1_mrna_XM_026444496.1_22560	12540	12341	0	0
lcl|NC_037649.1_mrna_XM_006562248.3_22561	13187	12988	8.15147	0.0343541
lcl|NC_037649.1_mrna_XM_006562247.3_22562	13232	13033	71.9488	0.302179
lcl|NC_037649.1_mrna_XM_026444500.1_22563	13505	13306	0.0789038	0.000324591
lcl|NC_037649.1_mrna_XM_026444499.1_22564	14716	14517	793.891	2.99343
lcl|NC_037649.1_mrna_XM_016915540.2_22565	10179	9980	1028.42	5.64059
lcl|NC_037649.1_mrna_XM_016915539.2_22566	10371	10172	521.513	2.80636
lcl|NC_037649.1_mrna_XM_003249995.4_22567	2275	2076	91	2.39938
lcl|NC_037649.1_mrna_XM_624125.5_22568	11561	11362	561.086	2.70309
lcl|NC_037649.1_mrna_XM_006562252.3_22569	11573	11374	261.471	1.25833
lcl|NC_037649.1_mrna_XM_006562251.3_22570	2764	2565	2792.2	59.5861
lcl|NC_037649.1_mrna_XM_003249997.4_22571	2590	2391	1752.38	40.1175
lcl|NC_037649.1_ncrna_XR_001705187.2_22572	1079	880	69.1359	4.30038
lcl|NC_037649.1_ncrna_XR_001705189.2_22573	1392	1193	0	0
lcl|NC_037649.1_ncrna_XR_001705188.2_22574	1389	1190	53	2.43789
lcl|NC_037649.1_mrna_XM_006562253.3_22575	2155	1956	2715	75.9777
lcl|NC_037649.1_mrna_XM_006562254.3_22576	5402	5203	38.0822	0.40064
lcl|NC_037649.1_ncrna_XR_003305875.1_22577	5233	5034	44	0.478437
lcl|NC_037649.1_mrna_NM_001318482.1_22578	1108	909	1426	85.8699
lcl|NC_037649.1_mrna_NM_001011652.2_22579	969	770	87	6.18463
lcl|NC_037649.1_mrna_XM_006562256.3_22580	3592	3393	653	10.5345
lcl|NC_037649.1_mrna_XM_016915345.2_22581	643	444	20.0198	2.4681
lcl|NC_037649.1_mrna_XM_016915343.2_22582	674	475	4.87009	0.561215
lcl|NC_037649.1_mrna_XM_016915344.2_22583	632	433	19.5786	2.47502
lcl|NC_037649.1_mrna_NM_001040229.1_22584	453	254	20.5315	4.42458
lcl|NC_037649.1_mrna_XM_026444141.1_22585	2758	2559	3123	66.8016
lcl|NC_037649.1_mrna_XM_016915547.2_22586	4519	4320	255	3.23104
lcl|NC_037649.1_mrna_XM_001120974.5_22587	3751	3552	121	1.86465
lcl|NC_037649.1_mrna_XM_026444483.1_22588	3902	3703	0	0
lcl|NC_037649.1_mrna_XM_006562260.3_22589	6661	6462	903.574	7.65389
lcl|NC_037649.1_mrna_XM_003250009.4_22590	3890	3691	7.4255	0.11012
lcl|NC_037649.1_mrna_XM_006562285.3_22591	3834	3635	20.7672	0.312722
lcl|NC_037649.1_mrna_XM_026444484.1_22592	4023	3824	20.2328	0.289617
lcl|NC_037649.1_mrna_XM_001120351.4_22593	764	565	702.516	68.0602
lcl|NC_037649.1_mrna_XM_006562261.3_22594	2067	1868	1.96565	0.057599
lcl|NC_037649.1_mrna_XM_003249999.4_22595	2073	1874	0.0343479	0.00100327
lcl|NC_037649.1_mrna_XM_003250000.4_22596	544	345	2	0.317319
lcl|NC_037649.1_mrna_XM_006562263.3_22597	3110	2911	2	0.0376074
lcl|NC_037649.1_mrna_XM_026444167.1_22598	8043	7844	2746.17	19.1635
lcl|NC_037649.1_mrna_XM_006562271.3_22599	831	632	57	4.93677
lcl|NC_037649.1_mrna_XM_006562267.3_22600	2279	2080	6.86237e-06	1.80591e-07
lcl|NC_037649.1_mrna_XM_006562266.3_22601	2254	2055	29.099	0.775089
lcl|NC_037649.1_mrna_XM_006562268.3_22602	2134	1935	0	0
lcl|NC_037649.1_mrna_XM_006562270.3_22603	1918	1719	8.58285	0.273301
lcl|NC_037649.1_mrna_XM_026444335.1_22604	2201	2002	19.3181	0.528186
lcl|NC_037649.1_mrna_XM_026444336.1_22605	2126	1927	0	0
lcl|NC_037649.1_mrna_XM_396090.6_22606	1703	1504	129	4.69491
lcl|NC_037649.1_mrna_XM_003250002.4_22607	1569	1370	0	0
lcl|NC_037649.1_mrna_XM_624501.6_22608	1512	1313	297	12.3816
lcl|NC_037649.1_mrna_XM_003250003.4_22609	4055	3856	61	0.865921
lcl|NC_037649.1_mrna_XM_624549.6_22610	1414	1215	616	27.7517
lcl|NC_037649.1_mrna_XM_395787.7_22611	3198	2999	1456.81	26.5895
lcl|NC_037649.1_mrna_XM_006562275.3_22612	2841	2642	0	0
lcl|NC_037649.1_mrna_XM_016915608.2_22613	2586	2387	5.19261	0.119074
lcl|NC_037649.1_mrna_XM_006562276.3_22614	2575	2376	0	0
lcl|NC_037649.1_mrna_XM_026444318.1_22615	616	417	346	45.4177
lcl|NC_037649.1_mrna_XM_001121507.5_22616	1172	973	69	3.8817
lcl|NC_037649.1_mrna_NM_001011592.1_22617	1575	1376	5423.57	215.751
lcl|NC_037649.1_mrna_XM_006562203.3_22618	871	672	11507.4	937.334
lcl|NC_037649.1_mrna_XM_026444432.1_22619	6085	5886	146.663	1.36391
lcl|NC_037649.1_mrna_XM_026444433.1_22620	6104	5905	99.8633	0.925702
lcl|NC_037649.1_mrna_XM_026444435.1_22621	6014	5815	0.00566266	5.33035e-05
lcl|NC_037649.1_mrna_XM_026444434.1_22622	6743	6544	168.725	1.4113
lcl|NC_037649.1_mrna_XM_393277.6_22623	5681	5482	312.935	3.12464
lcl|NC_037649.1_mrna_XM_026444431.1_22624	5708	5509	71.5138	0.710563
lcl|NC_037649.1_mrna_XM_026444430.1_22625	5735	5536	0	0
lcl|NC_037649.1_mrna_XM_006562280.3_22626	5403	5204	38.2444	0.402269
lcl|NC_037649.1_mrna_XM_016915529.2_22627	5379	5180	85.1917	0.900228
lcl|NC_037649.1_mrna_XM_026444437.1_22628	3315	3116	106.283	1.86704
lcl|NC_037649.1_miscrna_XR_003305895.1_22629	3466	3267	96.8544	1.62276
lcl|NC_037649.1_mrna_XM_026444436.1_22630	3268	3069	95.721	1.70724
lcl|NC_037649.1_precursorrna_NR_039476.1_22631	102	4.33389	0	0
lcl|NC_037649.1_ncrna_22632	22	2.73612	0	0
lcl|NC_037649.1_trna_22633	73	3.5471	0	0
lcl|NC_037649.1_mrna_XM_006565152.3_22634	2843	2644	1153.08	23.8718
lcl|NC_037649.1_mrna_XM_396670.7_22635	2786	2587	1755.18	37.1373
lcl|NC_037649.1_mrna_XM_016915572.2_22636	2139	1940	1152.74	32.5248
lcl|NC_037649.1_mrna_XM_003250565.4_22637	3920	3721	376.979	5.54553
lcl|NC_037649.1_mrna_XM_006565153.3_22638	3917	3718	0.0206412	0.000303886
lcl|NC_037649.1_mrna_XM_003250566.4_22639	4233	4034	861	11.683
lcl|NC_037649.1_mrna_XM_006565154.2_22640	4163	3964	0	0
lcl|NC_037649.1_mrna_XM_001120601.5_22641	1361	1162	1074	50.5922
lcl|NC_037649.1_mrna_XM_395917.7_22642	1302	1103	363.332	18.0307
lcl|NC_037649.1_mrna_XM_006565155.3_22643	2289	2090	1679.67	43.9909
lcl|NC_037649.1_mrna_XM_003250545.3_22644	1123	924	262	15.5208
lcl|NC_037649.1_mrna_XM_396066.6_22645	1534	1335	436	17.8768
lcl|NC_037649.1_mrna_XM_001119973.4_22646	1202	1003	513	27.9964
lcl|NC_037649.1_mrna_XM_624705.5_22647	2250	2051	1077	28.7432
lcl|NC_037649.1_mrna_XM_026444150.1_22648	1770	1571	0	0
lcl|NC_037649.1_mrna_XM_026444152.1_22649	1549	1350	43.2735	1.75458
lcl|NC_037649.1_mrna_XM_026444149.1_22650	1675	1476	343.144	12.7255
lcl|NC_037649.1_mrna_XM_026444151.1_22651	1550	1351	219.582	8.89666
lcl|NC_037649.1_mrna_XM_392569.6_22652	1354	1155	600	28.4351
lcl|NC_037649.1_mrna_XM_016915364.2_22653	2195	1996	13	0.356507
lcl|NC_037649.1_mrna_XM_006565160.3_22654	3656	3457	2	0.0316677
lcl|NC_037649.1_mrna_XM_394852.7_22655	1284	1085	2858	144.184
lcl|NC_037649.1_mrna_XM_026444221.1_22656	6349	6150	159.325	1.41806
lcl|NC_037649.1_mrna_XM_026444223.1_22657	6412	6213	237.984	2.09667
lcl|NC_037649.1_mrna_XM_026444220.1_22658	6400	6201	73.081	0.645101
lcl|NC_037649.1_mrna_XM_026444222.1_22659	6361	6162	848.611	7.53828
lcl|NC_037649.1_mrna_XM_026444219.1_22660	6376	6177	0	0
lcl|NC_037649.1_mrna_XM_016915577.2_22661	1820	1621	33.6873	1.13754
lcl|NC_037649.1_mrna_XM_006565162.3_22662	2191	1992	35.5714	0.977456
lcl|NC_037649.1_mrna_XM_006565161.3_22663	2079	1880	16.7858	0.48873
lcl|NC_037649.1_mrna_XM_396085.7_22664	1967	1768	43.3902	1.34337
lcl|NC_037649.1_mrna_XM_026444224.1_22665	1997	1798	116.565	3.54867
lcl|NC_037649.1_mrna_XM_006565164.3_22666	1457	1258	68.9167	2.99867
lcl|NC_037649.1_mrna_XM_623999.6_22667	1667	1468	508.083	18.945
lcl|NC_037649.1_mrna_XM_397281.7_22668	928	729	1664	124.943
lcl|NC_037649.1_mrna_XM_003250548.4_22669	2082	1883	1539.13	44.7415
lcl|NC_037649.1_mrna_XM_003250549.4_22670	2121	1922	715.087	20.3653
lcl|NC_037649.1_ncrna_XR_001705236.2_22671	572	373	79.7805	11.7077
lcl|NC_037649.1_mrna_XM_624083.6_22672	836	637	461	39.6138
lcl|NC_037649.1_mrna_XM_003250547.4_22673	2002	1803	198.967	6.04048
lcl|NC_037649.1_mrna_XM_397279.7_22674	1955	1756	364.748	11.3698
lcl|NC_037649.1_mrna_XM_006565165.3_22675	1734	1535	1751.28	62.4502
lcl|NC_037649.1_mrna_XM_006565170.3_22676	4023	3824	1703	24.3771
lcl|NC_037649.1_mrna_XM_006565169.3_22677	1170	971	1	0.0563723
lcl|NC_037649.1_ncrna_XR_003305871.1_22678	1937	1738	0	0
lcl|NC_037649.1_mrna_XM_001122763.5_22679	1403	1204	237	10.7747
lcl|NC_037649.1_mrna_XM_395770.6_22680	1295	1096	862	43.0509
lcl|NC_037649.1_mrna_XM_016915435.2_22681	1552	1353	405	16.3849
lcl|NC_037649.1_mrna_XM_026444264.1_22682	1595	1396	217.876	8.54299
lcl|NC_037649.1_mrna_XM_026444263.1_22683	1715	1516	675.124	24.3764
lcl|NC_037649.1_mrna_XM_026444268.1_22684	704	505	30.9529	3.35502
lcl|NC_037649.1_mrna_XM_026444267.1_22685	791	592	14.0471	1.29882
lcl|NC_037649.1_mrna_XM_026444265.1_22686	1411	1212	381	17.2071
lcl|NC_037649.1_mrna_XM_392692.7_22687	1323	1124	2577	125.497
lcl|NC_037649.1_mrna_XM_006565173.3_22688	2722	2523	998.339	21.6594
lcl|NC_037649.1_mrna_XM_006565174.3_22689	2118	1919	345.661	9.85962
lcl|NC_037649.1_mrna_XM_006565175.3_22690	7692	7493	4688.46	34.25
lcl|NC_037649.1_mrna_XM_006565181.3_22691	7023	6824	698.17	5.60025
lcl|NC_037649.1_mrna_XM_003250552.4_22692	7258	7059	37.4216	0.290178
lcl|NC_037649.1_mrna_XM_006565176.3_22693	7881	7682	186.178	1.3266
lcl|NC_037649.1_mrna_XM_006565177.3_22694	7664	7465	12.0637	0.0884577
lcl|NC_037649.1_mrna_XM_006565178.3_22695	7630	7431	149.487	1.10114
lcl|NC_037649.1_mrna_XM_016915430.2_22696	7787	7588	0	0
lcl|NC_037649.1_mrna_XM_026444324.1_22697	7846	7647	0	0
lcl|NC_037649.1_mrna_XM_006565180.3_22698	8162	7963	0.0402762	0.000276858
lcl|NC_037649.1_mrna_XM_624662.6_22699	8311	8112	489.176	3.30083
lcl|NC_037649.1_miscrna_XR_003305849.1_22700	6633	6434	15.869	0.135006
lcl|NC_037649.1_miscrna_XR_003305854.1_22701	8244	8045	151.955	1.03389
lcl|NC_037649.1_miscrna_XR_003305848.1_22702	7824	7625	0.0253961	0.000182311
lcl|NC_037649.1_miscrna_XR_003305853.1_22703	7725	7526	40.0629	0.291382
lcl|NC_037649.1_mrna_XM_624641.5_22704	6556	6357	263.347	2.26757
lcl|NC_037649.1_mrna_XM_026444325.1_22705	5643	5444	0	0
lcl|NC_037649.1_mrna_XM_006565184.3_22706	5527	5328	0	0
lcl|NC_037649.1_miscrna_XR_003305852.1_22707	7727	7528	28.6492	0.208314
lcl|NC_037649.1_mrna_XM_016915431.2_22708	5095	4896	0	0
lcl|NC_037649.1_miscrna_XR_003305851.1_22709	7760	7561	0	0
lcl|NC_037649.1_miscrna_XR_003305850.1_22710	7403	7204	490.091	3.72382
lcl|NC_037649.1_mrna_XM_001120703.5_22711	2568	2369	1	0.0231058
lcl|NC_037649.1_mrna_XM_001120669.5_22712	1909	1710	36993	1184.16
lcl|NC_037649.1_mrna_XM_006565195.3_22713	5240	5041	231.508	2.51382
lcl|NC_037649.1_mrna_XM_006565194.3_22714	5106	4907	1672.52	18.6569
lcl|NC_037649.1_mrna_XM_001120618.5_22715	5217	5018	266.975	2.91223
lcl|NC_037649.1_ncrna_XR_001705234.2_22716	486	287	2	0.381446
lcl|NC_037649.1_mrna_XM_006565193.3_22717	2806	2607	621.267	13.0444
lcl|NC_037649.1_mrna_XM_624556.6_22718	2087	1888	361.733	10.4875
lcl|NC_037649.1_mrna_XM_006565196.3_22719	1993	1794	110.158	3.36107
lcl|NC_037649.1_mrna_XM_006565198.3_22720	1765	1566	7.13026	0.249229
lcl|NC_037649.1_mrna_XM_006565199.3_22721	1942	1743	9.71198	0.304997
lcl|NC_037649.1_mrna_XM_006565200.3_22722	1410	1211	30.8232	1.39322
lcl|NC_037649.1_mrna_XM_396742.6_22723	1419	1220	303.177	13.6026
lcl|NC_037649.1_mrna_XM_006565201.1_22724	905	706	17171	1331.3
lcl|NC_037649.1_mrna_XM_026444450.1_22725	3373	3174	770	13.2791
lcl|NC_037649.1_mrna_NM_001242526.1_22726	2318	2119	1201	31.024
lcl|NC_037649.1_mrna_XM_006565150.3_22727	4756	4557	86.4294	1.03817
lcl|NC_037649.1_mrna_XM_006565148.3_22728	4721	4522	216.847	2.62487
lcl|NC_037649.1_mrna_XM_006565147.3_22729	4801	4602	2992.01	35.5878
lcl|NC_037649.1_mrna_XM_006565151.3_22730	4759	4560	305.895	3.67192
lcl|NC_037649.1_mrna_XM_006565149.3_22731	4660	4461	0	0
lcl|NC_037649.1_mrna_NM_001193290.1_22732	1551	1352	672.821	27.2401
lcl|NC_037649.1_mrna_XM_016915446.2_22733	2293	2094	0	0
lcl|NC_037649.1_mrna_XM_016915445.2_22734	2691	2492	272.794	5.99201
lcl|NC_037649.1_mrna_XM_016915444.2_22735	2596	2397	306.829	7.00671
lcl|NC_037649.1_mrna_XM_016915442.2_22736	3080	2881	270.304	5.13564
lcl|NC_037649.1_mrna_XM_016915447.2_22737	3198	2999	419.93	7.66452
lcl|NC_037649.1_mrna_XM_026444290.1_22738	3128	2929	0.000331314	6.19163e-06
lcl|NC_037649.1_mrna_XM_016915443.2_22739	2634	2435	200.143	4.49911
lcl|NC_037649.1_mrna_XM_003250553.4_22740	1105	906	161	9.72709
lcl|NC_037649.1_mrna_XM_006565203.3_22741	3849	3650	1401	21.0102
lcl|NC_037649.1_mrna_XM_016915452.2_22742	1688	1489	0	0
lcl|NC_037649.1_mrna_XM_001121035.5_22743	1667	1468	9	0.335584
lcl|NC_037649.1_mrna_XM_625100.6_22744	2452	2253	145	3.52283
lcl|NC_037649.1_mrna_XM_006565204.3_22745	2222	2023	0	0
lcl|NC_037649.1_mrna_XM_026444292.1_22746	1630	1431	15.0394	0.575278
lcl|NC_037649.1_mrna_XM_026444291.1_22747	1808	1609	0	0
lcl|NC_037649.1_mrna_XM_016915449.2_22748	2061	1862	12.9606	0.381004
lcl|NC_037649.1_mrna_XM_006565207.3_22749	1714	1515	0	0
lcl|NC_037649.1_mrna_XM_006565208.3_22750	2245	2046	0	0
lcl|NC_037649.1_mrna_XM_016915448.2_22751	2261	2062	0	0
lcl|NC_037649.1_mrna_XM_026444293.1_22752	2126	1927	0	0
lcl|NC_037649.1_mrna_XM_006565206.3_22753	2127	1928	359	10.1923
lcl|NC_037649.1_mrna_XM_006565205.3_22754	683	484	110	12.4404
lcl|NC_037649.1_mrna_XM_026444384.1_22755	6192	5993	3015.41	27.5415
lcl|NC_037649.1_mrna_XM_026444385.1_22756	5646	5447	1.52643e-07	1.53392e-09
lcl|NC_037649.1_mrna_XM_026444386.1_22757	5083	4884	691.992	7.75551
lcl|NC_037649.1_mrna_XM_026444395.1_22758	4544	4345	110.595	1.39325
lcl|NC_037649.1_mrna_XM_026444393.1_22759	4682	4483	0	0
lcl|NC_037649.1_mrna_XM_026444394.1_22760	3989	3790	0	0
lcl|NC_037649.1_mrna_XM_026444392.1_22761	4004	3805	0	0
lcl|NC_037649.1_mrna_XM_397471.7_22762	2911	2712	740	14.9358
lcl|NC_037649.1_mrna_XM_006565211.3_22763	2790	2591	0	0
lcl|NC_037649.1_mrna_XM_393651.6_22764	1279	1080	4078	206.685
lcl|NC_037649.1_mrna_XM_026444396.1_22765	2971	2772	26.215	0.517657
lcl|NC_037649.1_mrna_XM_006565214.3_22766	3027	2828	0	0
lcl|NC_037649.1_mrna_XM_016915506.2_22767	2243	2044	130.523	3.49537
lcl|NC_037649.1_mrna_XM_625068.6_22768	2222	2023	701.222	18.9734
lcl|NC_037649.1_mrna_XM_026444397.1_22769	2695	2496	96.7888	2.12259
lcl|NC_037649.1_mrna_XM_026444390.1_22770	4765	4566	568.816	6.81901
lcl|NC_037649.1_mrna_XM_026444389.1_22771	4406	4207	0	0
lcl|NC_037649.1_mrna_XM_026444388.1_22772	4414	4215	33.5921	0.436239
lcl|NC_037649.1_mrna_XM_026444387.1_22773	4413	4214	0	0
lcl|NC_037649.1_mrna_XM_016915502.2_22774	4395	4196	150.122	1.95836
lcl|NC_037649.1_mrna_XM_026444391.1_22775	3243	3044	24.47	0.440021
lcl|NC_037649.1_mrna_XM_393850.7_22776	981	782	3260.17	228.202
lcl|NC_037649.1_mrna_XM_003250555.4_22777	910	711	480.831	37.0176
lcl|NC_037649.1_mrna_XM_016915492.2_22778	4314	4115	304.034	4.04425
lcl|NC_037649.1_mrna_XM_016915493.2_22779	5509	5310	1885.16	19.433
lcl|NC_037649.1_mrna_XM_026444456.1_22780	8008	7809	4734.81	33.1888
lcl|NC_037649.1_mrna_XM_026444455.1_22781	4113	3914	1300.16	18.1828
lcl|NC_037649.1_mrna_XM_006565218.3_22782	3583	3384	147.067	2.37887
lcl|NC_037649.1_mrna_XM_006565220.3_22783	3447	3248	108.866	1.83469
lcl|NC_037649.1_mrna_XM_006565219.3_22784	3565	3366	0	0
lcl|NC_037649.1_miscrna_XR_410152.3_22785	3937	3738	35.2183	0.515721
lcl|NC_037649.1_miscrna_XR_001705181.2_22786	2935	2736	25.395	0.508063
lcl|NC_037649.1_miscrna_XR_001705182.2_22787	2631	2432	71.0815	1.59985
lcl|NC_037649.1_miscrna_XR_003305897.1_22788	2643	2444	0.142583	0.00319338
lcl|NC_037649.1_mrna_XM_016915440.2_22789	2052	1853	47.1626	1.39318
lcl|NC_037649.1_mrna_XM_026444460.1_22790	2309	2110	45	1.16739
lcl|NC_037649.1_mrna_XM_026444459.1_22791	2064	1865	0	0
lcl|NC_037649.1_mrna_XM_026444457.1_22792	2299	2100	0	0
lcl|NC_037649.1_mrna_XM_026444458.1_22793	3265	3066	0	0
lcl|NC_037649.1_mrna_XM_026444461.1_22794	1949	1750	1	0.0312786
lcl|NC_037649.1_mrna_XM_391929.6_22795	6443	6244	20	0.175328
lcl|NC_037649.1_mrna_XM_006565227.3_22796	6254	6055	0	0
lcl|NC_037649.1_mrna_XM_006565222.3_22797	3871	3672	0	0
lcl|NC_037649.1_mrna_XM_006565225.3_22798	3674	3475	99.4153	1.56597
lcl|NC_037649.1_mrna_XM_006565223.3_22799	4441	4242	0	0
lcl|NC_037649.1_mrna_XM_006565224.3_22800	4313	4114	6.43819	0.0856613
lcl|NC_037649.1_mrna_XM_006565226.3_22801	3556	3357	37.2253	0.606977
lcl|NC_037649.1_mrna_XM_393853.7_22802	4211	4012	14.9423	0.203864
lcl|NC_037649.1_mrna_XM_006565229.3_22803	2704	2505	506.915	11.0768
lcl|NC_037649.1_mrna_XM_016915438.2_22804	2904	2705	123.085	2.49071
lcl|NC_037649.1_mrna_XM_026444464.1_22805	2899	2700	127.689	2.58865
lcl|NC_037649.1_mrna_XM_026444462.1_22806	2917	2718	141.671	2.8531
lcl|NC_037649.1_mrna_XM_026444463.1_22807	2746	2547	257.64	5.53694
lcl|NC_037649.1_mrna_XM_006565234.3_22808	2625	2426	1447.51	32.66
lcl|NC_037649.1_mrna_XM_006565235.3_22809	2540	2341	0	0
lcl|NC_037649.1_mrna_XM_623722.5_22810	2120	1921	7131.49	203.207
lcl|NC_037649.1_mrna_XM_026444357.1_22811	1911	1712	825	26.3776
lcl|NC_037649.1_mrna_XM_006565238.3_22812	1924	1725	117	3.71263
lcl|NC_037649.1_mrna_XM_026444359.1_22813	1825	1626	0	0
lcl|NC_037649.1_mrna_XM_016915436.2_22814	1915	1716	0	0
lcl|NC_037649.1_mrna_XM_623819.6_22815	1477	1278	410	17.5606
lcl|NC_037649.1_mrna_XM_001121654.4_22816	1319	1120	674.279	32.9539
lcl|NC_037649.1_mrna_XM_393528.6_22817	1443	1244	6579.72	289.516
lcl|NC_037649.1_mrna_XM_016915417.2_22818	2231	2032	753	20.2841
lcl|NC_037649.1_mrna_XM_016915418.2_22819	1696	1497	77.3063	2.82669
lcl|NC_037649.1_mrna_XM_016915421.2_22820	1565	1366	6.15859	0.246783
lcl|NC_037649.1_mrna_XM_016915420.2_22821	1677	1478	33.8664	1.25424
lcl|NC_037649.1_mrna_XM_006565239.3_22822	1773	1574	0	0
lcl|NC_037649.1_mrna_XM_026444142.1_22823	1771	1572	182.565	6.35697
lcl|NC_037649.1_mrna_XM_016915419.2_22824	1801	1602	0	0
lcl|NC_037649.1_mrna_XM_006565241.3_22825	1742	1543	311.697	11.0574
lcl|NC_037649.1_mrna_XM_026444143.1_22826	1215	1016	474.544	25.5663
lcl|NC_037649.1_mrna_XM_006565240.3_22827	2630	2431	266.862	6.0088
lcl|NC_037649.1_mrna_XM_016915416.2_22828	1050	851	72	4.63114
lcl|NC_037649.1_miscrna_XR_410156.3_22829	9356	9157	993.584	5.93932
lcl|NC_037649.1_mrna_XM_006565244.3_22830	3744	3545	128.463	1.98356
lcl|NC_037649.1_mrna_XM_026444146.1_22831	3803	3604	2.58141e-06	3.92065e-08
lcl|NC_037649.1_mrna_XM_026444144.1_22832	3881	3682	0	0
lcl|NC_037649.1_mrna_XM_016915415.2_22833	3969	3770	0	0
lcl|NC_037649.1_mrna_XM_006565243.3_22834	4000	3801	15.9536	0.229744
lcl|NC_037649.1_mrna_XM_006565242.3_22835	4047	3848	0	0
lcl|NC_037649.1_mrna_XM_026444145.1_22836	4060	3861	0	0
lcl|NC_037649.1_mrna_XM_397171.6_22837	3678	3479	802.103	12.62
lcl|NC_037649.1_mrna_XM_006565245.3_22838	3318	3119	1043.9	18.3201
lcl|NC_037649.1_miscrna_XR_001705167.1_22839	2726	2527	282.053	6.10956
lcl|NC_037649.1_mrna_XM_016915414.2_22840	2294	2095	912.947	23.8532
lcl|NC_037649.1_mrna_XM_006565251.3_22841	1316	1117	284	13.9172
lcl|NC_037649.1_miscrna_XR_410157.3_22842	2829	2630	87.9036	1.82952
lcl|NC_037649.1_mrna_XM_006565246.3_22843	2807	2608	0.076652	0.0016088
lcl|NC_037649.1_mrna_XM_006565248.3_22844	2742	2543	1.16984e-07	2.51805e-09
lcl|NC_037649.1_mrna_XM_006565247.3_22845	2756	2557	391.831	8.38791
lcl|NC_037649.1_mrna_XM_006565249.3_22846	2691	2492	1507.19	33.1059
lcl|NC_037649.1_mrna_XM_006565254.3_22847	1161	962	20936	1191.25
lcl|NC_037649.1_mrna_XM_016915413.2_22848	904	705	589	45.7311
lcl|NC_037649.1_mrna_XM_006565255.3_22849	1234	1035	531	28.0827
lcl|NC_037649.1_mrna_XM_625075.5_22850	1091	892	3848	236.132
lcl|NC_037649.1_mrna_XM_625081.5_22851	1106	907	277	16.717
lcl|NC_037649.1_mrna_XM_026444252.1_22852	901	702	18.003	1.40376
lcl|NC_037649.1_mrna_XM_394982.6_22853	1006	807	200.997	13.6333
lcl|NC_037649.1_mrna_XM_394981.7_22854	1646	1447	313	11.8403
lcl|NC_037649.1_mrna_XM_006565260.3_22855	2172	1973	82.836	2.29814
lcl|NC_037649.1_mrna_XM_623772.6_22856	2240	2041	390.164	10.4638
lcl|NC_037649.1_mrna_XM_006565258.3_22857	1760	1561	951.467	33.3638
lcl|NC_037649.1_mrna_XM_006565259.3_22858	1655	1456	193.533	7.27578
lcl|NC_037649.1_mrna_XM_623833.6_22859	1282	1083	59.6148	3.01308
lcl|NC_037649.1_mrna_XM_006565261.3_22860	1215	1016	0	0
lcl|NC_037649.1_mrna_XM_006565262.3_22861	1280	1081	614.385	31.11
lcl|NC_037649.1_mrna_XM_026444226.1_22862	2825	2626	0	0
lcl|NC_037649.1_mrna_XM_026444225.1_22863	2834	2635	0	0
lcl|NC_037649.1_mrna_XM_026444228.1_22864	2805	2606	176.482	3.7069
lcl|NC_037649.1_mrna_XM_026444227.1_22865	2814	2615	2318.07	48.5222
lcl|NC_037649.1_mrna_XM_026444245.1_22866	2854	2655	0.00180814	3.72781e-05
lcl|NC_037649.1_mrna_XM_026444235.1_22867	2916	2717	0.018466	0.000372023
lcl|NC_037649.1_mrna_XM_026444233.1_22868	3261	3062	265.37	4.74386
lcl|NC_037649.1_mrna_XM_026444238.1_22869	3134	2935	4.99834	0.0932187
lcl|NC_037649.1_mrna_XM_026444237.1_22870	3321	3122	3.24028e-07	5.68113e-09
lcl|NC_037649.1_mrna_XM_026444236.1_22871	3604	3405	0	0
lcl|NC_037649.1_mrna_XM_026444250.1_22872	3071	2872	0	0
lcl|NC_037649.1_mrna_XM_026444244.1_22873	3080	2881	24.4367	0.464285
lcl|NC_037649.1_mrna_XM_026444234.1_22874	3142	2943	172.868	3.21522
lcl|NC_037649.1_mrna_XM_026444230.1_22875	3537	3338	2.52712e-08	4.14405e-10
lcl|NC_037649.1_mrna_XM_026444249.1_22876	3181	2982	0	0
lcl|NC_037649.1_mrna_XM_026444243.1_22877	3190	2991	1.92875	0.0352976
lcl|NC_037649.1_mrna_XM_026444232.1_22878	3252	3053	14.3449	0.257191
lcl|NC_037649.1_mrna_XM_026444248.1_22879	3258	3059	0	0
lcl|NC_037649.1_mrna_XM_026444242.1_22880	3267	3068	1.10301e-06	1.96793e-08
lcl|NC_037649.1_mrna_XM_026444247.1_22881	3368	3169	0	0
lcl|NC_037649.1_mrna_XM_026444241.1_22882	3377	3178	1.70557	0.0293765
lcl|NC_037649.1_mrna_XM_026444231.1_22883	3439	3240	11.4607	0.193621
lcl|NC_037649.1_mrna_XM_026444246.1_22884	3541	3342	0	0
lcl|NC_037649.1_mrna_XM_026444240.1_22885	3550	3351	0	0
lcl|NC_037649.1_mrna_XM_026444229.1_22886	3612	3413	0	0
lcl|NC_037649.1_mrna_XM_026444239.1_22887	3580	3381	757.314	12.2607
lcl|NC_037649.1_mrna_XM_016915580.2_22888	839	640	256	21.895
lcl|NC_037649.1_mrna_XM_006565264.3_22889	1099	900	102.429	6.22965
lcl|NC_037649.1_mrna_XM_006565263.3_22890	1169	970	138.571	7.81965
lcl|NC_037649.1_mrna_XM_016915610.2_22891	3549	3350	0.0370986	0.000606174
lcl|NC_037649.1_mrna_XM_016915611.2_22892	3523	3324	752.927	12.3987
lcl|NC_037649.1_mrna_XM_625117.6_22893	3492	3293	63.6396	1.05784
lcl|NC_037649.1_mrna_XM_006565265.3_22894	3467	3268	3138.4	52.5667
lcl|NC_037649.1_mrna_XM_397155.7_22895	807	608	468	42.1335
lcl|NC_037649.1_mrna_XM_006565266.3_22896	4167	3968	62.5207	0.862457
lcl|NC_037649.1_mrna_XM_006565270.3_22897	2026	1827	20	0.599207
lcl|NC_037649.1_mrna_XM_006565271.3_22898	1581	1382	0	0
lcl|NC_037649.1_mrna_XM_006565268.3_22899	4538	4339	2559	32.2824
lcl|NC_037649.1_mrna_XM_006565272.3_22900	821	622	265	23.3207
lcl|NC_037649.1_mrna_XM_001123319.5_22901	829	630	2.62384e-05	2.27973e-06
lcl|NC_037649.1_mrna_XM_026444451.1_22902	1826	1627	15	0.504649
lcl|NC_037649.1_mrna_XM_624016.4_22903	563	364	342	51.4292
lcl|NC_037649.1_mrna_XM_026444311.1_22904	14055	13856	1.01991e-08	4.02911e-11
lcl|NC_037649.1_mrna_XM_026444312.1_22905	13872	13673	776.285	3.10773
lcl|NC_037649.1_mrna_XM_026444313.1_22906	13863	13664	717.934	2.87602
lcl|NC_037649.1_mrna_XM_026444310.1_22907	14058	13859	44.0501	0.17398
lcl|NC_037649.1_mrna_XM_016915486.2_22908	13344	13145	0	0
lcl|NC_037649.1_mrna_XM_026444307.1_22909	13616	13417	65.4972	0.26721
lcl|NC_037649.1_mrna_XM_026444308.1_22910	13555	13356	6.47041e-05	2.6518e-07
lcl|NC_037649.1_precursorrna_NR_039477.1_22911	87	3.88332	0	0
lcl|NC_037649.1_ncrna_22912	23	2.74792	0	0
lcl|NC_037649.1_ncrna_22913	22	2.73612	0	0
lcl|NC_037649.1_mrna_XM_026444309.1_22914	13599	13400	5493.65	22.441
lcl|NC_037649.1_mrna_XM_395319.7_22915	1654	1455	1381.04	51.955
lcl|NC_037649.1_mrna_XM_006566990.3_22916	1416	1217	734	33.0134
lcl|NC_037649.1_mrna_XM_026444298.1_22917	2473	2274	342.906	8.25411
lcl|NC_037649.1_mrna_XM_006566991.3_22918	2334	2135	239.094	6.12993
lcl|NC_037649.1_mrna_XM_026444300.1_22919	5905	5706	521	4.99794
lcl|NC_037649.1_mrna_XM_016915537.2_22920	1240	1041	0	0
lcl|NC_037649.1_mrna_XM_006566980.3_22921	3371	3172	9.82043	0.169466
lcl|NC_037649.1_mrna_XM_006566981.3_22922	2938	2739	38.5775	0.770951
lcl|NC_037649.1_mrna_XM_006566983.3_22923	2725	2526	33.7021	0.730314
lcl|NC_037649.1_mrna_XM_006566979.3_22924	2910	2711	0	0
lcl|NC_037649.1_mrna_XM_006566978.3_22925	3139	2940	0	0
lcl|NC_037649.1_mrna_XM_006566984.3_22926	2992	2793	0	0
lcl|NC_037649.1_mrna_XM_006566985.3_22927	4371	4172	2.66749e-08	3.49981e-10
lcl|NC_037649.1_mrna_XM_006566976.3_22928	4467	4268	4.88977	0.0627119
lcl|NC_037649.1_mrna_XM_006566986.3_22929	4359	4160	0	0
lcl|NC_037649.1_mrna_XM_006566977.3_22930	4456	4257	0.0101918	0.000131049
lcl|NC_037649.1_trna_22931	73	3.5471	0	0
lcl|NC_037649.1_trna_22932	83	3.78007	0	0
lcl|NC_037649.1_mrna_XM_393868.5_22933	2051	1852	763	22.5512
lcl|NC_037649.1_ncrna_XR_003305867.1_22934	548	349	0	0
lcl|NC_037649.1_mrna_XM_006566974.3_22935	532	333	4008	658.823
lcl|NC_037649.1_mrna_XM_006566975.1_22936	424	225	0.000245734	5.97817e-05
lcl|NC_037649.1_mrna_XM_393867.7_22937	3085	2886	772	14.6422
lcl|NC_037649.1_mrna_XM_026444487.1_22938	1075	876	9452	590.616
lcl|NC_037649.1_mrna_XM_026444488.1_22939	10089	9890	6627.99	36.6835
lcl|NC_037649.1_ncrna_XR_003305905.1_22940	5830	5631	53.0139	0.515334
lcl|NC_037649.1_ncrna_XR_001705220.2_22941	3060	2861	0	0
lcl|NC_037649.1_ncrna_XR_003305903.1_22942	3440	3241	0	0
lcl|NC_037649.1_ncrna_XR_003305904.1_22943	2324	2125	0	0
lcl|NC_037649.1_ncrna_XR_001705216.2_22944	923	724	0	0
lcl|NC_037649.1_mrna_XM_006566962.3_22945	1554	1355	21996	888.566
lcl|NC_037649.1_ncrna_XR_003305902.1_22946	1271	1072	3.63007	0.185356
lcl|NC_037649.1_ncrna_XR_410852.3_22947	1081	882	0	0
lcl|NC_037649.1_ncrna_XR_001705159.2_22948	1044	845	12.3699	0.801301
lcl|NC_037649.1_mrna_XM_006566964.3_22949	6024	5825	154.59	1.45268
lcl|NC_037649.1_mrna_XM_006566963.3_22950	6092	5893	585.912	5.44229
lcl|NC_037649.1_mrna_XM_393865.7_22951	1677	1478	2010	74.4401
lcl|NC_037649.1_mrna_XM_006566960.3_22952	2728	2529	139.072	3.01007
lcl|NC_037649.1_ncrna_XR_003305820.1_22953	5827	5628	114.531	1.11392
lcl|NC_037649.1_ncrna_XR_003305823.1_22954	5712	5513	340.114	3.37693
lcl|NC_037649.1_ncrna_XR_003305826.1_22955	4495	4296	126.223	1.60827
lcl|NC_037649.1_ncrna_XR_003305824.1_22956	4600	4401	0.00073923	9.1942e-06
lcl|NC_037649.1_ncrna_XR_003305819.1_22957	4461	4262	0	0
lcl|NC_037649.1_ncrna_XR_003305825.1_22958	4346	4147	0	0
lcl|NC_037649.1_ncrna_XR_003305828.1_22959	4350	4151	0	0
lcl|NC_037649.1_ncrna_XR_003305827.1_22960	4471	4272	53.9186	0.690864
lcl|NC_037649.1_ncrna_XR_003305822.1_22961	4328	4129	0	0
lcl|NC_037649.1_ncrna_XR_003305818.1_22962	4320	4121	0	0
lcl|NC_037649.1_ncrna_XR_003305830.1_22963	3680	3481	0	0
lcl|NC_037649.1_ncrna_XR_003305832.1_22964	3557	3358	3.11884e-08	5.08391e-10
lcl|NC_037649.1_ncrna_XR_003305829.1_22965	4352	4153	0.153822	0.00202741
lcl|NC_037649.1_ncrna_XR_003305821.1_22966	4371	4172	0	0
lcl|NC_037649.1_ncrna_XR_003305831.1_22967	4266	4067	41.1667	0.554061
lcl|NC_037649.1_mrna_XM_026444174.1_22968	2821	2622	114.651	2.39349
lcl|NC_037649.1_mrna_XM_003250921.4_22969	1302	1103	165.465	8.21135
lcl|NC_037649.1_mrna_XM_001122504.5_22970	666	467	348	40.7894
lcl|NC_037649.1_mrna_XM_001122510.5_22971	487	288	3735	709.878
lcl|NC_037649.1_ncrna_XR_003305855.1_22972	242	43.8484	0	0
lcl|NC_037649.1_mrna_XM_026444327.1_22973	384	185	44.6364	13.2069
lcl|NC_037649.1_mrna_XM_001122523.5_22974	494	295	64.3636	11.9427
lcl|NC_037649.1_mrna_XM_006566958.3_22975	1898	1699	12.6986	0.409116
lcl|NC_037649.1_mrna_XM_396025.6_22976	4883	4684	50.4555	0.589627
lcl|NC_037649.1_mrna_XM_006566959.3_22977	2201	2002	16.8152	0.459753
lcl|NC_037649.1_mrna_XM_625277.6_22978	2186	1987	210.045	5.78629
lcl|NC_037649.1_mrna_XM_026444333.1_22979	9695	9496	31.1397	0.179498
lcl|NC_037649.1_ncrna_XR_003305856.1_22980	4771	4572	0	0
lcl|NC_037649.1_ncrna_XR_003305857.1_22981	4667	4468	9	0.110259
lcl|NC_037649.1_ncrna_XR_003305858.1_22982	3765	3566	9	0.138149
lcl|NC_037649.1_mrna_XM_016915381.2_22983	16537	16338	1.95392e-05	6.54627e-08
lcl|NC_037649.1_mrna_XM_026444330.1_22984	16576	16377	0	0
lcl|NC_037649.1_mrna_XM_026444331.1_22985	16639	16440	777.134	2.58749
lcl|NC_037649.1_mrna_XM_016915375.2_22986	16663	16464	0	0
lcl|NC_037649.1_mrna_XM_006566957.3_22987	16264	16065	369.31	1.25833
lcl|NC_037649.1_mrna_XM_016915382.2_22988	16432	16233	0.0215512	7.26704e-05
lcl|NC_037649.1_mrna_XM_016915378.2_22989	16645	16446	0	0
lcl|NC_037649.1_mrna_XM_016915376.2_22990	16663	16464	0	0
lcl|NC_037649.1_mrna_XM_016915377.2_22991	16651	16452	309.445	1.02956
lcl|NC_037649.1_mrna_XM_016915374.2_22992	16675	16476	0	0
lcl|NC_037649.1_mrna_XM_016915380.2_22993	16402	16203	0.0898154	0.000303418
lcl|NC_037649.1_mrna_XM_026444328.1_22994	15102	14903	0	0
lcl|NC_037649.1_mrna_XM_016915384.2_22995	1811	1612	299.084	10.1558
lcl|NC_037649.1_mrna_XM_016915383.2_22996	2331	2132	46.809	1.20179
lcl|NC_037649.1_mrna_XM_016915385.2_22997	1830	1631	50.1066	1.68161
lcl|NC_037649.1_mrna_XM_016915622.2_22998	3255	3056	296.339	5.30788
lcl|NC_037649.1_mrna_XM_026444356.1_22999	3090	2891	114.661	2.17096
lcl|NC_037649.1_mrna_XM_006566936.3_23000	2172	1973	0	0
lcl|NC_037649.1_mrna_XM_016915465.2_23001	2031	1832	1.30256	0.0389188
lcl|NC_037649.1_mrna_XM_006566938.3_23002	2162	1963	0	0
lcl|NC_037649.1_mrna_XM_006566935.3_23003	3591	3392	8.69744	0.140353
lcl|NC_037649.1_mrna_XM_396241.6_23004	3753	3554	0	0
lcl|NC_037649.1_mrna_XM_026444452.1_23005	1084	885	1	0.0618503
lcl|NC_037649.1_mrna_XM_026444453.1_23006	9730	9531	26.0022	0.149333
lcl|NC_037649.1_mrna_XM_026444342.1_23007	3483	3284	622.822	10.3812
lcl|NC_037649.1_mrna_XM_026444346.1_23008	3342	3143	456.073	7.94282
lcl|NC_037649.1_mrna_XM_026444343.1_23009	3435	3236	1505.9	25.4726
lcl|NC_037649.1_mrna_XM_026444345.1_23010	3390	3191	0	0
lcl|NC_037649.1_mrna_XM_026444344.1_23011	3393	3194	0	0
lcl|NC_037649.1_mrna_XM_026444341.1_23012	3486	3287	0	0
lcl|NC_037649.1_mrna_XM_026444348.1_23013	7288	7089	1964.92	15.1721
lcl|NC_037649.1_mrna_XM_026444347.1_23014	7339	7140	0.00817084	6.26403e-05
lcl|NC_037649.1_ncrna_XR_410846.3_23015	2567	2368	9.10594	0.210489
lcl|NC_037649.1_ncrna_XR_001705190.2_23016	2169	1970	14.0166	0.389458
lcl|NC_037649.1_ncrna_XR_410847.3_23017	2555	2356	10.8775	0.25272
lcl|NC_037649.1_mrna_XM_393870.7_23018	3307	3108	425	7.48502
lcl|NC_037649.1_ncrna_XR_003305872.1_23019	6344	6145	0	0
lcl|NC_037649.1_ncrna_XR_003305873.1_23020	5888	5689	23	0.221298
lcl|NC_037649.1_mrna_XM_026444405.1_23021	8305	8106	2730.02	18.4351
lcl|NC_037649.1_mrna_XM_624769.5_23022	1519	1320	0	0
lcl|NC_037649.1_mrna_XM_006566934.3_23023	1365	1166	97.3648	4.57076
lcl|NC_037649.1_mrna_XM_003250905.4_23024	306	107	0	0
lcl|NC_037649.1_mrna_XM_026444402.1_23025	1750	1551	160	5.64668
lcl|NC_037649.1_mrna_XM_026444454.1_23026	6485	6286	2379	20.716
lcl|NC_037649.1_miscrna_XR_003305834.1_23027	1923	1724	191.596	6.08322
lcl|NC_037649.1_mrna_XM_026444194.1_23028	1640	1441	227.932	8.65816
lcl|NC_037649.1_miscrna_XR_003305835.1_23029	1888	1689	240.473	7.7933
lcl|NC_037649.1_mrna_XM_006566930.2_23030	577	378	343	49.6693
lcl|NC_037649.1_mrna_XM_026444187.1_23031	5293	5094	0	0
lcl|NC_037649.1_mrna_XM_003250903.4_23032	5430	5231	0	0
lcl|NC_037649.1_mrna_XM_026444189.1_23033	5405	5206	0	0
lcl|NC_037649.1_mrna_XM_026444191.1_23034	5273	5074	62.1793	0.670781
lcl|NC_037649.1_mrna_XM_026444188.1_23035	4306	4107	23.5186	0.313453
lcl|NC_037649.1_mrna_XM_026444190.1_23036	4451	4252	58.6482	0.755
lcl|NC_037649.1_miscrna_XR_003305833.1_23037	3852	3653	0	0
lcl|NC_037649.1_mrna_XM_026444193.1_23038	3841	3642	0	0
lcl|NC_037649.1_mrna_XM_026444192.1_23039	3612	3413	413.654	6.63416
lcl|NC_037649.1_mrna_XM_625131.6_23040	1237	1038	360.237	18.9966
lcl|NC_037649.1_mrna_XM_006566926.3_23041	1234	1035	560.763	29.6568
lcl|NC_037649.1_mrna_XM_026444197.1_23042	4954	4755	65.137	0.749829
lcl|NC_037649.1_mrna_XM_026444196.1_23043	4881	4682	913.863	10.684
lcl|NC_037649.1_mrna_XM_026444199.1_23044	891	692	2242	177.343
lcl|NC_037649.1_mrna_XM_026444198.1_23045	2541	2342	31	0.724536
lcl|NC_037649.1_mrna_XM_026444134.1_23046	4288	4089	148.748	1.99122
lcl|NC_037649.1_mrna_XM_026444131.1_23047	4312	4113	4.71822e-07	6.2792e-09
lcl|NC_037649.1_mrna_XM_026444133.1_23048	4303	4104	0.277735	0.00370433
lcl|NC_037649.1_mrna_XM_026444132.1_23049	4306	4107	300.916	4.01057
lcl|NC_037649.1_mrna_XM_026444130.1_23050	4330	4131	1.04396e-06	1.38329e-08
lcl|NC_037649.1_mrna_XM_026444136.1_23051	3534	3335	148.876	2.44351
lcl|NC_037649.1_mrna_XM_026444135.1_23052	3719	3520	1113.2	17.3107
lcl|NC_037649.1_mrna_NM_001011596.1_23053	4100	3901	2148.98	30.1538
lcl|NC_037649.1_mrna_XM_395582.6_23054	1762	1563	114.193	3.99912
lcl|NC_037649.1_mrna_XM_006566924.3_23055	1677	1478	579.807	21.4731
lcl|NC_037649.1_mrna_XM_016915554.2_23056	1657	1458	0	0
lcl|NC_037649.1_mrna_XM_006566923.2_23057	1815	1616	7612	257.836
lcl|NC_037649.1_mrna_XM_623430.6_23058	1012	813	668	44.975
lcl|NC_037649.1_mrna_XM_393545.7_23059	2429	2230	6804	167.011
lcl|NC_037649.1_mrna_XM_006566917.3_23060	1300	1101	0	0
lcl|NC_037649.1_mrna_XM_006566916.3_23061	1302	1103	80	3.97008
lcl|NC_037649.1_mrna_XM_006566915.2_23062	691	492	27.0096	3.00495
lcl|NC_037649.1_mrna_XM_001120975.5_23063	830	631	409.99	35.5656
lcl|NC_037649.1_mrna_XM_006566914.3_23064	1597	1398	195	7.63506
lcl|NC_037649.1_mrna_XM_026444270.1_23065	10373	10174	26.9214	0.144841
lcl|NC_037649.1_mrna_XM_026444269.1_23066	10363	10164	93.1256	0.501522
lcl|NC_037649.1_mrna_XM_026444272.1_23067	10143	9944	0	0
lcl|NC_037649.1_mrna_XM_026444276.1_23068	9839	9640	47.1391	0.267664
lcl|NC_037649.1_mrna_XM_026444273.1_23069	10202	10003	0	0
lcl|NC_037649.1_mrna_XM_026444271.1_23070	10139	9940	0	0
lcl|NC_037649.1_mrna_XM_026444277.1_23071	9834	9635	90.7254	0.515422
lcl|NC_037649.1_mrna_XM_026444274.1_23072	9799	9600	616.163	3.51325
lcl|NC_037649.1_mrna_XM_026444275.1_23073	9799	9600	166.926	0.951782
lcl|NC_037649.1_mrna_XM_391940.6_23074	2905	2706	2237.98	45.2704
lcl|NC_037649.1_mrna_XM_026444285.1_23075	1477	1278	9.21503	0.394686
lcl|NC_037649.1_mrna_XM_026444286.1_23076	1315	1116	19.3142	0.947324
lcl|NC_037649.1_mrna_XM_026444284.1_23077	1478	1279	14.4897	0.620117
lcl|NC_037649.1_mrna_XM_026444288.1_23078	2929	2730	25.1928	0.505126
lcl|NC_037649.1_mrna_XM_026444287.1_23079	2917	2718	37.9273	0.763813
lcl|NC_037649.1_mrna_XM_026444289.1_23080	3516	3317	7.88223	0.130074
lcl|NC_037649.1_mrna_XM_006566907.3_23081	11878	11679	0.000487663	2.2856e-06
lcl|NC_037649.1_mrna_XM_006566908.3_23082	11845	11646	0.0173363	8.14828e-05
lcl|NC_037649.1_mrna_XM_006566909.3_23083	11814	11615	0.500971	0.00236091
lcl|NC_037649.1_mrna_XM_006566910.3_23084	11781	11582	18.1638	0.0858438
lcl|NC_037649.1_mrna_XM_026444279.1_23085	12497	12298	0.000116492	5.185e-07
lcl|NC_037649.1_mrna_XM_026444281.1_23086	12383	12184	14.8109	0.066539
lcl|NC_037649.1_mrna_XM_026444282.1_23087	12200	12001	0.873721	0.00398511
lcl|NC_037649.1_mrna_XM_026444280.1_23088	12464	12265	0.00345916	1.54379e-05
lcl|NC_037649.1_mrna_XM_006566911.3_23089	10903	10704	0.0127474	6.51872e-05
lcl|NC_037649.1_mrna_XM_006566903.3_23090	12434	12235	0.076069	0.000340321
lcl|NC_037649.1_mrna_XM_006566912.3_23091	10840	10641	21.9159	0.112736
lcl|NC_037649.1_precursorrna_NR_039478.1_23092	114	4.78619	0	0
lcl|NC_037649.1_ncrna_23093	21	2.72438	0	0
lcl|NC_037649.1_ncrna_XR_003305837.1_23094	3594	3395	0	0
lcl|NC_037649.1_mrna_XM_006566892.3_23095	3285	3086	12.3519	0.219091
lcl|NC_037649.1_mrna_XM_026444476.1_23096	3480	3281	25.6087	0.427235
lcl|NC_037649.1_mrna_XM_006566894.3_23097	3302	3103	0	0
lcl|NC_037649.1_mrna_XM_006566895.3_23098	5005	4806	822.837	9.37164
lcl|NC_037649.1_mrna_XM_026444477.1_23099	5264	5065	0	0
lcl|NC_037649.1_mrna_XM_006566887.3_23100	5282	5083	0	0
lcl|NC_037649.1_mrna_XM_006566886.3_23101	5403	5204	0	0
lcl|NC_037649.1_mrna_XM_026444479.1_23102	5230	5031	908.838	9.88821
lcl|NC_037649.1_mrna_XM_026444480.1_23103	3718	3519	78.988	1.22865
lcl|NC_037649.1_mrna_XM_026444478.1_23104	3530	3331	2.37583	0.0390415
lcl|NC_037649.1_mrna_XM_006566896.3_23105	3338	3139	0	0
lcl|NC_037649.1_mrna_XM_006566897.3_23106	1424	1225	146.511	6.54667
lcl|NC_037649.1_mrna_XM_006566900.3_23107	895	696	9038.62	710.85
lcl|NC_037649.1_mrna_XM_003250928.4_23108	1247	1048	18629.9	973.047
lcl|NC_037649.1_mrna_XM_393874.5_23109	1449	1250	703.028	30.7856
lcl|NC_037649.1_mrna_XM_006566880.3_23110	1584	1385	51.9725	2.05404
lcl|NC_037649.1_mrna_XM_016915411.2_23111	3234	3035	2272	40.9765
lcl|NC_037649.1_mrna_XM_003250926.4_23112	1502	1303	283.056	11.8909
lcl|NC_037649.1_mrna_XM_016915410.2_23113	1194	995	17.9437	0.987129
lcl|NC_037649.1_mrna_XM_006566879.2_23114	863	664	579	47.7305
lcl|NC_037649.1_mrna_XM_016915408.2_23115	2360	2161	1049.08	26.573
lcl|NC_037649.1_mrna_XM_395643.7_23116	2694	2495	1342.12	29.4447
lcl|NC_037649.1_mrna_XM_006566877.3_23117	2042	1843	1025.34	30.4528
lcl|NC_037649.1_mrna_XM_392894.7_23118	2075	1876	2526.46	73.7165
lcl|NC_037649.1_mrna_XM_016915407.2_23119	4011	3812	1488	21.3666
lcl|NC_037649.1_mrna_XM_006566875.2_23120	2764	2565	540.118	11.5262
lcl|NC_037649.1_mrna_XM_003250915.4_23121	2815	2616	153.882	3.21986
lcl|NC_037649.1_mrna_XM_393875.4_23122	1086	887	669	41.2846
lcl|NC_037649.1_mrna_XM_393876.7_23123	1497	1298	1389.56	58.5986
lcl|NC_037649.1_mrna_XM_016915406.2_23124	1428	1229	17.4427	0.776869
lcl|NC_037649.1_mrna_XM_006566874.3_23125	2887	2688	868	17.6757
lcl|NC_037649.1_mrna_XM_391942.7_23126	6115	5916	18	0.166544
lcl|NC_037649.1_trna_23127	73	3.5471	0	0
lcl|NC_037649.1_mrna_XM_016915400.2_23128	3935	3736	66.2385	0.970485
lcl|NC_037649.1_mrna_XM_026444170.1_23129	8063	7864	931.721	6.48526
lcl|NC_037649.1_mrna_XM_026444171.1_23130	6747	6548	4182.67	34.9648
lcl|NC_037649.1_mrna_XM_026444172.1_23131	7685	7486	107.322	0.784734
lcl|NC_037649.1_mrna_XM_026444173.1_23132	6597	6398	4612.85	39.4648
lcl|NC_037649.1_ncrna_XR_003305816.1_23133	1933	1734	4	0.126269
lcl|NC_037649.1_ncrna_XR_003305817.1_23134	1154	955	8	0.458534
lcl|NC_037649.1_mrna_XM_016915394.2_23135	1476	1277	0	0
lcl|NC_037649.1_mrna_XM_391943.7_23136	2399	2200	53.2982	1.3261
lcl|NC_037649.1_mrna_XM_006566867.3_23137	2365	2166	0.121243	0.00306397
lcl|NC_037649.1_mrna_XM_016915510.2_23138	9120	8921	0	0
lcl|NC_037649.1_mrna_XM_026444475.1_23139	8969	8770	141.132	0.880867
lcl|NC_037649.1_mrna_XM_016915509.2_23140	8950	8751	2161.13	13.5179
lcl|NC_037649.1_mrna_XM_016915513.2_23141	8579	8380	0	0
lcl|NC_037649.1_mrna_XM_016915507.2_23142	10408	10209	890.372	4.7739
lcl|NC_037649.1_mrna_XM_016915508.2_23143	10150	9951	47.1266	0.25923
lcl|NC_037649.1_mrna_XM_016915511.2_23144	9382	9183	0	0
lcl|NC_037649.1_mrna_XM_016915512.2_23145	8582	8383	0	0
lcl|NC_037649.1_ncrna_XR_410821.3_23146	3338	3139	9	0.156941
lcl|NC_037649.1_mrna_XM_016915365.2_23147	9209	9010	24	0.145805
lcl|NC_037649.1_mrna_XM_006566861.3_23148	8801	8602	140.417	0.893521
lcl|NC_037649.1_mrna_NM_001205062.1_23149	1773	1574	44.2404	1.53851
lcl|NC_037649.1_mrna_XM_016915338.2_23150	1806	1607	138.004	4.70068
lcl|NC_037649.1_mrna_XM_006566841.3_23151	1517	1318	12.4151	0.51561
lcl|NC_037649.1_mrna_XM_006566842.3_23152	1493	1294	7.34058	0.310514
lcl|NC_037649.1_mrna_XM_006566860.3_23153	8232	8033	7373	50.2402
lcl|NC_037649.1_miscrna_XR_001705275.2_23154	939	740	99	7.323
lcl|NC_037649.1_mrna_XM_016915620.2_23155	1759	1560	196	6.87728
lcl|NC_037649.1_mrna_XM_393860.7_23156	2826	2627	2045.01	42.611
lcl|NC_037649.1_mrna_XM_006566857.3_23157	2793	2594	920.986	19.4343
lcl|NC_037649.1_mrna_XM_016915494.2_23158	915	716	0	0
lcl|NC_037649.1_mrna_XM_001121859.4_23159	1179	980	243.779	13.6162
lcl|NC_037649.1_mrna_XM_006566854.2_23160	978	779	24.2211	1.70193
lcl|NC_037649.1_mrna_XM_006566853.3_23161	4916	4717	2.87894e-07	3.34081e-09
lcl|NC_037649.1_mrna_XM_003250913.4_23162	4841	4642	175.261	2.06665
lcl|NC_037649.1_precursorrna_NR_127348.1_23163	75	3.59105	0	0
lcl|NC_037649.1_ncrna_23164	24	2.75981	0	0
lcl|NC_037649.1_mrna_XM_393861.7_23165	2061	1862	11	0.323369
lcl|NC_037649.1_mrna_XM_016915519.2_23166	2107	1908	0	0
lcl|NC_037649.1_mrna_XM_006566843.3_23167	1946	1747	1012.01	31.7087
lcl|NC_037649.1_mrna_XM_006566844.3_23168	2066	1867	353.083	10.3518
lcl|NC_037649.1_mrna_NM_001011628.2_23169	1386	1187	141.905	6.54384
lcl|NC_037649.1_mrna_XM_016915518.2_23170	2255	2056	0	0
lcl|NC_037649.1_mrna_XM_006566849.3_23171	2525	2326	93.7924	2.20721
lcl|NC_037649.1_mrna_XM_001121958.5_23172	3053	2854	768.877	14.7465
lcl|NC_037649.1_mrna_XM_026444481.1_23173	2766	2567	667.671	14.2371
lcl|NC_037649.1_mrna_XM_026444482.1_23174	2232	2033	0	0
lcl|NC_037649.1_mrna_XM_006566851.3_23175	2606	2407	924.119	21.0154
lcl|NC_037649.1_ncrna_XR_003305901.1_23176	2321	2122	6	0.154772
lcl|NC_037649.1_precursorrna_NR_039479.1_23177	110	4.62459	0	0
lcl|NC_037649.1_ncrna_23178	23	2.74792	0	0
lcl|NC_037649.1_mrna_XM_006566848.3_23179	4254	4055	79.9282	1.07893
lcl|NC_037649.1_mrna_XM_393863.6_23180	4314	4115	739.072	9.8311
lcl|NC_037649.1_mrna_XM_016915575.2_23181	4165	3966	2.63357e-06	3.63478e-08
lcl|NC_037649.1_mrna_XM_391934.7_23182	1197	998	1791	98.2314
lcl|NC_037649.1_mrna_XM_016915558.2_23183	3934	3735	155.501	2.27892
lcl|NC_037649.1_mrna_XM_026444154.1_23184	3724	3525	33.2461	0.516258
lcl|NC_037649.1_mrna_XM_001122002.5_23185	2106	1907	101.955	2.92647
lcl|NC_037649.1_mrna_XM_026444153.1_23186	2482	2283	68.491	1.64215
lcl|NC_037649.1_mrna_XM_016915559.2_23187	971	772	0	0
lcl|NC_037649.1_trna_23188	83	3.78007	0	0
lcl|NC_037649.1_ncrna_XR_003305814.1_23189	2119	1920	22	0.627201
lcl|NC_037649.1_mrna_XM_391935.7_23190	1918	1719	580	18.4687
lcl|NC_037649.1_mrna_XM_003250916.4_23191	1602	1403	999.769	39.0056
lcl|NC_037649.1_mrna_XM_006566846.3_23192	1658	1459	72.2313	2.70991
lcl|NC_037650.1_mrna_XM_026444608.1_23193	2191	1992	39.0303	1.0725
lcl|NC_037650.1_mrna_XM_026444609.1_23194	2149	1950	97.0393	2.72395
lcl|NC_037650.1_mrna_XM_026444607.1_23195	2242	2043	18.9304	0.507197
lcl|NC_037650.1_ncrna_XR_003305932.1_23196	583	384	0	0
lcl|NC_037650.1_ncrna_XR_003305933.1_23197	565	366	0	0
lcl|NC_037650.1_ncrna_XR_001705428.2_23198	852	653	0	0
lcl|NC_037650.1_ncrna_XR_003305934.1_23199	983	784	2	0.139637
lcl|NC_037650.1_ncrna_XR_001706205.2_23200	190	13.4599	0	0
lcl|NC_037650.1_ncrna_XR_001706206.2_23201	1932	1733	12	0.379025
lcl|NC_037650.1_mrna_XM_016917349.2_23202	1469	1270	35.7837	1.54229
lcl|NC_037650.1_mrna_XM_026444611.1_23203	2168	1969	3.05215	0.0848486
lcl|NC_037650.1_mrna_XM_624295.6_23204	1831	1632	0	0
lcl|NC_037650.1_mrna_XM_001122575.4_23205	2066	1867	0	0
lcl|NC_037650.1_mrna_XM_026444612.1_23206	2232	2033	0	0
lcl|NC_037650.1_mrna_XM_026444613.1_23207	2215	2016	0	0
lcl|NC_037650.1_mrna_XM_026444614.1_23208	2162	1963	0	0
lcl|NC_037650.1_mrna_XM_026444615.1_23209	2036	1837	10.1641	0.302863
lcl|NC_037650.1_mrna_XM_026444620.1_23210	1252	1053	0	0
lcl|NC_037650.1_mrna_XM_006572034.3_23211	1957	1758	40	1.24545
lcl|NC_037650.1_mrna_XM_026444617.1_23212	1517	1318	15.9721	0.663334
lcl|NC_037650.1_mrna_XM_026444618.1_23213	1176	977	239.689	13.4288
lcl|NC_037650.1_mrna_XM_623583.5_23214	1216	1017	701.647	37.7644
lcl|NC_037650.1_mrna_XM_026444619.1_23215	1043	844	277.823	18.0182
lcl|NC_037650.1_mrna_XM_006572194.3_23216	1613	1414	7.11713	0.275512
lcl|NC_037650.1_mrna_XM_006572195.3_23217	1559	1360	11.8829	0.478264
lcl|NC_037650.1_ncrna_XR_001706277.2_23218	1225	1026	14	0.746906
lcl|NC_037650.1_ncrna_XR_003305936.1_23219	848	649	1.96073	0.16537
lcl|NC_037650.1_ncrna_XR_003305935.1_23220	517	318	10.0393	1.72807
lcl|NC_037650.1_mrna_XM_026444573.1_23221	6539	6340	229.289	1.97961
lcl|NC_037650.1_mrna_XM_026444574.1_23222	6280	6081	2546.95	22.9261
lcl|NC_037650.1_mrna_XM_026444572.1_23223	6456	6257	1586.76	13.8813
lcl|NC_037650.1_precursorrna_NR_039452.1_23224	80	3.70659	0	0
lcl|NC_037650.1_ncrna_23225	22	2.73612	0	0
lcl|NC_037650.1_trna_23226	74	3.56892	0	0
lcl|NC_037650.1_mrna_XM_026444785.1_23227	366	167	0	0
lcl|NC_037650.1_trna_23228	74	3.56892	0	0
lcl|NC_037650.1_mrna_XM_026444719.1_23229	1709	1510	5	0.18125
lcl|NC_037650.1_mrna_XM_026444519.1_23230	1674	1475	0	0
lcl|NC_037650.1_mrna_NM_001242990.1_23231	1092	893	0	0
lcl|NC_037650.1_mrna_XM_026444646.1_23232	1337	1138	0	0
lcl|NC_037650.1_mrna_XM_026444679.1_23233	1633	1434	0	0
lcl|NC_037650.1_mrna_XM_026444680.1_23234	1155	956	0	0
lcl|NC_037650.1_mrna_XM_026444706.1_23235	1321	1122	2	0.0975714
lcl|NC_037650.1_mrna_XM_026444633.1_23236	1095	896	0	0
lcl|NC_037650.1_mrna_XM_026444637.1_23237	611	412	0	0
lcl|NC_037650.1_mrna_XM_016917288.2_23238	1428	1229	2	0.0890766
lcl|NC_037650.1_mrna_XM_026444786.1_23239	1382	1183	0	0
lcl|NC_037650.1_mrna_XM_026444634.1_23240	1278	1079	3.7993	0.192738
lcl|NC_037650.1_mrna_XM_026444636.1_23241	1076	877	0	0
lcl|NC_037650.1_mrna_XM_026444635.1_23242	994	795	7.2007	0.495785
lcl|NC_037650.1_mrna_XM_026444632.1_23243	1171	972	202.571	11.4077
lcl|NC_037650.1_mrna_XM_001123287.5_23244	1185	986	70.4287	3.90983
lcl|NC_037650.1_mrna_XM_001122709.5_23245	665	466	0	0
lcl|NC_037650.1_mrna_XM_026444621.1_23246	582	383	3	0.428754
lcl|NC_037650.1_mrna_XM_625134.6_23247	1247	1048	491	25.6452
lcl|NC_037650.1_mrna_XM_026444630.1_23248	2111	1912	91.0501	2.60662
lcl|NC_037650.1_mrna_XM_026444631.1_23249	2090	1891	561.95	16.2664
lcl|NC_037650.1_mrna_XM_006571823.3_23250	1566	1367	3145	125.932
lcl|NC_037650.1_mrna_XM_006571821.3_23251	755	556	0	0
lcl|NC_037650.1_mrna_XM_001123101.5_23252	755	556	15	1.47673
lcl|NC_037650.1_mrna_XM_001120518.5_23253	717	518	0	0
lcl|NC_037650.1_mrna_XM_026444629.1_23254	594	395	0	0
lcl|NC_037650.1_mrna_XM_026444628.1_23255	587	388	0	0
lcl|NC_037650.1_mrna_XM_016917306.2_23256	1352	1153	46.2215	2.19432
lcl|NC_037650.1_mrna_XM_006571928.3_23257	1566	1367	0	0
lcl|NC_037650.1_mrna_XM_006571927.3_23258	1659	1460	23.7785	0.891491
lcl|NC_037650.1_mrna_NM_001011584.1_23259	1590	1391	0	0
lcl|NC_037650.1_mrna_XM_026444525.1_23260	1536	1337	0	0
lcl|NC_037650.1_mrna_XM_026444743.1_23261	1368	1169	0	0
lcl|NC_037650.1_mrna_XM_026444744.1_23262	1334	1135	1	0.0482269
lcl|NC_037650.1_mrna_XM_026444787.1_23263	2792	2593	25	0.527743
lcl|NC_037650.1_mrna_XM_001120513.5_23264	1673	1474	76.458	2.8393
lcl|NC_037650.1_mrna_XM_026444716.1_23265	1873	1674	59.9445	1.96011
lcl|NC_037650.1_mrna_XM_006571936.3_23266	1952	1753	21.8813	0.683246
lcl|NC_037650.1_mrna_XM_026444717.1_23267	1913	1714	26.1743	0.835892
lcl|NC_037650.1_mrna_XM_026444718.1_23268	1746	1547	32.5418	1.15143
lcl|NC_037650.1_mrna_XM_006571912.3_23269	1049	850	1	0.0643971
lcl|NC_037650.1_mrna_XM_006572115.3_23270	5280	5081	300.044	3.23236
lcl|NC_037650.1_mrna_XM_001122738.5_23271	388	189	817	236.617
lcl|NC_037650.1_ncrna_XR_003305959.1_23272	2771	2572	0	0
lcl|NC_037650.1_ncrna_XR_003305960.1_23273	2536	2337	6	0.140533
lcl|NC_037650.1_ncrna_XR_412358.3_23274	777	578	6	0.56821
lcl|NC_037650.1_mrna_XM_026444707.1_23275	1419	1220	0	0
lcl|NC_037650.1_mrna_XM_016917415.2_23276	2883	2684	27	0.550638
lcl|NC_037650.1_mrna_XM_396696.6_23277	1896	1697	335	10.8056
lcl|NC_037650.1_mrna_XM_026444727.1_23278	1760	1561	37	1.29743
lcl|NC_037650.1_mrna_XM_026444728.1_23279	1256	1057	0	0
lcl|NC_037650.1_mrna_XM_006571765.3_23280	5102	4903	174.163	1.94438
lcl|NC_037650.1_mrna_XM_397416.6_23281	5095	4896	1056.84	11.8155
lcl|NC_037650.1_mrna_XM_026444640.1_23282	1746	1547	2086	73.809
lcl|NC_037650.1_mrna_XM_001122457.5_23283	5796	5597	4108.06	40.176
lcl|NC_037650.1_mrna_XM_006571766.3_23284	5877	5678	220.936	2.12988
lcl|NC_037650.1_ncrna_XR_001706384.2_23285	805	606	181	16.349
lcl|NC_037650.1_ncrna_XR_003305962.1_23286	1197	998	28	1.53572
lcl|NC_037650.1_mrna_XM_016917195.2_23287	2514	2315	63	1.48962
lcl|NC_037650.1_mrna_XM_006571769.3_23288	1261	1062	310.003	15.9782
lcl|NC_037650.1_mrna_XM_396744.7_23289	1428	1229	4349	193.697
lcl|NC_037650.1_mrna_XM_006571770.3_23290	6828	6629	439.668	3.63046
lcl|NC_037650.1_mrna_XM_006571771.3_23291	6727	6528	0.00645627	5.41361e-05
lcl|NC_037650.1_mrna_XM_026444627.1_23292	6090	5891	1.95873	0.0182
lcl|NC_037650.1_mrna_XM_016917190.2_23293	477	278	256	50.4058
lcl|NC_037650.1_mrna_XM_006571773.3_23294	5954	5755	191.367	1.82015
lcl|NC_037650.1_mrna_XM_016917193.2_23295	1983	1784	96.9813	2.97563
lcl|NC_037650.1_mrna_XM_395039.7_23296	2090	1891	53.0187	1.5347
lcl|NC_037650.1_mrna_XM_026444713.1_23297	1020	821	0	0
lcl|NC_037650.1_mrna_XM_026444712.1_23298	1042	843	0	0
lcl|NC_037650.1_mrna_XM_003251753.4_23299	756	557	6	0.589632
lcl|NC_037650.1_mrna_XM_006571776.3_23300	1899	1700	11	0.354184
lcl|NC_037650.1_mrna_XM_026444651.1_23301	2512	2313	2.04705e-07	4.84439e-09
lcl|NC_037650.1_mrna_XM_026444650.1_23302	2604	2405	346.482	7.88589
lcl|NC_037650.1_mrna_XM_026444652.1_23303	2255	2056	40.7188	1.08407
lcl|NC_037650.1_mrna_XM_006571779.3_23304	2711	2512	69.9654	1.52458
lcl|NC_037650.1_ncrna_XR_003305942.1_23305	1153	954	7.83393	0.449486
lcl|NC_037650.1_mrna_XM_026444788.1_23306	1152	953	2	0.114874
lcl|NC_037650.1_mrna_XM_026444729.1_23307	1010	811	141	9.51664
lcl|NC_037650.1_mrna_XM_026444622.1_23308	2387	2188	123.708	3.09482
lcl|NC_037650.1_mrna_XM_026444624.1_23309	2207	2008	0	0
lcl|NC_037650.1_mrna_XM_026444623.1_23310	2265	2066	555.656	14.7218
lcl|NC_037650.1_mrna_XM_026444625.1_23311	2108	1909	1186.64	34.0249
lcl|NC_037650.1_mrna_XM_026444626.1_23312	1769	1570	12916	450.312
lcl|NC_037650.1_mrna_XM_625060.5_23313	965	766	1.03548e-06	7.3994e-08
lcl|NC_037650.1_mrna_XM_003249121.4_23314	976	777	282	19.8661
lcl|NC_037650.1_mrna_XM_395272.6_23315	3228	3029	38.3418	0.69288
lcl|NC_037650.1_mrna_XM_006557805.3_23316	3093	2894	0.000926495	1.75239e-05
lcl|NC_037650.1_mrna_XM_026444714.1_23317	3070	2871	1275.66	24.3213
lcl|NC_037650.1_mrna_XM_006557808.3_23318	658	459	2200.15	262.377
lcl|NC_037650.1_mrna_XM_006557810.3_23319	903	704	553.601	43.0437
lcl|NC_037650.1_mrna_XM_006557809.3_23320	898	699	137.205	10.7443
lcl|NC_037650.1_mrna_XM_006557807.3_23321	628	429	8.50147e-07	1.08473e-07
lcl|NC_037650.1_mrna_XM_006557811.3_23322	729	530	454.04	46.8925
lcl|NC_037650.1_mrna_XM_006557806.2_23323	638	439	1.61517e-05	2.0139e-06
lcl|NC_037650.1_mrna_XM_026444568.1_23324	2689	2490	10753	236.384
lcl|NC_037650.1_mrna_XM_026444566.1_23325	5699	5500	155.078	1.54338
lcl|NC_037650.1_mrna_XM_016915889.2_23326	5715	5516	824.875	8.18557
lcl|NC_037650.1_mrna_XM_016915925.2_23327	3767	3568	0	0
lcl|NC_037650.1_mrna_XM_016915924.2_23328	3770	3571	7.13284	0.109335
lcl|NC_037650.1_mrna_XM_016915926.2_23329	3293	3094	130.867	2.31524
lcl|NC_037650.1_mrna_XM_016915927.2_23330	2730	2531	0	0
lcl|NC_037650.1_mrna_XM_016915928.2_23331	2591	2392	0	0
lcl|NC_037650.1_mrna_XM_016915934.2_23332	1015	816	354.025	23.7481
lcl|NC_037650.1_mrna_XM_016915933.2_23333	1152	953	175.975	10.1075
lcl|NC_037650.1_mrna_XM_016915931.2_23334	1941	1742	0	0
lcl|NC_037650.1_mrna_XM_016915932.2_23335	1839	1640	0	0
lcl|NC_037650.1_mrna_XM_016915930.2_23336	1742	1543	0	0
lcl|NC_037650.1_mrna_XM_006557813.3_23337	1789	1590	0	0
lcl|NC_037650.1_mrna_XM_006557814.3_23338	1450	1251	3	0.131265
lcl|NC_037650.1_mrna_XM_016915929.2_23339	3097	2898	0	0
lcl|NC_037650.1_mrna_XM_006557812.3_23340	2752	2553	0	0
lcl|NC_037650.1_mrna_XM_006557815.3_23341	2674	2475	0	0
lcl|NC_037650.1_miscrna_XR_001705439.2_23342	4259	4060	0	0
lcl|NC_037650.1_miscrna_XR_001705438.2_23343	4164	3965	73.7673	1.01837
lcl|NC_037650.1_mrna_XM_001122113.5_23344	4067	3868	0.232741	0.00329361
lcl|NC_037650.1_mrna_XM_026444610.1_23345	2585	2386	1026	23.5376
lcl|NC_037650.1_mrna_XM_393883.7_23346	1100	901	2175	132.136
lcl|NC_037650.1_mrna_XM_006557816.3_23347	1966	1767	3465	107.338
lcl|NC_037650.1_mrna_XM_006557817.3_23348	916	717	63.4758	4.8459
lcl|NC_037650.1_mrna_XM_003249131.4_23349	1206	1007	906.524	49.276
lcl|NC_037650.1_mrna_XM_016915947.2_23350	2649	2450	94	2.10013
lcl|NC_037650.1_ncrna_XR_001705459.2_23351	4644	4445	19.0176	0.234191
lcl|NC_037650.1_mrna_XM_393885.5_23352	4067	3868	24.0137	0.339826
lcl|NC_037650.1_mrna_XM_016915818.2_23353	1767	1568	20.4773	0.714847
lcl|NC_037650.1_mrna_XM_006557827.3_23354	1643	1444	5.5955	0.212108
lcl|NC_037650.1_mrna_XM_006557824.3_23355	1741	1542	19.2233	0.682384
lcl|NC_037650.1_mrna_XM_006557825.3_23356	1976	1777	17.0034	0.523763
lcl|NC_037650.1_mrna_XM_016915819.2_23357	1690	1491	23.7004	0.870088
lcl|NC_037650.1_mrna_XM_006557823.3_23358	999	800	4	0.273688
lcl|NC_037650.1_mrna_XM_006557822.3_23359	1283	1084	0	0
lcl|NC_037650.1_mrna_XM_393886.6_23360	1520	1321	0	0
lcl|NC_037650.1_mrna_XM_006557821.3_23361	2237	2038	0	0
lcl|NC_037650.1_mrna_XM_006557819.3_23362	2493	2294	118.329	2.82346
lcl|NC_037650.1_mrna_XM_001122254.5_23363	2524	2325	521.671	12.2817
lcl|NC_037650.1_mrna_XM_016915817.2_23364	2218	2019	0	0
lcl|NC_037650.1_mrna_XM_026444569.1_23365	2204	2005	0	0
lcl|NC_037650.1_mrna_XM_016915687.2_23366	1333	1134	450	21.7212
lcl|NC_037650.1_ncrna_XR_001705371.2_23367	1155	956	22	1.25965
lcl|NC_037650.1_ncrna_XR_003305927.1_23368	1076	877	1.98823e-05	1.24094e-06
lcl|NC_037650.1_ncrna_XR_407590.3_23369	4212	4013	7	0.0954804
lcl|NC_037650.1_ncrna_XR_003305939.1_23370	2952	2753	2	0.0397657
lcl|NC_037650.1_mrna_XM_006557876.2_23371	876	677	1	0.0808531
lcl|NC_037650.1_mrna_XM_026444602.1_23372	7048	6849	157.423	1.25813
lcl|NC_037650.1_mrna_XM_026444601.1_23373	7279	7080	0	0
lcl|NC_037650.1_mrna_XM_026444599.1_23374	7400	7201	40.0539	0.304465
lcl|NC_037650.1_mrna_XM_026444600.1_23375	7716	7517	45.4856	0.331219
lcl|NC_037650.1_mrna_XM_026444597.1_23376	6444	6245	19.5741	0.171567
lcl|NC_037650.1_mrna_XM_026444598.1_23377	6967	6768	116.464	0.941924
lcl|NC_037650.1_mrna_XM_026444603.1_23378	4681	4482	60	0.732765
lcl|NC_037650.1_ncrna_XR_407597.3_23379	750	551	17.5841	1.74684
lcl|NC_037650.1_ncrna_XR_003305929.1_23380	656	457	0.415908	0.0498157
lcl|NC_037650.1_mrna_XM_006557800.3_23381	3626	3427	6003.08	95.8838
lcl|NC_037650.1_mrna_NM_001185105.1_23382	3075	2876	5475.73	104.217
lcl|NC_037650.1_mrna_XM_006557801.1_23383	3831	3632	413.62	6.23363
lcl|NC_037650.1_mrna_XM_016915645.1_23384	3326	3127	343.665	6.01579
lcl|NC_037650.1_miscrna_XR_001705302.2_23385	2486	2287	99.6888	2.38597
lcl|NC_037650.1_miscrna_XR_001705303.2_23386	2477	2278	0	0
lcl|NC_037650.1_mrna_XM_026444700.1_23387	3938	3739	162.588	2.38023
lcl|NC_037650.1_mrna_XM_006557830.3_23388	3878	3679	810.996	12.0663
lcl|NC_037650.1_mrna_XM_006557831.3_23389	3857	3658	5.94579	0.0889716
lcl|NC_037650.1_mrna_XM_006557829.3_23390	867	668	1744.72	142.967
lcl|NC_037650.1_mrna_XM_026444699.1_23391	7649	7450	44.3198	0.325632
lcl|NC_037650.1_mrna_XM_393888.6_23392	7572	7373	4208.68	31.2455
lcl|NC_037650.1_mrna_XM_003249136.4_23393	3452	3253	18504	311.363
lcl|NC_037650.1_mrna_XM_001122391.5_23394	700	501	27	2.94993
lcl|NC_037650.1_mrna_XM_026444742.1_23395	1577	1378	0	0
lcl|NC_037650.1_miscrna_XR_003305970.1_23396	1581	1382	14.2788	0.565547
lcl|NC_037650.1_mrna_XM_006557833.3_23397	1650	1451	30.9333	1.16693
lcl|NC_037650.1_mrna_XM_001122399.5_23398	1695	1496	17.7879	0.650845
lcl|NC_037650.1_mrna_XM_001122418.5_23399	830	631	1433	124.309
lcl|NC_037650.1_mrna_XM_391948.7_23400	1681	1482	2095	77.3786
lcl|NC_037650.1_mrna_XM_006557834.3_23401	8023	7824	94.0096	0.657701
lcl|NC_037650.1_mrna_XM_624040.6_23402	1216	1017	391.676	21.081
lcl|NC_037650.1_mrna_XM_006557835.3_23403	1203	1004	2708.32	147.656
lcl|NC_037650.1_mrna_XM_391949.7_23404	3833	3634	1553	23.3922
lcl|NC_037650.1_mrna_XM_393890.5_23405	2142	1943	95	2.67631
lcl|NC_037650.1_miscrna_XR_001705306.2_23406	5484	5285	153.234	1.58706
lcl|NC_037650.1_mrna_XM_016915713.2_23407	2923	2724	37.7291	0.758149
lcl|NC_037650.1_mrna_XM_026444760.1_23408	3135	2936	0	0
lcl|NC_037650.1_mrna_XM_016915715.2_23409	3659	3460	0	0
lcl|NC_037650.1_mrna_XM_006557843.3_23410	3953	3754	0	0
lcl|NC_037650.1_mrna_XM_026444759.1_23411	3808	3609	0	0
lcl|NC_037650.1_mrna_XM_026444758.1_23412	3870	3671	0	0
lcl|NC_037650.1_mrna_XM_006557845.3_23413	3530	3331	0	0
lcl|NC_037650.1_mrna_XM_016915718.2_23414	2966	2767	0	0
lcl|NC_037650.1_mrna_XM_016915717.2_23415	2868	2669	0	0
lcl|NC_037650.1_mrna_XM_016915716.2_23416	3473	3274	44.49	0.743822
lcl|NC_037650.1_mrna_XM_016915714.2_23417	4661	4462	9.64597	0.118332
lcl|NC_037650.1_mrna_XM_016915712.2_23418	3928	3729	26.1822	0.384325
lcl|NC_037650.1_mrna_XM_006557840.3_23419	1639	1440	0.011955	0.000454436
lcl|NC_037650.1_mrna_XM_026444762.1_23420	1570	1371	0.0179406	0.000716284
lcl|NC_037650.1_mrna_XM_006557841.3_23421	1630	1431	32.6435	1.24866
lcl|NC_037650.1_mrna_XM_026444763.1_23422	1561	1362	73.0458	2.93564
lcl|NC_037650.1_mrna_XM_016915723.2_23423	3143	2944	1882.79	35.0065
lcl|NC_037650.1_mrna_XM_006557838.3_23424	2511	2312	1576.21	37.3174
lcl|NC_037650.1_miscrna_XR_003305975.1_23425	2331	2132	718.893	18.4571
lcl|NC_037650.1_mrna_XM_026444761.1_23426	4173	3974	1365.11	18.8029
lcl|NC_037650.1_mrna_XM_006557846.3_23427	2590	2391	1386.74	31.7469
lcl|NC_037650.1_mrna_XM_624207.6_23428	3117	2918	487.256	9.14023
lcl|NC_037650.1_mrna_XM_026444684.1_23429	4599	4400	351.911	4.3779
lcl|NC_037650.1_mrna_XM_016915711.2_23430	4675	4476	0.00543751	6.64959e-05
lcl|NC_037650.1_mrna_XM_026444682.1_23431	5144	4945	123.386	1.36579
lcl|NC_037650.1_mrna_XM_016915708.2_23432	4163	3964	0	0
lcl|NC_037650.1_mrna_XM_016915709.2_23433	4239	4040	0	0
lcl|NC_037650.1_mrna_XM_006557853.3_23434	3845	3646	9.84345	0.14778
lcl|NC_037650.1_mrna_XM_006557854.3_23435	3665	3466	0.00975797	0.000154105
lcl|NC_037650.1_mrna_XM_001122511.5_23436	3981	3782	220.844	3.19631
lcl|NC_037650.1_mrna_XM_624281.5_23437	5694	5495	6929.61	69.0281
lcl|NC_037650.1_mrna_XM_016915721.2_23438	5145	4946	65.8846	0.729147
lcl|NC_037650.1_mrna_XM_006557847.3_23439	5276	5077	0	0
lcl|NC_037650.1_mrna_XM_006557849.3_23440	5100	4901	141.022	1.57502
lcl|NC_037650.1_mrna_XM_026444685.1_23441	4934	4735	1453.67	16.8047
lcl|NC_037650.1_ncrna_XR_003305950.1_23442	4795	4596	40.9997	0.488299
lcl|NC_037650.1_ncrna_XR_003305951.1_23443	4720	4521	0.000310814	3.76315e-06
lcl|NC_037650.1_ncrna_XR_001705334.2_23444	2791	2592	13	0.274532
lcl|NC_037650.1_ncrna_XR_003305952.1_23445	2862	2663	0	0
lcl|NC_037650.1_ncrna_XR_407599.3_23446	5835	5636	33	0.3205
lcl|NC_037650.1_ncrna_XR_001705313.2_23447	4824	4625	30.2481	0.357991
lcl|NC_037650.1_ncrna_XR_407603.3_23448	6840	6641	176	1.45066
lcl|NC_037650.1_ncrna_XR_119746.4_23449	2994	2795	743.086	14.5527
lcl|NC_037650.1_ncrna_XR_407601.3_23450	2395	2196	22.9143	0.571162
lcl|NC_037650.1_mrna_XM_026444688.1_23451	5038	4839	0	0
lcl|NC_037650.1_mrna_XM_026444687.1_23452	4866	4667	0	0
lcl|NC_037650.1_mrna_XM_026444689.1_23453	1607	1408	12.4018	0.482132
lcl|NC_037650.1_mrna_XM_026444690.1_23454	1021	822	0	0
lcl|NC_037650.1_mrna_XM_026444691.1_23455	1883	1684	0	0
lcl|NC_037650.1_mrna_XM_001122556.5_23456	1351	1152	25	1.18788
lcl|NC_037650.1_mrna_XM_026444789.1_23457	693	494	0	0
lcl|NC_037650.1_mrna_XM_393336.7_23458	2962	2763	2238.84	44.3535
lcl|NC_037650.1_mrna_XM_026444641.1_23459	3808	3609	537.697	8.15522
lcl|NC_037650.1_mrna_XM_026444642.1_23460	3796	3597	94.4584	1.43743
lcl|NC_037650.1_mrna_XM_624396.6_23461	1314	1115	794	38.979
lcl|NC_037650.1_ncrna_XR_001705311.2_23462	1744	1545	25.0953	0.889098
lcl|NC_037650.1_ncrna_XR_003305937.1_23463	1723	1524	71.177	2.55646
lcl|NC_037650.1_ncrna_XR_001705310.2_23464	1607	1408	3.62609	0.140968
lcl|NC_037650.1_mrna_XM_006557868.3_23465	5216	5017	8.63637	0.0942264
lcl|NC_037650.1_mrna_XM_026444643.1_23466	4265	4066	351.142	4.72717
lcl|NC_037650.1_mrna_XM_003249130.4_23467	4074	3875	35.3948	0.49998
lcl|NC_037650.1_ncrna_XR_003305938.1_23468	546	347	16	2.52392
lcl|NC_037650.1_mrna_XM_396712.6_23469	3432	3233	86.6748	1.46748
lcl|NC_037650.1_mrna_XM_006557867.3_23470	3507	3308	1150.45	19.0365
lcl|NC_037650.1_miscrna_XR_001705307.2_23471	1629	1430	15.7223	0.601817
lcl|NC_037650.1_mrna_XM_016915725.2_23472	1463	1264	2.8981	0.125502
lcl|NC_037650.1_mrna_XM_006557863.3_23473	2084	1885	299.242	8.68953
lcl|NC_037650.1_mrna_XM_016915724.2_23474	2082	1883	1142.48	33.2111
lcl|NC_037650.1_mrna_XM_026444644.1_23475	2319	2120	152.336	3.93326
lcl|NC_037650.1_mrna_XM_026444645.1_23476	6950	6751	853.45	6.91983
lcl|NC_037650.1_mrna_XM_006557870.3_23477	1995	1796	0	0
lcl|NC_037650.1_mrna_XM_026444647.1_23478	3677	3478	0	0
lcl|NC_037650.1_mrna_XM_026444648.1_23479	3973	3774	10.6989	0.155176
lcl|NC_037650.1_mrna_XM_026444649.1_23480	3266	3067	46.1071	0.822886
lcl|NC_037650.1_mrna_XM_001119912.5_23481	5482	5283	9.054	0.0938091
lcl|NC_037650.1_mrna_XM_006558532.3_23482	2582	2383	2758.33	63.3588
lcl|NC_037650.1_mrna_XM_624568.6_23483	2628	2429	265.674	5.98697
lcl|NC_037650.1_mrna_XM_016915828.2_23484	9489	9290	3.76205e-05	2.21664e-07
lcl|NC_037650.1_mrna_XM_016915829.2_23485	9459	9260	0.00222941	1.31785e-05
lcl|NC_037650.1_mrna_XM_006558534.3_23486	9442	9243	167.676	0.992984
lcl|NC_037650.1_mrna_XM_006558535.3_23487	9411	9212	1.57252	0.0093439
lcl|NC_037650.1_mrna_XM_624586.6_23488	9544	9345	0	0
lcl|NC_037650.1_mrna_XM_006558533.3_23489	9501	9302	79.7556	0.469321
lcl|NC_037650.1_mrna_XM_016915830.2_23490	8410	8211	292.994	1.95321
lcl|NC_037650.1_mrna_NM_001011654.2_23491	749	550	144.957	14.4265
lcl|NC_037650.1_mrna_XM_026444560.1_23492	745	546	323.658	32.4474
lcl|NC_037650.1_mrna_XM_026444559.1_23493	1005	806	293.385	19.9245
lcl|NC_037650.1_mrna_XM_026444562.1_23494	2809	2610	0.000328427	6.88785e-06
lcl|NC_037650.1_mrna_XM_026444561.1_23495	2795	2596	31.673	0.667837
lcl|NC_037650.1_mrna_XM_006558473.3_23496	6598	6399	78.599	0.672342
lcl|NC_037650.1_mrna_XM_006558472.3_23497	6604	6405	2.89976	0.0247815
lcl|NC_037650.1_mrna_XM_006558470.3_23498	6607	6408	88.294	0.754213
lcl|NC_037650.1_mrna_NM_001040266.2_23499	1573	1374	26.7153	1.06429
lcl|NC_037650.1_mrna_XM_006558466.3_23500	4792	4593	47.6683	0.568091
lcl|NC_037650.1_mrna_XM_006558464.3_23501	4801	4602	56.1534	0.667905
lcl|NC_037650.1_mrna_XM_006558460.3_23502	4589	4390	110.537	1.37825
lcl|NC_037650.1_mrna_XM_006558461.3_23503	4711	4512	0	0
lcl|NC_037650.1_mrna_XM_006558459.3_23504	4110	3911	2.6328	0.0368482
lcl|NC_037650.1_mrna_XM_006558463.3_23505	4603	4404	0	0
lcl|NC_037650.1_mrna_XM_006558456.3_23506	4532	4333	0	0
lcl|NC_037650.1_mrna_XM_006558453.3_23507	4611	4412	0	0
lcl|NC_037650.1_mrna_XM_006558462.3_23508	4715	4516	1.98889	0.0241069
lcl|NC_037650.1_precursorrna_NR_039480.1_23509	135	5.87326	0	0
lcl|NC_037650.1_ncrna_23510	24	2.75981	0	0
lcl|NC_037650.1_mrna_XM_026444790.1_23511	905	706	5.01202	0.388591
lcl|NC_037650.1_mrna_XM_006558530.3_23512	5729	5530	31.3994	0.3108
lcl|NC_037650.1_mrna_XM_006558529.3_23513	5915	5716	0	0
lcl|NC_037650.1_mrna_XM_003249275.4_23514	6028	5829	54.7399	0.514038
lcl|NC_037650.1_miscrna_XR_003305973.1_23515	2072	1873	0	0
lcl|NC_037650.1_mrna_XM_006558526.3_23516	3210	3011	422.471	7.68019
lcl|NC_037650.1_miscrna_XR_003305974.1_23517	1866	1667	81.5397	2.67743
lcl|NC_037650.1_mrna_XM_006558525.3_23518	2000	1801	79.5336	2.41725
lcl|NC_037650.1_mrna_XM_026444752.1_23519	1649	1450	5.64663	0.21316
lcl|NC_037650.1_ncrna_XR_001705359.2_23520	8781	8582	174.92	1.11567
lcl|NC_037650.1_mrna_XM_006558531.3_23521	4157	3958	57.7909	0.799225
lcl|NC_037650.1_mrna_XM_026444751.1_23522	4501	4302	450.209	5.72835
lcl|NC_037650.1_mrna_XM_003249277.4_23523	1160	961	899	51.2061
lcl|NC_037650.1_mrna_XM_393590.7_23524	1096	897	184	11.2282
lcl|NC_037650.1_mrna_XM_397320.7_23525	1070	871	355.041	22.3123
lcl|NC_037650.1_mrna_XM_016915935.2_23526	1037	838	3.95934	0.258621
lcl|NC_037650.1_mrna_XM_016915946.2_23527	1435	1236	148.163	6.56156
lcl|NC_037650.1_mrna_XM_006558523.3_23528	1491	1292	282.804	11.9814
lcl|NC_037650.1_mrna_NM_001327959.1_23529	1104	905	56.0332	3.38908
lcl|NC_037650.1_mrna_XM_006558522.3_23530	1718	1519	312	11.243
lcl|NC_037650.1_mrna_XM_006558520.2_23531	2482	2283	1761	42.222
lcl|NC_037650.1_mrna_XM_001120488.5_23532	3843	3644	568	8.53209
lcl|NC_037650.1_mrna_XM_016915765.2_23533	1085	886	0	0
lcl|NC_037650.1_mrna_XM_006558519.3_23534	1265	1066	289	14.8397
lcl|NC_037650.1_mrna_XM_003249273.3_23535	834	635	9	0.775808
lcl|NC_037650.1_mrna_XM_026444791.1_23536	5179	4980	460	5.05608
lcl|NC_037650.1_mrna_XM_006558515.3_23537	6338	6139	302.077	2.69342
lcl|NC_037650.1_mrna_XM_006558513.3_23538	6942	6743	623.283	5.05961
lcl|NC_037650.1_mrna_XM_006558514.3_23539	7050	6851	84.5329	0.675394
lcl|NC_037650.1_mrna_XM_006558512.3_23540	6011	5812	51.5686	0.485674
lcl|NC_037650.1_mrna_XM_393894.7_23541	3110	2911	1015	19.0857
lcl|NC_037650.1_mrna_XM_006558518.3_23542	1037	838	26.8215	1.75196
lcl|NC_037650.1_mrna_XM_006558517.3_23543	1042	843	141.763	9.20496
lcl|NC_037650.1_mrna_XM_006558516.3_23544	1045	846	170.415	11.0261
lcl|NC_037650.1_mrna_XM_006558510.3_23545	6684	6485	512.864	4.3289
lcl|NC_037650.1_mrna_XM_006558511.3_23546	6570	6371	589.361	5.0636
lcl|NC_037650.1_mrna_NM_001011614.1_23547	689	490	2	0.223419
lcl|NC_037650.1_mrna_XM_026444701.1_23548	1011	812	346	23.3241
lcl|NC_037650.1_mrna_XM_026444702.1_23549	1267	1068	16.6672	0.854233
lcl|NC_037650.1_mrna_XM_016915893.2_23550	2296	2097	49.0677	1.2808
lcl|NC_037650.1_mrna_XM_003249269.4_23551	2298	2099	383.932	10.0122
lcl|NC_037650.1_precursorrna_NR_031513.1_23552	92	4.02165	0	0
lcl|NC_037650.1_ncrna_23553	22	2.73612	0	0
lcl|NC_037650.1_ncrna_XR_003305954.1_23554	5130	4931	46.5016	0.5162
lcl|NC_037650.1_ncrna_XR_003305955.1_23555	5719	5520	0	0
lcl|NC_037650.1_ncrna_XR_003305958.1_23556	4068	3869	160.751	2.27426
lcl|NC_037650.1_ncrna_XR_003305956.1_23557	4079	3880	4.46799	0.0630326
lcl|NC_037650.1_ncrna_XR_003305957.1_23558	5061	4862	28.2798	0.318381
lcl|NC_037650.1_mrna_XM_026444703.1_23559	4678	4479	3	0.0366628
lcl|NC_037650.1_mrna_XM_026444704.1_23560	1129	930	0	0
lcl|NC_037650.1_mrna_XM_026444705.1_23561	912	713	0	0
lcl|NC_037650.1_mrna_XM_006558502.3_23562	6301	6102	266	2.38613
lcl|NC_037650.1_mrna_XM_016915776.2_23563	4989	4790	72	0.822777
lcl|NC_037650.1_mrna_XM_026444863.1_23564	2635	2436	51.5735	1.15887
lcl|NC_037650.1_mrna_XM_006558485.3_23565	2617	2418	165.426	3.74485
lcl|NC_037650.1_mrna_XM_026444864.1_23566	2590	2391	6.41557e-07	1.46873e-08
lcl|NC_037650.1_ncrna_XR_001705351.2_23567	1947	1748	99.3514	3.11113
lcl|NC_037650.1_ncrna_XR_001705352.2_23568	1925	1726	0	0
lcl|NC_037650.1_ncrna_XR_001705353.2_23569	1794	1595	39.3485	1.35037
lcl|NC_037650.1_mrna_XM_006558538.3_23570	4540	4341	483.3	6.09414
lcl|NC_037650.1_mrna_XM_006558486.3_23571	6832	6633	0	0
lcl|NC_037650.1_miscrna_XR_003306013.1_23572	6749	6550	71.9849	0.601569
lcl|NC_037650.1_mrna_XM_006558487.3_23573	6808	6609	618.369	5.1215
lcl|NC_037650.1_mrna_XM_006558488.3_23574	6177	5978	3409.65	31.2204
lcl|NC_037650.1_mrna_XM_006558537.1_23575	1242	1043	185	9.70896
lcl|NC_037650.1_mrna_XM_016915772.2_23576	8027	7828	590.218	4.12712
lcl|NC_037650.1_mrna_XM_006558489.3_23577	4490	4291	252.551	3.22163
lcl|NC_037650.1_mrna_XM_006558490.3_23578	4416	4217	385.001	4.99739
lcl|NC_037650.1_mrna_XM_001121276.5_23579	789	590	83.7162	7.76681
lcl|NC_037650.1_mrna_XM_006558492.3_23580	641	442	583.501	72.2611
lcl|NC_037650.1_mrna_XM_016915778.2_23581	683	484	226.783	25.6478
lcl|NC_037650.1_mrna_XM_026444866.1_23582	659	460	260.973	31.0543
lcl|NC_037650.1_mrna_XM_006558495.3_23583	4421	4222	21.9795	0.28496
lcl|NC_037650.1_mrna_XM_393900.7_23584	1058	859	514	32.7533
lcl|NC_037650.1_mrna_XM_016915777.2_23585	4369	4170	1285.15	16.8695
lcl|NC_037650.1_mrna_XM_006558496.3_23586	6131	5932	20.5	0.189164
lcl|NC_037650.1_mrna_XM_391954.7_23587	6131	5932	20.5	0.189164
lcl|NC_037650.1_mrna_XM_006558499.3_23588	2957	2758	2.69848	0.0535564
lcl|NC_037650.1_mrna_XM_016915773.2_23589	3853	3654	32.4367	0.485907
lcl|NC_037650.1_mrna_XM_006558500.3_23590	3793	3594	0	0
lcl|NC_037650.1_mrna_XM_016915775.2_23591	3789	3590	0	0
lcl|NC_037650.1_mrna_XM_026444865.1_23592	4160	3961	59.0117	0.815489
lcl|NC_037650.1_mrna_XM_006558501.3_23593	2974	2775	124.375	2.45332
lcl|NC_037650.1_mrna_XM_006558482.3_23594	787	588	1560.36	145.255
lcl|NC_037650.1_mrna_XM_393902.7_23595	1113	914	69.3742	4.15468
lcl|NC_037650.1_mrna_XM_006558483.3_23596	1105	906	20.2686	1.22456
lcl|NC_037650.1_mrna_XM_003249265.4_23597	651	452	560	67.8164
lcl|NC_037650.1_mrna_XM_026444755.1_23598	8100	7901	4087.46	28.3176
lcl|NC_037650.1_mrna_XM_026444754.1_23599	7951	7752	147.258	1.0398
lcl|NC_037650.1_mrna_XM_026444756.1_23600	7376	7177	2341.63	17.8591
lcl|NC_037650.1_mrna_XM_026444757.1_23601	7376	7177	2341.63	17.8591
lcl|NC_037650.1_mrna_XM_006558479.3_23602	3163	2964	2903.8	53.6257
lcl|NC_037650.1_mrna_XM_026444606.1_23603	3304	3105	1715	30.2335
lcl|NC_037650.1_mrna_XM_623473.6_23604	1038	839	14.9347	0.974361
lcl|NC_037650.1_mrna_XM_006558475.3_23605	1107	908	1030.02	62.0931
lcl|NC_037650.1_mrna_XM_006558476.3_23606	817	618	9.9067	0.877457
lcl|NC_037650.1_mrna_XM_006558474.3_23607	885	686	984.144	78.5271
lcl|NC_037650.1_ncrna_XR_001705338.2_23608	9966	9767	258	1.44592
lcl|NC_037650.1_mrna_XM_003249424.4_23609	2744	2545	364	7.82887
lcl|NC_037650.1_mrna_XM_026444693.1_23610	5595	5396	280	2.84035
lcl|NC_037650.1_mrna_XM_016915740.2_23611	5699	5500	940.312	9.35825
lcl|NC_037650.1_mrna_XM_016915741.2_23612	5646	5447	935.748	9.40345
lcl|NC_037650.1_mrna_XM_006559312.3_23613	6155	5956	1028.53	9.45256
lcl|NC_037650.1_mrna_XM_016915742.2_23614	5955	5756	8845.71	84.1196
lcl|NC_037650.1_mrna_XM_026444692.1_23615	5384	5185	41.3728	0.436768
lcl|NC_037650.1_mrna_XM_006559308.3_23616	1409	1210	724.634	32.7807
lcl|NC_037650.1_mrna_XM_006559309.3_23617	1361	1162	1607.31	75.7144
lcl|NC_037650.1_mrna_XM_006559310.3_23618	1317	1118	27.4922	1.34603
lcl|NC_037650.1_mrna_XM_006559311.3_23619	1269	1070	60.566	3.09835
lcl|NC_037650.1_mrna_XM_026444695.1_23620	5534	5335	441	4.5247
lcl|NC_037650.1_mrna_XM_026444694.1_23621	997	798	0	0
lcl|NC_037650.1_mrna_XM_393909.6_23622	1024	825	760	50.4249
lcl|NC_037650.1_mrna_XM_016915744.2_23623	5084	4885	10032.8	112.42
lcl|NC_037650.1_mrna_XM_016915746.2_23624	4012	3813	0.124879	0.00179271
lcl|NC_037650.1_mrna_XM_016915747.2_23625	4000	3801	0	0
lcl|NC_037650.1_mrna_XM_016915748.2_23626	3973	3774	1694.4	24.5753
lcl|NC_037650.1_mrna_XM_016915745.2_23627	4023	3824	0	0
lcl|NC_037650.1_mrna_XM_006559317.3_23628	3453	3254	1307.66	21.997
lcl|NC_037650.1_mrna_XM_006559318.3_23629	584	385	16	2.27481
lcl|NC_037650.1_mrna_XM_003249428.4_23630	2273	2074	48	1.26683
lcl|NC_037650.1_mrna_XM_026444696.1_23631	2666	2467	559.476	12.4136
lcl|NC_037650.1_mrna_XM_026444697.1_23632	2566	2367	43.9355	1.01602
lcl|NC_037650.1_miscrna_XR_003305953.1_23633	2692	2493	2279.61	50.0523
lcl|NC_037650.1_mrna_XM_026444698.1_23634	4400	4201	5516.79	71.8818
lcl|NC_037650.1_precursorrna_NR_127368.1_23635	88	3.91013	0	0
lcl|NC_037650.1_ncrna_23636	20	2.71266	0	0
lcl|NC_037650.1_mrna_XM_006559327.3_23637	1105	906	2038.05	123.132
lcl|NC_037650.1_mrna_XM_006559328.3_23638	1106	907	231.952	13.9983
lcl|NC_037650.1_mrna_XM_016915796.1_23639	1000	801	0	0
lcl|NC_037650.1_trna_23640	74	3.56892	0	0
lcl|NC_037650.1_mrna_NM_001331117.1_23641	4739	4540	5	0.0602836
lcl|NC_037650.1_precursorrna_NR_127303.1_23642	68	3.44246	0	0
lcl|NC_037650.1_ncrna_23643	22	2.73612	0	0
lcl|NC_037650.1_ncrna_23644	22	2.73612	0	0
lcl|NC_037650.1_mrna_XM_003249429.3_23645	807	608	155.45	13.995
lcl|NC_037650.1_mrna_XM_006559326.3_23646	823	624	17.5497	1.53947
lcl|NC_037650.1_mrna_XM_391960.7_23647	1636	1437	1346	51.2712
lcl|NC_037650.1_mrna_XM_016915790.2_23648	5144	4945	112	1.23976
lcl|NC_037650.1_mrna_XM_393912.5_23649	1275	1076	14	0.712199
lcl|NC_037650.1_mrna_XM_624127.5_23650	2082	1883	6.56098	0.190723
lcl|NC_037650.1_mrna_XM_016915791.2_23651	1795	1596	169.439	5.8112
lcl|NC_037650.1_mrna_XM_006559323.3_23652	1617	1418	21	0.810641
lcl|NC_037650.1_mrna_XM_026444709.1_23653	475	276	78.8571	15.6393
lcl|NC_037650.1_mrna_XM_016915945.2_23654	405	206	31.1429	8.27516
lcl|NC_037650.1_mrna_XM_026444708.1_23655	1010	811	12	0.809927
lcl|NC_037650.1_mrna_XM_026444792.1_23656	4491	4292	0	0
lcl|NC_037650.1_mrna_XM_026444776.1_23657	7178	6979	0	0
lcl|NC_037650.1_mrna_XM_026444777.1_23658	7175	6976	0	0
lcl|NC_037650.1_mrna_XM_026444779.1_23659	7120	6921	2.53903e-05	2.0081e-07
lcl|NC_037650.1_mrna_XM_026444778.1_23660	7150	6951	0.0479644	0.000377709
lcl|NC_037650.1_mrna_XM_026444780.1_23661	7093	6894	1562.58	12.4067
lcl|NC_037650.1_mrna_XM_026444781.1_23662	6641	6442	0.0111087	9.43907e-05
lcl|NC_037650.1_mrna_XM_026444782.1_23663	6043	5844	597.357	5.59512
lcl|NC_037650.1_mrna_XM_393315.7_23664	1978	1779	4118	126.706
lcl|NC_037650.1_mrna_XM_001122204.5_23665	971	772	14	0.99265
lcl|NC_037650.1_ncrna_XR_001705370.2_23666	1169	970	17.6297	0.994852
lcl|NC_037650.1_mrna_XM_026444783.1_23667	4493	4294	3	0.0382423
lcl|NC_037650.1_mrna_XM_006559331.3_23668	5068	4869	0	0
lcl|NC_037650.1_mrna_XM_006559332.3_23669	4644	4445	0	0
lcl|NC_037650.1_mrna_XM_006559333.3_23670	4856	4657	10	0.117538
lcl|NC_037650.1_mrna_XM_006559334.3_23671	3669	3470	0	0
lcl|NC_037650.1_mrna_XM_006559303.3_23672	979	780	494.684	34.7151
lcl|NC_037650.1_mrna_NM_001167720.1_23673	599	400	205.316	28.0962
lcl|NC_037650.1_mrna_XM_026444639.1_23674	1106	907	3	0.18105
lcl|NC_037650.1_mrna_XM_026444638.1_23675	2626	2427	39	0.87959
lcl|NC_037650.1_mrna_XM_393319.7_23676	6649	6450	102.855	0.872873
lcl|NC_037650.1_mrna_XM_006559335.3_23677	6411	6212	2903.13	25.5812
lcl|NC_037650.1_mrna_XM_026444565.1_23678	2982	2783	469	9.22454
lcl|NC_037650.1_mrna_XM_016915877.2_23679	1160	961	1	0.0569589
lcl|NC_037650.1_mrna_XM_026444857.1_23680	479	280	1	0.195491
lcl|NC_037650.1_mrna_XM_026444859.1_23681	557	358	0	0
lcl|NC_037650.1_mrna_XM_026444858.1_23682	546	347	1	0.157745
lcl|NC_037650.1_mrna_XM_026444793.1_23683	3589	3390	2	0.0322935
lcl|NC_037650.1_mrna_XM_016915872.2_23684	1315	1116	9	0.441432
lcl|NC_037650.1_mrna_XM_016915873.2_23685	3938	3739	303	4.43581
lcl|NC_037650.1_mrna_XM_006560083.3_23686	1361	1162	7941	374.071
lcl|NC_037650.1_mrna_XM_001119975.5_23687	5073	4874	453.979	5.09842
lcl|NC_037650.1_mrna_XM_006560082.3_23688	5153	4954	661.021	7.30372
lcl|NC_037650.1_mrna_XM_391962.7_23689	668	469	240	28.0107
lcl|NC_037650.1_mrna_XM_393914.6_23690	1475	1276	522	22.3926
lcl|NC_037650.1_mrna_XM_006560081.3_23691	3412	3213	14	0.238508
lcl|NC_037650.1_mrna_XM_006560080.3_23692	1592	1393	4.40129	0.172948
lcl|NC_037650.1_mrna_XM_003249571.4_23693	1609	1410	0	0
lcl|NC_037650.1_mrna_XM_016915952.2_23694	2018	1819	19.5987	0.589766
lcl|NC_037650.1_mrna_XM_001120213.5_23695	1793	1594	598.768	20.5615
lcl|NC_037650.1_mrna_XM_391963.6_23696	2183	1984	785	21.6577
lcl|NC_037650.1_miscrna_XR_001705430.2_23697	1528	1329	251.058	10.3403
lcl|NC_037650.1_mrna_XM_006560076.3_23698	2737	2538	0.798397	0.0172192
lcl|NC_037650.1_mrna_XM_006560077.3_23699	2719	2520	559.143	12.1453
lcl|NC_037650.1_mrna_XM_006560079.3_23700	1419	1220	656	29.4326
lcl|NC_037650.1_mrna_XM_391965.7_23701	2162	1963	2417	67.3972
lcl|NC_037650.1_mrna_XM_026444834.1_23702	6878	6679	384.305	3.14956
lcl|NC_037650.1_mrna_XM_026444839.1_23703	4493	4294	106.164	1.35332
lcl|NC_037650.1_mrna_XM_026444838.1_23704	6767	6568	140.437	1.1704
lcl|NC_037650.1_mrna_XM_026444840.1_23705	6634	6435	107.322	0.912903
lcl|NC_037650.1_mrna_XM_026444835.1_23706	6920	6721	245.999	2.00348
lcl|NC_037650.1_mrna_XM_026444837.1_23707	6726	6527	1901.74	15.9486
lcl|NC_037650.1_mrna_XM_026444836.1_23708	6485	6286	597.307	5.20126
lcl|NC_037650.1_mrna_XM_026444842.1_23709	6122	5923	1514.09	13.9925
lcl|NC_037650.1_mrna_XM_026444841.1_23710	7566	7367	376.82	2.79981
lcl|NC_037650.1_mrna_XM_016915809.2_23711	7023	6824	1957.98	15.7056
lcl|NC_037650.1_mrna_XM_016915808.2_23712	7149	6950	4558.38	35.9013
lcl|NC_037650.1_mrna_XM_016915805.2_23713	4709	4510	198.313	2.40692
lcl|NC_037650.1_mrna_XM_026444832.1_23714	4233	4034	1.34883	0.0183023
lcl|NC_037650.1_mrna_XM_016915806.2_23715	4313	4114	269.607	3.58717
lcl|NC_037650.1_mrna_XM_016915803.2_23716	6848	6649	0	0
lcl|NC_037650.1_mrna_XM_016915804.2_23717	4271	4072	400.695	5.38632
lcl|NC_037650.1_mrna_XM_016915807.2_23718	4469	4270	2910.85	37.3145
lcl|NC_037650.1_mrna_XM_026444833.1_23719	7749	7550	883.993	6.40896
lcl|NC_037650.1_mrna_XM_026444843.1_23720	2452	2253	109.16	2.65208
lcl|NC_037650.1_mrna_XM_026444844.1_23721	7053	6854	33.4865	0.267431
lcl|NC_037650.1_mrna_XM_026444845.1_23722	6974	6775	0	0
lcl|NC_037650.1_mrna_XM_026444846.1_23723	3169	2970	61.3892	1.13141
lcl|NC_037650.1_ncrna_XR_003305972.1_23724	4375	4176	21	0.275261
lcl|NC_037650.1_mrna_XM_006560049.3_23725	4250	4051	0	0
lcl|NC_037650.1_mrna_XM_016915677.2_23726	4106	3907	24.3156	0.340664
lcl|NC_037650.1_mrna_XM_006560052.3_23727	3967	3768	0	0
lcl|NC_037650.1_mrna_XM_006560054.3_23728	3886	3687	1110.86	16.492
lcl|NC_037650.1_mrna_XM_006560051.3_23729	3671	3472	86.3873	1.36193
lcl|NC_037650.1_mrna_NM_001171108.1_23730	1209	1010	127.436	6.90645
lcl|NC_037650.1_mrna_XM_016915900.2_23731	2374	2175	0	0
lcl|NC_037650.1_mrna_XM_016915899.2_23732	2285	2086	0	0
lcl|NC_037650.1_mrna_XM_001120705.5_23733	3251	3052	84.9987	1.52445
lcl|NC_037650.1_mrna_XM_016915898.2_23734	3031	2832	40.3341	0.779586
lcl|NC_037650.1_mrna_XM_026444794.1_23735	4972	4773	383.526	4.39834
lcl|NC_037650.1_mrna_XM_393453.7_23736	4082	3883	11767.2	165.879
lcl|NC_037650.1_mrna_XM_006560425.3_23737	3184	2985	282.427	5.17902
lcl|NC_037650.1_mrna_XM_001120067.5_23738	797	598	780	71.3968
lcl|NC_037650.1_mrna_XM_393452.7_23739	2186	1987	25	0.688696
lcl|NC_037650.1_mrna_XM_026444741.1_23740	1388	1189	2292	105.516
lcl|NC_037650.1_mrna_XM_026444740.1_23741	865	666	10713	880.485
lcl|NC_037650.1_mrna_XM_006560421.3_23742	4408	4209	775.965	10.0913
lcl|NC_037650.1_mrna_XM_396991.7_23743	4509	4310	773.939	9.82913
lcl|NC_037650.1_mrna_XM_006560420.2_23744	4065	3866	1731.1	24.5101
lcl|NC_037650.1_mrna_XM_006560415.3_23745	1564	1365	2182.59	87.5236
lcl|NC_037650.1_mrna_XM_016915913.2_23746	1361	1162	37.9815	1.78917
lcl|NC_037650.1_mrna_XM_006560416.3_23747	1579	1380	504.102	19.9951
lcl|NC_037650.1_mrna_XM_006560417.3_23748	2782	2583	1523.3	32.2809
lcl|NC_037650.1_mrna_XM_003249625.4_23749	4668	4469	238.382	2.91976
lcl|NC_037650.1_mrna_XM_006560418.3_23750	4679	4480	150.647	1.84064
lcl|NC_037650.1_mrna_XM_006560419.3_23751	5470	5271	0	0
lcl|NC_037650.1_mrna_XM_006560409.3_23752	2363	2164	253.735	6.41814
lcl|NC_037650.1_mrna_XM_026444730.1_23753	2234	2035	277.68	7.46905
lcl|NC_037650.1_mrna_XM_026444731.1_23754	1998	1799	151.801	4.61878
lcl|NC_037650.1_ncrna_XR_408726.3_23755	1737	1538	91.6997	3.2636
lcl|NC_037650.1_ncrna_XR_001705424.2_23756	1833	1634	0	0
lcl|NC_037650.1_ncrna_XR_001705425.2_23757	1746	1547	230.084	8.14108
lcl|NC_037650.1_ncrna_XR_408727.3_23758	12036	11837	110	0.50867
lcl|NC_037650.1_mrna_XM_026444737.1_23759	3077	2878	63.1198	1.20049
lcl|NC_037650.1_mrna_XM_016915917.2_23760	2979	2780	0	0
lcl|NC_037650.1_mrna_XM_006560411.3_23761	6213	6014	0	0
lcl|NC_037650.1_mrna_XM_006560412.3_23762	6197	5998	0	0
lcl|NC_037650.1_mrna_XM_026444739.1_23763	6146	5947	0	0
lcl|NC_037650.1_mrna_XM_006560414.3_23764	6131	5932	607.266	5.60355
lcl|NC_037650.1_mrna_XM_006560410.3_23765	2560	2361	11508.2	266.807
lcl|NC_037650.1_mrna_XM_623682.6_23766	2355	2156	56894.8	1444.47
lcl|NC_037650.1_ncrna_XR_408728.3_23767	2586	2387	16	0.366904
lcl|NC_037650.1_mrna_XM_026444738.1_23768	4137	3938	2203.61	30.6299
lcl|NC_037650.1_mrna_XM_016915919.2_23769	8778	8579	92.9703	0.593189
lcl|NC_037650.1_mrna_XM_026444735.1_23770	7749	7550	317.303	2.30045
lcl|NC_037650.1_mrna_XM_026444734.1_23771	7708	7509	0	0
lcl|NC_037650.1_mrna_XM_026444736.1_23772	2927	2728	3.641	0.0730569
lcl|NC_037650.1_mrna_XM_006560405.3_23773	8065	7866	211.491	1.47171
lcl|NC_037650.1_mrna_XM_026444733.1_23774	8062	7863	0.42054	0.00292755
lcl|NC_037650.1_mrna_XM_016915911.2_23775	2431	2232	15.7144	0.38538
lcl|NC_037650.1_mrna_XM_026444732.1_23776	2686	2487	0	0
lcl|NC_037650.1_mrna_XM_016915912.2_23777	2605	2406	477.324	10.8593
lcl|NC_037650.1_mrna_XM_016915920.2_23778	1867	1668	276.597	9.07689
lcl|NC_037650.1_mrna_XM_006560408.3_23779	1466	1267	321.608	13.8943
lcl|NC_037650.1_mrna_XM_393921.7_23780	1444	1245	2518.84	110.743
lcl|NC_037650.1_mrna_XM_006560400.3_23781	2302	2103	914.372	23.7996
lcl|NC_037650.1_ncrna_XR_003305969.1_23782	830	631	5.62828	0.488238
lcl|NC_037650.1_mrna_XM_026444549.1_23783	8600	8401	171.377	1.11662
lcl|NC_037650.1_miscrna_XR_003305922.1_23784	8432	8233	124.762	0.829487
lcl|NC_037650.1_mrna_XM_026444532.1_23785	8589	8390	8.40391e-07	5.48283e-09
lcl|NC_037650.1_mrna_XM_026444530.1_23786	8604	8405	0	0
lcl|NC_037650.1_mrna_XM_026444529.1_23787	8613	8414	0	0
lcl|NC_037650.1_mrna_XM_026444533.1_23788	8570	8371	0.00036629	2.39515e-06
lcl|NC_037650.1_mrna_XM_026444531.1_23789	8594	8395	0	0
lcl|NC_037650.1_mrna_XM_026444540.1_23790	8543	8344	3.02478e-06	1.98429e-08
lcl|NC_037650.1_mrna_XM_026444548.1_23791	8666	8467	51.3349	0.331871
lcl|NC_037650.1_mrna_XM_026444542.1_23792	8532	8333	16.1855	0.106319
lcl|NC_037650.1_mrna_XM_026444539.1_23793	8540	8341	261.26	1.71451
lcl|NC_037650.1_mrna_XM_026444537.1_23794	8555	8356	6.10274e-07	3.99771e-09
lcl|NC_037650.1_mrna_XM_026444534.1_23795	8564	8365	8.87891e-06	5.81004e-08
lcl|NC_037650.1_mrna_XM_026444541.1_23796	8536	8337	0.000272508	1.78918e-06
lcl|NC_037650.1_mrna_XM_026444538.1_23797	8545	8346	0.00391223	2.56585e-05
lcl|NC_037650.1_mrna_XM_026444544.1_23798	8485	8286	72.8247	0.481082
lcl|NC_037650.1_mrna_XM_026444543.1_23799	8494	8295	1021.35	6.73973
lcl|NC_037650.1_mrna_XM_026444552.1_23800	9066	8867	5.2143e-07	3.21888e-09
lcl|NC_037650.1_mrna_XM_026444547.1_23801	9120	8921	156.095	0.957768
lcl|NC_037650.1_mrna_XM_026444551.1_23802	9538	9339	114.748	0.672556
lcl|NC_037650.1_mrna_XM_006560289.3_23803	9592	9393	699.739	4.07771
lcl|NC_037650.1_mrna_XM_026444546.1_23804	9811	9612	194.404	1.10708
lcl|NC_037650.1_mrna_XM_026444550.1_23805	9596	9397	115.09	0.670397
lcl|NC_037650.1_mrna_XM_026444536.1_23806	8505	8306	0	0
lcl|NC_037650.1_mrna_XM_026444553.1_23807	9307	9108	1191.16	7.15864
lcl|NC_037650.1_mrna_XM_026444555.1_23808	8126	7927	0.299916	0.00207098
lcl|NC_037650.1_mrna_XM_016915675.2_23809	8311	8112	1554.05	10.4863
lcl|NC_037650.1_mrna_NM_001104949.1_23810	3103	2904	13.0311	0.245624
lcl|NC_037650.1_mrna_XM_026444554.1_23811	3065	2866	22.9413	0.438154
lcl|NC_037650.1_mrna_XM_026444557.1_23812	2654	2455	29.6731	0.661601
lcl|NC_037650.1_mrna_XM_016915679.2_23813	7155	6956	185.506	1.45977
lcl|NC_037650.1_mrna_XM_016915680.2_23814	6316	6117	0.157536	0.0014097
lcl|NC_037650.1_mrna_XM_016915681.2_23815	6057	5858	219.598	2.05194
lcl|NC_037650.1_mrna_XM_006560299.3_23816	3356	3157	43.6815	0.75737
lcl|NC_037650.1_mrna_NM_001077813.1_23817	3215	3016	264.057	4.79238
lcl|NC_037650.1_mrna_XM_006560399.3_23818	381	182	21	6.31587
lcl|NC_037650.1_mrna_XM_026444795.1_23819	3520	3321	1094	18.0316
lcl|NC_037650.1_mrna_XM_003249623.4_23820	4111	3912	30	0.419766
lcl|NC_037650.1_mrna_XM_003249630.4_23821	3984	3785	15	0.216926
lcl|NC_037650.1_mrna_XM_003249622.4_23822	1388	1189	272	12.522
lcl|NC_037650.1_mrna_XM_393926.6_23823	2238	2039	598	16.0535
lcl|NC_037650.1_mrna_XM_393524.6_23824	1728	1529	589.614	21.1079
lcl|NC_037650.1_mrna_XM_006560397.3_23825	1422	1223	420.386	18.8151
lcl|NC_037650.1_mrna_XM_026444596.1_23826	948	749	203	14.8354
lcl|NC_037650.1_mrna_XM_391971.7_23827	1096	897	915	55.836
lcl|NC_037650.1_mrna_XM_026444653.1_23828	6451	6252	453.489	3.97039
lcl|NC_037650.1_mrna_XM_006560389.3_23829	3148	2949	29.709	0.551441
lcl|NC_037650.1_mrna_XM_026444849.1_23830	4408	4209	1601.29	20.8246
lcl|NC_037650.1_mrna_XM_016915769.2_23831	2937	2738	46.4701	0.929021
lcl|NC_037650.1_mrna_XM_016915768.2_23832	2911	2712	329.53	6.65105
lcl|NC_037650.1_mrna_XM_393929.7_23833	2053	1854	19.7601	0.583397
lcl|NC_037650.1_mrna_XM_006560392.3_23834	1818	1619	115.394	3.9014
lcl|NC_037650.1_mrna_XM_016915770.2_23835	1596	1397	373.704	14.6426
lcl|NC_037650.1_ncrna_XR_001705345.2_23836	478	279	42.5581	8.34956
lcl|NC_037650.1_mrna_XM_016915766.2_23837	2682	2483	879.353	19.3853
lcl|NC_037650.1_mrna_XM_001121814.5_23838	2716	2517	4522.23	98.3456
lcl|NC_037650.1_mrna_XM_016915767.2_23839	2311	2112	0	0
lcl|NC_037650.1_ncrna_XR_003306002.1_23840	954	755	1.28795	0.0933766
lcl|NC_037650.1_ncrna_XR_003306000.1_23841	767	568	9.95987	0.959822
lcl|NC_037650.1_ncrna_XR_003306001.1_23842	2852	2653	11.8219	0.243914
lcl|NC_037650.1_ncrna_XR_003306005.1_23843	11565	11366	40.9449	0.197187
lcl|NC_037650.1_ncrna_XR_003306007.1_23844	2821	2622	33.61	0.701651
lcl|NC_037650.1_ncrna_XR_003306004.1_23845	2437	2238	34.1352	0.834887
lcl|NC_037650.1_ncrna_XR_003306006.1_23846	2037	1838	118.374	3.52531
lcl|NC_037650.1_ncrna_XR_003306008.1_23847	1836	1637	203.651	6.80963
lcl|NC_037650.1_ncrna_XR_003306003.1_23848	1893	1694	174.295	5.63194
lcl|NC_037650.1_mrna_XM_026444853.1_23849	2052	1853	13.625	0.402482
lcl|NC_037650.1_mrna_XM_026444852.1_23850	1916	1717	35.375	1.12775
lcl|NC_037650.1_ncrna_XR_408716.3_23851	4531	4332	1096	13.8486
lcl|NC_037650.1_ncrna_XR_003306009.1_23852	4581	4382	0	0
lcl|NC_037650.1_miscrna_XR_003305961.1_23853	3684	3485	210.039	3.299
lcl|NC_037650.1_mrna_XM_003249629.4_23854	3775	3576	633.51	9.69709
lcl|NC_037650.1_mrna_XM_391973.6_23855	1252	1053	116.823	6.07272
lcl|NC_037650.1_mrna_XM_003249637.3_23856	1258	1059	61.3063	3.16879
lcl|NC_037650.1_ncrna_XR_003305966.1_23857	552	353	4.87124	0.755354
lcl|NC_037650.1_ncrna_XR_003305965.1_23858	569	370	0	0
lcl|NC_037650.1_mrna_XM_016915678.2_23859	1846	1647	1781.14	59.1958
lcl|NC_037650.1_mrna_NM_001159303.1_23860	1404	1205	674.855	30.6555
lcl|NC_037650.1_mrna_XM_006560428.3_23861	1201	1002	144	7.86647
lcl|NC_037650.1_miscrna_XR_003305963.1_23862	9173	8974	2416.54	14.7399
lcl|NC_037650.1_mrna_XM_026444720.1_23863	8939	8740	47.6299	0.2983
lcl|NC_037650.1_mrna_XM_026444722.1_23864	8908	8709	0.0711299	0.000447064
lcl|NC_037650.1_mrna_XM_026444723.1_23865	8848	8649	2382.18	15.0763
lcl|NC_037650.1_mrna_XM_006560384.3_23866	8893	8694	1222.22	7.69511
lcl|NC_037650.1_mrna_XM_006560383.3_23867	8896	8697	1074.01	6.75968
lcl|NC_037650.1_mrna_XM_006560380.3_23868	8971	8772	147.945	0.923179
lcl|NC_037650.1_mrna_XM_026444725.1_23869	8755	8556	473.594	3.02985
lcl|NC_037650.1_mrna_XM_026444724.1_23870	8830	8631	2184.41	13.8535
lcl|NC_037650.1_mrna_XM_026444721.1_23871	8926	8727	1.70799e-07	1.07129e-09
lcl|NC_037650.1_mrna_XM_006560377.3_23872	9001	8802	9.47549e-07	5.89258e-09
lcl|NC_037650.1_mrna_XM_006560378.3_23873	11025	10826	0.430513	0.00217672
lcl|NC_037650.1_mrna_XM_016915822.2_23874	11175	10976	250.956	1.25152
lcl|NC_037650.1_miscrna_XR_003305964.1_23875	1916	1717	0	0
lcl|NC_037650.1_mrna_XM_391975.6_23876	1751	1552	17	0.599574
lcl|NC_037650.1_mrna_XM_006560375.3_23877	1576	1377	27	1.07329
lcl|NC_037650.1_mrna_XM_016915785.2_23878	1069	870	304	19.1267
lcl|NC_037650.1_mrna_XM_016915694.2_23879	1962	1763	513337	15938.1
lcl|NC_037650.1_mrna_XM_001122133.5_23880	2750	2551	29.2738	0.628136
lcl|NC_037650.1_mrna_XM_016915784.2_23881	2140	1941	8.72623	0.246086
lcl|NC_037650.1_mrna_XM_006560362.3_23882	8041	7842	46.8427	0.326964
lcl|NC_037650.1_mrna_XM_006560361.3_23883	8054	7855	271.908	1.89479
lcl|NC_037650.1_mrna_XM_006560369.3_23884	7832	7633	596.408	4.27695
lcl|NC_037650.1_mrna_XM_006560360.3_23885	8055	7856	0	0
lcl|NC_037650.1_mrna_XM_391976.7_23886	7964	7765	1756.3	12.3807
lcl|NC_037650.1_mrna_XM_016915779.2_23887	7905	7706	50.3059	0.357335
lcl|NC_037650.1_mrna_XM_006560372.3_23888	7390	7191	2459.76	18.7236
lcl|NC_037650.1_mrna_XM_006560368.3_23889	7831	7632	5039.53	36.1441
lcl|NC_037650.1_mrna_XM_006560364.3_23890	8217	8018	9.94142e-05	6.78684e-07
lcl|NC_037650.1_mrna_XM_006560365.3_23891	8329	8130	483.68	3.25652
lcl|NC_037650.1_mrna_XM_006560366.3_23892	8164	7965	1347.99	9.26371
lcl|NC_037650.1_mrna_XM_016915780.2_23893	7508	7309	366.506	2.74478
lcl|NC_037650.1_mrna_XM_006560371.3_23894	7176	6977	3446.94	27.0427
lcl|NC_037650.1_mrna_XM_016915782.2_23895	6795	6596	163.828	1.35954
lcl|NC_037650.1_mrna_XM_006560370.3_23896	6983	6784	0.114786	0.000926167
lcl|NC_037650.1_mrna_XM_016915781.2_23897	6823	6624	2822.44	23.3233
lcl|NC_037650.1_ncrna_XR_003305967.1_23898	3925	3726	20	0.293814
lcl|NC_037650.1_precursorrna_NR_127331.1_23899	78	3.65937	0	0
lcl|NC_037650.1_ncrna_23900	20	2.71266	0	0
lcl|NC_037650.1_mrna_XM_006560374.3_23901	2497	2298	0.60509	0.014413
lcl|NC_037650.1_mrna_XM_016915783.2_23902	2491	2292	16.3949	0.391543
lcl|NC_037650.1_ncrna_XR_003305968.1_23903	1562	1363	5	0.200798
lcl|NC_037650.1_mrna_XM_006560357.3_23904	15219	15020	16.9881	0.06191
lcl|NC_037650.1_mrna_XM_006560348.3_23905	15228	15029	0	0
lcl|NC_037650.1_mrna_XM_006560347.3_23906	15231	15032	0	0
lcl|NC_037650.1_mrna_XM_006560350.3_23907	14826	14627	77.7927	0.291118
lcl|NC_037650.1_mrna_XM_006560349.3_23908	14829	14630	26.029	0.0973864
lcl|NC_037650.1_mrna_XM_006560352.3_23909	14557	14358	42.8889	0.163507
lcl|NC_037650.1_mrna_XM_026444575.1_23910	14560	14361	129.471	0.493485
lcl|NC_037650.1_mrna_XM_006560355.3_23911	14226	14027	353.357	1.3789
lcl|NC_037650.1_mrna_XM_006560353.3_23912	14229	14030	543.745	2.1214
lcl|NC_037650.1_mrna_XM_006560356.3_23913	14169	13970	779	3.05229
lcl|NC_037650.1_mrna_XM_006560354.3_23914	14172	13973	685.635	2.68589
lcl|NC_037650.1_mrna_XM_016915754.2_23915	4199	4000	547.184	7.48788
lcl|NC_037650.1_miscrna_XR_003305928.1_23916	4297	4098	43.1815	0.576781
lcl|NC_037650.1_mrna_XM_026444576.1_23917	3825	3626	100.679	1.51983
lcl|NC_037650.1_mrna_XM_026444577.1_23918	3640	3441	123.653	1.96701
lcl|NC_037650.1_mrna_XM_016915756.2_23919	4224	4025	37.5018	0.510001
lcl|NC_037650.1_mrna_XM_016915755.2_23920	3423	3224	34.2761	0.581944
lcl|NC_037650.1_mrna_XM_016915753.2_23921	6557	6358	80.5287	0.693291
lcl|NC_037650.1_mrna_XM_026444580.1_23922	9474	9275	7.20904e-08	4.2545e-10
lcl|NC_037650.1_mrna_XM_026444578.1_23923	9794	9595	0.219536	0.00125241
lcl|NC_037650.1_mrna_XM_026444588.1_23924	3095	2896	28.8612	0.545509
lcl|NC_037650.1_mrna_XM_026444589.1_23925	2731	2532	7.34238	0.15873
lcl|NC_037650.1_mrna_XM_026444583.1_23926	9754	9555	0.00312793	1.79189e-05
lcl|NC_037650.1_mrna_XM_026444581.1_23927	9787	9588	6.91098	0.0394545
lcl|NC_037650.1_mrna_XM_026444582.1_23928	9757	9558	9.30354e-07	5.32803e-09
lcl|NC_037650.1_mrna_XM_026444584.1_23929	9750	9551	0.00018463	1.05813e-06
lcl|NC_037650.1_mrna_XM_026444585.1_23930	9702	9503	1.12321e-05	6.4697e-08
lcl|NC_037650.1_mrna_XM_026444586.1_23931	9658	9459	0.583225	0.00337502
lcl|NC_037650.1_mrna_XM_026444587.1_23932	9654	9455	2213.21	12.8129
lcl|NC_037650.1_mrna_XM_026444579.1_23933	9770	9571	131.295	0.750893
lcl|NC_037650.1_mrna_XM_026444590.1_23934	9855	9656	38.6256	0.218959
lcl|NC_037650.1_mrna_XM_026444591.1_23935	9355	9156	152.559	0.912049
lcl|NC_037650.1_mrna_XM_026444593.1_23936	9476	9277	2.92944e-07	1.72847e-09
lcl|NC_037650.1_mrna_XM_026444592.1_23937	9473	9274	4.40606e-07	2.60057e-09
lcl|NC_037650.1_mrna_XM_026444594.1_23938	9465	9266	0.479264	0.00283118
lcl|NC_037650.1_mrna_XM_026444595.1_23939	9386	9187	15.2588	0.0909142
lcl|NC_037650.1_mrna_XM_393936.6_23940	3073	2874	890.871	16.9673
lcl|NC_037650.1_mrna_XM_006560329.3_23941	2365	2166	6.22346	0.157275
lcl|NC_037650.1_mrna_XM_006560327.3_23942	3612	3413	13.9912	0.22439
lcl|NC_037650.1_mrna_XM_006560328.3_23943	2424	2225	1.20346e-07	2.96065e-09
lcl|NC_037650.1_mrna_XM_006560326.3_23944	2484	2285	24.9146	0.596833
lcl|NC_037650.1_mrna_XM_016915762.2_23945	4813	4614	11.4336	0.135641
lcl|NC_037650.1_miscrna_XR_408706.3_23946	4824	4625	0.566358	0.00670293
lcl|NC_037650.1_ncrna_XR_001705342.1_23947	340	141	0	0
lcl|NC_037650.1_mrna_XM_391978.6_23948	4503	4304	1335	16.9783
lcl|NC_037650.1_mrna_XM_026444828.1_23949	2771	2572	331	7.04437
lcl|NC_037650.1_mrna_XM_001122338.5_23950	825	626	5	0.437201
lcl|NC_037650.1_mrna_XM_026444831.1_23951	567	368	0	0
lcl|NC_037650.1_mrna_XM_001122369.5_23952	1322	1123	4	0.194969
lcl|NC_037650.1_mrna_XM_026444830.1_23953	1476	1277	209	8.95861
lcl|NC_037650.1_mrna_XM_026444829.1_23954	2647	2448	190.415	4.25769
lcl|NC_037650.1_mrna_XM_391979.7_23955	1895	1696	40.5853	1.30987
lcl|NC_037650.1_mrna_XM_006560323.3_23956	1808	1609	0	0
lcl|NC_037650.1_precursorrna_NR_039481.1_23957	118	4.96017	0	0
lcl|NC_037650.1_ncrna_23958	23	2.74792	0	0
lcl|NC_037650.1_mrna_XM_003249633.4_23959	2832	2633	33673	700.029
lcl|NC_037650.1_ncrna_XR_003305949.1_23960	536	337	357	57.9861
lcl|NC_037650.1_mrna_XM_006560322.3_23961	555	356	0	0
lcl|NC_037650.1_mrna_XM_003249632.4_23962	569	370	1	0.147939
lcl|NC_037650.1_mrna_NM_001142607.1_23963	622	423	2	0.258806
lcl|NC_037650.1_ncrna_XR_408703.3_23964	3637	3438	17.6911	0.281665
lcl|NC_037650.1_mrna_XM_016915686.2_23965	3233	3034	0	0
lcl|NC_037650.1_mrna_XM_016915684.2_23966	7628	7429	0.130774	0.000963555
lcl|NC_037650.1_mrna_XM_016915685.2_23967	7613	7414	1.67601	0.0123739
lcl|NC_037650.1_mrna_XM_006560304.3_23968	7593	7394	50.6725	0.375127
lcl|NC_037650.1_mrna_XM_006560302.3_23969	7606	7407	5.52071	0.0407979
lcl|NC_037650.1_mrna_NM_001131037.1_23970	1164	965	0	0
lcl|NC_037650.1_ncrna_XR_001705368.2_23971	2290	2091	3.28252	0.0859287
lcl|NC_037650.1_mrna_XM_393939.6_23972	1209	1010	312	16.909
lcl|NC_037650.1_mrna_XM_006560321.3_23973	1024	825	677	44.918
lcl|NC_037650.1_ncrna_XR_001705367.2_23974	621	422	29	3.76158
lcl|NC_037650.1_trna_23975	73	3.5471	0	0
lcl|NC_037650.1_mrna_XM_391980.7_23976	2348	2149	4057.17	103.341
lcl|NC_037650.1_miscrna_XR_001705361.2_23977	4101	3902	1329.78	18.6543
lcl|NC_037650.1_mrna_XM_016915810.2_23978	4067	3868	2153.32	30.4724
lcl|NC_037650.1_mrna_XM_006560320.3_23979	5318	5119	243	2.5984
lcl|NC_037650.1_ncrna_XR_003305977.1_23980	1577	1378	14	0.556114
lcl|NC_037650.1_mrna_XM_006560315.3_23981	853	654	0	0
lcl|NC_037650.1_mrna_XM_026444784.1_23982	837	638	16.5404	1.41909
lcl|NC_037650.1_mrna_XM_006560317.3_23983	714	515	16.4596	1.74943
lcl|NC_037650.1_mrna_XM_016915826.2_23984	3489	3290	0.000249005	4.14284e-06
lcl|NC_037650.1_mrna_XM_016915824.2_23985	3750	3551	0	0
lcl|NC_037650.1_mrna_XM_016915825.2_23986	3531	3332	989.017	16.2474
lcl|NC_037650.1_mrna_XM_016915827.2_23987	3584	3385	502.621	8.1277
lcl|NC_037650.1_mrna_XM_006560312.3_23988	3537	3338	917.003	15.0373
lcl|NC_037650.1_mrna_XM_006560311.3_23989	3845	3646	0	0
lcl|NC_037650.1_mrna_XM_624751.6_23990	1872	1673	329.396	10.7772
lcl|NC_037650.1_ncrna_XR_001705377.2_23991	622	423	55	7.11717
lcl|NC_037650.1_mrna_XM_624730.6_23992	2063	1864	5721	168.001
lcl|NC_037650.1_mrna_XM_006560305.3_23993	1773	1574	87.4444	3.04097
lcl|NC_037650.1_mrna_XM_393943.6_23994	1737	1538	97.5556	3.47201
lcl|NC_037650.1_mrna_XM_001122536.4_23995	1767	1568	466	16.2677
lcl|NC_037650.1_mrna_XM_006560307.2_23996	2466	2267	216.8	5.23472
lcl|NC_037650.1_mrna_XM_391981.6_23997	2468	2269	182.2	4.3954
lcl|NC_037650.1_ncrna_XR_003305971.1_23998	1783	1584	1	0.0345565
lcl|NC_037650.1_ncrna_XR_409532.3_23999	3806	3607	34.4145	0.522252
lcl|NC_037650.1_mrna_XM_393944.6_24000	4394	4195	282	3.67962
lcl|NC_037650.1_precursorrna_NR_127341.1_24001	78	3.65937	0	0
lcl|NC_037650.1_ncrna_24002	22	2.73612	0	0
lcl|NC_037650.1_trna_24003	72	3.52559	0	0
lcl|NC_037650.1_mrna_XM_397038.7_24004	6003	5804	2301.29	21.7035
lcl|NC_037650.1_mrna_XM_016915851.2_24005	5390	5191	2967.83	31.2949
lcl|NC_037650.1_mrna_XM_016915853.2_24006	5438	5239	44.6969	0.466997
lcl|NC_037650.1_ncrna_XR_003305925.1_24007	1378	1179	79	3.66774
lcl|NC_037650.1_mrna_XM_026444605.1_24008	1615	1416	19	0.734473
lcl|NC_037650.1_mrna_XM_026444604.1_24009	1703	1504	12	0.436736
lcl|NC_037650.1_mrna_XM_006562751.3_24010	1622	1423	0	0
lcl|NC_037650.1_mrna_XM_016915642.2_24011	1072	873	8.84052	0.554305
lcl|NC_037650.1_mrna_XM_001120037.5_24012	3466	3267	540	9.04753
lcl|NC_037650.1_mrna_NM_001134333.1_24013	282	83.0016	0.159476	0.10517
lcl|NC_037650.1_mrna_XM_006562752.3_24014	2448	2249	6004	146.129
lcl|NC_037650.1_mrna_XM_006562749.3_24015	1911	1712	731	23.3722
lcl|NC_037650.1_ncrna_XR_001705305.2_24016	379	180	16	4.86556
lcl|NC_037650.1_mrna_XM_392577.7_24017	4498	4299	0	0
lcl|NC_037650.1_miscrna_XR_409528.3_24018	3907	3708	1501.02	22.1581
lcl|NC_037650.1_mrna_XM_006562747.3_24019	4428	4229	42.3142	0.547688
lcl|NC_037650.1_miscrna_XR_003305945.1_24020	6168	5969	1482.75	13.5973
lcl|NC_037650.1_mrna_XM_016915881.2_24021	3503	3304	0	0
lcl|NC_037650.1_mrna_XM_016915882.2_24022	3499	3300	32.2684	0.53524
lcl|NC_037650.1_mrna_XM_016915883.2_24023	3017	2818	0	0
lcl|NC_037650.1_mrna_XM_016915884.2_24024	3027	2828	0	0
lcl|NC_037650.1_mrna_XM_016915886.2_24025	3368	3169	28.2462	0.487892
lcl|NC_037650.1_mrna_XM_026444659.1_24026	3304	3105	0	0
lcl|NC_037650.1_mrna_XM_026444658.1_24027	3261	3062	77.4369	1.38429
lcl|NC_037650.1_mrna_XM_016915887.2_24028	2866	2667	10.0485	0.206235
lcl|NC_037650.1_mrna_XM_006562744.3_24029	1523	1324	519	21.4568
lcl|NC_037650.1_mrna_XM_006562746.3_24030	6657	6458	626.91	5.31365
lcl|NC_037650.1_mrna_XM_006562745.3_24031	6196	5997	1709.24	15.6011
lcl|NC_037650.1_mrna_XM_003250115.4_24032	6127	5928	265.174	2.44854
lcl|NC_037650.1_mrna_XM_001120535.5_24033	3403	3204	426	7.27784
lcl|NC_037650.1_mrna_XM_392754.7_24034	5471	5272	492.169	5.11004
lcl|NC_037650.1_mrna_XM_006562738.3_24035	5322	5123	0	0
lcl|NC_037650.1_mrna_XM_026444827.1_24036	1383	1184	55.7587	2.57778
lcl|NC_037650.1_mrna_XM_006562741.3_24037	2144	1945	6.2683	0.176407
lcl|NC_037650.1_mrna_XM_395310.6_24038	1400	1201	70.6193	3.21859
lcl|NC_037650.1_mrna_XM_006562743.3_24039	1942	1743	544.801	17.109
lcl|NC_037650.1_mrna_XM_006562742.3_24040	1878	1679	279.627	9.11619
lcl|NC_037650.1_mrna_XM_006562730.3_24041	8683	8484	0	0
lcl|NC_037650.1_mrna_XM_006562728.3_24042	8923	8724	0	0
lcl|NC_037650.1_mrna_XM_026444527.1_24043	8333	8134	1.51957	0.0102259
lcl|NC_037650.1_mrna_XM_006562737.3_24044	5224	5025	4.05734	0.0441968
lcl|NC_037650.1_mrna_XM_006562736.3_24045	5258	5059	0.000817206	8.84204e-06
lcl|NC_037650.1_mrna_XM_006562735.3_24046	5233	5034	0.424116	0.00461165
lcl|NC_037650.1_mrna_XM_006562734.3_24047	5267	5068	8.67281e-05	9.36718e-07
lcl|NC_037650.1_mrna_NM_001011623.1_24048	3374	3175	0	0
lcl|NC_037650.1_mrna_XM_006562731.3_24049	6991	6792	0	0
lcl|NC_037650.1_ncrna_XR_003305997.1_24050	592	393	0	0
lcl|NC_037650.1_ncrna_XR_003305998.1_24051	1700	1501	0	0
lcl|NC_037650.1_ncrna_XR_001705403.2_24052	609	410	3	0.400519
lcl|NC_037650.1_ncrna_XR_003305989.1_24053	4557	4358	0	0
lcl|NC_037650.1_ncrna_XR_003305991.1_24054	4270	4071	9	0.121012
lcl|NC_037650.1_ncrna_XR_003305990.1_24055	3733	3534	0	0
lcl|NC_037650.1_mrna_XM_016915846.2_24056	1999	1800	143.706	4.37006
lcl|NC_037650.1_mrna_XM_016915847.2_24057	2006	1807	1.07198	0.0324724
lcl|NC_037650.1_ncrna_XR_003305992.1_24058	894	695	0	0
lcl|NC_037650.1_mrna_XM_026444810.1_24059	1627	1428	14.222	0.545153
lcl|NC_037650.1_mrna_XM_026444808.1_24060	9737	9538	0.00418099	2.39943e-05
lcl|NC_037650.1_mrna_XM_026444807.1_24061	9745	9546	0	0
lcl|NC_037650.1_mrna_XM_026444806.1_24062	9757	9558	210.242	1.20403
lcl|NC_037650.1_mrna_XM_026444805.1_24063	9772	9573	0.0623258	0.000356373
lcl|NC_037650.1_mrna_XM_026444809.1_24064	9721	9522	16.8431	0.0968231
lcl|NC_037650.1_mrna_XM_026444804.1_24065	9778	9579	0.00902241	5.1557e-05
lcl|NC_037650.1_mrna_XM_016915842.2_24066	9793	9594	2.58688e-06	1.47591e-08
lcl|NC_037650.1_mrna_XM_016915845.2_24067	7497	7298	0	0
lcl|NC_037650.1_mrna_XM_001120814.5_24068	2691	2492	101	2.2185
lcl|NC_037650.1_mrna_XM_003250346.4_24069	1246	1047	144	7.52837
lcl|NC_037650.1_trna_24070	74	3.56892	0	0
lcl|NC_037650.1_trna_24071	72	3.52559	0	0
lcl|NC_037650.1_mrna_XM_006564049.3_24072	5694	5495	130.206	1.29702
lcl|NC_037650.1_mrna_XM_026444803.1_24073	1864	1665	0.0498126	0.00163761
lcl|NC_037650.1_miscrna_XR_003305984.1_24074	2206	2007	8.73326	0.238185
lcl|NC_037650.1_miscrna_XR_003305986.1_24075	2969	2770	10.2613	0.202772
lcl|NC_037650.1_miscrna_XR_003305985.1_24076	3317	3118	13.3259	0.23394
lcl|NC_037650.1_mrna_XM_393948.7_24077	2629	2430	8534.72	192.251
lcl|NC_037650.1_ncrna_XR_003305987.1_24078	3147	2948	163	3.02653
lcl|NC_037650.1_mrna_XM_026444802.1_24079	740	541	1.62971	0.164892
lcl|NC_037650.1_mrna_XM_026444801.1_24080	984	785	4.63586	0.323255
lcl|NC_037650.1_miscrna_XR_003305982.1_24081	6165	5966	85.9676	0.788745
lcl|NC_037650.1_miscrna_XR_003305980.1_24082	6391	6192	393.588	3.47933
lcl|NC_037650.1_mrna_XM_003250347.4_24083	1146	947	32.6485	1.88711
lcl|NC_037650.1_miscrna_XR_003305981.1_24084	1729	1530	96.1605	3.44026
lcl|NC_037650.1_mrna_XM_393949.6_24085	931	732	757.669	56.657
lcl|NC_037650.1_ncrna_XR_003306010.1_24086	236	38.5618	2.33108	3.30891
lcl|NC_037650.1_mrna_XM_392591.7_24087	1132	933	3044	178.586
lcl|NC_037650.1_mrna_XM_006564051.3_24088	978	779	424	29.793
lcl|NC_037650.1_mrna_XM_001121036.5_24089	817	618	4284	379.443
lcl|NC_037650.1_mrna_NM_001163716.1_24090	898	699	27.0347	2.11704
lcl|NC_037650.1_mrna_XM_006564043.3_24091	944	745	1016.06	74.6535
lcl|NC_037650.1_mrna_XM_006564053.3_24092	1090	891	96.9009	5.953
lcl|NC_037650.1_miscrna_XR_003306011.1_24093	4340	4141	8.05053	0.106415
lcl|NC_037650.1_miscrna_XR_003306012.1_24094	4389	4190	49.4468	0.645966
lcl|NC_037650.1_mrna_XM_026444855.1_24095	3690	3491	88.3167	1.38477
lcl|NC_037650.1_mrna_XM_026444856.1_24096	3587	3388	135.186	2.1841
lcl|NC_037650.1_mrna_XM_003250351.4_24097	2296	2097	173	4.51578
lcl|NC_037650.1_mrna_XM_006564055.3_24098	1394	1195	754	34.5373
lcl|NC_037650.1_mrna_XM_026444663.1_24099	5074	4875	3.77572e-08	4.23946e-10
lcl|NC_037650.1_mrna_XM_026444666.1_24100	5025	4826	1.42611e-05	1.61753e-07
lcl|NC_037650.1_mrna_XM_026444667.1_24101	5022	4823	305.59	3.46822
lcl|NC_037650.1_mrna_XM_026444670.1_24102	4929	4730	0	0
lcl|NC_037650.1_mrna_XM_026444669.1_24103	4971	4772	0	0
lcl|NC_037650.1_mrna_XM_026444671.1_24104	4926	4727	231.852	2.68479
lcl|NC_037650.1_mrna_XM_026444665.1_24105	5058	4859	1.34671e-05	1.5171e-07
lcl|NC_037650.1_mrna_XM_026444664.1_24106	5064	4865	0.221855	0.00249616
lcl|NC_037650.1_mrna_XM_026444668.1_24107	5013	4814	842.154	9.5757
lcl|NC_037650.1_mrna_XM_016915963.2_24108	4756	4557	102.183	1.2274
lcl|NC_037650.1_mrna_XM_393627.7_24109	2294	2095	153	3.99754
lcl|NC_037650.1_mrna_XM_006564060.3_24110	2323	2124	8.27702e-06	2.13307e-07
lcl|NC_037650.1_mrna_XM_006564061.3_24111	2317	2118	0.000293976	7.59752e-06
lcl|NC_037650.1_mrna_XM_001121375.5_24112	2299	2100	13.9997	0.364909
lcl|NC_037650.1_mrna_XM_006564063.3_24113	2059	1860	0	0
lcl|NC_037650.1_mrna_XM_026444796.1_24114	1097	898	2.00106	0.121974
lcl|NC_037650.1_mrna_XM_006565071.3_24115	3847	3648	525.398	7.8835
lcl|NC_037650.1_mrna_XM_006565066.3_24116	3841	3642	432.051	6.49353
lcl|NC_037650.1_mrna_XM_006565069.3_24117	3744	3545	0.231284	0.00357121
lcl|NC_037650.1_mrna_XM_006565068.3_24118	3789	3590	282.724	4.31076
lcl|NC_037650.1_mrna_XM_006565070.3_24119	3692	3493	0.13289	0.00208246
lcl|NC_037650.1_ncrna_XR_001705454.2_24120	911	712	1	0.0768786
lcl|NC_037650.1_mrna_XM_006565067.3_24121	3922	3723	385.471	5.6674
lcl|NC_037650.1_ncrna_XR_003305946.1_24122	4464	4265	30	0.385024
lcl|NC_037650.1_ncrna_XR_001705450.2_24123	1580	1381	0	0
lcl|NC_037650.1_mrna_XM_016915967.2_24124	5206	5007	62.02	0.678015
lcl|NC_037650.1_mrna_XM_006565062.3_24125	2942	2743	0	0
lcl|NC_037650.1_mrna_XM_026444674.1_24126	5244	5045	0.00445302	4.83147e-05
lcl|NC_037650.1_ncrna_XR_003305947.1_24127	1220	1021	2	0.107223
lcl|NC_037650.1_mrna_NM_001011598.1_24128	1624	1425	9616	369.373
lcl|NC_037650.1_mrna_XM_016915968.2_24129	5382	5183	2077.39	21.9392
lcl|NC_037650.1_mrna_XM_016915971.2_24130	2784	2585	529.798	11.2185
lcl|NC_037650.1_mrna_XM_016915974.2_24131	1946	1747	72.1042	2.25919
lcl|NC_037650.1_mrna_XM_026444677.1_24132	1362	1163	494.921	23.2939
lcl|NC_037650.1_mrna_XM_016915973.2_24133	4388	4189	30.4693	0.398141
lcl|NC_037650.1_mrna_XM_016915970.2_24134	4402	4203	0	0
lcl|NC_037650.1_mrna_XM_016915972.2_24135	4541	4342	11.6883	0.147349
lcl|NC_037650.1_mrna_XM_016915969.2_24136	5074	4875	62.1065	0.697345
lcl|NC_037650.1_mrna_XM_006565055.3_24137	1367	1168	0	0
lcl|NC_037650.1_miscrna_XR_003305948.1_24138	1691	1492	43	1.57756
lcl|NC_037650.1_mrna_XM_001120377.5_24139	6200	6001	0.0952669	0.000868968
lcl|NC_037650.1_mrna_XM_006565057.3_24140	6173	5974	495.486	4.53995
lcl|NC_037650.1_mrna_XM_006565059.3_24141	5792	5593	0.153345	0.00150076
lcl|NC_037650.1_mrna_XM_026444676.1_24142	5714	5515	0.0117692	0.000116812
lcl|NC_037650.1_mrna_XM_006565058.3_24143	5819	5620	435.254	4.23927
lcl|NC_037650.1_mrna_XM_006565052.3_24144	5569	5370	1598.63	16.2952
lcl|NC_037650.1_mrna_XM_001120437.5_24145	5209	5010	783.367	8.5588
lcl|NC_037650.1_mrna_XM_026444715.1_24146	3185	2986	109.125	2.0004
lcl|NC_037650.1_mrna_XM_001120578.5_24147	3187	2988	46.8755	0.858718
lcl|NC_037650.1_mrna_XM_006565051.3_24148	2821	2622	0	0
lcl|NC_037650.1_mrna_XM_001120619.4_24149	1852	1653	1800	59.6053
lcl|NC_037650.1_precursorrna_NR_034298.1_24150	100	4.26726	0	0
lcl|NC_037650.1_ncrna_24151	20	2.71266	0	0
lcl|NC_037650.1_precursorrna_NR_034299.1_24152	100	4.26726	0	0
lcl|NC_037650.1_ncrna_24153	20	2.71266	0	0
lcl|NC_037650.1_mrna_XM_026444797.1_24154	1868	1669	214	7.01847
lcl|NC_037650.1_ncrna_XR_003305931.1_24155	2125	1926	23.984	0.681633
lcl|NC_037650.1_ncrna_XR_003305930.1_24156	1970	1771	0.0159876	0.000494141
lcl|NC_037650.1_mrna_XM_006565047.3_24157	810	611	18	1.61256
lcl|NC_037650.1_mrna_XM_001120670.5_24158	1391	1192	10	0.459208
lcl|NC_037650.1_mrna_XM_006565046.3_24159	953	754	327	23.739
lcl|NC_037650.1_mrna_XM_391986.7_24160	2477	2278	840	20.1842
lcl|NC_037650.1_mrna_XM_016915938.2_24161	5023	4824	158.427	1.79766
lcl|NC_037650.1_mrna_XM_003250530.4_24162	5566	5367	4670.05	47.6294
lcl|NC_037650.1_mrna_XM_026444798.1_24163	1500	1301	9.30539	0.39151
lcl|NC_037650.1_mrna_XM_026444711.1_24164	2904	2705	34.7109	0.7024
lcl|NC_037650.1_mrna_XM_001120949.5_24165	2734	2535	1402	30.273
lcl|NC_037650.1_mrna_XM_006565041.3_24166	7449	7250	226.95	1.71347
lcl|NC_037650.1_mrna_XM_006565042.3_24167	7141	6942	184.274	1.45299
lcl|NC_037650.1_mrna_XM_006565043.3_24168	7041	6842	1076.49	8.61215
lcl|NC_037650.1_mrna_XM_026444764.1_24169	3006	2807	102.939	2.00735
lcl|NC_037650.1_mrna_XM_026444766.1_24170	2576	2377	0.060964	0.00140388
lcl|NC_037650.1_mrna_XM_026444765.1_24171	2872	2673	0	0
lcl|NC_037650.1_mrna_XM_026444521.1_24172	3045	2846	7226.31	138.985
lcl|NC_037650.1_mrna_XM_026444524.1_24173	3039	2840	118.028	2.27486
lcl|NC_037650.1_mrna_XM_026444523.1_24174	4116	3917	410.621	5.73817
lcl|NC_037650.1_mrna_NM_001011581.1_24175	2397	2198	35.0412	0.872643
lcl|NC_037650.1_ncrna_XR_410117.3_24176	1682	1483	14.0042	0.516894
lcl|NC_037650.1_ncrna_XR_001705394.2_24177	1541	1342	18.9958	0.774803
lcl|NC_037650.1_mrna_XM_026444767.1_24178	5894	5695	16.5552	0.15912
lcl|NC_037650.1_mrna_XM_026444769.1_24179	5051	4852	0	0
lcl|NC_037650.1_mrna_XM_026444768.1_24180	4862	4663	0.59028	0.00692912
lcl|NC_037650.1_ncrna_XR_003306014.1_24181	195	14.9308	0	0
lcl|NC_037650.1_mrna_XM_006565032.3_24182	2145	1946	131	3.6848
lcl|NC_037650.1_mrna_XM_623641.6_24183	3615	3416	408	6.53774
lcl|NC_037650.1_mrna_XM_001120039.3_24184	1429	1230	123.46	5.49421
lcl|NC_037650.1_mrna_XM_026444570.1_24185	2653	2454	26.0991	0.582151
lcl|NC_037650.1_mrna_XM_395996.7_24186	3093	2894	46.0384	0.870777
lcl|NC_037650.1_mrna_XM_026444571.1_24187	3100	2901	0	0
lcl|NC_037650.1_mrna_XM_006565026.3_24188	2623	2424	314.863	7.11007
lcl|NC_037650.1_miscrna_XR_410114.3_24189	1082	883	168.4	10.4392
lcl|NC_037650.1_mrna_XM_006565029.3_24190	1258	1059	137.6	7.11224
lcl|NC_037650.1_mrna_XM_006565030.3_24191	1933	1734	4637	146.377
lcl|NC_037650.1_mrna_XM_026444822.1_24192	9456	9257	128.53	0.760008
lcl|NC_037650.1_mrna_XM_026444821.1_24193	9388	9189	244.083	1.45396
lcl|NC_037650.1_mrna_XM_026444820.1_24194	9477	9278	7.36314	0.0434404
lcl|NC_037650.1_ncrna_XR_410113.3_24195	1384	1185	2	0.092384
lcl|NC_037650.1_mrna_XM_026444823.1_24196	10821	10622	78.9238	0.406712
lcl|NC_037650.1_mrna_XM_026444824.1_24197	9354	9155	21.3634	0.127731
lcl|NC_037650.1_mrna_XM_026444826.1_24198	9313	9114	72.4001	0.434826
lcl|NC_037650.1_mrna_XM_026444818.1_24199	9160	8961	878.661	5.36723
lcl|NC_037650.1_mrna_XM_026444819.1_24200	9130	8931	215.769	1.32243
lcl|NC_037650.1_mrna_XM_026444825.1_24201	7367	7168	24.908	0.190207
lcl|NC_037650.1_precursorrna_NR_034303.1_24202	100	4.26726	0	0
lcl|NC_037650.1_ncrna_24203	26	2.7839	0	0
lcl|NC_037650.1_mrna_XM_001120306.5_24204	2065	1866	288.452	8.46149
lcl|NC_037650.1_mrna_XM_006565024.3_24205	1980	1781	7.7282e-08	2.3752e-09
lcl|NC_037650.1_mrna_XM_006565023.3_24206	2117	1918	229.626	6.55326
lcl|NC_037650.1_mrna_XM_026444656.1_24207	2124	1925	58.8064	1.67217
lcl|NC_037650.1_mrna_XM_016915902.2_24208	2313	2114	41.5375	1.07552
lcl|NC_037650.1_mrna_XM_026444657.1_24209	1885	1686	0	0
lcl|NC_037650.1_mrna_XM_026444661.1_24210	1920	1721	511	16.2527
lcl|NC_037650.1_mrna_XM_026444799.1_24211	874	675	211	17.1106
lcl|NC_037650.1_mrna_XM_026444814.1_24212	5174	4975	193.421	2.12812
lcl|NC_037650.1_mrna_XM_026444813.1_24213	5374	5175	767.236	8.11528
lcl|NC_037650.1_miscrna_XR_003305994.1_24214	5288	5089	0.0228354	0.000245619
lcl|NC_037650.1_miscrna_XR_003305993.1_24215	5358	5159	0	0
lcl|NC_037650.1_mrna_XM_016915837.2_24216	5319	5120	30.2478	0.323377
lcl|NC_037650.1_mrna_XM_016915836.2_24217	5389	5190	0	0
lcl|NC_037650.1_mrna_XM_026444815.1_24218	5183	4984	1901.64	20.8851
lcl|NC_037650.1_mrna_XM_026444812.1_24219	5376	5177	1306.43	13.8132
lcl|NC_037650.1_mrna_NM_001365139.1_24220	2509	2310	3116	73.8364
lcl|NC_037650.1_mrna_NM_001365140.1_24221	1684	1485	67.7526	2.49738
lcl|NC_037650.1_mrna_XM_026444817.1_24222	1883	1684	5.00216	0.162592
lcl|NC_037650.1_mrna_XM_006565013.2_24223	2320	2121	0	0
lcl|NC_037650.1_mrna_XM_006565014.2_24224	2282	2083	0	0
lcl|NC_037650.1_mrna_XM_026444816.1_24225	2167	1968	6.2452	0.173703
lcl|NC_037650.1_mrna_XM_006565012.3_24226	1721	1522	0	0
lcl|NC_037650.1_mrna_XM_624230.6_24227	2000	1801	125.131	3.80309
lcl|NC_037650.1_mrna_XM_006565011.3_24228	1790	1591	40.869	1.40608
lcl|NC_037650.1_mrna_XM_006565010.3_24229	4552	4353	40.8357	0.513495
lcl|NC_037650.1_mrna_XM_006565006.3_24230	4746	4547	6.67342	0.0803358
lcl|NC_037650.1_mrna_XM_006565008.3_24231	3867	3668	0.383701	0.00572597
lcl|NC_037650.1_mrna_XM_006565009.3_24232	3864	3665	1.07756	0.0160936
lcl|NC_037650.1_mrna_XM_006565007.3_24233	3857	3658	12.0297	0.180009
lcl|NC_037650.1_mrna_XM_016915949.2_24234	1946	1747	0	0
lcl|NC_037650.1_mrna_XM_006565005.3_24235	1979	1780	0	0
lcl|NC_037650.1_ncrna_XR_001705442.2_24236	571	372	0	0
lcl|NC_037650.1_mrna_XM_006565003.3_24237	4237	4038	418	5.66624
lcl|NC_037650.1_mrna_XM_006565004.3_24238	1572	1373	816.865	32.566
lcl|NC_037650.1_mrna_XM_026444861.1_24239	1529	1330	0.0172419	0.000709608
lcl|NC_037650.1_mrna_XM_026444862.1_24240	1538	1339	3.34809e-05	1.36868e-06
lcl|NC_037650.1_mrna_XM_393174.7_24241	2913	2714	346	6.97833
lcl|NC_037650.1_mrna_XM_026444860.1_24242	1456	1257	0.639943	0.0278671
lcl|NC_037650.1_mrna_XM_396386.6_24243	1576	1377	375.478	14.9257
lcl|NC_037650.1_mrna_XM_001120325.5_24244	1430	1231	92	4.09086
lcl|NC_037650.1_mrna_XM_026444800.1_24245	4831	4632	4985.5	58.9149
lcl|NC_037650.1_mrna_XM_026444750.1_24246	1584	1385	1.03591	0.0409407
lcl|NC_037650.1_mrna_XM_026444558.1_24247	1914	1715	2169.57	69.2459
lcl|NC_037650.1_mrna_NM_001040234.1_24248	1500	1301	562.602	23.6706
lcl|NC_037650.1_mrna_XM_395671.6_24249	1665	1466	6601.3	246.479
lcl|NC_037650.1_mrna_XM_006564999.3_24250	1848	1649	0	0
lcl|NC_037650.1_mrna_XM_397347.6_24251	1716	1517	2	0.0721655
lcl|NC_037650.1_mrna_XM_026444747.1_24252	2027	1828	2326.55	69.666
lcl|NC_037650.1_mrna_XM_026444748.1_24253	1774	1575	4400.05	152.919
lcl|NC_037650.1_mrna_XM_026444749.1_24254	1723	1524	3575.69	128.428
lcl|NC_037650.1_mrna_NM_001365200.1_24255	1764	1565	1042.72	36.4701
lcl|NC_037650.1_mrna_NM_001365199.1_24256	1951	1752	1366	42.6778
lcl|NC_037650.1_mrna_XM_026444745.1_24257	1574	1375	46	1.83122
lcl|NC_037650.1_mrna_XM_026444746.1_24258	1613	1414	1404	54.3504
lcl|NC_037650.1_mrna_XM_016915831.2_24259	1786	1587	15470	533.579
lcl|NC_037650.1_mrna_XM_006568040.3_24260	1543	1344	1043.28	42.49
lcl|NC_037650.1_mrna_XM_006568039.2_24261	2114	1915	63.7215	1.82139
lcl|NC_037650.1_mrna_XM_003251121.4_24262	3940	3741	4013.08	58.7185
lcl|NC_037650.1_mrna_XM_016915937.2_24263	3335	3136	1707.92	29.8111
lcl|NC_037650.1_mrna_XM_016915879.2_24264	6120	5921	0.00620632	5.73752e-05
lcl|NC_037650.1_mrna_XM_006568042.3_24265	6202	6003	3.57318	0.0325816
lcl|NC_037650.1_mrna_XM_016915878.2_24266	6226	6027	2608.42	23.6898
lcl|NC_037650.1_mrna_XM_006568043.3_24267	5363	5164	3390.32	35.9368
lcl|NC_037650.1_mrna_XM_006568044.3_24268	5311	5112	2870.68	30.7383
lcl|NC_037650.1_mrna_XM_006568046.3_24269	2518	2319	8	0.188832
lcl|NC_037650.1_mrna_XM_393234.7_24270	1898	1699	73.7648	2.37652
lcl|NC_037650.1_mrna_XM_006568051.3_24271	1770	1571	0	0
lcl|NC_037650.1_mrna_XM_006568047.3_24272	1895	1696	686.235	22.1479
lcl|NC_037650.1_mrna_XM_016915922.2_24273	1719	1520	0	0
lcl|NC_037650.1_ncrna_XR_001705435.2_24274	1119	920	80	4.75979
lcl|NC_037650.1_mrna_XM_001121248.5_24275	3969	3770	3868.56	56.1685
lcl|NC_037650.1_mrna_XM_016915860.2_24276	4914	4715	3835.34	44.5254
lcl|NC_037650.1_ncrna_XR_003305940.1_24277	2607	2408	13	0.29551
lcl|NC_037650.1_ncrna_XR_411089.3_24278	2095	1896	55	1.58785
lcl|NC_037650.1_ncrna_XR_003305976.1_24279	2654	2455	219	4.8829
lcl|NC_037650.1_mrna_XM_026444771.1_24280	4686	4487	0	0
lcl|NC_037650.1_mrna_XM_026444773.1_24281	4661	4462	11777.1	144.476
lcl|NC_037650.1_mrna_XM_006568075.3_24282	4964	4765	165.317	1.89907
lcl|NC_037650.1_mrna_XM_026444770.1_24283	4663	4464	122.801	1.50578
lcl|NC_037650.1_mrna_XM_006568074.3_24284	4940	4741	3.61705e-06	4.17609e-08
lcl|NC_037650.1_mrna_XM_026444774.1_24285	4345	4146	64.9766	0.857853
lcl|NC_037650.1_mrna_XM_006568077.3_24286	4543	4344	8.48625e-08	1.06933e-09
lcl|NC_037650.1_mrna_XM_006568080.3_24287	4347	4148	0	0
lcl|NC_037650.1_mrna_XM_006568079.3_24288	4476	4277	298.77	3.82369
lcl|NC_037650.1_mrna_XM_006568078.3_24289	4520	4321	2.296e-06	2.90852e-08
lcl|NC_037650.1_trna_24290	82	3.75521	0	0
lcl|NC_037650.1_mrna_XM_392711.7_24291	658	459	259	30.8868
lcl|NC_037650.1_mrna_XM_026444775.1_24292	4341	4142	0	0
lcl|NC_037650.1_mrna_XM_006568073.3_24293	4256	4057	0	0
lcl|NC_037650.1_mrna_XM_016915859.2_24294	4156	3957	0	0
lcl|NC_037650.1_mrna_XM_016915858.2_24295	4165	3966	0	0
lcl|NC_037650.1_mrna_XM_016915856.2_24296	4194	3995	0	0
lcl|NC_037650.1_mrna_XM_016915857.2_24297	4510	4311	0	0
lcl|NC_037650.1_mrna_XM_006568072.3_24298	3971	3772	5	0.0725577
lcl|NC_037650.1_ncrna_XR_411084.3_24299	558	359	0	0
lcl|NC_037650.1_mrna_XM_006568067.3_24300	2254	2055	28.8983	0.769744
lcl|NC_037650.1_mrna_XM_006568070.3_24301	2172	1973	0	0
lcl|NC_037650.1_mrna_XM_001121996.5_24302	2251	2052	14.739	0.393165
lcl|NC_037650.1_mrna_XM_006568069.3_24303	2034	1835	11.6456	0.347385
lcl|NC_037650.1_mrna_XM_006568071.3_24304	1514	1315	20.7171	0.86236
lcl|NC_037651.1_ncrna_XR_003306036.1_24305	915	716	17.6322	1.34797
lcl|NC_037651.1_ncrna_XR_412368.3_24306	375	176	1	0.311009
lcl|NC_037651.1_mrna_XM_026445093.1_24307	1976	1777	5.71703	0.176104
lcl|NC_037651.1_mrna_XM_026445095.1_24308	1857	1658	0.00843633	0.000278519
lcl|NC_037651.1_mrna_XM_026445096.1_24309	1843	1644	61.3521	2.04274
lcl|NC_037651.1_mrna_XM_026445094.1_24310	1972	1773	749.922	23.1522
lcl|NC_037651.1_mrna_XM_026444923.1_24311	897	698	0	0
lcl|NC_037651.1_mrna_XM_026444924.1_24312	810	611	1	0.0895868
lcl|NC_037651.1_mrna_XM_026444925.1_24313	764	565	44.2049	4.2826
lcl|NC_037651.1_mrna_XM_026444926.1_24314	781	582	222.119	20.8905
lcl|NC_037651.1_mrna_XM_026444927.1_24315	515	316	38.6756	6.69938
lcl|NC_037651.1_ncrna_XR_003306021.1_24316	3980	3781	25.2348	0.365324
lcl|NC_037651.1_ncrna_XR_003306022.1_24317	5082	4883	86.249	0.966835
lcl|NC_037651.1_ncrna_XR_003306020.1_24318	4760	4561	110.14	1.32182
lcl|NC_037651.1_ncrna_XR_003306023.1_24319	600	401	24	3.27606
lcl|NC_037651.1_mrna_XM_623592.5_24320	1719	1520	3932	141.597
lcl|NC_037651.1_ncrna_XR_003306038.1_24321	2029	1830	8	0.23929
lcl|NC_037651.1_ncrna_XR_412244.3_24322	2718	2519	6	0.130379
lcl|NC_037651.1_ncrna_XR_003306059.1_24323	1050	851	3	0.192964
lcl|NC_037651.1_ncrna_XR_003306058.1_24324	466	267	6	1.23006
lcl|NC_037651.1_mrna_XM_026445143.1_24325	2180	1981	0	0
lcl|NC_037651.1_mrna_XM_026445142.1_24326	2197	1998	0	0
lcl|NC_037651.1_precursorrna_NR_039449.1_24327	136	5.93769	0	0
lcl|NC_037651.1_ncrna_24328	22	2.73612	0	0
lcl|NC_037651.1_mrna_XM_006557572.3_24329	2751	2552	1055.08	22.6303
lcl|NC_037651.1_mrna_XM_006557574.3_24330	2715	2516	97.917	2.13026
lcl|NC_037651.1_mrna_XM_392723.7_24331	2310	2111	216.818	5.62202
lcl|NC_037651.1_miscrna_XR_407514.3_24332	2158	1959	161.769	4.52008
lcl|NC_037651.1_mrna_XM_026445019.1_24333	1107	908	0	0
lcl|NC_037651.1_mrna_XM_026445018.1_24334	1236	1037	84.1329	4.44091
lcl|NC_037651.1_miscrna_XR_003306041.1_24335	1080	881	53.2803	3.31036
lcl|NC_037651.1_mrna_XM_395245.6_24336	882	683	565	45.2807
lcl|NC_037651.1_mrna_XM_392722.7_24337	1486	1287	2609	110.964
lcl|NC_037651.1_mrna_XM_016916296.2_24338	9392	9193	1184.01	7.04988
lcl|NC_037651.1_ncrna_XR_407512.3_24339	593	394	4	0.555711
lcl|NC_037651.1_mrna_XM_395473.7_24340	1525	1326	1212.96	50.0712
lcl|NC_037651.1_mrna_XM_016916297.2_24341	1285	1086	0	0
lcl|NC_037651.1_mrna_XM_026444976.1_24342	1395	1196	207.041	9.4757
lcl|NC_037651.1_mrna_XM_026444979.1_24343	1794	1595	190	6.52046
lcl|NC_037651.1_mrna_XM_016916299.2_24344	1793	1594	203	6.97097
lcl|NC_037651.1_mrna_XM_026444978.1_24345	3300	3101	614.113	10.8401
lcl|NC_037651.1_mrna_XM_026444977.1_24346	3209	3010	0.887322	0.0161361
lcl|NC_037651.1_mrna_XM_397129.7_24347	2185	1986	378	10.4183
lcl|NC_037651.1_mrna_XM_006557535.3_24348	1248	1049	0	0
lcl|NC_037651.1_mrna_NM_001174141.1_24349	1037	838	3	0.195958
lcl|NC_037651.1_miscrna_XR_003306032.1_24350	1748	1549	564.901	19.9621
lcl|NC_037651.1_miscrna_XR_003306031.1_24351	2689	2490	845.099	18.5778
lcl|NC_037651.1_mrna_XM_016916360.2_24352	1512	1313	223.894	9.33389
lcl|NC_037651.1_mrna_XM_006557564.3_24353	1059	860	0.0143235	0.000911664
lcl|NC_037651.1_mrna_XM_006557566.3_24354	1147	948	0	0
lcl|NC_037651.1_mrna_XM_006557563.3_24355	1108	909	102.092	6.14769
lcl|NC_037651.1_mrna_XM_016916361.2_24356	719	520	5103	537.165
lcl|NC_037651.1_ncrna_XR_001705467.2_24357	503	304	0	0
lcl|NC_037651.1_ncrna_XR_001705468.2_24358	490	291	18	3.38583
lcl|NC_037651.1_mrna_XM_006557559.3_24359	2667	2468	236.658	5.24881
lcl|NC_037651.1_mrna_XM_006557560.3_24360	2375	2176	139.508	3.50935
lcl|NC_037651.1_mrna_XM_026445070.1_24361	2828	2629	223.834	4.66037
lcl|NC_037651.1_mrna_XM_026445071.1_24362	2688	2489	0.000129341	2.84444e-06
lcl|NC_037651.1_mrna_XM_026445072.1_24363	2186	1987	0	0
lcl|NC_037651.1_mrna_XM_006557552.3_24364	1934	1735	0.201357	0.00635262
lcl|NC_037651.1_mrna_XM_006557551.3_24365	2000	1801	0.115142	0.00349949
lcl|NC_037651.1_mrna_XM_625079.6_24366	1910	1711	836.893	26.7735
lcl|NC_037651.1_mrna_XM_006557554.3_24367	1976	1777	357.839	11.0226
lcl|NC_037651.1_mrna_XM_006557555.3_24368	1419	1220	465.183	20.8713
lcl|NC_037651.1_mrna_XM_006557553.3_24369	1429	1230	149.769	6.66505
lcl|NC_037651.1_mrna_XM_393658.7_24370	5797	5598	374.316	3.66008
lcl|NC_037651.1_mrna_XM_006557556.3_24371	4857	4658	511.584	6.01178
lcl|NC_037651.1_mrna_XM_006557557.3_24372	5030	4831	162.015	1.83571
lcl|NC_037651.1_mrna_XM_006557558.3_24373	5000	4801	1397.08	15.9286
lcl|NC_037651.1_mrna_XM_003249091.4_24374	1637	1438	1903	72.4378
lcl|NC_037651.1_mrna_XM_006557549.3_24375	743	544	0	0
lcl|NC_037651.1_mrna_XM_623377.6_24376	733	534	754.252	77.3145
lcl|NC_037651.1_mrna_XM_006557547.3_24377	835	636	0	0
lcl|NC_037651.1_mrna_XM_016916442.2_24378	824	625	156.748	13.728
lcl|NC_037651.1_mrna_NM_001252428.1_24379	1113	914	0	0
lcl|NC_037651.1_mrna_XM_006557536.3_24380	2295	2096	6	0.156691
lcl|NC_037651.1_mrna_XM_625101.6_24381	642	443	7326	905.208
lcl|NC_037651.1_mrna_XM_016916309.2_24382	1058	859	0	0
lcl|NC_037651.1_mrna_XM_006557543.3_24383	1194	995	219.686	12.0855
lcl|NC_037651.1_mrna_XM_016916308.2_24384	1094	895	0	0
lcl|NC_037651.1_mrna_XM_006557542.3_24385	1230	1031	0	0
lcl|NC_037651.1_mrna_XM_016916307.2_24386	1043	844	20.6194	1.33727
lcl|NC_037651.1_mrna_XM_006557545.3_24387	1233	1034	168.695	8.93032
lcl|NC_037651.1_mrna_XM_006557544.3_24388	1269	1070	0	0
lcl|NC_037651.1_mrna_XM_026444940.1_24389	1671	1472	282.941	10.5214
lcl|NC_037651.1_mrna_XM_397318.7_24390	1807	1608	130.059	4.4273
lcl|NC_037651.1_mrna_XM_393588.7_24391	2467	2268	4363	105.3
lcl|NC_037651.1_mrna_XM_397317.7_24392	1676	1477	153	5.67017
lcl|NC_037651.1_mrna_XM_026444916.1_24393	4332	4133	16.2659	0.215426
lcl|NC_037651.1_mrna_XM_026444918.1_24394	4183	3984	15.1044	0.207524
lcl|NC_037651.1_mrna_XM_016916332.2_24395	3822	3623	0	0
lcl|NC_037651.1_mrna_XM_016916335.2_24396	3801	3602	0	0
lcl|NC_037651.1_mrna_XM_016916334.2_24397	3819	3620	0	0
lcl|NC_037651.1_mrna_XM_016916336.2_24398	3794	3595	0	0
lcl|NC_037651.1_mrna_XM_016916333.2_24399	3818	3619	7.15368	0.1082
lcl|NC_037651.1_mrna_XM_016916344.2_24400	3381	3182	0	0
lcl|NC_037651.1_miscrna_XR_003306017.1_24401	3807	3608	7.5239	0.114146
lcl|NC_037651.1_miscrna_XR_003306018.1_24402	3808	3609	5.30344	0.080437
lcl|NC_037651.1_mrna_XM_016916343.2_24403	3473	3274	0	0
lcl|NC_037651.1_mrna_XM_016916341.2_24404	3727	3528	0	0
lcl|NC_037651.1_mrna_XM_016916345.2_24405	3359	3160	0	0
lcl|NC_037651.1_mrna_XM_016916337.2_24406	3771	3572	0	0
lcl|NC_037651.1_mrna_XM_026444913.1_24407	3797	3598	0	0
lcl|NC_037651.1_mrna_XM_016916340.2_24408	3727	3528	0	0
lcl|NC_037651.1_mrna_XM_016916338.2_24409	3747	3548	10.5739	0.163131
lcl|NC_037651.1_mrna_XM_016916339.2_24410	3744	3545	30.7508	0.474817
lcl|NC_037651.1_mrna_XM_026444914.1_24411	3948	3749	0	0
lcl|NC_037651.1_mrna_XM_026444915.1_24412	3924	3725	0	0
lcl|NC_037651.1_mrna_XM_026444917.1_24413	4003	3804	40.324	0.580241
lcl|NC_037651.1_mrna_XM_016915994.2_24414	309	110	7	3.4833
lcl|NC_037651.1_mrna_XM_016916331.2_24415	2062	1863	86	2.5268
lcl|NC_037651.1_mrna_XM_397055.7_24416	1000	801	1155	78.9287
lcl|NC_037651.1_mrna_XM_026445020.1_24417	907	708	39.6634	3.06649
lcl|NC_037651.1_mrna_XM_624129.4_24418	835	636	773.632	66.5829
lcl|NC_037651.1_mrna_XM_026445021.1_24419	774	575	15.7042	1.49497
lcl|NC_037651.1_mrna_XM_006558224.3_24420	1140	941	395	22.977
lcl|NC_037651.1_mrna_XM_006558222.3_24421	600	401	1829	249.663
lcl|NC_037651.1_mrna_XM_026444870.1_24422	8673	8474	38.7053	0.250015
lcl|NC_037651.1_mrna_XM_026444873.1_24423	8530	8331	0.0482869	0.000317261
lcl|NC_037651.1_mrna_NM_001011621.1_24424	3253	3054	3.26639	0.0585442
lcl|NC_037651.1_ncrna_XR_003306019.1_24425	1247	1048	5	0.261152
lcl|NC_037651.1_mrna_XM_026444871.1_24426	7621	7422	26.8102	0.197726
lcl|NC_037651.1_mrna_NM_001079560.1_24427	1607	1408	2	0.0777522
lcl|NC_037651.1_ncrna_XR_001705522.2_24428	4751	4552	234.007	2.81392
lcl|NC_037651.1_ncrna_XR_001705521.2_24429	6344	6145	17.6275	0.15702
lcl|NC_037651.1_ncrna_XR_001705518.2_24430	6191	5992	11.5368	0.10539
lcl|NC_037651.1_ncrna_XR_001705520.2_24431	5661	5462	190.443	1.90853
lcl|NC_037651.1_ncrna_XR_001705523.2_24432	5539	5340	5041.59	51.6787
lcl|NC_037651.1_ncrna_XR_001705519.2_24433	5887	5688	0	0
lcl|NC_037651.1_mrna_XM_003249336.4_24434	2150	1951	4	0.112225
lcl|NC_037651.1_mrna_XM_016916162.2_24435	1758	1559	0	0
lcl|NC_037651.1_mrna_XM_026445041.1_24436	4141	3942	0	0
lcl|NC_037651.1_miscrna_XR_003306046.1_24437	4055	3856	31.8467	0.452077
lcl|NC_037651.1_mrna_XM_026445040.1_24438	4594	4395	26.4884	0.329899
lcl|NC_037651.1_mrna_XM_026445038.1_24439	5571	5372	21.0521	0.214508
lcl|NC_037651.1_mrna_XM_026445037.1_24440	5577	5378	5.14617	0.052378
lcl|NC_037651.1_mrna_XM_026445036.1_24441	5767	5568	0.00012765	1.2549e-06
lcl|NC_037651.1_mrna_XM_026445039.1_24442	5331	5132	34.8153	0.371338
lcl|NC_037651.1_precursorrna_NR_039483.1_24443	91	3.99311	0	0
lcl|NC_037651.1_ncrna_24444	22	2.73612	0	0
lcl|NC_037651.1_mrna_XM_016916157.2_24445	4066	3867	75.6114	1.07028
lcl|NC_037651.1_mrna_XM_026445042.1_24446	2764	2565	127	2.7102
lcl|NC_037651.1_mrna_XM_006558773.3_24447	1341	1142	66	3.16347
lcl|NC_037651.1_mrna_XM_016916398.2_24448	3452	3253	0	0
lcl|NC_037651.1_mrna_XM_001121376.5_24449	4088	3889	0	0
lcl|NC_037651.1_mrna_XM_006558776.3_24450	3722	3523	8	0.124298
lcl|NC_037651.1_mrna_XM_396925.7_24451	3722	3523	758	11.7772
lcl|NC_037651.1_mrna_XM_003249337.4_24452	2336	2137	707	18.1092
lcl|NC_037651.1_mrna_XM_003249338.4_24453	766	567	377	36.3952
lcl|NC_037651.1_mrna_XM_026445175.1_24454	1260	1061	48	2.47634
lcl|NC_037651.1_mrna_XM_026445104.1_24455	887	688	412	32.7789
lcl|NC_037651.1_mrna_XM_016916405.2_24456	2458	2259	73.8991	1.79064
lcl|NC_037651.1_mrna_XM_026445010.1_24457	2536	2337	0	0
lcl|NC_037651.1_mrna_XM_026445008.1_24458	2677	2478	2.42575e-08	5.35833e-10
lcl|NC_037651.1_mrna_XM_397065.6_24459	2671	2472	340.371	7.53683
lcl|NC_037651.1_mrna_XM_006558777.3_24460	2812	2613	375.73	7.87086
lcl|NC_037651.1_mrna_XM_016916443.2_24461	2260	2061	218	5.7898
lcl|NC_037651.1_mrna_XM_026445124.1_24462	2492	2293	1	0.0238716
lcl|NC_037651.1_mrna_XM_026444999.1_24463	2038	1839	885.61	26.36
lcl|NC_037651.1_mrna_XM_396079.6_24464	2162	1963	540.39	15.0686
lcl|NC_037651.1_mrna_XM_624816.5_24465	1184	985	1254	69.6862
lcl|NC_037651.1_mrna_XM_397293.7_24466	2957	2758	1701	33.7594
lcl|NC_037651.1_mrna_XM_001122987.5_24467	1335	1136	293	14.118
lcl|NC_037651.1_mrna_XM_026445068.1_24468	2135	1936	271.734	7.68288
lcl|NC_037651.1_mrna_XM_026445069.1_24469	2119	1920	357.266	10.1853
lcl|NC_037651.1_mrna_XM_624850.6_24470	2985	2786	47.8048	0.939238
lcl|NC_037651.1_mrna_XM_016916416.2_24471	2982	2783	186.195	3.66219
lcl|NC_037651.1_mrna_XM_003249340.4_24472	2195	1996	9	0.246813
lcl|NC_037651.1_mrna_XM_026445176.1_24473	4395	4196	2	0.0260903
lcl|NC_037651.1_mrna_XM_006558782.3_24474	2893	2694	0	0
lcl|NC_037651.1_mrna_XM_016916436.2_24475	2651	2452	3	0.0669709
lcl|NC_037651.1_mrna_XM_001120644.5_24476	2693	2494	0	0
lcl|NC_037651.1_mrna_XM_016916441.2_24477	1668	1469	114	4.24784
lcl|NC_037651.1_mrna_XM_026444947.1_24478	8694	8495	1244	8.01572
lcl|NC_037651.1_mrna_XM_006559296.3_24479	2108	1909	0.198506	0.00569183
lcl|NC_037651.1_mrna_XM_016916437.2_24480	2104	1905	2.80149	0.0804971
lcl|NC_037651.1_mrna_XM_016916438.2_24481	1820	1621	0	0
lcl|NC_037651.1_mrna_XM_016916439.2_24482	1560	1361	0	0
lcl|NC_037651.1_mrna_XM_016916440.2_24483	1568	1369	0	0
lcl|NC_037651.1_mrna_XM_006559295.3_24484	2828	2629	0	0
lcl|NC_037651.1_mrna_XM_006559293.3_24485	2169	1970	0	0
lcl|NC_037651.1_mrna_XM_006559294.3_24486	2165	1966	0	0
lcl|NC_037651.1_mrna_XM_006559287.3_24487	1811	1612	13.9986	0.475341
lcl|NC_037651.1_mrna_XM_006559288.3_24488	1477	1278	1.19433e-05	5.11539e-07
lcl|NC_037651.1_mrna_XM_006559291.3_24489	2881	2682	7.57915	0.154684
lcl|NC_037651.1_mrna_XM_006559289.3_24490	2000	1801	20.2184	0.614496
lcl|NC_037651.1_mrna_XM_006559290.3_24491	2030	1831	0	0
lcl|NC_037651.1_mrna_XM_003249423.4_24492	2078	1879	9.20382	0.268118
lcl|NC_037651.1_mrna_XM_006559286.3_24493	2556	2357	464	10.7757
lcl|NC_037651.1_mrna_XM_026445208.1_24494	2408	2209	342.702	8.49191
lcl|NC_037651.1_mrna_XM_026445207.1_24495	2444	2245	2477.72	60.4117
lcl|NC_037651.1_mrna_XM_006559281.3_24496	3367	3168	270.854	4.67989
lcl|NC_037651.1_mrna_XM_396662.5_24497	2459	2260	18.2102	0.441054
lcl|NC_037651.1_mrna_XM_026445209.1_24498	2393	2194	0	0
lcl|NC_037651.1_mrna_XM_001120327.5_24499	1548	1349	646.349	26.2265
lcl|NC_037651.1_mrna_XM_006559279.3_24500	1680	1481	98	3.62207
lcl|NC_037651.1_mrna_XM_393312.7_24501	1909	1710	936	29.9616
lcl|NC_037651.1_mrna_XM_016915995.2_24502	1782	1583	13.7798	0.476483
lcl|NC_037651.1_mrna_XM_006559300.3_24503	2041	1842	443	13.1643
lcl|NC_037651.1_mrna_XM_006559278.1_24504	884	685	6	0.479453
lcl|NC_037651.1_mrna_XM_026445086.1_24505	991	792	0	0
lcl|NC_037651.1_mrna_XM_026445087.1_24506	2873	2674	0	0
lcl|NC_037651.1_mrna_XM_026445090.1_24507	2568	2369	33.5725	0.775717
lcl|NC_037651.1_mrna_XM_026445089.1_24508	2466	2267	413.329	9.97998
lcl|NC_037651.1_mrna_XM_026445091.1_24509	2218	2019	0.779516	0.0211336
lcl|NC_037651.1_mrna_XM_026445088.1_24510	2503	2304	290.319	6.89729
lcl|NC_037651.1_mrna_XM_397413.6_24511	7198	6999	13524.3	105.77
lcl|NC_037651.1_mrna_XM_026445092.1_24512	3071	2872	1843.22	35.13
lcl|NC_037651.1_ncrna_XR_003306085.1_24513	1604	1405	8.31361	0.323891
lcl|NC_037651.1_ncrna_XR_408570.3_24514	1435	1236	9.68639	0.428972
lcl|NC_037651.1_mrna_XM_016916214.2_24515	3906	3707	25	0.36915
lcl|NC_037651.1_mrna_XM_396377.6_24516	3769	3570	0	0
lcl|NC_037651.1_mrna_XM_006559990.3_24517	6215	6016	0	0
lcl|NC_037651.1_mrna_XM_006559989.3_24518	6197	5998	16.0374	0.146357
lcl|NC_037651.1_mrna_XM_006559991.3_24519	4701	4502	13.9626	0.169764
lcl|NC_037651.1_trna_24520	73	3.5471	0	0
lcl|NC_037651.1_mrna_XM_006559987.3_24521	1949	1750	0	0
lcl|NC_037651.1_mrna_XM_001120815.5_24522	1939	1740	33.4683	1.05286
lcl|NC_037651.1_mrna_XM_006559988.3_24523	1889	1690	0.531722	0.017222
lcl|NC_037651.1_mrna_XM_623514.5_24524	4906	4707	4271	49.6673
lcl|NC_037651.1_mrna_XM_396379.7_24525	2189	1990	316.789	8.71368
lcl|NC_037651.1_mrna_XM_006559995.3_24526	2183	1984	157.211	4.33738
lcl|NC_037651.1_mrna_XM_001120950.5_24527	843	644	55.5971	4.72554
lcl|NC_037651.1_mrna_XM_006559998.3_24528	704	505	169.403	18.3618
lcl|NC_037651.1_mrna_XM_026445004.1_24529	3552	3353	0	0
lcl|NC_037651.1_mrna_XM_026445003.1_24530	3553	3354	0	0
lcl|NC_037651.1_miscrna_XR_003306039.1_24531	3487	3288	0	0
lcl|NC_037651.1_miscrna_XR_003306040.1_24532	3458	3259	9.58368	0.160966
lcl|NC_037651.1_mrna_XM_026445005.1_24533	3397	3198	0	0
lcl|NC_037651.1_mrna_XM_026445006.1_24534	3478	3279	36.4275	0.608098
lcl|NC_037651.1_mrna_XM_026445007.1_24535	1331	1132	19	0.91874
lcl|NC_037651.1_mrna_XM_625234.6_24536	2183	1984	2053	56.6412
lcl|NC_037651.1_mrna_XM_006560000.3_24537	1717	1518	261	9.4114
lcl|NC_037651.1_mrna_XM_026445082.1_24538	2198	1999	107	2.92992
lcl|NC_037651.1_mrna_XM_006560001.3_24539	2403	2204	3107	77.164
lcl|NC_037651.1_mrna_XM_624316.5_24540	1312	1113	2076.49	102.122
lcl|NC_037651.1_mrna_XM_016916323.2_24541	1335	1136	109.962	5.29847
lcl|NC_037651.1_mrna_XM_006560003.3_24542	1265	1066	46.5523	2.39039
lcl|NC_037651.1_mrna_XM_003249555.4_24543	1489	1290	28.7493	1.2199
lcl|NC_037651.1_mrna_XM_016916321.2_24544	1276	1077	12.6776	0.644325
lcl|NC_037651.1_ncrna_XR_003306051.1_24545	654	455	6.57314	0.790764
lcl|NC_037651.1_mrna_XM_006560011.3_24546	2019	1820	1805.8	54.3105
lcl|NC_037651.1_mrna_XM_623974.5_24547	1858	1659	1860.99	61.4022
lcl|NC_037651.1_mrna_XM_026445032.1_24548	1914	1715	1290.88	41.2008
lcl|NC_037651.1_mrna_XM_026445031.1_24549	1802	1603	0	0
lcl|NC_037651.1_mrna_XM_026445030.1_24550	1876	1677	743.329	24.2624
lcl|NC_037651.1_mrna_XM_006560010.3_24551	1799	1600	0	0
lcl|NC_037651.1_miscrna_XR_001705625.1_24552	1269	1070	28.367	1.45116
lcl|NC_037651.1_miscrna_XR_001705620.2_24553	1634	1435	342.236	13.0545
lcl|NC_037651.1_mrna_XM_026445034.1_24554	778	579	0	0
lcl|NC_037651.1_miscrna_XR_003306042.1_24555	1262	1063	0	0
lcl|NC_037651.1_mrna_XM_026445033.1_24556	1048	849	0	0
lcl|NC_037651.1_miscrna_XR_003306044.1_24557	1238	1039	0.0224731	0.00118395
lcl|NC_037651.1_mrna_XM_026445035.1_24558	1024	825	3.45056	0.228939
lcl|NC_037651.1_miscrna_XR_003306043.1_24559	815	616	98.1168	8.71863
lcl|NC_037651.1_miscrna_XR_001705621.2_24560	1477	1278	32.9698	1.41212
lcl|NC_037651.1_miscrna_XR_001705619.1_24561	1164	965	22.8375	1.29541
lcl|NC_037651.1_mrna_XM_026444937.1_24562	2445	2246	132	3.21699
lcl|NC_037651.1_ncrna_XR_003306025.1_24563	4011	3812	0	0
lcl|NC_037651.1_ncrna_XR_003306026.1_24564	3350	3151	47.0042	0.816533
lcl|NC_037651.1_ncrna_XR_003306027.1_24565	2960	2761	49.3523	0.978423
lcl|NC_037651.1_ncrna_XR_001705610.2_24566	3925	3726	0.0160201	0.000235346
lcl|NC_037651.1_ncrna_XR_001705556.2_24567	811	612	0	0
lcl|NC_037651.1_ncrna_XR_408647.3_24568	1749	1550	4.75073	0.16777
lcl|NC_037651.1_ncrna_XR_001705555.2_24569	640	441	2.24927	0.279183
lcl|NC_037651.1_mrna_XM_006560177.3_24570	5414	5215	1000.89	10.5055
lcl|NC_037651.1_mrna_XM_016916230.2_24571	5321	5122	36.0347	0.385094
lcl|NC_037651.1_mrna_XM_026445187.1_24572	5840	5641	169.076	1.64063
lcl|NC_037651.1_ncrna_XR_003306081.1_24573	3516	3317	83	1.36968
lcl|NC_037651.1_mrna_XM_006560179.3_24574	4070	3871	0	0
lcl|NC_037651.1_mrna_XM_006560178.3_24575	4070	3871	0	0
lcl|NC_037651.1_mrna_XM_001119882.5_24576	4002	3803	7.755e-06	1.1162e-07
lcl|NC_037651.1_mrna_XM_006560180.3_24577	3954	3755	71	1.03498
lcl|NC_037651.1_ncrna_XR_408654.2_24578	2508	2309	1	0.0237062
lcl|NC_037651.1_ncrna_XR_003306065.1_24579	2469	2270	0	0
lcl|NC_037651.1_ncrna_XR_003306064.1_24580	3406	3207	3.00022	0.0512082
lcl|NC_037651.1_mrna_XM_391991.5_24581	4400	4201	703.747	9.16957
lcl|NC_037651.1_mrna_XM_006560181.3_24582	11263	11064	155.525	0.769438
lcl|NC_037651.1_mrna_XM_026445134.1_24583	9372	9173	35.2164	0.210145
lcl|NC_037651.1_mrna_XM_026445132.1_24584	12668	12469	539.211	2.36708
lcl|NC_037651.1_mrna_XM_026445133.1_24585	12563	12364	1388.58	6.14748
lcl|NC_037651.1_ncrna_XR_001705541.2_24586	354	155	44.0032	15.5395
lcl|NC_037651.1_mrna_XM_026445135.1_24587	2874	2675	124.496	2.54752
lcl|NC_037651.1_mrna_XM_016916086.2_24588	3756	3557	54.1202	0.832838
lcl|NC_037651.1_mrna_XM_393961.6_24589	3199	3000	1633	29.7955
lcl|NC_037651.1_mrna_XM_026445173.1_24590	3728	3529	0	0
lcl|NC_037651.1_mrna_XM_026445174.1_24591	3747	3548	1.09295	0.0168618
lcl|NC_037651.1_mrna_XM_006560186.3_24592	3493	3294	16.6941	0.277412
lcl|NC_037651.1_miscrna_XR_003306080.1_24593	3740	3541	13.2129	0.204248
lcl|NC_037651.1_mrna_XM_026445172.1_24594	3815	3616	0	0
lcl|NC_037651.1_mrna_XM_003249612.4_24595	2380	2181	539.141	13.5311
lcl|NC_037651.1_mrna_XM_003249611.3_24596	598	399	17412	2388.7
lcl|NC_037651.1_mrna_XM_026444880.1_24597	1393	1194	948.309	43.4741
lcl|NC_037651.1_mrna_NM_001144839.2_24598	596	397	424.691	58.5556
lcl|NC_037651.1_mrna_XM_006560194.3_24599	8089	7890	61.8824	0.429314
lcl|NC_037651.1_mrna_XM_016916085.2_24600	8496	8297	0	0
lcl|NC_037651.1_mrna_XM_006560195.3_24601	7834	7635	423.118	3.03345
lcl|NC_037651.1_miscrna_XR_003306087.1_24602	1350	1151	76	3.61429
lcl|NC_037651.1_miscrna_XR_003306086.1_24603	1352	1153	0	0
lcl|NC_037651.1_mrna_XM_026445190.1_24604	1697	1498	0	0
lcl|NC_037651.1_miscrna_XR_001705495.2_24605	1805	1606	564.603	19.2435
lcl|NC_037651.1_mrna_XM_391994.7_24606	3508	3309	31068.8	513.941
lcl|NC_037651.1_mrna_XM_006560189.3_24607	3180	2981	16039.6	294.521
lcl|NC_037651.1_mrna_XM_393962.6_24608	1557	1358	4	0.16123
lcl|NC_037651.1_mrna_XM_006560197.3_24609	3018	2819	9.15954e-07	1.77854e-08
lcl|NC_037651.1_mrna_XM_393963.6_24610	3653	3454	12581	199.378
lcl|NC_037651.1_ncrna_XR_001705494.2_24611	5042	4843	87	0.983309
lcl|NC_037651.1_ncrna_XR_119935.4_24612	4966	4767	0	0
lcl|NC_037651.1_mrna_XM_016916237.2_24613	3177	2978	0	0
lcl|NC_037651.1_mrna_XM_006560200.3_24614	3327	3128	59.5276	1.04169
lcl|NC_037651.1_mrna_XM_016916235.2_24615	3308	3109	980.451	17.262
lcl|NC_037651.1_mrna_XM_016916236.2_24616	3236	3037	0	0
lcl|NC_037651.1_mrna_XM_006560199.3_24617	3391	3192	606.022	10.3923
lcl|NC_037651.1_mrna_XM_001121713.5_24618	1672	1473	320.243	11.9004
lcl|NC_037651.1_mrna_XM_003249613.4_24619	1690	1491	623.757	22.8993
lcl|NC_037651.1_mrna_XM_026444948.1_24620	1812	1613	2	0.0678705
lcl|NC_037651.1_mrna_NM_001134947.1_24621	1760	1561	1	0.0350657
lcl|NC_037651.1_mrna_XM_026444868.1_24622	1857	1658	0	0
lcl|NC_037651.1_mrna_XM_006560174.3_24623	2025	1826	0	0
lcl|NC_037651.1_mrna_NM_001077817.1_24624	1194	995	2	0.110025
lcl|NC_037651.1_ncrna_XR_001705566.2_24625	3073	2874	4.02758	0.0767083
lcl|NC_037651.1_ncrna_XR_003306028.1_24626	3048	2849	15.0216	0.288608
lcl|NC_037651.1_ncrna_XR_003306030.1_24627	3051	2852	3.98007	0.0763882
lcl|NC_037651.1_ncrna_XR_003306029.1_24628	2046	1847	0	0
lcl|NC_037651.1_mrna_XM_026445011.1_24629	2071	1872	534.652	15.6333
lcl|NC_037651.1_mrna_XM_026445012.1_24630	2813	2614	130.348	2.7295
lcl|NC_037651.1_mrna_XM_003249616.4_24631	809	610	17.9734	1.61282
lcl|NC_037651.1_mrna_XM_016916402.2_24632	1380	1181	46.6457	2.16195
lcl|NC_037651.1_mrna_XM_003249614.4_24633	995	796	0	0
lcl|NC_037651.1_mrna_XM_016916403.2_24634	1126	927	11.5397	0.681396
lcl|NC_037651.1_mrna_XM_016916404.2_24635	776	577	0	0
lcl|NC_037651.1_mrna_XM_006560202.3_24636	813	614	89.8413	8.00927
lcl|NC_037651.1_miscrna_XR_001705618.2_24637	2013	1814	147.451	4.44935
lcl|NC_037651.1_mrna_XM_026445022.1_24638	2068	1869	233.901	6.85029
lcl|NC_037651.1_mrna_XM_016916406.2_24639	2500	2301	513.949	12.2261
lcl|NC_037651.1_mrna_XM_395774.7_24640	2484	2285	364.022	8.72022
lcl|NC_037651.1_mrna_XM_006560207.3_24641	2201	2002	83.6754	2.28781
lcl|NC_037651.1_mrna_XM_006560208.3_24642	1497	1298	3	0.126512
lcl|NC_037651.1_mrna_XM_003249607.4_24643	1547	1348	0	0
lcl|NC_037651.1_mrna_XM_001120040.5_24644	1690	1491	360	13.2163
lcl|NC_037651.1_mrna_XM_006560209.3_24645	3013	2814	56	1.0893
lcl|NC_037651.1_mrna_XM_006560245.3_24646	1108	909	28	1.68608
lcl|NC_037651.1_mrna_XM_001120159.5_24647	2251	2052	1285	34.2777
lcl|NC_037651.1_mrna_XM_006560211.3_24648	3501	3302	99.3984	1.64774
lcl|NC_037651.1_mrna_XM_006560210.3_24649	3609	3410	399.085	6.40613
lcl|NC_037651.1_mrna_XM_392847.7_24650	3608	3409	577.851	9.27842
lcl|NC_037651.1_mrna_XM_003249618.3_24651	1939	1740	75.6659	2.38033
lcl|NC_037651.1_mrna_XM_026445167.1_24652	1795	1596	0	0
lcl|NC_037651.1_mrna_XM_624093.5_24653	1587	1388	33	1.3014
lcl|NC_037651.1_mrna_XM_003249617.3_24654	2310	2111	101	2.6189
lcl|NC_037651.1_mrna_XM_006560215.3_24655	2264	2065	0	0
lcl|NC_037651.1_mrna_XM_026445168.1_24656	1684	1485	2.22139e-07	8.1881e-09
lcl|NC_037651.1_mrna_XM_001120439.5_24657	1792	1593	305	10.4802
lcl|NC_037651.1_mrna_XM_006560212.3_24658	1714	1515	0	0
lcl|NC_037651.1_mrna_XM_026445170.1_24659	5885	5686	3401.85	32.7487
lcl|NC_037651.1_mrna_XM_026445171.1_24660	5929	5730	0.202691	0.00193626
lcl|NC_037651.1_mrna_XM_026445169.1_24661	5922	5723	0.94798	0.00906694
lcl|NC_037651.1_mrna_XM_001120537.5_24662	2351	2152	535	13.6081
lcl|NC_037651.1_mrna_XM_006560216.3_24663	2380	2181	2.46516e-05	6.18692e-07
lcl|NC_037651.1_mrna_XM_026444890.1_24664	1102	903	0	0
lcl|NC_037651.1_mrna_XM_026444889.1_24665	1157	958	81.1121	4.63453
lcl|NC_037651.1_mrna_XM_026444888.1_24666	1260	1061	30.4117	1.56895
lcl|NC_037651.1_mrna_NM_001177903.1_24667	404	205	47.7671	12.7544
lcl|NC_037651.1_ncrna_XR_003306079.1_24668	295	96.0001	6.70915	3.82544
lcl|NC_037651.1_mrna_XM_624818.6_24669	1378	1179	15038	698.171
lcl|NC_037651.1_ncrna_XR_003306100.1_24670	77	3.63627	0	0
lcl|NC_037651.1_mrna_XM_624798.6_24671	695	496	1247.39	137.66
lcl|NC_037651.1_mrna_XM_026444959.1_24672	5541	5342	2.89984e-07	2.97136e-09
lcl|NC_037651.1_mrna_XM_026444958.1_24673	5623	5424	215.21	2.17184
lcl|NC_037651.1_mrna_XM_026444956.1_24674	5695	5496	26.198	0.26092
lcl|NC_037651.1_mrna_XM_026444960.1_24675	5450	5251	0.408021	0.0042533
lcl|NC_037651.1_mrna_XM_016916363.2_24676	5679	5480	822.793	8.21855
lcl|NC_037651.1_mrna_XM_016916364.2_24677	1621	1422	672	25.8675
lcl|NC_037651.1_mrna_XM_026444944.1_24678	5534	5335	155.81	1.59862
lcl|NC_037651.1_mrna_XM_026444945.1_24679	5177	4978	322.591	3.54717
lcl|NC_037651.1_mrna_XM_026444946.1_24680	5135	4936	0.0665253	0.000737729
lcl|NC_037651.1_mrna_XM_026444942.1_24681	5552	5353	717.276	7.33457
lcl|NC_037651.1_mrna_XM_026444943.1_24682	5537	5338	92.2565	0.946028
lcl|NC_037651.1_mrna_XM_016916329.2_24683	737	538	0	0
lcl|NC_037651.1_mrna_XM_016916330.2_24684	725	526	5	0.520319
lcl|NC_037651.1_mrna_XM_026444886.1_24685	1185	986	48.9919	2.71978
lcl|NC_037651.1_mrna_NM_001242457.1_24686	539	340	296.106	47.671
lcl|NC_037651.1_mrna_NM_001242456.1_24687	2801	2602	223.902	4.71016
lcl|NC_037651.1_mrna_XM_006560217.3_24688	1991	1792	1186.43	36.2401
lcl|NC_037651.1_mrna_XM_623368.6_24689	1908	1709	1318.37	42.2261
lcl|NC_037651.1_mrna_XM_006560219.3_24690	1698	1499	1020.63	37.2693
lcl|NC_037651.1_mrna_XM_006560224.3_24691	1282	1083	470.87	23.7989
lcl|NC_037651.1_mrna_XM_006560223.3_24692	1121	922	312.13	18.5306
lcl|NC_037651.1_mrna_XM_006560220.3_24693	2102	1903	90.2974	2.5973
lcl|NC_037651.1_mrna_XM_026444935.1_24694	2138	1939	373.703	10.5495
lcl|NC_037651.1_mrna_XM_396879.6_24695	1535	1336	1326	54.3278
lcl|NC_037651.1_mrna_XM_397572.7_24696	3283	3084	913	16.2047
lcl|NC_037651.1_mrna_XM_016916313.2_24697	2481	2282	173	4.14969
lcl|NC_037651.1_mrna_XM_393964.6_24698	3168	2969	1950	35.9509
lcl|NC_037651.1_mrna_XM_016916314.2_24699	1154	955	19204	1100.71
lcl|NC_037651.1_mrna_XM_391996.6_24700	2253	2054	660	17.5885
lcl|NC_037651.1_mrna_XM_393966.5_24701	8919	8720	6561.79	41.1899
lcl|NC_037651.1_ncrna_XR_003306096.1_24702	1228	1029	0	0
lcl|NC_037651.1_ncrna_XR_408673.3_24703	1240	1041	0	0
lcl|NC_037651.1_ncrna_XR_001705575.2_24704	1197	998	30	1.64542
lcl|NC_037651.1_mrna_XM_016916251.2_24705	3043	2844	1809.82	34.833
lcl|NC_037651.1_mrna_XM_006560227.3_24706	2889	2690	2358.18	47.9855
lcl|NC_037651.1_mrna_XM_396561.4_24707	1357	1158	658	31.103
lcl|NC_037651.1_mrna_XM_006560170.3_24708	6332	6133	178.434	1.59254
lcl|NC_037651.1_mrna_XM_006560173.3_24709	6143	5944	59.8623	0.551264
lcl|NC_037651.1_mrna_XM_026444874.1_24710	5968	5769	0.0253877	0.000240884
lcl|NC_037651.1_mrna_XM_016915985.2_24711	5945	5746	18.6908	0.178052
lcl|NC_037651.1_mrna_XM_016915984.2_24712	5924	5725	0.301935	0.00288684
lcl|NC_037651.1_mrna_XM_016915983.2_24713	5973	5774	0.828676	0.00785585
lcl|NC_037651.1_mrna_XM_016915981.2_24714	6002	5803	143.165	1.35042
lcl|NC_037651.1_mrna_XM_006560168.3_24715	6038	5839	5.37047	0.0503453
lcl|NC_037651.1_mrna_XM_016915982.2_24716	5990	5791	45.118	0.426463
lcl|NC_037651.1_mrna_XM_006560169.3_24717	6026	5827	1.68743	0.0158513
lcl|NC_037651.1_mrna_NM_001077809.1_24718	1344	1145	0	0
lcl|NC_037651.1_precursorrna_NR_039485.1_24719	104	4.40283	0	0
lcl|NC_037651.1_ncrna_24720	23	2.74792	0	0
lcl|NC_037651.1_mrna_XM_006560228.3_24721	1432	1233	4285	190.227
lcl|NC_037651.1_mrna_XM_003249598.4_24722	546	347	203.994	32.179
lcl|NC_037651.1_mrna_XM_006560232.3_24723	381	182	28.0061	8.42298
lcl|NC_037651.1_mrna_XM_006560229.3_24724	997	798	203.995	13.9927
lcl|NC_037651.1_mrna_XM_006560230.3_24725	939	740	3.70041	0.273718
lcl|NC_037651.1_mrna_XM_016916409.2_24726	891	692	0.715548	0.0566002
lcl|NC_037651.1_mrna_XM_003249609.4_24727	896	697	23.5893	1.85254
lcl|NC_037651.1_trna_24728	74	3.56892	0	0
lcl|NC_037651.1_mrna_XM_001121159.5_24729	575	376	216	31.445
lcl|NC_037651.1_mrna_XM_003249599.4_24730	3659	3460	4.60205e-08	7.28049e-10
lcl|NC_037651.1_mrna_XM_006560244.3_24731	1975	1776	81.6764	2.51732
lcl|NC_037651.1_mrna_XM_016916185.2_24732	3133	2934	326.324	6.08799
lcl|NC_037651.1_miscrna_XR_003306061.1_24733	1775	1576	16.0407	0.557125
lcl|NC_037651.1_mrna_XM_026445131.1_24734	989	790	1.95929	0.135755
lcl|NC_037651.1_mrna_XM_003249602.4_24735	793	594	0	0
lcl|NC_037651.1_ncrna_XR_001705531.2_24736	1613	1414	16	0.619378
lcl|NC_037651.1_ncrna_XR_003306063.1_24737	910	711	0	0
lcl|NC_037651.1_ncrna_XR_003306062.1_24738	1048	849	4	0.257892
lcl|NC_037651.1_mrna_XM_026445129.1_24739	1438	1239	5	0.220894
lcl|NC_037651.1_mrna_XM_026445130.1_24740	1760	1561	0	0
lcl|NC_037651.1_mrna_XM_026445127.1_24741	3378	3179	957.802	16.4919
lcl|NC_037651.1_mrna_XM_026445126.1_24742	3336	3137	569.849	9.9433
lcl|NC_037651.1_mrna_XM_026445128.1_24743	3302	3103	1789.07	31.5596
lcl|NC_037651.1_mrna_XM_006560237.3_24744	4208	4009	1131.83	15.4536
lcl|NC_037651.1_ncrna_XR_003306053.1_24745	750	551	0	0
lcl|NC_037651.1_mrna_XM_392812.7_24746	610	411	6634	883.525
lcl|NC_037651.1_mrna_XM_003250765.4_24747	1105	906	104.911	6.33835
lcl|NC_037651.1_mrna_XM_001122107.5_24748	1004	805	425.089	28.9048
lcl|NC_037651.1_mrna_XM_026445137.1_24749	2613	2414	234.363	5.31419
lcl|NC_037651.1_mrna_XM_006565976.3_24750	2291	2092	0	0
lcl|NC_037651.1_mrna_XM_006565978.3_24751	2478	2279	203.637	4.891
lcl|NC_037651.1_mrna_XM_006565975.2_24752	1871	1672	0	0
lcl|NC_037651.1_mrna_XM_006565973.3_24753	5392	5193	2143.22	22.5909
lcl|NC_037651.1_mrna_XM_006565974.3_24754	5454	5255	552.455	5.75453
lcl|NC_037651.1_mrna_XM_016914427.2_24755	5460	5261	1072.32	11.1569
lcl|NC_037651.1_mrna_XM_623669.4_24756	1898	1699	4405	141.918
lcl|NC_037651.1_mrna_XM_026445138.1_24757	3721	3522	2268	35.2484
lcl|NC_037651.1_ncrna_XR_410417.3_24758	705	506	3.88094	0.419828
lcl|NC_037651.1_mrna_XM_001123348.5_24759	1207	1008	194.119	10.5413
lcl|NC_037651.1_mrna_XM_026445141.1_24760	660	461	41	4.8682
lcl|NC_037651.1_mrna_XM_026445140.1_24761	4741	4542	504.013	6.07407
lcl|NC_037651.1_mrna_XM_026445139.1_24762	3233	3034	85.9873	1.55133
lcl|NC_037651.1_mrna_XM_006565967.3_24763	2825	2626	329.606	6.87045
lcl|NC_037651.1_mrna_XM_006565965.3_24764	3284	3085	708	12.5621
lcl|NC_037651.1_mrna_XM_396426.7_24765	1785	1586	452	15.5999
lcl|NC_037651.1_mrna_XM_003250748.4_24766	1808	1609	73	2.48343
lcl|NC_037651.1_mrna_XM_624637.6_24767	943	744	845	62.1683
lcl|NC_037651.1_mrna_XM_001123355.5_24768	2419	2220	616.859	15.2096
lcl|NC_037651.1_mrna_XM_006565956.3_24769	2335	2136	3135.14	80.3417
lcl|NC_037651.1_mrna_XM_006565957.3_24770	1480	1281	27.5472	1.1771
lcl|NC_037651.1_mrna_XM_001123357.5_24771	1721	1522	386.453	13.8985
lcl|NC_037651.1_mrna_XM_006566222.3_24772	4045	3846	347.388	4.94414
lcl|NC_037651.1_mrna_XM_016914417.2_24773	4042	3843	1.39685	0.019896
lcl|NC_037651.1_mrna_XM_016914418.2_24774	3946	3747	76.2154	1.11338
lcl|NC_037651.1_mrna_XM_026445166.1_24775	1071	872	103.458	6.49428
lcl|NC_037651.1_mrna_XM_016914419.2_24776	894	695	55.5424	4.37446
lcl|NC_037651.1_mrna_XM_026445164.1_24777	5424	5225	1161.81	12.1712
lcl|NC_037651.1_mrna_XM_026445162.1_24778	5556	5357	459.346	4.69357
lcl|NC_037651.1_mrna_XM_026445158.1_24779	7136	6937	30.0725	0.237292
lcl|NC_037651.1_mrna_XM_026445161.1_24780	5879	5680	2920.4	28.1436
lcl|NC_037651.1_mrna_XM_026445165.1_24781	5699	5500	551.977	5.49343
lcl|NC_037651.1_mrna_XM_026445163.1_24782	5685	5486	751.353	7.49675
lcl|NC_037651.1_mrna_XM_026445159.1_24783	6986	6787	1045.54	8.43235
lcl|NC_037651.1_mrna_XM_026445160.1_24784	7040	6841	2643.67	21.153
lcl|NC_037651.1_mrna_XM_006565955.3_24785	2285	2086	381.015	9.99799
lcl|NC_037651.1_mrna_XM_623971.6_24786	2709	2510	232.37	5.06747
lcl|NC_037651.1_mrna_XM_006565954.3_24787	2604	2405	42.6157	0.969928
lcl|NC_037651.1_mrna_XM_016916051.2_24788	4166	3967	8.08287	0.111529
lcl|NC_037651.1_mrna_XM_016916050.2_24789	4640	4441	0	0
lcl|NC_037651.1_mrna_XM_026445122.1_24790	4347	4148	22.9171	0.302417
lcl|NC_037651.1_mrna_XM_006562299.3_24791	13434	13235	902.082	3.73084
lcl|NC_037651.1_mrna_XM_006562296.3_24792	2903	2704	0	0
lcl|NC_037651.1_mrna_XM_006562298.3_24793	2865	2666	10.6876	0.219435
lcl|NC_037651.1_mrna_XM_006562297.3_24794	5442	5243	31.5346	0.329225
lcl|NC_037651.1_ncrna_XR_409381.3_24795	879	680	0	0
lcl|NC_037651.1_ncrna_XR_003306076.1_24796	1207	1008	0	0
lcl|NC_037651.1_ncrna_XR_003306075.1_24797	1384	1185	0	0
lcl|NC_037651.1_ncrna_XR_001705483.2_24798	3385	3186	18.0676	0.310414
lcl|NC_037651.1_mrna_XM_006562294.3_24799	6067	5868	181.895	1.69675
lcl|NC_037651.1_mrna_XM_006562293.3_24800	6148	5949	0	0
lcl|NC_037651.1_mrna_XM_006562295.3_24801	4917	4718	0.104666	0.00121432
lcl|NC_037651.1_miscrna_XR_003306073.1_24802	1443	1244	0	0
lcl|NC_037651.1_miscrna_XR_001705481.2_24803	1575	1376	3.06459	0.12191
lcl|NC_037651.1_mrna_XM_006562292.3_24804	1126	927	12.5461	0.740825
lcl|NC_037651.1_miscrna_XR_001705478.2_24805	1658	1459	0	0
lcl|NC_037651.1_miscrna_XR_003306074.1_24806	1208	1009	0	0
lcl|NC_037651.1_mrna_XM_392000.7_24807	2154	1955	44020	1232.5
lcl|NC_037651.1_mrna_XM_026445177.1_24808	5533	5334	170076	1745.32
lcl|NC_037651.1_ncrna_XR_003306098.1_24809	1234	1035	2796	147.871
lcl|NC_037651.1_mrna_XM_006562300.3_24810	1714	1515	16538	597.524
lcl|NC_037651.1_precursorrna_NR_034284.1_24811	100	4.26726	0	0
lcl|NC_037651.1_ncrna_24812	22	2.73612	0	0
lcl|NC_037651.1_ncrna_XR_003306097.1_24813	2368	2169	318.56	8.03928
lcl|NC_037651.1_mrna_XM_006562301.3_24814	1759	1560	176841	6205.03
lcl|NC_037651.1_mrna_XM_006562304.3_24815	6826	6627	275.468	2.27531
lcl|NC_037651.1_mrna_XM_624231.6_24816	6832	6633	5939.42	49.0139
lcl|NC_037651.1_mrna_XM_006562305.3_24817	6482	6283	1527.22	13.3051
lcl|NC_037651.1_mrna_XM_006562302.3_24818	1737	1538	40	1.4236
lcl|NC_037651.1_mrna_XM_026445178.1_24819	1191	992	44	2.42787
lcl|NC_037651.1_mrna_XM_026445205.1_24820	3741	3542	416.134	6.43087
lcl|NC_037651.1_mrna_XM_026445203.1_24821	3759	3560	124.1	1.90813
lcl|NC_037651.1_mrna_XM_026445204.1_24822	3996	3797	58.7663	0.847174
lcl|NC_037651.1_mrna_XM_624073.5_24823	981	782	49340	3453.64
lcl|NC_037651.1_mrna_XM_026445206.1_24824	1031	832	45675	3004.97
lcl|NC_037651.1_mrna_XM_395732.6_24825	1554	1355	121	4.888
lcl|NC_037651.1_mrna_XM_392923.7_24826	3306	3107	1511	26.62
lcl|NC_037651.1_mrna_XM_016916312.2_24827	2023	1824	246.742	7.40463
lcl|NC_037651.1_mrna_XM_006562308.3_24828	1915	1716	363.258	11.5873
lcl|NC_037651.1_mrna_XM_001121796.5_24829	1280	1081	114	5.77251
lcl|NC_037651.1_mrna_XM_395130.7_24830	1787	1588	1428	49.2224
lcl|NC_037651.1_mrna_XM_395129.7_24831	3023	2824	1126.95	21.8437
lcl|NC_037651.1_mrna_XM_016916311.1_24832	3296	3097	590.047	10.4287
lcl|NC_037651.1_mrna_XM_001121836.5_24833	1938	1739	15	0.472147
lcl|NC_037651.1_mrna_XM_006562311.3_24834	2314	2115	67.973	1.75918
lcl|NC_037651.1_mrna_XM_006562312.3_24835	2126	1927	0.000227291	6.45633e-06
lcl|NC_037651.1_mrna_XM_006562313.3_24836	2088	1889	178.401	5.16953
lcl|NC_037651.1_mrna_XM_623820.6_24837	2141	1942	116.815	3.29256
lcl|NC_037651.1_mrna_XM_026445044.1_24838	1953	1754	0.000118364	3.69382e-06
lcl|NC_037651.1_mrna_XM_006562314.2_24839	1914	1715	730.7	23.3217
lcl|NC_037651.1_mrna_XM_016916412.2_24840	1926	1727	0.110188	0.00349243
lcl|NC_037651.1_mrna_NM_001011627.1_24841	2482	2283	193	4.6274
lcl|NC_037651.1_mrna_XM_392818.7_24842	2143	1944	2935	82.6413
lcl|NC_037651.1_mrna_XM_016916047.2_24843	899	700	0	0
lcl|NC_037651.1_mrna_XM_623724.5_24844	1566	1367	96919	3880.84
lcl|NC_037651.1_mrna_XM_016916318.2_24845	2137	1938	0.548133	0.0154817
lcl|NC_037651.1_mrna_XM_006562316.3_24846	2245	2046	83.5564	2.23542
lcl|NC_037651.1_mrna_XM_016916317.2_24847	2226	2027	0.136501	0.0036861
lcl|NC_037651.1_mrna_XM_026444936.1_24848	2334	2135	18.6964	0.479342
lcl|NC_037651.1_mrna_XM_016916316.2_24849	1520	1321	63.1327	2.616
lcl|NC_037651.1_mrna_XM_016916315.2_24850	1609	1410	0	0
lcl|NC_037651.1_mrna_XM_001121913.5_24851	1376	1177	5.92986	0.275774
lcl|NC_037651.1_precursorrna_NR_039486.1_24852	138	6.07083	0	0
lcl|NC_037651.1_ncrna_24853	21	2.72438	0	0
lcl|NC_037651.1_ncrna_XR_003306024.1_24854	1724	1525	8	0.287148
lcl|NC_037651.1_mrna_XM_623125.6_24855	1436	1237	2167	95.8903
lcl|NC_037651.1_mrna_XM_006562323.3_24856	2706	2507	173.037	3.77807
lcl|NC_037651.1_mrna_XM_006562322.3_24857	2713	2514	397.123	8.64659
lcl|NC_037651.1_mrna_XM_006562321.3_24858	2719	2520	338.84	7.36003
lcl|NC_037651.1_mrna_XM_006562318.3_24859	4460	4261	0	0
lcl|NC_037651.1_mrna_XM_006562319.3_24860	4412	4213	0	0
lcl|NC_037651.1_mrna_XM_396078.7_24861	4277	4078	129.92	1.74387
lcl|NC_037651.1_mrna_XM_006562320.3_24862	4349	4150	1.61211e-06	2.12633e-08
lcl|NC_037651.1_mrna_XM_016916324.2_24863	4283	4084	144.746	1.94002
lcl|NC_037651.1_mrna_XM_016916327.2_24864	1114	915	12.3337	0.737834
lcl|NC_037651.1_mrna_XM_026445250.1_24865	2771	2572	249	5.29924
lcl|NC_037651.1_mrna_XM_625025.6_24866	1643	1444	87	3.2979
lcl|NC_037651.1_mrna_XM_016915078.2_24867	493	294	0	0
lcl|NC_037651.1_mrna_XM_006564950.3_24868	1834	1635	289.752	9.70051
lcl|NC_037651.1_mrna_XM_016917954.2_24869	1882	1683	701.248	22.8072
lcl|NC_037651.1_mrna_XM_006564951.3_24870	2805	2606	848	17.8118
lcl|NC_037651.1_mrna_XM_026444995.1_24871	3905	3706	48	0.708959
lcl|NC_037651.1_mrna_XM_016917845.2_24872	4707	4508	32.3275	0.39253
lcl|NC_037651.1_mrna_XM_016917846.2_24873	4638	4439	3843.67	47.3965
lcl|NC_037651.1_ncrna_XR_003306037.1_24874	537	338	2	0.323891
lcl|NC_037651.1_mrna_XM_006564955.3_24875	2341	2142	17	0.434425
lcl|NC_037651.1_mrna_XM_026445105.1_24876	1894	1695	0	0
lcl|NC_037651.1_mrna_XM_016917860.2_24877	2067	1868	840.438	24.6272
lcl|NC_037651.1_mrna_XM_006564957.3_24878	2213	2014	1103.56	29.9932
lcl|NC_037651.1_mrna_XM_001121271.5_24879	2001	1802	4049.56	123.009
lcl|NC_037651.1_mrna_XM_016917861.2_24880	1993	1794	1.4383	0.0438845
lcl|NC_037651.1_mrna_XM_026445123.1_24881	1894	1695	1062.85	34.3232
lcl|NC_037651.1_mrna_XM_006564959.3_24882	2284	2085	4571.02	120.003
lcl|NC_037651.1_mrna_XM_016917932.2_24883	2421	2222	399.995	9.85363
lcl|NC_037651.1_mrna_XM_006564958.3_24884	2493	2294	2638.14	62.9491
lcl|NC_037651.1_mrna_XM_026445043.1_24885	1239	1040	38.8532	2.04493
lcl|NC_037651.1_mrna_XM_006564961.3_24886	1419	1220	244	10.9475
lcl|NC_037651.1_mrna_XM_396520.6_24887	2851	2652	1858	38.3493
lcl|NC_037651.1_ncrna_XR_410085.3_24888	323	124	1	0.441432
lcl|NC_037651.1_mrna_XM_003250512.4_24889	2917	2718	1681	33.8535
lcl|NC_037651.1_mrna_XM_006564963.3_24890	1296	1097	133	6.63637
lcl|NC_037651.1_mrna_XM_006564962.3_24891	612	413	91	12.0608
lcl|NC_037651.1_mrna_XM_006564964.3_24892	4133	3934	639.37	8.89618
lcl|NC_037651.1_mrna_XM_006564965.3_24893	4018	3819	0.00553118	7.92782e-05
lcl|NC_037651.1_mrna_XM_016912463.2_24894	4177	3978	47.6241	0.655311
lcl|NC_037651.1_mrna_XM_016912468.2_24895	4113	3914	0	0
lcl|NC_037651.1_mrna_XM_026445235.1_24896	3176	2977	0	0
lcl|NC_037651.1_mrna_XM_026445236.1_24897	3164	2965	49.9563	0.922255
lcl|NC_037651.1_mrna_XM_026445237.1_24898	3161	2962	0	0
lcl|NC_037651.1_mrna_XM_026445238.1_24899	3155	2956	0	0
lcl|NC_037651.1_mrna_XM_026445240.1_24900	3143	2944	0	0
lcl|NC_037651.1_mrna_XM_026445241.1_24901	3140	2941	0	0
lcl|NC_037651.1_mrna_XM_026445243.1_24902	3426	3227	100.531	1.70524
lcl|NC_037651.1_mrna_XM_026445239.1_24903	3149	2950	0	0
lcl|NC_037651.1_mrna_XM_026445242.1_24904	3437	3238	300.513	5.08009
lcl|NC_037651.1_mrna_XM_624496.6_24905	1483	1284	554	23.6173
lcl|NC_037651.1_mrna_XM_006563071.3_24906	1267	1068	4421.34	226.604
lcl|NC_037651.1_mrna_XM_006563072.3_24907	1250	1051	681.655	35.5016
lcl|NC_037651.1_mrna_XM_393385.7_24908	1746	1547	452.744	16.0194
lcl|NC_037651.1_miscrna_XR_003306052.1_24909	1593	1394	286.749	11.2596
lcl|NC_037651.1_miscrna_XR_001705574.2_24910	1685	1486	36.5074	1.34477
lcl|NC_037651.1_mrna_XM_624466.5_24911	1197	998	1225	67.1879
lcl|NC_037651.1_mrna_XM_001123195.5_24912	2880	2681	709.419	14.4841
lcl|NC_037651.1_mrna_XM_006563068.3_24913	3037	2838	2753.58	53.1093
lcl|NC_037651.1_mrna_XM_003250150.4_24914	1227	1028	18	0.958439
lcl|NC_037651.1_mrna_XM_001122623.5_24915	3207	3008	1913	34.8115
lcl|NC_037651.1_mrna_XM_006563067.2_24916	1179	980	220.876	12.337
lcl|NC_037651.1_mrna_XM_395781.7_24917	1292	1093	203.124	10.1725
lcl|NC_037651.1_mrna_XM_623080.5_24918	4240	4041	3311.86	44.8609
lcl|NC_037651.1_mrna_XM_006563066.2_24919	4033	3834	8969.14	128.051
lcl|NC_037651.1_mrna_XM_006563065.2_24920	1681	1482	595	21.9763
lcl|NC_037651.1_mrna_XM_001122583.5_24921	2963	2764	2506	49.6282
lcl|NC_037651.1_mrna_XM_001122678.5_24922	1903	1704	274	8.80169
lcl|NC_037651.1_mrna_XM_026444974.1_24923	4183	3984	2707.27	37.1961
lcl|NC_037651.1_mrna_XM_026444975.1_24924	4052	3853	0.958814	0.0136214
lcl|NC_037651.1_mrna_XM_026444973.1_24925	4163	3964	991.773	13.6951
lcl|NC_037651.1_mrna_XM_026445107.1_24926	2442	2243	230	5.61286
lcl|NC_037651.1_mrna_XM_006563060.3_24927	755	556	2255	222.002
lcl|NC_037651.1_mrna_XM_006563055.3_24928	6283	6084	1143.83	10.291
lcl|NC_037651.1_mrna_XM_016916209.2_24929	6144	5945	229.092	2.10933
lcl|NC_037651.1_mrna_XM_392608.7_24930	6422	6223	1117.33	9.82802
lcl|NC_037651.1_mrna_XM_006563054.3_24931	6404	6205	538.169	4.74747
lcl|NC_037651.1_mrna_XM_016916208.2_24932	6337	6138	55.6272	0.496073
lcl|NC_037651.1_mrna_XM_006563057.3_24933	6262	6063	386.949	3.49342
lcl|NC_037651.1_mrna_XM_016916207.2_24934	6326	6127	0.000320639	2.86454e-06
lcl|NC_037651.1_mrna_XM_026444891.1_24935	881	682	13	1.04338
lcl|NC_037651.1_mrna_XM_026444933.1_24936	3274	3075	0.748789	0.0133291
lcl|NC_037651.1_mrna_XM_026444934.1_24937	3215	3016	180.735	3.28016
lcl|NC_037651.1_mrna_XM_026444932.1_24938	3260	3061	387.026	6.92089
lcl|NC_037651.1_mrna_XM_026444931.1_24939	3200	3001	960.491	17.5191
lcl|NC_037651.1_mrna_XM_026445179.1_24940	2098	1899	722.333	20.8208
lcl|NC_037651.1_mrna_XM_006563048.3_24941	2184	1985	0	0
lcl|NC_037651.1_mrna_XM_006563047.3_24942	2208	2009	2375	64.7096
lcl|NC_037651.1_mrna_XM_006563050.3_24943	2143	1944	0	0
lcl|NC_037651.1_mrna_XM_006563051.3_24944	1942	1743	43.0272	1.35124
lcl|NC_037651.1_mrna_XM_006563052.3_24945	2043	1844	154.949	4.59952
lcl|NC_037651.1_mrna_XM_623943.6_24946	2031	1832	1617.02	48.3144
lcl|NC_037651.1_mrna_XM_624009.6_24947	2643	2444	455	10.1905
lcl|NC_037651.1_mrna_XM_006563044.3_24948	1421	1222	921.526	41.2783
lcl|NC_037651.1_mrna_XM_016916434.2_24949	1374	1175	0.474212	0.0220912
lcl|NC_037651.1_mrna_XM_006563045.3_24950	1433	1234	0	0
lcl|NC_037651.1_mrna_XM_026445136.1_24951	1114	915	182.45	10.9146
lcl|NC_037651.1_mrna_XM_006563042.2_24952	1082	883	289.808	17.9653
lcl|NC_037651.1_mrna_XM_003250149.4_24953	1118	919	0.741977	0.0441937
lcl|NC_037651.1_mrna_XM_026445098.1_24954	5781	5582	20	0.196122
lcl|NC_037651.1_mrna_XM_026445101.1_24955	5894	5695	0	0
lcl|NC_037651.1_mrna_XM_026445100.1_24956	5943	5744	0	0
lcl|NC_037651.1_mrna_XM_026445099.1_24957	6057	5858	0	0
lcl|NC_037651.1_mrna_XM_026445102.1_24958	4755	4556	0	0
lcl|NC_037651.1_mrna_XM_001119944.5_24959	618	419	324.877	42.4414
lcl|NC_037651.1_mrna_XM_006563036.3_24960	606	407	249.833	33.6002
lcl|NC_037651.1_mrna_XM_006563035.3_24961	687	488	28.2899	3.17319
lcl|NC_037651.1_mrna_XM_623586.6_24962	1227	1028	293	15.6013
lcl|NC_037651.1_mrna_XM_026444879.1_24963	3575	3376	0	0
lcl|NC_037651.1_mrna_NM_001165906.1_24964	3737	3538	3148.65	48.7138
lcl|NC_037651.1_mrna_XM_026444877.1_24965	2833	2634	0	0
lcl|NC_037651.1_mrna_XM_026444876.1_24966	2859	2660	8.29554	0.170706
lcl|NC_037651.1_mrna_XM_026444878.1_24967	2632	2433	0	0
lcl|NC_037651.1_mrna_XM_006563034.2_24968	2134	1935	527	14.9078
lcl|NC_037651.1_mrna_XM_026444971.1_24969	2219	2020	0.00816813	0.000221338
lcl|NC_037651.1_mrna_XM_026444970.1_24970	2361	2162	11012.6	278.817
lcl|NC_037651.1_mrna_XM_026444972.1_24971	2117	1918	0.410947	0.011728
lcl|NC_037651.1_mrna_XM_006563030.3_24972	1729	1530	103.568	3.70528
lcl|NC_037651.1_mrna_XM_006563031.3_24973	1714	1515	723.432	26.1379
lcl|NC_037651.1_mrna_XM_026445210.1_24974	2225	2026	370.786	10.0177
lcl|NC_037651.1_mrna_XM_006563022.3_24975	2077	1878	37.8918	1.10442
lcl|NC_037651.1_mrna_XM_006563023.3_24976	2191	1992	130.729	3.59226
lcl|NC_037651.1_mrna_XM_006563027.3_24977	2119	1920	53.3438	1.52079
lcl|NC_037651.1_mrna_XM_006563028.3_24978	2067	1868	16.8753	0.494494
lcl|NC_037651.1_mrna_XM_006563025.3_24979	2123	1924	0	0
lcl|NC_037651.1_mrna_XM_001120579.5_24980	972	773	343.374	24.3149
lcl|NC_037651.1_mrna_XM_026445211.1_24981	1316	1117	77	3.77331
lcl|NC_037651.1_mrna_XM_026445212.1_24982	8591	8392	75.3165	0.491258
lcl|NC_037651.1_mrna_XM_026445223.1_24983	8525	8326	31.7829	0.20895
lcl|NC_037651.1_mrna_XM_026445215.1_24984	8714	8515	0	0
lcl|NC_037651.1_mrna_XM_026445214.1_24985	8729	8530	0	0
lcl|NC_037651.1_mrna_XM_026445220.1_24986	8657	8458	2.30619e-07	1.4925e-09
lcl|NC_037651.1_mrna_XM_026445213.1_24987	8729	8530	0	0
lcl|NC_037651.1_mrna_XM_026445216.1_24988	8710	8511	172.8	1.11134
lcl|NC_037651.1_mrna_XM_026445221.1_24989	8608	8409	0.000352643	2.2955e-06
lcl|NC_037651.1_mrna_XM_026445219.1_24990	8680	8481	215.622	1.39165
lcl|NC_037651.1_mrna_XM_026445218.1_24991	8683	8484	70.1189	0.452397
lcl|NC_037651.1_mrna_XM_026445222.1_24992	7001	6802	86.5687	0.696642
lcl|NC_037651.1_mrna_XM_026445224.1_24993	6924	6725	489.626	3.98527
lcl|NC_037651.1_mrna_XM_026445225.1_24994	6915	6716	861.165	7.01877
lcl|NC_037651.1_ncrna_XR_409590.3_24995	1364	1165	6	0.28191
lcl|NC_037651.1_mrna_XM_006563005.3_24996	996	797	80	5.49436
lcl|NC_037651.1_mrna_XM_003250146.4_24997	980	781	0	0
lcl|NC_037651.1_mrna_XM_016916384.2_24998	1031	832	188.87	12.4258
lcl|NC_037651.1_mrna_XM_006563003.3_24999	1112	913	122.85	7.36527
lcl|NC_037651.1_mrna_XM_006563004.3_25000	1032	833	184.28	12.1093
lcl|NC_037651.1_miscrna_XR_409589.3_25001	1052	853	77.6916	4.98552
lcl|NC_037651.1_mrna_XM_395324.7_25002	861	662	1652.31	136.621
lcl|NC_037651.1_mrna_XM_006563001.3_25003	1155	956	2.04023e-06	1.16817e-07
lcl|NC_037651.1_mrna_XM_624866.6_25004	1203	1004	492	26.8236
lcl|NC_037651.1_mrna_XM_624883.6_25005	2976	2777	137	2.70041
lcl|NC_037651.1_mrna_XM_006563002.3_25006	2892	2693	0	0
lcl|NC_037651.1_mrna_XM_624893.6_25007	906	707	7033	544.511
lcl|NC_037651.1_mrna_XM_016916348.2_25008	2538	2339	1112.97	26.046
lcl|NC_037651.1_mrna_XM_006563000.3_25009	2529	2330	228.188	5.36071
lcl|NC_037651.1_mrna_XM_006563086.3_25010	737	538	380.837	38.7474
lcl|NC_037651.1_mrna_XM_006562998.3_25011	2291	2092	57.7377	1.51072
lcl|NC_037651.1_mrna_XM_006562996.3_25012	2336	2137	0.08479	0.00217183
lcl|NC_037651.1_mrna_XM_624945.6_25013	2321	2122	615.152	15.868
lcl|NC_037651.1_mrna_XM_006562997.3_25014	2241	2042	0	0
lcl|NC_037651.1_mrna_XM_006562999.3_25015	2191	1992	97.0256	2.66614
lcl|NC_037651.1_miscrna_XR_409588.3_25016	2066	1867	0	0
lcl|NC_037651.1_mrna_XM_016916414.2_25017	1627	1428	3788.64	145.225
lcl|NC_037651.1_mrna_XM_016916415.2_25018	4343	4144	100	1.32089
lcl|NC_037651.1_mrna_XM_026444996.1_25019	3658	3459	0	0
lcl|NC_037651.1_mrna_XM_026444997.1_25020	3576	3377	0	0
lcl|NC_037651.1_mrna_XM_006562992.3_25021	3825	3626	0	0
lcl|NC_037651.1_mrna_XM_623773.6_25022	3538	3339	0	0
lcl|NC_037651.1_mrna_XM_006562991.3_25023	2857	2658	6	0.123561
lcl|NC_037651.1_mrna_XM_001121075.5_25024	3124	2925	5	0.0935684
lcl|NC_037651.1_mrna_XM_397043.7_25025	766	567	2006	193.657
lcl|NC_037651.1_mrna_XM_026444998.1_25026	2713	2514	78	1.6983
lcl|NC_037651.1_mrna_XM_393473.7_25027	1119	920	676	40.2202
lcl|NC_037651.1_mrna_XM_001119914.5_25028	757	558	16	1.56954
lcl|NC_037651.1_mrna_XM_393474.7_25029	5400	5201	845.549	8.89892
lcl|NC_037651.1_mrna_XM_006562989.2_25030	4963	4764	172.399	1.98084
lcl|NC_037651.1_mrna_XM_016916252.2_25031	7739	7540	188.473	1.36824
lcl|NC_037651.1_mrna_XM_006562988.3_25032	6768	6569	30.6105	0.255068
lcl|NC_037651.1_mrna_XM_003250144.4_25033	6782	6583	0	0
lcl|NC_037651.1_ncrna_XR_409587.3_25034	1840	1641	0	0
lcl|NC_037651.1_mrna_XM_026444962.1_25035	3585	3386	702.14	11.3507
lcl|NC_037651.1_mrna_XM_026444963.1_25036	3567	3368	305.86	4.9709
lcl|NC_037651.1_mrna_XM_026444969.1_25037	1406	1207	87	3.94546
lcl|NC_037651.1_mrna_XM_026444968.1_25038	2351	2152	0.0105698	0.00026885
lcl|NC_037651.1_mrna_XM_026444967.1_25039	2322	2123	2.99409e-06	7.7197e-08
lcl|NC_037651.1_mrna_XM_026444965.1_25040	2404	2205	734.76	18.2399
lcl|NC_037651.1_mrna_XM_026444964.1_25041	2411	2212	1.70725	0.042247
lcl|NC_037651.1_mrna_XM_001121406.5_25042	915	716	382	29.2035
lcl|NC_037651.1_mrna_XM_393973.6_25043	614	415	743	98
lcl|NC_037651.1_mrna_XM_016916388.2_25044	3191	2992	3067.3	56.1151
lcl|NC_037651.1_mrna_XM_026444991.1_25045	3188	2989	126.7	2.32025
lcl|NC_037651.1_mrna_XM_026444993.1_25046	2266	2067	0	0
lcl|NC_037651.1_mrna_XM_026444992.1_25047	2296	2097	0	0
lcl|NC_037651.1_mrna_XM_026445109.1_25048	6967	6768	127.231	1.029
lcl|NC_037651.1_mrna_XM_026445193.1_25049	3005	2806	23	0.448668
lcl|NC_037651.1_miscrna_XR_003306088.1_25050	2662	2463	9.80352e-06	2.17873e-07
lcl|NC_037651.1_mrna_XM_026445191.1_25051	3383	3184	22	0.378212
lcl|NC_037651.1_mrna_XM_026445192.1_25052	3326	3127	0	0
lcl|NC_037651.1_mrna_XM_393976.7_25053	8557	8358	11662.5	76.3792
lcl|NC_037651.1_mrna_XM_006562980.3_25054	8713	8514	1014.65	6.52329
lcl|NC_037651.1_mrna_XM_006562979.3_25055	8570	8371	853.386	5.58025
lcl|NC_037651.1_mrna_XM_016916277.2_25056	13593	13394	0	0
lcl|NC_037651.1_mrna_XM_016916280.2_25057	13497	13298	0	0
lcl|NC_037651.1_mrna_XM_016916266.2_25058	13733	13534	0	0
lcl|NC_037651.1_mrna_XM_016916267.2_25059	13730	13531	0	0
lcl|NC_037651.1_mrna_XM_016916273.2_25060	13637	13438	66.1196	0.269328
lcl|NC_037651.1_mrna_XM_016916268.2_25061	13712	13513	0	0
lcl|NC_037651.1_mrna_XM_016916270.2_25062	13664	13465	0	0
lcl|NC_037651.1_mrna_XM_016916271.2_25063	13654	13455	0	0
lcl|NC_037651.1_mrna_XM_016916272.2_25064	13651	13452	0	0
lcl|NC_037651.1_mrna_XM_016916274.2_25065	13633	13434	0	0
lcl|NC_037651.1_mrna_XM_016916276.2_25066	13630	13431	56.9754	0.232201
lcl|NC_037651.1_mrna_XM_016916278.2_25067	13701	13502	0	0
lcl|NC_037651.1_mrna_XM_016916279.2_25068	13501	13302	0	0
lcl|NC_037651.1_mrna_XM_016916275.2_25069	10975	10776	1234.7	6.27175
lcl|NC_037651.1_mrna_XM_016916269.2_25070	4257	4058	0	0
lcl|NC_037651.1_mrna_XM_006562969.3_25071	3836	3637	6	0.0903011
lcl|NC_037651.1_mrna_XM_026445184.1_25072	1955	1756	1	0.0311717
lcl|NC_037651.1_mrna_XM_026445183.1_25073	3751	3552	2	0.0308207
lcl|NC_037651.1_mrna_XM_016916229.2_25074	2073	1874	8.01777	0.23419
lcl|NC_037651.1_mrna_XM_026445147.1_25075	3055	2856	0.0242058	0.000463924
lcl|NC_037651.1_miscrna_XR_003306071.1_25076	3183	2984	0.745622	0.0136774
lcl|NC_037651.1_mrna_XM_026445148.1_25077	4141	3942	1.20624	0.0167495
lcl|NC_037651.1_miscrna_XR_003306072.1_25078	4299	4100	0	0
lcl|NC_037651.1_mrna_XM_026445145.1_25079	4301	4102	123.349	1.64599
lcl|NC_037651.1_miscrna_XR_003306070.1_25080	4459	4260	0	0
lcl|NC_037651.1_mrna_XM_026445146.1_25081	3214	3015	25.7122	0.466806
lcl|NC_037651.1_miscrna_XR_003306069.1_25082	3342	3143	440.474	7.67117
lcl|NC_037651.1_mrna_XM_026445144.1_25083	1802	1603	31.979	1.09199
lcl|NC_037651.1_mrna_XM_026445149.1_25084	1628	1429	14.5091	0.555769
lcl|NC_037651.1_mrna_XM_392005.7_25085	1715	1516	2139	77.2319
lcl|NC_037651.1_mrna_XM_016916228.2_25086	1654	1455	7.15119e-06	2.6903e-07
lcl|NC_037651.1_mrna_XM_026445153.1_25087	5361	5162	32.1944	0.341387
lcl|NC_037651.1_mrna_XM_026445152.1_25088	5391	5192	14.8056	0.156091
lcl|NC_037651.1_mrna_XM_006562963.3_25089	12580	12381	50.3293	0.22251
lcl|NC_037651.1_mrna_XM_026445151.1_25090	12088	11889	1597.67	7.35575
lcl|NC_037651.1_mrna_XM_026445156.1_25091	3176	2977	0	0
lcl|NC_037651.1_mrna_XM_026445157.1_25092	3108	2909	0.00298366	5.61423e-05
lcl|NC_037651.1_mrna_XM_006562961.3_25093	3095	2896	102.489	1.93716
lcl|NC_037651.1_mrna_XM_392006.7_25094	3257	3058	1175.06	21.0333
lcl|NC_037651.1_mrna_XM_026445154.1_25095	3269	3070	0.0911461	0.00162512
lcl|NC_037651.1_mrna_XM_026445155.1_25096	3223	3024	0.355453	0.00643407
lcl|NC_037651.1_mrna_XM_001121941.4_25097	4299	4100	7825.74	104.478
lcl|NC_037651.1_mrna_XM_026444922.1_25098	1746	1547	147	5.2013
lcl|NC_037651.1_mrna_XM_006562957.3_25099	3240	3041	590.801	10.6343
lcl|NC_037651.1_mrna_XM_003250168.4_25100	2480	2281	183.777	4.41013
lcl|NC_037651.1_mrna_XM_026445081.1_25101	2269	2070	350.607	9.27118
lcl|NC_037651.1_mrna_XM_006562956.3_25102	3201	3002	4.00025	0.0729393
lcl|NC_037651.1_mrna_XM_393984.6_25103	5665	5466	872	8.73237
lcl|NC_037651.1_mrna_XM_393985.6_25104	6014	5815	6.95002	0.0654216
lcl|NC_037651.1_mrna_XM_016916244.2_25105	3523	3324	0.0220444	0.000363014
lcl|NC_037651.1_mrna_XM_006562955.2_25106	3559	3360	122.028	1.98795
lcl|NC_037651.1_ncrna_XR_001705570.2_25107	1356	1157	55	2.60204
lcl|NC_037651.1_mrna_XM_006562954.3_25108	2645	2446	0	0
lcl|NC_037651.1_mrna_XM_393986.7_25109	2624	2425	203	4.58215
lcl|NC_037651.1_mrna_XM_006562952.3_25110	4842	4643	91.2351	1.07559
lcl|NC_037651.1_mrna_XM_006562951.3_25111	4959	4760	284.765	3.27465
lcl|NC_037651.1_mrna_XM_026445079.1_25112	2919	2720	40.1796	0.808577
lcl|NC_037651.1_mrna_XM_026445078.1_25113	2812	2613	42.7342	0.895202
lcl|NC_037651.1_mrna_XM_026445080.1_25114	2413	2214	211.388	5.22621
lcl|NC_037651.1_ncrna_XR_001705568.2_25115	680	481	32.6987	3.7211
lcl|NC_037651.1_mrna_XM_026444892.1_25116	9792	9593	2.91521e-07	1.66341e-09
lcl|NC_037651.1_mrna_XM_026444893.1_25117	9666	9467	5.14231	0.0297325
lcl|NC_037651.1_mrna_XM_026444894.1_25118	7825	7626	5.85769	0.042045
lcl|NC_037651.1_mrna_XM_393989.7_25119	3102	2903	1160	21.8724
lcl|NC_037651.1_mrna_XM_006562943.3_25120	3387	3188	590.229	10.1342
lcl|NC_037651.1_mrna_XM_006562942.3_25121	3390	3191	841.164	14.4291
lcl|NC_037651.1_mrna_XM_006562941.3_25122	3396	3197	0.00155486	2.66216e-05
lcl|NC_037651.1_mrna_XM_006562944.3_25123	3342	3143	107.91	1.87934
lcl|NC_037651.1_mrna_XM_393990.7_25124	3018	2819	700.385	13.5996
lcl|NC_037651.1_mrna_XM_016916082.2_25125	3207	3008	20.3098	0.369585
lcl|NC_037651.1_mrna_XM_006562945.3_25126	1312	1113	170	8.36063
lcl|NC_037651.1_mrna_XM_016916083.2_25127	1338	1139	0	0
lcl|NC_037651.1_mrna_XM_006562947.3_25128	905	706	516	40.0065
lcl|NC_037651.1_mrna_XM_016916076.2_25129	6720	6521	332.597	2.79184
lcl|NC_037651.1_mrna_XM_016916075.2_25130	7004	6805	0.0399464	0.000321318
lcl|NC_037651.1_mrna_XM_016916078.2_25131	6866	6667	0.687055	0.00564087
lcl|NC_037651.1_mrna_XM_016916077.2_25132	6883	6684	276.266	2.26244
lcl|NC_037651.1_mrna_XM_026444895.1_25133	8239	8040	65.7627	0.447723
lcl|NC_037651.1_miscrna_XR_003306015.1_25134	9779	9580	27.6465	0.157965
lcl|NC_037651.1_mrna_XM_016916079.2_25135	9696	9497	0	0
lcl|NC_037651.1_mrna_XM_016916080.2_25136	9558	9359	0	0
lcl|NC_037651.1_mrna_XM_006562940.3_25137	6795	6596	420	3.48541
lcl|NC_037651.1_mrna_XM_026444899.1_25138	3721	3522	0	0
lcl|NC_037651.1_mrna_XM_026444896.1_25139	3709	3510	0	0
lcl|NC_037651.1_mrna_XM_026444904.1_25140	3619	3420	0	0
lcl|NC_037651.1_mrna_XM_026444902.1_25141	3658	3459	333.001	5.26963
lcl|NC_037651.1_mrna_XM_026444906.1_25142	3580	3381	0	0
lcl|NC_037651.1_mrna_XM_026444905.1_25143	3568	3369	0.000193535	3.14444e-06
lcl|NC_037651.1_mrna_XM_026444898.1_25144	3700	3501	0	0
lcl|NC_037651.1_mrna_XM_001122309.5_25145	3679	3480	0	0
lcl|NC_037651.1_mrna_XM_026444908.1_25146	3550	3351	360.547	5.88942
lcl|NC_037651.1_mrna_XM_026444901.1_25147	3676	3477	2.07479e-06	3.26629e-08
lcl|NC_037651.1_mrna_XM_026444903.1_25148	3655	3456	1109.15	17.5672
lcl|NC_037651.1_mrna_XM_006562939.3_25149	2835	2636	25.3016	0.525397
lcl|NC_037651.1_mrna_XM_026444900.1_25150	3673	3474	0	0
lcl|NC_037651.1_mrna_XM_026444910.1_25151	1940	1741	0	0
lcl|NC_037651.1_mrna_XM_026444909.1_25152	1989	1790	12	0.366956
lcl|NC_037651.1_mrna_XM_393995.7_25153	1341	1142	1300.51	62.3353
lcl|NC_037651.1_mrna_XM_006562932.3_25154	1936	1737	809.345	25.5046
lcl|NC_037651.1_mrna_XM_026444911.1_25155	2128	1929	30.1406	0.855274
lcl|NC_037651.1_mrna_XM_625151.6_25156	1999	1800	2384	72.4968
lcl|NC_037651.1_mrna_XM_393996.7_25157	3908	3709	15871	234.225
lcl|NC_037651.1_ncrna_XR_003306095.1_25158	2343	2144	165	4.21254
lcl|NC_037651.1_miscrna_XR_003306092.1_25159	1724	1525	2577.73	92.5235
lcl|NC_037651.1_miscrna_XR_003306094.1_25160	1196	997	7.72943	0.424363
lcl|NC_037651.1_miscrna_XR_003306093.1_25161	2228	2029	35.9814	0.970693
lcl|NC_037651.1_mrna_XM_393997.5_25162	1764	1565	392	13.7106
lcl|NC_037651.1_mrna_XM_026445201.1_25163	1078	879	19.5637	1.21828
lcl|NC_037651.1_mrna_XM_016916046.2_25164	553	354	36	5.56653
lcl|NC_037651.1_mrna_XM_026445200.1_25165	4136	3937	261.328	3.63334
lcl|NC_037651.1_miscrna_XR_003306091.1_25166	4869	4670	316.11	3.70516
lcl|NC_037651.1_mrna_XM_026445199.1_25167	4137	3938	0.00198042	2.75275e-05
lcl|NC_037651.1_mrna_XM_016916039.2_25168	2686	2487	97.84	2.15341
lcl|NC_037651.1_mrna_XM_016916036.2_25169	4247	4048	2.29859e-07	3.10818e-09
lcl|NC_037651.1_mrna_XM_006562927.3_25170	4254	4055	2.59725e-08	3.50597e-10
lcl|NC_037651.1_mrna_XM_026445197.1_25171	4617	4418	32.7044	0.405196
lcl|NC_037651.1_mrna_XM_026445198.1_25172	4133	3934	11470.3	159.597
lcl|NC_037651.1_mrna_XM_016916032.2_25173	5488	5289	163.501	1.69212
lcl|NC_037651.1_mrna_XM_016916033.2_25174	5468	5269	0.00403279	4.18951e-05
lcl|NC_037651.1_mrna_XM_006562928.3_25175	6832	6633	13530.9	111.662
lcl|NC_037651.1_mrna_XM_006562923.3_25176	4277	4078	6.02985e-07	8.09365e-09
lcl|NC_037651.1_mrna_XM_016916034.2_25177	4259	4060	0	0
lcl|NC_037651.1_mrna_XM_392011.7_25178	4269	4070	0	0
lcl|NC_037651.1_mrna_XM_006562929.3_25179	4736	4537	1056.41	12.7452
lcl|NC_037651.1_mrna_XM_006562917.3_25180	1418	1219	0.000489127	2.19636e-05
lcl|NC_037651.1_mrna_XM_006562916.3_25181	1408	1209	15.9995	0.724379
lcl|NC_037651.1_mrna_XM_003250143.4_25182	1374	1175	0	0
lcl|NC_037651.1_mrna_XM_016916045.2_25183	625	426	0	0
lcl|NC_037651.1_mrna_XM_006562911.3_25184	1813	1614	1387.03	47.0401
lcl|NC_037651.1_mrna_XM_625110.6_25185	2782	2583	231	4.89523
lcl|NC_037651.1_mrna_XM_016916041.2_25186	2289	2090	51.1019	1.33837
lcl|NC_037651.1_mrna_XM_006562913.3_25187	1780	1581	24.8656	0.8609
lcl|NC_037651.1_mrna_XM_001122512.4_25188	4815	4616	158.05	1.87419
lcl|NC_037651.1_mrna_XM_026444921.1_25189	1204	1005	4	0.217861
lcl|NC_037651.1_mrna_XM_026444919.1_25190	460	261	3	0.629167
lcl|NC_037651.1_mrna_XM_623702.6_25191	2348	2149	308	7.84512
lcl|NC_037651.1_mrna_XM_395389.7_25192	3773	3574	1448.63	22.1865
lcl|NC_037651.1_mrna_XM_016916396.2_25193	3097	2898	617.367	11.6609
lcl|NC_037651.1_ncrna_XR_410083.2_25194	546	347	18	2.83941
lcl|NC_037651.1_mrna_XM_006564945.3_25195	4690	4491	14625.3	178.258
lcl|NC_037651.1_ncrna_XR_003306068.1_25196	4728	4529	6.84139	0.0826851
lcl|NC_037651.1_ncrna_XR_003306067.1_25197	4066	3867	16.1586	0.228726
lcl|NC_037651.1_mrna_XM_393603.7_25198	1042	843	897	58.2439
lcl|NC_037651.1_mrna_XM_006564944.3_25199	942	743	198	14.5869
lcl|NC_037651.1_mrna_XM_016916074.2_25200	576	377	87.3735	12.686
lcl|NC_037651.1_mrna_XM_026444961.1_25201	543	344	249.568	39.7114
lcl|NC_037651.1_mrna_XM_006564940.3_25202	669	470	14.6875	1.71055
lcl|NC_037651.1_mrna_XM_006564941.3_25203	605	406	48.7001	6.56582
lcl|NC_037651.1_mrna_XM_003250503.4_25204	572	373	123.671	18.1487
lcl|NC_037651.1_mrna_XM_001120160.5_25205	1614	1415	151	5.84125
lcl|NC_037651.1_mrna_XM_393604.7_25206	3883	3684	550	8.172
lcl|NC_037651.1_mrna_XM_001120276.5_25207	8926	8727	1440.4	9.03452
lcl|NC_037651.1_miscrna_XR_003306035.1_25208	2252	2053	659.235	17.5767
lcl|NC_037651.1_mrna_XM_393352.7_25209	1810	1611	2295.48	77.9943
lcl|NC_037651.1_mrna_XM_396750.6_25210	2021	1822	1330.56	39.9733
lcl|NC_037651.1_mrna_XM_001119883.4_25211	963	764	1671	119.72
lcl|NC_037651.1_mrna_XM_016916072.2_25212	4465	4266	1486.6	19.0748
lcl|NC_037651.1_mrna_XM_026445188.1_25213	1869	1670	55.2653	1.81143
lcl|NC_037651.1_ncrna_XR_003306082.1_25214	859	660	34.7347	2.88075
lcl|NC_037651.1_mrna_XM_006564939.3_25215	517	318	123	21.1721
lcl|NC_037651.1_mrna_XM_001120622.5_25216	4007	3808	260.001	3.73735
lcl|NC_037651.1_mrna_XM_006564938.3_25217	3902	3703	65.9989	0.975592
lcl|NC_037651.1_mrna_XM_392797.7_25218	2523	2324	1085.17	25.5591
lcl|NC_037651.1_mrna_XM_006564936.3_25219	2715	2516	204.832	4.45629
lcl|NC_037651.1_mrna_XM_006564934.3_25220	1844	1645	795.195	26.4602
lcl|NC_037651.1_mrna_XM_006564935.3_25221	1826	1627	194.805	6.55386
lcl|NC_037651.1_mrna_XM_026445085.1_25222	930	731	333	24.9352
lcl|NC_037651.1_mrna_XM_026445083.1_25223	1689	1490	548	20.1317
lcl|NC_037651.1_mrna_XM_394993.7_25224	886	687	2879	229.388
lcl|NC_037651.1_mrna_XM_001120779.5_25225	1100	901	675	41.0076
lcl|NC_037651.1_mrna_XM_625077.6_25226	1255	1056	423.202	21.9366
lcl|NC_037651.1_mrna_XM_016916390.2_25227	2805	2606	282.917	5.94251
lcl|NC_037651.1_mrna_XM_016916389.2_25228	2864	2665	16.8813	0.346733
lcl|NC_037651.1_mrna_XM_397232.5_25229	4057	3858	556	7.88856
lcl|NC_037651.1_mrna_XM_001120952.5_25230	1589	1390	22.9239	0.902731
lcl|NC_037651.1_mrna_XM_006564930.3_25231	1546	1347	219.055	8.90164
lcl|NC_037651.1_mrna_XM_026444990.1_25232	1634	1435	0.12239	0.00466852
lcl|NC_037651.1_mrna_XM_006564931.3_25233	1550	1351	103.378	4.18848
lcl|NC_037651.1_mrna_XM_397233.7_25234	858	659	583.522	48.4682
lcl|NC_037651.1_miscrna_XR_001705595.2_25235	5735	5536	38.4842	0.380514
lcl|NC_037651.1_miscrna_XR_003306033.1_25236	4622	4423	0	0
lcl|NC_037651.1_miscrna_XR_003306034.1_25237	4662	4463	0	0
lcl|NC_037651.1_miscrna_XR_001705594.2_25238	4893	4694	0	0
lcl|NC_037651.1_miscrna_XR_001705596.2_25239	4842	4643	0	0
lcl|NC_037651.1_miscrna_XR_001705597.2_25240	4528	4329	130.67	1.65224
lcl|NC_037651.1_precursorrna_NR_031521.1_25241	92	4.02165	0	0
lcl|NC_037651.1_ncrna_25242	28	2.80846	0	0
lcl|NC_037651.1_mrna_XM_016916367.2_25243	2319	2120	268.846	6.9415
lcl|NC_037651.1_mrna_XM_026444981.1_25244	1155	956	461	26.3954
lcl|NC_037651.1_mrna_XM_026444980.1_25245	1642	1443	29.449	1.11709
lcl|NC_037651.1_mrna_XM_625027.5_25246	1702	1503	0	0
lcl|NC_037651.1_mrna_XM_006564927.3_25247	1593	1394	246.551	9.6812
lcl|NC_037651.1_mrna_XM_006564809.3_25248	1643	1444	28.9919	1.09899
lcl|NC_037651.1_mrna_XM_006564811.3_25249	1752	1553	18.6321	0.656712
lcl|NC_037651.1_mrna_XM_006564807.3_25250	1847	1648	12.9089	0.428762
lcl|NC_037651.1_mrna_NM_001077815.1_25251	1842	1643	94.4671	3.14723
lcl|NC_037651.1_mrna_XM_001120069.5_25252	827	628	8529	743.402
lcl|NC_037651.1_mrna_XM_625006.6_25253	607	408	7720	1035.72
lcl|NC_037651.1_mrna_XM_026445110.1_25254	1625	1426	69.7422	2.67708
lcl|NC_037651.1_mrna_XM_006564920.3_25255	719	520	24.6467	2.59442
lcl|NC_037651.1_mrna_XM_026445113.1_25256	746	547	0	0
lcl|NC_037651.1_mrna_XM_006564923.3_25257	704	505	0	0
lcl|NC_037651.1_mrna_XM_006564921.3_25258	2309	2110	49.6111	1.28701
lcl|NC_037651.1_mrna_XM_006564922.3_25259	2358	2159	0	0
lcl|NC_037651.1_mrna_XM_026445114.1_25260	1798	1599	0	0
lcl|NC_037651.1_mrna_XM_026445111.1_25261	1714	1515	0	0
lcl|NC_037651.1_mrna_XM_026445112.1_25262	1681	1482	0	0
lcl|NC_037651.1_mrna_XM_006564915.3_25263	744	545	672.308	67.5238
lcl|NC_037651.1_mrna_XM_001120242.5_25264	887	688	1587.69	126.317
lcl|NC_037651.1_mrna_XM_016916023.2_25265	6252	6053	1685.62	15.2432
lcl|NC_037651.1_mrna_XM_393999.5_25266	2249	2050	7	0.186909
lcl|NC_037651.1_mrna_XM_016916026.2_25267	5051	4852	298.047	3.3624
lcl|NC_037651.1_mrna_XM_016916021.2_25268	5978	5779	0	0
lcl|NC_037651.1_mrna_XM_016916025.2_25269	5886	5687	0	0
lcl|NC_037651.1_mrna_XM_392015.6_25270	5964	5765	319.436	3.03298
lcl|NC_037651.1_mrna_XM_016916024.2_25271	5880	5681	80.6451	0.777031
lcl|NC_037651.1_mrna_XM_016916028.2_25272	4766	4567	673.187	8.06845
lcl|NC_037651.1_mrna_XM_016916027.2_25273	4665	4466	205.406	2.51756
lcl|NC_037651.1_mrna_XM_016916029.2_25274	3957	3758	11.169	0.162684
lcl|NC_037651.1_mrna_XM_394000.7_25275	3845	3646	32.4859	0.487713
lcl|NC_037651.1_ncrna_XR_003306054.1_25276	4966	4767	133	1.52719
lcl|NC_037651.1_mrna_XM_006564914.3_25277	2608	2409	3210.8	72.956
lcl|NC_037651.1_mrna_XM_624967.6_25278	2827	2628	1331.2	27.7271
lcl|NC_037651.1_mrna_XM_016916020.2_25279	877	678	479	38.6715
lcl|NC_037651.1_mrna_XM_624955.6_25280	811	612	1443	129.063
lcl|NC_037651.1_mrna_XM_026445115.1_25281	3098	2899	3180.66	60.0558
lcl|NC_037651.1_mrna_XM_026445116.1_25282	3083	2884	377.337	7.16175
lcl|NC_037651.1_mrna_XM_001121339.5_25283	1619	1420	187	7.20839
lcl|NC_037651.1_mrna_XM_394004.7_25284	948	749	315	23.0205
lcl|NC_037651.1_ncrna_XR_003306055.1_25285	699	500	0	0
lcl|NC_037651.1_ncrna_XR_001705465.2_25286	859	660	3	0.248807
lcl|NC_037651.1_mrna_XM_003250494.4_25287	1395	1196	2	0.0915344
lcl|NC_037651.1_mrna_XM_016916019.2_25288	3206	3007	1.82459	0.0332138
lcl|NC_037651.1_mrna_XM_394005.7_25289	3202	3003	9.78866	0.178424
lcl|NC_037651.1_mrna_XM_006564910.3_25290	2944	2745	32.6629	0.651325
lcl|NC_037651.1_mrna_XM_006564912.3_25291	9327	9128	1148.38	6.88647
lcl|NC_037651.1_mrna_XM_394006.7_25292	5839	5640	18871	183.148
lcl|NC_037651.1_mrna_XM_006564911.3_25293	4731	4532	3020.37	36.48
lcl|NC_037651.1_mrna_XM_026444869.1_25294	3126	2927	965.393	18.0537
lcl|NC_037651.1_mrna_NM_001011619.1_25295	1567	1368	27.2445	1.09013
lcl|NC_037651.1_mrna_XM_624858.5_25296	2083	1884	1856	53.924
lcl|NC_037651.1_mrna_XM_026445119.1_25297	4027	3828	0.0229407	0.000328035
lcl|NC_037651.1_mrna_XM_026445118.1_25298	4005	3806	33.0808	0.475765
lcl|NC_037651.1_mrna_XM_016916010.2_25299	6910	6711	183.497	1.49667
lcl|NC_037651.1_mrna_XM_016916006.2_25300	7897	7698	0	0
lcl|NC_037651.1_mrna_XM_016916009.2_25301	7344	7145	0.00033293	2.55056e-06
lcl|NC_037651.1_mrna_XM_016916005.2_25302	7276	7077	58.0078	0.448665
lcl|NC_037651.1_mrna_XM_026445227.1_25303	7911	7712	0	0
lcl|NC_037651.1_mrna_XM_026445228.1_25304	7899	7700	0	0
lcl|NC_037651.1_mrna_XM_026445229.1_25305	7812	7613	0	0
lcl|NC_037651.1_mrna_XM_026445230.1_25306	7419	7220	42.5785	0.322804
lcl|NC_037651.1_mrna_XM_016916012.2_25307	7930	7731	0	0
lcl|NC_037651.1_mrna_XM_016916007.2_25308	7862	7663	0	0
lcl|NC_037651.1_ncrna_XR_410077.3_25309	1817	1618	0	0
lcl|NC_037651.1_ncrna_XR_410074.3_25310	1210	1011	12.1703	0.658924
lcl|NC_037651.1_ncrna_XR_410076.3_25311	1223	1024	1.2098e-06	6.46696e-08
lcl|NC_037651.1_ncrna_XR_410073.3_25312	1317	1118	0	0
lcl|NC_037651.1_ncrna_XR_003306084.1_25313	1668	1469	12.8297	0.478057
lcl|NC_037651.1_mrna_XM_001121591.5_25314	2055	1856	241.167	7.11255
lcl|NC_037651.1_mrna_XM_006564900.3_25315	2285	2086	80.6125	2.11531
lcl|NC_037651.1_mrna_XM_006564901.3_25316	2291	2092	3558.22	93.1015
lcl|NC_037651.1_mrna_XM_003250491.4_25317	6566	6367	658.506	5.66122
lcl|NC_037651.1_mrna_XM_016916242.2_25318	6498	6299	261.244	2.27018
lcl|NC_037651.1_mrna_XM_026445189.1_25319	6334	6135	0.187903	0.0016765
lcl|NC_037651.1_mrna_XM_006564898.3_25320	6513	6314	2812.07	24.3785
lcl|NC_037651.1_mrna_XM_006564899.3_25321	6845	6646	157.165	1.29444
lcl|NC_037651.1_mrna_XM_006564896.2_25322	1287	1088	57	2.86768
lcl|NC_037651.1_mrna_XM_006564895.3_25323	1978	1779	803	24.7073
lcl|NC_037651.1_mrna_XM_392018.7_25324	3307	3108	1161.51	20.4564
lcl|NC_037651.1_mrna_XM_006564880.3_25325	3253	3054	924.192	16.5645
lcl|NC_037651.1_trna_25326	72	3.52559	0	0
lcl|NC_037651.1_mrna_XM_016916288.2_25327	3038	2839	889.222	17.1447
lcl|NC_037651.1_trna_25328	71	3.50437	0	0
lcl|NC_037651.1_mrna_XM_006564875.3_25329	3581	3382	240.933	3.89949
lcl|NC_037651.1_mrna_XM_016916289.2_25330	3133	2934	205.633	3.83635
lcl|NC_037651.1_mrna_XM_006564879.3_25331	2959	2760	4.73873e-06	9.39807e-08
lcl|NC_037651.1_mrna_XM_016916290.2_25332	2984	2785	1008.16	19.8148
lcl|NC_037651.1_mrna_XM_006564883.3_25333	6023	5824	180.132	1.69299
lcl|NC_037651.1_mrna_XM_006564884.3_25334	6046	5847	1393.21	13.0427
lcl|NC_037651.1_mrna_XM_003250499.4_25335	6050	5851	0.00433103	4.05179e-05
lcl|NC_037651.1_mrna_XM_006564890.3_25336	2107	1908	41.4832	1.19009
lcl|NC_037651.1_mrna_XM_006564885.3_25337	2085	1886	1467.51	42.5916
lcl|NC_037651.1_mrna_XM_026445106.1_25338	1932	1733	962.756	30.4091
lcl|NC_037651.1_mrna_XM_006564889.3_25339	1952	1753	0	0
lcl|NC_037651.1_mrna_XM_006564887.3_25340	2016	1817	2432.47	73.2789
lcl|NC_037651.1_mrna_XM_006564891.3_25341	1973	1774	0.000115314	3.55806e-06
lcl|NC_037651.1_mrna_XM_016916370.2_25342	2052	1853	784.778	23.1823
lcl|NC_037651.1_mrna_XM_394012.4_25343	1215	1016	1493.02	80.4372
lcl|NC_037651.1_mrna_XM_006564893.3_25344	1177	978	18.9803	1.0623
lcl|NC_037651.1_mrna_XM_006564892.3_25345	1210	1011	0	0
lcl|NC_037651.1_precursorrna_NR_039487.1_25346	113	4.74468	0	0
lcl|NC_037651.1_ncrna_25347	22	2.73612	0	0
lcl|NC_037651.1_mrna_XM_394013.7_25348	6554	6355	30.0305	0.258662
lcl|NC_037651.1_mrna_XM_006564868.3_25349	3510	3311	0	0
lcl|NC_037651.1_mrna_XM_006564867.3_25350	3651	3452	87.2768	1.38393
lcl|NC_037651.1_mrna_XM_016916357.2_25351	3253	3054	0	0
lcl|NC_037651.1_mrna_XM_006564872.3_25352	3433	3234	16.9149	0.286296
lcl|NC_037651.1_mrna_XM_006564871.3_25353	3448	3249	31.5143	0.530937
lcl|NC_037651.1_mrna_XM_016916356.2_25354	3265	3066	0	0
lcl|NC_037651.1_mrna_XM_394014.6_25355	3445	3246	0	0
lcl|NC_037651.1_mrna_XM_006564873.3_25356	3166	2967	17.1038	0.315544
lcl|NC_037651.1_mrna_XM_006564866.3_25357	3460	3261	0	0
lcl|NC_037651.1_mrna_XM_006564870.3_25358	3451	3252	0	0
lcl|NC_037651.1_mrna_XM_006564869.3_25359	3891	3692	0	0
lcl|NC_037651.1_mrna_XM_001121886.5_25360	2427	2228	183.19	4.50062
lcl|NC_037651.1_ncrna_XR_003306066.1_25361	1156	957	0	0
lcl|NC_037651.1_mrna_XM_006564861.3_25362	4206	4007	7.24214	0.0989311
lcl|NC_037651.1_mrna_XM_006564862.3_25363	9715	9516	0.00131435	7.56034e-06
lcl|NC_037651.1_mrna_XM_392019.7_25364	9726	9527	11.8573	0.0681264
lcl|NC_037651.1_mrna_XM_006564863.3_25365	9709	9510	112.942	0.650068
lcl|NC_037651.1_miscrna_XR_001705552.2_25366	2470	2271	18.1674	0.437887
lcl|NC_037651.1_mrna_XM_394017.6_25367	2424	2225	496.88	12.2238
lcl|NC_037651.1_mrna_XM_006564865.3_25368	2421	2222	0	0
lcl|NC_037651.1_mrna_XM_016916217.2_25369	2308	2109	0	0
lcl|NC_037651.1_mrna_XM_006564864.3_25370	2292	2093	35.9526	0.940257
lcl|NC_037651.1_mrna_XM_006564858.3_25371	3309	3110	0	0
lcl|NC_037651.1_mrna_XM_001120731.5_25372	3322	3123	228.625	4.00717
lcl|NC_037651.1_mrna_XM_006564859.3_25373	3243	3044	233.499	4.19881
lcl|NC_037651.1_mrna_XM_006564857.3_25374	2889	2690	33.4848	0.681366
lcl|NC_037651.1_mrna_XM_001122027.5_25375	1569	1370	112	4.47489
lcl|NC_037651.1_mrna_XM_397501.6_25376	4165	3966	292	4.0301
lcl|NC_037651.1_mrna_XM_006564806.3_25377	1954	1755	16691.5	520.598
lcl|NC_037651.1_mrna_XM_006564805.3_25378	2032	1833	2941.18	87.8302
lcl|NC_037651.1_mrna_NM_001134227.1_25379	1704	1505	3264.36	118.726
lcl|NC_037651.1_mrna_XM_394018.7_25380	2360	2161	32247	816.808
lcl|NC_037651.1_mrna_XM_006564853.3_25381	1852	1653	29.2486	0.968541
lcl|NC_037651.1_mrna_XM_006564854.3_25382	1789	1590	128.305	4.41704
lcl|NC_037651.1_mrna_XM_001122116.5_25383	1916	1717	475.447	15.1571
lcl|NC_037651.1_mrna_XM_394020.7_25384	3493	3294	1143	18.9936
lcl|NC_037651.1_mrna_XM_006564852.2_25385	1169	970	544	30.6982
lcl|NC_037651.1_mrna_XM_394021.5_25386	2043	1844	618.936	18.3726
lcl|NC_037651.1_mrna_XM_006564851.3_25387	1830	1631	28.0641	0.941852
lcl|NC_037651.1_mrna_XM_624373.5_25388	1296	1097	359	17.9132
lcl|NC_037651.1_mrna_XM_006564850.3_25389	889	690	1603	127.166
lcl|NC_037651.1_mrna_XM_624327.6_25390	1408	1209	2141	96.9339
lcl|NC_037651.1_mrna_XM_393437.7_25391	1847	1648	2016	66.9605
lcl|NC_037651.1_mrna_XM_016916353.2_25392	1477	1278	0	0
lcl|NC_037651.1_mrna_XM_026444949.1_25393	1472	1273	106.625	4.58476
lcl|NC_037651.1_mrna_XM_026445180.1_25394	1850	1651	145.375	4.81978
lcl|NC_037651.1_mrna_XM_016916351.2_25395	1524	1325	0.00297564	0.000122928
lcl|NC_037651.1_mrna_XM_006564840.2_25396	1600	1401	181.16	7.07798
lcl|NC_037651.1_mrna_XM_006564843.2_25397	1522	1323	187.031	7.73819
lcl|NC_037651.1_mrna_XM_016916350.1_25398	1519	1320	144.886	6.00813
lcl|NC_037651.1_mrna_XM_006564844.3_25399	1508	1309	1347.92	56.365
lcl|NC_037651.1_mrna_XM_006564848.3_25400	2656	2457	1626	36.2244
lcl|NC_037651.1_mrna_XM_625233.6_25401	3491	3292	3434.78	57.1116
lcl|NC_037651.1_mrna_XM_006564828.3_25402	3485	3286	214.004	3.56483
lcl|NC_037651.1_mrna_XM_006564825.3_25403	3582	3383	0	0
lcl|NC_037651.1_mrna_XM_006564826.3_25404	2654	2455	1261.97	28.1373
lcl|NC_037651.1_mrna_XM_006564827.3_25405	3576	3377	0	0
lcl|NC_037651.1_mrna_XM_001122256.5_25406	4662	4463	3480.14	42.683
lcl|NC_037651.1_mrna_XM_006564829.3_25407	1790	1591	14348	493.636
lcl|NC_037651.1_mrna_XM_625261.6_25408	1158	959	301	17.1804
lcl|NC_037651.1_mrna_XM_016916163.1_25409	3325	3126	257.034	4.50077
lcl|NC_037651.1_mrna_XM_016916164.1_25410	3322	3123	26.4436	0.463483
lcl|NC_037651.1_mrna_XM_624097.5_25411	3313	3114	309.674	5.44341
lcl|NC_037651.1_mrna_XM_016916001.2_25412	524	325	9	1.51581
lcl|NC_037651.1_mrna_XM_026445181.1_25413	1330	1131	48.849	2.36417
lcl|NC_037651.1_mrna_XM_026445016.1_25414	3185	2986	15.2396	0.279363
lcl|NC_037651.1_mrna_XM_016916165.2_25415	2018	1819	113.959	3.42928
lcl|NC_037651.1_mrna_XM_016916166.2_25416	1916	1717	1.22478e-06	3.90457e-08
lcl|NC_037651.1_mrna_XM_026445013.1_25417	2102	1903	201.849	5.80594
lcl|NC_037651.1_mrna_XM_026445015.1_25418	1778	1579	286.342	9.92633
lcl|NC_037651.1_mrna_XM_026445014.1_25419	1891	1692	100.832	3.26198
lcl|NC_037651.1_mrna_XM_016916170.2_25420	1833	1634	1122.57	37.6052
lcl|NC_037651.1_mrna_XM_016916171.2_25421	1827	1628	196.205	6.59692
lcl|NC_037651.1_mrna_XM_016916173.2_25422	1660	1461	0	0
lcl|NC_037651.1_mrna_XM_016916172.2_25423	1766	1567	0.000305594	1.06748e-05
lcl|NC_037651.1_mrna_XM_016916169.2_25424	2007	1808	0	0
lcl|NC_037651.1_mrna_XM_016916174.2_25425	1660	1461	0	0
lcl|NC_037651.1_mrna_XM_026445017.1_25426	2063	1864	124	3.64134
lcl|NC_037651.1_mrna_XM_006564824.3_25427	3110	2911	35.0667	0.659383
lcl|NC_037651.1_mrna_XM_006564823.3_25428	3122	2923	399.933	7.48935
lcl|NC_037651.1_mrna_XM_006564821.2_25429	1107	908	242.65	14.6278
lcl|NC_037651.1_mrna_XM_006564820.2_25430	1118	919	436.562	26.0025
lcl|NC_037651.1_mrna_XM_006564822.3_25431	916	717	689.789	52.6602
lcl|NC_037651.1_mrna_XM_003250488.4_25432	1684	1485	11.5401	0.425371
lcl|NC_037651.1_mrna_XM_006564819.3_25433	1633	1434	18.4599	0.704637
lcl|NC_037651.1_mrna_XM_016916178.2_25434	3358	3159	211.78	3.66962
lcl|NC_037651.1_mrna_XM_006564815.3_25435	3214	3015	9.49465e-07	1.72376e-08
lcl|NC_037651.1_mrna_XM_006564817.3_25436	3101	2902	0	0
lcl|NC_037651.1_mrna_XM_006564816.3_25437	3179	2980	126.029	2.31494
lcl|NC_037651.1_mrna_XM_016916180.2_25438	2897	2698	93.0647	1.88811
lcl|NC_037651.1_mrna_XM_016916179.2_25439	2880	2681	0.126289	0.00257842
lcl|NC_037651.1_mrna_XM_006564813.3_25440	2074	1875	694	20.2602
lcl|NC_037651.1_mrna_XM_026445074.1_25441	1981	1782	2.74675e-08	8.43716e-10
lcl|NC_037651.1_mrna_XM_026445075.1_25442	3853	3654	1638.12	24.5393
lcl|NC_037651.1_mrna_XM_026445076.1_25443	3717	3518	126.882	1.9742
lcl|NC_037651.1_mrna_XM_026445077.1_25444	2986	2787	1.84644e-05	3.62646e-07
lcl|NC_037651.1_precursorrna_NR_127359.1_25445	82	3.75521	0	0
lcl|NC_037651.1_ncrna_25446	22	2.73612	0	0
lcl|NC_037651.1_mrna_XM_006565803.3_25447	5001	4802	184.035	2.0978
lcl|NC_037651.1_mrna_XM_001122444.5_25448	5004	4805	0.040673	0.000463338
lcl|NC_037651.1_mrna_XM_006565808.3_25449	4754	4555	171.211	2.05745
lcl|NC_037651.1_mrna_XM_006565805.3_25450	4952	4753	0	0
lcl|NC_037651.1_mrna_XM_006565807.3_25451	4880	4681	0	0
lcl|NC_037651.1_mrna_XM_006565806.3_25452	4886	4687	53.7133	0.627295
lcl|NC_037651.1_mrna_XM_006565804.3_25453	4985	4786	1.13248e-07	1.29522e-09
lcl|NC_037651.1_mrna_XM_625199.5_25454	1885	1686	567	18.4082
lcl|NC_037651.1_mrna_XM_006565801.3_25455	7679	7480	488	3.57111
lcl|NC_037651.1_mrna_XM_006565799.3_25456	1192	993	160	8.81974
lcl|NC_037651.1_mrna_XM_026445244.1_25457	3778	3579	57.9595	0.886438
lcl|NC_037651.1_mrna_XM_026445245.1_25458	3284	3085	66.0405	1.17176
lcl|NC_037651.1_mrna_XM_625187.6_25459	4822	4623	803	9.50773
lcl|NC_037651.1_mrna_XM_026445125.1_25460	1772	1573	286.021	9.95301
lcl|NC_037651.1_mrna_XM_006565797.3_25461	1835	1636	0.0535443	0.00179149
lcl|NC_037651.1_mrna_XM_006565798.3_25462	2359	2160	150.203	3.80636
lcl|NC_037651.1_mrna_XM_006565796.3_25463	1976	1777	2135.72	65.7874
lcl|NC_037651.1_mrna_XM_392023.7_25464	751	552	1416	140.414
lcl|NC_037651.1_mrna_XM_006565791.3_25465	3750	3551	7545.92	116.318
lcl|NC_037651.1_mrna_XM_006565792.3_25466	3270	3071	13.0331	0.232302
lcl|NC_037651.1_mrna_XM_006565793.3_25467	3246	3047	9439.8	169.58
lcl|NC_037651.1_mrna_XM_016916196.2_25468	8910	8711	211.792	1.33084
lcl|NC_037651.1_mrna_XM_016916194.2_25469	8976	8777	0	0
lcl|NC_037651.1_mrna_XM_016916197.2_25470	8897	8698	1.16882e-06	7.35552e-09
lcl|NC_037651.1_mrna_XM_016916204.2_25471	8837	8638	933.128	5.91308
lcl|NC_037651.1_mrna_XM_016916199.2_25472	8849	8650	0.197313	0.0012486
lcl|NC_037651.1_mrna_XM_016916195.2_25473	8963	8764	1.48508e-07	9.27541e-10
lcl|NC_037651.1_mrna_XM_016916200.2_25474	8087	7888	3.57919e-07	2.48372e-09
lcl|NC_037651.1_mrna_XM_016916202.2_25475	8004	7805	0.0987078	0.000692251
lcl|NC_037651.1_mrna_XM_016916205.2_25476	7990	7791	1609.15	11.3055
lcl|NC_037651.1_mrna_XM_016916201.2_25477	3989	3790	0	0
lcl|NC_037651.1_mrna_XM_016916203.2_25478	3762	3563	0	0
lcl|NC_037651.1_ncrna_XR_001705537.2_25479	857	658	3	0.249563
lcl|NC_037651.1_mrna_XM_394025.7_25480	2235	2036	291.935	7.84864
lcl|NC_037651.1_mrna_XM_006565778.3_25481	2168	1969	0.064555	0.00179461
lcl|NC_037651.1_mrna_XM_392026.7_25482	1572	1373	253.804	10.1184
lcl|NC_037651.1_mrna_XM_006565779.3_25483	1718	1519	5808.2	209.3
lcl|NC_037651.1_mrna_XM_392027.7_25484	2119	1920	18069	515.131
lcl|NC_037651.1_mrna_XM_001122664.5_25485	2182	1983	489.608	13.5148
lcl|NC_037651.1_mrna_XM_016916104.2_25486	2030	1831	719.89	21.521
lcl|NC_037651.1_ncrna_XR_410352.3_25487	1019	820	39.4211	2.63148
lcl|NC_037651.1_mrna_XM_016916103.2_25488	2102	1903	162.502	4.67419
lcl|NC_037651.1_mrna_XM_016916107.2_25489	1401	1202	20	0.910774
lcl|NC_037651.1_mrna_XM_394026.5_25490	1166	967	493	27.9065
lcl|NC_037651.1_mrna_XM_016916105.2_25491	3071	2872	575	10.9589
lcl|NC_037651.1_mrna_XM_016916106.2_25492	2837	2638	0	0
lcl|NC_037651.1_mrna_XM_016916092.2_25493	5540	5341	390.384	4.00087
lcl|NC_037651.1_mrna_XM_016916093.2_25494	5528	5329	63.6151	0.653432
lcl|NC_037651.1_mrna_XM_016916094.2_25495	5535	5336	0.000625559	6.41709e-06
lcl|NC_037651.1_mrna_XM_026444930.1_25496	6466	6267	992	8.66438
lcl|NC_037651.1_mrna_XM_001122722.5_25497	4062	3863	2273.23	32.2109
lcl|NC_037651.1_mrna_NM_001256032.1_25498	3564	3365	95.2647	1.54965
lcl|NC_037651.1_mrna_XM_006565585.3_25499	3784	3585	446.479	6.81706
lcl|NC_037651.1_mrna_XM_006565586.3_25500	3581	3382	5.13542e-05	8.31166e-07
lcl|NC_037651.1_mrna_XM_006565775.3_25501	2655	2456	88.732	1.97759
lcl|NC_037651.1_mrna_XM_006565774.3_25502	3306	3107	0	0
lcl|NC_037651.1_mrna_XM_006565776.3_25503	3101	2902	0	0
lcl|NC_037651.1_mrna_XM_394028.7_25504	3195	2996	8.10307	0.148045
lcl|NC_037651.1_mrna_XM_006565773.3_25505	2968	2769	0	0
lcl|NC_037651.1_mrna_XM_016916102.2_25506	2832	2633	0.207038	0.00430413
lcl|NC_037651.1_mrna_XM_016916101.2_25507	2825	2626	5.95794	0.12419
lcl|NC_037651.1_mrna_XM_001122739.5_25508	634	435	246	30.955
lcl|NC_037651.1_mrna_XM_394029.6_25509	1988	1789	1259	38.5213
lcl|NC_037651.1_mrna_XM_016916263.2_25510	3239	3040	145.995	2.62875
lcl|NC_037651.1_mrna_XM_016916262.2_25511	3251	3052	425.189	7.62576
lcl|NC_037651.1_mrna_XM_006565771.3_25512	3350	3151	0	0
lcl|NC_037651.1_mrna_XM_016916255.2_25513	3353	3154	58.1304	1.00885
lcl|NC_037651.1_mrna_XM_016916264.2_25514	2888	2689	17.066	0.347397
lcl|NC_037651.1_mrna_XM_016916256.2_25515	3350	3151	977.122	16.9741
lcl|NC_037651.1_mrna_XM_016916253.2_25516	3362	3163	0	0
lcl|NC_037651.1_mrna_XM_026445001.1_25517	3310	3111	307.772	5.4152
lcl|NC_037651.1_mrna_XM_016916261.2_25518	3295	3096	299.063	5.28747
lcl|NC_037651.1_mrna_XM_016916258.2_25519	3322	3123	0	0
lcl|NC_037651.1_mrna_XM_016916260.2_25520	3304	3105	885.568	15.6115
lcl|NC_037651.1_mrna_XM_016916257.2_25521	3331	3132	197.896	3.4586
lcl|NC_037651.1_mrna_XM_016916259.2_25522	3316	3117	1901.55	33.3931
lcl|NC_037651.1_mrna_XM_003250649.4_25523	2948	2749	961.603	19.1473
lcl|NC_037651.1_mrna_XM_016916265.2_25524	1135	936	49.6936	2.9061
lcl|NC_037651.1_mrna_XM_006565772.3_25525	2742	2543	53.224	1.14564
lcl|NC_037651.1_ncrna_XR_001705629.2_25526	812	613	4	0.357178
lcl|NC_037651.1_mrna_XM_026445196.1_25527	2443	2244	2677.35	65.3081
lcl|NC_037651.1_precursorrna_NR_127374.1_25528	86	3.85692	0	0
lcl|NC_037651.1_ncrna_25529	20	2.71266	0	0
lcl|NC_037651.1_mrna_XM_026445195.1_25530	1211	1012	248	13.4139
lcl|NC_037651.1_miscrna_XR_003306090.1_25531	1115	916	91.3339	5.45785
lcl|NC_037651.1_mrna_XM_026445194.1_25532	1047	848	357.666	23.087
lcl|NC_037651.1_mrna_XM_394033.6_25533	2510	2311	228.424	5.41038
lcl|NC_037651.1_mrna_XM_001122795.5_25534	2629	2430	1143.86	25.7662
lcl|NC_037651.1_mrna_XM_026444938.1_25535	2614	2415	19.7201	0.44697
lcl|NC_037651.1_mrna_XM_394034.6_25536	3693	3494	35	0.548315
lcl|NC_037651.1_mrna_XM_003250661.4_25537	2002	1803	36	1.09293
lcl|NC_037651.1_mrna_XM_016916052.2_25538	8701	8502	65	0.418483
lcl|NC_037651.1_precursorrna_NR_039488.1_25539	98	4.20281	0	0
lcl|NC_037651.1_ncrna_25540	22	2.73612	0	0
lcl|NC_037651.1_mrna_XM_003250647.4_25541	1235	1036	6	0.317013
lcl|NC_037651.1_mrna_XM_016916071.2_25542	2704	2505	29	0.633688
lcl|NC_037651.1_mrna_XM_016916070.2_25543	2237	2038	16	0.429735
lcl|NC_037651.1_mrna_XM_003250660.4_25544	1451	1252	30.0242	1.31266
lcl|NC_037651.1_mrna_XM_003250646.4_25545	1132	933	88.6352	5.20008
lcl|NC_037651.1_mrna_XM_006565748.3_25546	2551	2352	0	0
lcl|NC_037651.1_mrna_XM_001122835.5_25547	2658	2459	24405.4	543.265
lcl|NC_037651.1_mrna_XM_001122842.5_25548	1158	959	10	0.570777
lcl|NC_037651.1_mrna_XM_625099.6_25549	4343	4144	699	9.233
lcl|NC_037651.1_mrna_XM_006565747.3_25550	4322	4123	1.48353e-06	1.96956e-08
lcl|NC_037651.1_mrna_XM_001122848.4_25551	4026	3827	11443.9	163.682
lcl|NC_037651.1_mrna_XM_006565746.3_25552	1469	1270	129	5.55996
lcl|NC_037651.1_mrna_XM_001122862.5_25553	1110	911	11.2466	0.675754
lcl|NC_037651.1_mrna_XM_006565745.3_25554	1029	830	0.753383	0.0496847
lcl|NC_037651.1_mrna_XM_394035.6_25555	1795	1596	657.204	22.5399
lcl|NC_037651.1_mrna_XM_026445246.1_25556	3770	3571	188.796	2.89394
lcl|NC_037651.1_mrna_XM_016915987.2_25557	7554	7355	2.1083	0.0156905
lcl|NC_037651.1_mrna_XM_006565596.3_25558	7535	7336	55.1578	0.411559
lcl|NC_037651.1_mrna_XM_006565587.3_25559	9730	9531	3.82916e-06	2.19912e-08
lcl|NC_037651.1_mrna_XM_006565591.3_25560	9703	9504	1.15245e-06	6.63746e-09
lcl|NC_037651.1_mrna_XM_006565589.3_25561	9712	9513	4.16074e-05	2.39408e-07
lcl|NC_037651.1_mrna_XM_006565592.3_25562	9685	9486	1.26077e-05	7.2751e-08
lcl|NC_037651.1_mrna_XM_006565588.3_25563	9727	9528	0	0
lcl|NC_037651.1_mrna_XM_006565590.3_25564	9709	9510	2.18256e-08	1.25624e-10
lcl|NC_037651.1_mrna_XM_006565593.3_25565	9663	9464	0.028154	0.000162836
lcl|NC_037651.1_mrna_XM_006565599.3_25566	9636	9437	0.00869128	5.04121e-05
lcl|NC_037651.1_mrna_XM_006565595.3_25567	9645	9446	300.791	1.74302
lcl|NC_037651.1_mrna_XM_006565600.3_25568	9618	9419	175.395	1.01929
lcl|NC_037651.1_mrna_XM_016915988.2_25569	9660	9461	1.4799e-05	8.5621e-08
lcl|NC_037651.1_mrna_XM_006565601.3_25570	9615	9416	0.0941122	0.000547098
lcl|NC_037651.1_mrna_XM_006565597.3_25571	9641	9442	0.18821	0.0010911
lcl|NC_037651.1_mrna_XM_006565594.3_25572	9652	9453	0.03747	0.00021697
lcl|NC_037651.1_mrna_XM_006565598.3_25573	9634	9435	0.415249	0.00240908
lcl|NC_037651.1_mrna_XM_016915990.2_25574	9564	9365	1755.38	10.26
lcl|NC_037651.1_precursorrna_NR_039489.1_25575	98	4.20281	0	0
lcl|NC_037651.1_ncrna_25576	21	2.72438	0	0
lcl|NC_037651.1_mrna_NM_001013006.1_25577	2991	2792	0	0
lcl|NC_037651.1_mrna_XM_001121176.5_25578	521	322	4782	812.904
lcl|NC_037651.1_mrna_XM_016916216.2_25579	2186	1987	15	0.413217
lcl|NC_037651.1_mrna_XM_001122885.5_25580	2348	2149	617	15.7157
lcl|NC_037651.1_mrna_XM_625047.6_25581	1681	1482	4096	151.285
lcl|NC_037651.1_mrna_XM_006565739.3_25582	6507	6308	110.729	0.960847
lcl|NC_037651.1_mrna_XM_006565740.3_25583	6573	6374	106.271	0.912617
lcl|NC_037651.1_mrna_XM_006565738.3_25584	702	503	2515	273.688
lcl|NC_037651.1_mrna_XM_006565736.3_25585	12623	12424	305.657	1.34666
lcl|NC_037651.1_mrna_XM_006565737.3_25586	12438	12239	1802.07	8.05956
lcl|NC_037651.1_mrna_XM_026445120.1_25587	12682	12483	125.27	0.549306
lcl|NC_037651.1_mrna_XM_006565733.3_25588	4953	4754	661.958	7.62178
lcl|NC_037651.1_mrna_XM_006565729.3_25589	4959	4760	0	0
lcl|NC_037651.1_mrna_XM_006565731.3_25590	4841	4642	6.79997	0.0801839
lcl|NC_037651.1_mrna_XM_006565732.3_25591	4818	4619	0.825954	0.00978798
lcl|NC_037651.1_mrna_XM_006565730.3_25592	4890	4691	114.46	1.33559
lcl|NC_037651.1_mrna_XM_006565734.3_25593	4194	3995	312.185	4.27741
lcl|NC_037651.1_miscrna_XR_410344.3_25594	4155	3956	346.771	4.79813
lcl|NC_037651.1_trna_25595	74	3.56892	0	0
lcl|NC_037651.1_mrna_XM_016916375.2_25596	643	444	1	0.123283
lcl|NC_037651.1_mrna_XM_392037.6_25597	811	612	1020	91.2292
lcl|NC_037651.1_mrna_XM_006565725.3_25598	3619	3420	15.4124	0.246677
lcl|NC_037651.1_mrna_XM_006565724.3_25599	3660	3461	4.53313e-06	7.16938e-08
lcl|NC_037651.1_mrna_XM_006565726.3_25600	2956	2757	29.526	0.586211
lcl|NC_037651.1_mrna_XM_016916394.2_25601	3634	3435	0.0615557	0.000980905
lcl|NC_037651.1_mrna_XM_006565723.2_25602	1221	1022	30	1.60678
lcl|NC_037651.1_mrna_XM_026444955.1_25603	4537	4338	19.8419	0.250368
lcl|NC_037651.1_mrna_XM_026444954.1_25604	4635	4436	0	0
lcl|NC_037651.1_mrna_XM_001122875.5_25605	530	331	0	0
lcl|NC_037651.1_mrna_XM_006565721.3_25606	1805	1606	21	0.715746
lcl|NC_037651.1_mrna_XM_006565720.3_25607	2552	2353	3.00047	0.0697996
lcl|NC_037651.1_mrna_XM_006565708.3_25608	5106	4907	289.112	3.22505
lcl|NC_037651.1_mrna_XM_006565710.3_25609	5597	5398	378.142	3.83448
lcl|NC_037651.1_mrna_XM_006565714.3_25610	5566	5367	26.1482	0.266683
lcl|NC_037651.1_mrna_XM_006565709.3_25611	5611	5412	0	0
lcl|NC_037651.1_mrna_XM_006565712.3_25612	5569	5370	0	0
lcl|NC_037651.1_mrna_XM_006565707.3_25613	4923	4724	2579.38	29.8875
lcl|NC_037651.1_mrna_XM_006565706.3_25614	5223	5024	50.2008	0.546949
lcl|NC_037651.1_mrna_XM_006565705.3_25615	5377	5178	43.2745	0.457462
lcl|NC_037651.1_mrna_XM_006565703.3_25616	5394	5195	359.56	3.78854
lcl|NC_037651.1_mrna_XM_006565704.3_25617	5406	5207	82.6231	0.868559
lcl|NC_037651.1_mrna_XM_006565715.3_25618	5562	5363	55.1787	0.563182
lcl|NC_037651.1_mrna_XM_006565716.3_25619	5544	5345	0	0
lcl|NC_037651.1_mrna_XM_006565702.3_25620	5613	5414	0	0
lcl|NC_037651.1_mrna_XM_006565711.3_25621	5646	5447	490.351	4.92759
lcl|NC_037651.1_mrna_XM_006565718.3_25622	5495	5296	822.792	8.50408
lcl|NC_037651.1_mrna_XM_006565713.3_25623	5564	5365	3.7061e-08	3.78123e-10
lcl|NC_037651.1_mrna_XM_016916285.2_25624	6062	5863	7007.03	65.4183
lcl|NC_037651.1_mrna_XM_016916283.2_25625	6213	6014	1682.13	15.3102
lcl|NC_037651.1_mrna_XM_006565697.3_25626	10988	10789	1164.44	5.90774
lcl|NC_037651.1_mrna_XM_006565698.3_25627	10423	10224	1128.82	6.04353
lcl|NC_037651.1_mrna_XM_016916135.2_25628	10339	10140	628.767	3.3942
lcl|NC_037651.1_mrna_XM_006565699.3_25629	10419	10220	1199.49	6.42438
lcl|NC_037651.1_mrna_XM_392041.6_25630	4251	4052	4969.35	67.1299
lcl|NC_037651.1_mrna_XM_394040.7_25631	1026	827	95	6.28787
lcl|NC_037651.1_miscrna_XR_003306047.1_25632	1663	1464	134.388	5.02463
lcl|NC_037651.1_miscrna_XR_003306048.1_25633	1657	1458	0	0
lcl|NC_037651.1_mrna_XM_016916152.2_25634	1324	1125	59.6369	2.90167
lcl|NC_037651.1_mrna_XM_016916153.2_25635	1318	1119	0	0
lcl|NC_037651.1_mrna_XM_016916154.2_25636	973	774	5.37518	0.380135
lcl|NC_037651.1_miscrna_XR_003306049.1_25637	1783	1584	39.6	1.36844
lcl|NC_037651.1_mrna_XM_006565680.3_25638	4915	4716	171.605	1.99178
lcl|NC_037651.1_mrna_XM_394041.7_25639	3594	3395	2275.4	36.6862
lcl|NC_037651.1_mrna_XM_026445063.1_25640	3307	3108	201	3.53998
lcl|NC_037651.1_mrna_XM_026445182.1_25641	691	492	53	5.89652
lcl|NC_037651.1_mrna_XM_026445064.1_25642	660	461	41.7244	4.95421
lcl|NC_037651.1_mrna_XM_026445067.1_25643	609	410	0	0
lcl|NC_037651.1_mrna_XM_026445066.1_25644	1083	884	22.2756	1.37931
lcl|NC_037651.1_mrna_XM_026445065.1_25645	1154	955	0	0
lcl|NC_037651.1_mrna_NM_001011606.1_25646	1733	1534	12	0.428195
lcl|NC_037651.1_mrna_XM_026445046.1_25647	8334	8135	14.0466	0.0945144
lcl|NC_037651.1_mrna_XM_026445056.1_25648	8266	8067	132.351	0.89805
lcl|NC_037651.1_ncrna_XR_003306050.1_25649	1496	1297	20	0.844064
lcl|NC_037651.1_mrna_XM_026445045.1_25650	7978	7779	0	0
lcl|NC_037651.1_mrna_XM_026445049.1_25651	7957	7758	5.76243e-08	4.06576e-10
lcl|NC_037651.1_mrna_XM_026445047.1_25652	7969	7770	3.39552e-07	2.39205e-09
lcl|NC_037651.1_mrna_XM_026445052.1_25653	7948	7749	0.285499	0.00201671
lcl|NC_037651.1_mrna_XM_026445059.1_25654	7681	7482	5.56388e-08	4.07048e-10
lcl|NC_037651.1_mrna_XM_026445060.1_25655	7672	7473	2.54128e-07	1.86141e-09
lcl|NC_037651.1_mrna_XM_026445048.1_25656	7960	7761	0	0
lcl|NC_037651.1_mrna_XM_026445051.1_25657	7954	7755	0	0
lcl|NC_037651.1_mrna_XM_026445054.1_25658	7924	7725	535.842	3.79685
lcl|NC_037651.1_mrna_XM_026445058.1_25659	7702	7503	210.15	1.53313
lcl|NC_037651.1_mrna_XM_026445062.1_25660	7393	7194	1145.17	8.71334
lcl|NC_037651.1_mrna_XM_026445053.1_25661	7939	7740	3.90644	0.0276265
lcl|NC_037651.1_mrna_XM_026445055.1_25662	7910	7711	0	0
lcl|NC_037651.1_mrna_XM_026445057.1_25663	7871	7672	535.328	3.81941
lcl|NC_037651.1_mrna_XM_026445061.1_25664	7626	7427	1100.11	8.10793
lcl|NC_037651.1_mrna_XM_006565664.3_25665	863	664	245.038	20.1999
lcl|NC_037651.1_mrna_XM_006565663.3_25666	874	675	24.4929	1.98619
lcl|NC_037651.1_mrna_XM_006565666.3_25667	1011	812	133.777	9.01799
lcl|NC_037651.1_mrna_XM_006565665.3_25668	1023	824	842.693	55.9793
lcl|NC_037651.1_mrna_XM_006565662.3_25669	3570	3371	4089.29	66.401
lcl|NC_037651.1_mrna_XM_394046.7_25670	3296	3097	2959.71	52.311
lcl|NC_037651.1_precursorrna_NR_031508.1_25671	87	3.88332	0	0
lcl|NC_037651.1_ncrna_25672	23	2.74792	0	0
lcl|NC_037651.1_mrna_XM_016916295.2_25673	7150	6951	69.4132	0.546613
lcl|NC_037651.1_mrna_XM_016916294.2_25674	7131	6932	0.000229102	1.80907e-06
lcl|NC_037651.1_mrna_XM_001122993.5_25675	7108	6909	935.751	7.41362
lcl|NC_037651.1_mrna_XM_001122996.5_25676	2231	2032	45.875	1.23577
lcl|NC_037651.1_mrna_XM_006565660.3_25677	3209	3010	446.417	8.1182
lcl|NC_037651.1_mrna_XM_016916293.2_25678	3176	2977	75.7081	1.39203
lcl|NC_037651.1_mrna_XM_001123003.4_25679	634	435	474	59.645
lcl|NC_037651.1_mrna_XM_394050.7_25680	3252	3053	1057	18.9511
lcl|NC_037651.1_mrna_NM_001242458.1_25681	3600	3401	4469	71.9265
lcl|NC_037651.1_mrna_XM_006565644.3_25682	3298	3099	984.136	17.3828
lcl|NC_037651.1_mrna_XM_006565645.3_25683	2690	2491	748.061	16.438
lcl|NC_037651.1_mrna_XM_026445024.1_25684	1468	1269	42.6922	1.8415
lcl|NC_037651.1_mrna_XM_016916300.2_25685	2719	2520	0	0
lcl|NC_037651.1_mrna_XM_392776.6_25686	2748	2549	4326.27	92.9028
lcl|NC_037651.1_mrna_XM_026445026.1_25687	1485	1286	0	0
lcl|NC_037651.1_mrna_XM_026445025.1_25688	1472	1273	0	0
lcl|NC_037651.1_mrna_XM_016916305.2_25689	1296	1097	4.9162e-06	2.45306e-07
lcl|NC_037651.1_mrna_XM_006565649.3_25690	1394	1195	0	0
lcl|NC_037651.1_mrna_XM_006565653.3_25691	1283	1084	16.805	0.848584
lcl|NC_037651.1_mrna_XM_026445029.1_25692	1263	1064	23.9077	1.22993
lcl|NC_037651.1_mrna_XM_026445028.1_25693	1491	1292	0	0
lcl|NC_037651.1_mrna_XM_026445027.1_25694	1728	1529	0	0
lcl|NC_037651.1_mrna_XM_006565654.3_25695	1380	1181	6.28729	0.291406
lcl|NC_037651.1_mrna_XM_016916306.2_25696	1569	1370	0	0
lcl|NC_037651.1_mrna_XM_016916301.2_25697	1528	1329	13.1101	0.539966
lcl|NC_037651.1_mrna_XM_395757.7_25698	2364	2165	814	20.5803
lcl|NC_037651.1_mrna_XM_026444928.1_25699	1663	1464	1332	49.8022
lcl|NC_037651.1_mrna_XM_006565642.2_25700	2004	1805	21.8989	0.664097
lcl|NC_037651.1_mrna_XM_394968.6_25701	2178	1979	33.0747	0.91482
lcl|NC_037651.1_mrna_XM_006565643.2_25702	1956	1757	11.0263	0.343514
lcl|NC_037651.1_mrna_XM_003250668.4_25703	2241	2042	752	20.158
lcl|NC_037651.1_mrna_XM_003250667.4_25704	1233	1034	62	3.28214
lcl|NC_037651.1_mrna_XM_394044.7_25705	4109	3910	996.85	13.9553
lcl|NC_037651.1_mrna_XM_006565641.3_25706	2887	2688	1131.15	23.0344
lcl|NC_037651.1_mrna_NM_001162398.1_25707	165	8.64817	0	0
lcl|NC_037651.1_mrna_XM_006565640.3_25708	468	269	469	95.4346
lcl|NC_037651.1_mrna_XM_026445233.1_25709	4223	4024	1043.31	14.1919
lcl|NC_037651.1_mrna_XM_026445231.1_25710	4550	4351	2279.8	28.6808
lcl|NC_037651.1_mrna_XM_026445232.1_25711	4551	4352	679.559	8.54719
lcl|NC_037651.1_mrna_XM_392043.7_25712	4881	4682	587.413	6.86748
lcl|NC_037651.1_mrna_XM_006565637.3_25713	4679	4480	1363.89	16.6643
lcl|NC_037651.1_mrna_XM_016916239.2_25714	4290	4091	0.0283206	0.000378929
lcl|NC_037651.1_mrna_XM_026445185.1_25715	330	131	0	0
lcl|NC_037651.1_mrna_XM_026445002.1_25716	3840	3641	944.132	14.1938
lcl|NC_037651.1_mrna_XM_006565634.3_25717	3260	3061	6	0.107293
lcl|NC_037651.1_mrna_XM_026444985.1_25718	1848	1649	147.91	4.90978
lcl|NC_037651.1_mrna_XM_026444983.1_25719	2756	2557	78.0811	1.67148
lcl|NC_037651.1_mrna_XM_026444984.1_25720	2777	2578	0	0
lcl|NC_037651.1_mrna_XM_006565632.3_25721	2224	2025	121.009	3.27098
lcl|NC_037651.1_mrna_XM_396730.5_25722	2445	2246	315	7.6769
lcl|NC_037651.1_mrna_XM_026444982.1_25723	6359	6160	2710	24.081
lcl|NC_037651.1_mrna_XM_003250654.4_25724	486	287	570.583	108.823
lcl|NC_037651.1_mrna_XM_003250655.4_25725	479	280	1.82062e-08	3.55914e-09
lcl|NC_037651.1_mrna_XM_001123018.5_25726	402	203	794.417	214.209
lcl|NC_037651.1_mrna_XM_393116.7_25727	2113	1914	663.152	18.9652
lcl|NC_037651.1_mrna_XM_016916184.2_25728	990	791	334.848	23.1716
lcl|NC_037651.1_mrna_XM_026444986.1_25729	8448	8249	0	0
lcl|NC_037651.1_mrna_XM_026444988.1_25730	8011	7812	3471.11	24.3216
lcl|NC_037651.1_mrna_XM_026444987.1_25731	8652	8453	120.149	0.778024
lcl|NC_037651.1_mrna_XM_026444989.1_25732	7442	7243	3721.74	28.1263
lcl|NC_037651.1_mrna_XM_006565624.3_25733	1398	1199	35.9427	1.64088
lcl|NC_037651.1_mrna_XM_391988.7_25734	1416	1217	1278.06	57.4837
lcl|NC_037651.1_miscrna_XR_001705502.2_25735	1663	1464	0.00748135	0.00027972
lcl|NC_037651.1_miscrna_XR_001705501.2_25736	1788	1589	0	0
lcl|NC_037651.1_miscrna_XR_001705508.2_25737	1461	1262	167.622	7.27037
lcl|NC_037651.1_mrna_XM_016916128.2_25738	1586	1387	4.21245e-07	1.66243e-08
lcl|NC_037651.1_mrna_XM_016916125.2_25739	1634	1435	267.168	10.191
lcl|NC_037651.1_miscrna_XR_001705507.2_25740	1673	1474	178.025	6.61104
lcl|NC_037651.1_miscrna_XR_001705500.2_25741	1706	1507	0	0
lcl|NC_037651.1_miscrna_XR_001705503.2_25742	1724	1525	315.429	11.3218
lcl|NC_037651.1_mrna_XM_016916123.2_25743	1552	1353	673.734	27.2569
lcl|NC_037651.1_miscrna_XR_001705506.2_25744	1591	1392	5959.99	234.364
lcl|NC_037651.1_mrna_XM_016916126.2_25745	1486	1287	735.269	31.2718
lcl|NC_037651.1_mrna_XM_026444952.1_25746	1190	991	336.841	18.6053
lcl|NC_037651.1_mrna_XM_026444950.1_25747	1330	1131	0	0
lcl|NC_037651.1_mrna_XM_026444951.1_25748	1353	1154	973.844	46.1922
lcl|NC_037651.1_mrna_XM_016916127.2_25749	1197	998	72.337	3.96748
lcl|NC_037651.1_mrna_XM_016916124.2_25750	1481	1282	979.924	41.8398
lcl|NC_037651.1_miscrna_XR_001705504.2_25751	1483	1284	0	0
lcl|NC_037651.1_mrna_XM_391989.7_25752	1865	1666	1403.74	46.121
lcl|NC_037651.1_mrna_XM_006565621.3_25753	1902	1703	73.2558	2.35458
lcl|NC_037651.1_mrna_XM_006565622.3_25754	1885	1686	1.97438e-07	6.41002e-09
lcl|NC_037651.1_ncrna_XR_410331.3_25755	491	292	5	0.937287
lcl|NC_037651.1_mrna_XM_026445186.1_25756	504	305	0	0
lcl|NC_037651.1_mrna_XM_026444881.1_25757	1980	1781	415.431	12.7679
lcl|NC_037651.1_mrna_XM_026444884.1_25758	1910	1711	50.657	1.62059
lcl|NC_037651.1_mrna_XM_026444883.1_25759	1905	1706	4.47203	0.143487
lcl|NC_037651.1_mrna_XM_026444882.1_25760	1900	1701	170.002	5.4706
lcl|NC_037651.1_mrna_XM_026444885.1_25761	1273	1074	188.012	9.58221
lcl|NC_037651.1_mrna_NM_001042460.1_25762	1778	1579	165.427	5.73468
lcl|NC_037651.1_mrna_XM_006565607.3_25763	3970	3771	4441	64.4629
lcl|NC_037651.1_mrna_XM_006565605.3_25764	3315	3116	186.513	3.27639
lcl|NC_037651.1_mrna_XM_392044.7_25765	3303	3104	1594.49	28.1181
lcl|NC_037651.1_mrna_XM_006565606.3_25766	3170	2971	2102.99	38.7454
lcl|NC_037651.1_mrna_XM_394045.7_25767	3862	3663	1359.28	20.3122
lcl|NC_037651.1_mrna_XM_006565603.3_25768	2458	2259	3253.72	78.8406
lcl|NC_037651.1_mrna_XM_392920.7_25769	912	713	949	72.8554
lcl|NC_037652.1_mrna_XM_026445412.1_25770	546	347	901.951	142.278
lcl|NC_037652.1_mrna_XM_395566.7_25771	1008	809	345.127	23.3515
lcl|NC_037652.1_miscrna_XR_003306152.1_25772	1713	1514	30.0652	1.08699
lcl|NC_037652.1_mrna_XM_026445473.1_25773	1492	1293	15.9348	0.674579
lcl|NC_037652.1_mrna_XM_026445567.1_25774	2249	2050	12	0.320415
lcl|NC_037652.1_mrna_XM_026445566.1_25775	2368	2169	0	0
lcl|NC_037652.1_mrna_XM_026445481.1_25776	19089	18890	30.8003	0.0892501
lcl|NC_037652.1_mrna_XM_026445474.1_25777	19115	18916	0	0
lcl|NC_037652.1_mrna_XM_026445479.1_25778	19029	18830	18.698	0.0543538
lcl|NC_037652.1_mrna_XM_026445476.1_25779	18864	18665	0	0
lcl|NC_037652.1_mrna_XM_026445475.1_25780	18762	18563	8.69937e-07	2.56522e-09
lcl|NC_037652.1_mrna_XM_026445484.1_25781	19078	18879	7.18396	0.0208291
lcl|NC_037652.1_mrna_XM_026445485.1_25782	19051	18852	0	0
lcl|NC_037652.1_mrna_XM_026445486.1_25783	18979	18780	34.2391	0.0997956
lcl|NC_037652.1_mrna_XM_026445480.1_25784	19102	18903	0	0
lcl|NC_037652.1_mrna_XM_026445487.1_25785	18949	18750	1.62199	0.00473513
lcl|NC_037652.1_mrna_XM_026445482.1_25786	19084	18885	0	0
lcl|NC_037652.1_mrna_XM_026445483.1_25787	18731	18532	8.02753e-05	2.37107e-07
lcl|NC_037652.1_mrna_XM_026445488.1_25788	18885	18686	42.9731	0.125882
lcl|NC_037652.1_mrna_XM_026445491.1_25789	19047	18848	596.464	1.73223
lcl|NC_037652.1_mrna_XM_026445489.1_25790	18599	18400	0.000383633	1.14126e-06
lcl|NC_037652.1_mrna_XM_026445490.1_25791	18355	18156	1749.98	5.27592
lcl|NC_037652.1_mrna_XM_026445478.1_25792	18534	18335	3.03923	0.00907335
lcl|NC_037652.1_mrna_XM_026445494.1_25793	3968	3769	200.735	2.91529
lcl|NC_037652.1_mrna_XM_026445495.1_25794	4742	4543	981.851	11.8301
lcl|NC_037652.1_mrna_XM_026445492.1_25795	4028	3829	276.149	3.94769
lcl|NC_037652.1_miscrna_XR_003306153.1_25796	4189	3990	72.902	1.00012
lcl|NC_037652.1_mrna_XM_026445493.1_25797	3788	3589	199.437	3.04171
lcl|NC_037652.1_mrna_XM_026445496.1_25798	3625	3426	18.926	0.302382
lcl|NC_037652.1_mrna_XM_026445498.1_25799	1608	1409	3	0.116546
lcl|NC_037652.1_mrna_XM_394113.7_25800	668	469	921	107.491
lcl|NC_037652.1_mrna_XM_006557931.3_25801	662	463	4.74141e-05	5.60547e-06
lcl|NC_037652.1_mrna_XM_026445534.1_25802	1506	1307	151.444	6.34254
lcl|NC_037652.1_mrna_XM_026445533.1_25803	1523	1324	525.266	21.7158
lcl|NC_037652.1_mrna_XM_026445531.1_25804	1564	1365	0	0
lcl|NC_037652.1_mrna_XM_026445532.1_25805	1378	1179	1355.29	62.9222
lcl|NC_037652.1_mrna_XM_006557936.2_25806	2168	1969	448.586	12.4705
lcl|NC_037652.1_mrna_XM_001120689.5_25807	2124	1925	132.628	3.77128
lcl|NC_037652.1_mrna_XM_016916574.1_25808	1111	912	127.568	7.65653
lcl|NC_037652.1_mrna_XM_006557937.3_25809	1254	1055	324.218	16.8217
lcl|NC_037652.1_mrna_XM_623714.6_25810	877	678	334	26.9651
lcl|NC_037652.1_mrna_XM_026445673.1_25811	2596	2397	647.608	14.7887
lcl|NC_037652.1_mrna_XM_026445672.1_25812	2956	2757	1784.39	35.4274
lcl|NC_037652.1_mrna_XM_026445674.1_25813	2867	2668	836	17.1516
lcl|NC_037652.1_mrna_XM_016917359.2_25814	428	229	67.8001	16.2062
lcl|NC_037652.1_mrna_XM_026445676.1_25815	709	510	91.7552	9.84795
lcl|NC_037652.1_mrna_XM_026445671.1_25816	4856	4657	670.986	7.88665
lcl|NC_037652.1_ncrna_XR_001706218.2_25817	1672	1473	130	4.83088
lcl|NC_037652.1_mrna_XM_026445284.1_25818	8994	8795	5266.66	32.7782
lcl|NC_037652.1_mrna_XM_026445282.1_25819	9436	9237	367.556	2.1781
lcl|NC_037652.1_mrna_XM_026445281.1_25820	9221	9022	7992.54	48.4917
lcl|NC_037652.1_mrna_XM_026445283.1_25821	10036	9837	1029.58	5.72906
lcl|NC_037652.1_mrna_XM_026445285.1_25822	2424	2225	471.511	11.5997
lcl|NC_037652.1_mrna_NM_001042458.1_25823	1721	1522	172.203	6.19315
lcl|NC_037652.1_ncrna_XR_001705719.2_25824	1257	1058	4	0.206947
lcl|NC_037652.1_ncrna_XR_003306154.1_25825	899	700	0	0
lcl|NC_037652.1_ncrna_XR_001705723.2_25826	857	658	16	1.331
lcl|NC_037652.1_mrna_XM_006557589.3_25827	1539	1340	149	6.08649
lcl|NC_037652.1_mrna_XM_016916681.2_25828	2864	2665	442.854	9.09595
lcl|NC_037652.1_mrna_XM_392047.7_25829	2963	2764	5011.55	99.2475
lcl|NC_037652.1_mrna_XM_006557588.3_25830	2875	2676	158.943	3.25119
lcl|NC_037652.1_mrna_XM_006557587.3_25831	2859	2660	1522.74	31.335
lcl|NC_037652.1_mrna_XM_006557583.3_25832	4922	4723	265.732	3.07971
lcl|NC_037652.1_mrna_XM_006557582.3_25833	4805	4606	4614.19	54.8349
lcl|NC_037652.1_mrna_XM_006557585.3_25834	4609	4410	0	0
lcl|NC_037652.1_mrna_XM_006557584.3_25835	4886	4687	11102	129.655
lcl|NC_037652.1_mrna_XM_006557581.3_25836	1982	1783	205.731	6.31587
lcl|NC_037652.1_trna_25837	83	3.78007	0	0
lcl|NC_037652.1_mrna_XM_395910.7_25838	1774	1575	621.269	21.5916
lcl|NC_037652.1_mrna_XM_026445515.1_25839	2497	2298	945	22.5096
lcl|NC_037652.1_mrna_XM_026445516.1_25840	2261	2062	0	0
lcl|NC_037652.1_mrna_XM_016916837.1_25841	1575	1376	236.469	9.40677
lcl|NC_037652.1_mrna_XM_026445517.1_25842	1925	1726	784.642	24.8838
lcl|NC_037652.1_mrna_XM_006557591.3_25843	1361	1162	0	0
lcl|NC_037652.1_mrna_XM_392709.7_25844	1313	1114	0	0
lcl|NC_037652.1_ncrna_XR_001705783.2_25845	877	678	4.88955	0.394752
lcl|NC_037652.1_ncrna_XR_001705781.2_25846	995	796	0	0
lcl|NC_037652.1_mrna_XM_006557590.3_25847	1108	909	4	0.240869
lcl|NC_037652.1_mrna_XM_026445401.1_25848	2702	2503	141	3.0835
lcl|NC_037652.1_mrna_XM_016917769.2_25849	1450	1251	2	0.0875101
lcl|NC_037652.1_mrna_XM_623309.5_25850	1764	1565	1070	37.4244
lcl|NC_037652.1_mrna_XM_003249206.4_25851	395	196	117.324	32.7655
lcl|NC_037652.1_mrna_XM_006558237.3_25852	432	233	56.6757	13.3145
lcl|NC_037652.1_mrna_XM_026445251.1_25853	2528	2329	103.119	2.42356
lcl|NC_037652.1_mrna_NM_001242517.1_25854	2333	2134	367.881	9.43623
lcl|NC_037652.1_mrna_XM_006558239.3_25855	1587	1388	5.94279	0.234361
lcl|NC_037652.1_mrna_XM_392728.7_25856	1640	1441	10.0572	0.382031
lcl|NC_037652.1_mrna_XM_395264.7_25857	2335	2136	1572	40.2844
lcl|NC_037652.1_mrna_XM_006558246.3_25858	3751	3552	66.4687	1.02431
lcl|NC_037652.1_mrna_XM_006558242.3_25859	3799	3600	2511.79	38.1915
lcl|NC_037652.1_mrna_XM_026445316.1_25860	3809	3610	22.325	0.338509
lcl|NC_037652.1_mrna_XM_006558243.3_25861	3862	3663	149.07	2.22761
lcl|NC_037652.1_mrna_XM_026445315.1_25862	3922	3723	17.0129	0.250132
lcl|NC_037652.1_mrna_XM_006558244.3_25863	3974	3775	154.174	2.23552
lcl|NC_037652.1_mrna_XM_016916808.2_25864	3920	3721	46.7907	0.688311
lcl|NC_037652.1_mrna_XM_006558241.3_25865	3972	3773	407.485	5.91167
lcl|NC_037652.1_mrna_XM_016916807.2_25866	3673	3474	0.00351327	5.53563e-05
lcl|NC_037652.1_mrna_XM_026445314.1_25867	3847	3648	18.9142	0.283803
lcl|NC_037652.1_mrna_XM_006558245.3_25868	3900	3701	125.962	1.86296
lcl|NC_037652.1_mrna_XM_001121683.5_25869	839	640	156	13.3423
lcl|NC_037652.1_mrna_XM_026445642.1_25870	1958	1759	23.6107	0.734732
lcl|NC_037652.1_mrna_XM_026445643.1_25871	1660	1461	57.3893	2.15013
lcl|NC_037652.1_mrna_XM_026445646.1_25872	1881	1682	75.1245	2.44479
lcl|NC_037652.1_mrna_XM_016916713.2_25873	2074	1875	0	0
lcl|NC_037652.1_mrna_XM_026445644.1_25874	1696	1497	52.5192	1.92035
lcl|NC_037652.1_mrna_XM_006558262.3_25875	2058	1859	159.885	4.70777
lcl|NC_037652.1_ncrna_XR_407797.3_25876	816	617	3	0.266147
lcl|NC_037652.1_mrna_XM_026445645.1_25877	1527	1328	13.783	0.56811
lcl|NC_037652.1_mrna_XM_026445647.1_25878	1508	1309	11.5612	0.483448
lcl|NC_037652.1_mrna_XM_006558250.3_25879	4430	4231	3561.86	46.0806
lcl|NC_037652.1_mrna_XM_006558251.3_25880	2022	1823	0	0
lcl|NC_037652.1_mrna_XM_006558252.3_25881	2019	1820	0	0
lcl|NC_037652.1_mrna_XM_395294.7_25882	2007	1808	858.554	25.9929
lcl|NC_037652.1_mrna_XM_006558257.3_25883	1896	1697	30.4615	0.982549
lcl|NC_037652.1_mrna_XM_016916717.2_25884	1509	1310	0	0
lcl|NC_037652.1_mrna_XM_016916718.2_25885	1280	1081	0	0
lcl|NC_037652.1_mrna_XM_026445648.1_25886	560	361	682	103.41
lcl|NC_037652.1_mrna_XM_026445461.1_25887	1201	1002	31.8745	1.74125
lcl|NC_037652.1_mrna_XM_026445462.1_25888	1197	998	243.125	13.3348
lcl|NC_037652.1_mrna_XM_006558263.3_25889	2372	2173	838	21.1091
lcl|NC_037652.1_mrna_XM_016916868.2_25890	2281	2082	0.00049037	1.28923e-05
lcl|NC_037652.1_mrna_XM_026445380.1_25891	4167	3968	34.748	0.479339
lcl|NC_037652.1_mrna_XM_016916720.2_25892	3866	3667	116.468	1.73853
lcl|NC_037652.1_mrna_XM_026445381.1_25893	3735	3536	0	0
lcl|NC_037652.1_mrna_XM_395425.6_25894	3112	2913	97.784	1.83744
lcl|NC_037652.1_mrna_XM_016916721.2_25895	3103	2904	0	0
lcl|NC_037652.1_mrna_XM_006558266.3_25896	4145	3946	77.7906	1.07908
lcl|NC_037652.1_mrna_XM_006558265.3_25897	4147	3948	0.566609	0.00785583
lcl|NC_037652.1_mrna_XM_393077.7_25898	4057	3858	116.242	1.64925
lcl|NC_037652.1_mrna_XM_016916723.2_25899	4059	3860	200.345	2.84103
lcl|NC_037652.1_mrna_XM_006558267.3_25900	4058	3859	1612.9	22.878
lcl|NC_037652.1_mrna_XM_026445388.1_25901	3532	3333	0	0
lcl|NC_037652.1_mrna_XM_026445361.1_25902	5268	5069	0	0
lcl|NC_037652.1_mrna_XM_026445362.1_25903	5265	5066	113.161	1.22269
lcl|NC_037652.1_mrna_XM_026445364.1_25904	5198	4999	0.0108594	0.000118907
lcl|NC_037652.1_mrna_XM_026445365.1_25905	5189	4990	0	0
lcl|NC_037652.1_mrna_XM_026445366.1_25906	5120	4921	157.341	1.75014
lcl|NC_037652.1_mrna_XM_026445363.1_25907	4771	4572	31.4471	0.376495
lcl|NC_037652.1_mrna_XM_016916841.2_25908	4477	4278	934.04	11.9512
lcl|NC_037652.1_mrna_XM_026445367.1_25909	2109	1910	7	0.200609
lcl|NC_037652.1_mrna_XM_026445526.1_25910	585	386	23.9717	3.39936
lcl|NC_037652.1_mrna_XM_026445527.1_25911	946	747	93.0283	6.81679
lcl|NC_037652.1_mrna_XM_026445529.1_25912	2072	1873	322	9.4103
lcl|NC_037652.1_mrna_XM_001122465.5_25913	1406	1207	156	7.07461
lcl|NC_037652.1_mrna_XM_026445519.1_25914	1054	855	111	7.10628
lcl|NC_037652.1_mrna_XM_625111.5_25915	1226	1027	3228	172.048
lcl|NC_037652.1_mrna_XM_625105.5_25916	1127	928	338	19.9367
lcl|NC_037652.1_mrna_XM_016916851.2_25917	1356	1157	21.4311	1.0139
lcl|NC_037652.1_mrna_XM_016916850.2_25918	1503	1304	112.28	4.71312
lcl|NC_037652.1_mrna_XM_006558276.3_25919	1150	951	96.2894	5.54221
lcl|NC_037652.1_mrna_XM_026445414.1_25920	2155	1956	456.072	12.7629
lcl|NC_037652.1_mrna_XM_395946.7_25921	1889	1690	342.665	11.0986
lcl|NC_037652.1_mrna_XM_016916849.2_25922	1854	1655	19.2632	0.637111
lcl|NC_037652.1_mrna_XM_003249211.4_25923	666	467	414	48.5254
lcl|NC_037652.1_mrna_XM_392993.7_25924	3218	3019	3652.42	66.2221
lcl|NC_037652.1_precursorrna_NR_039494.1_25925	118	4.96017	0	0
lcl|NC_037652.1_ncrna_25926	21	2.72438	0	0
lcl|NC_037652.1_precursorrna_NR_039493.1_25927	125	5.29865	0	0
lcl|NC_037652.1_ncrna_25928	23	2.74792	0	0
lcl|NC_037652.1_precursorrna_NR_039492.1_25929	139	6.13964	0	0
lcl|NC_037652.1_ncrna_25930	21	2.72438	0	0
lcl|NC_037652.1_precursorrna_NR_039491.1_25931	127	5.40428	0	0
lcl|NC_037652.1_ncrna_25932	24	2.75981	0	0
lcl|NC_037652.1_precursorrna_NR_039490.1_25933	93	4.05064	0	0
lcl|NC_037652.1_precursorrna_NR_127377.1_25934	78	3.65937	0	0
lcl|NC_037652.1_ncrna_25935	21	2.72438	0	0
lcl|NC_037652.1_ncrna_25936	20	2.71266	0	0
lcl|NC_037652.1_mrna_XM_001122354.5_25937	1695	1496	740.581	27.0973
lcl|NC_037652.1_mrna_XM_006558279.3_25938	1890	1691	2562.92	82.9615
lcl|NC_037652.1_mrna_XM_026445290.1_25939	1737	1538	480.693	17.1079
lcl|NC_037652.1_mrna_XM_016916763.2_25940	1890	1691	583.097	18.8748
lcl|NC_037652.1_mrna_XM_026445289.1_25941	2053	1854	78.9329	2.33042
lcl|NC_037652.1_mrna_XM_001122328.5_25942	2395	2196	0.000459085	1.14432e-05
lcl|NC_037652.1_miscrna_XR_001705758.2_25943	2276	2077	253.757	6.68754
lcl|NC_037652.1_mrna_XM_006558284.3_25944	2308	2109	520.775	13.5163
lcl|NC_037652.1_mrna_XM_006558283.3_25945	2278	2079	378.354	9.96161
lcl|NC_037652.1_mrna_XM_026445287.1_25946	2026	1827	417.395	12.5053
lcl|NC_037652.1_mrna_XM_026445291.1_25947	1032	833	13.0768	0.859294
lcl|NC_037652.1_mrna_XM_016916883.2_25948	3016	2817	333.592	6.48208
lcl|NC_037652.1_mrna_XM_026445518.1_25949	2484	2285	18.4079	0.440964
lcl|NC_037652.1_mrna_XM_026445569.1_25950	2415	2216	6	0.148206
lcl|NC_037652.1_trna_25951	72	3.52559	0	0
lcl|NC_037652.1_trna_25952	73	3.5471	0	0
lcl|NC_037652.1_trna_25953	73	3.5471	0	0
lcl|NC_037652.1_mrna_XM_006558291.3_25954	1031	832	166.4	10.9475
lcl|NC_037652.1_mrna_XM_001120409.5_25955	991	792	201.6	13.9332
lcl|NC_037652.1_mrna_XM_026445413.1_25956	2483	2284	225.443	5.40288
lcl|NC_037652.1_mrna_XM_003249201.4_25957	971	772	778	55.163
lcl|NC_037652.1_mrna_NM_001040224.1_25958	399	200	1	0.273688
lcl|NC_037652.1_mrna_NM_001040223.1_25959	550	351	17	2.65111
lcl|NC_037652.1_mrna_NM_001040208.1_25960	551	352	2	0.311009
lcl|NC_037652.1_mrna_NM_001040205.1_25961	703	504	5	0.543031
lcl|NC_037652.1_mrna_NM_001040207.1_25962	1175	976	39	2.18726
lcl|NC_037652.1_mrna_NM_001040227.1_25963	718	519	18	1.89841
lcl|NC_037652.1_mrna_NM_001040209.1_25964	588	389	13	1.82928
lcl|NC_037652.1_mrna_XM_016916804.2_25965	598	399	0	0
lcl|NC_037652.1_mrna_NM_001040206.1_25966	684	485	73	8.23885
lcl|NC_037652.1_mrna_XM_026445311.1_25967	3247	3048	2635.9	47.3368
lcl|NC_037652.1_mrna_XM_624367.5_25968	3156	2957	3489.6	64.5965
lcl|NC_037652.1_miscrna_XR_003306115.1_25969	3722	3523	0.00218963	3.40206e-05
lcl|NC_037652.1_mrna_XM_006558292.3_25970	3717	3518	207.279	3.22511
lcl|NC_037652.1_mrna_XM_001120353.5_25971	2155	1956	304	8.50727
lcl|NC_037652.1_mrna_XM_026445317.1_25972	3180	2981	2846.28	52.2637
lcl|NC_037652.1_mrna_XM_026445318.1_25973	3174	2975	39.7868	0.732044
lcl|NC_037652.1_mrna_XM_006558293.3_25974	3314	3115	406.937	7.1508
lcl|NC_037652.1_ncrna_XR_003306116.1_25975	3349	3150	109	1.89409
lcl|NC_037652.1_trna_25976	72	3.52559	0	0
lcl|NC_037652.1_ncrna_XR_001705651.2_25977	853	654	0	0
lcl|NC_037652.1_mrna_XM_393326.7_25978	1693	1494	12	0.439659
lcl|NC_037652.1_mrna_XM_026445551.1_25979	1871	1672	0	0
lcl|NC_037652.1_miscrna_XR_001705757.2_25980	7516	7317	351.861	2.63223
lcl|NC_037652.1_miscrna_XR_408163.3_25981	7484	7285	634.419	4.76686
lcl|NC_037652.1_mrna_XM_001122933.5_25982	7243	7044	774.017	6.01473
lcl|NC_037652.1_mrna_XM_006559030.3_25983	7099	6900	1362.99	10.8126
lcl|NC_037652.1_mrna_XM_016916759.2_25984	7216	7017	0.0574183	0.000447903
lcl|NC_037652.1_mrna_XM_006559029.3_25985	7252	7053	154.499	1.19905
lcl|NC_037652.1_mrna_XM_016916761.2_25986	5504	5305	85.1917	0.879016
lcl|NC_037652.1_miscrna_XR_001705756.2_25987	5932	5733	0	0
lcl|NC_037652.1_miscrna_XR_001705755.2_25988	5996	5797	258.946	2.44507
lcl|NC_037652.1_mrna_XM_026445684.1_25989	3107	2908	58.2074	1.09564
lcl|NC_037652.1_mrna_XM_026445685.1_25990	3084	2885	354.092	6.71825
lcl|NC_037652.1_mrna_XM_026445683.1_25991	3058	2859	612.7	11.7306
lcl|NC_037652.1_mrna_XM_016916864.2_25992	1605	1406	1920.09	74.752
lcl|NC_037652.1_mrna_XM_026445390.1_25993	2557	2358	207.39	4.81426
lcl|NC_037652.1_mrna_XM_016916865.2_25994	1686	1487	0	0
lcl|NC_037652.1_mrna_XM_016916863.2_25995	1916	1717	115.083	3.66882
lcl|NC_037652.1_mrna_XM_016916862.2_25996	1749	1550	89.4569	3.15913
lcl|NC_037652.1_mrna_XM_026445389.1_25997	3675	3476	21.7505	0.342511
lcl|NC_037652.1_mrna_XM_016916861.2_25998	3512	3313	0	0
lcl|NC_037652.1_mrna_XM_006559032.3_25999	3528	3329	0	0
lcl|NC_037652.1_mrna_XM_016916866.2_26000	1650	1451	39.2248	1.47972
lcl|NC_037652.1_mrna_XM_016916603.2_26001	1984	1785	0	0
lcl|NC_037652.1_mrna_XM_395665.7_26002	2013	1814	159	4.79783
lcl|NC_037652.1_mrna_XM_026445406.1_26003	2046	1847	0	0
lcl|NC_037652.1_mrna_XM_026445407.1_26004	2046	1847	0	0
lcl|NC_037652.1_mrna_XM_026445405.1_26005	2106	1907	35.203	1.01045
lcl|NC_037652.1_mrna_XM_026445404.1_26006	2109	1910	0	0
lcl|NC_037652.1_mrna_XM_026445403.1_26007	2133	1934	35.4154	1.00235
lcl|NC_037652.1_mrna_XM_006559040.3_26008	2143	1944	34.3036	0.965893
lcl|NC_037652.1_mrna_XM_016916608.2_26009	2225	2026	0	0
lcl|NC_037652.1_mrna_XM_026445402.1_26010	2434	2235	17.7972	0.435872
lcl|NC_037652.1_mrna_XM_006559043.3_26011	2188	1989	35.2807	0.970929
lcl|NC_037652.1_mrna_XM_016916609.2_26012	2397	2198	0	0
lcl|NC_037652.1_mrna_XM_016916610.2_26013	1910	1711	2.07361e-05	6.6338e-07
lcl|NC_037652.1_mrna_XM_016916614.2_26014	1467	1268	2149	92.7689
lcl|NC_037652.1_mrna_XM_026445619.1_26015	635	436	6	0.753269
lcl|NC_037652.1_mrna_XM_016916613.2_26016	4760	4561	3448	41.3802
lcl|NC_037652.1_ncrna_XR_003306139.1_26017	1528	1329	34	1.40036
lcl|NC_037652.1_mrna_XM_006559184.3_26018	4586	4387	0	0
lcl|NC_037652.1_ncrna_XR_001705676.2_26019	589	390	0	0
lcl|NC_037652.1_mrna_XM_006559185.3_26020	4644	4445	0	0
lcl|NC_037652.1_mrna_XM_026445408.1_26021	2745	2546	1196	25.7133
lcl|NC_037652.1_mrna_XM_006559190.3_26022	2002	1803	0.286217	0.00868929
lcl|NC_037652.1_mrna_XM_001119855.5_26023	2011	1812	1632.77	49.3234
lcl|NC_037652.1_mrna_XM_006559189.3_26024	2223	2024	8.93904	0.24175
lcl|NC_037652.1_mrna_XM_006559188.3_26025	765	566	6287	608.012
lcl|NC_037652.1_mrna_XM_026445620.1_26026	1201	1002	29	1.58422
lcl|NC_037652.1_mrna_XM_393635.6_26027	3331	3132	6.25202	0.109266
lcl|NC_037652.1_mrna_XM_006559187.2_26028	4351	4152	89.8115	1.18402
lcl|NC_037652.1_ncrna_XR_001705678.2_26029	1694	1495	0	0
lcl|NC_037652.1_ncrna_XR_001705680.2_26030	1803	1604	0	0
lcl|NC_037652.1_ncrna_XR_001705677.2_26031	1592	1393	8.87261	0.348647
lcl|NC_037652.1_ncrna_XR_001705681.2_26032	1435	1236	6.12739	0.271358
lcl|NC_037652.1_ncrna_XR_003306166.1_26033	652	453	0	0
lcl|NC_037652.1_mrna_XM_006559180.3_26034	3282	3083	4369.21	77.5737
lcl|NC_037652.1_mrna_NM_001011603.1_26035	1660	1461	8627.75	323.246
lcl|NC_037652.1_ncrna_XR_003306167.1_26036	1680	1481	7	0.258719
lcl|NC_037652.1_mrna_XM_006559182.3_26037	2185	1986	2262.92	62.3699
lcl|NC_037652.1_mrna_XM_006559183.3_26038	1703	1504	16004.1	582.464
lcl|NC_037652.1_mrna_XM_026445568.1_26039	1102	903	91.7468	5.56146
lcl|NC_037652.1_mrna_XM_006559194.3_26040	1192	993	0	0
lcl|NC_037652.1_mrna_XM_006559193.3_26041	1236	1037	46.4352	2.45106
lcl|NC_037652.1_mrna_XM_006559195.3_26042	1019	820	380.342	25.389
lcl|NC_037652.1_mrna_XM_016916667.2_26043	1011	812	0.0025618	0.000172693
lcl|NC_037652.1_mrna_XM_016916668.2_26044	1557	1358	1.17111	0.0472046
lcl|NC_037652.1_mrna_XM_016916669.2_26045	1026	827	183.165	12.1233
lcl|NC_037652.1_mrna_XM_006559197.3_26046	1681	1482	173.832	6.42046
lcl|NC_037652.1_mrna_XM_006559196.3_26047	1746	1547	147.306	5.21215
lcl|NC_037652.1_mrna_XM_003249411.3_26048	3653	3454	1608	25.4829
lcl|NC_037652.1_mrna_XM_026445419.1_26049	2901	2702	141	2.8564
lcl|NC_037652.1_mrna_XM_006559198.3_26050	614	415	69.0309	9.10501
lcl|NC_037652.1_mrna_XM_624224.6_26051	669	470	797.969	92.9338
lcl|NC_037652.1_mrna_XM_006559200.2_26052	1701	1502	297.271	10.8335
lcl|NC_037652.1_mrna_XM_026445420.1_26053	1509	1310	373.132	15.5911
lcl|NC_037652.1_mrna_XM_016916848.2_26054	1480	1281	325.597	13.9129
lcl|NC_037652.1_mrna_XM_395370.5_26055	2581	2382	390.715	8.9785
lcl|NC_037652.1_mrna_XM_395371.7_26056	2244	2045	251.285	6.72602
lcl|NC_037652.1_mrna_XM_393409.7_26057	4179	3980	2316.11	31.8538
lcl|NC_037652.1_mrna_XM_006559202.3_26058	4196	3997	183.891	2.51832
lcl|NC_037652.1_mrna_XM_026445500.1_26059	482	283	0	0
lcl|NC_037652.1_mrna_XM_026445499.1_26060	482	283	5	0.967094
lcl|NC_037652.1_mrna_XM_624340.6_26061	2616	2417	3352	75.9124
lcl|NC_037652.1_mrna_XM_625271.6_26062	1470	1271	2881.57	124.099
lcl|NC_037652.1_mrna_XM_026445426.1_26063	3291	3092	57.67	1.02093
lcl|NC_037652.1_mrna_XM_026445427.1_26064	2594	2395	242.33	5.53843
lcl|NC_037652.1_mrna_XM_026445424.1_26065	3693	3494	69.8666	1.09454
lcl|NC_037652.1_mrna_XM_026445425.1_26066	3670	3471	90.1334	1.4214
lcl|NC_037652.1_miscrna_XR_003306145.1_26067	2400	2201	42.1733	1.04882
lcl|NC_037652.1_mrna_XM_026445438.1_26068	1023	824	0	0
lcl|NC_037652.1_mrna_XM_026445439.1_26069	1050	851	96.7452	6.22279
lcl|NC_037652.1_mrna_XM_006559205.3_26070	943	744	395.082	29.0669
lcl|NC_037652.1_mrna_NM_001011620.1_26071	938	739	8.10111	0.600047
lcl|NC_037652.1_mrna_XM_026445264.1_26072	3229	3030	31.8989	0.57626
lcl|NC_037652.1_mrna_XM_026445431.1_26073	6461	6262	0	0
lcl|NC_037652.1_mrna_XM_026445432.1_26074	6437	6238	25.1361	0.220565
lcl|NC_037652.1_mrna_XM_026445434.1_26075	6275	6076	83.4394	0.75169
lcl|NC_037652.1_mrna_XM_026445433.1_26076	6055	5856	17.8946	0.167265
lcl|NC_037652.1_mrna_XM_016916626.2_26077	6187	5988	0.000152605	1.39499e-06
lcl|NC_037652.1_mrna_XM_026445430.1_26078	6196	5997	2.29309e-05	2.09301e-07
lcl|NC_037652.1_mrna_XM_026445428.1_26079	6130	5931	0	0
lcl|NC_037652.1_mrna_XM_026445429.1_26080	6198	5999	0	0
lcl|NC_037652.1_mrna_XM_026445436.1_26081	5754	5555	37.0743	0.365321
lcl|NC_037652.1_mrna_XM_026445435.1_26082	5763	5564	4.80633	0.0472838
lcl|NC_037652.1_mrna_XM_016916624.2_26083	5547	5348	2.64921	0.027115
lcl|NC_037652.1_mrna_XM_016916634.2_26084	1861	1662	648.256	21.3501
lcl|NC_037652.1_mrna_XM_016916633.2_26085	1864	1665	734.017	24.1311
lcl|NC_037652.1_mrna_XM_016916631.2_26086	1996	1797	98.087	2.98778
lcl|NC_037652.1_mrna_XM_016916632.2_26087	1864	1665	1091.27	35.8761
lcl|NC_037652.1_mrna_XM_016916630.2_26088	1996	1797	9.83325e-09	2.99526e-10
lcl|NC_037652.1_mrna_XM_016916629.2_26089	1999	1800	130.498	3.96842
lcl|NC_037652.1_mrna_XM_016916628.2_26090	2131	1932	21.8684	0.619577
lcl|NC_037652.1_mrna_XM_001121076.5_26091	861	662	498	41.1772
lcl|NC_037652.1_mrna_XM_393020.7_26092	2012	1813	401.826	12.1318
lcl|NC_037652.1_mrna_XM_006559943.3_26093	1633	1434	157.174	5.99953
lcl|NC_037652.1_mrna_XM_026445331.1_26094	2262	2063	66.0502	1.75251
lcl|NC_037652.1_mrna_XM_016916750.2_26095	3033	2834	5334.95	103.042
lcl|NC_037652.1_mrna_XM_026445335.1_26096	2805	2606	0	0
lcl|NC_037652.1_mrna_XM_026445334.1_26097	3285	3086	0	0
lcl|NC_037652.1_mrna_XM_026445333.1_26098	3297	3098	0	0
lcl|NC_037652.1_mrna_XM_026445332.1_26099	3404	3205	2106	35.9679
lcl|NC_037652.1_mrna_XM_026445509.1_26100	1418	1219	14719	660.937
lcl|NC_037652.1_mrna_XM_006559944.3_26101	508	309	27	4.78289
lcl|NC_037652.1_mrna_XM_623806.5_26102	697	498	730	80.2378
lcl|NC_037652.1_mrna_XM_006559946.3_26103	1756	1557	207.723	7.30266
lcl|NC_037652.1_mrna_XM_395366.6_26104	1944	1745	1455.05	45.6424
lcl|NC_037652.1_mrna_XM_006559947.3_26105	1814	1615	19.2244	0.651575
lcl|NC_037652.1_mrna_XM_026445681.1_26106	1799	1600	265.04	9.06727
lcl|NC_037652.1_mrna_XM_624409.6_26107	2050	1851	326.96	9.66882
lcl|NC_037652.1_mrna_XM_624432.5_26108	751	552	719	71.2976
lcl|NC_037652.1_mrna_XM_026445677.1_26109	3582	3383	0	0
lcl|NC_037652.1_mrna_XM_006559945.3_26110	3519	3320	3550.15	58.5321
lcl|NC_037652.1_mrna_XM_026445679.1_26111	3318	3119	769.739	13.5087
lcl|NC_037652.1_mrna_XM_026445678.1_26112	3313	3114	4.95172	0.0870407
lcl|NC_037652.1_mrna_XM_395210.5_26113	2028	1829	1168	34.9554
lcl|NC_037652.1_mrna_XM_624534.6_26114	1138	939	122.159	7.12107
lcl|NC_037652.1_mrna_NM_001242518.1_26115	5171	4972	1289.94	14.2011
lcl|NC_037652.1_mrna_XM_026445255.1_26116	4388	4189	0	0
lcl|NC_037652.1_mrna_XM_026445254.1_26117	4435	4236	2.17453e-07	2.80992e-09
lcl|NC_037652.1_mrna_XM_026445253.1_26118	4545	4346	7.73916	0.0974741
lcl|NC_037652.1_mrna_XM_026445252.1_26119	4592	4393	704.255	8.77514
lcl|NC_037652.1_mrna_XM_026445256.1_26120	4304	4105	127.07	1.69439
lcl|NC_037652.1_mrna_XM_026445409.1_26121	2961	2762	583.691	11.5676
lcl|NC_037652.1_mrna_XM_006559948.3_26122	2732	2533	616.309	13.3183
lcl|NC_037652.1_mrna_XM_006559951.3_26123	1738	1539	74.8597	2.66253
lcl|NC_037652.1_mrna_XM_006559950.3_26124	1740	1541	393.14	13.9647
lcl|NC_037652.1_mrna_XM_623589.6_26125	1785	1586	0	0
lcl|NC_037652.1_mrna_XM_026445468.1_26126	1202	1003	271	14.7895
lcl|NC_037652.1_mrna_XM_006559956.3_26127	2197	1998	901.413	24.6953
lcl|NC_037652.1_mrna_XM_006559957.2_26128	2205	2006	511.587	13.9596
lcl|NC_037652.1_mrna_XM_016916884.2_26129	1393	1194	180.278	8.26463
lcl|NC_037652.1_mrna_XM_006559958.3_26130	1439	1240	23.6956	1.046
lcl|NC_037652.1_mrna_XM_001120192.5_26131	1441	1242	383.026	16.8808
lcl|NC_037652.1_mrna_XM_026445524.1_26132	1493	1294	102.505	4.33608
lcl|NC_037652.1_mrna_XM_026445523.1_26133	1519	1320	203.067	8.42075
lcl|NC_037652.1_mrna_XM_026445522.1_26134	1397	1198	197.428	9.02062
lcl|NC_037652.1_mrna_NM_001168336.1_26135	1053	854	322	20.6387
lcl|NC_037652.1_mrna_XM_026445421.1_26136	594	395	0	0
lcl|NC_037652.1_mrna_XM_026445422.1_26137	604	405	36	4.86556
lcl|NC_037652.1_mrna_XM_026445423.1_26138	594	395	0	0
lcl|NC_037652.1_mrna_XM_003249545.4_26139	553	354	411	63.5512
lcl|NC_037652.1_mrna_XM_396960.5_26140	1621	1422	6023	231.845
lcl|NC_037652.1_mrna_XM_016916622.2_26141	2204	2005	793	21.6493
lcl|NC_037652.1_mrna_XM_006559966.3_26142	2262	2063	113.1	3.00088
lcl|NC_037652.1_mrna_XM_396958.7_26143	2408	2209	1098.9	27.23
lcl|NC_037652.1_ncrna_XR_003306168.1_26144	1914	1715	350.899	11.1996
lcl|NC_037652.1_mrna_XM_006559961.3_26145	10111	9912	0.00269254	1.48692e-05
lcl|NC_037652.1_mrna_XM_006559963.3_26146	9963	9764	149.17	0.836253
lcl|NC_037652.1_mrna_XM_016916619.2_26147	10259	10060	275.943	1.50143
lcl|NC_037652.1_mrna_XM_006559960.3_26148	10608	10409	149.214	0.784668
lcl|NC_037652.1_mrna_XM_016916620.2_26149	10091	9892	700.848	3.87815
lcl|NC_037652.1_mrna_XM_016916618.2_26150	10163	9964	0.00862852	4.7401e-05
lcl|NC_037652.1_mrna_XM_016916617.2_26151	10166	9967	0.00590124	3.24089e-05
lcl|NC_037652.1_mrna_XM_016916621.2_26152	9801	9602	1805.89	10.2947
lcl|NC_037652.1_mrna_XM_006559970.3_26153	1833	1634	1793.3	60.074
lcl|NC_037652.1_mrna_XM_006559971.3_26154	4053	3854	1537.25	21.8332
lcl|NC_037652.1_mrna_XM_624634.6_26155	2044	1845	1.31626e-05	3.90507e-07
lcl|NC_037652.1_mrna_XM_006559973.3_26156	1668	1469	0	0
lcl|NC_037652.1_mrna_XM_006559968.3_26157	3234	3035	279.136	5.03434
lcl|NC_037652.1_mrna_XM_006559974.3_26158	4235	4036	68.1109	0.923743
lcl|NC_037652.1_ncrna_XR_003306125.1_26159	3326	3127	1	0.0175048
lcl|NC_037652.1_ncrna_XR_003306124.1_26160	2963	2764	0	0
lcl|NC_037652.1_precursorrna_NR_039496.1_26161	114	4.78619	0	0
lcl|NC_037652.1_ncrna_26162	22	2.73612	0	0
lcl|NC_037652.1_mrna_XM_006559978.3_26163	3342	3143	1527.07	26.5949
lcl|NC_037652.1_mrna_XM_006559976.3_26164	3384	3185	0	0
lcl|NC_037652.1_mrna_XM_006559979.3_26165	3226	3027	20.5297	0.37124
lcl|NC_037652.1_mrna_XM_006559977.3_26166	3334	3135	0.0123476	0.000215591
lcl|NC_037652.1_mrna_XM_006559975.3_26167	3376	3177	0	0
lcl|NC_037652.1_mrna_XM_006559980.3_26168	2471	2272	1653.09	39.8266
lcl|NC_037652.1_mrna_XM_392094.7_26169	2474	2275	2021.3	48.6335
lcl|NC_037652.1_mrna_XM_001121481.5_26170	735	536	532	54.3291
lcl|NC_037652.1_mrna_XM_003249539.4_26171	1625	1426	356.742	13.6937
lcl|NC_037652.1_mrna_XM_394112.7_26172	1589	1390	5267.26	207.422
lcl|NC_037652.1_mrna_XM_026445410.1_26173	2004	1805	5	0.151628
lcl|NC_037652.1_mrna_XM_624478.6_26174	5623	5424	172.122	1.73701
lcl|NC_037652.1_mrna_XM_624450.5_26175	776	577	229	21.7243
lcl|NC_037652.1_mrna_XM_001121593.5_26176	1545	1346	1704	69.2963
lcl|NC_037652.1_mrna_XM_006560089.3_26177	4282	4083	328.496	4.40388
lcl|NC_037652.1_mrna_XM_006560090.3_26178	4057	3858	691.504	9.8111
lcl|NC_037652.1_mrna_XM_006560091.3_26179	1690	1491	511	18.7598
lcl|NC_037652.1_mrna_XM_624351.6_26180	2207	2008	802	21.8623
lcl|NC_037652.1_mrna_XM_006560093.3_26181	1870	1671	0	0
lcl|NC_037652.1_mrna_XM_006560092.3_26182	1869	1670	16	0.524432
lcl|NC_037652.1_mrna_NM_001270826.1_26183	1183	984	3	0.166883
lcl|NC_037652.1_mrna_NM_001011565.1_26184	2968	2769	336	6.64204
lcl|NC_037652.1_ncrna_XR_003306126.1_26185	2104	1905	0	0
lcl|NC_037652.1_mrna_XM_016916690.2_26186	4635	4436	850.846	10.4989
lcl|NC_037652.1_mrna_XM_006560096.3_26187	4069	3870	475.543	6.72612
lcl|NC_037652.1_mrna_XM_016916691.2_26188	3962	3763	43.3849	0.631088
lcl|NC_037652.1_mrna_XM_016916692.2_26189	3862	3663	39.226	0.586169
lcl|NC_037652.1_ncrna_XR_003306177.1_26190	1382	1183	11	0.508971
lcl|NC_037652.1_ncrna_XR_003306176.1_26191	2719	2520	23.0801	0.501329
lcl|NC_037652.1_ncrna_XR_003306175.1_26192	2101	1902	0	0
lcl|NC_037652.1_ncrna_XR_003306174.1_26193	2185	1986	0	0
lcl|NC_037652.1_ncrna_XR_001705708.2_26194	1635	1436	12.9199	0.49248
lcl|NC_037652.1_mrna_XM_006560099.3_26195	1361	1162	3139.56	147.893
lcl|NC_037652.1_mrna_XM_006560100.3_26196	1395	1196	1228.65	56.2317
lcl|NC_037652.1_mrna_XM_006560101.3_26197	1348	1149	11.0114	0.524577
lcl|NC_037652.1_mrna_XM_016916694.2_26198	1290	1091	295.777	14.8397
lcl|NC_037652.1_mrna_XM_006560098.3_26199	2778	2579	345.898	7.34145
lcl|NC_037652.1_mrna_XM_624210.6_26200	3935	3736	1045.1	15.3122
lcl|NC_037652.1_mrna_XM_006560637.3_26201	2329	2130	827.893	21.2755
lcl|NC_037652.1_mrna_XM_016916871.2_26202	2263	2064	49.1065	1.30231
lcl|NC_037652.1_mrna_XM_016916846.2_26203	805	606	959	86.6226
lcl|NC_037652.1_mrna_XM_006560635.3_26204	4044	3845	1385	19.7169
lcl|NC_037652.1_ncrna_XR_003306157.1_26205	403	204	0	0
lcl|NC_037652.1_mrna_XM_026445663.1_26206	2984	2785	0	0
lcl|NC_037652.1_mrna_XM_006560638.3_26207	3021	2822	0	0
lcl|NC_037652.1_mrna_XM_026445664.1_26208	2706	2507	0	0
lcl|NC_037652.1_mrna_XM_026445665.1_26209	2921	2722	39	0.784263
lcl|NC_037652.1_mrna_XM_026445666.1_26210	2501	2302	0	0
lcl|NC_037652.1_mrna_XM_394109.6_26211	6175	5976	174	1.59376
lcl|NC_037652.1_miscrna_XR_001705752.1_26212	2026	1827	0	0
lcl|NC_037652.1_ncrna_XR_408793.3_26213	3632	3433	7	0.111612
lcl|NC_037652.1_mrna_XM_006560641.3_26214	2235	2036	0	0
lcl|NC_037652.1_mrna_XM_392090.6_26215	2181	1982	26.966	0.744728
lcl|NC_037652.1_mrna_XM_016916734.2_26216	2034	1835	15.3947	0.45922
lcl|NC_037652.1_mrna_XM_026445521.1_26217	4620	4421	0	0
lcl|NC_037652.1_mrna_XM_026445520.1_26218	4503	4304	14	0.17805
lcl|NC_037652.1_mrna_XM_026445570.1_26219	2069	1870	9	0.263443
lcl|NC_037652.1_mrna_XM_006560644.3_26220	5691	5492	44.4337	0.44286
lcl|NC_037652.1_mrna_XM_006560645.3_26221	4455	4256	186.249	2.3954
lcl|NC_037652.1_ncrna_XR_001705762.2_26222	729	530	9.31693	0.962237
lcl|NC_037652.1_mrna_XM_001122074.5_26223	3579	3380	387.025	6.26769
lcl|NC_037652.1_miscrna_XR_001705761.2_26224	3354	3155	292.166	5.06892
lcl|NC_037652.1_mrna_XM_006560646.3_26225	1691	1492	270	9.90559
lcl|NC_037652.1_mrna_XM_003249680.4_26226	1425	1226	1477	65.944
lcl|NC_037652.1_miscrna_XR_003306127.1_26227	5166	4967	215.519	2.37507
lcl|NC_037652.1_mrna_XM_026445348.1_26228	4996	4797	0	0
lcl|NC_037652.1_mrna_XM_016916576.2_26229	5136	4937	0	0
lcl|NC_037652.1_mrna_XM_016916581.2_26230	3325	3126	302.434	5.29574
lcl|NC_037652.1_mrna_XM_392089.7_26231	2911	2712	343.516	6.93335
lcl|NC_037652.1_mrna_XM_016916579.2_26232	5545	5346	51.5628	0.52795
lcl|NC_037652.1_mrna_XM_016916578.2_26233	5229	5030	0	0
lcl|NC_037652.1_mrna_XM_006560654.3_26234	2648	2449	287.968	6.43638
lcl|NC_037652.1_ncrna_XR_003306128.1_26235	2712	2513	7	0.152472
lcl|NC_037652.1_ncrna_XR_001705668.1_26236	145	6.58676	0	0
lcl|NC_037652.1_mrna_XM_026445308.1_26237	3776	3577	648	9.91611
lcl|NC_037652.1_mrna_XM_006560656.3_26238	1525	1326	122.132	5.04162
lcl|NC_037652.1_mrna_XM_006560659.3_26239	1313	1114	0	0
lcl|NC_037652.1_mrna_XM_006560657.3_26240	1373	1174	267.868	12.4893
lcl|NC_037652.1_mrna_XM_006560658.3_26241	1301	1102	0	0
lcl|NC_037652.1_mrna_XM_026445310.1_26242	2128	1929	551	15.6352
lcl|NC_037652.1_mrna_XM_392953.6_26243	2361	2162	1699.68	43.0326
lcl|NC_037652.1_mrna_XM_026445309.1_26244	1884	1685	48.3169	1.56958
lcl|NC_037652.1_mrna_XM_006560662.3_26245	1307	1108	264	13.0422
lcl|NC_037652.1_mrna_XM_001122241.5_26246	1399	1200	222	10.1264
lcl|NC_037652.1_mrna_XM_026445368.1_26247	1966	1767	938.442	29.0708
lcl|NC_037652.1_mrna_XM_026445372.1_26248	1892	1693	20.7436	0.670675
lcl|NC_037652.1_mrna_XM_026445371.1_26249	1863	1664	900.909	29.6356
lcl|NC_037652.1_mrna_XM_026445376.1_26250	1882	1683	6.69805	0.217846
lcl|NC_037652.1_mrna_XM_026445375.1_26251	2196	1997	141.589	3.88095
lcl|NC_037652.1_mrna_XM_026445369.1_26252	2039	1840	0	0
lcl|NC_037652.1_mrna_XM_026445370.1_26253	2008	1809	630.577	19.0803
lcl|NC_037652.1_mrna_XM_026445374.1_26254	2131	1932	408.923	11.5856
lcl|NC_037652.1_mrna_XM_026445377.1_26255	2032	1833	300.268	8.96669
lcl|NC_037652.1_mrna_XM_026445378.1_26256	1818	1619	102.817	3.47619
lcl|NC_037652.1_mrna_XM_625120.5_26257	1789	1590	22.8154	0.785445
lcl|NC_037652.1_mrna_XM_006560674.3_26258	1766	1567	27.0753	0.945778
lcl|NC_037652.1_mrna_XM_006560673.3_26259	1816	1617	3.14085	0.106322
lcl|NC_037652.1_mrna_XM_006560675.3_26260	2820	2621	2264	47.2819
lcl|NC_037652.1_mrna_XM_623831.6_26261	1934	1735	1067	33.6628
lcl|NC_037652.1_mrna_XM_006560676.3_26262	6232	6033	1488	13.5007
lcl|NC_037652.1_mrna_XM_001122441.5_26263	1113	914	92	5.50969
lcl|NC_037652.1_mrna_XM_003249685.4_26264	1974	1775	670.153	20.6662
lcl|NC_037652.1_mrna_XM_016916652.2_26265	1876	1677	714.847	23.3327
lcl|NC_037652.1_mrna_XM_016916653.1_26266	1761	1562	1155	40.4749
lcl|NC_037652.1_mrna_XM_006560684.3_26267	1641	1442	0	0
lcl|NC_037652.1_mrna_XM_026445295.1_26268	1626	1427	0	0
lcl|NC_037652.1_mrna_XM_026445294.1_26269	2785	2586	1754.57	37.1388
lcl|NC_037652.1_mrna_XM_016916769.2_26270	1678	1479	11040.4	408.604
lcl|NC_037652.1_mrna_XM_001122387.5_26271	2103	1904	705	20.2678
lcl|NC_037652.1_mrna_XM_026445297.1_26272	1477	1278	615.293	26.3534
lcl|NC_037652.1_miscrna_XR_003306106.1_26273	249	50.3754	2.70682	2.94121
lcl|NC_037652.1_mrna_XM_006560685.3_26274	1763	1564	221.089	7.73778
lcl|NC_037652.1_mrna_XM_006560686.3_26275	1758	1559	135.044	4.74148
lcl|NC_037652.1_mrna_XM_016916766.2_26276	1766	1567	1204.17	42.0633
lcl|NC_037652.1_mrna_XM_392704.7_26277	1997	1798	280.698	8.54545
lcl|NC_037652.1_mrna_XM_016916765.2_26278	2143	1944	5438.97	153.146
lcl|NC_037652.1_mrna_XM_026445292.1_26279	2056	1857	600.025	17.6865
lcl|NC_037652.1_mrna_XM_624109.5_26280	1952	1753	15401	480.897
lcl|NC_037652.1_mrna_XM_006560688.3_26281	2223	2024	1213	32.8047
lcl|NC_037652.1_mrna_XM_026445640.1_26282	6461	6262	129	1.12762
lcl|NC_037652.1_mrna_XM_006560691.3_26283	1573	1374	694.086	27.6511
lcl|NC_037652.1_mrna_XM_006560690.3_26284	1596	1397	485.914	19.0392
lcl|NC_037652.1_mrna_XM_392893.7_26285	1538	1339	163	6.66335
lcl|NC_037652.1_mrna_XM_016916654.2_26286	1384	1185	220.034	10.1638
lcl|NC_037652.1_mrna_XM_001120043.5_26287	1480	1281	17.9664	0.767711
lcl|NC_037652.1_mrna_XM_026445641.1_26288	6169	5970	329	3.01652
lcl|NC_037652.1_mrna_XM_026445355.1_26289	4599	4400	0	0
lcl|NC_037652.1_mrna_XM_026445354.1_26290	4227	4028	0	0
lcl|NC_037652.1_mrna_XM_026445356.1_26291	4214	4015	0	0
lcl|NC_037652.1_mrna_XM_016916656.2_26292	4142	3943	456.914	6.34298
lcl|NC_037652.1_mrna_XM_006560695.3_26293	3676	3477	192.086	3.02396
lcl|NC_037652.1_mrna_XM_026445358.1_26294	1901	1702	6	0.192964
lcl|NC_037652.1_miscrna_XR_003306129.1_26295	1969	1770	43.1707	1.33506
lcl|NC_037652.1_mrna_XM_026445357.1_26296	1887	1688	211.829	6.86908
lcl|NC_037652.1_ncrna_XR_001705699.2_26297	1298	1099	7.30862	0.364018
lcl|NC_037652.1_ncrna_XR_003306130.1_26298	1680	1481	16.6914	0.616911
lcl|NC_037652.1_mrna_XM_006560696.3_26299	3224	3025	1	0.0180951
lcl|NC_037652.1_mrna_XM_026445655.1_26300	1004	805	1	0.0679969
lcl|NC_037652.1_mrna_XM_003249671.4_26301	2306	2107	6	0.155873
lcl|NC_037652.1_mrna_XM_006560697.3_26302	1255	1056	21	1.08853
lcl|NC_037652.1_mrna_XM_393237.7_26303	2230	2031	3007.89	81.0657
lcl|NC_037652.1_miscrna_XR_003306190.1_26304	594	395	15	2.07864
lcl|NC_037652.1_ncrna_XR_003306186.1_26305	3206	3007	56.8089	1.03411
lcl|NC_037652.1_ncrna_XR_003306188.1_26306	3221	3022	0	0
lcl|NC_037652.1_ncrna_XR_003306187.1_26307	2963	2764	0	0
lcl|NC_037652.1_ncrna_XR_003306185.1_26308	2966	2767	0	0
lcl|NC_037652.1_ncrna_XR_003306189.1_26309	2704	2505	18.4323	0.402769
lcl|NC_037652.1_ncrna_XR_003306184.1_26310	2989	2790	15.817	0.310317
lcl|NC_037652.1_mrna_XM_006560700.3_26311	2584	2385	48.3384	1.1094
lcl|NC_037652.1_mrna_XM_396485.7_26312	2771	2572	179.997	3.83072
lcl|NC_037652.1_mrna_XM_006560702.3_26313	2564	2365	37.8241	0.875433
lcl|NC_037652.1_ncrna_XR_003306191.1_26314	1693	1494	5	0.183191
lcl|NC_037652.1_mrna_XM_006560701.3_26315	2671	2472	8.78189	0.194458
lcl|NC_037652.1_mrna_XM_625156.5_26316	852	653	433	36.2961
lcl|NC_037652.1_mrna_XM_001120581.5_26317	1696	1497	203	7.42266
lcl|NC_037652.1_mrna_XM_006560704.3_26318	11745	11546	11.902	0.0564252
lcl|NC_037652.1_mrna_XM_006560703.3_26319	11754	11555	4.45208	0.0210901
lcl|NC_037652.1_mrna_XM_006560705.3_26320	9629	9430	887.646	5.15245
lcl|NC_037652.1_mrna_XM_026445621.1_26321	13605	13406	1	0.00408306
lcl|NC_037652.1_ncrna_XR_003306141.1_26322	1066	867	2	0.126269
lcl|NC_037652.1_ncrna_XR_003306140.1_26323	4775	4576	10	0.119619
lcl|NC_037652.1_mrna_XM_006560976.3_26324	3134	2935	6.22766e-07	1.16146e-08
lcl|NC_037652.1_mrna_XM_006560975.3_26325	3138	2939	126.994	2.3652
lcl|NC_037652.1_mrna_XM_001120751.5_26326	2976	2777	45.0062	0.887118
lcl|NC_037652.1_mrna_XM_006560974.3_26327	3327	3128	0	0
lcl|NC_037652.1_mrna_XM_016916879.2_26328	1932	1733	2764	87.3021
lcl|NC_037652.1_mrna_XM_026445622.1_26329	1071	872	5	0.313862
lcl|NC_037652.1_mrna_XM_026445386.1_26330	13025	12826	36	0.153637
lcl|NC_037652.1_mrna_XM_396227.7_26331	5231	5032	10.3135	0.112189
lcl|NC_037652.1_mrna_XM_016916854.2_26332	4647	4448	0	0
lcl|NC_037652.1_mrna_XM_006560978.3_26333	5500	5301	93.6865	0.967397
lcl|NC_037652.1_miscrna_XR_408958.3_26334	2410	2211	208.034	5.15029
lcl|NC_037652.1_mrna_XM_393106.7_26335	2489	2290	1333.21	31.8675
lcl|NC_037652.1_miscrna_XR_408959.3_26336	2497	2298	276.757	6.59226
lcl|NC_037652.1_mrna_XM_026445385.1_26337	1203	1004	710.453	38.7335
lcl|NC_037652.1_mrna_XM_016916482.2_26338	1256	1057	159.547	8.26227
lcl|NC_037652.1_mrna_XM_026445538.1_26339	1436	1237	427.453	18.9149
lcl|NC_037652.1_mrna_XM_026445539.1_26340	1345	1146	68.5468	3.27407
lcl|NC_037652.1_mrna_XM_026445350.1_26341	6374	6175	893.996	7.92472
lcl|NC_037652.1_mrna_XM_026445351.1_26342	6278	6079	743.286	6.69282
lcl|NC_037652.1_mrna_XM_026445352.1_26343	6251	6052	164.044	1.4837
lcl|NC_037652.1_mrna_XM_016916828.2_26344	6377	6178	1.52898	0.0135469
lcl|NC_037652.1_mrna_XM_026445353.1_26345	5560	5361	81.1448	0.828515
lcl|NC_037652.1_mrna_XM_026445360.1_26346	3723	3524	313	4.86176
lcl|NC_037652.1_mrna_XM_625064.6_26347	866	667	322	26.425
lcl|NC_037652.1_mrna_XM_392088.6_26348	2051	1852	247.999	7.32984
lcl|NC_037652.1_mrna_XM_006560984.3_26349	1885	1686	0.000822649	2.6708e-05
lcl|NC_037652.1_mrna_XM_006560982.3_26350	1161	962	79.534	4.52546
lcl|NC_037652.1_mrna_XM_003249744.4_26351	1195	996	194.466	10.6873
lcl|NC_037652.1_mrna_XM_016916870.2_26352	1148	949	0	0
lcl|NC_037652.1_mrna_XM_392087.7_26353	1929	1730	798	25.2489
lcl|NC_037652.1_mrna_NM_001178024.1_26354	1194	995	1185	65.1899
lcl|NC_037652.1_mrna_NM_001178023.1_26355	1095	896	0	0
lcl|NC_037652.1_mrna_XM_016916887.2_26356	4787	4588	3	0.0357918
lcl|NC_037652.1_mrna_XM_006560986.3_26357	9601	9402	56	0.326027
lcl|NC_037652.1_mrna_XM_006560985.3_26358	983	784	1705	119.04
lcl|NC_037652.1_mrna_XM_392085.7_26359	1548	1349	45	1.82594
lcl|NC_037652.1_mrna_XM_006560987.3_26360	2853	2654	3	0.0618736
lcl|NC_037652.1_mrna_XM_006560988.3_26361	2558	2359	0	0
lcl|NC_037652.1_mrna_XM_006560991.3_26362	2398	2199	8	0.199136
lcl|NC_037652.1_mrna_XM_006560989.3_26363	2502	2303	0	0
lcl|NC_037652.1_mrna_XM_006560990.3_26364	2451	2252	0	0
lcl|NC_037652.1_mrna_XM_001121449.5_26365	1740	1541	3	0.106562
lcl|NC_037652.1_ncrna_XR_003306143.1_26366	1585	1386	2.00069	0.0790137
lcl|NC_037652.1_ncrna_XR_003306142.1_26367	1599	1400	6.20577e-06	2.42635e-07
lcl|NC_037652.1_mrna_XM_001121482.5_26368	1599	1400	0	0
lcl|NC_037652.1_mrna_XM_026445411.1_26369	1523	1324	17	0.702823
lcl|NC_037652.1_mrna_XM_006560993.3_26370	2299	2100	5.0792	0.132392
lcl|NC_037652.1_mrna_XM_001121541.5_26371	1542	1343	11	0.448334
lcl|NC_037652.1_mrna_XM_016916685.2_26372	2643	2444	1	0.0223967
lcl|NC_037652.1_mrna_XM_016916686.2_26373	1380	1181	0	0
lcl|NC_037652.1_mrna_XM_026445693.1_26374	1250	1051	0	0
lcl|NC_037652.1_mrna_XM_001121625.4_26375	1726	1527	4	0.143386
lcl|NC_037652.1_mrna_XM_026445623.1_26376	3112	2913	3	0.0563723
lcl|NC_037652.1_mrna_XM_006560997.3_26377	2948	2749	14.2731	0.284203
lcl|NC_037652.1_mrna_XM_016916687.2_26378	1985	1786	8.7269	0.267463
lcl|NC_037652.1_mrna_XM_006560996.3_26379	1461	1262	14.0258	0.608351
lcl|NC_037652.1_mrna_XM_016916688.2_26380	1759	1560	0	0
lcl|NC_037652.1_mrna_XM_006560995.3_26381	1738	1539	47	1.67165
lcl|NC_037652.1_mrna_XM_006560994.2_26382	2174	1975	28	0.776026
lcl|NC_037652.1_mrna_XM_392084.7_26383	1644	1445	2	0.0757613
lcl|NC_037652.1_ncrna_XR_003306194.1_26384	1592	1393	5.02136	0.197313
lcl|NC_037652.1_mrna_XM_001121861.5_26385	884	685	0	0
lcl|NC_037652.1_mrna_XM_006561001.3_26386	1991	1792	1	0.0305455
lcl|NC_037652.1_mrna_XM_026445624.1_26387	821	622	0	0
lcl|NC_037652.1_ncrna_XR_003306195.1_26388	2875	2676	0	0
lcl|NC_037652.1_mrna_XM_001121915.5_26389	3371	3172	1	0.0172565
lcl|NC_037652.1_mrna_XM_001121942.5_26390	959	760	0	0
lcl|NC_037652.1_mrna_XM_001121961.5_26391	961	762	0	0
lcl|NC_037652.1_mrna_XM_001121985.5_26392	1523	1324	5	0.206713
lcl|NC_037652.1_ncrna_XR_003306131.1_26393	1820	1621	0	0
lcl|NC_037652.1_ncrna_XR_408967.3_26394	3564	3365	34	0.553069
lcl|NC_037652.1_mrna_XM_006561051.3_26395	604	405	3	0.405463
lcl|NC_037652.1_mrna_XM_006561008.3_26396	1944	1745	184.567	5.78955
lcl|NC_037652.1_mrna_XM_026445337.1_26397	1736	1537	30.4327	1.08381
lcl|NC_037652.1_mrna_XM_016916549.2_26398	3997	3798	9144	131.785
lcl|NC_037652.1_ncrna_XR_003306119.1_26399	3672	3473	34.5618	0.544725
lcl|NC_037652.1_ncrna_XR_003306118.1_26400	5555	5356	75.2236	0.768774
lcl|NC_037652.1_ncrna_XR_003306120.1_26401	3904	3705	39.2146	0.579355
lcl|NC_037652.1_mrna_XM_001122075.5_26402	11935	11736	182.911	0.853112
lcl|NC_037652.1_mrna_XM_624633.6_26403	5210	5011	8.53257e-06	9.32053e-08
lcl|NC_037652.1_mrna_XM_006561004.3_26404	5243	5044	511.783	5.55388
lcl|NC_037652.1_mrna_XM_006561003.3_26405	5261	5062	705.217	7.62581
lcl|NC_037652.1_mrna_XM_001122154.5_26406	1811	1612	596	20.2379
lcl|NC_037652.1_mrna_XM_026445339.1_26407	4002	3803	41.6799	0.599909
lcl|NC_037652.1_mrna_XM_394101.6_26408	5129	4930	13.1233	0.145708
lcl|NC_037652.1_mrna_XM_026445338.1_26409	3868	3669	21.2386	0.316857
lcl|NC_037652.1_mrna_XM_016916542.2_26410	4768	4569	4.76084	0.0570358
lcl|NC_037652.1_mrna_XM_006561010.3_26411	4773	4574	1.19738	0.0143291
lcl|NC_037652.1_mrna_XM_026445340.1_26412	4728	4529	0	0
lcl|NC_037652.1_mrna_XM_006561012.3_26413	4682	4483	3.16586e-06	3.86552e-08
lcl|NC_037652.1_mrna_XM_006561009.3_26414	3632	3433	0	0
lcl|NC_037652.1_mrna_XM_001122189.5_26415	3538	3339	21	0.344261
lcl|NC_037652.1_mrna_XM_016916543.2_26416	4404	4205	83.137	1.08222
lcl|NC_037652.1_mrna_XM_006561014.3_26417	3042	2843	48.6105	0.93592
lcl|NC_037652.1_mrna_XM_006561013.3_26418	3248	3049	0	0
lcl|NC_037652.1_mrna_XM_016916545.2_26419	3458	3259	0	0
lcl|NC_037652.1_mrna_XM_006561015.3_26420	3461	3262	6.19206	0.103905
lcl|NC_037652.1_mrna_XM_026445342.1_26421	3533	3334	0	0
lcl|NC_037652.1_mrna_XM_016916547.2_26422	3382	3183	6.06042	0.10422
lcl|NC_037652.1_mrna_XM_394099.7_26423	2343	2144	913	23.3094
lcl|NC_037652.1_mrna_XM_006561016.3_26424	1297	1098	214	10.6683
lcl|NC_037652.1_mrna_XM_396009.7_26425	897	698	1555	121.944
lcl|NC_037652.1_mrna_XM_624503.6_26426	1062	863	787	49.9171
lcl|NC_037652.1_miscrna_XR_001705692.2_26427	2054	1855	992	29.272
lcl|NC_037652.1_mrna_XM_026445540.1_26428	5052	4853	1.06337e-05	1.19939e-07
lcl|NC_037652.1_mrna_XM_006561019.3_26429	4910	4711	279.54	3.248
lcl|NC_037652.1_ncrna_XR_408976.3_26430	2257	2058	36	0.957508
lcl|NC_037652.1_mrna_XM_006561018.3_26431	5179	4980	266.46	2.92879
lcl|NC_037652.1_mrna_XM_006561024.3_26432	3151	2952	6650.55	123.318
lcl|NC_037652.1_mrna_XM_006561027.3_26433	3087	2888	1.33526	0.0253078
lcl|NC_037652.1_mrna_XM_006561026.3_26434	3511	3312	1526.56	25.2295
lcl|NC_037652.1_mrna_XM_026445542.1_26435	3123	2924	9102.55	170.401
lcl|NC_037652.1_mrna_XM_006561022.3_26436	2530	2331	4787	112.41
lcl|NC_037652.1_ncrna_XR_001705696.2_26437	213	22.4695	0	0
lcl|NC_037652.1_mrna_XM_016916650.1_26438	1529	1330	20306.7	835.743
lcl|NC_037652.1_miscrna_XR_001705693.1_26439	1442	1243	2540.3	111.866
lcl|NC_037652.1_mrna_XM_006561020.3_26440	1038	839	663	43.2551
lcl|NC_037652.1_mrna_XM_026445541.1_26441	1171	972	8	0.450515
lcl|NC_037652.1_mrna_XM_624350.5_26442	1193	994	15977	879.821
lcl|NC_037652.1_mrna_XM_006561030.3_26443	1833	1634	195.4	6.54574
lcl|NC_037652.1_mrna_XM_026445441.1_26444	1610	1411	250.748	9.72738
lcl|NC_037652.1_mrna_XM_026445440.1_26445	1622	1423	22.8515	0.879013
lcl|NC_037652.1_mrna_XM_026445443.1_26446	1358	1159	1036.72	48.9626
lcl|NC_037652.1_mrna_XM_026445442.1_26447	1594	1395	267.277	10.4875
lcl|NC_037652.1_mrna_XM_392789.6_26448	2358	2159	924.514	23.4394
lcl|NC_037652.1_mrna_XM_006561032.3_26449	1738	1539	2479.23	88.1786
lcl|NC_037652.1_mrna_XM_016916816.2_26450	1741	1542	415.256	14.7407
lcl|NC_037652.1_mrna_XM_624246.6_26451	419	220	1782	443.374
lcl|NC_037652.1_trna_26452	73	3.5471	0	0
lcl|NC_037652.1_mrna_XM_392684.7_26453	881	682	1779	142.783
lcl|NC_037652.1_mrna_XM_006561034.3_26454	2310	2111	35.5002	0.920508
lcl|NC_037652.1_mrna_XM_395162.7_26455	2324	2125	1359.5	35.0191
lcl|NC_037652.1_mrna_XM_623157.5_26456	1284	1085	132	6.65931
lcl|NC_037652.1_trna_26457	73	3.5471	0	0
lcl|NC_037652.1_mrna_XM_001119829.5_26458	744	545	0	0
lcl|NC_037652.1_mrna_XM_006561035.3_26459	1288	1089	9	0.452376
lcl|NC_037652.1_mrna_XM_003249736.4_26460	5204	5005	704.5	7.70482
lcl|NC_037652.1_mrna_XM_016916689.2_26461	4251	4052	2578.76	34.8359
lcl|NC_037652.1_mrna_XM_006561036.3_26462	1146	947	1499.74	86.6864
lcl|NC_037652.1_mrna_XM_001120100.5_26463	3017	2818	202	3.9237
lcl|NC_037652.1_mrna_XM_006561037.3_26464	2415	2216	0	0
lcl|NC_037652.1_mrna_NM_001160072.1_26465	2237	2038	2072	55.6507
lcl|NC_037652.1_mrna_XM_016916674.2_26466	4231	4032	4.02032	0.0545789
lcl|NC_037652.1_mrna_XM_006561038.3_26467	4345	4146	25.6744	0.338966
lcl|NC_037652.1_mrna_XM_393172.7_26468	4348	4149	10.3053	0.135957
lcl|NC_037652.1_mrna_XM_006561043.3_26469	2099	1900	68.5347	1.97443
lcl|NC_037652.1_mrna_XM_394098.7_26470	2540	2341	25.0452	0.585609
lcl|NC_037652.1_mrna_XM_006561041.3_26471	2549	2350	85.4201	1.98965
lcl|NC_037652.1_mrna_XM_006561040.3_26472	2552	2353	8.05713e-08	1.87432e-09
lcl|NC_037652.1_mrna_XM_026445625.1_26473	8759	8560	1642	10.4999
lcl|NC_037652.1_mrna_XM_026445555.1_26474	2201	2002	5.27186	0.14414
lcl|NC_037652.1_mrna_XM_026445554.1_26475	2416	2217	0	0
lcl|NC_037652.1_mrna_XM_026445553.1_26476	4627	4428	0	0
lcl|NC_037652.1_mrna_XM_001120328.5_26477	4950	4751	1.65937	0.0191181
lcl|NC_037652.1_mrna_XM_026445552.1_26478	4962	4763	0.0687636	0.000790248
lcl|NC_037652.1_mrna_XM_006561047.2_26479	3569	3370	0.795239	0.0129167
lcl|NC_037652.1_mrna_XM_006561046.3_26480	3670	3471	192.607	3.03741
lcl|NC_037652.1_mrna_XM_392082.7_26481	3676	3477	0.0118754	0.000186951
lcl|NC_037652.1_mrna_XM_016916818.2_26482	3551	3352	0.000732666	1.19643e-05
lcl|NC_037652.1_mrna_XM_016916819.2_26483	6891	6692	2.58514	0.0211453
lcl|NC_037652.1_mrna_XM_006561045.3_26484	1716	1517	573.397	20.6897
lcl|NC_037652.1_mrna_XM_006561044.3_26485	2162	1963	0	0
lcl|NC_037652.1_mrna_XM_016916820.2_26486	3072	2873	0	0
lcl|NC_037652.1_mrna_XM_016916822.2_26487	1775	1576	1	0.0347319
lcl|NC_037652.1_ncrna_XR_001705769.2_26488	3950	3751	1	0.0145928
lcl|NC_037652.1_mrna_NM_001011562.1_26489	834	635	0	0
lcl|NC_037652.1_mrna_XM_006562597.3_26490	660	461	0	0
lcl|NC_037652.1_mrna_XM_006562598.3_26491	769	570	12	1.15237
lcl|NC_037652.1_mrna_XM_016916502.2_26492	1416	1217	29918	1345.63
lcl|NC_037652.1_mrna_XM_026445501.1_26493	2509	2310	3106.42	73.6094
lcl|NC_037652.1_mrna_XM_026445504.1_26494	909	710	0	0
lcl|NC_037652.1_mrna_XM_026445503.1_26495	810	611	0.024253	0.00217275
lcl|NC_037652.1_mrna_XM_026445505.1_26496	673	474	34.5585	3.99082
lcl|NC_037652.1_ncrna_XR_001705645.2_26497	4419	4220	67.6487	0.877471
lcl|NC_037652.1_mrna_XM_006562601.3_26498	2111	1912	142.76	4.08699
lcl|NC_037652.1_mrna_XM_016916500.2_26499	2023	1824	30.0987	0.90325
lcl|NC_037652.1_mrna_XM_006562600.3_26500	2034	1835	30.2669	0.902852
lcl|NC_037652.1_mrna_XM_026445502.1_26501	3231	3032	84.8744	1.53226
lcl|NC_037652.1_mrna_XM_001120999.5_26502	446	247	2	0.443219
lcl|NC_037652.1_mrna_XM_006563352.3_26503	1290	1091	0	0
lcl|NC_037652.1_mrna_XM_006563355.3_26504	1252	1053	19	0.987667
lcl|NC_037652.1_miscrna_XR_003306156.1_26505	492	293	3	0.560453
lcl|NC_037652.1_mrna_XM_016916508.2_26506	456	257	0	0
lcl|NC_037652.1_ncrna_XR_001705638.2_26507	1851	1652	20	0.662682
lcl|NC_037652.1_precursorrna_NR_127363.1_26508	75	3.59105	0	0
lcl|NC_037652.1_ncrna_26509	22	2.73612	0	0
lcl|NC_037652.1_mrna_XM_001121077.5_26510	378	179	31342	9584.27
lcl|NC_037652.1_mrna_XM_006563359.3_26511	733	534	24593	2520.9
lcl|NC_037652.1_mrna_XM_006563358.3_26512	437	238	61	14.0294
lcl|NC_037652.1_ncrna_XR_001705642.2_26513	2594	2395	915	20.9123
lcl|NC_037652.1_mrna_XM_026445507.1_26514	13562	13363	1195	4.89496
lcl|NC_037652.1_mrna_XM_006563361.3_26515	4366	4167	684.261	8.98842
lcl|NC_037652.1_mrna_XM_006563363.3_26516	4348	4149	1189.71	15.6958
lcl|NC_037652.1_mrna_XM_006563360.3_26517	4444	4245	0.027903	0.000359798
lcl|NC_037652.1_mrna_XM_026445506.1_26518	963	764	967	69.2817
lcl|NC_037652.1_ncrna_XR_003306197.1_26519	141	6.28195	0	0
lcl|NC_037652.1_mrna_XM_392078.7_26520	857	658	4624	384.66
lcl|NC_037652.1_trna_26521	82	3.75521	0	0
lcl|NC_037652.1_trna_26522	72	3.52559	0	0
lcl|NC_037652.1_trna_26523	72	3.52559	0	0
lcl|NC_037652.1_trna_26524	82	3.75521	0	0
lcl|NC_037652.1_trna_26525	74	3.56892	0	0
lcl|NC_037652.1_mrna_XM_006563365.3_26526	1109	910	33	1.98499
lcl|NC_037652.1_mrna_XM_016916640.2_26527	2389	2190	111.451	2.78565
lcl|NC_037652.1_mrna_XM_006563366.3_26528	2364	2165	1188.55	30.05
lcl|NC_037652.1_mrna_XM_003250223.4_26529	560	361	122	18.4986
lcl|NC_037652.1_mrna_XM_006563368.3_26530	1194	995	1180.3	64.9312
lcl|NC_037652.1_mrna_XM_016916642.1_26531	347	148	79.345	29.3456
lcl|NC_037652.1_mrna_XM_016916641.2_26532	1061	862	26.358	1.67375
lcl|NC_037652.1_mrna_XM_026445454.1_26533	1258	1059	557	28.7902
lcl|NC_037652.1_mrna_XM_006563373.3_26534	3336	3137	739	12.8948
lcl|NC_037652.1_mrna_XM_026445455.1_26535	485	286	13	2.48807
lcl|NC_037652.1_mrna_XM_006563370.3_26536	2024	1825	2674.94	80.23
lcl|NC_037652.1_mrna_XM_026445453.1_26537	1928	1729	1144.06	36.2192
lcl|NC_037652.1_mrna_XM_001121483.5_26538	1438	1239	4015	177.378
lcl|NC_037652.1_mrna_XM_395193.5_26539	1674	1475	1	0.0371102
lcl|NC_037652.1_mrna_XM_006563376.3_26540	3249	3050	0	0
lcl|NC_037652.1_mrna_XM_006563374.3_26541	3322	3123	600.766	10.5298
lcl|NC_037652.1_mrna_XM_395192.7_26542	3938	3739	194.234	2.84351
lcl|NC_037652.1_mrna_XM_006563379.3_26543	2601	2402	454	10.3459
lcl|NC_037652.1_mrna_XM_006563378.3_26544	3915	3716	540	7.95433
lcl|NC_037652.1_mrna_XM_006563380.3_26545	1150	951	268.349	15.4456
lcl|NC_037652.1_mrna_XM_623884.5_26546	1238	1039	553.651	29.168
lcl|NC_037652.1_mrna_XM_623912.6_26547	2606	2407	1059.72	24.099
lcl|NC_037652.1_mrna_XM_006563381.3_26548	2573	2374	121.282	2.79642
lcl|NC_037652.1_mrna_XM_006563382.3_26549	3592	3393	3.6697	0.0592014
lcl|NC_037652.1_mrna_XM_397078.6_26550	3568	3369	1558.51	25.3217
lcl|NC_037652.1_mrna_XM_006563383.3_26551	3469	3270	84.825	1.41991
lcl|NC_037652.1_mrna_XM_625227.6_26552	1951	1752	527	16.465
lcl|NC_037652.1_mrna_XM_006563384.3_26553	3108	2909	336.77	6.33688
lcl|NC_037652.1_mrna_XM_006563386.3_26554	2969	2770	4.57105e-08	9.03277e-10
lcl|NC_037652.1_mrna_XM_006563385.3_26555	2990	2791	0	0
lcl|NC_037652.1_mrna_XM_625226.5_26556	2961	2762	4173.23	82.7054
lcl|NC_037652.1_mrna_XM_625225.6_26557	879	680	364.129	29.3111
lcl|NC_037652.1_mrna_XM_006563388.3_26558	1406	1207	1238.87	56.1829
lcl|NC_037652.1_mrna_XM_393165.7_26559	1049	850	4335.06	279.166
lcl|NC_037652.1_mrna_XM_016916565.2_26560	4106	3907	646.936	9.06366
lcl|NC_037652.1_mrna_XM_026445580.1_26561	3399	3200	0	0
lcl|NC_037652.1_mrna_XM_026445587.1_26562	3320	3121	412.414	7.23311
lcl|NC_037652.1_mrna_XM_026445582.1_26563	3275	3076	0	0
lcl|NC_037652.1_mrna_XM_026445584.1_26564	3320	3121	0.208979	0.00366516
lcl|NC_037652.1_mrna_XM_026445583.1_26565	3240	3041	0	0
lcl|NC_037652.1_mrna_XM_026445581.1_26566	3301	3102	0.130188	0.00229728
lcl|NC_037652.1_mrna_XM_026445585.1_26567	3142	2943	75.2856	1.40025
lcl|NC_037652.1_mrna_XM_016916487.2_26568	1242	1043	10.9609	0.575239
lcl|NC_037652.1_mrna_XM_026445586.1_26569	1050	851	0	0
lcl|NC_037652.1_mrna_XM_026445579.1_26570	1641	1442	0	0
lcl|NC_037652.1_mrna_XM_026445578.1_26571	1689	1490	154.395	5.67195
lcl|NC_037652.1_mrna_XM_006563414.3_26572	3555	3356	487.17	7.94592
lcl|NC_037652.1_mrna_XM_006563413.3_26573	3587	3388	64.3499	1.03966
lcl|NC_037652.1_mrna_XM_006563412.3_26574	3590	3391	21.0596	0.339944
lcl|NC_037652.1_mrna_XM_016916561.2_26575	3254	3055	211.947	3.79754
lcl|NC_037652.1_mrna_XM_006563411.3_26576	3977	3778	663.078	9.607
lcl|NC_037652.1_mrna_XM_001121740.4_26577	946	747	37	2.71123
lcl|NC_037652.1_ncrna_XR_409688.3_26578	407	208	32	8.42116
lcl|NC_037652.1_mrna_XM_026445617.1_26579	3575	3376	0	0
lcl|NC_037652.1_mrna_XM_026445598.1_26580	5357	5158	0	0
lcl|NC_037652.1_mrna_XM_026445597.1_26581	5813	5614	46.617	0.454525
lcl|NC_037652.1_mrna_XM_026445593.1_26582	5870	5671	96.1925	0.928468
lcl|NC_037652.1_mrna_XM_026445616.1_26583	4030	3831	1918.56	27.4125
lcl|NC_037652.1_mrna_XM_026445594.1_26584	5362	5163	0	0
lcl|NC_037652.1_mrna_XM_026445615.1_26585	3546	3347	0	0
lcl|NC_037652.1_mrna_XM_026445589.1_26586	5385	5186	0	0
lcl|NC_037652.1_mrna_XM_026445614.1_26587	3573	3374	0	0
lcl|NC_037652.1_mrna_XM_026445590.1_26588	5355	5156	0	0
lcl|NC_037652.1_mrna_XM_026445613.1_26589	4857	4658	11.3719	0.133634
lcl|NC_037652.1_mrna_XM_026445612.1_26590	4881	4682	278.314	3.25379
lcl|NC_037652.1_mrna_XM_026445611.1_26591	4953	4754	0	0
lcl|NC_037652.1_mrna_XM_026445610.1_26592	5040	4841	0	0
lcl|NC_037652.1_mrna_XM_026445602.1_26593	5211	5012	0	0
lcl|NC_037652.1_mrna_XM_026445605.1_26594	5130	4931	0	0
lcl|NC_037652.1_mrna_XM_026445596.1_26595	5301	5102	0	0
lcl|NC_037652.1_mrna_XM_026445609.1_26596	5064	4865	16.7784	0.188778
lcl|NC_037652.1_mrna_XM_026445608.1_26597	5079	4880	0	0
lcl|NC_037652.1_mrna_XM_026445604.1_26598	5151	4952	0	0
lcl|NC_037652.1_mrna_XM_026445601.1_26599	5223	5024	34.7013	0.378078
lcl|NC_037652.1_mrna_XM_026445592.1_26600	5322	5123	0	0
lcl|NC_037652.1_mrna_XM_026445603.1_26601	5169	4970	0	0
lcl|NC_037652.1_mrna_XM_026445599.1_26602	5241	5042	0	0
lcl|NC_037652.1_mrna_XM_026445595.1_26603	5313	5114	0	0
lcl|NC_037652.1_mrna_XM_026445591.1_26604	5340	5141	0	0
lcl|NC_037652.1_mrna_XM_026445600.1_26605	5235	5036	120.968	1.31483
lcl|NC_037652.1_mrna_XM_026445588.1_26606	5412	5213	0	0
lcl|NC_037652.1_mrna_XM_026445606.1_26607	4931	4732	0	0
lcl|NC_037652.1_ncrna_XR_409687.3_26608	590	391	230	32.1986
lcl|NC_037652.1_mrna_XM_026445607.1_26609	5972	5773	3788.42	35.9205
lcl|NC_037652.1_mrna_XM_016916562.2_26610	2571	2372	21.6599	0.499834
lcl|NC_037652.1_mrna_XM_393162.6_26611	4276	4077	813.374	10.9203
lcl|NC_037652.1_mrna_XM_006563417.2_26612	4264	4065	51.966	0.699752
lcl|NC_037652.1_mrna_XM_001121838.5_26613	5835	5636	563.041	5.46832
lcl|NC_037652.1_mrna_XM_001121862.5_26614	1656	1457	136	5.10934
lcl|NC_037652.1_mrna_XM_006563418.3_26615	1808	1609	43	1.46284
lcl|NC_037652.1_mrna_XM_006563419.3_26616	1799	1600	875.978	29.968
lcl|NC_037652.1_mrna_XM_006563420.2_26617	1620	1421	1184.02	45.6091
lcl|NC_037652.1_ncrna_XR_409692.3_26618	281	82.002	0	0
lcl|NC_037652.1_mrna_XM_393307.7_26619	656	457	27	3.23395
lcl|NC_037652.1_mrna_XM_625224.5_26620	3100	2901	475.306	8.96832
lcl|NC_037652.1_mrna_XM_625223.5_26621	1171	972	1152.69	64.9132
lcl|NC_037652.1_mrna_XM_026445669.1_26622	1207	1008	0.538142	0.0292228
lcl|NC_037652.1_mrna_XM_394095.7_26623	1376	1177	697.228	32.4253
lcl|NC_037652.1_mrna_XM_016916735.2_26624	1192	993	512.234	28.2361
lcl|NC_037652.1_mrna_XM_394094.6_26625	2237	2038	2045.33	54.9344
lcl|NC_037652.1_mrna_XM_006563422.3_26626	2024	1825	116.958	3.50795
lcl|NC_037652.1_mrna_XM_006563421.3_26627	1902	1703	1164.02	37.4138
lcl|NC_037652.1_mrna_XM_003250287.4_26628	1261	1062	440.756	22.7174
lcl|NC_037652.1_mrna_XM_392077.7_26629	1287	1088	1085.94	54.6337
lcl|NC_037652.1_mrna_XM_026445313.1_26630	5738	5539	209.231	2.06767
lcl|NC_037652.1_mrna_XM_026445312.1_26631	5824	5625	206.769	2.01209
lcl|NC_037652.1_mrna_XM_006563425.3_26632	1565	1366	282	11.3001
lcl|NC_037652.1_mrna_XM_394092.7_26633	5341	5142	24544	261.275
lcl|NC_037652.1_mrna_XM_006563428.3_26634	3580	3381	195.865	3.17101
lcl|NC_037652.1_mrna_XM_006563429.3_26635	3533	3334	0	0
lcl|NC_037652.1_miscrna_XR_001705637.2_26636	3237	3038	390.069	7.02811
lcl|NC_037652.1_miscrna_XR_001705635.2_26637	2918	2719	60.1888	1.21169
lcl|NC_037652.1_miscrna_XR_001705634.2_26638	3045	2846	0	0
lcl|NC_037652.1_miscrna_XR_001705633.2_26639	3263	3064	1689.29	30.1788
lcl|NC_037652.1_miscrna_XR_001705636.2_26640	3144	2945	1223.09	22.7331
lcl|NC_037652.1_mrna_XM_026445265.1_26641	2403	2204	94.0709	2.3363
lcl|NC_037652.1_miscrna_XR_003306104.1_26642	2554	2355	519.417	12.0729
lcl|NC_037652.1_miscrna_XR_409682.3_26643	3750	3551	671.002	10.3433
lcl|NC_037652.1_mrna_XM_006563327.3_26644	3798	3599	2317.09	35.2409
lcl|NC_037652.1_mrna_NM_001098214.1_26645	1863	1664	0	0
lcl|NC_037652.1_mrna_XM_016916465.2_26646	2985	2786	270.171	5.30814
lcl|NC_037652.1_mrna_NM_001040225.1_26647	407	208	101.829	26.7975
lcl|NC_037652.1_mrna_XM_026445626.1_26648	1728	1529	11	0.393795
lcl|NC_037652.1_mrna_XM_026445259.1_26649	6369	6170	10.7813	0.0956474
lcl|NC_037652.1_mrna_XM_026445258.1_26650	5421	5222	0.000164135	1.72048e-06
lcl|NC_037652.1_mrna_XM_026445257.1_26651	5368	5169	64.0154	0.677896
lcl|NC_037652.1_mrna_NM_001011567.1_26652	4023	3824	25.2031	0.360763
lcl|NC_037652.1_mrna_XM_016916645.2_26653	3016	2817	158.093	3.07194
lcl|NC_037652.1_mrna_XM_016916648.2_26654	1583	1384	0	0
lcl|NC_037652.1_mrna_XM_394090.5_26655	1477	1278	2766	118.47
lcl|NC_037652.1_mrna_XM_006563432.3_26656	3419	3220	2	0.0339985
lcl|NC_037652.1_trna_26657	73	3.5471	0	0
lcl|NC_037652.1_mrna_XM_006563431.3_26658	1640	1441	1145	43.4937
lcl|NC_037652.1_mrna_XM_016916595.2_26659	3390	3191	203.199	3.48562
lcl|NC_037652.1_miscrna_XR_001705674.2_26660	2808	2609	137.165	2.87775
lcl|NC_037652.1_mrna_XM_006563434.3_26661	2980	2781	251.636	4.95287
lcl|NC_037652.1_ncrna_XR_003306137.1_26662	144	6.5079	0	0
lcl|NC_037652.1_ncrna_XR_001705675.2_26663	264	65.044	209	175.883
lcl|NC_037652.1_mrna_XM_016916597.2_26664	233	36.0583	1	1.51803
lcl|NC_037652.1_mrna_XM_006563437.3_26665	1248	1049	125.308	6.53867
lcl|NC_037652.1_mrna_XM_006563436.3_26666	1262	1063	227.692	11.7246
lcl|NC_037652.1_mrna_XM_026445399.1_26667	1447	1248	15728	689.833
lcl|NC_037652.1_mrna_XM_026445400.1_26668	1625	1426	14	0.537395
lcl|NC_037652.1_mrna_XM_392070.7_26669	1933	1734	31	0.978584
lcl|NC_037652.1_mrna_XM_394088.6_26670	630	431	284	36.0684
lcl|NC_037652.1_mrna_XM_026445397.1_26671	8308	8109	3965.24	26.7662
lcl|NC_037652.1_mrna_XM_026445398.1_26672	7776	7577	1532.76	11.0729
lcl|NC_037652.1_mrna_XM_006563720.2_26673	1287	1088	34	1.71055
lcl|NC_037652.1_mrna_XM_006563442.3_26674	2170	1971	647	17.9681
lcl|NC_037652.1_mrna_XM_006563445.3_26675	3389	3190	463	7.94467
lcl|NC_037652.1_mrna_XM_016916601.2_26676	1090	891	0	0
lcl|NC_037652.1_mrna_XM_016916600.2_26677	1117	918	198	11.8061
lcl|NC_037652.1_mrna_XM_396922.7_26678	1746	1547	1140	40.3367
lcl|NC_037652.1_mrna_XM_016916599.2_26679	1948	1749	2862.03	89.5714
lcl|NC_037652.1_mrna_XM_006563448.3_26680	1521	1322	196.852	8.15069
lcl|NC_037652.1_mrna_XM_006563447.2_26681	1339	1140	142.5	6.84219
lcl|NC_037652.1_mrna_XM_026445451.1_26682	1299	1100	561.62	27.947
lcl|NC_037652.1_mrna_XM_016916856.2_26683	2746	2547	0	0
lcl|NC_037652.1_mrna_XM_006563449.3_26684	2482	2283	53.9837	1.29432
lcl|NC_037652.1_mrna_XM_003250212.4_26685	3066	2867	0	0
lcl|NC_037652.1_mrna_XM_006563451.3_26686	3217	3018	78.0163	1.41498
lcl|NC_037652.1_mrna_XM_003250211.4_26687	2728	2529	1	0.0216439
lcl|NC_037652.1_mrna_XM_001122452.5_26688	912	713	320	24.5666
lcl|NC_037652.1_ncrna_XR_001705788.2_26689	992	793	108.213	7.4695
lcl|NC_037652.1_mrna_XM_006563462.3_26690	2878	2679	22.8535	0.466945
lcl|NC_037652.1_mrna_XM_006563460.3_26691	2905	2706	82.7472	1.67383
lcl|NC_037652.1_mrna_XM_006563459.3_26692	2908	2709	0	0
lcl|NC_037652.1_mrna_XM_006563457.3_26693	3019	2820	72.2646	1.40269
lcl|NC_037652.1_mrna_XM_006563455.3_26694	3046	2847	203.459	3.91178
lcl|NC_037652.1_mrna_XM_006563458.3_26695	2989	2790	106.353	2.08657
lcl|NC_037652.1_mrna_XM_392838.7_26696	3045	2846	0.000144005	2.76966e-06
lcl|NC_037652.1_mrna_XM_006563456.3_26697	3026	2827	1320.11	25.5605
lcl|NC_037652.1_trna_26698	72	3.52559	0	0
lcl|NC_037652.1_precursorrna_NR_034306.1_26699	100	4.26726	0	0
lcl|NC_037652.1_ncrna_26700	22	2.73612	0	0
lcl|NC_037652.1_ncrna_XR_003306158.1_26701	1910	1711	10	0.319916
lcl|NC_037652.1_precursorrna_NR_127315.1_26702	79	3.6828	0	0
lcl|NC_037652.1_ncrna_26703	23	2.74792	0	0
lcl|NC_037652.1_precursorrna_NR_127332.1_26704	75	3.59105	0	0
lcl|NC_037652.1_ncrna_26705	22	2.73612	0	0
lcl|NC_037652.1_mrna_XM_625221.6_26706	2448	2249	337	8.20211
lcl|NC_037652.1_mrna_XM_003250213.4_26707	2500	2301	292	6.94627
lcl|NC_037652.1_mrna_XM_006563464.3_26708	582	383	30	4.28754
lcl|NC_037652.1_mrna_XM_006563463.3_26709	1229	1030	1995	106.021
lcl|NC_037652.1_mrna_XM_003250215.4_26710	3996	3797	6	0.086496
lcl|NC_037652.1_mrna_XM_003250216.4_26711	7955	7756	96.0036	0.67754
lcl|NC_037652.1_mrna_XM_625220.6_26712	3623	3424	259.037	4.14108
lcl|NC_037652.1_mrna_XM_006563467.3_26713	3239	3040	0	0
lcl|NC_037652.1_mrna_XM_016916555.2_26714	3160	2961	0	0
lcl|NC_037652.1_precursorrna_NR_034304.1_26715	100	4.26726	0	0
lcl|NC_037652.1_ncrna_26716	21	2.72438	0	0
lcl|NC_037652.1_precursorrna_NR_039498.1_26717	93	4.05064	0	0
lcl|NC_037652.1_ncrna_26718	22	2.73612	0	0
lcl|NC_037652.1_mrna_XM_006563468.3_26719	4963	4764	38.1899	0.438795
lcl|NC_037652.1_mrna_XM_026445319.1_26720	4183	3984	139.036	1.91027
lcl|NC_037652.1_mrna_XM_006563469.3_26721	4960	4761	84.5659	0.97226
lcl|NC_037652.1_mrna_XM_016916550.2_26722	2589	2390	28.3715	0.649786
lcl|NC_037652.1_mrna_XM_016916551.2_26723	3650	3451	37.8967	0.601093
lcl|NC_037652.1_mrna_XM_396448.5_26724	4129	3930	1165.43	16.2322
lcl|NC_037652.1_mrna_XM_396447.6_26725	1500	1301	56	2.35611
lcl|NC_037652.1_mrna_XM_394084.7_26726	7341	7142	384.86	2.94963
lcl|NC_037652.1_mrna_XM_016916552.2_26727	2442	2243	1.14018	0.0278245
lcl|NC_037652.1_mrna_XM_006563473.3_26728	974	775	4	0.282516
lcl|NC_037652.1_mrna_XM_026445320.1_26729	1401	1202	5	0.227694
lcl|NC_037652.1_mrna_XM_006563471.3_26730	2914	2715	227	4.57658
lcl|NC_037652.1_mrna_XM_006563470.3_26731	1223	1024	55	2.94
lcl|NC_037652.1_mrna_XM_003250221.4_26732	766	567	0	0
lcl|NC_037652.1_mrna_XM_026445688.1_26733	6182	5983	352.17	3.22195
lcl|NC_037652.1_mrna_XM_394082.7_26734	6162	5963	3120.79	28.6473
lcl|NC_037652.1_mrna_XM_026445690.1_26735	6178	5979	230.94	2.11425
lcl|NC_037652.1_mrna_XM_026445689.1_26736	6158	5959	142.112	1.3054
lcl|NC_037652.1_mrna_XM_006563479.3_26737	6129	5930	116.931	1.07935
lcl|NC_037652.1_mrna_XM_026445687.1_26738	5953	5754	6.38123e-07	6.07044e-09
lcl|NC_037652.1_mrna_XM_016916740.2_26739	6003	5804	1722.77	16.2474
lcl|NC_037652.1_mrna_XM_016916742.2_26740	5667	5468	1745.72	17.4755
lcl|NC_037652.1_mrna_XM_016916741.2_26741	5919	5720	164.452	1.57373
lcl|NC_037652.1_mrna_XM_392068.7_26742	2675	2476	1379.57	30.4986
lcl|NC_037652.1_mrna_XM_026445571.1_26743	3650	3451	1177.95	18.6839
lcl|NC_037652.1_mrna_XM_026445627.1_26744	6928	6729	105.033	0.854402
lcl|NC_037652.1_mrna_XM_001121061.5_26745	997	798	1966	134.855
lcl|NC_037652.1_mrna_XM_003250222.4_26746	2157	1958	677	18.9261
lcl|NC_037652.1_mrna_XM_026445628.1_26747	3227	3028	129	2.33195
lcl|NC_037652.1_mrna_XM_026445572.1_26748	1220	1021	6	0.32167
lcl|NC_037652.1_mrna_XM_016916515.2_26749	1460	1261	0	0
lcl|NC_037652.1_mrna_XM_394081.6_26750	1814	1615	0	0
lcl|NC_037652.1_mrna_XM_016916514.2_26751	1819	1620	0	0
lcl|NC_037652.1_mrna_XM_016916513.2_26752	1879	1680	60	1.95491
lcl|NC_037652.1_mrna_XM_006563486.3_26753	3379	3180	90	1.54918
lcl|NC_037652.1_mrna_NM_001242984.1_26754	1194	995	0	0
lcl|NC_037652.1_mrna_XM_016916512.2_26755	2395	2196	243.891	6.07924
lcl|NC_037652.1_mrna_XM_625212.6_26756	2360	2161	17.7881	0.450569
lcl|NC_037652.1_mrna_XM_392067.7_26757	1185	986	144.936	8.04606
lcl|NC_037652.1_mrna_XM_394080.6_26758	1553	1354	479.385	19.3799
lcl|NC_037652.1_mrna_XM_006563487.3_26759	1040	841	70.7128	4.60243
lcl|NC_037652.1_mrna_XM_006563488.3_26760	1015	816	105.287	7.0627
lcl|NC_037652.1_mrna_XM_016916453.2_26761	25997	25798	28382.2	60.2205
lcl|NC_037652.1_mrna_XM_016916455.2_26762	25739	25540	64684.1	138.632
lcl|NC_037652.1_mrna_XM_006563323.3_26763	25978	25779	48575.1	103.141
lcl|NC_037652.1_mrna_NM_001011629.1_26764	14424	14225	12205.5	46.9664
lcl|NC_037652.1_mrna_XM_392065.7_26765	2359	2160	5680	143.939
lcl|NC_037652.1_mrna_XM_026445629.1_26766	3601	3402	55	0.88494
lcl|NC_037652.1_mrna_XM_016916511.2_26767	7343	7144	2786.78	21.3524
lcl|NC_037652.1_mrna_XM_006563493.3_26768	7156	6957	131.2	1.03228
lcl|NC_037652.1_ncrna_XR_003306173.1_26769	879	680	0	0
lcl|NC_037652.1_ncrna_XR_003306172.1_26770	850	651	3.02245	0.254134
lcl|NC_037652.1_mrna_XM_006563491.3_26771	2527	2328	56.7805	1.33506
lcl|NC_037652.1_mrna_XM_006563492.3_26772	2322	2123	88.2195	2.27457
lcl|NC_037652.1_mrna_XM_625202.6_26773	408	209	372	97.4276
lcl|NC_037652.1_mrna_XM_026445260.1_26774	6340	6141	96.8217	0.863016
lcl|NC_037652.1_mrna_XM_026445261.1_26775	1721	1522	13.8838	0.499318
lcl|NC_037652.1_mrna_NM_001011585.1_26776	1630	1431	34.8804	1.33422
lcl|NC_037652.1_mrna_XM_016916795.2_26777	1423	1224	0.00267695	0.000119714
lcl|NC_037652.1_mrna_XM_016916452.2_26778	4336	4137	812.854	10.755
lcl|NC_037652.1_mrna_XM_016916793.2_26779	1662	1463	275.901	10.3227
lcl|NC_037652.1_mrna_XM_016916790.2_26780	1794	1595	19.7588	0.678086
lcl|NC_037652.1_mrna_XM_016916794.2_26781	1557	1358	0	0
lcl|NC_037652.1_mrna_XM_016916791.2_26782	1689	1490	6.83818	0.251211
lcl|NC_037652.1_mrna_XM_016916796.2_26783	1403	1204	153.499	6.97854
lcl|NC_037652.1_mrna_XM_625193.6_26784	2903	2704	774.659	15.6816
lcl|NC_037652.1_mrna_XM_016916534.2_26785	2718	2519	322.341	7.00442
lcl|NC_037652.1_mrna_XM_016916540.2_26786	2143	1944	165.421	4.6578
lcl|NC_037652.1_mrna_XM_006563497.3_26787	2085	1886	3031.58	87.9858
lcl|NC_037652.1_mrna_XM_006563498.3_26788	3355	3156	48.5027	0.841228
lcl|NC_037652.1_mrna_XM_016916539.2_26789	3196	2997	26.4688	0.483429
lcl|NC_037652.1_mrna_XM_001119915.5_26790	3493	3294	2493.51	41.4355
lcl|NC_037652.1_mrna_XM_026445637.1_26791	9356	9157	87.9895	0.525973
lcl|NC_037652.1_mrna_XM_026445636.1_26792	9410	9211	0.0527021	0.000313189
lcl|NC_037652.1_mrna_XM_016916538.2_26793	8836	8637	516.301	3.27209
lcl|NC_037652.1_mrna_XM_006563321.3_26794	1801	1602	5.52765	0.18887
lcl|NC_037652.1_mrna_NM_001011595.1_26795	2832	2633	39.204	0.815013
lcl|NC_037652.1_ncrna_XR_409705.3_26796	1745	1546	3	0.106218
lcl|NC_037652.1_mrna_XM_026445263.1_26797	1557	1358	0	0
lcl|NC_037652.1_ncrna_XR_003306178.1_26798	6624	6425	287.11	2.44602
lcl|NC_037652.1_mrna_XM_026445262.1_26799	2228	2029	1.56505	0.0422212
lcl|NC_037652.1_mrna_XM_016916535.2_26800	2210	2011	638	17.3658
lcl|NC_037652.1_mrna_XM_026445638.1_26801	859	660	419	34.75
lcl|NC_037652.1_mrna_XM_393612.7_26802	1935	1736	2804	88.4125
lcl|NC_037652.1_mrna_XM_026445635.1_26803	5029	4830	2749.43	31.1588
lcl|NC_037652.1_mrna_XM_026445634.1_26804	5119	4920	94.5665	1.0521
lcl|NC_037652.1_mrna_XM_003250229.4_26805	1802	1603	590	20.1467
lcl|NC_037652.1_mrna_XM_006563504.3_26806	1592	1393	12	0.471537
lcl|NC_037652.1_mrna_XM_006563506.2_26807	4522	4323	3032	38.391
lcl|NC_037652.1_mrna_XM_006563505.3_26808	706	507	116	12.5238
lcl|NC_037652.1_mrna_NM_001011639.2_26809	1806	1607	9	0.306557
lcl|NC_037652.1_mrna_NM_001077825.1_26810	1158	959	5	0.285389
lcl|NC_037652.1_mrna_XM_625182.6_26811	735	536	562.121	57.4051
lcl|NC_037652.1_mrna_XM_006563507.3_26812	751	552	38.8788	3.85531
lcl|NC_037652.1_mrna_XM_397399.5_26813	1703	1504	1386	50.443
lcl|NC_037652.1_mrna_XM_006563508.3_26814	1497	1298	0	0
lcl|NC_037652.1_mrna_XM_623433.6_26815	1786	1587	328.345	11.325
lcl|NC_037652.1_mrna_XM_006563509.3_26816	1525	1326	227.878	9.40685
lcl|NC_037652.1_mrna_XM_026445639.1_26817	1453	1254	103.777	4.52991
lcl|NC_037652.1_precursorrna_NR_039499.1_26818	127	5.40428	0	0
lcl|NC_037652.1_ncrna_26819	22	2.73612	0	0
lcl|NC_037652.1_precursorrna_NR_034297.1_26820	100	4.26726	0	0
lcl|NC_037652.1_precursorrna_NR_031530.1_26821	92	4.02165	0	0
lcl|NC_037652.1_ncrna_26822	23	2.74792	0	0
lcl|NC_037652.1_ncrna_26823	21	2.72438	0	0
lcl|NC_037652.1_mrna_XM_026445530.1_26824	1992	1793	46	1.40431
lcl|NC_037652.1_mrna_XM_026445458.1_26825	3721	3522	781.829	12.1509
lcl|NC_037652.1_mrna_XM_026445457.1_26826	3712	3513	1072.17	16.706
lcl|NC_037652.1_mrna_XM_006563512.3_26827	1184	985	38	2.1117
lcl|NC_037652.1_mrna_XM_394075.6_26828	1300	1101	332	16.5058
lcl|NC_037652.1_mrna_XM_006563514.3_26829	2541	2342	234.594	5.48297
lcl|NC_037652.1_mrna_XM_006563515.3_26830	2133	1934	299.934	8.48897
lcl|NC_037652.1_mrna_XM_006563516.3_26831	2069	1870	0	0
lcl|NC_037652.1_mrna_XM_001121000.5_26832	2081	1882	628.636	18.2837
lcl|NC_037652.1_mrna_XM_016916810.2_26833	1953	1754	757.82	23.6495
lcl|NC_037652.1_mrna_XM_006563518.3_26834	2897	2698	1233.02	25.0156
lcl|NC_037652.1_mrna_XM_026445344.1_26835	2691	2492	1.0509e-05	2.30833e-07
lcl|NC_037652.1_mrna_XM_016916809.1_26836	1888	1689	1.75957e-06	5.70245e-08
lcl|NC_037652.1_mrna_XM_026445346.1_26837	642	443	384.564	47.5171
lcl|NC_037652.1_mrna_XM_006563513.3_26838	752	553	80.4364	7.96182
lcl|NC_037652.1_miscrna_XR_003306148.1_26839	9298	9099	583.335	3.50921
lcl|NC_037652.1_mrna_XM_016916800.2_26840	7757	7558	0	0
lcl|NC_037652.1_miscrna_XR_003306149.1_26841	9333	9134	280.976	1.68381
lcl|NC_037652.1_mrna_XM_026445470.1_26842	7655	7456	240.596	1.76631
lcl|NC_037652.1_miscrna_XR_003306150.1_26843	7915	7716	210.739	1.49499
lcl|NC_037652.1_miscrna_XR_003306151.1_26844	7891	7692	3421.34	24.3468
lcl|NC_037652.1_mrna_XM_016916710.2_26845	2531	2332	50.727	1.19068
lcl|NC_037652.1_mrna_XM_016916707.2_26846	2734	2535	32.3507	0.698539
lcl|NC_037652.1_mrna_XM_016916709.2_26847	2800	2601	101.902	2.14451
lcl|NC_037652.1_mrna_XM_016916708.2_26848	2836	2637	823.02	17.0838
lcl|NC_037652.1_mrna_XM_016916711.2_26849	965	766	9	0.64313
lcl|NC_037652.1_mrna_XM_016916712.2_26850	788	589	0	0
lcl|NC_037652.1_mrna_XM_016916459.2_26851	2262	2063	3.99258	0.105935
lcl|NC_037652.1_mrna_XM_026445275.1_26852	4762	4563	70.6545	0.847569
lcl|NC_037652.1_mrna_XM_006563334.3_26853	4765	4566	0	0
lcl|NC_037652.1_mrna_XM_006563335.3_26854	4690	4491	0	0
lcl|NC_037652.1_mrna_XM_026445272.1_26855	4695	4496	8.69273	0.105831
lcl|NC_037652.1_mrna_XM_006563341.3_26856	4713	4514	0	0
lcl|NC_037652.1_mrna_XM_006563340.3_26857	4742	4543	0	0
lcl|NC_037652.1_mrna_XM_006563342.3_26858	4699	4500	0	0
lcl|NC_037652.1_mrna_XM_006563343.3_26859	4689	4490	0	0
lcl|NC_037652.1_mrna_XM_006563344.3_26860	4668	4469	0	0
lcl|NC_037652.1_mrna_XM_016916460.2_26861	4590	4391	86.5839	1.07934
lcl|NC_037652.1_mrna_XM_006563345.3_26862	4606	4407	0	0
lcl|NC_037652.1_mrna_XM_006563346.3_26863	4593	4394	0	0
lcl|NC_037652.1_mrna_XM_006563347.3_26864	4531	4332	0	0
lcl|NC_037652.1_mrna_XM_026445277.1_26865	4509	4310	0	0
lcl|NC_037652.1_mrna_XM_006563348.3_26866	4486	4287	0	0
lcl|NC_037652.1_mrna_XM_006563349.3_26867	4444	4245	60.8284	0.784357
lcl|NC_037652.1_mrna_XM_006563350.3_26868	4434	4235	0	0
lcl|NC_037652.1_mrna_XM_026445471.1_26869	1126	927	1	0.059048
lcl|NC_037652.1_mrna_XM_026445472.1_26870	1237	1038	112752	5945.83
lcl|NC_037652.1_mrna_XM_006563337.3_26871	4530	4331	159.075	2.01047
lcl|NC_037652.1_mrna_XM_006563338.3_26872	4443	4244	13.205	0.170313
lcl|NC_037652.1_mrna_XM_026445273.1_26873	4561	4362	19.8547	0.249151
lcl|NC_037652.1_mrna_NM_001077816.1_26874	1530	1331	0	0
lcl|NC_037652.1_mrna_NM_001143880.1_26875	1470	1271	0	0
lcl|NC_037652.1_mrna_NM_001143879.1_26876	1428	1229	0	0
lcl|NC_037652.1_mrna_NM_001143878.1_26877	1377	1178	31.5299	1.46508
lcl|NC_037652.1_mrna_XM_026445278.1_26878	3867	3668	0	0
lcl|NC_037652.1_mrna_XM_016916461.2_26879	4412	4213	44.8596	0.58284
lcl|NC_037652.1_mrna_XM_006563351.3_26880	3675	3476	0	0
lcl|NC_037652.1_ncrna_XR_001705724.2_26881	522	323	0	0
lcl|NC_037652.1_mrna_XM_006563530.3_26882	1367	1168	212	9.93524
lcl|NC_037652.1_mrna_XM_006563531.3_26883	753	554	7	0.69163
lcl|NC_037652.1_mrna_XM_392056.6_26884	2689	2490	111	2.44011
lcl|NC_037652.1_mrna_XM_394069.7_26885	700	501	395	43.1563
lcl|NC_037652.1_mrna_XM_001121277.5_26886	2031	1832	692	20.676
lcl|NC_037652.1_mrna_XM_006563724.1_26887	789	590	452	41.9345
lcl|NC_037652.1_mrna_XM_001121410.5_26888	2489	2290	1042	24.9068
lcl|NC_037652.1_mrna_XM_006563532.3_26889	736	537	342	34.8608
lcl|NC_037652.1_mrna_XM_016916519.2_26890	3266	3067	1627	29.0375
lcl|NC_037652.1_mrna_XM_397181.7_26891	4829	4630	5496	64.9757
lcl|NC_037652.1_mrna_XM_006563539.3_26892	1691	1492	0.000632703	2.32122e-05
lcl|NC_037652.1_mrna_XM_625083.6_26893	1749	1550	560.999	19.8114
lcl|NC_037652.1_mrna_XM_006563538.3_26894	1773	1574	0	0
lcl|NC_037652.1_precursorrna_NR_034300.1_26895	100	4.26726	0	0
lcl|NC_037652.1_ncrna_26896	21	2.72438	0	0
lcl|NC_037652.1_precursorrna_NR_127320.1_26897	82	3.75521	0	0
lcl|NC_037652.1_ncrna_26898	24	2.75981	0	0
lcl|NC_037652.1_mrna_XM_026445300.1_26899	2269	2070	426.857	11.2875
lcl|NC_037652.1_mrna_XM_026445299.1_26900	2591	2392	193.143	4.4198
lcl|NC_037652.1_mrna_XM_026445301.1_26901	1651	1452	609.546	22.9787
lcl|NC_037652.1_mrna_XM_016916521.2_26902	3852	3653	2011.19	30.1362
lcl|NC_037652.1_mrna_XM_016916528.2_26903	666	467	151.646	17.7746
lcl|NC_037652.1_mrna_XM_016916525.2_26904	1296	1097	275	13.7218
lcl|NC_037652.1_mrna_XM_001121657.5_26905	1158	959	320	18.2649
lcl|NC_037652.1_mrna_XM_016916523.2_26906	2546	2347	244.459	5.70137
lcl|NC_037652.1_mrna_XM_394061.6_26907	1481	1282	2750	117.417
lcl|NC_037652.1_mrna_XM_003250236.3_26908	2382	2183	443	11.108
lcl|NC_037652.1_mrna_XM_006563550.3_26909	7481	7282	11264.3	84.672
lcl|NC_037652.1_mrna_XM_006563549.3_26910	7493	7294	1503.96	11.2864
lcl|NC_037652.1_ncrna_XR_001705654.2_26911	3415	3216	234	3.98277
lcl|NC_037652.1_mrna_XM_006563546.3_26912	922	723	42.5247	3.2195
lcl|NC_037652.1_mrna_XM_026445303.1_26913	905	706	13.5179	1.04807
lcl|NC_037652.1_mrna_XM_006563553.3_26914	2255	2056	0.152237	0.00405305
lcl|NC_037652.1_mrna_XM_016916529.2_26915	2159	1960	123.349	3.4448
lcl|NC_037652.1_mrna_XM_625007.6_26916	2240	2041	859.444	23.0494
lcl|NC_037652.1_mrna_XM_006563552.3_26917	2185	1986	22.0188	0.606875
lcl|NC_037652.1_mrna_XM_001121815.5_26918	2250	2051	370.036	9.8756
lcl|NC_037652.1_mrna_XM_026445305.1_26919	4882	4683	56.9772	0.665981
lcl|NC_037652.1_mrna_XM_016916532.2_26920	6462	6263	620.36	5.42184
lcl|NC_037652.1_mrna_XM_026445306.1_26921	6060	5861	3648.33	34.0728
lcl|NC_037652.1_mrna_XM_006563555.3_26922	5205	5006	1689	18.4682
lcl|NC_037652.1_mrna_XM_026445307.1_26923	5974	5775	104.332	0.988899
lcl|NC_037652.1_mrna_XM_001121888.5_26924	1800	1601	131	4.47884
lcl|NC_037652.1_mrna_XM_026445565.1_26925	970	771	394.763	28.0264
lcl|NC_037652.1_mrna_XM_006563570.3_26926	874	675	192.909	15.6435
lcl|NC_037652.1_mrna_XM_001120608.4_26927	806	607	775.328	69.9169
lcl|NC_037652.1_mrna_XM_394067.6_26928	4493	4294	4778.17	60.9094
lcl|NC_037652.1_mrna_XM_016916583.2_26929	4376	4177	52.3372	0.685854
lcl|NC_037652.1_mrna_XM_026445558.1_26930	4346	4147	0.0434383	0.000573355
lcl|NC_037652.1_ncrna_XR_001705672.2_26931	1669	1470	25.6327	0.954472
lcl|NC_037652.1_mrna_XM_006563567.3_26932	2369	2170	4554.82	114.894
lcl|NC_037652.1_mrna_XM_016916590.2_26933	1783	1584	70.0001	2.41896
lcl|NC_037652.1_mrna_XM_016916589.2_26934	1996	1797	33.7465	1.02794
lcl|NC_037652.1_mrna_XM_016916588.2_26935	1999	1800	0	0
lcl|NC_037652.1_ncrna_XR_001705670.2_26936	398	199	4.25341	1.16996
lcl|NC_037652.1_mrna_XM_016916593.2_26937	854	655	1808	151.092
lcl|NC_037652.1_mrna_XM_006563565.3_26938	1594	1395	23	0.902483
lcl|NC_037652.1_mrna_XM_026445556.1_26939	4699	4500	6.32509	0.0769378
lcl|NC_037652.1_mrna_XM_026445557.1_26940	4696	4497	14.6749	0.178623
lcl|NC_037652.1_mrna_NM_001011572.1_26941	2313	2114	3893	100.801
lcl|NC_037652.1_mrna_XM_016916586.2_26942	2165	1966	0.115887	0.00322655
lcl|NC_037652.1_mrna_XM_016916585.2_26943	2168	1969	152.884	4.25013
lcl|NC_037652.1_mrna_XM_026445561.1_26944	2691	2492	52	1.1422
lcl|NC_037652.1_mrna_XM_016916592.1_26945	620	421	5	0.65009
lcl|NC_037652.1_mrna_XM_006563559.3_26946	1151	952	5	0.287487
lcl|NC_037652.1_ncrna_XR_003306164.1_26947	506	307	1	0.178298
lcl|NC_037652.1_mrna_XM_006563558.3_26948	2778	2579	62.6717	1.33016
lcl|NC_037652.1_mrna_XM_001122096.5_26949	2758	2559	189.735	4.05848
lcl|NC_037652.1_mrna_XM_006563557.3_26950	2596	2397	7.59297	0.173392
lcl|NC_037652.1_mrna_XM_624835.6_26951	757	558	170	16.6763
lcl|NC_037652.1_mrna_XM_392055.7_26952	2304	2105	737	19.1646
lcl|NC_037652.1_mrna_XM_003250238.4_26953	3035	2836	269.572	5.203
lcl|NC_037652.1_mrna_XM_016916584.2_26954	2824	2625	100.943	2.10491
lcl|NC_037652.1_mrna_XM_624784.6_26955	456	257	2004	426.825
lcl|NC_037652.1_mrna_XM_026445564.1_26956	1986	1787	906	27.7517
lcl|NC_037652.1_mrna_XM_026445559.1_26957	6305	6106	257.485	2.30824
lcl|NC_037652.1_mrna_XM_392061.7_26958	8742	8543	21.5532	0.138097
lcl|NC_037652.1_mrna_XM_016916696.2_26959	9030	8831	69.9416	0.433522
lcl|NC_037652.1_mrna_XM_006563585.3_26960	7275	7076	187.184	1.44799
lcl|NC_037652.1_mrna_XM_016916697.2_26961	7777	7578	110.05	0.794916
lcl|NC_037652.1_mrna_XM_026445560.1_26962	8084	7885	120.189	0.834349
lcl|NC_037652.1_trna_26963	73	3.5471	0	0
lcl|NC_037652.1_trna_26964	72	3.52559	0	0
lcl|NC_037652.1_mrna_XM_006563576.3_26965	2757	2558	0	0
lcl|NC_037652.1_mrna_XM_016916698.2_26966	2727	2528	702.06	15.2014
lcl|NC_037652.1_mrna_XM_016916699.2_26967	2373	2174	514.599	12.9567
lcl|NC_037652.1_mrna_XM_026445563.1_26968	1908	1709	5.89567	0.188832
lcl|NC_037652.1_mrna_XM_016916700.2_26969	1774	1575	10.1043	0.351166
lcl|NC_037652.1_mrna_XM_006563573.3_26970	2881	2682	69.8017	1.4246
lcl|NC_037652.1_mrna_XM_026445562.1_26971	3078	2879	484.683	9.21513
lcl|NC_037652.1_mrna_XM_006563577.3_26972	3456	3257	436.959	7.34358
lcl|NC_037652.1_mrna_XM_006563574.3_26973	2850	2651	32.3984	0.668958
lcl|NC_037652.1_mrna_XM_006563575.3_26974	2839	2640	56.7883	1.17744
lcl|NC_037652.1_mrna_XM_001122227.5_26975	1392	1193	149.77	6.87181
lcl|NC_037652.1_mrna_XM_392060.7_26976	836	637	1776.48	152.654
lcl|NC_037652.1_mrna_XM_006563587.3_26977	816	617	3562.4	316.041
lcl|NC_037652.1_mrna_XM_623191.6_26978	855	656	0	0
lcl|NC_037652.1_mrna_XM_003250239.3_26979	1015	816	9.11732	0.611593
lcl|NC_037652.1_mrna_XM_016916701.2_26980	801	602	0	0
lcl|NC_037652.1_mrna_XM_003250242.4_26981	3134	2935	70.7163	1.31885
lcl|NC_037652.1_mrna_XM_001122242.5_26982	3194	2995	425.427	7.77524
lcl|NC_037652.1_mrna_XM_003250241.4_26983	3020	2821	91.0316	1.76634
lcl|NC_037652.1_mrna_XM_006563588.3_26984	3175	2976	0	0
lcl|NC_037652.1_mrna_XM_016916767.2_26985	3180	2981	46.8246	0.8598
lcl|NC_037652.1_ncrna_XR_001705759.2_26986	5240	5041	7	0.0760093
lcl|NC_037652.1_mrna_XM_006563590.3_26987	4972	4773	0	0
lcl|NC_037652.1_mrna_XM_001122276.5_26988	5116	4917	57.9939	0.645606
lcl|NC_037652.1_mrna_XM_006563589.3_26989	5182	4983	1654	18.1689
lcl|NC_037652.1_mrna_XM_006563591.3_26990	4577	4378	376.009	4.70119
lcl|NC_037652.1_mrna_XM_006563594.3_26991	620	421	5296	688.575
lcl|NC_037652.1_mrna_XM_001122341.5_26992	1335	1136	2441	117.618
lcl|NC_037652.1_ncrna_XR_003306155.1_26993	1398	1199	21	0.958706
lcl|NC_037652.1_mrna_NM_001270832.1_26994	765	566	107.811	10.4264
lcl|NC_037652.1_mrna_NM_001270833.1_26995	606	407	46.1887	6.21193
lcl|NC_037652.1_mrna_NM_001270831.1_26996	750	551	38	3.775
lcl|NC_037652.1_mrna_XM_016916679.2_26997	4227	4028	205.705	2.79538
lcl|NC_037652.1_miscrna_XR_003306132.1_26998	1055	856	86.0812	5.50453
lcl|NC_037652.1_mrna_XM_016916678.2_26999	1004	805	89.214	6.06628
lcl|NC_037652.1_mrna_XM_396338.7_27000	2328	2129	485	12.4696
lcl|NC_037652.1_mrna_XM_006563597.3_27001	3272	3073	2071.33	36.8954
lcl|NC_037652.1_mrna_XM_006563596.3_27002	3401	3202	369.575	6.31781
lcl|NC_037652.1_mrna_XM_006563595.3_27003	3416	3217	20563.1	349.884
lcl|NC_037652.1_miscrna_XR_409716.3_27004	3454	3255	438.498	7.37397
lcl|NC_037652.1_mrna_XM_016916676.2_27005	3092	2893	3031.57	57.3594
lcl|NC_037652.1_mrna_XM_016916675.2_27006	5553	5354	1478.89	15.1197
lcl|NC_037652.1_mrna_XM_393211.7_27007	1537	1338	1095.2	44.8047
lcl|NC_037652.1_mrna_XM_006563604.3_27008	1894	1695	1699.8	54.8924
lcl|NC_037652.1_mrna_XM_003250245.4_27009	1634	1435	56.2579	2.14594
lcl|NC_037652.1_mrna_XM_026445391.1_27010	1490	1291	227.782	9.65782
lcl|NC_037652.1_mrna_XM_016916677.2_27011	1482	1283	832.855	35.5327
lcl|NC_037652.1_mrna_XM_026445392.1_27012	1403	1204	158.104	7.18791
lcl|NC_037652.1_mrna_XM_393112.7_27013	1453	1254	3649	159.28
lcl|NC_037652.1_mrna_XM_393113.7_27014	1420	1221	722	32.3673
lcl|NC_037652.1_mrna_XM_001122466.4_27015	478	279	222	43.5546
lcl|NC_037652.1_mrna_XM_016916736.2_27016	2233	2034	1191.36	32.061
lcl|NC_037652.1_mrna_XM_006563605.3_27017	2294	2095	290.637	7.59367
lcl|NC_037652.1_mrna_XM_026445394.1_27018	2162	1963	178.201	4.96906
lcl|NC_037652.1_mrna_XM_026445395.1_27019	2518	2319	993.804	23.4577
lcl|NC_037652.1_mrna_XM_016916739.2_27020	1043	844	19.1818	1.24404
lcl|NC_037652.1_mrna_XM_026445396.1_27021	823	624	15.8182	1.38758
lcl|NC_037652.1_mrna_XM_026445393.1_27022	4857	4658	62	0.72858
lcl|NC_037652.1_mrna_XM_026445341.1_27023	4065	3866	1417	20.0629
lcl|NC_037652.1_mrna_XM_006563614.3_27024	4003	3804	499.461	7.18698
lcl|NC_037652.1_mrna_XM_006563615.3_27025	5973	5774	49.5516	0.469749
lcl|NC_037652.1_mrna_XM_006563613.3_27026	5976	5777	0	0
lcl|NC_037652.1_mrna_XM_006563616.3_27027	5951	5752	50.9874	0.485209
lcl|NC_037652.1_ncrna_XR_001705741.2_27028	4541	4342	100	1.26065
lcl|NC_037652.1_ncrna_XR_409721.3_27029	3746	3547	20.2077	0.311846
lcl|NC_037652.1_ncrna_XR_003306192.1_27030	2511	2312	0	0
lcl|NC_037652.1_ncrna_XR_003306193.1_27031	2312	2113	1	0.0259051
lcl|NC_037652.1_mrna_XM_003250247.4_27032	1802	1603	387.651	13.2371
lcl|NC_037652.1_mrna_XM_003250248.4_27033	1562	1363	235.687	9.46508
lcl|NC_037652.1_mrna_XM_006563618.3_27034	1557	1358	17.6626	0.711933
lcl|NC_037652.1_mrna_XM_016916875.2_27035	2744	2545	531.769	11.4372
lcl|NC_037652.1_mrna_XM_026445510.1_27036	1948	1749	38.2312	1.1965
lcl|NC_037652.1_mrna_XM_026445630.1_27037	464	265	0	0
lcl|NC_037652.1_mrna_XM_003250283.3_27038	2169	1970	0	0
lcl|NC_037652.1_mrna_XM_006563634.3_27039	1315	1116	10.7936	0.529404
lcl|NC_037652.1_mrna_XM_026445543.1_27040	1379	1180	0	0
lcl|NC_037652.1_mrna_XM_026445545.1_27041	1345	1146	0	0
lcl|NC_037652.1_mrna_XM_016916661.2_27042	1117	918	19.2064	1.14522
lcl|NC_037652.1_mrna_XM_026445544.1_27043	1195	996	0	0
lcl|NC_037652.1_mrna_XM_003250250.3_27044	1004	805	15	1.01995
lcl|NC_037652.1_mrna_XM_001122615.5_27045	2596	2397	65.6203	1.4985
lcl|NC_037652.1_mrna_XM_006563631.3_27046	2696	2497	216.807	4.7527
lcl|NC_037652.1_mrna_XM_006563633.3_27047	2577	2378	146.295	3.36746
lcl|NC_037652.1_mrna_XM_016916660.2_27048	2483	2284	128.431	3.07792
lcl|NC_037652.1_mrna_XM_026445546.1_27049	1260	1061	113.066	5.83312
lcl|NC_037652.1_mrna_XM_026445547.1_27050	1016	817	9.98314	0.668852
lcl|NC_037652.1_mrna_XM_026445548.1_27051	1006	807	32.9512	2.23503
lcl|NC_037652.1_mrna_XM_016916657.2_27052	7307	7108	567.04	4.36668
lcl|NC_037652.1_mrna_XM_006563627.3_27053	4338	4139	38.6541	0.511194
lcl|NC_037652.1_mrna_XM_006563626.3_27054	4602	4403	49.6607	0.617376
lcl|NC_037652.1_mrna_XM_006563623.3_27055	4824	4625	48.1231	0.569543
lcl|NC_037652.1_ncrna_XR_003306162.1_27056	5220	5021	11.5747	0.126184
lcl|NC_037652.1_mrna_XM_006563636.3_27057	1197	998	748.5	41.0531
lcl|NC_037652.1_mrna_XM_001120018.3_27058	1165	966	339.5	19.2375
lcl|NC_037652.1_mrna_XM_006563639.3_27059	1170	971	2171.38	122.406
lcl|NC_037652.1_mrna_XM_006563638.3_27060	1231	1032	289.181	15.3382
lcl|NC_037652.1_mrna_XM_006563637.2_27061	1210	1011	2274.44	123.143
lcl|NC_037652.1_mrna_XM_006563640.3_27062	1147	948	7.12338e-08	4.11304e-09
lcl|NC_037652.1_mrna_XM_006563643.3_27063	1689	1490	1684.96	61.8999
lcl|NC_037652.1_mrna_XM_006563642.3_27064	1821	1622	189.552	6.3968
lcl|NC_037652.1_mrna_XM_396249.7_27065	1658	1459	1886.48	70.7755
lcl|NC_037652.1_mrna_XM_006563644.3_27066	1308	1109	657	32.4279
lcl|NC_037652.1_mrna_XM_026445269.1_27067	3785	3586	8.54148	0.130379
lcl|NC_037652.1_mrna_NM_001327955.1_27068	1266	1067	0.458515	0.023522
lcl|NC_037652.1_mrna_XM_003250253.4_27069	2206	2007	4	0.109093
lcl|NC_037652.1_mrna_XM_026445631.1_27070	582	383	1	0.142918
lcl|NC_037652.1_mrna_XM_006563646.3_27071	2426	2227	1245.1	30.6033
lcl|NC_037652.1_mrna_XM_623985.6_27072	2333	2134	186.904	4.79412
lcl|NC_037652.1_mrna_XM_006563649.3_27073	7861	7662	3.48397e-05	2.48896e-07
lcl|NC_037652.1_mrna_XM_006563651.3_27074	7870	7671	7.91885e-06	5.65061e-08
lcl|NC_037652.1_mrna_XM_003250254.4_27075	7893	7694	191.857	1.36493
lcl|NC_037652.1_mrna_XM_006563650.3_27076	7903	7704	177.364	1.26019
lcl|NC_037652.1_mrna_XM_026445347.1_27077	1804	1605	0	0
lcl|NC_037652.1_mrna_XM_006563648.3_27078	1700	1501	2	0.0729348
lcl|NC_037652.1_mrna_XM_393179.7_27079	855	656	376.583	31.4226
lcl|NC_037652.1_mrna_XM_006563647.3_27080	792	593	70.4173	6.49995
lcl|NC_037652.1_mrna_XM_006563656.3_27081	3369	3170	5255.43	90.7475
lcl|NC_037652.1_miscrna_XR_409743.3_27082	3133	2934	268.998	5.0185
lcl|NC_037652.1_mrna_XM_006563655.3_27083	2181	1982	3216.07	88.8192
lcl|NC_037652.1_ncrna_XR_409741.3_27084	1468	1269	10.0161	0.432037
lcl|NC_037652.1_miscrna_XR_409726.3_27085	6846	6647	5.23043	0.0430722
lcl|NC_037652.1_mrna_XM_001122665.5_27086	7037	6838	134.095	1.07342
lcl|NC_037652.1_mrna_XM_006563653.3_27087	5779	5580	45.8658	0.449925
lcl|NC_037652.1_mrna_XM_016916568.2_27088	5177	4978	111.087	1.2215
lcl|NC_037652.1_ncrna_XR_003306159.1_27089	1768	1569	8	0.279095
lcl|NC_037652.1_ncrna_XR_409738.3_27090	2307	2108	0.720112	0.0186988
lcl|NC_037652.1_ncrna_XR_409736.3_27091	2301	2102	26.2799	0.684347
lcl|NC_037652.1_ncrna_XR_409737.3_27092	2555	2356	0	0
lcl|NC_037652.1_ncrna_XR_409733.3_27093	5232	5033	58	0.630792
lcl|NC_037652.1_mrna_XM_006563652.3_27094	2020	1821	14337	430.957
lcl|NC_037652.1_mrna_XM_006563657.3_27095	872	673	2	0.162667
lcl|NC_037652.1_mrna_XM_392051.5_27096	3695	3496	436.662	6.83691
lcl|NC_037652.1_mrna_XM_006563661.3_27097	2987	2788	229.865	4.51299
lcl|NC_037652.1_mrna_XM_006563659.3_27098	4518	4319	9.70056	0.122942
lcl|NC_037652.1_mrna_XM_016916680.2_27099	3266	3067	24.1115	0.430323
lcl|NC_037652.1_ncrna_XR_003306170.1_27100	3260	3061	35.4582	0.634072
lcl|NC_037652.1_mrna_XM_392050.7_27101	4875	4676	243.895	2.85505
lcl|NC_037652.1_miscrna_XR_409746.3_27102	4483	4284	822.728	10.5122
lcl|NC_037652.1_mrna_XM_006563658.3_27103	4998	4799	448.216	5.11236
lcl|NC_037652.1_mrna_XM_006563662.3_27104	3667	3468	4.37687	0.0690827
lcl|NC_037652.1_mrna_XM_006563663.3_27105	3568	3369	25.5859	0.415705
lcl|NC_037652.1_mrna_XM_006563665.3_27106	3564	3365	126.583	2.0591
lcl|NC_037652.1_mrna_XM_394058.7_27107	3595	3396	244.473	3.94048
lcl|NC_037652.1_mrna_XM_003250257.4_27108	3496	3297	1585.95	26.3303
lcl|NC_037652.1_mrna_XM_026445649.1_27109	3800	3601	33.5697	0.510282
lcl|NC_037652.1_mrna_XM_026445652.1_27110	3797	3598	682.588	10.3844
lcl|NC_037652.1_mrna_XM_026445651.1_27111	3739	3540	693.242	10.7193
lcl|NC_037652.1_mrna_XM_026445650.1_27112	3758	3559	146.601	2.25472
lcl|NC_037652.1_mrna_NM_001172718.1_27113	2614	2415	699.054	15.8445
lcl|NC_037652.1_mrna_XM_001121268.5_27114	763	564	347	33.6772
lcl|NC_037652.1_mrna_XM_026445653.1_27115	9366	9167	528.403	3.15518
lcl|NC_037652.1_mrna_XM_026445654.1_27116	9180	8981	97.8321	0.596268
lcl|NC_037652.1_mrna_XM_006563666.3_27117	6966	6767	0.384476	0.00310998
lcl|NC_037652.1_mrna_XM_394056.7_27118	7134	6935	1316.38	10.3901
lcl|NC_037652.1_ncrna_XR_003306180.1_27119	2119	1920	15.0001	0.427639
lcl|NC_037652.1_ncrna_XR_003306179.1_27120	2100	1901	0	0
lcl|NC_037652.1_ncrna_XR_003306181.1_27121	2010	1811	0	0
lcl|NC_037652.1_ncrna_XR_409749.3_27122	4831	4632	162.403	1.91915
lcl|NC_037652.1_ncrna_XR_001705716.2_27123	4401	4202	18.4283	0.240058
lcl|NC_037652.1_mrna_XM_016916702.2_27124	2530	2331	128.814	3.02486
lcl|NC_037652.1_mrna_XM_394055.7_27125	2598	2399	2634.56	60.1122
lcl|NC_037652.1_mrna_XM_006563669.3_27126	1454	1255	513.629	22.4022
lcl|NC_037652.1_mrna_NM_001178028.1_27127	1029	830	45.2343	2.98315
lcl|NC_037652.1_mrna_XM_026445268.1_27128	908	709	5675.53	438.173
lcl|NC_037652.1_mrna_XM_026445267.1_27129	1035	836	12202.8	798.984
lcl|NC_037652.1_mrna_XM_006563331.3_27130	941	742	4915.45	362.614
lcl|NC_037652.1_mrna_XM_623515.5_27131	1161	962	1140	64.8657
lcl|NC_037652.1_mrna_XM_623477.6_27132	1234	1035	1223	64.6802
lcl|NC_037652.1_mrna_XM_623432.6_27133	1621	1422	153.94	5.92567
lcl|NC_037652.1_mrna_XM_016916754.2_27134	1466	1267	1554.44	67.1558
lcl|NC_037652.1_mrna_XM_026445508.1_27135	1430	1231	295.616	13.1448
lcl|NC_037652.1_mrna_XM_003250259.4_27136	1422	1223	44.078	1.97279
lcl|NC_037652.1_mrna_XM_006563673.3_27137	1115	916	3.72994e-05	2.2289e-06
lcl|NC_037652.1_mrna_XM_006563675.3_27138	1128	929	111.551	6.57271
lcl|NC_037652.1_mrna_XM_006563676.3_27139	1106	907	0.0138583	0.000836351
lcl|NC_037652.1_mrna_XM_026445528.1_27140	1217	1018	141.495	7.60812
lcl|NC_037652.1_mrna_XM_006563672.3_27141	1221	1022	152.862	8.18719
lcl|NC_037652.1_mrna_XM_006563674.3_27142	1199	1000	0	0
lcl|NC_037652.1_mrna_XM_026445460.1_27143	1265	1066	140.358	7.20719
lcl|NC_037652.1_mrna_XM_026445459.1_27144	1245	1046	375.642	19.6575
lcl|NC_037652.1_mrna_XM_003250260.4_27145	2106	1907	606	17.3943
lcl|NC_037652.1_mrna_XM_026445511.1_27146	1792	1593	2479.79	85.2088
lcl|NC_037652.1_mrna_XM_026445512.1_27147	1641	1442	14.2098	0.539396
lcl|NC_037652.1_mrna_XM_006563677.3_27148	1164	965	417.439	23.6783
lcl|NC_037652.1_mrna_XM_006563678.3_27149	1383	1184	192.012	8.8769
lcl|NC_037652.1_mrna_XM_623494.6_27150	1198	999	6734.55	369.002
lcl|NC_037652.1_mrna_XM_026445382.1_27151	11959	11760	84.4019	0.392853
lcl|NC_037652.1_mrna_XM_026445383.1_27152	11541	11342	60.5981	0.292452
lcl|NC_037652.1_mrna_XM_026445549.1_27153	898	699	1006.87	78.8464
lcl|NC_037652.1_mrna_XM_026445550.1_27154	876	677	0.129351	0.0104585
lcl|NC_037652.1_mrna_XM_006563682.3_27155	3320	3121	9519	166.949
lcl|NC_037652.1_mrna_XM_006563684.3_27156	2046	1847	768.012	22.7607
lcl|NC_037652.1_mrna_XM_624578.6_27157	2103	1904	733.914	21.0991
lcl|NC_037652.1_mrna_XM_395667.5_27158	1072	873	11.9329	0.748196
lcl|NC_037652.1_mrna_XM_026445336.1_27159	772	573	81.1418	7.75131
lcl|NC_037652.1_mrna_XM_006563687.3_27160	680	481	38.3095	4.3596
lcl|NC_037652.1_mrna_XM_006563686.3_27161	806	607	245.69	22.1557
lcl|NC_037652.1_mrna_XM_006563685.3_27162	2438	2239	1242	30.3636
lcl|NC_037652.1_mrna_XM_003250262.4_27163	1384	1185	8	0.369536
lcl|NC_037652.1_mrna_XM_394052.7_27164	4398	4199	81.5908	1.06361
lcl|NC_037652.1_mrna_XM_006563689.3_27165	4446	4247	4.80753e-05	6.19619e-07
lcl|NC_037652.1_mrna_XM_016916833.2_27166	7260	7061	0	0
lcl|NC_037652.1_mrna_XM_016916832.2_27167	7299	7100	0	0
lcl|NC_037652.1_mrna_XM_026445416.1_27168	7280	7081	12.0262	0.0929649
lcl|NC_037652.1_mrna_XM_006563691.3_27169	3933	3734	0	0
lcl|NC_037652.1_mrna_XM_026445417.1_27170	3736	3537	18.683	0.289133
lcl|NC_037652.1_mrna_XM_006563690.3_27171	3759	3560	0.00523595	8.05064e-05
lcl|NC_037652.1_mrna_XM_026445418.1_27172	3735	3536	26.6947	0.413236
lcl|NC_037652.1_ncrna_XR_001705776.2_27173	2338	2139	0	0
lcl|NC_037652.1_ncrna_XR_001705774.2_27174	2331	2132	0	0
lcl|NC_037652.1_ncrna_XR_001705777.2_27175	1444	1245	0	0
lcl|NC_037652.1_mrna_XM_001120215.5_27176	1654	1455	646	24.3027
lcl|NC_037652.1_mrna_XM_001120329.5_27177	605	406	560	75.5001
lcl|NC_037652.1_mrna_XM_026445659.1_27178	2815	2616	6.82046	0.142712
lcl|NC_037652.1_mrna_XM_006563693.3_27179	2851	2652	0.000632889	1.30629e-05
lcl|NC_037652.1_mrna_XM_026445660.1_27180	2448	2249	136.179	3.31441
lcl|NC_037652.1_mrna_XM_001120441.5_27181	1846	1647	578	19.2097
lcl|NC_037652.1_mrna_XM_624990.5_27182	514	315	289	50.2195
lcl|NC_037652.1_mrna_XM_006563695.3_27183	2046	1847	4113	121.893
lcl|NC_037652.1_mrna_XM_001120493.5_27184	2463	2264	1188	28.7227
lcl|NC_037652.1_mrna_XM_006563697.3_27185	1597	1398	135.962	5.32349
lcl|NC_037652.1_mrna_XM_006563702.3_27186	1593	1394	644.545	25.3091
lcl|NC_037652.1_mrna_XM_006563696.3_27187	1761	1562	9.06349	0.317614
lcl|NC_037652.1_mrna_XM_396282.7_27188	1756	1557	86.4288	3.03847
lcl|NC_037652.1_mrna_XM_006563699.3_27189	1629	1430	0	0
lcl|NC_037652.1_mrna_XM_026445536.1_27190	1074	875	18.5562	1.16082
lcl|NC_037652.1_mrna_XM_026445537.1_27191	1058	859	358.444	22.8409
lcl|NC_037652.1_mrna_XM_026445449.1_27192	994	795	0	0
lcl|NC_037652.1_mrna_XM_026445448.1_27193	848	649	87	7.3377
lcl|NC_037652.1_mrna_XM_026445447.1_27194	957	758	0	0
lcl|NC_037652.1_miscrna_XR_003306146.1_27195	577	378	0	0
lcl|NC_037652.1_mrna_XM_026445450.1_27196	815	616	12	1.06632
lcl|NC_037652.1_mrna_XM_026445444.1_27197	5820	5621	0.00180999	1.76258e-05
lcl|NC_037652.1_mrna_XM_026445445.1_27198	5817	5618	127.358	1.24088
lcl|NC_037652.1_mrna_XM_026445446.1_27199	5420	5221	202.64	2.1245
lcl|NC_037652.1_mrna_XM_026445464.1_27200	2817	2618	0.709011	0.0148241
lcl|NC_037652.1_mrna_XM_026445466.1_27201	2749	2550	111.934	2.40275
lcl|NC_037652.1_mrna_XM_026445465.1_27202	2781	2582	2232.65	47.3314
lcl|NC_037652.1_mrna_XM_026445467.1_27203	2832	2633	337.756	7.02163
lcl|NC_037652.1_mrna_XM_026445463.1_27204	2835	2636	1650.95	34.2826
lcl|NC_037652.1_mrna_XM_624613.6_27205	685	486	441	49.6693
lcl|NC_037652.1_mrna_XM_396280.7_27206	2488	2289	2545	60.8593
lcl|NC_037652.1_mrna_XM_026445575.1_27207	6491	6292	0.0368589	0.000320655
lcl|NC_037652.1_mrna_XM_026445576.1_27208	6484	6285	129.555	1.12832
lcl|NC_037652.1_mrna_XM_026445573.1_27209	6492	6293	3.37099	0.0293214
lcl|NC_037652.1_mrna_XM_026445577.1_27210	6417	6218	81.5678	0.718048
lcl|NC_037652.1_mrna_XM_026445574.1_27211	6189	5990	316.567	2.89284
lcl|NC_037652.1_mrna_XM_006563710.3_27212	1491	1292	32.3309	1.36975
lcl|NC_037652.1_mrna_XM_397138.7_27213	1951	1752	955	29.837
lcl|NC_037652.1_mrna_XM_624459.6_27214	1721	1522	622.524	22.3886
lcl|NC_037652.1_mrna_XM_006563711.3_27215	1721	1522	330.476	11.8853
lcl|NC_037652.1_ncrna_XR_003306196.1_27216	194	14.6185	0	0
lcl|NC_037652.1_mrna_XM_026445514.1_27217	847	648	133.244	11.2553
lcl|NC_037652.1_mrna_XM_026445513.1_27218	903	704	773.756	60.1612
lcl|NC_037652.1_mrna_XM_006563714.3_27219	1957	1758	3.2843e-08	1.02261e-09
lcl|NC_037652.1_mrna_XM_624687.5_27220	2342	2143	776	19.821
lcl|NC_037652.1_mrna_XM_016916823.2_27221	5969	5770	1393	13.2148
lcl|NC_037652.1_mrna_XM_026445323.1_27222	5234	5035	556.655	6.05163
lcl|NC_037652.1_mrna_XM_026445324.1_27223	5134	4935	0.0464776	0.000515515
lcl|NC_037652.1_mrna_XM_026445325.1_27224	5037	4838	417.596	4.72472
lcl|NC_037652.1_mrna_XM_026445322.1_27225	5142	4943	193.222	2.13969
lcl|NC_037652.1_mrna_XM_026445326.1_27226	5311	5112	115.697	1.23884
lcl|NC_037652.1_mrna_XM_026445328.1_27227	4497	4298	0	0
lcl|NC_037652.1_mrna_XM_026445327.1_27228	4843	4644	12.0113	0.141574
lcl|NC_037652.1_mrna_XM_026445330.1_27229	1078	879	16.2259	1.01043
lcl|NC_037652.1_mrna_XM_026445329.1_27230	1073	874	17.7741	1.11317
lcl|NC_037652.1_mrna_XM_624494.5_27231	2102	1903	3919.77	112.748
lcl|NC_037652.1_mrna_XM_001120817.5_27232	2315	2116	63	1.62971
lcl|NW_020555841.1_ncrna_XR_003306396.1_27233	1797	1598	6.79635	0.232801
lcl|NW_020555841.1_ncrna_XR_003306395.1_27234	1797	1598	6.79635	0.232801
lcl|NW_020555841.1_ncrna_XR_003306394.1_27235	730	531	3.44025e-06	3.54635e-07
lcl|NW_020555842.1_mrna_XM_026445949.1_27236	609	410	24796.8	3310.53
lcl|NW_020555842.1_ncrna_XR_003306397.1_27237	1723	1524	1766.03	63.4306
lcl|NW_020555842.1_ncrna_XR_003306398.1_27238	1136	937	157.973	9.22846
lcl|NW_020555843.1_mrna_XM_026445950.1_27239	493	294	1	0.186182
lcl|NW_020555846.1_ncrna_XR_412398.3_27240	1806	1607	218	7.4255
lcl|NW_020555850.1_mrna_XM_026445951.1_27241	3789	3590	5179	78.9654
lcl|NW_020555851.1_rrna_XR_003306400.1_27242	4029	3830	318.028	4.54518
lcl|NW_020555851.1_rrna_XR_003306399.1_27243	155	7.48819	0	0
lcl|NW_020555853.1_rrna_XR_003306401.1_27244	153	7.28986	0	0
lcl|NW_020555855.1_mrna_XM_026445952.1_27245	888	689	51481	4089.9
lcl|NC_037653.1_mrna_XM_026445752.1_27246	1081	882	0	0
lcl|NC_037653.1_mrna_XM_026445753.1_27247	964	765	0	0
lcl|NC_037653.1_mrna_XM_026445743.1_27248	1557	1358	7	0.282152
lcl|NC_037653.1_ncrna_XR_003306230.1_27249	664	465	0	0
lcl|NC_037653.1_mrna_XM_026445746.1_27250	803	604	0	0
lcl|NC_037653.1_mrna_XM_026445745.1_27251	1094	895	0	0
lcl|NC_037653.1_mrna_XM_026445744.1_27252	1173	974	0	0
lcl|NC_037653.1_ncrna_XR_003306211.1_27253	368	169	0	0
lcl|NC_037653.1_ncrna_XR_003306212.1_27254	764	565	1	0.0968806
lcl|NC_037653.1_ncrna_XR_003306214.1_27255	550	351	0	0
lcl|NC_037653.1_ncrna_XR_003306213.1_27256	487	288	4	0.760244
lcl|NC_037653.1_mrna_XM_006557299.3_27257	2226	2027	330	8.91139
lcl|NC_037653.1_mrna_XM_026445942.1_27258	870	671	97.3587	7.94214
lcl|NC_037653.1_mrna_XM_026445941.1_27259	796	597	0.00298955	0.000274105
lcl|NC_037653.1_mrna_XM_016917075.1_27260	875	676	1079.64	87.4212
lcl|NC_037653.1_mrna_XM_396192.7_27261	5021	4822	172	1.95248
lcl|NC_037653.1_mrna_XM_016916979.2_27262	444	245	0	0
lcl|NC_037653.1_mrna_XM_026445732.1_27263	1563	1364	24	0.963124
lcl|NC_037653.1_mrna_NM_001270821.1_27264	1558	1359	3	0.120833
lcl|NC_037653.1_mrna_XM_026445875.1_27265	2441	2242	8464.39	206.655
lcl|NC_037653.1_mrna_XM_006557291.3_27266	1687	1488	880.406	32.3866
lcl|NC_037653.1_mrna_XM_006557293.3_27267	1595	1396	0	0
lcl|NC_037653.1_mrna_XM_006557289.3_27268	1806	1607	5635.2	191.946
lcl|NC_037653.1_mrna_XM_006557292.3_27269	1565	1366	0	0
lcl|NC_037653.1_mrna_XM_026445874.1_27270	1495	1296	856.127	36.1592
lcl|NC_037653.1_precursorrna_NR_127353.1_27271	95	4.11003	0	0
lcl|NC_037653.1_ncrna_27272	21	2.72438	0	0
lcl|NC_037653.1_mrna_XM_624464.6_27273	1783	1584	177.491	6.13348
lcl|NC_037653.1_mrna_XM_016917034.2_27274	1533	1334	19.9137	0.817112
lcl|NC_037653.1_mrna_XM_016917035.2_27275	1280	1081	300.469	15.2145
lcl|NC_037653.1_mrna_XM_006557296.3_27276	487	288	223	42.3836
lcl|NC_037653.1_mrna_XM_026445877.1_27277	4086	3887	85.7805	1.20798
lcl|NC_037653.1_mrna_XM_006557285.3_27278	4125	3926	0.000289512	4.03647e-06
lcl|NC_037653.1_mrna_XM_395046.6_27279	3978	3779	868.31	12.5772
lcl|NC_037653.1_mrna_XM_006557286.2_27280	4018	3819	295.662	4.23771
lcl|NC_037653.1_mrna_XM_026445878.1_27281	3829	3630	15.88	0.239458
lcl|NC_037653.1_mrna_XM_006557288.3_27282	3345	3146	301.368	5.24352
lcl|NC_037653.1_mrna_XM_395047.6_27283	1573	1374	5131	204.409
lcl|NC_037653.1_mrna_XM_006557284.3_27284	1029	830	901.682	59.4649
lcl|NC_037653.1_mrna_XM_003249038.4_27285	918	719	191.318	14.565
lcl|NC_037653.1_mrna_XM_393027.6_27286	1424	1225	1242	55.4972
lcl|NC_037653.1_mrna_XM_016916951.2_27287	440	241	38.3851	8.71828
lcl|NC_037653.1_mrna_XM_006557283.3_27288	441	242	0.206385	0.0466819
lcl|NC_037653.1_mrna_XM_026445718.1_27289	541	342	47.4085	7.58779
lcl|NC_037653.1_mrna_XM_016917110.2_27290	5704	5505	20.873	0.207545
lcl|NC_037653.1_mrna_XM_395650.5_27291	5689	5490	715.954	7.13835
lcl|NC_037653.1_mrna_XM_016917111.2_27292	5708	5509	8.34617	0.0829278
lcl|NC_037653.1_mrna_XM_016917113.2_27293	6135	5936	69.7346	0.643042
lcl|NC_037653.1_mrna_XM_016917112.2_27294	6036	5837	327.526	3.07144
lcl|NC_037653.1_mrna_XM_006557279.3_27295	2166	1967	9.52485	0.265057
lcl|NC_037653.1_mrna_XM_397331.7_27296	2414	2215	443.475	10.9593
lcl|NC_037653.1_mrna_XM_026445760.1_27297	2320	2121	0	0
lcl|NC_037653.1_mrna_XM_397330.6_27298	1832	1633	3165	106.09
lcl|NC_037653.1_mrna_XM_016917097.1_27299	1802	1603	0	0
lcl|NC_037653.1_mrna_XM_026445919.1_27300	3943	3744	3315.79	48.4771
lcl|NC_037653.1_mrna_XM_026445918.1_27301	2668	2469	774.179	17.1635
lcl|NC_037653.1_mrna_XM_026445920.1_27302	1924	1725	135	4.28381
lcl|NC_037653.1_mrna_XM_623698.6_27303	2038	1839	292.342	8.70151
lcl|NC_037653.1_mrna_XM_006572149.3_27304	1880	1681	412.909	13.4453
lcl|NC_037653.1_mrna_XM_006572148.3_27305	3001	2802	98.7414	1.92893
lcl|NC_037653.1_mrna_XM_392977.7_27306	2897	2698	15.0079	0.304484
lcl|NC_037653.1_mrna_XM_016917418.2_27307	444	245	0	0
lcl|NC_037653.1_mrna_XM_026445914.1_27308	2688	2489	73	1.6054
lcl|NC_037653.1_mrna_XM_026445913.1_27309	2892	2693	0	0
lcl|NC_037653.1_ncrna_XR_003306339.1_27310	1263	1064	10.7475	0.552904
lcl|NC_037653.1_ncrna_XR_003306340.1_27311	1065	866	7.25253	0.458413
lcl|NC_037653.1_miscrna_XR_407548.3_27312	1621	1422	60.0611	2.31195
lcl|NC_037653.1_mrna_XM_026445923.1_27313	2014	1815	387.939	11.6996
lcl|NC_037653.1_mrna_XM_006557683.3_27314	2111	1912	0	0
lcl|NC_037653.1_mrna_XM_003249108.4_27315	2974	2775	16.6943	0.3293
lcl|NC_037653.1_mrna_XM_006557690.3_27316	4097	3898	0	0
lcl|NC_037653.1_mrna_XM_006557692.3_27317	3227	3028	23.9368	0.432708
lcl|NC_037653.1_mrna_XM_006557691.3_27318	3272	3073	1.96709e-07	3.50385e-09
lcl|NC_037653.1_mrna_XM_006557695.3_27319	2543	2344	957.369	22.3567
lcl|NC_037653.1_mrna_XM_026445917.1_27320	2955	2756	57.9194	1.15035
lcl|NC_037653.1_mrna_XM_026445915.1_27321	2384	2185	103.081	2.58232
lcl|NC_037653.1_mrna_XM_003249114.4_27322	2534	2335	0	0
lcl|NC_037653.1_mrna_XM_006557688.3_27323	4339	4140	6129	81.0353
lcl|NC_037653.1_mrna_XM_006557686.3_27324	4402	4203	391.589	5.09983
lcl|NC_037653.1_mrna_XM_006557687.3_27325	4359	4160	16813.3	221.231
lcl|NC_037653.1_mrna_XM_393344.7_27326	4422	4223	1105.46	14.3287
lcl|NC_037653.1_mrna_XM_001122097.5_27327	5881	5682	1430	13.7759
lcl|NC_037653.1_mrna_XM_006557698.3_27328	2230	2031	724	19.5125
lcl|NC_037653.1_mrna_XM_006557703.3_27329	1823	1624	3.05984e-07	1.03133e-08
lcl|NC_037653.1_mrna_XM_006557702.3_27330	1844	1645	0.0323489	0.00107641
lcl|NC_037653.1_mrna_XM_395497.7_27331	1871	1672	86.1542	2.8205
lcl|NC_037653.1_mrna_XM_006557701.3_27332	1901	1702	56.7638	1.82557
lcl|NC_037653.1_mrna_XM_006557704.3_27333	1868	1669	0.0496359	0.00162789
lcl|NC_037653.1_mrna_XM_026445783.1_27334	501	302	0	0
lcl|NC_037653.1_mrna_XM_026445784.1_27335	487	288	0	0
lcl|NC_037653.1_mrna_XM_016916928.2_27336	8986	8787	12570.8	78.3084
lcl|NC_037653.1_mrna_XM_395927.7_27337	10182	9983	16125.6	88.4177
lcl|NC_037653.1_ncrna_XR_003306332.1_27338	811	612	19	1.69937
lcl|NC_037653.1_mrna_XM_026445864.1_27339	2426	2227	474	11.6505
lcl|NC_037653.1_mrna_XM_006557707.2_27340	1214	1015	286.588	15.4553
lcl|NC_037653.1_mrna_XM_001122192.5_27341	1386	1187	63.4123	2.92421
lcl|NC_037653.1_mrna_XM_006557706.3_27342	482	283	0	0
lcl|NC_037653.1_mrna_XM_016916922.2_27343	9336	9137	686	4.10966
lcl|NC_037653.1_mrna_XM_016916921.2_27344	9372	9173	1.93475e-08	1.15451e-10
lcl|NC_037653.1_mrna_XM_026445860.1_27345	9125	8926	0	0
lcl|NC_037653.1_ncrna_XR_001705807.2_27346	636	437	70	8.76803
lcl|NC_037653.1_mrna_XM_026445863.1_27347	3058	2859	1744	33.3901
lcl|NC_037653.1_mrna_XM_026445865.1_27348	1925	1726	54.8207	1.73856
lcl|NC_037653.1_mrna_XM_026445866.1_27349	1836	1637	300.179	10.0373
lcl|NC_037653.1_mrna_XM_026445862.1_27350	2961	2762	2911.09	57.6922
lcl|NC_037653.1_mrna_XM_016916925.2_27351	2928	2729	426.802	8.56068
lcl|NC_037653.1_mrna_XM_016916924.2_27352	5076	4877	903.072	10.1357
lcl|NC_037653.1_mrna_XM_026445861.1_27353	3853	3654	440.035	6.59179
lcl|NC_037653.1_ncrna_XR_003306333.1_27354	1007	808	42	2.84527
lcl|NC_037653.1_mrna_XM_624843.5_27355	1460	1261	5299.24	230.03
lcl|NC_037653.1_mrna_XM_016916929.2_27356	1042	843	302.761	19.6588
lcl|NC_037653.1_mrna_XM_026445867.1_27357	1438	1239	8	0.35343
lcl|NC_037653.1_mrna_NM_001097154.2_27358	1766	1567	2921.74	102.061
lcl|NC_037653.1_mrna_XM_393443.5_27359	659	460	24.2603	2.88685
lcl|NC_037653.1_mrna_XM_396972.7_27360	1438	1239	399	17.6273
lcl|NC_037653.1_mrna_XM_624907.5_27361	685	486	1420	159.933
lcl|NC_037653.1_mrna_XM_392899.7_27362	2844	2645	7910	163.695
lcl|NC_037653.1_mrna_XM_624943.6_27363	2151	1952	773.199	21.6819
lcl|NC_037653.1_mrna_XM_006557713.3_27364	2149	1950	109.801	3.08216
lcl|NC_037653.1_mrna_XM_006557714.3_27365	3701	3502	2526	39.4823
lcl|NC_037653.1_mrna_XM_026445939.1_27366	1387	1188	212	9.76798
lcl|NC_037653.1_mrna_XM_026445940.1_27367	1210	1011	0	0
lcl|NC_037653.1_mrna_XM_396976.7_27368	1410	1211	403	18.2157
lcl|NC_037653.1_mrna_XM_006557716.3_27369	2345	2146	0	0
lcl|NC_037653.1_mrna_XM_006557715.3_27370	2344	2145	0	0
lcl|NC_037653.1_mrna_XM_006557717.3_27371	2338	2139	0	0
lcl|NC_037653.1_mrna_XM_006557719.3_27372	2541	2342	0	0
lcl|NC_037653.1_mrna_XM_016917050.2_27373	2536	2337	0	0
lcl|NC_037653.1_mrna_XM_006557718.3_27374	2408	2209	0	0
lcl|NC_037653.1_mrna_XM_006557720.3_27375	2226	2027	40.6192	1.09689
lcl|NC_037653.1_mrna_XM_006557722.3_27376	2430	2231	152.803	3.74903
lcl|NC_037653.1_mrna_XM_006557723.3_27377	2425	2226	0.317026	0.00779569
lcl|NC_037653.1_mrna_XM_006557721.3_27378	2297	2098	4.85261e-06	1.26606e-07
lcl|NC_037653.1_mrna_XM_026445937.1_27379	1946	1747	17.9702	0.563048
lcl|NC_037653.1_mrna_XM_006557724.3_27380	2047	1848	0	0
lcl|NC_037653.1_mrna_XM_026445938.1_27381	2041	1842	24.7656	0.735945
lcl|NC_037653.1_mrna_XM_006557728.3_27382	2181	1982	194.155	5.36203
lcl|NC_037653.1_mrna_XM_006557727.3_27383	2133	1934	81.37	2.30299
lcl|NC_037653.1_mrna_XM_392937.7_27384	3040	2841	467.929	9.0156
lcl|NC_037653.1_mrna_XM_026445772.1_27385	2870	2671	481.071	9.85871
lcl|NC_037653.1_mrna_XM_625012.4_27386	1413	1214	10	0.450886
lcl|NC_037653.1_mrna_XM_006557682.3_27387	2734	2535	142.088	3.06806
lcl|NC_037653.1_mrna_XM_016916907.1_27388	2585	2386	0	0
lcl|NC_037653.1_mrna_XM_026445704.1_27389	2707	2508	294.912	6.43651
lcl|NC_037653.1_mrna_NM_001242468.1_27390	2560	2361	0	0
lcl|NC_037653.1_mrna_XM_016917114.2_27391	4116	3917	7.81223e-05	1.09171e-06
lcl|NC_037653.1_mrna_XM_006557729.3_27392	4318	4119	64.6118	0.858628
lcl|NC_037653.1_mrna_XM_026445709.1_27393	4063	3864	2287.39	32.4032
lcl|NC_037653.1_mrna_XM_006557731.3_27394	2607	2408	92.423	2.10092
lcl|NC_037653.1_mrna_XM_016917120.2_27395	2673	2474	9.27963e-06	2.05313e-07
lcl|NC_037653.1_mrna_XM_396394.7_27396	2678	2479	174.577	3.85475
lcl|NC_037653.1_mrna_XM_016917121.2_27397	2566	2367	0	0
lcl|NC_037653.1_mrna_XM_001120800.5_27398	607	408	105	14.0869
lcl|NC_037653.1_mrna_XM_016917122.2_27399	615	416	134.12	17.6476
lcl|NC_037653.1_mrna_XM_006557733.3_27400	432	233	66.8798	15.7117
lcl|NC_037653.1_mrna_XM_006557732.2_27401	1950	1751	517	16.1618
lcl|NC_037653.1_mrna_XM_625290.6_27402	2554	2355	3434.15	79.8203
lcl|NC_037653.1_mrna_XM_006557735.3_27403	2800	2601	122.632	2.58077
lcl|NC_037653.1_mrna_XM_006557734.3_27404	2791	2592	16.2202	0.342536
lcl|NC_037653.1_mrna_XM_016917093.2_27405	2011	1812	0	0
lcl|NC_037653.1_mrna_XM_016917092.2_27406	2074	1875	141.385	4.1275
lcl|NC_037653.1_mrna_XM_016917094.2_27407	2274	2075	15.615	0.411916
lcl|NC_037653.1_trna_27408	74	3.56892	0	0
lcl|NC_037653.1_ncrna_XR_407554.3_27409	796	597	3	0.275063
lcl|NC_037653.1_mrna_XM_026445925.1_27410	3001	2802	247.38	4.83262
lcl|NC_037653.1_mrna_XM_006557736.3_27411	2849	2650	470.537	9.71927
lcl|NC_037653.1_mrna_XM_016917090.2_27412	2894	2695	87.0822	1.76871
lcl|NC_037653.1_mrna_XM_006557739.3_27413	1238	1039	12646	666.228
lcl|NC_037653.1_mrna_XM_001119960.5_27414	592	393	1115.21	155.328
lcl|NC_037653.1_mrna_XM_016917127.2_27415	622	423	60.7874	7.86608
lcl|NC_037653.1_mrna_XM_026445751.1_27416	876	677	330.857	26.7508
lcl|NC_037653.1_mrna_XM_006557742.3_27417	680	481	611.72	69.6134
lcl|NC_037653.1_mrna_XM_026445750.1_27418	3427	3228	316.424	5.36563
lcl|NC_037653.1_miscrna_XR_003306231.1_27419	3410	3211	0	0
lcl|NC_037653.1_mrna_XM_006557743.3_27420	1024	825	350	23.222
lcl|NC_037653.1_mrna_XM_392746.7_27421	1837	1638	2893.05	96.6779
lcl|NC_037653.1_mrna_XM_006557744.2_27422	2082	1883	22.9511	0.667172
lcl|NC_037653.1_mrna_XM_003249105.4_27423	636	437	343	42.9633
lcl|NC_037653.1_mrna_XM_624930.6_27424	1641	1442	238.379	9.04875
lcl|NC_037653.1_mrna_XM_006557745.3_27425	1272	1073	231.621	11.8158
lcl|NC_037653.1_mrna_XM_624909.5_27426	1540	1341	1165	47.5535
lcl|NC_037653.1_ncrna_XR_003306199.1_27427	174	9.99669	0	0
lcl|NC_037653.1_mrna_XM_395837.7_27428	4039	3840	0	0
lcl|NC_037653.1_mrna_XM_026445712.1_27429	4066	3867	1864.45	26.3914
lcl|NC_037653.1_mrna_XM_026445711.1_27430	3958	3759	1182.56	17.2202
lcl|NC_037653.1_mrna_XM_006557746.3_27431	4184	3985	268.789	3.69206
lcl|NC_037653.1_mrna_XM_006557747.2_27432	3872	3673	0.197404	0.00294184
lcl|NC_037653.1_mrna_XM_026445903.1_27433	1329	1130	3	0.145321
lcl|NC_037653.1_mrna_XM_003249106.4_27434	772	573	101	9.64833
lcl|NC_037653.1_ncrna_XR_003306217.1_27435	1241	1042	18.5068	0.972184
lcl|NC_037653.1_ncrna_XR_003306218.1_27436	2025	1826	53.6629	1.60864
lcl|NC_037653.1_mrna_XM_006557751.3_27437	4763	4564	22.3685	0.268273
lcl|NC_037653.1_mrna_XM_006557752.3_27438	3223	3024	126.125	2.283
lcl|NC_037653.1_mrna_XM_003249107.4_27439	2424	2225	0	0
lcl|NC_037653.1_mrna_XM_006557754.3_27440	2427	2228	7.49473e-06	1.84131e-07
lcl|NC_037653.1_mrna_XM_006557753.3_27441	2445	2246	4.50639	0.109826
lcl|NC_037653.1_ncrna_XR_003306326.1_27442	1095	896	0	0
lcl|NC_037653.1_ncrna_XR_003306327.1_27443	991	792	15	1.0367
lcl|NC_037653.1_mrna_XM_026445849.1_27444	840	641	16	1.3663
lcl|NC_037653.1_mrna_XM_016917136.2_27445	783	584	203	19.0269
lcl|NC_037653.1_mrna_XM_006557748.3_27446	1590	1391	472	18.5738
lcl|NC_037653.1_mrna_XM_624704.6_27447	2755	2556	359	7.6881
lcl|NC_037653.1_mrna_XM_026445872.1_27448	9781	9582	0	0
lcl|NC_037653.1_mrna_XM_026445871.1_27449	9895	9696	0	0
lcl|NC_037653.1_mrna_XM_016917065.2_27450	9925	9726	0	0
lcl|NC_037653.1_mrna_XM_016917071.2_27451	9848	9649	91.9762	0.521769
lcl|NC_037653.1_mrna_XM_016917062.2_27452	9961	9762	0	0
lcl|NC_037653.1_mrna_XM_016917066.2_27453	9937	9738	280.959	1.57928
lcl|NC_037653.1_mrna_XM_006557757.3_27454	7735	7536	2666.23	19.3661
lcl|NC_037653.1_mrna_XM_016917064.2_27455	9931	9732	0	0
lcl|NC_037653.1_mrna_XM_016917068.2_27456	10363	10164	0	0
lcl|NC_037653.1_mrna_XM_016917067.2_27457	10441	10242	0	0
lcl|NC_037653.1_mrna_XM_026445870.1_27458	10624	10425	0	0
lcl|NC_037653.1_mrna_XM_016917069.2_27459	10152	9953	15.0334	0.0826778
lcl|NC_037653.1_mrna_XM_016917070.2_27460	9729	9530	0	0
lcl|NC_037653.1_mrna_XM_026445873.1_27461	9822	9623	0	0
lcl|NC_037653.1_mrna_XM_016917073.2_27462	7125	6926	2.92285	0.0230999
lcl|NC_037653.1_ncrna_XR_003306335.1_27463	2380	2181	26	0.652534
lcl|NC_037653.1_mrna_NM_001142561.1_27464	1943	1744	281.205	8.82595
lcl|NC_037653.1_mrna_XM_006557679.3_27465	1459	1260	253.915	11.0307
lcl|NC_037653.1_mrna_XM_006557678.3_27466	2049	1850	0	0
lcl|NC_037653.1_mrna_XM_006557677.3_27467	2265	2066	202.511	5.36543
lcl|NC_037653.1_mrna_XM_006557676.3_27468	2032	1833	0	0
lcl|NC_037653.1_mrna_XM_006557681.3_27469	2028	1829	42.3668	1.26793
lcl|NC_037653.1_mrna_XM_006557680.3_27470	2012	1813	207.634	6.26882
lcl|NC_037653.1_mrna_XM_016916904.2_27471	1512	1313	15.3684	0.64069
lcl|NC_037653.1_ncrna_XR_001705900.2_27472	246	47.5399	0	0
lcl|NC_037653.1_mrna_XM_006557760.3_27473	938	739	0	0
lcl|NC_037653.1_mrna_XM_006557759.3_27474	916	717	1.75612e-06	1.34066e-07
lcl|NC_037653.1_mrna_XM_016917151.2_27475	973	774	12	0.848644
lcl|NC_037653.1_mrna_XM_026445904.1_27476	1204	1005	0	0
lcl|NC_037653.1_mrna_XM_001122652.4_27477	4077	3878	190.78	2.69283
lcl|NC_037653.1_mrna_XM_006557763.3_27478	3668	3469	19.2203	0.303278
lcl|NC_037653.1_mrna_XM_016917134.1_27479	3513	3314	7.20057e-07	1.18932e-08
lcl|NC_037653.1_precursorrna_NR_130405.1_27480	134	5.81021	0	0
lcl|NC_037653.1_ncrna_27481	24	2.75981	0	0
lcl|NC_037653.1_mrna_XM_001119858.5_27482	1062	863	7206.62	457.095
lcl|NC_037653.1_ncrna_XR_001705970.2_27483	677	478	176.381	20.198
lcl|NC_037653.1_mrna_XM_001119916.4_27484	1925	1726	1152	36.534
lcl|NC_037653.1_mrna_XM_396830.7_27485	4916	4717	5416	62.849
lcl|NC_037653.1_precursorrna_NR_039500.1_27486	82	3.75521	0	0
lcl|NC_037653.1_ncrna_27487	22	2.73612	0	0
lcl|NC_037653.1_ncrna_XR_003306328.1_27488	1315	1116	1406	68.9615
lcl|NC_037653.1_mrna_XM_006557764.3_27489	4495	4296	323	4.11551
lcl|NC_037653.1_mrna_XM_016916984.2_27490	629	430	360	45.8268
lcl|NC_037653.1_mrna_XM_006557767.3_27491	1637	1438	115.649	4.40219
lcl|NC_037653.1_mrna_XM_006557768.3_27492	2466	2267	6432.79	155.322
lcl|NC_037653.1_mrna_XM_016916982.2_27493	1883	1684	0	0
lcl|NC_037653.1_mrna_XM_016916981.2_27494	1955	1756	36.1635	1.12728
lcl|NC_037653.1_mrna_XM_006557766.3_27495	1945	1746	0	0
lcl|NC_037653.1_mrna_XM_006557769.3_27496	2126	1927	38.336	1.08896
lcl|NC_037653.1_mrna_XM_006557770.3_27497	1495	1296	462.483	19.5333
lcl|NC_037653.1_ncrna_XR_001705901.2_27498	1587	1388	26	1.02534
lcl|NC_037653.1_mrna_XM_026445880.1_27499	4837	4638	71	0.83794
lcl|NC_037653.1_mrna_XM_026445879.1_27500	4953	4754	0	0
lcl|NC_037653.1_ncrna_XR_001705902.2_27501	1839	1640	9	0.300389
lcl|NC_037653.1_ncrna_XR_407570.3_27502	1080	881	7	0.434918
lcl|NC_037653.1_precursorrna_NR_039501.1_27503	125	5.29865	0	0
lcl|NC_037653.1_ncrna_27504	24	2.75981	0	0
lcl|NC_037653.1_ncrna_XR_003306336.1_27505	556	357	0	0
lcl|NC_037653.1_mrna_XM_026445881.1_27506	4210	4011	798	10.8902
lcl|NC_037653.1_mrna_XM_001120442.5_27507	1815	1616	6683	226.368
lcl|NC_037653.1_mrna_XM_006557776.3_27508	1515	1316	3	0.124782
lcl|NC_037653.1_miscrna_XR_003306324.1_27509	2121	1922	0	0
lcl|NC_037653.1_miscrna_XR_003306322.1_27510	2125	1926	0	0
lcl|NC_037653.1_miscrna_XR_003306323.1_27511	2043	1844	0	0
lcl|NC_037653.1_mrna_XM_006557786.3_27512	1675	1476	105	3.89393
lcl|NC_037653.1_mrna_XM_006557780.3_27513	1311	1112	10.0283	0.493635
lcl|NC_037653.1_mrna_XM_006557783.3_27514	1088	889	25.0633	1.5432
lcl|NC_037653.1_mrna_XM_624321.6_27515	1047	848	0	0
lcl|NC_037653.1_mrna_XM_006557784.3_27516	1121	922	0	0
lcl|NC_037653.1_mrna_XM_006557782.3_27517	1233	1034	0	0
lcl|NC_037653.1_ncrna_XR_003306215.1_27518	196	15.2527	1	3.58871
lcl|NC_037653.1_ncrna_XR_001705960.2_27519	1329	1130	3	0.145321
lcl|NC_037653.1_mrna_XM_001120770.5_27520	1878	1679	13.9084	0.453431
lcl|NC_037653.1_mrna_XM_001120728.5_27521	540	341	626	100.486
lcl|NC_037653.1_miscrna_XR_003306216.1_27522	1134	935	92.0227	5.38727
lcl|NC_037653.1_mrna_XM_395530.5_27523	1167	968	334.977	18.942
lcl|NC_037653.1_mrna_XM_623218.6_27524	2069	1870	1604	46.9513
lcl|NC_037653.1_mrna_XM_397228.7_27525	4436	4237	10667.6	137.814
lcl|NC_037653.1_mrna_XM_016917030.2_27526	1067	868	31.8866	2.01082
lcl|NC_037653.1_mrna_XM_016917029.2_27527	669	470	43.5418	5.071
lcl|NC_037653.1_mrna_XM_006559408.3_27528	1542	1343	664.155	27.0694
lcl|NC_037653.1_mrna_XM_006559412.2_27529	1283	1084	654.867	33.0681
lcl|NC_037653.1_mrna_XM_006559409.3_27530	1300	1101	0	0
lcl|NC_037653.1_mrna_XM_006559407.3_27531	4888	4689	27508.8	321.127
lcl|NC_037653.1_mrna_XM_006559413.3_27532	1655	1456	885.319	33.2831
lcl|NC_037653.1_mrna_XM_016917028.2_27533	1574	1375	23.3088	0.927905
lcl|NC_037653.1_mrna_XM_006559410.3_27534	1657	1458	0	0
lcl|NC_037653.1_mrna_XM_624821.6_27535	1451	1252	1264	55.2622
lcl|NC_037653.1_mrna_XM_016917086.2_27536	527	328	535	89.2823
lcl|NC_037653.1_mrna_XM_026445781.1_27537	2038	1839	966	28.7528
lcl|NC_037653.1_mrna_XM_006559404.3_27538	1712	1513	88	3.18368
lcl|NC_037653.1_mrna_XM_394944.7_27539	6654	6455	859	7.28421
lcl|NC_037653.1_mrna_XM_016917084.2_27540	6299	6100	0	0
lcl|NC_037653.1_mrna_XM_026445779.1_27541	6598	6399	55.1052	0.471374
lcl|NC_037653.1_mrna_XM_026445778.1_27542	6687	6488	72.8948	0.614994
lcl|NC_037653.1_mrna_XM_624710.6_27543	1012	813	489	32.9233
lcl|NC_037653.1_mrna_XM_006559402.3_27544	630	431	2848.8	361.801
lcl|NC_037653.1_mrna_XM_624693.6_27545	630	431	5409.2	686.975
lcl|NC_037653.1_mrna_XM_006559401.3_27546	3549	3350	1366.72	22.3316
lcl|NC_037653.1_mrna_XM_016916987.2_27547	2897	2698	690.282	14.0046
lcl|NC_037653.1_ncrna_XR_001705911.2_27548	2150	1951	80	2.24449
lcl|NC_037653.1_ncrna_XR_003306229.1_27549	6419	6220	619	5.44735
lcl|NC_037653.1_mrna_XM_006559419.3_27550	2910	2711	1038.65	20.9713
lcl|NC_037653.1_miscrna_XR_001705910.2_27551	3623	3424	178.559	2.85452
lcl|NC_037653.1_miscrna_XR_001705909.2_27552	5936	5737	5463.79	52.1308
lcl|NC_037653.1_ncrna_XR_408366.3_27553	935	736	20	1.48743
lcl|NC_037653.1_mrna_XM_016916988.2_27554	2593	2394	0	0
lcl|NC_037653.1_mrna_XM_026445905.1_27555	1351	1152	48	2.28073
lcl|NC_037653.1_mrna_XM_006559399.2_27556	1167	968	0	0
lcl|NC_037653.1_mrna_XM_006559400.2_27557	1163	964	189	10.7317
lcl|NC_037653.1_mrna_XM_026445742.1_27558	1110	911	359	21.5706
lcl|NC_037653.1_mrna_XM_026445907.1_27559	330	131	72	30.0848
lcl|NC_037653.1_mrna_XM_016917123.2_27560	3765	3566	793.073	12.1736
lcl|NC_037653.1_mrna_XM_006559398.3_27561	3690	3491	342.927	5.37696
lcl|NC_037653.1_mrna_XM_006559396.3_27562	1782	1583	18	0.62241
lcl|NC_037653.1_mrna_XM_006559340.3_27563	2117	1918	12473	355.965
lcl|NC_037653.1_mrna_XM_006559341.2_27564	2144	1945	5085.7	143.125
lcl|NC_037653.1_mrna_XM_016916903.2_27565	2009	1810	0.000153972	4.65638e-06
lcl|NC_037653.1_mrna_NM_001040233.1_27566	1647	1448	785.319	29.6868
lcl|NC_037653.1_miscrna_XR_408362.3_27567	3296	3097	489.353	8.64901
lcl|NC_037653.1_mrna_XM_006559395.2_27568	3079	2880	1053.02	20.0138
lcl|NC_037653.1_mrna_XM_392994.7_27569	2785	2586	100.627	2.12995
lcl|NC_037653.1_mrna_XM_006559394.3_27570	3862	3663	42.7766	0.639226
lcl|NC_037653.1_mrna_XM_016917040.2_27571	3865	3666	15.2234	0.227303
lcl|NC_037653.1_mrna_XM_026445933.1_27572	3878	3679	53.9169	0.802196
lcl|NC_037653.1_mrna_XM_026445930.1_27573	3898	3699	0	0
lcl|NC_037653.1_mrna_XM_026445932.1_27574	3876	3677	7.40713e-07	1.10266e-08
lcl|NC_037653.1_mrna_XM_026445935.1_27575	3826	3627	0	0
lcl|NC_037653.1_mrna_XM_026445929.1_27576	3698	3499	6.3742e-07	9.97165e-09
lcl|NC_037653.1_mrna_XM_026445928.1_27577	3739	3540	0.0958469	0.00148204
lcl|NC_037653.1_mrna_XM_026445931.1_27578	3879	3680	95.3244	1.41789
lcl|NC_037653.1_mrna_XM_026445934.1_27579	3205	3006	144.663	2.63423
lcl|NC_037653.1_ncrna_XR_408361.3_27580	927	728	0	0
lcl|NC_037653.1_ncrna_XR_408351.3_27581	617	418	0	0
lcl|NC_037653.1_ncrna_XR_001705998.1_27582	2435	2236	0	0
lcl|NC_037653.1_ncrna_XR_003306319.1_27583	2348	2149	0	0
lcl|NC_037653.1_ncrna_XR_003306320.1_27584	2309	2110	0	0
lcl|NC_037653.1_ncrna_XR_003306321.1_27585	2305	2106	0	0
lcl|NC_037653.1_ncrna_XR_003306317.1_27586	2427	2228	0	0
lcl|NC_037653.1_ncrna_XR_003306316.1_27587	2616	2417	0	0
lcl|NC_037653.1_ncrna_XR_003306318.1_27588	2429	2230	0	0
lcl|NC_037653.1_ncrna_XR_003306219.1_27589	1099	900	2	0.121639
lcl|NC_037653.1_ncrna_XR_001706004.2_27590	445	246	2	0.445021
lcl|NC_037653.1_ncrna_XR_003306228.1_27591	348	149	2	0.734732
lcl|NC_037653.1_ncrna_XR_003306329.1_27592	1532	1333	0	0
lcl|NC_037653.1_ncrna_XR_003306330.1_27593	1332	1133	4	0.193248
lcl|NC_037653.1_ncrna_XR_003306331.1_27594	876	677	0	0
lcl|NC_037653.1_mrna_XM_395421.7_27595	1413	1214	217	9.78422
lcl|NC_037653.1_mrna_XM_026445782.1_27596	9678	9479	213	1.22999
lcl|NC_037653.1_mrna_XM_026445731.1_27597	6226	6027	0.00841727	7.64461e-05
lcl|NC_037653.1_mrna_XM_006559389.3_27598	6247	6048	335.368	3.03525
lcl|NC_037653.1_mrna_XM_006559391.3_27599	6091	5892	103.277	0.959459
lcl|NC_037653.1_ncrna_XR_001705935.1_27600	422	223	32	7.85471
lcl|NC_037653.1_ncrna_XR_003306222.1_27601	849	650	74.347	6.26088
lcl|NC_037653.1_mrna_XM_003249434.4_27602	778	579	184	17.395
lcl|NC_037653.1_miscrna_XR_408347.3_27603	2655	2456	0	0
lcl|NC_037653.1_mrna_XM_006559385.3_27604	2995	2796	0	0
lcl|NC_037653.1_mrna_XM_624374.4_27605	3017	2818	80.7241	1.56801
lcl|NC_037653.1_miscrna_XR_408346.3_27606	2437	2238	46.2759	1.13183
lcl|NC_037653.1_mrna_XM_016916914.2_27607	1850	1651	70.4402	2.33539
lcl|NC_037653.1_mrna_XM_026445842.1_27608	1847	1648	37.5598	1.24753
lcl|NC_037653.1_mrna_XM_026445896.1_27609	10702	10503	956	4.9823
lcl|NC_037653.1_mrna_XM_026445897.1_27610	10859	10660	7.05233e-06	3.62127e-08
lcl|NC_037653.1_mrna_XM_026445900.1_27611	2603	2404	602.373	13.7156
lcl|NC_037653.1_mrna_XM_026445902.1_27612	2478	2279	1.11898	0.0268759
lcl|NC_037653.1_mrna_XM_016917043.1_27613	2854	2655	1289.51	26.5855
lcl|NC_037653.1_mrna_XM_026445898.1_27614	2863	2664	0	0
lcl|NC_037653.1_mrna_XM_026445901.1_27615	2614	2415	4.81275e-08	1.09084e-09
lcl|NC_037653.1_mrna_XM_397241.7_27616	4228	4029	3366	45.7301
lcl|NC_037653.1_mrna_XM_397213.6_27617	1455	1256	1172	51.0768
lcl|NC_037653.1_mrna_XM_006559376.3_27618	2377	2178	574.567	14.44
lcl|NC_037653.1_mrna_XM_016916986.2_27619	2493	2294	1539.1	36.7246
lcl|NC_037653.1_mrna_XM_026445714.1_27620	1966	1767	512.337	15.871
lcl|NC_037653.1_mrna_XM_003249431.4_27621	1600	1401	320	12.5025
lcl|NC_037653.1_mrna_XM_026445716.1_27622	1169	970	68	3.83727
lcl|NC_037653.1_mrna_XM_026445713.1_27623	10783	10584	143.64	0.742865
lcl|NC_037653.1_mrna_XM_006559382.3_27624	10798	10599	0	0
lcl|NC_037653.1_mrna_XM_006559381.3_27625	10790	10591	62.3603	0.322297
lcl|NC_037653.1_mrna_XM_001121716.5_27626	6730	6531	1054.66	8.83929
lcl|NC_037653.1_mrna_XM_006559384.3_27627	6176	5977	491.342	4.49972
lcl|NC_037653.1_ncrna_XR_001705908.2_27628	1715	1516	4	0.144426
lcl|NC_037653.1_mrna_XM_006559383.2_27629	4081	3882	576.534	8.12933
lcl|NC_037653.1_mrna_XM_026445715.1_27630	3980	3781	325.484	4.71204
lcl|NC_037653.1_ncrna_XR_408344.3_27631	1655	1456	6	0.225567
lcl|NC_037653.1_mrna_XM_623435.5_27632	1939	1740	3186	100.226
lcl|NC_037653.1_mrna_XM_393021.7_27633	2192	1993	966	26.5311
lcl|NC_037653.1_ncrna_XR_408337.3_27634	1591	1392	5	0.196615
lcl|NC_037653.1_mrna_XM_624158.6_27635	1608	1409	3341	129.793
lcl|NC_037653.1_mrna_XM_006559374.2_27636	2942	2743	4388.51	87.5742
lcl|NC_037653.1_mrna_XM_006559373.3_27637	3010	2811	1526.49	29.7248
lcl|NC_037653.1_mrna_XM_395550.7_27638	2057	1858	170.191	5.0139
lcl|NC_037653.1_mrna_XM_026445927.1_27639	2143	1944	359.809	10.1312
lcl|NC_037653.1_mrna_XM_392102.7_27640	2070	1871	595.205	17.4132
lcl|NC_037653.1_mrna_XM_392103.6_27641	1643	1444	80.7949	3.06268
lcl|NC_037653.1_mrna_XM_392104.6_27642	1943	1744	8863	278.176
lcl|NC_037653.1_mrna_NM_001163463.1_27643	453	254	797	171.755
lcl|NC_037653.1_ncrna_XR_001705992.2_27644	1659	1460	12.8087	0.480215
lcl|NC_037653.1_ncrna_XR_408335.3_27645	1617	1418	21.1913	0.818027
lcl|NC_037653.1_precursorrna_NR_039502.1_27646	138	6.07083	0	0
lcl|NC_037653.1_ncrna_27647	22	2.73612	0	0
lcl|NC_037653.1_ncrna_XR_003306232.1_27648	822	623	4	0.351445
lcl|NC_037653.1_ncrna_XR_003306267.1_27649	2588	2389	6.83222	0.156542
lcl|NC_037653.1_ncrna_XR_001705984.2_27650	2098	1899	0	0
lcl|NC_037653.1_ncrna_XR_003306269.1_27651	2118	1919	0	0
lcl|NC_037653.1_ncrna_XR_003306270.1_27652	2147	1948	0	0
lcl|NC_037653.1_ncrna_XR_003306266.1_27653	2171	1972	0	0
lcl|NC_037653.1_ncrna_XR_003306268.1_27654	1539	1340	2.16778	0.0885514
lcl|NC_037653.1_mrna_XM_016917125.2_27655	2354	2155	34.4813	0.875834
lcl|NC_037653.1_mrna_XM_006559367.3_27656	4982	4783	3.69718	0.0423112
lcl|NC_037653.1_mrna_XM_006559368.3_27657	4943	4744	181.065	2.08917
lcl|NC_037653.1_ncrna_XR_001706106.2_27658	2089	1890	6	0.17377
lcl|NC_037653.1_mrna_XM_026445787.1_27659	633	434	2.75529	0.347506
lcl|NC_037653.1_mrna_XM_026445786.1_27660	612	413	0	0
lcl|NC_037653.1_mrna_XM_026445785.1_27661	845	646	5.24471	0.4444
lcl|NC_037653.1_ncrna_XR_001706034.2_27662	2163	1964	0	0
lcl|NC_037653.1_ncrna_XR_003306276.1_27663	2065	1866	61	1.78938
lcl|NC_037653.1_ncrna_XR_003306277.1_27664	1744	1545	31	1.09829
lcl|NC_037653.1_ncrna_XR_408324.3_27665	1540	1341	44	1.79601
lcl|NC_037653.1_ncrna_XR_003306271.1_27666	1037	838	0	0
lcl|NC_037653.1_ncrna_XR_408323.2_27667	915	716	6	0.458694
lcl|NC_037653.1_ncrna_XR_001706093.2_27668	2425	2226	10	0.245901
lcl|NC_037653.1_ncrna_XR_408320.3_27669	930	731	6.60089	0.494277
lcl|NC_037653.1_ncrna_XR_001706096.2_27670	503	304	2.39911	0.431979
lcl|NC_037653.1_ncrna_XR_003306278.1_27671	938	739	5	0.370349
lcl|NC_037653.1_ncrna_XR_001706016.2_27672	6223	6024	66.4788	0.604064
lcl|NC_037653.1_ncrna_XR_003306274.1_27673	4791	4592	0	0
lcl|NC_037653.1_ncrna_XR_003306275.1_27674	2992	2793	0	0
lcl|NC_037653.1_ncrna_XR_003306272.1_27675	2679	2480	11.6294	0.25668
lcl|NC_037653.1_ncrna_XR_003306273.1_27676	4240	4041	4.89179	0.066262
lcl|NC_037653.1_precursorrna_NR_031531.1_27677	85	3.83091	0	0
lcl|NC_037653.1_ncrna_27678	22	2.73612	0	0
lcl|NC_037653.1_ncrna_XR_001706095.2_27679	2146	1947	54.022	1.51876
lcl|NC_037653.1_ncrna_XR_001706094.2_27680	2237	2038	111.978	3.00756
lcl|NC_037653.1_ncrna_XR_001706092.2_27681	885	686	42	3.35128
lcl|NC_037653.1_ncrna_XR_003306279.1_27682	936	737	1	0.0742707
lcl|NC_037653.1_mrna_XM_016917154.2_27683	7834	7635	1.39876	0.0100281
lcl|NC_037653.1_mrna_XM_394120.7_27684	7804	7605	201.159	1.44786
lcl|NC_037653.1_miscrna_XR_001706040.2_27685	3265	3066	2	0.0357062
lcl|NC_037653.1_precursorrna_NR_127304.1_27686	80	3.70659	0	0
lcl|NC_037653.1_ncrna_27687	19	2.70091	0	0
lcl|NC_037653.1_ncrna_27688	19	2.70091	0	0
lcl|NC_037653.1_mrna_XM_016916906.2_27689	5806	5607	0	0
lcl|NC_037653.1_mrna_XM_026445701.1_27690	8998	8799	0.00300645	1.87027e-05
lcl|NC_037653.1_mrna_XM_026445702.1_27691	8951	8752	181.653	1.13611
lcl|NC_037653.1_mrna_NM_001168700.1_27692	993	794	11.5198	0.794162
lcl|NC_037653.1_ncrna_XR_003306258.1_27693	5995	5796	24	0.226656
lcl|NC_037653.1_ncrna_XR_003306259.1_27694	4005	3806	0	0
lcl|NC_037653.1_ncrna_XR_003306257.1_27695	4158	3959	0	0
lcl|NC_037653.1_mrna_XM_016916895.2_27696	9091	8892	0.0328419	0.000202169
lcl|NC_037653.1_mrna_XM_016916899.2_27697	9037	8838	71.6135	0.443534
lcl|NC_037653.1_ncrna_XR_408310.3_27698	2387	2188	3	0.0750515
lcl|NC_037653.1_mrna_XM_026445698.1_27699	7804	7605	53.0445	0.381792
lcl|NC_037653.1_ncrna_XR_408311.3_27700	2913	2714	2	0.0403372
lcl|NC_037653.1_ncrna_XR_003306260.1_27701	2957	2758	0	0
lcl|NC_037653.1_ncrna_XR_001706103.2_27702	3032	2833	0	0
lcl|NC_037653.1_mrna_XM_016916896.2_27703	8073	7874	0	0
lcl|NC_037653.1_mrna_XM_016916900.2_27704	8139	7940	0	0
lcl|NC_037653.1_mrna_XM_016916901.2_27705	7737	7538	160.181	1.16316
lcl|NC_037653.1_mrna_XM_016916893.2_27706	9460	9261	102.134	0.603666
lcl|NC_037653.1_mrna_XM_016916898.2_27707	8075	7876	0	0
lcl|NC_037653.1_mrna_NM_001011571.1_27708	2081	1882	0	0
lcl|NC_037653.1_ncrna_XR_003306253.1_27709	5355	5156	0	0
lcl|NC_037653.1_ncrna_XR_003306252.1_27710	5314	5115	7.60635e-08	8.13984e-10
lcl|NC_037653.1_ncrna_XR_003306256.1_27711	5253	5054	0.286221	0.00309993
lcl|NC_037653.1_ncrna_XR_003306251.1_27712	5362	5163	0	0
lcl|NC_037653.1_ncrna_XR_003306249.1_27713	5431	5232	0	0
lcl|NC_037653.1_ncrna_XR_003306255.1_27714	5318	5119	2.83621e-08	3.03276e-10
lcl|NC_037653.1_ncrna_XR_003306250.1_27715	5435	5236	0	0
lcl|NC_037653.1_ncrna_XR_003306254.1_27716	5244	5045	2.71378	0.0294441
lcl|NC_037653.1_ncrna_XR_408305.3_27717	3506	3307	8.00197	0.132449
lcl|NC_037653.1_mrna_XM_016917155.2_27718	991	792	0	0
lcl|NC_037653.1_mrna_XM_026445717.1_27719	5998	5799	22.261	0.210125
lcl|NC_037653.1_mrna_XM_623900.5_27720	4956	4757	46.739	0.537813
lcl|NC_037653.1_ncrna_XR_003306242.1_27721	991	792	49.0909	3.39282
lcl|NC_037653.1_ncrna_XR_003306240.1_27722	1157	958	0	0
lcl|NC_037653.1_ncrna_XR_003306243.1_27723	789	590	0	0
lcl|NC_037653.1_ncrna_XR_003306244.1_27724	749	550	6.49446	0.646347
lcl|NC_037653.1_ncrna_XR_003306239.1_27725	954	755	0	0
lcl|NC_037653.1_ncrna_XR_003306241.1_27726	913	714	17.4146	1.33506
lcl|NC_037653.1_miscrna_XR_003306235.1_27727	1818	1619	17.6519	0.596801
lcl|NC_037653.1_miscrna_XR_003306234.1_27728	1734	1535	0.00684415	0.00024406
lcl|NC_037653.1_miscrna_XR_003306237.1_27729	1648	1449	107.136	4.04716
lcl|NC_037653.1_miscrna_XR_003306236.1_27730	1378	1179	2.20093	0.102183
lcl|NC_037653.1_mrna_XM_026445767.1_27731	1093	894	0	0
lcl|NC_037653.1_mrna_XM_026445766.1_27732	1086	887	32.8415	2.02668
lcl|NC_037653.1_mrna_XM_026445765.1_27733	1077	878	0	0
lcl|NC_037653.1_miscrna_XR_003306238.1_27734	1319	1120	18.1633	0.887692
lcl|NC_037653.1_precursorrna_NR_034282.1_27735	100	4.26726	0	0
lcl|NC_037653.1_ncrna_27736	21	2.72438	0	0
lcl|NC_037653.1_ncrna_XR_003306245.1_27737	2937	2738	18	0.359852
lcl|NC_037653.1_mrna_XM_001120045.5_27738	6002	5803	11	0.103759
lcl|NC_037653.1_ncrna_XR_003306233.1_27739	863	664	0	0
lcl|NC_037653.1_ncrna_XR_003306325.1_27740	2774	2575	0	0
lcl|NC_037653.1_precursorrna_NR_034317.1_27741	89	3.93736	0	0
lcl|NC_037653.1_ncrna_27742	23	2.74792	0	0
lcl|NC_037653.1_mrna_XM_026445908.1_27743	1680	1481	3.08445	0.114001
lcl|NC_037653.1_mrna_XM_026445909.1_27744	3364	3165	20	0.345893
lcl|NC_037653.1_ncrna_XR_001705958.2_27745	2810	2611	15.7044	0.329231
lcl|NC_037653.1_ncrna_XR_003306210.1_27746	2858	2659	0	0
lcl|NC_037653.1_ncrna_XR_001705953.2_27747	1047	848	1.29644	0.0836841
lcl|NC_037653.1_ncrna_XR_001705952.2_27748	1300	1101	2.08135	0.103477
lcl|NC_037653.1_ncrna_XR_001705951.2_27749	1744	1545	0	0
lcl|NC_037653.1_mrna_XM_006559348.3_27750	2561	2362	618.086	14.3237
lcl|NC_037653.1_mrna_XM_001120278.5_27751	2558	2359	561.834	13.0366
lcl|NC_037653.1_ncrna_XR_003306204.1_27752	3112	2913	23.7303	0.44591
lcl|NC_037653.1_ncrna_XR_003306205.1_27753	2869	2670	0	0
lcl|NC_037653.1_ncrna_XR_003306206.1_27754	2784	2585	44.3744	0.939631
lcl|NC_037653.1_ncrna_XR_003306201.1_27755	2907	2708	0	0
lcl|NC_037653.1_ncrna_XR_003306202.1_27756	2759	2560	0.0372749	0.000797005
lcl|NC_037653.1_ncrna_XR_003306208.1_27757	2894	2695	0.000104951	2.13163e-06
lcl|NC_037653.1_ncrna_XR_003306209.1_27758	2900	2701	6.34054e-06	1.28495e-07
lcl|NC_037653.1_ncrna_XR_003306203.1_27759	2886	2687	0.00447051	9.10698e-05
lcl|NC_037653.1_ncrna_XR_003306200.1_27760	2961	2762	0	0
lcl|NC_037653.1_ncrna_XR_003306207.1_27761	2968	2769	0	0
lcl|NC_037653.1_mrna_XM_003249455.4_27762	778	579	409	38.6661
lcl|NC_037653.1_mrna_XM_003249450.4_27763	824	625	78.1253	6.84222
lcl|NC_037653.1_mrna_XM_003249451.4_27764	816	617	444.875	39.4673
lcl|NC_037653.1_mrna_XM_623643.6_27765	1399	1200	291	13.2739
lcl|NC_037653.1_trna_27766	73	3.5471	0	0
lcl|NC_037653.1_mrna_NM_001011613.1_27767	679	480	3826	436.304
lcl|NC_037653.1_mrna_XM_001120583.5_27768	1337	1138	197	9.47566
lcl|NC_037653.1_mrna_XM_006561407.3_27769	4380	4181	141	1.84597
lcl|NC_037653.1_mrna_XM_016916948.2_27770	4523	4324	883.747	11.1874
lcl|NC_037653.1_mrna_XM_016916949.2_27771	2005	1806	935.706	28.36
lcl|NC_037653.1_mrna_XM_026445790.1_27772	2951	2752	0	0
lcl|NC_037653.1_mrna_XM_026445791.1_27773	2888	2689	30.3964	0.618752
lcl|NC_037653.1_ncrna_XR_003306285.1_27774	1811	1612	8.60362	0.292147
lcl|NC_037653.1_ncrna_XR_003306284.1_27775	1868	1669	0	0
lcl|NC_037653.1_ncrna_XR_003306283.1_27776	1598	1399	3.40389	0.133181
lcl|NC_037653.1_ncrna_XR_003306282.1_27777	1187	988	3.59611	0.199233
lcl|NC_037653.1_mrna_XM_006561411.3_27778	2457	2258	3.45612	0.083782
lcl|NC_037653.1_ncrna_XR_003306288.1_27779	542	343	0	0
lcl|NC_037653.1_ncrna_XR_003306289.1_27780	497	298	2.54388	0.467267
lcl|NC_037653.1_miscrna_XR_003306281.1_27781	5420	5221	36.106	0.378539
lcl|NC_037653.1_miscrna_XR_001705880.2_27782	5422	5223	332.535	3.485
lcl|NC_037653.1_mrna_XM_016916945.2_27783	5143	4944	1135.36	12.5701
lcl|NC_037653.1_ncrna_XR_001705896.2_27784	799	600	2	0.182458
lcl|NC_037653.1_ncrna_XR_003306286.1_27785	3719	3520	8	0.124404
lcl|NC_037653.1_ncrna_XR_001705889.2_27786	571	372	0	0
lcl|NC_037653.1_ncrna_XR_003306287.1_27787	1012	813	7	0.471295
lcl|NC_037653.1_mrna_XM_006561404.3_27788	2439	2240	0	0
lcl|NC_037653.1_mrna_XM_006561405.3_27789	2325	2126	381	9.8095
lcl|NC_037653.1_mrna_XM_016916950.2_27790	707	508	391.526	42.1873
lcl|NC_037653.1_mrna_XM_006561398.3_27791	2919	2720	3862	77.7193
lcl|NC_037653.1_mrna_XM_396572.7_27792	998	799	16.4742	1.12861
lcl|NC_037653.1_mrna_NM_001135905.1_27793	488	289	221	41.8581
lcl|NC_037653.1_mrna_XM_624099.5_27794	1344	1145	1403.85	67.1123
lcl|NC_037653.1_mrna_XM_624074.6_27795	2962	2763	1706	33.7974
lcl|NC_037653.1_mrna_XM_396630.6_27796	1015	816	396	26.5638
lcl|NC_037653.1_mrna_XM_026445794.1_27797	3519	3320	169.022	2.7867
lcl|NC_037653.1_mrna_XM_026445793.1_27798	3223	3024	2.36717e-06	4.28482e-08
lcl|NC_037653.1_mrna_XM_026445798.1_27799	3021	2822	0	0
lcl|NC_037653.1_ncrna_XR_409094.3_27800	2982	2783	0	0
lcl|NC_037653.1_ncrna_XR_001705863.2_27801	2896	2697	17.833	0.361933
lcl|NC_037653.1_ncrna_XR_001705862.2_27802	2906	2707	0.167032	0.00337751
lcl|NC_037653.1_ncrna_XR_409099.3_27803	2112	1913	17	0.486429
lcl|NC_037653.1_ncrna_XR_003306311.1_27804	968	769	8	0.569441
lcl|NC_037653.1_ncrna_XR_003306310.1_27805	885	686	0	0
lcl|NC_037653.1_ncrna_XR_003306300.1_27806	8722	8523	126.115	0.809953
lcl|NC_037653.1_ncrna_XR_003306301.1_27807	8070	7871	34.9592	0.243118
lcl|NC_037653.1_ncrna_XR_001705842.2_27808	8081	7882	5.99978	0.0416662
lcl|NC_037653.1_ncrna_XR_003306298.1_27809	6086	5887	14.926	0.138782
lcl|NC_037653.1_ncrna_XR_003306299.1_27810	6053	5854	0	0
lcl|NC_037653.1_mrna_XM_026445796.1_27811	2712	2513	344.404	7.50173
lcl|NC_037653.1_ncrna_XR_003306309.1_27812	1532	1333	48	1.97104
lcl|NC_037653.1_ncrna_XR_003306307.1_27813	4314	4115	1.24279e-08	1.65316e-10
lcl|NC_037653.1_ncrna_XR_003306306.1_27814	4326	4127	0	0
lcl|NC_037653.1_ncrna_XR_003306305.1_27815	4243	4044	43	0.582026
lcl|NC_037653.1_ncrna_XR_003306304.1_27816	4320	4121	0	0
lcl|NC_037653.1_ncrna_XR_003306308.1_27817	2998	2799	10	0.195561
lcl|NC_037653.1_miscrna_XR_003306297.1_27818	3719	3520	0	0
lcl|NC_037653.1_miscrna_XR_001705822.2_27819	3473	3274	29.6552	0.495801
lcl|NC_037653.1_miscrna_XR_003306296.1_27820	3769	3570	0.0779172	0.00119468
lcl|NC_037653.1_miscrna_XR_003306293.1_27821	3632	3433	0	0
lcl|NC_037653.1_miscrna_XR_003306292.1_27822	3666	3467	0	0
lcl|NC_037653.1_miscrna_XR_003306295.1_27823	3553	3354	0	0
lcl|NC_037653.1_miscrna_XR_003306291.1_27824	3772	3573	0	0
lcl|NC_037653.1_mrna_XM_006561394.2_27825	1095	896	0	0
lcl|NC_037653.1_mrna_XM_006561396.3_27826	1742	1543	5.26686	0.186841
lcl|NC_037653.1_ncrna_XR_001705839.2_27827	1849	1650	7	0.23222
lcl|NC_037653.1_ncrna_XR_001705838.2_27828	1868	1669	3.71483e-06	1.21834e-07
lcl|NC_037653.1_ncrna_XR_409114.3_27829	1881	1682	0	0
lcl|NC_037653.1_mrna_XM_026445795.1_27830	2819	2620	18.5737	0.388045
lcl|NC_037653.1_mrna_XM_016916938.2_27831	1316	1117	44	2.15618
lcl|NC_037653.1_mrna_XM_016916939.2_27832	1435	1236	127	5.62433
lcl|NC_037653.1_ncrna_XR_001705833.2_27833	1603	1404	6.36488	0.248146
lcl|NC_037653.1_ncrna_XR_003306303.1_27834	1088	889	20.473	1.26056
lcl|NC_037653.1_ncrna_XR_003306302.1_27835	2189	1990	23.4968	0.646311
lcl|NC_037653.1_mrna_XM_026445797.1_27836	2534	2335	0	0
lcl|NC_037653.1_mrna_XM_397291.7_27837	1723	1524	192.593	6.91738
lcl|NC_037653.1_mrna_XM_016916940.2_27838	1177	978	782.407	43.7904
lcl|NC_037653.1_mrna_XM_623899.6_27839	1178	979	1925	107.63
lcl|NC_037653.1_mrna_XM_026445710.1_27840	5187	4988	372	4.08227
lcl|NC_037653.1_ncrna_XR_003306198.1_27841	3299	3100	218	3.84929
lcl|NC_037653.1_mrna_XM_026445776.1_27842	933	734	39	2.9084
lcl|NC_037653.1_mrna_XM_006561384.3_27843	1239	1040	718.387	37.8103
lcl|NC_037653.1_mrna_XM_016916936.2_27844	1169	970	608.143	34.3178
lcl|NC_037653.1_mrna_XM_026445777.1_27845	1341	1142	369.471	17.7092
lcl|NC_037653.1_mrna_XM_001121123.5_27846	2691	2492	505	11.0925
lcl|NC_037653.1_mrna_XM_006561307.3_27847	3071	2872	250.192	4.76842
lcl|NC_037653.1_mrna_XM_006561308.3_27848	2796	2597	0	0
lcl|NC_037653.1_mrna_NM_001171169.1_27849	1520	1321	3530.79	146.303
lcl|NC_037653.1_mrna_NM_001040277.1_27850	2150	1951	51.249	1.43785
lcl|NC_037653.1_mrna_XM_006561309.3_27851	1657	1458	459.77	17.2611
lcl|NC_037653.1_mrna_XM_006561381.3_27852	2716	2517	201.751	4.3875
lcl|NC_037653.1_mrna_XM_026445780.1_27853	1097	898	10.2493	0.624745
lcl|NC_037653.1_mrna_XM_396063.7_27854	3263	3064	264.916	4.73266
lcl|NC_037653.1_mrna_XM_006561380.3_27855	3269	3070	223.084	3.97754
lcl|NC_037653.1_mrna_XM_026445706.1_27856	4883	4684	2923	34.1584
lcl|NC_037653.1_mrna_XM_026445910.1_27857	2964	2765	621	12.2937
lcl|NC_037653.1_mrna_XM_026445708.1_27858	6077	5878	625	5.82017
lcl|NC_037653.1_mrna_XM_006561377.3_27859	321	122	693	310.927
lcl|NC_037653.1_mrna_XM_623829.6_27860	1882	1683	3076	100.043
lcl|NC_037653.1_mrna_XM_026445722.1_27861	962	763	3505	251.448
lcl|NC_037653.1_mrna_XM_026445728.1_27862	1325	1126	177.065	8.60756
lcl|NC_037653.1_mrna_XM_026445724.1_27863	1411	1212	316.551	14.2964
lcl|NC_037653.1_mrna_XM_026445725.1_27864	1448	1249	124.121	5.4396
lcl|NC_037653.1_mrna_XM_026445723.1_27865	1533	1334	23.8009	0.976613
lcl|NC_037653.1_miscrna_XR_003306221.1_27866	1443	1244	35.8358	1.57682
lcl|NC_037653.1_miscrna_XR_003306220.1_27867	1491	1292	0	0
lcl|NC_037653.1_mrna_XM_026445726.1_27868	1462	1263	6.6355	0.287578
lcl|NC_037653.1_mrna_XM_026445727.1_27869	1438	1239	0	0
lcl|NC_037653.1_mrna_XM_016917057.2_27870	1549	1350	348.991	14.1503
lcl|NC_037653.1_mrna_XM_016917056.2_27871	1424	1225	0	0
lcl|NC_037653.1_mrna_XM_016917059.2_27872	1197	998	0	0
lcl|NC_037653.1_mrna_XM_026445748.1_27873	1469	1270	1899	81.8477
lcl|NC_037653.1_mrna_XM_026445749.1_27874	1288	1089	0	0
lcl|NC_037653.1_mrna_XM_006561366.3_27875	2776	2577	255.297	5.42272
lcl|NC_037653.1_mrna_XM_003249806.4_27876	2904	2705	1691.4	34.2267
lcl|NC_037653.1_mrna_XM_006561365.3_27877	2793	2594	0.30242	0.00638154
lcl|NC_037653.1_mrna_XM_003249804.4_27878	1202	1003	373.997	20.4105
lcl|NC_037653.1_mrna_XM_003249805.4_27879	1001	802	98.0029	6.68882
lcl|NC_037653.1_mrna_XM_623502.5_27880	663	464	857	101.099
lcl|NC_037653.1_mrna_XM_006561364.3_27881	970	771	63.9386	4.53935
lcl|NC_037653.1_mrna_XM_006561363.3_27882	1058	859	132.237	8.42648
lcl|NC_037653.1_mrna_XM_623546.6_27883	1060	861	321.824	20.4598
lcl|NC_037653.1_mrna_XM_026445833.1_27884	12642	12443	104.908	0.461495
lcl|NC_037653.1_mrna_XM_026445832.1_27885	12661	12462	9869.09	43.3486
lcl|NC_037653.1_mrna_XM_006561362.3_27886	2373	2174	0.0589445	0.00148412
lcl|NC_037653.1_mrna_XM_395818.6_27887	2411	2212	329.172	8.14559
lcl|NC_037653.1_mrna_XM_006561361.3_27888	2176	1977	161.82	4.48035
lcl|NC_037653.1_mrna_XM_006561360.3_27889	2286	2087	149.717	3.92675
lcl|NC_037653.1_mrna_XM_026445841.1_27890	2231	2032	19.6168	0.528433
lcl|NC_037653.1_mrna_XM_026445836.1_27891	1385	1186	282.567	13.0413
lcl|NC_037653.1_mrna_XM_016916976.2_27892	2161	1962	0	0
lcl|NC_037653.1_mrna_XM_006561356.3_27893	2341	2142	195.764	5.00263
lcl|NC_037653.1_mrna_XM_026445835.1_27894	2218	2019	0	0
lcl|NC_037653.1_mrna_XM_006561357.3_27895	2098	1899	18.4717	0.532436
lcl|NC_037653.1_mrna_XM_006561355.3_27896	2128	1929	0	0
lcl|NC_037653.1_mrna_XM_016916977.2_27897	1949	1750	259.868	8.12831
lcl|NC_037653.1_ncrna_XR_409090.3_27898	340	141	4.94482	1.91963
lcl|NC_037653.1_mrna_XM_026445837.1_27899	2629	2430	0	0
lcl|NC_037653.1_mrna_XM_026445839.1_27900	2564	2365	0	0
lcl|NC_037653.1_mrna_XM_026445838.1_27901	2563	2364	355.342	8.2278
lcl|NC_037653.1_mrna_XM_026445840.1_27902	2502	2303	71.6585	1.70317
lcl|NC_037653.1_mrna_XM_006561358.3_27903	2272	2073	11353.3	299.784
lcl|NC_037653.1_mrna_XM_016916975.2_27904	2308	2109	706.701	18.3419
lcl|NC_037653.1_mrna_XM_026445799.1_27905	18831	18632	15752.3	46.2775
lcl|NC_037653.1_mrna_XM_026445802.1_27906	17347	17148	4.5286	0.0144556
lcl|NC_037653.1_mrna_XM_026445811.1_27907	17230	17031	0	0
lcl|NC_037653.1_mrna_XM_026445804.1_27908	17338	17139	0	0
lcl|NC_037653.1_mrna_XM_026445816.1_27909	17125	16926	0	0
lcl|NC_037653.1_mrna_XM_026445806.1_27910	17326	17127	18.1	0.0578473
lcl|NC_037653.1_mrna_XM_026445808.1_27911	17269	17070	0	0
lcl|NC_037653.1_mrna_XM_026445814.1_27912	17221	17022	25.0553	0.0805702
lcl|NC_037653.1_mrna_XM_026445801.1_27913	17353	17154	113.158	0.361082
lcl|NC_037653.1_mrna_XM_026445809.1_27914	17262	17063	0	0
lcl|NC_037653.1_mrna_XM_026445800.1_27915	17367	17168	0	0
lcl|NC_037653.1_mrna_XM_026445818.1_27916	17013	16814	0	0
lcl|NC_037653.1_mrna_XM_026445817.1_27917	17118	16919	0	0
lcl|NC_037653.1_mrna_XM_026445812.1_27918	17222	17023	0	0
lcl|NC_037653.1_mrna_XM_026445815.1_27919	17186	16987	0	0
lcl|NC_037653.1_mrna_XM_026445819.1_27920	17006	16807	349.68	1.13885
lcl|NC_037653.1_mrna_XM_026445820.1_27921	16973	16774	0	0
lcl|NC_037653.1_mrna_XM_026445810.1_27922	17254	17055	0	0
lcl|NC_037653.1_mrna_XM_026445813.1_27923	17218	17019	0	0
lcl|NC_037653.1_mrna_XM_026445823.1_27924	12343	12144	0	0
lcl|NC_037653.1_mrna_XM_026445824.1_27925	12283	12084	0	0
lcl|NC_037653.1_mrna_XM_026445825.1_27926	12231	12032	0	0
lcl|NC_037653.1_mrna_XM_026445828.1_27927	12171	11972	0	0
lcl|NC_037653.1_mrna_XM_026445829.1_27928	12138	11939	0	0
lcl|NC_037653.1_mrna_XM_026445826.1_27929	12224	12025	926.822	4.21887
lcl|NC_037653.1_mrna_XM_026445827.1_27930	12191	11992	0	0
lcl|NC_037653.1_mrna_XM_026445830.1_27931	12131	11932	0	0
lcl|NC_037653.1_mrna_XM_026445831.1_27932	12095	11896	674.488	3.10355
lcl|NC_037653.1_ncrna_XR_003306312.1_27933	805	606	4	0.361304
lcl|NC_037653.1_mrna_XM_026445805.1_27934	17365	17166	1418.46	4.52307
lcl|NC_037653.1_mrna_XM_026445803.1_27935	17076	16877	60.5248	0.196301
lcl|NC_037653.1_ncrna_XR_001705898.2_27936	340	141	17	6.59956
lcl|NC_037653.1_mrna_XM_026445821.1_27937	16867	16668	18.0907	0.0594095
lcl|NC_037653.1_mrna_XM_026445807.1_27938	17015	16816	13.5108	0.0439788
lcl|NC_037653.1_mrna_XM_026445822.1_27939	16551	16352	0	0
lcl|NC_037653.1_mrna_XM_016916972.2_27940	2538	2339	5271.61	123.367
lcl|NC_037653.1_mrna_XM_016916973.2_27941	1490	1291	4447.68	188.579
lcl|NC_037653.1_mrna_XM_026445834.1_27942	6110	5911	1676	15.5202
lcl|NC_037653.1_mrna_XM_623478.6_27943	980	781	24	1.68208
lcl|NC_037653.1_ncrna_XR_003306224.1_27944	1487	1288	21	0.89246
lcl|NC_037653.1_ncrna_XR_003306223.1_27945	1532	1333	0	0
lcl|NC_037653.1_mrna_XM_026445737.1_27946	4684	4485	362	4.41806
lcl|NC_037653.1_ncrna_XR_003306227.1_27947	2594	2395	1	0.0228549
lcl|NC_037653.1_ncrna_XR_003306226.1_27948	2642	2443	0	0
lcl|NC_037653.1_ncrna_XR_003306225.1_27949	2833	2634	0	0
lcl|NC_037653.1_mrna_NM_001011638.1_27950	584	385	0	0
lcl|NC_037653.1_mrna_XM_393381.7_27951	1701	1502	13632	496.792
lcl|NC_037653.1_mrna_XM_006561339.3_27952	5134	4935	1247	13.8314
lcl|NC_037653.1_mrna_XM_006561330.3_27953	3970	3771	238.269	3.45857
lcl|NC_037653.1_mrna_XM_006561334.3_27954	4004	3805	439.11	6.3169
lcl|NC_037653.1_mrna_XM_006561329.3_27955	4028	3829	0	0
lcl|NC_037653.1_mrna_XM_006561331.3_27956	4021	3822	765.979	10.9701
lcl|NC_037653.1_mrna_XM_006561332.3_27957	4018	3819	3381.72	48.4701
lcl|NC_037653.1_mrna_XM_006561333.3_27958	4536	4337	4077.11	51.4575
lcl|NC_037653.1_mrna_XM_016917049.2_27959	3261	3062	20.1583	0.360359
lcl|NC_037653.1_mrna_XM_006561338.3_27960	3202	3003	0	0
lcl|NC_037653.1_mrna_XM_006561337.3_27961	3292	3093	15.004	0.265529
lcl|NC_037653.1_mrna_XM_016917048.2_27962	3292	3093	30.0079	0.531057
lcl|NC_037653.1_mrna_XM_006561336.3_27963	3301	3102	0	0
lcl|NC_037653.1_mrna_XM_006561335.3_27964	3493	3294	205.637	3.41714
lcl|NC_037653.1_ncrna_XR_003306280.1_27965	1361	1162	101	4.75774
lcl|NC_037653.1_ncrna_XR_120007.4_27966	5640	5441	5337.76	53.6989
lcl|NC_037653.1_mrna_XM_006561415.2_27967	477	278	92	18.1146
lcl|NC_037653.1_mrna_XM_624940.6_27968	718	519	7265	766.22
lcl|NC_037653.1_mrna_XM_026445789.1_27969	1995	1796	674	20.5418
lcl|NC_037653.1_mrna_XM_026445846.1_27970	1627	1428	60	2.2999
lcl|NC_037653.1_mrna_XM_006561326.3_27971	532	333	30.5077	5.01476
lcl|NC_037653.1_mrna_XM_624972.5_27972	597	398	24.4923	3.36846
lcl|NC_037653.1_mrna_XM_624984.5_27973	586	387	1941	274.536
lcl|NC_037653.1_mrna_XM_006561325.3_27974	1209	1010	284.872	15.4388
lcl|NC_037653.1_mrna_XM_016917147.2_27975	1131	932	202.128	11.8712
lcl|NC_037653.1_mrna_XM_026445721.1_27976	1116	917	9	0.537228
lcl|NC_037653.1_mrna_XM_624664.5_27977	1504	1305	992	41.6089
lcl|NC_037653.1_mrna_XM_026445844.1_27978	2266	2067	95.4347	2.52727
lcl|NC_037653.1_mrna_XM_026445845.1_27979	2278	2079	34.5653	0.910063
lcl|NC_037653.1_mrna_XM_006561323.3_27980	7212	7013	789	6.15827
lcl|NC_037653.1_mrna_XM_026445768.1_27981	2890	2691	57.8367	1.17645
lcl|NC_037653.1_mrna_XM_026445769.1_27982	2570	2371	416.477	9.61491
lcl|NC_037653.1_mrna_XM_026445770.1_27983	2232	2033	33.8833	0.912292
lcl|NC_037653.1_mrna_XM_026445771.1_27984	2052	1853	390.803	11.5443
lcl|NC_037653.1_ncrna_XR_409074.3_27985	577	378	87	12.5983
lcl|NC_037653.1_mrna_XM_395810.7_27986	704	505	770	83.4612
lcl|NC_037653.1_mrna_XM_026445911.1_27987	1386	1187	3	0.138343
lcl|NC_037653.1_mrna_XM_001122030.4_27988	683	484	230	26.0116
lcl|NC_037653.1_mrna_XM_624389.6_27989	898	699	606.898	47.5252
lcl|NC_037653.1_mrna_XM_006561322.3_27990	885	686	913.604	72.8986
lcl|NC_037653.1_mrna_XM_026445740.1_27991	1016	817	170.498	11.4231
lcl|NC_037653.1_mrna_XM_395282.7_27992	1723	1524	651.357	23.3948
lcl|NC_037653.1_mrna_XM_006561315.3_27993	1716	1517	19.6426	0.708758
lcl|NC_037653.1_mrna_XM_395283.7_27994	1843	1644	454.83	15.1437
lcl|NC_037653.1_mrna_XM_006561317.3_27995	1490	1291	968.17	41.0498
lcl|NC_037653.1_mrna_XM_026445843.1_27996	3263	3064	323	5.77031
lcl|NC_037653.1_ncrna_XR_003306315.1_27997	2928	2729	16.5445	0.331845
lcl|NC_037653.1_precursorrna_NR_034280.1_27998	83	3.78007	0	0
lcl|NC_037653.1_ncrna_27999	22	2.73612	0	0
lcl|NC_037653.1_ncrna_XR_001705994.2_28000	1884	1685	294.541	9.56822
lcl|NC_037653.1_ncrna_XR_001705918.2_28001	6188	5989	27.5441	0.251744
lcl|NC_037653.1_ncrna_XR_001705917.2_28002	4955	4756	3.4559	0.0397745
lcl|NC_037653.1_ncrna_XR_001705923.2_28003	7220	7021	19.1383	0.149207
lcl|NC_037653.1_ncrna_XR_003306313.1_28004	4440	4241	118.908	1.53471
lcl|NC_037653.1_ncrna_XR_003306314.1_28005	1636	1437	7.10427	0.270612
lcl|NC_037653.1_precursorrna_NR_031512.1_28006	89	3.93736	0	0
lcl|NC_037653.1_ncrna_28007	22	2.73612	0	0
lcl|NC_037653.1_mrna_XM_001122155.5_28008	2376	2177	376.05	9.45524
lcl|NC_037653.1_mrna_XM_006562373.3_28009	707	508	0	0
lcl|NC_037653.1_mrna_XM_001122172.5_28010	782	583	81	7.60504
lcl|NC_037653.1_mrna_XM_026445733.1_28011	2353	2154	867.288	22.0396
lcl|NC_037653.1_mrna_XM_397509.7_28012	2372	2173	2033.9	51.2337
lcl|NC_037653.1_miscrna_XR_003306337.1_28013	13399	13200	1.62108e-08	6.72225e-11
lcl|NC_037653.1_mrna_XM_026445886.1_28014	13375	13176	1.61146e-07	6.69454e-10
lcl|NC_037653.1_mrna_XM_026445889.1_28015	13285	13086	32.5625	0.136206
lcl|NC_037653.1_mrna_XM_026445888.1_28016	13360	13161	1.68288e-05	6.99921e-08
lcl|NC_037653.1_mrna_XM_026445890.1_28017	13270	13071	3340.03	13.9871
lcl|NC_037653.1_mrna_XM_026445891.1_28018	13096	12897	196.635	0.83456
lcl|NC_037653.1_mrna_XM_026445887.1_28019	7708	7509	8.72276	0.0635853
lcl|NC_037653.1_mrna_XM_016916954.2_28020	851	652	1	0.0839533
lcl|NC_037653.1_mrna_XM_006562370.3_28021	3631	3432	21	0.334933
lcl|NC_037653.1_mrna_NM_001040270.1_28022	509	310	4	0.706291
lcl|NC_037653.1_mrna_XM_003250037.4_28023	439	240	1656	377.689
lcl|NC_037653.1_mrna_XM_026445719.1_28024	1646	1447	202	7.64132
lcl|NC_037653.1_ncrna_XR_003306354.1_28025	165	8.64817	0	0
lcl|NC_037653.1_ncrna_XR_003306353.1_28026	162	8.26769	0	0
lcl|NC_037653.1_ncrna_XR_003306352.1_28027	162	8.26769	0	0
lcl|NC_037653.1_mrna_XM_006563192.3_28028	932	733	11.0024	0.821614
lcl|NC_037653.1_mrna_XM_006563163.3_28029	2796	2597	223.033	4.70092
lcl|NC_037653.1_mrna_XM_016917077.2_28030	2801	2602	33.2796	0.700093
lcl|NC_037653.1_mrna_XM_006563165.3_28031	3304	3105	0	0
lcl|NC_037653.1_mrna_XM_006563169.3_28032	3280	3081	0	0
lcl|NC_037653.1_mrna_XM_006563164.3_28033	3307	3108	0	0
lcl|NC_037653.1_mrna_XM_006563167.3_28034	3283	3084	0	0
lcl|NC_037653.1_mrna_XM_006563171.3_28035	3259	3060	0	0
lcl|NC_037653.1_mrna_XM_016917079.2_28036	3235	3036	0	0
lcl|NC_037653.1_mrna_XM_006563166.3_28037	3304	3105	0	0
lcl|NC_037653.1_mrna_XM_396853.7_28038	3280	3081	0	0
lcl|NC_037653.1_mrna_XM_006563172.3_28039	3256	3057	0	0
lcl|NC_037653.1_mrna_XM_006563168.3_28040	3283	3084	0	0
lcl|NC_037653.1_mrna_XM_006563170.3_28041	3259	3060	0	0
lcl|NC_037653.1_mrna_XM_006563174.3_28042	3235	3036	0	0
lcl|NC_037653.1_mrna_XM_016917080.2_28043	3211	3012	0	0
lcl|NC_037653.1_mrna_XM_006563173.3_28044	3250	3051	0	0
lcl|NC_037653.1_mrna_XM_026445936.1_28045	3226	3027	0	0
lcl|NC_037653.1_mrna_XM_006563181.3_28046	3202	3003	0	0
lcl|NC_037653.1_mrna_XM_006563175.3_28047	3229	3030	163.298	2.95001
lcl|NC_037653.1_mrna_XM_006563178.3_28048	3205	3006	452.835	8.24587
lcl|NC_037653.1_mrna_XM_006563183.3_28049	3181	2982	119.317	2.19017
lcl|NC_037653.1_mrna_XM_016917081.2_28050	3157	2958	0	0
lcl|NC_037653.1_mrna_XM_006563176.3_28051	3226	3027	0.000492155	8.89968e-06
lcl|NC_037653.1_mrna_XM_006563180.3_28052	3202	3003	0.00126296	2.30208e-05
lcl|NC_037653.1_mrna_XM_006563185.3_28053	3178	2979	131.523	2.41667
lcl|NC_037653.1_mrna_XM_006563179.3_28054	3205	3006	214.276	3.90184
lcl|NC_037653.1_mrna_XM_006563184.3_28055	3181	2982	598.866	10.9928
lcl|NC_037653.1_mrna_XM_006563188.3_28056	3157	2958	189.013	3.49768
lcl|NC_037653.1_mrna_XM_016917082.2_28057	3133	2934	82.3763	1.53684
lcl|NC_037653.1_mrna_XM_006563182.3_28058	3190	2991	0	0
lcl|NC_037653.1_mrna_XM_006563187.3_28059	3166	2967	0	0
lcl|NC_037653.1_mrna_XM_006563190.3_28060	3142	2943	0	0
lcl|NC_037653.1_mrna_XM_006563186.3_28061	3169	2970	17.9444	0.330718
lcl|NC_037653.1_mrna_XM_006563189.3_28062	3145	2946	51.101	0.949472
lcl|NC_037653.1_mrna_XM_006563191.3_28063	3121	2922	72.1357	1.35131
lcl|NC_037653.1_mrna_XM_396852.6_28064	4166	3967	122	1.68338
lcl|NC_037653.1_mrna_XM_016917137.2_28065	2606	2407	324.036	7.36889
lcl|NC_037653.1_mrna_XM_396851.7_28066	3277	3078	155.964	2.77359
lcl|NC_037653.1_mrna_XM_026445847.1_28067	2588	2389	0	0
lcl|NC_037653.1_mrna_XM_006563158.3_28068	3604	3405	0.00372871	5.99414e-05
lcl|NC_037653.1_mrna_XM_394134.5_28069	3586	3387	2.99627	0.0484229
lcl|NC_037653.1_mrna_XM_006563155.3_28070	1591	1392	9.60033	0.377513
lcl|NC_037653.1_mrna_XM_006563157.3_28071	2677	2478	438.4	9.68399
lcl|NC_037653.1_mrna_XM_006563154.3_28072	6490	6291	0.0348266	0.000303024
lcl|NC_037653.1_mrna_XM_006563153.3_28073	6544	6345	208.965	1.80272
lcl|NC_037653.1_ncrna_XR_120113.4_28074	2892	2693	333	6.76851
lcl|NC_037653.1_trna_28075	73	3.5471	0	0
lcl|NC_037653.1_mrna_XM_016917013.2_28076	6117	5918	1249.64	11.5584
lcl|NC_037653.1_mrna_XM_016917014.2_28077	6054	5855	132.379	1.2376
lcl|NC_037653.1_mrna_XM_006563151.3_28078	9063	8864	2113.93	13.0541
lcl|NC_037653.1_mrna_XM_006563152.3_28079	6299	6100	4.43756	0.0398198
lcl|NC_037653.1_mrna_XM_026445858.1_28080	3710	3511	233.53	3.6408
lcl|NC_037653.1_mrna_XM_026445857.1_28081	3669	3470	1292.39	20.3868
lcl|NC_037653.1_mrna_XM_006563149.3_28082	3627	3428	27.4758	0.438728
lcl|NC_037653.1_mrna_XM_016917012.1_28083	3889	3690	49.9257	0.7406
lcl|NC_037653.1_mrna_XM_006563147.3_28084	4534	4335	129.041	1.62938
lcl|NC_037653.1_mrna_XM_016917011.1_28085	3572	3373	6.64168	0.107782
lcl|NC_037653.1_mrna_XM_006563143.2_28086	754	555	0	0
lcl|NC_037653.1_mrna_XM_006563144.3_28087	706	507	438	47.2881
lcl|NC_037653.1_mrna_XM_006563199.3_28088	1068	869	100	6.29891
lcl|NC_037653.1_mrna_XM_003250175.4_28089	832	633	140	12.1062
lcl|NC_037653.1_mrna_XM_026445762.1_28090	1909	1710	1301.78	41.6704
lcl|NC_037653.1_mrna_XM_026445761.1_28091	1755	1556	5483.22	192.891
lcl|NC_037653.1_mrna_XM_392108.7_28092	2301	2102	711.292	18.5225
lcl|NC_037653.1_mrna_XM_006563140.3_28093	2024	1825	0	0
lcl|NC_037653.1_mrna_XM_026445851.1_28094	2365	2166	753.708	19.0471
lcl|NC_037653.1_mrna_XM_016917023.2_28095	3080	2881	476.307	9.04958
lcl|NC_037653.1_mrna_XM_016917024.2_28096	2943	2744	556.989	11.1109
lcl|NC_037653.1_mrna_XM_006563137.3_28097	2289	2090	597.038	15.6366
lcl|NC_037653.1_mrna_XM_006563138.3_28098	4251	4052	160.008	2.16151
lcl|NC_037653.1_mrna_XM_392107.7_28099	5381	5182	302.539	3.19572
lcl|NC_037653.1_mrna_XM_006563139.3_28100	4327	4128	999.544	13.254
lcl|NC_037653.1_mrna_XM_016917022.2_28101	4105	3906	1364.91	19.1275
lcl|NC_037653.1_mrna_XM_026445853.1_28102	3168	2969	17.415	0.321069
lcl|NC_037653.1_mrna_XM_026445852.1_28103	4619	4420	0	0
lcl|NC_037653.1_mrna_XM_026445854.1_28104	4573	4374	0	0
lcl|NC_037653.1_mrna_XM_006563198.3_28105	4609	4410	0	0
lcl|NC_037653.1_mrna_XM_026445855.1_28106	2998	2799	802.883	15.7013
lcl|NC_037653.1_mrna_XM_026445856.1_28107	2987	2788	1200.7	23.5737
lcl|NC_037653.1_trna_28108	74	3.56892	0	0
lcl|NC_037653.1_trna_28109	72	3.52559	0	0
lcl|NC_037653.1_mrna_XM_006563134.3_28110	2041	1842	6.53191	0.194105
lcl|NC_037653.1_ncrna_XR_003306355.1_28111	119	5.00576	0	0
lcl|NC_037653.1_trna_28112	74	3.56892	0	0
lcl|NC_037653.1_trna_28113	73	3.5471	0	0
lcl|NC_037653.1_trna_28114	72	3.52559	0	0
lcl|NC_037653.1_trna_28115	72	3.52559	0	0
lcl|NC_037653.1_mrna_XM_026445788.1_28116	1759	1560	234.468	8.22706
lcl|NC_037653.1_mrna_XM_006563135.3_28117	1867	1668	0	0
lcl|NC_037653.1_ncrna_XR_003306357.1_28118	121	5.0996	0	0
lcl|NC_037653.1_trna_28119	72	3.52559	0	0
lcl|NC_037653.1_mrna_XM_016917116.2_28120	1641	1442	2	0.0759189
lcl|NC_037653.1_mrna_XM_394115.7_28121	3866	3667	409	6.10517
lcl|NC_037653.1_mrna_XM_016916953.2_28122	1252	1053	0	0
lcl|NC_037653.1_mrna_XM_006563127.3_28123	5691	5492	190	1.89369
lcl|NC_037653.1_miscrna_XR_003306338.1_28124	4573	4374	21.8181	0.273038
lcl|NC_037653.1_mrna_XM_006563133.3_28125	4112	3913	0	0
lcl|NC_037653.1_mrna_XM_026445892.1_28126	8461	8262	66.8941	0.443188
lcl|NC_037653.1_mrna_XM_026445893.1_28127	4663	4464	17.0743	0.209365
lcl|NC_037653.1_mrna_XM_006563130.3_28128	4393	4194	8.25742	0.107771
lcl|NC_037653.1_miscrna_XR_001705905.2_28129	4528	4329	0	0
lcl|NC_037653.1_mrna_XM_016916985.2_28130	4517	4318	15.8334	0.200714
lcl|NC_037653.1_mrna_XM_026445895.1_28131	4156	3957	20.3495	0.281497
lcl|NC_037653.1_ncrna_XR_001705906.2_28132	1086	887	8.21422	0.506907
lcl|NC_037653.1_mrna_XM_001121079.5_28133	1665	1466	8.78578	0.328044
lcl|NC_037653.1_mrna_XM_392097.7_28134	6924	6725	5290	43.0575
lcl|NC_037653.1_mrna_XM_006563124.3_28135	6426	6227	5622.07	49.42
lcl|NC_037653.1_mrna_XM_016917003.2_28136	7970	7771	760.941	5.35993
lcl|NC_037653.1_mrna_XM_026445882.1_28137	8239	8040	734.582	5.00115
lcl|NC_037653.1_mrna_XM_026445885.1_28138	5392	5193	2.29903e-05	2.42333e-07
lcl|NC_037653.1_mrna_XM_016917005.2_28139	5468	5269	0	0
lcl|NC_037653.1_mrna_XM_016916999.2_28140	5761	5562	16.5286	0.162663
lcl|NC_037653.1_mrna_XM_016917000.2_28141	5699	5500	4.97787e-06	4.95411e-08
lcl|NC_037653.1_mrna_XM_016916997.2_28142	5775	5576	0	0
lcl|NC_037653.1_mrna_XM_016917008.2_28143	5367	5168	13.5748	0.143779
lcl|NC_037653.1_mrna_XM_006563116.3_28144	5658	5459	56.1438	0.562955
lcl|NC_037653.1_mrna_XM_006563113.3_28145	5734	5535	0	0
lcl|NC_037653.1_mrna_XM_016917006.2_28146	5153	4954	0.00223294	2.46722e-05
lcl|NC_037653.1_mrna_XM_006563123.3_28147	5133	4934	660.023	7.32226
lcl|NC_037653.1_mrna_XM_016917004.2_28148	5763	5564	67.0688	0.659809
lcl|NC_037653.1_mrna_XM_016917001.2_28149	5556	5357	0	0
lcl|NC_037653.1_mrna_XM_026445883.1_28150	5313	5114	0	0
lcl|NC_037653.1_mrna_XM_026445756.1_28151	637	438	50.3323	6.2901
lcl|NC_037653.1_mrna_XM_016916996.2_28152	718	519	0	0
lcl|NC_037653.1_mrna_XM_016916994.2_28153	799	600	266.664	24.3275
lcl|NC_037653.1_mrna_XM_026445755.1_28154	751	552	0.00397227	0.000393899
lcl|NC_037653.1_mrna_XM_026445759.1_28155	645	446	403.819	49.5606
lcl|NC_037653.1_mrna_XM_026445758.1_28156	518	319	538.181	92.3471
lcl|NC_037653.1_mrna_XM_026445757.1_28157	574	375	0	0
lcl|NC_037653.1_mrna_XM_397056.7_28158	1716	1517	1931	69.6758
lcl|NC_037653.1_mrna_XM_016916993.2_28159	743	544	18.7586	1.8875
lcl|NC_037653.1_mrna_XM_006563103.3_28160	714	515	245.789	26.1241
lcl|NC_037653.1_mrna_XM_026445735.1_28161	3193	2994	0.0019071	3.48664e-05
lcl|NC_037653.1_mrna_XM_006563104.3_28162	3488	3289	425.497	7.08138
lcl|NC_037653.1_mrna_XM_006563105.3_28163	3473	3274	0.353751	0.00591432
lcl|NC_037653.1_mrna_XM_016916990.2_28164	3178	2979	1332.6	24.4858
lcl|NC_037653.1_mrna_XM_006563106.3_28165	943	744	194.087	14.2793
lcl|NC_037653.1_mrna_XM_006563109.3_28166	920	721	80.9134	6.14285
lcl|NC_037653.1_mrna_XM_016916991.2_28167	990	791	0	0
lcl|NC_037653.1_mrna_XM_006563102.3_28168	1883	1684	3	0.0975134
lcl|NC_037653.1_mrna_XM_006563101.3_28169	715	516	540	57.2835
lcl|NC_037653.1_mrna_XM_001120412.5_28170	883	684	1587	127.001
lcl|NC_037653.1_mrna_XM_006563100.3_28171	2666	2467	1149	25.4939
lcl|NC_037653.1_mrna_XM_026445720.1_28172	1431	1232	18	0.799737
lcl|NC_037653.1_mrna_XM_001121565.5_28173	2049	1850	3628	107.345
lcl|NC_037653.1_mrna_XM_016917117.2_28174	4451	4252	575	7.40218
lcl|NC_037653.1_mrna_XM_026445764.1_28175	2360	2161	1.12584e-05	2.85171e-07
lcl|NC_037653.1_mrna_XM_006563091.3_28176	2272	2073	86.0317	2.27167
lcl|NC_037653.1_mrna_XM_006563094.3_28177	2256	2057	478.287	12.7274
lcl|NC_037653.1_mrna_XM_006563092.3_28178	1972	1773	1300.63	40.1543
lcl|NC_037653.1_mrna_XM_006563093.3_28179	2024	1825	0	0
lcl|NC_037653.1_ncrna_XR_001705995.2_28180	351	152	29.8137	10.7364
lcl|NC_037653.1_mrna_XM_006563095.3_28181	1924	1725	2572.23	81.6219
lcl|NC_037653.1_mrna_NM_001011635.1_28182	1434	1235	132	5.85049
lcl|NC_037653.1_mrna_XM_006563089.3_28183	2867	2668	9.36317	0.192098
lcl|NC_037653.1_mrna_XM_006563088.3_28184	2869	2670	3.63683	0.0745584
lcl|NW_020555859.1_ncrna_XR_003306405.1_28185	619	420	34.1681	4.45305
lcl|NW_020555859.1_ncrna_XR_003306409.1_28186	624	425	0.0428639	0.00552063
lcl|NW_020555859.1_ncrna_XR_003306406.1_28187	653	454	0	0
lcl|NW_020555859.1_ncrna_XR_003306404.1_28188	730	531	4.89197	0.504283
lcl|NW_020555859.1_ncrna_XR_003306408.1_28189	496	297	0	0
lcl|NW_020555859.1_ncrna_XR_003306407.1_28190	566	367	17.0294	2.53992
lcl|NW_020555859.1_ncrna_XR_001706223.2_28191	569	370	0.00201552	0.000298174
lcl|NW_020555859.1_ncrna_XR_003306410.1_28192	946	747	89.5226	6.5599
lcl|NW_020555859.1_ncrna_XR_001706316.2_28193	2426	2227	58.8515	1.44651
lcl|NW_020555859.1_ncrna_XR_003306403.1_28194	1206	1007	343.022	18.6457
lcl|NW_020555859.1_ncrna_XR_001706166.2_28195	544	345	610.783	96.9066
lcl|NW_020555859.1_ncrna_XR_001706169.2_28196	546	347	206.786	32.6195
lcl|NW_020555859.1_ncrna_XR_001706167.2_28197	567	368	0	0
lcl|NW_020555859.1_ncrna_XR_001706165.2_28198	644	445	0	0
lcl|NW_020555859.1_ncrna_XR_001706168.2_28199	425	226	601.274	145.629
lcl|NW_020555859.1_ncrna_XR_001706170.2_28200	428	229	0.000236609	5.65562e-05
lcl|NW_020555859.1_trna_28201	72	3.52559	0	0
lcl|NW_020555859.1_mrna_XM_006571914.3_28202	1019	820	2	0.133506
lcl|NW_020555859.1_mrna_XM_026445958.1_28203	2117	1918	3.96243	0.113083
lcl|NW_020555859.1_mrna_XM_026445956.1_28204	1677	1478	64.6816	2.39547
lcl|NW_020555859.1_miscrna_XR_003306402.1_28205	1654	1455	20.1404	0.757689
lcl|NW_020555859.1_mrna_XM_016917294.2_28206	1468	1269	37.8659	1.63332
lcl|NW_020555859.1_mrna_XM_026445959.1_28207	1341	1142	0	0
lcl|NW_020555859.1_mrna_XM_026445960.1_28208	994	795	229.35	15.7912
lcl|NW_020555859.1_mrna_XM_026445955.1_28209	1389	1190	0	0
lcl|NW_020555859.1_mrna_XM_026445954.1_28210	10088	9889	3246	17.9672
lcl|NW_020555859.1_precursorrna_NR_039429.1_28211	137	6.00353	0	0
lcl|NW_020555859.1_ncrna_28212	23	2.74792	0	0
lcl|NW_020555859.1_precursorrna_NR_039535.1_28213	136	5.93769	0	0
lcl|NW_020555859.1_ncrna_28214	22	2.73612	0	0
lcl|NW_020555859.1_mrna_XM_001122855.5_28215	721	522	156	16.3583
lcl|NW_020555859.1_mrna_XM_006572056.3_28216	688	489	384	42.9841
lcl|NW_020555859.1_mrna_XM_026445976.1_28217	255	56.1701	0	0
lcl|NW_020555859.1_mrna_XM_026445965.1_28218	2613	2414	0	0
lcl|NW_020555859.1_mrna_XM_026445964.1_28219	2626	2427	227	5.11966
lcl|NW_020555859.1_mrna_XM_026445967.1_28220	2190	1991	0	0
lcl|NW_020555859.1_mrna_XM_026445977.1_28221	520	321	4	0.682088
lcl|NW_020555859.1_ncrna_XR_412310.3_28222	1383	1184	1	0.046231
lcl|NW_020555859.1_mrna_XM_026445978.1_28223	696	497	3	0.330408
lcl|NW_020555859.1_mrna_XM_026445973.1_28224	2151	1952	22	0.616919
lcl|NW_020555859.1_mrna_XM_026445969.1_28225	715	516	0	0
lcl|NW_020555859.1_mrna_XM_026445971.1_28226	690	491	271.035	30.2154
lcl|NW_020555859.1_mrna_XM_026445970.1_28227	682	483	19.7936	2.24317
lcl|NW_020555859.1_mrna_XM_026445972.1_28228	593	394	102.172	14.1945
lcl|NW_020555859.1_mrna_XM_393370.7_28229	1872	1673	3070	100.445
lcl|NW_020555859.1_mrna_XM_003251881.4_28230	1038	839	114.696	7.48291
lcl|NW_020555859.1_mrna_XM_006572306.3_28231	1047	848	415.952	26.8493
lcl|NW_020555859.1_mrna_XM_016917515.2_28232	3060	2861	546.694	10.4595
lcl|NW_020555859.1_mrna_XM_026445968.1_28233	3011	2812	82.1946	1.59998
lcl|NW_020555859.1_mrna_XM_016917516.2_28234	2986	2787	272.199	5.34607
lcl|NW_020555859.1_mrna_XM_016917518.2_28235	2798	2599	0.223469	0.00470648
lcl|NW_020555859.1_mrna_XM_016917517.2_28236	2974	2775	75.2258	1.48385
lcl|NW_020555859.1_mrna_XM_016917514.2_28237	2944	2745	558.816	11.1432
lcl|NW_020555859.1_mrna_XM_006572307.3_28238	5268	5069	0.00207611	2.24188e-05
lcl|NW_020555859.1_mrna_XM_003251882.4_28239	5271	5072	509.998	5.50395
lcl|NW_020555859.1_mrna_XM_006572311.3_28240	4091	3892	0	0
lcl|NW_020555859.1_mrna_XM_006572313.3_28241	3902	3703	1002.54	14.8195
lcl|NW_020555859.1_mrna_XM_006572312.3_28242	4065	3866	417.46	5.9107
lcl|NW_020555859.1_mrna_XM_006572310.3_28243	4369	4170	120.04	1.5757
lcl|NW_020555859.1_mrna_XM_392665.7_28244	3897	3698	177.222	2.62322
lcl|NW_020555859.1_mrna_XM_026445962.1_28245	2511	2312	81	1.91771
lcl|NW_020555859.1_miscrna_XR_003306411.1_28246	671	472	477.51	55.3765
lcl|NW_020555859.1_mrna_XM_026445963.1_28247	669	470	432.49	50.369
lcl|NW_020555859.1_mrna_XM_026445953.1_28248	1515	1316	0	0
lcl|NW_020555859.1_mrna_NM_001242579.1_28249	1701	1502	6144	223.906
lcl|NW_020555859.1_mrna_XM_026445979.1_28250	362	163	21	7.05208
lcl|NW_020555860.1_mrna_XM_026445982.1_28251	1014	815	0	0
lcl|NW_020555860.1_mrna_XM_026445981.1_28252	1347	1148	0.0792824	0.00378025
lcl|NW_020555860.1_mrna_XM_006571971.3_28253	1569	1370	100.201	4.00349
lcl|NW_020555860.1_mrna_XM_006571972.3_28254	1493	1294	14.7194	0.622645
lcl|NW_020555862.1_mrna_XM_026445984.1_28255	528	329	295.757	49.2067
lcl|NW_020555863.1_ncrna_XR_003306413.1_28256	1199	1000	0	0
lcl|NW_020555863.1_ncrna_XR_003306418.1_28257	1089	890	0	0
lcl|NW_020555863.1_ncrna_XR_003306415.1_28258	1088	889	0	0
lcl|NW_020555863.1_ncrna_XR_003306416.1_28259	1130	931	250.829	14.7473
lcl|NW_020555863.1_ncrna_XR_003306417.1_28260	1091	892	0	0
lcl|NW_020555863.1_ncrna_XR_003306412.1_28261	1210	1011	0	0
lcl|NW_020555863.1_ncrna_XR_003306414.1_28262	1207	1008	36.1015	1.96042
lcl|NW_020555863.1_ncrna_XR_003306419.1_28263	1103	904	78.9965	4.78327
lcl|NW_020555863.1_ncrna_XR_003306420.1_28264	1100	901	0	0
lcl|NW_020555863.1_ncrna_XR_003306423.1_28265	1274	1075	0	0
lcl|NW_020555863.1_ncrna_XR_003306424.1_28266	929	730	0	0
lcl|NW_020555863.1_ncrna_XR_003306421.1_28267	1162	963	0	0
lcl|NW_020555863.1_ncrna_XR_003306422.1_28268	1145	946	8.14323	0.471184
lcl|NW_020555864.1_ncrna_XR_003306427.1_28269	1502	1303	25.945	1.08992
lcl|NW_020555864.1_ncrna_XR_003306426.1_28270	1348	1149	0	0
lcl|NW_020555864.1_ncrna_XR_003306425.1_28271	1349	1150	0	0
lcl|NW_020555864.1_ncrna_XR_003306428.1_28272	1343	1144	0	0
lcl|NW_020555864.1_ncrna_XR_003306429.1_28273	1255	1056	0	0
lcl|NW_020555864.1_ncrna_XR_003306431.1_28274	1252	1053	0	0
lcl|NW_020555864.1_ncrna_XR_003306430.1_28275	1300	1101	0	0
lcl|NW_020555866.1_miscrna_XR_003306435.1_28276	1003	804	40.9427	2.78744
lcl|NW_020555866.1_miscrna_XR_003306433.1_28277	1108	909	0	0
lcl|NW_020555866.1_miscrna_XR_003306434.1_28278	1079	880	0	0
lcl|NW_020555866.1_mrna_XM_026445986.1_28279	1044	845	5.32081	0.344672
lcl|NW_020555866.1_miscrna_XR_003306432.1_28280	1570	1371	32.5335	1.29891
lcl|NW_020555867.1_mrna_XM_026445988.1_28281	478	279	1.00747	0.197657
lcl|NW_020555867.1_mrna_XM_026445987.1_28282	1114	915	53.3914	3.194
lcl|NW_020555868.1_mrna_XM_026445989.1_28283	715	516	1.11172	0.117931
lcl|NW_020555869.1_mrna_XM_026445991.1_28284	915	716	41.9635	3.20807
lcl|NW_020555869.1_mrna_XM_026445992.1_28285	432	233	2	0.46985
lcl|NW_020555869.1_ncrna_XR_412500.3_28286	1613	1414	19.0532	0.737571
lcl|NW_020555869.1_ncrna_XR_003306436.1_28287	1525	1326	28.4889	1.17603
lcl|NW_020555870.1_mrna_XM_026445994.1_28288	1116	917	2.03651	0.121563
lcl|NW_020555870.1_mrna_XM_026445993.1_28289	531	332	0	0
lcl|NW_020555870.1_ncrna_XR_412471.3_28290	1762	1563	130.678	4.57644
lcl|NW_020555870.1_ncrna_XR_412469.3_28291	1782	1583	190.78	6.59687
lcl|NW_020555870.1_ncrna_XR_412477.3_28292	1356	1157	1	0.0473099
lcl|NW_020555880.1_ncrna_XR_001706136.2_28293	614	415	8	1.05518
lcl|NW_020555880.1_rrna_XR_003306438.1_28294	1923	1724	68039.1	2160.26
lcl|NW_020555880.1_rrna_XR_003306437.1_28295	155	7.48819	0	0
lcl|NW_020555886.1_mrna_XM_026445995.1_28296	986	787	560.609	38.9915
lcl|NW_020555887.1_mrna_XM_026445996.1_28297	1686	1487	0	0
lcl|NW_020555889.1_mrna_XM_026445997.1_28298	429	230	0	0
lcl|NW_020555891.1_mrna_XM_026445998.1_28299	1754	1555	795	27.9848
lcl|NW_020555894.1_ncrna_XR_003306440.1_28300	1079	880	31.3953	1.95284
lcl|NW_020555894.1_ncrna_XR_003306444.1_28301	1256	1057	0	0
lcl|NW_020555894.1_ncrna_XR_003306439.1_28302	1259	1060	0	0
lcl|NW_020555894.1_ncrna_XR_003306443.1_28303	1363	1164	0	0
lcl|NW_020555894.1_ncrna_XR_003306442.1_28304	1366	1167	0	0
lcl|NW_020555894.1_ncrna_XR_003306441.1_28305	1129	930	0	0
lcl|NW_020555896.1_ncrna_XR_003306446.1_28306	618	419	18.2006	2.3777
lcl|NW_020555896.1_ncrna_XR_003306445.1_28307	702	503	0	0
lcl|NW_020555901.1_ncrna_XR_003306447.1_28308	513	314	11.5	2.00472
lcl|NW_020555901.1_ncrna_XR_003306448.1_28309	682	483	0	0
lcl|NW_020555902.1_rrna_XR_003306451.1_28310	4029	3830	318.028	4.54518
lcl|NW_020555902.1_rrna_XR_003306449.1_28311	155	7.48819	0	0
lcl|NW_020555902.1_rrna_XR_003306450.1_28312	1923	1724	68039.1	2160.26
lcl|NW_020555904.1_rrna_XR_003306453.1_28313	1923	1724	68039.1	2160.26
lcl|NW_020555904.1_rrna_XR_003306454.1_28314	4029	3830	566985	8103.24
lcl|NW_020555904.1_rrna_XR_003306452.1_28315	155	7.48819	0	0
lcl|NW_020555904.1_mrna_XM_026446000.1_28316	982	783	40111.6	2804.1
lcl|NW_020555907.1_ncrna_XR_003306458.1_28317	1436	1237	74.1396	3.28069
lcl|NW_020555907.1_ncrna_XR_003306457.1_28318	1452	1253	0.132249	0.00577731
lcl|NW_020555907.1_ncrna_XR_003306459.1_28319	1428	1229	0	0
lcl|NW_020555907.1_ncrna_XR_003306456.1_28320	1516	1317	11.3127	0.470181
lcl|NW_020555907.1_ncrna_XR_003306455.1_28321	1522	1323	0.0364998	0.00151014
lcl|NW_020555907.1_ncrna_XR_003306460.1_28322	1235	1036	70.504	3.72511
lcl|NW_020555912.1_ncrna_XR_003306461.1_28323	495	296	0	0
lcl|NW_020555912.1_ncrna_XR_003306462.1_28324	573	374	0	0
lcl|NW_020555924.1_ncrna_XR_003306468.1_28325	504	305	182.286	32.7143
lcl|NW_020555924.1_ncrna_XR_003306463.1_28326	572	373	0	0
lcl|NW_020555924.1_ncrna_XR_003306465.1_28327	483	284	0	0
lcl|NW_020555924.1_ncrna_XR_003306466.1_28328	524	325	0	0
lcl|NW_020555924.1_ncrna_XR_003306467.1_28329	485	286	0	0
lcl|NW_020555924.1_ncrna_XR_003306464.1_28330	604	405	0	0
lcl|NW_020555938.1_rrna_XR_003306469.1_28331	3962	3763	201.528	2.93147
lcl|NC_001566.1_trna_28332	66	3.40257	0	0
lcl|NC_001566.1_trna_28333	63	3.34471	0	0
lcl|NC_001566.1_trna_28334	66	3.40257	0	0
lcl|NC_001566.1_trna_28335	63	3.34471	0	0
lcl|NC_001566.1_trna_28336	70	3.48345	0	0
lcl|NC_001566.1_trna_28337	69	3.46281	0	0
lcl|NC_001566.1_trna_28338	69	3.46281	0	0
lcl|NC_001566.1_trna_28339	68	3.44246	0	0
lcl|NC_001566.1_trna_28340	72	3.52559	0	0
lcl|NC_001566.1_trna_28341	70	3.48345	0	0
lcl|NC_001566.1_trna_28342	69	3.46281	0	0
lcl|NC_001566.1_trna_28343	69	3.46281	0	0
lcl|NC_001566.1_trna_28344	66	3.40257	0	0
lcl|NC_001566.1_trna_28345	67	3.42238	0	0
lcl|NC_001566.1_trna_28346	69	3.46281	0	0
lcl|NC_001566.1_trna_28347	69	3.46281	0	0
lcl|NC_001566.1_trna_28348	68	3.44246	0	0
lcl|NC_001566.1_trna_28349	78	3.65937	0	0
lcl|NC_001566.1_trna_28350	68	3.44246	0	0
lcl|NC_001566.1_trna_28351	67	3.42238	0	0
lcl|NC_001566.1_trna_28352	71	3.50437	0	0
lcl|NC_001566.1_rrna_28353	1371	1172	254390	11881.1
lcl|NC_001566.1_trna_28354	70	3.48345	0	0
lcl|NC_001566.1_rrna_28355	786	587	1960	182.769
